10 12
15
      3497
      3871
      3296
      2715
      3129
      3416
      2776
      3091
      3374
      3297
      3190
      2966
      3508
      2719
      3111
  4.1  65.1 441.7   1.7
  2.3  47.7 164.1   2.4
  4.6  71.5 123.2   2.5
  4.4  15.2 391.9   2.3
  3.8  36.5 741.8   2.4
  1.9  45.9 758.1   1.7
  3.9  68.3 594.8   1.9
  2.1  42.9 430.4   2.4
  4.7  55.4 468.1   2.4
  3.3  36.3 337.0   2.1
  1.1  46.7 160.0   1.5
  2.3  23.1 531.7   1.5
  4.5  28.1 179.1   2.5
  1.9  34.8 488.3   1.6
  4.6  38.6 783.2   1.7
  3.9  50.0 581.1   2.1
  2.8  29.9 439.0   2.0
  4.0  49.2 394.2   2.1
  5.0  35.5 482.4   2.4
  4.5  62.3 353.6   2.2
  2.7  38.0 411.5   1.8
  3.7  30.2 597.9   1.9
  4.2  33.9 395.7   2.2
  1.9  74.0 292.4   2.1
  2.7  63.8 932.9   1.7
  2.9  74.3 311.3   1.6
  1.2  67.7 276.7   2.1
  4.5  64.4 341.9   2.3
  4.0  65.9 379.0   2.4
  2.8  56.3 781.8   2.2
  2.3  59.4 650.6   1.9
  1.7  33.3 732.4   1.9
  1.4  53.6 465.6   2.3
  2.0  20.7 314.3   1.8
  2.1  30.2 632.0   2.4
  3.3  73.5 369.4   2.3
  4.4  31.1  69.8   2.1
  3.0  55.5 167.5   2.2
  4.0  60.2 623.0   2.1
  1.1  22.2 667.8   2.2
  1.0  20.6 452.9   1.9
  4.2  52.0 204.9   1.7
  2.1  55.2 566.5   2.2
  4.5  28.7 929.8   2.3
  4.9  36.3 304.5   1.9
  3.3  23.3 154.3   1.8
  2.0  16.9 697.1   2.2
  2.8  70.1 899.2   2.1
  4.0  69.8 720.8   2.5
  1.9  24.9 106.8   1.5
  1.3  20.7 606.0   2.3
  4.6  46.6 699.0   1.9
  1.5  59.2 207.7   2.2
  2.7  26.3 706.9   1.7
  3.9  21.5 293.3   2.2
  5.0  33.9 419.5   2.2
  2.1  49.9 800.8   1.6
  4.0  28.2 877.2   2.3
  4.7  48.4 646.9   1.7
  2.2  41.5 727.1   2.0
  2.4  68.7 947.0   1.7
  2.2  46.1 914.9   2.1
  1.7  52.3 321.4   2.3
  3.7  48.3 405.7   2.5
  4.1  55.3  57.2   2.0
  2.7  25.8 196.0   1.6
  1.7  15.5 861.1   1.9
  1.3  31.7 464.6   1.6
  2.6  67.5 897.3   1.5
  3.8  29.6 217.1   1.6
  2.9  29.6 494.1   2.3
  2.3  49.3 678.3   2.0
  2.6  20.4 266.1   1.5
  4.3  49.8 122.2   1.6
  1.5  62.3 248.9   1.8
  2.5  52.5 484.8   2.3
  2.8  58.2 296.2   2.0
  2.1  65.2 299.8   1.9
  4.7  45.3 597.7   1.6
  1.9  15.2 285.6   1.9
  4.2  57.6 497.7   1.8
  4.1  29.5 256.8   1.8
  3.1  49.9 295.4   2.5
  4.0  49.9 361.4   1.6
  2.0  63.9 542.1   2.0
  4.5  61.3 231.3   2.0
  4.0  32.0 266.9   2.2
  1.5  32.6 324.0   1.5
  3.4  43.6 876.4   2.3
  2.9  31.4 744.4   2.5
  2.6  40.1 496.4   2.2
  1.8  36.6  54.0   2.1
  3.4  60.8 892.0   2.2
  3.1  26.2 116.9   2.5
  4.3  51.6 140.5   2.3
  1.9  73.4 881.8   1.6
  2.3  30.2 171.0   2.3
  3.2  25.5 378.9   1.7
  2.3  33.0 421.2   1.7
  4.0  65.0 621.1   1.5
  3.9  41.8 910.4   1.7
  3.0  17.7 898.4   2.4
  1.4  31.5 551.1   1.6
  3.1  55.0 857.5   1.7
  3.3  66.8 423.5   1.7
  4.3  27.3 817.5   2.0
  2.5  66.3 542.9   2.2
  4.0  38.4 136.9   1.8
  3.3  40.3 295.8   1.9
  4.8  18.4 293.7   2.4
  4.9  34.0 236.1   1.9
  2.6  69.3 309.7   2.2
  1.5  37.8 892.2   2.0
  3.6  30.6 823.7   1.6
  3.3  15.4 147.1   1.8
  4.3  38.4 862.2   1.8
  4.3  28.9 859.0   2.3
  3.6  22.1 591.7   1.6
  1.1  74.8 889.2   1.7
  1.7  19.6 385.7   2.4
  3.2  74.7 938.5   2.4
  1.5  47.7 386.9   1.8
  4.3  60.4 108.9   1.8
  3.3  65.9 947.6   2.1
  2.0  73.7  70.1   2.2
  4.1  30.9 214.7   1.8
  3.1  74.2 927.7   1.9
  4.0  69.7 384.5   2.4
  2.8  70.9 759.8   1.8
  4.8  25.3 134.2   1.5
  2.5  64.9 855.7   1.5
  2.6  39.2 416.7   2.2
  2.7  59.1 746.7   1.7
  2.5  15.0 284.1   2.4
  3.6  34.6 161.5   2.3
  2.0  29.7 426.6   2.0
  4.8  20.6 619.7   2.3
  1.2  16.4 298.8   2.0
  3.7  15.0 427.2   1.5
  4.1  30.5 524.1   2.1
  3.4  54.3  90.3   1.7
  4.0  63.2 777.2   2.1
  4.3  17.6 814.8   1.9
  2.0  53.9 233.7   2.0
  3.0  33.6 146.3   2.2
  2.8  51.7 867.6   2.1
  5.0  34.9 847.0   1.6
  3.0  18.3 677.1   2.4
  1.9  54.9 535.6   1.9
  4.2  25.8 589.1   1.9
  0.2   0.4   0.2   0.3   0.3   0.4   0.3   0.2   0.4   0.3   0.3   0.2   0.3   0.2   0.2   0.3   0.4   0.2   0.3   0.3   0.3   0.3   0.2   0.2   0.3   0.4   0.4   0.4   0.3   0.4   0.3   0.2   0.3   0.3   0.3   0.4   0.2   0.3   0.3   0.4   0.2   0.3   0.2   0.3   0.2   0.2   0.2   0.2   0.3   0.4   0.3   0.2   0.4   0.2   0.2   0.3   0.3   0.3   0.3   0.2   0.3   0.4   0.2   0.4   0.3   0.2   0.4   0.3   0.2   0.2   0.3   0.4   0.3   0.3   0.3   0.2   0.4   0.3   0.3   0.4   0.2   0.3   0.2   0.4   0.3   0.4   0.4   0.3   0.4   0.3   0.4   0.4   0.4   0.2   0.3   0.4   0.4   0.2   0.2   0.3   0.3   0.4   0.2   0.4   0.3   0.2   0.2   0.2   0.4   0.2   0.2   0.3   0.3   0.4   0.3   0.2   0.3   0.3   0.3   0.3   0.2   0.3   0.4   0.3   0.4   0.4   0.4   0.2   0.2   0.4   0.3   0.3   0.4   0.4   0.3   0.2   0.3   0.3   0.3   0.2   0.3   0.2   0.3   0.3   0.2   0.3   0.2   0.3   0.2   0.3 
   86   166   162    10   168    70    76   174   113    84     3     6   150    97    74    23   113   180    34   168    78     5     8    88    52    93   100   170     6    13    40    10   108   131    41     7    24   126    55   135   142    65   139   106   101   108    82    23   102   145   150   130   121    95    30   170   161   146    94   121   115    31    58    69    64     6    85   151    35    74    91   179    47   150   163    46   139   144    40    14    51    19    16    65   130    68    95   161   180    28   106    34     4   180    91    76    77    97    75   108    55    37   168    26     5   121    55    48     9    59   147   151   116   129    93    14   150    53    35    90    50   148   148    60    70   169    81   110   163   113    72    11    37   147   171   171   144   107    69   150    68    95   164    37   120    55    29    91   118   162 
   97   165   177    29   130    68    71    59   122    41   180    35   124    97   160   147   124   112   145   168   151    79   104   137    95   115   125    59   159    13   149   174   129    54    26    67    25   139    88    61    76    45    80   105    42   128   107   110    60   176    49    54   103   123   106    63    84   142   122   125   154   147    59    16   175    21   116    41    83    24    87    74   121   101     5    68   122   119    94    86   158   115     8    92   102   106   101    87    10   131   127   178    49    37    95   138     7     5   104   122   132    64     7     8    14    15   127    44    96    98    94   145   105   124    62    93    15    90    70    99    57    92    98   145   146   124    75     1    21     8    16    36   120   140    15    55   172   136   150    83   142    19    28   147     5    31   168   141     4   116 
   20    20   159   156   143   164    32    70    41    82   144   173   156   117   142   173    12     2    39    73    53     8    83   108    41   169    56    75   179    42    71   135   170    70    67    71    73    63    20    51   151   146    43    40   104   118    34   137    89   161   157   112   174    74   154    87   179     5    93    61    96   168   110   120    55   175    18   163   125    10   121    35   146   178   161    14   106    62   122    72    51    48   117    85   102   174   178   166     1    71    52    56   129   106    40   177     1    86   145    57   110    89    91    13   155   179   143   154   132    87   170    70   145    87   163   148    64    26    15   149    49    61     8   179   153    96   155    27    76   147    66    58    63     6    27     6   114    26   120   152   129     2    10    25    44    92    65    31   106   108 
  161   152   126   126   118    39    81   133    30   111   167   119   116   136    89   124     7   147   169    99   173    43    18    54    76    28    37   102   172    94    62    79   179     8   148    29   171    31    90   154    18   130   145    94   152     5   154   151   131   150   105   105    71   153    73   142    65    99    97    39   130    15   116   117    75    79    13    47    95    85   141   114    41   137    27   109    53    39    19    83    34    92    26    24    65   170   100    32     5    86   118   113   115    98    91   140   111   120    53   163    72   106    93    81   142    86    25   102   114    11   180    39    91    67   123   114    45    51    60   141   150    14    86   105   109    64   145   117   108   146   130   174     6   127    93    46    87    94    27    61   109   123    61    24    76    61    12    38   102    11 
  102   178   101    55   163    23   124    68   177   106    93    80   103   172    13    21    73   166   152   127   161   100    86   134   110    81    10    73   139   144   175   105   173    99    80     5   107   103    77    78    98    44   107   107   165   108   143   141    27   137   113    74    73    78   140   156   102   163    40    18    71   172    15   156   167   104    12    73    41    93   175   109   139    30    58    73    83   179    69    53     4   180   148    41   148    84   127    55    44   115    97   122   149    56   151    24   173    22   178    62    41    52   114    92   140    45    85    45    74   103   179    72    93   123   150    24    73    25   106    75    13   127    61    45    70    52   137   137    55    25    83    42    19   156     4     8    88     8    28    96   146   150    54   119   165     5    68    40     8    60 
    6    84    63    57    95   179     4    41    63    29    87   167   117    96    96    63   105    28   134    50    48    93   102    82    66    94    80    29    78    30    78   132   122   177     4    45    26   159    67     9    87    68    75    24    82    16    75   115    37    15    76    34   168    19    91   144   137   119   170    17   110    29    61     3    27   106   124   137   156    32    69   168   166   116    52   155    55    21   150   143    58    68   150    19    91    24    38   154   177    89    36   100   116   166    12    62    67   176   104   109    61   101   156   151    87    20    74    33   113   160   107    22   134    85   100    50    58   156   151    36   101    46    67   124    34    22   172    88   115    16   144    36    14   170    58    51   140     9    84   133   112    55   142   144   157   109   142   135    81    61 
  107   134    41    89    82    65    49    59     8   125    73   168    86    67   131    51   159   104   104    13    50   136   174    38   115   103    69    69   154   142   100   131    69   103   101   172   146   135   123    45   110   164   144   149    33   163   159   122   169   100    33    58    20    46    49    18   108     1    26   180    97    85    13     7   143    17    73    86    87    42    28    14    59    13   150    42    93   164    70    77    75     7     2    77   157   142   123   142    68    60   122    59   132    16    83    28   114    90    90   140    71   113   107   110   132   136    27   106   162    27    93   107     9    38   134    56    82   159    31    49    39   162   172   163    36   112   142   119    99    42    80    38    38    28    34    84    94   135    94    39    14    13   134   112    65   159   123    10   100    79 
   89    36   153    91   159    81   128    38     3   127    45    43   149   106     7    52   133   169    43   123   149   104   147    74   133    12    87   117    67    52    39   104   110    75   171    51    88    47    80   102    86     8    28    38   175     7    49    57   147    70   169   118   102    52   124   161   158   160   179    53   107   136    16    40   102    37   118   101    79    90    59    96   118    59   143   145   115   138   178    62   131   132    68   166    81    75   122    48    98    49   164    35    93   176    28    16    86   127    68    57    32    72   148    12    26    78    98   136    19   138     5    47    38     1    48    85    56    46   172   134     8   170    67   126    19   148    97    48    86    84    24    44    40   109   129    36    44    84    93   154    18    65     7   178    51   110    24    14   165    50 
   46    39    91    29    10   163    76    25    27   157   128    68   158    23    35   160    85    52    36     1    84    15    18   148   160    25    75   145   114   131    88   168    89    72   114    89   174    23     8   166   142   110   137    28    62    38    43    77    63   149   123    67   160    96    80    10    95   100   118    58    17   166    92   149    99   167    88   180   128    76    35    95    32    39    61   171   176   160   174   108   143    55   135    65    96   115    43     5    18    60   140   155   148   163   123    35   108   156    70    42    63   174    78   137    13   170    33   114    23    63     9   118    11    37     8   172    81    16     9   119    39    54    95    88   159    81    59   147    34    58   151   140    40     4   144   149    14     5   119    31    30   147   153    99   126    12   125   150    73   134 
   47    97    36    89   127     4   137   115    49    69   162   108   120    16   178   169    82   132     5   143   112    63    63    32   102    58    60    45    58   163   157   107    33   179   111   177    71    94   130    95    30    64    58    43    61   156   104    62   146    97    40    58    93   155    62   157     8     3    22    22    87   153    72   174   160    68    60   113   115   119    41   119     6   146    53    19    80    62   178   140    16   159   131   166    67    30    63    15    94    57   135   116   166    94   112    26   178   146    58   175   141    67    64   115    55   135   163    99   172    57   149   130   141     6   117    47   127   125     4     2   125    51   121    50    12   169    91    43    24    17     1   173   113    55    16    41    56   127    48   175   117   106    51    38    89    87    14    86    99   139 
  155    44    54    13    62    24   126    32    32   155   120    89    46   157   168   154   117    11   176   102     2     2   142    26   152   106   179   141   127   144    28    75   151    51    90    72    47   171   106    80   131   128    34    27    13   147    30    14    21    27     3    91    93   129    83     6   109   165    45    86   154    12    48     7   157    36   167   114   164    25    35   133   139   109    65    89    73   148    75    36    61   129    52    53   169    56    94   169   162   146    10    58    76   174   143    98   107   123   110    70    96   170    41    37    72     9   102   161    36   125   118    77   121   112   171    31    80   147     1     1   111    40     9   110   147   127    17   142    58    11    25    84    61   133   106   129    27    65    35   117     7   116    65   123    84    61    53    15   123    94 
  102    34    59   129    92   179    59    98    42    47   143    43   164     3   118   162   173     7     7   115   178    84   161    32    29     7    68   155    11   115   166    12   142    46   108   135    52   171    51    82     9   133    35    44   124   147    22   156    85   119    58    96    19    62   127   155    19   158   131   115   157    98   160    98   136    40   151     7   147    70    16   126   171   101    71    85     9   151   117   137    46   163    55    88    29   115   101    66   159    78    87    91   130   161   115    44    34   169    90    10    57     5    59    26    12   141    20   134    28    46   149    68    82     1    19    19    32    45   147     7    85   135   122   141   158    20   106   107   156    88   133   147   107   138    80    72    10    49    65    44    10    93   131    38    22   114    99    12    80    46 
 0.00  0.27  0.37  0.32  0.24  0.38  0.26  0.34  0.37  0.38  0.32  0.40  0.22  0.34  0.31 
 0.27  0.00  0.32  0.35  0.37  0.38  0.31  0.31  0.27  0.26  0.36  0.38  0.20  0.31  0.28 
 0.37  0.32  0.00  0.26  0.37  0.27  0.24  0.27  0.37  0.38  0.36  0.36  0.26  0.26  0.28 
 0.32  0.35  0.26  0.00  0.33  0.30  0.28  0.20  0.33  0.23  0.30  0.39  0.38  0.39  0.36 
 0.24  0.37  0.37  0.33  0.00  0.34  0.38  0.38  0.23  0.34  0.25  0.23  0.21  0.40  0.29 
 0.38  0.38  0.27  0.30  0.34  0.00  0.27  0.29  0.40  0.30  0.24  0.20  0.20  0.37  0.33 
 0.26  0.31  0.24  0.28  0.38  0.27  0.00  0.35  0.21  0.37  0.26  0.22  0.25  0.27  0.39 
 0.34  0.31  0.27  0.20  0.38  0.29  0.35  0.00  0.37  0.37  0.34  0.36  0.37  0.23  0.36 
 0.37  0.27  0.37  0.33  0.23  0.40  0.21  0.37  0.00  0.21  0.23  0.31  0.36  0.27  0.37 
 0.38  0.26  0.38  0.23  0.34  0.30  0.37  0.37  0.21  0.00  0.23  0.28  0.25  0.39  0.34 
 0.32  0.36  0.36  0.30  0.25  0.24  0.26  0.34  0.23  0.23  0.00  0.35  0.32  0.33  0.24 
 0.40  0.38  0.36  0.39  0.23  0.20  0.22  0.36  0.31  0.28  0.35  0.00  0.31  0.36  0.26 
 0.22  0.20  0.26  0.38  0.21  0.20  0.25  0.37  0.36  0.25  0.32  0.31  0.00  0.26  0.25 
 0.34  0.31  0.26  0.39  0.40  0.37  0.27  0.23  0.27  0.39  0.33  0.36  0.26  0.00  0.36 
 0.31  0.28  0.28  0.36  0.29  0.33  0.39  0.36  0.37  0.34  0.24  0.26  0.25  0.36  0.00 
