90 12
15
24055
24405
23526
24624
24999
24066
23983
23761
23159
23832
24188
24358
25377
24226
25022
3.7 30.3 26.8 2.4
1.7 37.3 21 2.2
3.3 28.3 26.4 2.2
2.9 30.5 17 1.7
2 44.3 20.1 2.1
1.2 41.2 41.3 2.5
1.6 22.5 15.2 2.2
2.7 10.4 49.8 2.3
4.5 22.2 73.4 2.3
4.9 36.5 67.5 1.8
2.4 11.3 69.2 1.9
3.1 13.1 65.9 1.6
1.5 15.7 68 2.3
3.1 45.2 14.7 1.7
3.2 37.5 63.1 1.8
3.7 17.9 49.2 2.5
3.9 47.4 48.3 1.7
2.7 25.8 80.5 2.3
2.8 42 31.1 2.4
1.2 11.5 79.6 1.6
4.2 38.9 94.9 2
3.3 38.5 17.9 1.9
1.3 12.5 44 2
3.7 12.9 60.9 2
2.4 24.5 58.3 1.9
1.7 47.7 68.1 1.6
3.5 35.3 34 1.7
4.1 11.6 67.9 1.8
4.4 36.3 91.6 1.5
2.3 47.7 46.2 1.6
3.8 42.6 7.2 1.6
1.6 28.1 85.8 2.3
3.7 31.4 65.9 1.9
3 15.4 32.2 1.9
2.9 29.6 86 2
2.3 18.4 12.8 1.8
4.4 18.8 59.5 2.4
2 36.3 20.7 2.2
4.4 42.6 52.3 2.2
4.3 49.9 43.8 2
3.2 38 35.1 1.9
4.9 33.8 64.7 1.5
2.4 19.6 56.4 2.2
3.1 38.5 80.1 2.4
3 38.6 20.9 2.5
1.7 38.7 71.5 2.1
1.1 22.4 7.5 1.6
2.7 20.7 45.2 1.8
4.3 17.7 26.9 2.3
1.4 12.9 62.9 2.1
4.2 42.6 32.7 1.8
3.7 24.5 50.4 2.3
3.7 46.5 32.3 2
4 43.5 30.5 1.5
1.6 41.2 55.7 1.6
1.6 49.2 54.3 1.8
2.1 29.2 48.5 1.9
1.2 29.3 91.6 1.6
1.4 23.9 44.9 2.4
2.8 34.8 35.2 1.5
4.2 10.7 89.5 2.1
1.1 34.2 42 2.3
4.8 18.2 24.7 1.9
2.9 17.1 85.9 1.5
1.6 33 37.6 1.7
4.5 48.8 65.2 1.7
4 12.6 89.5 1.8
4.8 46.6 13 2.1
1.9 26.1 23 1.7
2.7 32.6 18.9 1.6
4.7 25.6 78.6 2
3.6 40.3 48.3 1.7
2.8 40.6 26.1 2.5
3.9 15.8 80 1.7
2.4 28.1 62.3 2.5
2.3 34.8 80 2.2
5 16.5 6 2
4 45.3 43.3 2.5
4 49.9 19.9 2.4
4.3 31.6 80.3 2.5
2.1 13.3 15.3 1.7
1.2 32.4 36.5 1.9
1.9 14.4 70.4 1.6
3.5 45 10 1.9
3.6 24.6 69.1 1.8
1.6 21.7 41.4 1.6
4.4 26.3 83.3 2.3
1.8 10.8 36.2 1.7
3.4 49.7 7.3 2
1.8 24.2 41.2 1.7
3.4 18.4 18.7 1.8
3.9 48.6 10.6 2.2
2.7 45.4 32.4 1.9
1.6 27.8 56.7 2.2
3.3 32.4 73.9 2.4
4.2 35.4 59.9 1.6
2.1 49.3 46.8 1.9
2.1 29.4 68.4 2.1
1.6 37.4 76.8 2.4
3.2 38.7 68 2
1 35.4 82.5 2
3.8 31.6 76.3 2
4.7 39.5 66.3 1.8
2.4 21.7 9.3 2.3
4.4 25.2 47.5 1.8
4.1 32.7 64.9 2.2
3.6 41.7 24.4 2
1.7 34.2 35.1 1.9
1.2 43.6 53 2.5
2.8 43 53.1 2.3
1.1 25 9.4 2.4
2.7 45.4 43.4 1.5
1.9 16.6 89.4 2.1
2.2 23.6 11.5 1.9
1.1 15.8 21.5 1.6
4.3 20.2 45.3 1.8
4.7 12 33.3 1.5
1.7 34.3 47.2 1.6
2.7 25.7 21.1 2.3
2 33.1 76 2
4.2 12.5 55.1 1.5
2.4 14 60.4 2.2
3 38.6 28.9 1.9
4.6 44.7 31.7 2.3
3 40.9 41.9 2.4
1.3 16.8 13 1.7
4.1 25.5 44.3 1.8
3 28.4 87.9 1.8
3.4 10.4 94.9 1.8
1.3 46.7 64.6 1.5
3.6 41 60.5 2
1.2 48.3 73.8 2.3
4.5 43.3 74.6 2.4
4.9 44.5 67.5 2.2
3.8 11.1 23.3 2.3
1.2 47.8 35.6 2.5
2.3 48.6 44.9 1.8
2.6 43.7 91.1 2
4.1 44.2 94.4 1.7
3.1 28.4 32 1.7
2.3 23.1 74.8 2.4
3.7 13.2 46.9 2.3
3.8 42.1 18.4 2.5
3.6 24.4 5.6 1.6
3.9 43.8 23.3 2.1
3.2 37.4 56.5 2
3.6 46.9 15.2 1.6
3 33.4 85 2.2
2 15.2 39.2 2.4
4.2 29.7 90.9 1.8
4 27.6 71.2 1.6
3.1 43.5 33.1 1.6
2.2 11.7 48.4 2.4
1.3 14.6 86.2 1.9
3.2 33.7 39.2 2
4.8 18.5 87.5 1.9
4.7 10.9 41.2 2.2
4.5 40.7 34.9 2.4
3.4 40 46.2 2.4
4.6 40.8 39.8 2.4
3.5 18.3 27.2 2
2.9 25.5 80.6 2.3
1.7 12.3 22.4 2.3
2.4 45.5 18.9 1.9
4.3 34.8 18.6 2.1
3.9 33.2 84.2 1.9
3.5 25.2 43.3 1.9
4.2 35.2 62.4 2.2
1.9 43.9 13.7 1.9
4.7 38.6 62.8 2.1
4.7 36.7 76.6 2.2
1.8 30.2 79.8 1.8
1.5 31.2 11.9 2
1.6 45.6 90.4 2.2
1 49.5 35.3 1.6
4.2 16.1 64.5 2.3
1.2 40.4 23.4 2.2
3.4 30 77.5 2
2.2 12.4 83.2 2.1
3.4 28.3 19.1 1.6
2.5 11.6 12.4 1.9
4 37.7 77.2 2
4.9 30.5 25.5 2
4.1 17.4 87.7 2.2
2.6 17.9 12.9 2.3
2 14.8 59.7 2.1
1 27.6 15.7 2.5
2.3 18 83.3 1.5
3.7 37.9 66.1 1.8
3.9 16.2 7.4 2.4
1.5 20 31.4 1.5
3.8 30.5 81.8 1.8
1.7 35.6 18.5 1.9
1.1 40.2 48.4 1.6
3 26.4 47.4 1.8
2.9 40.5 68.7 1.8
2.5 26.1 88.2 1.7
2.4 31.4 23.3 2.2
2.7 35.4 59.4 2.5
1.8 16.5 33 2
4.7 41.3 76.6 2
2.6 23.9 44.2 1.7
4.5 29.9 66.9 2
3.2 16.7 9.4 2.4
2.1 38.8 36.1 2.4
3 43.5 68 1.8
2.2 36.1 20.3 1.6
1.7 38.8 36.4 2
2.4 41.3 51.8 2
5 19.2 33.9 1.9
2.1 31.2 11.9 2.1
1.3 23.9 91.8 1.7
3.8 17.1 74.1 2
1.2 25.2 82.1 1.8
3.4 42.1 80.8 2.2
3.2 31 64.4 1.8
3.3 47.2 27.4 1.8
1.8 27 56.9 2.5
2.6 22.2 8.8 2.4
3.2 40.4 45.2 2.3
1.2 37.4 65 2.3
3.5 31.6 75.2 1.9
4.9 22.8 69.1 1.5
1.2 36.6 29 2
4.9 23 21.9 1.5
3.4 46.9 26.4 2.1
4.9 32 58.7 2
1.8 11.5 7.8 2.1
2 23.2 86.3 1.8
4.9 29.6 41.5 2.5
1.4 16.8 91.6 2.2
2.9 19.4 8.8 2.1
1.2 33.6 89 2
1.3 31.1 57.7 1.7
4.1 24.8 24.3 1.7
4.3 23.1 73.3 1.6
5 38.2 55.1 1.7
1.4 27.9 38.2 2.2
1.5 10.6 81.8 1.6
3.7 37.9 52 2
2.8 49.2 50.1 2
2.6 27.2 21.3 1.5
3.3 41.5 44.9 2.3
4.9 31.8 25 2.4
2.4 36.1 81.8 2
1.8 39.5 19.3 2.4
4.8 33 21.7 1.7
4.2 43 30.6 2.4
3.4 36.4 37.2 2.2
3.2 15.5 15.8 2.2
4.9 27.9 37.1 1.8
1.3 39.6 31.6 2.3
3.2 14.9 79.3 2.4
1 49.5 84 2.5
1.5 15.4 17.1 2.2
1.3 20.7 93.2 2.1
1.7 15.7 42.6 2.3
1.1 44.1 60.7 2.3
4.7 12 67.8 1.9
2.6 24.1 74.4 2.2
1.7 22.7 58 1.6
4.7 43.5 26.3 1.7
3.2 12.4 70.5 1.7
3.3 20.4 11.8 1.7
2.2 36.9 93.4 2.4
2.3 27.8 65.1 2
2.4 41.6 16.4 2.1
2.9 27 65.7 2.3
4.1 39.8 27.4 1.9
1.7 23 32.1 1.8
4.8 11.8 75.3 1.6
5 46.2 91.6 2.4
4.7 20.8 11.4 2
3.4 25.2 79.3 2
2 31.6 38.9 1.6
1.4 31.1 46.7 1.8
4.5 36.8 69.7 1.8
2.9 38.3 46.7 2
2.2 32 60 2.4
2.4 32.6 39.9 2.2
2 20.9 36.4 1.5
3.7 44.1 94.7 2.4
1.1 28 14.1 1.8
4.2 43.6 33.7 1.5
2.3 41.2 52.7 1.9
2.6 35.7 85.4 1.8
2.3 40.7 65 1.8
2.1 32 71.8 2.4
4.4 25.6 82.4 1.9
1.6 10.9 55.2 2.2
3.1 30.8 85.6 2.2
4.7 28.5 77.3 1.6
4.7 12.9 33.1 1.8
3.3 24.9 10.1 2
2.9 34.5 94.8 2
3.1 47 14.2 2.3
3.2 25.1 71.1 2
1.8 41.8 81.6 2
2.8 34.5 53.2 2.5
2.2 43.1 11.6 2.4
4.8 35.1 63.2 2.5
1.6 23.8 12 2.4
1.8 12.2 45.9 2.3
4 10.3 14.5 2.3
3.7 13.2 59.8 2.3
3.5 26.9 37.9 1.6
2.4 30.9 66.1 1.9
1.9 12.6 70.6 1.6
3 29.9 90.7 2.2
4.2 21.7 31 1.5
1.1 46 58.5 2.2
3.3 33.2 58 2.4
2.4 27 42.8 2.1
2.7 13.4 54.2 2.2
3.5 31.8 41.8 2.4
1.9 40.1 84.8 2.4
1.1 48.2 71.1 1.8
4.5 17.7 19.7 2.3
3.9 49.7 60.5 1.9
1.4 14.7 67.7 2
3.7 10.4 26.4 2.1
3.9 28.3 90.8 2
2.2 10.3 93.8 2
3.8 20.3 54.7 2.3
3.3 23.2 72.9 1.5
2.3 48.9 44.1 1.7
3.8 21.6 13.1 2
2 29 72.1 2.3
1.1 23.9 89.2 1.6
3.2 24.1 68.7 1.7
1.7 19.9 81.9 1.6
1.5 45.7 88.8 2
4.3 39.9 6.4 2.1
1.4 14.6 81.8 1.7
2.4 40.3 19.1 1.7
2.1 27.1 78.8 2
4.7 29.2 76.7 2
4.4 26.1 73.5 2.4
1.9 11.1 32.6 1.8
2.8 15.4 35.2 1.9
2.9 28.3 83.8 2.2
1.3 46.3 56.3 1.6
2.8 17.2 77.3 2.4
2.4 11.3 9.3 1.5
4.7 42.2 66.7 2.3
2.4 10.7 62 2.3
4.8 41.7 69.4 1.7
4.7 13.7 36 2.3
3.5 24.7 11.4 2
1.8 30.2 78.1 1.9
3.3 11.9 17.6 1.7
3.6 31.8 53.2 2.1
3.5 39.6 61.4 2.1
3 17.8 38.3 1.8
3.3 30.7 82.4 1.7
3.5 17.8 37.9 2.4
3.9 13.8 7.2 2.2
4.1 34.2 51.5 1.7
3.7 37.6 72.6 2.4
2.4 46.7 45.7 1.9
3.7 25.4 40.8 2.3
2.3 14.5 19.8 2.3
1.5 27 50.6 2.1
2 22.5 92.5 1.7
4.1 33 50.9 2.2
4.3 33.9 57 2.5
1 40.1 17.7 2.1
1.5 17.8 23.3 1.7
4.4 47.2 32.5 2.2
4.7 44.5 57 2.3
3.1 44.7 29.8 1.8
4.4 13.8 39 1.6
4.5 28.7 11 2.3
1.1 33.3 8.5 2.5
3.1 12 19.7 2.1
2.1 45.7 82.6 1.6
1.9 27.1 36.8 1.6
4 21 59.4 1.6
1.1 15.9 88.3 2
3.5 10.8 90.4 1.6
2.8 11.2 89.1 2.5
1.9 40.2 56.6 1.8
3.3 40.5 68 2.3
4.3 35 41.1 1.9
1.3 23.3 54.4 2.1
1.4 21.2 93.1 1.8
1.8 22.7 21.3 2.1
3 39.8 91.8 1.7
1 28.6 25.6 1.6
2.6 47.2 94.7 2.5
1.1 15.7 30.6 1.9
3.9 42.4 11.5 1.7
1.8 22.2 93.2 1.8
2.5 32.6 13.8 1.5
2.6 25.6 10.2 1.8
3.8 41.1 54.4 1.6
2 19.9 7.7 1.8
3.3 13.4 30.2 2.5
1.7 19.1 8.8 2.3
2.9 33.2 11.5 1.7
2.9 11.9 21.1 2.3
3.3 13.6 87 2.3
4.2 37.9 64.2 2.1
2.6 39.5 15.1 2.5
2 10.4 17.7 2.5
4.5 35.9 54.9 2.1
3.9 21.4 33.4 2.3
2.3 41.6 59.6 1.5
2.8 29.1 38.3 2.4
4.1 25 17.9 2
3.9 23.9 20.5 1.8
4.4 10.3 12.6 1.5
2.1 33 56.2 2
2.9 26.4 47 1.9
4.7 25.8 40.5 2
3.8 47.6 75.1 1.5
1.3 40.6 72.9 2.1
2.4 22.7 36.4 2.5
3.7 24.9 50.6 2.4
4.9 29.8 7.8 2.3
2.9 16.8 86.6 2
4.5 43.6 54.9 2.4
1.3 39.4 81.6 1.6
2.7 28.1 24.8 2.1
5 35.2 86.8 2.1
3.7 17.7 61.1 2
3.6 22.2 12.2 1.6
1.8 28 40.5 2.5
4.1 10.6 68 1.7
4.2 24.9 69.1 2.2
4.9 41.4 39.9 2.3
3.1 48.9 76.6 2.2
1.6 13.1 12.6 2.5
5 14.8 15.2 1.5
3 28.6 39.6 2.3
3.2 11 90.9 2.2
3 21.4 44.1 1.6
3.2 29.6 77.7 1.7
4.5 12.5 74 1.7
4.1 37.9 30.9 2.4
3 37.1 77.8 2.1
3.5 16.3 71.7 2.2
4.1 42.7 45.5 1.8
4.1 32.9 68.4 1.6
1.7 15.5 51.9 1.6
1.9 30.4 59.2 1.7
1.3 47.9 74.2 2.3
4.9 49.8 11.2 1.8
1.4 13.7 64 1.5
2.4 34.4 86.6 2.2
2.9 32.4 21.7 1.9
4.3 48.3 82.8 1.9
3.1 26.1 38.4 2.3
2.7 24.9 22.5 1.9
1.3 39.9 49.6 1.7
4.4 46.2 39 1.8
1.1 29.1 30.5 2.1
4.1 33.2 22.7 1.9
2.5 33.6 12.7 1.5
3.6 29.9 88.1 1.9
2.9 48 35.5 1.6
3.5 21.6 69.1 2.3
1.3 35.2 5.4 1.9
2.2 32.3 31.6 2.5
3.9 16.4 7.5 2.4
3.7 28.9 36 1.6
4.4 28.9 94 1.8
3.7 38.5 28 2.2
4.2 40.9 17.5 1.6
2.4 20.9 73.3 2
1.4 12 45 2.2
2.2 36.7 7.3 1.7
3.7 41.7 57.1 2.4
2.6 26 41.4 2.3
1.6 44.3 7.4 2.3
4.6 23 8.4 2.5
2.7 18.8 71.5 2.3
3.9 46.2 78.2 1.7
4.7 29.9 25.9 1.6
4.3 36.1 46.2 1.9
1.9 40.5 16.7 2.4
3.1 19.7 18.5 2
1.4 15.4 71.2 2.5
2.6 18.1 46.5 1.8
2.3 19 75 1.9
2 27.9 94.5 1.9
2 13.6 23.5 2.5
2.9 48.6 61.1 2.1
2.9 16.6 56.1 1.8
3 15.5 88.3 1.8
5 48.9 19.2 2.3
3.3 46.8 43.2 1.9
4.3 41.5 50.4 1.6
1.8 21.8 57.7 2
4.5 26.9 17.7 2
3.1 26.5 94.5 2.5
2.3 26.2 45.8 1.9
1.6 17.5 16.4 1.9
4.3 31.5 87.3 2.4
4.3 23.6 81.5 1.9
1.3 44 40.3 1.7
4 48 29.8 1.7
4.2 31.5 45 1.9
1.6 18.5 76 2.1
3 42.6 10.9 2.2
3.4 14.5 16.4 1.7
4.3 11.7 64.9 2.3
2.2 15.8 87.9 2.3
2 34.1 86.9 2.2
2.8 39.9 77.6 1.6
4.1 44.4 17.8 1.9
1.9 37.7 44.4 2.2
2.1 11.5 64.2 1.8
3.7 39.5 58.6 1.6
4.9 41.1 42.3 2.3
1.5 48.5 39.2 1.7
2.6 35.5 5.1 2
3.6 47.8 10.6 1.6
3 35.1 42.5 2.4
2.7 31.1 30.1 1.8
3.4 48.6 78.6 2.4
3.9 14.9 34.9 1.8
2.5 30.2 80 2
2 25.1 45.2 1.9
4.8 24.5 52.3 1.5
3.4 40.5 50.4 1.7
4.5 18.9 28.7 2.1
2.3 45.7 55.3 2
1.9 10 17.2 2.2
1.6 28 48.5 2.1
3.6 14.6 52.7 2
2 29.6 75.5 2.4
3.7 25.4 12.4 2.3
3.2 17.2 40.9 1.5
2.2 44.2 42.8 2.1
4.7 19.5 82.6 2.4
3.5 31.5 26.5 1.7
3 22 61.6 2.3
2 23.8 30.6 1.9
3.7 15.9 73.4 2
1.2 16.3 14.1 1.9
4 45.2 61.4 2.3
1.4 36.2 28.9 2.4
3.6 21 75.5 1.9
2.5 10.8 53.4 2.2
1.8 18.3 30.6 1.7
1.6 43.5 46 2.4
4.4 45.9 39.3 2.3
4.3 46.9 8.8 2.2
3 43.1 70.4 2.3
2.8 25.9 9.4 2
2.3 13.1 57.1 1.6
2.4 45.9 84.2 1.7
4.7 18.6 41.6 1.9
3.2 21.5 42.9 2.1
2.1 46.9 87.5 1.8
3.7 16.1 52.9 1.6
4.5 35.5 88.3 2.5
4.5 15.8 45.1 2.1
1.5 13.7 86.4 2.1
4.1 36.3 40.4 2.2
2.3 28.6 52.8 2.4
4.9 23.5 14.2 1.8
2 30.7 35 2.2
4.3 13.2 53.9 1.9
2.6 44.8 66.5 1.9
2.3 32.6 24.6 2
1.4 21.3 23 2.5
3.1 41 70.3 1.5
4.7 32.3 57.4 1.6
4.4 34.7 55.5 1.5
3.9 10.3 17.7 1.9
1.3 28.4 28.7 2.4
3.5 49.8 54 1.7
3.4 26.3 85.7 2.4
3.5 14.4 40.5 1.7
1 10.3 34.5 2.5
1.7 47.7 15.7 2.3
2.9 34.4 50.2 2.5
1.6 13.5 16.6 2
1.7 36.3 31.7 2.2
4.1 12.8 88.2 2.1
1.1 18 71.4 2.2
2.3 24 93 1.6
2.8 42.4 48.7 1.7
2.1 25.4 10.2 2.1
2.2 18.6 47.3 2.5
2.2 37.1 73.3 1.7
4.6 23.3 26.8 1.9
2.2 14 75.6 2.2
2.9 31.5 18.7 2.2
3.5 26.5 36.2 1.8
1.7 15.9 61.3 2.3
3.5 27.7 35.7 2
2.4 44 64.2 2.3
1.2 43.2 24.6 1.7
4 11 65.9 2.1
2.9 39.6 78.9 2.1
4.3 12 76.8 2.4
4.8 15.6 75.5 2.1
2.9 29 61.8 2.3
1.8 36.8 66.7 1.8
4.4 30.7 7 2.2
3.7 34.9 35 2
3.6 22.8 91 2.3
3.9 28.3 54.9 1.7
3.1 17.6 94.8 1.8
5 40.9 84.7 1.6
3 36.7 10.7 2.3
1 31.6 43.4 1.8
1.3 17.2 62.5 2.3
4.9 31 23.6 2.2
2.7 31.1 60.5 1.9
3.2 40 78.6 1.6
3.9 26.7 27.9 2.1
3.6 33.9 24.7 1.7
1.3 30.1 79.3 2.3
4.1 21.1 84.1 1.6
4.4 34 23.2 2.3
4 36.5 36.1 1.5
3.7 44.8 26.7 1.7
2.2 18.5 89.1 1.7
1.5 41.7 25.9 1.8
3.7 21 63.9 2
1.8 26.1 44 1.6
4 50 44.1 2.2
1.2 36.1 86.1 1.8
1.5 26.6 17.5 2.2
1.4 43.9 53.2 2.5
2.6 24.4 69.4 1.5
2.7 21.4 20.1 2.4
4.6 39.3 42.7 2.3
4.3 20.1 86.1 2.4
3.1 46.6 29.9 1.8
1.2 11.6 82.8 2.2
4.7 49.9 10.2 2.1
4.1 14.6 32.2 2.4
2.6 41.5 9.7 1.9
1.6 34.7 28.9 1.8
1.7 47.3 40.8 1.7
1.2 32.5 78.5 1.7
2.5 34.4 34.5 1.6
1.2 19.4 86.5 2.2
2.6 42.6 6.8 1.6
4.3 28.6 43.7 2.4
1.8 20.2 88.3 2.1
3 25.1 25.6 1.9
4.7 38.2 7.6 2.1
2.8 22.3 88 2.3
3.6 30 46.1 1.6
4.3 26.6 17 1.5
2.6 38.1 9.1 1.8
4.5 15.3 81.2 2
4.3 21.2 39.3 1.9
4.2 39.5 86 1.6
4.3 26.6 56.9 2.2
4.9 40.9 29.2 2
1.5 23.1 92.3 1.7
1.6 45.8 69.2 1.5
2.4 43.4 7.7 2.2
4.2 29.3 49.8 2.3
2.9 11.7 43.8 1.9
2.9 39.8 46 1.9
2.5 27.9 40.6 1.7
3.7 23 48.7 2.3
2.8 13.1 34 1.7
1.6 23 38.1 2.1
4.4 31.5 32 2.2
1.8 20.2 56.6 1.9
2.2 46.1 38.6 1.8
1.2 41.8 50.4 1.8
4.2 46.8 64 2.4
4.5 26.6 35.3 1.6
4.4 19.3 10.6 2.1
2.5 46.5 53 2.5
3.9 49.2 53.4 1.8
1.8 16.1 15.3 2.2
2 38.2 92.8 2.2
2.9 47.7 71.9 2.5
2.6 48.2 77.1 2.4
4.6 24.2 23.3 1.6
1.1 33 47.2 1.8
3.9 39.2 49.8 2.3
4.1 20 63 2.2
3.2 21.1 41.3 2.1
2.8 49.1 61.2 1.9
1.2 40.9 83.4 2
1.3 23.4 52.9 1.6
1.6 36.7 26.3 1.7
1.5 10.9 48.9 2.3
1.8 24.7 22.9 1.7
1.6 31.1 48.8 2.2
2.4 14.7 48.9 1.8
3.8 43 93.7 1.8
3.9 16.3 61.2 2.4
2.2 26.6 57.8 1.9
1.3 15.6 11.7 2.2
2 29.6 49 1.5
1.5 22.7 19.3 1.5
4.2 37.6 93.2 2.4
4.2 12.8 18.3 2.4
3.1 36.9 23.1 2.4
4.9 43.8 37.6 1.9
3.3 26.9 9.3 2
3 18.5 12 1.9
4.5 37.4 65.3 2
4.3 24.4 61.6 2.4
2.9 41.2 21.8 1.9
3.9 10.2 15.8 1.8
1.6 38.7 78.2 2.2
2.7 18.1 78.7 1.6
2.4 10.6 88.8 1.7
2 16.1 81.3 1.7
3.4 43.6 58.6 1.7
2 48.8 92.3 2.2
3 33.8 27.9 1.9
2.7 23.9 37.3 2.2
3 22 66.8 1.5
2.4 33.2 51.4 2.3
2.5 42.5 5.3 1.5
4 36.9 26 2
3.1 14.7 6.2 1.6
1.3 47.7 74.4 2.3
3.4 27.8 49.7 1.5
2 24 76.8 2.2
4 15.6 56.3 2
1.3 49.8 27.6 2
4.1 30.6 53.4 2.3
2.1 13.5 18.8 1.5
2 48.4 69.1 1.6
2.5 16.7 42.8 2.2
3.3 25.7 94.2 1.9
4.4 39.8 52.2 2.3
1.7 35.9 90.6 2.3
4 11.3 47.4 1.7
1.6 49 65.7 1.5
4.6 49.2 81.4 2.2
3 39.2 32.9 2.3
4.7 19.9 15.9 2.1
1.3 17.5 90 2.4
4.9 15.1 86.2 1.9
4.6 24.4 79.1 1.8
2.1 38.3 32.4 1.8
1.5 29.6 75.3 2.4
1.8 30.4 6.2 2.1
1.9 25.2 57.5 1.8
1.2 34.2 67.6 1.8
1.8 39.7 59.9 1.6
3.1 24.4 78.5 1.7
2.2 44.9 38.2 1.9
3.2 31.8 13.5 2
1.4 12.9 67.7 2.4
1.9 41.5 68.2 2.3
1.4 17.3 68.5 1.9
4.7 19.8 47.2 1.8
2.4 29.5 52 2.4
3.2 50 59.7 2.4
4.7 32.9 12.4 1.9
2.1 23.2 27.6 2.3
4.3 22.9 54.5 1.9
4.8 29.5 62.2 2.4
3.9 46.9 24.4 1.5
4.7 18.5 15.9 1.5
3.5 43.9 49.5 1.8
1.2 37.1 63.4 2
1.7 34.7 78.7 1.5
1.5 36.1 68 2.3
1.4 43.2 77 1.5
2 18.9 6.9 1.8
1.5 18.1 88.4 2.3
1.8 24.2 8.3 2.1
4.3 45 94.7 1.7
4.8 49.7 12.3 2
4.5 13.4 27.7 2.2
4.4 14.1 26.6 2.5
2.8 27.1 11.7 2.2
4.3 35.6 60.1 2.1
4.4 29.8 70.8 2.1
3.7 13.4 8.8 2.2
1.6 37 65.2 2.4
3.7 27.8 66.1 2
1.1 25.5 35.8 2.4
1.8 43.4 91.9 1.9
2.9 43.3 51 1.9
4.8 29.7 71.6 2
3 12.8 64.8 1.9
2.3 15.1 37.4 1.7
4.8 27.6 11.9 2.1
2.4 40.9 53.7 2.4
4.1 16.2 65.3 2
1 38.8 15.7 1.6
1.5 27.5 89.4 1.6
3.6 26 88.7 1.8
1.3 20.3 26.7 1.8
2.4 46.7 26.8 2.4
1.5 48.3 82 2.4
3.4 38.2 74.5 2.1
1.6 42.3 32.5 1.9
3.2 37.9 86.3 1.6
3.2 11.2 54.6 1.9
2.1 38.5 62.4 2.2
1.7 39.7 60.5 2.3
1.7 25.4 46.4 2.4
3.9 29.7 55.6 2.1
1.5 12.4 11.5 2.4
3 47.9 19.2 1.6
2.7 22.2 63.3 2
2.1 37.6 24 1.8
2 20.5 5.2 1.7
3.7 37.8 11.8 1.8
3.6 32.7 52.4 2
1.5 18.3 29.8 2.1
1.8 14 46.6 1.6
4.4 44 65.7 1.5
2.3 35.2 48.6 1.5
1.2 22.2 37.5 2.5
1.7 24.1 70.4 2.4
4.9 47.5 94.9 1.5
3.5 41.6 11.5 2.2
2.7 37.6 50.2 1.8
2.3 48 61.2 2
2.2 21.7 31.2 2.2
1.6 15 20.1 1.9
2.7 11.5 10.9 1.5
3.1 30.6 55.6 2
4 34.4 27.6 1.6
3.9 21.9 17.9 1.6
3.9 42.4 83.3 2.1
4 42.1 32.3 2.1
1.8 32.4 90.3 1.7
2.7 38.2 43.7 1.7
4.6 25 53.3 1.6
4.1 23.1 55.1 2.3
2 48.2 70.9 1.7
4.4 27.8 53.1 1.9
5 12.8 74 2
1.5 13.7 11 2
4.4 37.4 71.9 1.7
2.9 14.8 89.7 2.5
2.1 32.1 40 1.8
3.7 40.7 8.8 2.5
4.1 36.4 38.6 2.2
3.9 40.7 64.1 2
4.8 16.1 62.2 2.3
2.2 36.3 78.1 1.7
3.3 17.4 21.9 1.8
4.8 10.4 21.2 2
2.9 35.6 88.9 2.4
1.2 43.7 82 1.5
2.3 44.8 50.1 1.6
1.4 42.5 5.1 1.8
1.8 25.6 71.8 1.6
2.8 36.6 18 1.8
4.7 38.2 50.5 2.2
3.8 34.9 88.8 2.2
3.5 22.8 35.2 2.3
4.2 44.3 77.4 1.8
1.4 22 40.5 2.3
2.3 36.5 30.4 1.7
4.7 47 83 1.6
1.7 22.2 5.9 2.1
1.7 13.1 12.1 2.2
3.1 15.7 73 1.7
3.7 34.3 88.6 2.3
3 27.5 41.2 2.1
1.7 17.5 65.2 2
4.3 40.5 66.2 2.2
1.1 27.7 90 2.1
4.3 25.7 91.9 2.3
4.5 13.8 15.7 2.2
1.9 42.5 46.7 2.2
3.2 33.9 28.5 1.7
2.2 11.8 35.7 2.5
1.9 39.9 47 1.7
3.5 48.6 83.7 1.9
4 17.8 24.6 1.7
4.3 38.6 82.3 1.9
4.8 30.8 53.7 1.5
3.3 45 37.2 1.6
1.2 46.5 21.5 2.4
1.7 43.8 71.5 2.2
3.9 41.5 33.2 2.1
2.8 23.7 15 1.6
2.6 30.4 16.2 2.2
3.8 25.5 28.6 1.8
3.9 36.9 22 2.4
2.6 46.2 71.4 2.5
1.2 24.7 25 1.8
1.6 15 55 2.3
3.8 36.3 85.8 2.1
1.4 38.3 83.1 1.5
2.5 50 14.5 1.6
1.3 43.4 6.2 2
1.5 11.2 88.2 1.9
4.9 42.1 31.7 1.7
2.1 48.7 5.4 1.7
2.1 25.2 19.3 1.8
1.7 21.3 57.1 2.5
1.3 28.7 93.6 2.4
1.8 23.2 52.1 1.7
3.1 25 30.7 1.9
3.2 14.5 47.5 1.8
4 48.3 67.9 1.7
2.1 18.5 33.3 1.7
4.4 12.2 31.3 2.1
1.2 11.5 43.8 1.6
1 34.8 41.9 2.1
1.7 46.3 18 2.1
3.2 24.1 11.5 1.7
4.3 33.1 78.4 1.7
4.3 22.4 28.2 2.5
1.5 48.9 52.3 2.4
1.2 14.3 25.1 1.9
1.5 34.7 48.7 1.8
4.3 33.1 22 2.3
4.6 41.8 63.7 1.9
2.5 18 10.4 2.1
4 21.1 52.2 1.7
2.9 47.1 64.9 2
4.7 36.1 85.9 1.9
3.8 26 28.9 1.7
4.6 27.7 30.9 1.6
2.3 24.9 81.8 1.8
2.1 14.1 39.9 2.2
4.6 44 24.7 2.4
2.1 30.1 71.8 1.6
2.9 32.7 81.5 1.7
2.6 42.3 28.2 1.5
3.5 20.4 7 2.3
3.3 43.5 44.9 2.4
3.9 37.7 28.6 2
3.5 10.2 84.5 2.1
2.5 32.6 38.3 1.9
4.9 36.7 82.9 1.8
1 23.8 21.1 1.6
1.4 33.4 71.2 2.3
2.1 11.6 69.4 2
3.6 23.3 27.8 1.7
4.3 41.8 23.4 1.8
3.4 43.6 54.9 2.4
3.4 42.2 37.4 1.7
2.6 32 13.5 2.4
1.3 42.7 87.9 2
1.4 20.5 75.4 2.3
1.5 32.7 85.8 2.2
1 37.5 33.6 2.1
2.6 30.9 70.4 2.4
4.5 25.9 86.4 1.9
3.5 47.5 46.3 2.2
3.4 44.1 59.8 2.3
4.4 18.7 30.7 2
1.7 31.9 60 1.7
2 33.2 36.5 2.5
3.7 25.9 18.8 2.2
1.8 28.6 57.2 2.3
2.5 27.1 26.4 2.4
4.6 40 29.3 2.2
4.8 21 72.4 2.2
3.1 19.6 71.2 2.4
4.3 14.1 6.7 2.2
3.3 41.5 10.2 1.5
2.9 36 46.7 1.5
2.7 49 35.2 1.9
3.3 34.7 92.1 1.6
2 38.7 53.1 2.1
4.9 12.9 48.3 1.6
1.6 28.4 42.6 2.1
2 42.6 46.1 2.2
3.7 27.7 90.6 2
2.8 34.7 94.6 1.7
3.8 41.9 40.5 1.9
3.7 12.5 84.1 2.3
1.5 15.5 53.1 1.7
3.3 27.3 60.9 2.1
1.7 30.1 11.3 2.3
3.5 21 30.5 1.6
4.8 29.7 72.6 2.3
1.6 14.7 28.6 2
4.6 24.4 84.1 1.9
1.4 26.1 12.2 1.7
3.8 37.4 79.9 1.9
2 26.7 14.3 2.2
4.9 29.6 13.6 1.6
2.1 36.5 7.1 2.1
2.8 33.3 34.4 2.3
3.8 41.3 82.4 2.2
1.1 24.7 31.1 1.8
2.1 27.9 21.8 2.2
3.1 39.5 89.4 2.4
2.5 44.2 79.3 1.6
3.9 22.9 50.9 1.6
2.1 44.2 27.5 2.2
2.9 38 35.4 1.6
2.9 20.5 72.3 1.8
1.3 15.6 13.4 2.1
3.5 14.7 73.6 2.1
4.4 49.3 56.8 2.1
2.1 44 33.3 1.9
1.6 33.2 37.2 1.6
2.5 45.9 43.9 2.3
4.4 25.6 35.9 1.9
1.5 46.7 78.6 2.4
3.8 44.8 8.5 1.7
2.8 38.6 41.9 2.3
2.3 46 65.4 2.4
3.7 23.4 59.6 1.6
4.6 48.7 54.8 2.4
2.1 46.5 26.5 1.7
2.6 19.9 61.6 2.2
1.3 33.4 8.7 2.3
2.3 22.7 86.2 1.7
3.7 13.6 71.9 2.2
3.3 30.5 41.4 1.9
3.8 19.9 87.5 1.6
3.2 31 43.3 1.7
1.7 19.6 42.7 1.8
4.3 42.1 32.6 2.4
4 30.8 34.8 2.5
3.1 22.2 49.2 2.1
1 16.1 19.6 2
1.8 39 6.8 1.8
4.4 14.8 8.3 1.9
3.8 13.1 42.4 1.8
1.3 17.9 86.6 2.4
3.9 27.6 9 2.1
1.3 14.1 34.3 2.1
5 47.8 51.7 2.4
1.4 13 67.4 2.5
4.9 46.9 8.3 1.9
4.2 33.1 75 1.7
1.4 11.2 33.7 1.8
3.5 15.8 42.7 1.6
2.9 41.5 39.1 1.7
4.7 29.3 84.3 2.3
4.3 14 57.1 1.7
4.7 27.9 48.6 1.6
1.8 39.5 46.4 2.3
1.9 11.3 88.2 2.1
1.2 26.7 59 1.5
3.1 28.9 28.3 2.1
2.1 39.1 42.9 1.6
2.4 39.9 28.4 2.3
3.8 44.6 87.9 2.4
4.4 31.3 20.7 1.7
4.3 43.2 40.1 2.4
3.4 25.8 43.6 2.4
3.1 32 17 2.5
2.4 10.9 30.7 2
1.3 30.7 81.1 2.3
1.8 42.8 81.1 1.7
4.8 40.2 34.9 2.4
3.4 26.8 49.9 1.6
1.8 30.5 29.7 2
2.7 47.9 53.2 1.7
4.7 12.4 62.3 2.3
1.9 35.3 27 2.2
5 41 87.8 2.3
2.9 24.3 36.9 2.4
2.9 37.2 62.6 2.2
1.5 44.4 41.4 2.3
4.1 20 79.6 2.1
2.9 31.7 65.3 2.1
1.6 39.5 55.4 2.1
3.1 10.5 20.4 1.8
1.7 11 26 2.5
3.3 41 68.9 2
1.9 24.5 30.1 2
4.6 47.8 35.9 1.9
4.2 34.2 92.6 2.3
1.9 28.1 18.2 1.7
4 18.4 72.2 1.9
3.5 30.8 41.4 2.3
2.8 16.5 57.2 1.9
1.4 37.8 32.2 2
3.2 40.2 72.4 1.6
1.7 25.4 56.2 1.9
2.5 18.1 50.9 2.4
4.7 37.2 25.6 2
1.8 40.8 58.8 1.9
3 44.6 44.6 1.8
1.7 44 64.5 2.1
3.8 37.5 57.2 2.1
1.1 19.2 31.8 1.7
4.9 20.6 30.8 2
3.9 33.9 65.8 2.3
2.7 44.1 78.4 1.8
4.8 45.8 81.6 2.5
4.1 37.9 34.9 1.5
2.2 20.4 64.6 2
4.3 26.4 61.8 2.3
4.5 20.8 22.7 1.6
3.6 18.9 77.2 2.2
3.6 25.4 57.3 1.5
4.5 24.1 32.3 1.8
4.8 17.5 35.9 2.1
3.2 33.3 7.7 2.5
3.2 11.3 91.8 1.9
4.2 39.5 74.7 2.5
1.9 14.6 40.4 1.9
4.5 16 9.7 1.9
4.4 10.2 87.3 1.6
4.9 45.6 83.7 2
2.8 17 45 1.7
1.1 30.2 27.3 1.7
2.3 10.3 41.1 1.6
3.2 16.4 28.8 2.5
2.9 22.5 26.9 2.1
2.2 23.8 63.2 1.9
3.4 14.3 81.1 2.2
2.2 45.2 60.4 2.3
2.7 40.6 35.3 2.5
4.4 44 68.6 2.3
2.8 15.6 58.8 2.4
3.4 27.9 82.5 2.5
2 10.6 15.9 2.2
2.8 32.1 15.1 1.7
3.8 27.5 32 2.3
2.8 23.5 6.1 1.7
1.2 35.2 67.5 1.8
4.5 33.7 92 1.8
3.2 41.1 93.5 1.8
3.3 17.3 41.5 1.8
1.9 23.3 69.1 1.8
2.4 17.5 8.4 1.6
4.5 28.3 25.4 1.9
1.7 26.4 48.1 2
2.2 27.2 19.9 2.3
3.7 36 8.2 2.3
3.1 27.1 26.4 1.8
2.9 13.2 37.1 2
4.3 42 49.6 2.5
3.4 45.4 11.6 2.3
3.4 33.2 83.1 2
1.9 38.2 9.1 2.1
4 11.2 11.3 2.2
3.7 20.1 16 2
3.1 23.6 65.8 2
2.4 12.7 45.6 1.5
3.9 43.8 19.3 1.6
3.9 14.5 47.9 2.1
2.1 40.7 44.1 1.7
3.8 34 51.5 1.9
4.5 37.2 33 2.2
1.2 23 92.7 2.3
1.6 22.4 30.9 2.4
1.9 40.3 26.9 1.6
4.1 19.2 14.7 1.9
3.5 41.1 5.8 1.6
3.5 21.3 47.5 1.9
1.1 23.5 26.3 2.2
4.3 26.9 27.1 1.9
1.7 12 54.8 2
3.4 39.2 35.2 2.4
3.4 32.3 6.7 2
2.8 29.7 31.3 1.5
2.9 35.2 36.3 1.6
4.5 32.8 71 2.2
1.3 43.9 32.2 2.4
4.6 49.7 72.2 1.8
1.1 10.5 48.5 1.9
2 33.6 43.5 2.1
3.1 10.6 53.9 2.4
3.7 46.5 19.7 2.4
1.1 46.6 92.7 2
2.4 18.9 9 1.7
5 41.2 73.6 1.9
3.8 29.2 39.3 1.6
3.1 42.2 41.8 1.7
2.2 40.2 33.1 2.1
2.7 11.8 89.7 1.9
3.2 10.5 48.6 1.6
2.3 11.4 38 1.6
3.2 35.9 75.2 1.7
3.9 33.1 84.5 2.1
1.5 42.4 73.5 1.6
1.4 19.9 78.6 1.7
2.1 17.6 67.3 1.5
3.8 39.9 76.1 2.2
1.9 26.5 80.2 2.4
4.8 48.2 29.3 2.2
1 34.4 15.4 2.2
1.6 30.5 51.5 1.6
3.8 22.9 16.3 1.9
3.8 28.7 88.5 2.1
4.5 11.6 7.3 2.3
2.7 25 34.4 2.2
2.3 18.6 66.7 2.1
2 18.4 45.8 2.3
2.1 47.2 62.4 2.1
2.8 14.6 67.9 2.2
2.2 45 32.6 2.2
2.4 26.2 70 1.5
1.7 11.4 26.4 2.1
3.4 18.4 93.6 1.7
3.3 21.4 51 1.5
3 39.7 52.2 1.6
4.8 40.9 77.8 2.1
4.3 43.7 81.6 1.7
2.3 15 73.6 1.8
1.8 30.3 52.9 1.9
3.7 19.3 91.2 1.6
2.9 14.9 19.1 1.8
4.7 37.2 55.8 1.6
3.5 21.8 28.4 2
4.4 32.3 35.7 2.4
2 11.1 26.4 1.6
3.7 29.5 56.1 1.9
4.6 37.9 82.2 2.5
2.5 27.8 32.2 1.9
2.1 49.8 10 1.7
4.9 48.3 54.8 2.2
4.6 16.1 86.3 2.2
4 48.9 16.8 1.8
3.9 35.4 69.4 1.8
4.5 39.5 43.9 1.8
4 45.6 54.3 2.2
2.3 17.6 81.4 1.9
2.5 13.6 75.3 1.6
2.1 30.4 10.9 2.2
4.1 16.7 89.1 2
2.7 35.9 10.1 2.4
2.6 19.7 10.4 2.3
2.7 10 35.3 2
1.7 47.4 52.8 2.3
1.9 30.7 51.4 1.9
3.3 49.3 19.7 2
4.2 18.9 7.2 2.1
4.3 38.3 53.7 2.2
3.2 47.7 26.3 2.5
4.2 17.2 90.3 2.1
2.6 16.3 21.6 1.8
2.3 28 25.1 2.3
1.6 26.8 63.6 2
4.5 41.6 94.6 2.3
2.9 48 53.6 1.7
2.5 41.4 81.1 2.5
1.6 30.3 10.4 2.3
1.6 30.3 81.3 1.6
3.4 19.1 34.1 1.8
2.8 34.6 56.7 1.9
2.1 38.1 31.8 2.5
1.7 12.8 73.2 2.4
4.9 45.3 27.4 1.8
1.1 13.8 17.3 2.2
4.4 34 16.1 2.1
1 10.5 94.4 2.5
1.4 14.2 12.5 1.6
2.3 49.7 83 1.6
3.8 24.6 31.5 2.1
4.8 23.9 73.7 1.5
1.3 47.2 24.7 1.7
3.9 36.9 43.2 2.3
3.8 11.1 58.6 1.6
4.8 16.5 21.4 2.1
3.1 38.2 59.2 2.5
3.7 27.8 92.5 2.1
3.4 33.1 12 2.4
4.1 39.7 62 2.2
4.7 41.5 82.7 2.2
4 40.2 72.3 1.8
3.6 27.8 12.3 2.1
3.2 26.1 42.4 2.1
3.6 34.6 13.8 2.1
4.6 41.1 90.7 2.5
4.2 46.3 52.3 2.2
3.7 19.1 56 2.4
3.5 13.6 56.7 1.7
5 39.1 6.4 2.1
4.2 37.6 43.7 2.4
4 27.5 27.6 2.1
2.5 19.4 69.5 2.5
1.6 24.5 34.3 1.9
1.2 49.3 26.9 2.1
1.6 21.9 39.9 1.8
4.3 40.1 72 2
5 10.4 31.4 2.1
4.6 46.3 60.8 2.4
3.7 35.7 61.1 1.7
4.1 31.1 79.3 2.4
3.3 25.9 72.1 2.2
2.9 38.1 21.9 2.2
3.4 49.9 49.2 2.1
4.5 47.9 17.7 1.9
4.7 23.8 57.5 2.1
1.8 22.7 15.1 1.8
1.7 30 74.9 1.9
4 27.4 90.4 2.4
1.4 49.3 36.3 1.6
2.7 26.9 70 2.4
4.9 13.5 53.1 2.2
3 32.1 40.7 1.7
1.2 13.4 80.1 1.6
5 41.9 65.6 2.1
1.2 10.6 10.5 1.9
1.1 40.8 51.3 1.8
1.7 33.4 85.4 1.8
1 20 8.3 2.5
1.4 30.4 28.4 1.8
4.9 39.5 19.9 2.5
3.5 24.2 69.3 2.5
1.1 34.7 63 1.9
1.5 22.4 76.3 2
3.9 15.7 66.2 2.5
1.9 47.3 13.5 1.6
1.6 28.2 21.3 2
3.9 18.8 76.7 2.3
3.8 45.4 45.3 1.8
2.6 22.5 17.2 2.2
3.9 44.4 37 1.6
4.4 13.5 9.9 2.3
1.2 47.8 10.9 2.2
3.2 45.7 47.9 2.1
1.9 30.5 16.4 2.2
2.7 17.1 52 1.6
3 31.6 18.4 2.3
3.3 11.3 82.4 2.4
2 30 88 2.3
2.4 43 48.8 2
5 33.3 65.6 1.6
2.1 27.3 13.8 2.2
4.1 38.7 86.4 2.4
3.5 40.2 87.5 2.3
1.2 14.4 53 2.3
2.9 29.8 85.5 2.4
4.6 20.8 10.7 2.1
3.3 40.3 69.1 2.4
3.9 47.3 82.6 2.1
1.2 16.6 43.8 1.9
1.9 29.4 80.1 2.2
1.3 10.2 76.2 2
4.9 48.4 67.4 1.8
3.4 42 24 1.5
4 10.3 50.7 1.9
1.1 33.7 62.9 2.4
4.2 23.3 92.1 1.9
2.3 42.8 64.6 1.6
3.3 12.7 64.2 1.6
1.6 44.6 24.5 1.8
1.7 32.4 77.2 2.3
2.5 40.8 40.7 1.6
3.2 46.9 40.5 2.5
1.8 27.8 82.5 1.6
3.8 11.4 67.2 2.3
4.9 40.7 39.2 2.3
4.3 13.1 90.2 1.6
2.9 39.5 18.7 1.8
3.8 48.4 41.2 1.6
2.5 12.5 44.7 2.4
4.4 20.3 71.1 1.8
2.1 28.8 38.7 2.2
0.3 0.2 0.3 0.3 0.3 0.2 0.3 0.3 0.4 0.4 0.4 0.4 0.3 0.3 0.2 0.3 0.4 0.4 0.3 0.3 0.2 0.3 0.3 0.4 0.3 0.2 0.3 0.4 0.2 0.2 0.4 0.3 0.2 0.2 0.3 0.4 0.3 0.3 0.4 0.3 0.4 0.3 0.3 0.4 0.3 0.2 0.2 0.3 0.3 0.3 0.4 0.3 0.3 0.4 0.2 0.2 0.3 0.3 0.3 0.2 0.2 0.3 0.2 0.3 0.3 0.3 0.3 0.4 0.3 0.3 0.3 0.4 0.3 0.3 0.4 0.4 0.3 0.2 0.3 0.3 0.4 0.3 0.3 0.2 0.3 0.4 0.3 0.4 0.2 0.3 0.3 0.4 0.4 0.3 0.3 0.3 0.4 0.4 0.2 0.3 0.4 0.3 0.3 0.3 0.3 0.2 0.3 0.3 0.3 0.4 0.3 0.2 0.2 0.3 0.4 0.2 0.2 0.3 0.4 0.3 0.4 0.3 0.3 0.3 0.3 0.3 0.3 0.2 0.4 0.3 0.3 0.2 0.2 0.2 0.3 0.3 0.3 0.2 0.2 0.4 0.2 0.2 0.2 0.3 0.3 0.3 0.3 0.3 0.2 0.3 0.4 0.4 0.3 0.3 0.4 0.2 0.3 0.3 0.4 0.4 0.4 0.3 0.3 0.3 0.3 0.4 0.2 0.3 0.3 0.2 0.2 0.4 0.3 0.2 0.4 0.4 0.2 0.3 0.3 0.3 0.2 0.3 0.3 0.4 0.2 0.4 0.2 0.3 0.4 0.3 0.4 0.4 0.4 0.4 0.3 0.3 0.3 0.3 0.3 0.3 0.3 0.3 0.3 0.3 0.2 0.3 0.3 0.2 0.3 0.2 0.3 0.3 0.4 0.3 0.4 0.4 0.2 0.4 0.3 0.3 0.3 0.3 0.4 0.4 0.3 0.4 0.2 0.2 0.3 0.4 0.4 0.3 0.2 0.3 0.3 0.4 0.3 0.4 0.2 0.3 0.3 0.4 0.4 0.3 0.4 0.2 0.4 0.3 0.4 0.3 0.3 0.3 0.4 0.2 0.3 0.4 0.4 0.4 0.3 0.3 0.3 0.3 0.2 0.3 0.2 0.3 0.2 0.2 0.3 0.3 0.2 0.3 0.3 0.3 0.4 0.3 0.2 0.4 0.2 0.3 0.4 0.3 0.3 0.4 0.3 0.3 0.4 0.3 0.4 0.4 0.3 0.2 0.4 0.2 0.4 0.4 0.4 0.3 0.3 0.3 0.3 0.4 0.4 0.2 0.3 0.4 0.3 0.3 0.2 0.3 0.3 0.4 0.2 0.3 0.3 0.3 0.2 0.3 0.3 0.2 0.3 0.3 0.4 0.4 0.2 0.3 0.4 0.2 0.4 0.4 0.3 0.4 0.2 0.4 0.2 0.3 0.3 0.3 0.3 0.3 0.3 0.3 0.3 0.4 0.3 0.3 0.2 0.3 0.3 0.3 0.3 0.4 0.3 0.4 0.3 0.3 0.2 0.2 0.3 0.2 0.3 0.3 0.2 0.3 0.3 0.2 0.2 0.2 0.3 0.4 0.3 0.3 0.2 0.2 0.3 0.2 0.3 0.3 0.3 0.3 0.3 0.4 0.3 0.3 0.2 0.3 0.3 0.4 0.3 0.2 0.3 0.4 0.2 0.3 0.4 0.4 0.4 0.4 0.3 0.2 0.4 0.3 0.4 0.2 0.2 0.2 0.2 0.4 0.4 0.3 0.2 0.4 0.3 0.3 0.3 0.3 0.3 0.4 0.3 0.2 0.3 0.3 0.3 0.4 0.4 0.4 0.3 0.2 0.3 0.3 0.3 0.3 0.2 0.3 0.3 0.3 0.2 0.4 0.2 0.3 0.4 0.3 0.2 0.3 0.2 0.2 0.4 0.2 0.3 0.3 0.3 0.4 0.2 0.2 0.4 0.4 0.2 0.4 0.4 0.3 0.3 0.4 0.3 0.3 0.3 0.3 0.3 0.3 0.2 0.3 0.3 0.2 0.4 0.3 0.4 0.2 0.3 0.3 0.2 0.2 0.2 0.3 0.3 0.2 0.3 0.3 0.2 0.3 0.2 0.4 0.3 0.3 0.3 0.3 0.4 0.3 0.3 0.3 0.3 0.3 0.2 0.4 0.2 0.4 0.3 0.3 0.2 0.2 0.3 0.2 0.3 0.3 0.4 0.3 0.2 0.2 0.3 0.3 0.3 0.3 0.4 0.2 0.2 0.2 0.3 0.3 0.2 0.3 0.2 0.3 0.4 0.2 0.4 0.2 0.4 0.2 0.2 0.3 0.2 0.4 0.3 0.2 0.3 0.2 0.4 0.3 0.3 0.4 0.2 0.3 0.3 0.3 0.4 0.3 0.2 0.2 0.3 0.3 0.4 0.2 0.4 0.4 0.3 0.4 0.4 0.2 0.3 0.2 0.4 0.3 0.3 0.4 0.2 0.3 0.4 0.3 0.4 0.2 0.3 0.4 0.2 0.2 0.3 0.2 0.3 0.3 0.3 0.2 0.3 0.4 0.4 0.4 0.3 0.4 0.3 0.3 0.3 0.4 0.4 0.2 0.2 0.3 0.3 0.3 0.3 0.3 0.2 0.3 0.2 0.2 0.4 0.2 0.3 0.3 0.4 0.2 0.2 0.4 0.3 0.2 0.2 0.3 0.4 0.3 0.3 0.3 0.2 0.3 0.3 0.2 0.2 0.3 0.2 0.2 0.2 0.3 0.2 0.3 0.4 0.4 0.3 0.4 0.2 0.3 0.4 0.2 0.3 0.3 0.3 0.3 0.2 0.4 0.3 0.2 0.4 0.2 0.4 0.3 0.2 0.4 0.4 0.4 0.3 0.3 0.4 0.3 0.2 0.2 0.2 0.3 0.2 0.2 0.3 0.2 0.2 0.3 0.2 0.3 0.3 0.2 0.4 0.2 0.4 0.4 0.2 0.4 0.4 0.3 0.2 0.3 0.3 0.4 0.4 0.2 0.4 0.2 0.3 0.4 0.2 0.4 0.3 0.3 0.3 0.4 0.2 0.3 0.3 0.3 0.4 0.3 0.3 0.4 0.4 0.3 0.2 0.3 0.4 0.4 0.3 0.3 0.2 0.4 0.3 0.3 0.3 0.3 0.3 0.3 0.3 0.3 0.3 0.3 0.4 0.4 0.4 0.3 0.3 0.4 0.3 0.4 0.2 0.3 0.3 0.3 0.2 0.3 0.4 0.3 0.4 0.3 0.3 0.3 0.3 0.2 0.3 0.3 0.4 0.2 0.2 0.4 0.3 0.4 0.3 0.3 0.3 0.3 0.4 0.2 0.2 0.3 0.3 0.3 0.3 0.2 0.4 0.2 0.2 0.2 0.4 0.2 0.4 0.3 0.3 0.3 0.2 0.2 0.2 0.3 0.3 0.2 0.2 0.3 0.2 0.3 0.2 0.2 0.3 0.3 0.4 0.3 0.3 0.2 0.2 0.3 0.2 0.3 0.3 0.4 0.3 0.4 0.4 0.3 0.3 0.3 0.3 0.2 0.3 0.3 0.4 0.2 0.3 0.3 0.4 0.4 0.2 0.4 0.3 0.2 0.3 0.3 0.4 0.4 0.2 0.3 0.2 0.4 0.2 0.3 0.3 0.3 0.2 0.4 0.2 0.4 0.3 0.2 0.2 0.2 0.3 0.4 0.3 0.3 0.3 0.3 0.3 0.3 0.3 0.2 0.3 0.3 0.4 0.3 0.3 0.4 0.2 0.3 0.3 0.3 0.3 0.3 0.2 0.3 0.4 0.4 0.2 0.3 0.2 0.3 0.3 0.4 0.3 0.3 0.2 0.3 0.3 0.3 0.3 0.3 0.3 0.3 0.4 0.4 0.3 0.3 0.4 0.3 0.3 0.3 0.3 0.4 0.2 0.4 0.3 0.4 0.2 0.2 0.3 0.2 0.4 0.2 0.2 0.4 0.2 0.3 0.3 0.3 0.2 0.4 0.3 0.3 0.3 0.4 0.3 0.4 0.3 0.3 0.3 0.2 0.3 0.3 0.3 0.2 0.2 0.4 0.3 0.4 0.3 0.3 0.3 0.3 0.3 0.2 0.3 0.3 0.3 0.3 0.2 0.3 0.4 0.2 0.2 0.3 0.4 0.3 0.3 0.4 0.3 0.2 0.4 0.4 0.4 0.4 0.3 0.3 0.4 0.3 0.3 0.2 0.2 0.2 0.2 0.3 0.4 0.3 0.3 0.3 0.2 0.4 0.2 0.2 0.3 0.3 0.3 0.3 0.2 0.3 0.2 0.4 0.4 0.3 0.3 0.3 0.2 0.4 0.4 0.4 0.3 0.4 0.3 0.3 0.3 0.3 0.3 0.3 0.2 0.2 0.2 0.4 0.2 0.2 0.3 0.3 0.3 0.3 0.3 0.4 0.3 0.2 0.3 0.3 0.3 0.3 0.3 0.3 0.4 0.3 0.3 0.3 0.2 0.3 0.4 0.2 0.3 0.4 0.4 0.4 0.3 0.4 0.3 0.3 0.2 0.2 0.4 0.3 0.3 0.3 0.4 0.3 0.3 0.3 0.3 0.2 0.4 0.3 0.2 0.2 0.3 0.4 0.3 0.2 0.3 0.2 0.3 0.4 0.3 0.3 0.4 0.2 0.4 0.2 0.3 0.3 0.4 0.2 0.2 0.3 0.3 0.4 0.2 0.3 0.3 0.3 0.3 0.4 0.3 0.3 0.3 0.3 0.3 0.3 0.3 0.3 0.3 0.3 0.3 0.2 0.3 0.2 0.3 0.3 0.3 0.4 0.3 0.2 0.2 0.3 0.2 0.2 0.4 0.4 0.3 0.3 0.3 0.4 0.2 0.4 0.2 0.4 0.4 0.4 0.3 0.2 0.2 0.4 0.3 0.3 0.3 0.4 0.2 0.3 0.4 0.3 0.4 0.3 0.2 0.2 0.3 0.4 0.3 0.4 0.3 0.3 0.3 0.3 0.4 0.3 0.4 0.4 0.3 0.2 0.3 0.3 0.3 0.4 0.2 0.4 0.3 0.2 0.3 0.3 0.3 0.4 0.2 0.3 0.4 0.2 0.2 0.3 0.2 0.4 0.2 0.2 0.2 0.3 0.2 0.3 0.2 0.2 0.2 0.3 0.2 0.2 0.3 0.3 0.4 0.3 0.3 0.2 0.2 0.2 0.3 0.4 0.4 0.2 0.3 0.4 0.2 0.2 0.3 0.3 0.3 0.4 0.4 0.2 0.4 0.3 0.3 0.3 0.2 0.3 0.4 0.4 0.3 0.4 0.4 0.3 0.3 0.2 0.2 0.3 0.3 0.3 0.2 0.3 0.2 0.4 0.2 0.3 0.3 0.3 0.3 0.3 0.3 0.4 0.3 0.3 0.4 0.3 0.3 0.3 0.2 0.2 0.3 0.4 0.3 0.3 0.2 0.3 0.2 0.3 0.3 0.3 0.2 0.3 0.3 0.3 0.3 0.2 0.3 0.2 0.2 0.2 0.3 0.4 0.3 0.4 0.3 0.4 0.3 0.3 0.3 0.3 0.2 0.3 0.2 0.2 0.3 0.3 0.3 0.3 0.4 0.2 0.4 0.3 0.3 0.3 0.4 0.3 0.3 0.4 0.2 0.3 0.3 0.4 0.4 0.4 0.4 0.2 0.3 0.2 0.3 0.4 0.3 0.2 0.3 0.3 0.2 0.2 0.4 0.3 0.2 0.2 0.2 0.2 0.3 0.3 0.2 0.2 0.3 0.3 0.3 0.3 0.2 0.3 0.3 0.4 0.4 0.4 0.2 0.3 0.2 0.4 0.2 0.4 0.4 0.3 0.3 0.4 0.2 0.3 0.3 0.2 0.4 0.2 0.2 0.4 0.4 0.3 0.3 0.3
26 148 40 30 88 13 174 138 3 67 49 91 101 64 118 153 54 126 76 138 54 41 27 100 147 29 32 68 49 141 133 35 157 63 48 53 172 141 170 52 118 92 72 142 171 129 108 26 96 29 45 82 30 113 41 16 9 126 133 2 100 33 2 102 85 154 99 152 23 102 132 158 86 79 165 128 120 114 170 1 98 63 16 163 12 169 122 101 47 58 84 60 138 156 28 34 172 12 1 69 142 41 71 175 111 97 139 105 31 60 173 78 81 139 176 35 57 130 93 39 16 25 109 4 139 94 60 172 74 138 58 76 41 26 97 64 63 73 21 117 139 128 151 128 165 160 58 107 132 34 88 155 64 171 25 106 173 135 61 49 40 82 108 121 19 146 50 19 2 110 28 173 113 165 172 164 106 20 45 58 114 7 36 134 111 108 92 102 24 12 53 106 156 146 124 123 59 160 50 65 43 22 54 50 9 9 159 127 30 83 159 119 27 95 43 125 160 44 72 69 19 40 60 77 113 36 139 5 28 146 145 3 137 66 158 162 4 80 69 156 174 142 33 152 129 149 147 158 133 152 63 124 179 19 86 20 73 41 110 91 99 12 126 163 156 170 51 80 58 11 89 145 77 151 148 173 108 138 1 110 129 172 150 78 133 71 37 24 23 6 66 99 168 55 34 178 58 86 162 71 146 59 163 114 134 77 82 121 165 66 17 32 160 161 10 154 119 49 153 22 51 130 161 99 6 3 55 178 68 123 86 44 31 100 4 60 144 29 158 172 143 163 17 33 56 27 32 16 6 165 3 134 45 31 51 144 127 158 140 104 97 81 64 167 151 33 1 133 15 180 73 148 103 112 177 28 121 64 140 158 24 146 87 126 123 178 28 165 146 101 176 40 95 21 96 22 134 61 4 93 138 164 6 13 59 57 70 81 96 26 150 134 145 29 163 98 40 91 62 49 101 74 160 128 30 169 166 131 53 150 13 139 156 133 150 166 170 159 6 15 29 51 103 123 173 5 23 78 1 148 68 46 16 112 65 88 101 2 120 52 60 36 65 116 169 41 149 79 83 127 34 11 123 67 166 89 12 176 130 150 73 4 12 41 168 4 120 156 153 161 114 117 2 133 40 10 6 13 44 42 99 147 107 56 45 150 136 90 129 121 52 122 67 92 53 170 129 75 37 13 43 81 24 55 76 8 156 157 17 176 126 45 48 150 94 142 30 77 3 39 47 176 79 42 58 173 12 41 81 179 98 59 63 158 107 16 169 155 57 167 10 112 25 10 10 151 142 177 157 60 176 99 97 144 67 111 120 131 46 37 90 161 150 65 107 179 21 92 107 113 99 33 104 97 123 141 107 56 38 47 133 75 79 1 65 154 108 69 45 83 145 97 88 139 120 68 139 93 78 116 38 93 61 39 158 162 70 138 64 43 32 52 141 42 162 45 29 98 81 15 156 31 60 65 130 107 2 9 99 73 85 83 156 52 40 74 149 161 40 154 48 53 82 120 91 79 46 154 125 163 34 177 38 37 5 119 25 10 38 139 20 159 101 55 130 83 123 161 148 44 122 8 163 152 29 176 177 72 29 169 162 84 13 180 124 77 25 94 170 147 74 167 114 147 145 32 149 143 47 138 95 140 11 10 88 140 67 153 67 112 15 129 67 15 115 163 114 103 173 86 172 174 128 98 44 178 170 129 93 140 132 145 137 5 5 129 9 16 64 18 11 117 61 157 119 22 92 39 18 67 99 165 162 20 167 126 65 136 29 120 166 22 116 78 26 151 93 73 55 105 31 162 90 29 125 127 18 135 7 32 105 1 74 5 146 171 96 102 154 9 136 162 14 41 167 92 20 63 53 46 75 32 158 45 99 100 163 166 178 109 47 145 5 54 21 95 92 137 98 75 39 154 92 134 27 159 157 36 137 81 126 125 67 166 170 101 127 165 170 14 86 60 140 151 140 163 133 128 97 168 142 63 125 39 163 44 21 172 54 18 120 56 144 154 149 156 90 24 18 158 96 128 132 13 123 68 6 71 67 173 91 125 168 10 27 113 90 22 97 84 50 79 7 13 43 162 13 53 29 162 117 124 144 69 95 155 172 37 170 173 37 54 74 71 132 114 39 22 8 136 103 73 147 34 165 179 3 87 53 14 40 69 134 19 35 52 179 130 83 29 19 113 175 32 120 6 154 107 166 145 30 106 138 118 100 178 136 82 101 5 101 48 99 127 68 56 100 8 5 55 98 173 92 124 79 26 165 166 3 139 159 4 113 180 17 114 163 83 28 88 21 32 7 123 64 123 151 29 104 107 30 155 82 129 135 70 175 84 105 153 56 144 114 168 162 50 78 124 44 19 22 67 83 29 26 113 144 33 84 100 153 162 130 7 179 63 154 119 52 112 64 1 167 162 42 134 154 130 160 144 13 158 39 126 156 28 16 124 32 24 71 100 167 149 135 127 27 168 143 3 138 9 47 92 50 115 156 59 104 21 72 81 130 66 123 92 151 71 154 81 164 149 65 9 73 159 32 177 157 132 95 4 25 180 128 23 151 163 52 7 88 130 36 56 66 1 134 27 47 145 111 89 53 81 10 132 53 87 115 61 12 1 20 160 57 16 58 56 67 142 50 176 149 91 90 46 156 56 5 33 34 93 76 57 25 63 52 92 37 8 148 20 140 3 122 42 96 21 137 131 17 152 50 99 1 11 180 122 163 69 95 161 121 130 76 29 17 173 83 119 98 114 45 7 52 18 100 158 145 163 164 174 6 146 110 178 4 130 60 146 29 6 5 34 15 153 19 5 56 28 97 147 65 57 45 68 25 176 55 123 17 26 59 27 79 84 148 59 131 171 12 30 78 164 87 70 75 166 102 63 171 112 8 172 92 175 161 44 102 40 96 180 5 174 161 113 54 18 81 118 29 30 51 128 6 153 18 37 126 64 79 64 31 57 157 95 20 41 126 23 146 3 16 83 15 113 64 116 66 10 79 155 116 89 88 152 47 45 87 6 44 112 116 27 3 109 54 96 105 64 46 166 88 86 125 50 33 31 148 151
118 71 171 67 97 14 55 50 2 179 153 142 153 56 48 161 86 160 179 145 123 130 117 153 160 82 74 175 148 12 94 51 168 149 145 22 10 112 72 19 42 170 29 179 3 75 79 119 25 151 159 16 180 40 122 70 55 51 98 99 155 174 122 58 29 18 162 31 51 93 44 50 109 119 64 166 152 54 151 135 38 34 87 3 45 171 52 96 29 140 167 97 42 171 88 32 94 170 82 146 36 92 2 90 128 28 109 34 37 93 127 42 108 49 39 117 129 117 146 40 56 120 128 67 59 90 19 157 92 72 4 147 80 50 79 4 97 67 92 40 136 37 100 119 54 118 63 38 177 100 159 54 141 73 69 22 154 15 76 73 96 69 8 79 25 131 167 106 123 66 174 80 107 61 106 25 146 46 65 112 58 27 101 176 50 1 17 15 94 132 41 17 152 86 98 28 50 124 161 76 104 16 64 89 83 63 147 55 76 8 104 145 179 65 134 158 128 86 125 107 41 121 74 132 46 50 178 45 13 60 20 81 41 26 35 87 79 100 135 105 50 145 13 179 103 23 90 89 74 77 54 53 16 70 73 160 102 38 16 128 105 113 2 29 119 175 35 15 67 43 90 110 80 154 164 129 5 98 6 134 118 50 4 129 16 73 19 57 129 14 53 1 145 158 148 98 75 54 87 138 123 134 125 38 82 42 140 24 31 9 98 43 159 61 75 5 144 24 176 167 57 172 77 44 142 69 180 5 175 173 145 161 77 109 157 109 101 103 142 176 54 163 110 171 93 171 18 14 74 36 153 125 114 82 156 61 133 137 167 120 178 3 11 167 58 150 33 47 40 104 52 154 177 51 32 65 123 73 115 28 74 130 99 56 140 48 14 178 145 114 43 84 63 78 66 121 87 47 1 9 52 111 7 179 127 4 64 16 110 7 92 108 178 166 168 130 87 30 174 122 82 12 62 90 106 150 62 31 17 127 52 17 145 107 77 132 151 93 145 85 146 97 144 47 20 3 20 167 154 31 68 68 154 157 75 31 88 177 28 98 119 4 99 128 38 107 18 93 26 134 37 21 12 140 164 41 139 128 94 97 130 31 91 80 10 29 176 19 18 177 36 65 43 14 170 125 178 100 7 21 87 142 42 128 68 122 55 157 133 93 38 35 133 137 68 114 24 53 92 5 29 62 171 140 111 180 85 19 85 113 52 75 52 142 84 171 149 126 131 159 54 139 160 173 85 143 90 46 88 127 97 131 125 59 157 43 3 146 99 77 2 115 18 66 108 40 126 154 53 63 95 110 59 118 89 72 59 66 57 107 76 67 56 100 34 94 64 11 31 94 174 48 10 45 170 13 5 66 178 145 112 48 98 125 110 171 164 137 61 73 62 48 142 54 158 7 24 69 88 164 53 4 167 71 45 105 141 32 48 162 179 42 142 106 12 169 76 39 79 105 104 87 2 31 120 131 173 157 88 92 166 73 41 104 119 180 99 19 26 117 21 7 141 179 141 142 113 104 166 148 54 119 138 5 172 16 33 7 63 6 110 86 160 82 128 28 22 32 53 50 17 111 171 3 153 160 95 98 165 135 24 47 15 131 178 143 166 9 180 29 82 86 36 15 115 177 165 55 61 23 123 126 23 86 156 32 78 158 9 70 113 9 74 179 97 19 118 121 160 41 65 55 37 119 109 22 78 40 132 169 7 176 96 108 71 6 69 134 7 24 180 98 25 23 102 38 139 31 23 103 36 74 16 81 144 103 28 168 161 98 81 46 90 86 129 11 164 36 8 180 138 177 150 91 3 123 36 71 69 19 59 135 39 147 25 107 8 26 161 92 85 112 49 121 102 88 35 35 66 148 160 87 152 46 63 34 128 175 71 116 97 114 96 129 90 18 9 8 8 133 170 155 122 121 179 25 153 146 179 11 20 164 26 24 135 125 4 11 52 35 177 160 125 81 68 155 82 169 143 58 176 33 169 40 41 75 117 131 22 118 95 60 103 11 81 167 106 164 9 176 51 73 11 51 44 51 29 94 53 22 65 30 95 72 31 61 167 164 73 134 144 21 81 27 85 51 123 2 50 54 45 9 86 160 7 106 88 137 10 17 153 42 58 18 5 106 23 69 58 139 99 119 97 119 56 12 173 158 146 21 158 23 31 97 40 56 163 177 170 33 119 164 14 141 152 50 78 17 96 11 154 12 89 71 75 73 166 167 142 115 89 135 48 67 79 45 11 85 133 27 8 154 16 90 129 106 91 45 44 80 177 108 43 151 149 64 79 58 132 148 164 144 16 78 48 94 109 15 1 66 152 11 112 113 92 144 65 56 1 176 133 142 135 74 151 93 22 17 54 141 83 85 138 97 64 126 11 103 77 7 96 80 36 39 169 112 152 57 17 156 124 127 112 173 130 23 26 94 31 69 125 22 169 133 71 98 51 172 88 131 77 155 163 64 119 61 75 110 100 108 136 1 8 46 12 106 60 114 21 178 157 162 39 101 85 178 130 59 115 104 85 142 136 8 112 4 51 81 126 150 31 28 76 163 105 103 57 178 81 23 68 141 159 103 32 106 167 137 7 170 111 69 23 39 118 47 73 10 33 69 139 21 151 27 180 159 57 33 107 77 66 140 130 138 156 31 169 154 177 85 137 130 5 144 15 7 101 88 35 91 136 55 100 157 155 16 50 10 48 61 59 59 12 92 156 21 61 123 56 90 153 178 70 64 44 93 119 152 34 96 100 147 114 156 4 137 13 128 143 17 1 130 50 104 145 18 31 40 87 3 70 155 112 113 49 107 162 2 18 47 133 168 144 8 98 16 178 161 51 24 108 36 47 38 109 102 170 39 16 128 99 114 180 59 74 49 91 47 144 71 76 66 66 121 77 166 140 72 123 90 39 16 24 145 98 112 127 101 33 117 85 127 89 100 70 121 16 37 74 114 39 146 66 86 8 125 27 113 95 32 120 63 107 61 106 97 17 108 47 144 8 21 166 87 169 173 144 93 145 118 50 111 166 117 35 108 110 55 108 151 5 13 49 131 66 35 131 126 137 19
162 80 65 135 152 156 24 89 91 153 70 43 139 94 56 73 29 113 33 126 73 3 17 156 173 20 122 61 77 155 36 113 17 76 83 133 139 4 41 154 9 50 165 100 51 43 92 55 16 169 162 166 105 31 154 139 100 117 115 50 28 9 3 19 35 144 85 18 136 87 162 153 101 123 135 171 168 163 48 148 174 26 125 113 146 136 168 146 42 106 44 175 28 142 69 50 158 165 37 61 33 31 71 160 16 32 49 120 110 77 137 40 150 174 62 143 171 159 93 43 63 68 85 54 130 88 180 154 28 132 100 44 92 176 159 94 87 34 131 119 36 31 79 79 17 107 69 114 135 133 13 80 69 160 147 8 66 50 83 54 121 29 52 172 176 78 113 149 61 115 50 17 53 176 57 143 176 141 123 40 127 179 85 72 36 137 40 10 106 57 133 10 148 128 148 44 154 26 50 93 67 95 39 95 110 111 177 14 163 115 36 22 176 103 161 80 18 74 79 156 157 141 11 96 153 22 170 18 153 129 125 176 53 1 155 61 1 118 89 177 164 39 109 109 74 129 75 138 147 40 18 168 142 142 132 162 68 25 7 14 94 142 61 126 68 23 138 173 174 48 71 127 61 64 4 48 76 50 175 129 82 165 53 21 2 38 52 124 50 53 175 148 13 114 97 70 137 149 54 118 159 47 92 146 145 118 2 149 79 87 44 170 154 49 25 6 137 62 53 96 86 155 39 10 121 63 116 39 65 118 126 107 72 63 98 125 166 11 97 22 82 3 52 152 165 96 38 91 57 174 80 59 76 17 79 153 85 165 116 31 145 158 133 14 176 164 56 118 93 25 137 82 117 129 154 143 71 93 62 92 79 165 143 120 124 26 13 11 99 175 14 24 70 67 93 114 167 132 143 164 78 92 161 136 170 136 101 174 64 9 10 26 116 17 66 138 39 70 77 132 89 52 42 102 121 114 50 85 41 179 105 15 67 56 17 117 50 158 160 167 78 1 27 68 76 14 156 44 57 100 109 154 44 109 18 174 120 122 124 151 140 115 81 58 65 101 72 71 177 74 4 2 78 123 123 163 81 150 69 30 138 159 6 79 15 127 74 163 152 108 88 135 51 44 113 53 153 112 60 120 42 2 177 103 150 15 17 138 146 38 77 72 103 40 169 108 171 11 165 166 98 71 37 56 2 150 44 137 62 64 60 47 68 131 167 137 51 168 98 21 87 144 104 107 158 78 95 114 108 21 18 20 71 77 136 17 122 49 91 126 73 67 127 172 147 123 105 78 154 152 34 109 13 179 65 87 93 122 173 24 111 148 151 115 150 130 145 49 125 84 123 97 155 68 112 119 48 72 45 76 120 99 138 146 97 129 36 170 118 15 56 111 175 159 12 106 96 6 79 18 143 139 44 88 176 23 159 68 179 16 106 58 42 174 180 78 73 8 58 47 172 18 105 30 166 46 134 12 34 18 49 99 62 56 6 33 8 174 159 70 136 103 155 142 48 134 109 46 61 51 155 52 167 57 60 96 107 151 43 54 140 173 23 168 1 40 46 179 116 150 27 59 12 43 1 54 53 20 60 15 46 75 140 135 71 82 39 35 180 147 180 135 44 67 57 164 74 161 133 145 111 130 135 171 36 148 127 175 150 169 4 129 117 171 75 110 82 5 17 150 29 78 151 27 72 32 107 147 62 160 99 124 159 108 9 172 7 113 53 87 32 90 135 1 124 37 157 130 136 64 59 109 28 46 70 72 168 106 144 48 145 7 3 80 107 9 5 97 61 180 125 98 162 165 28 120 22 94 53 66 43 33 117 31 32 41 92 45 93 147 54 16 149 161 128 16 21 110 77 134 76 90 76 149 101 55 168 68 3 69 41 156 12 115 45 23 31 144 23 65 144 115 55 24 138 74 26 170 144 96 65 42 90 118 177 50 159 4 98 1 120 33 117 17 18 111 9 70 25 47 136 102 141 121 65 114 38 4 40 103 178 41 80 111 167 24 90 51 87 25 36 24 166 173 103 31 146 90 129 152 57 123 70 70 56 160 8 46 86 108 57 173 53 97 117 72 154 84 48 121 13 43 153 61 152 139 32 42 149 134 103 137 14 56 75 154 147 154 159 38 125 43 50 158 50 160 164 58 13 103 177 77 26 132 14 17 127 152 106 11 31 59 79 74 109 77 165 156 164 25 149 27 73 9 85 178 103 108 42 28 132 56 13 66 40 9 74 95 144 40 4 124 67 99 67 110 149 35 7 148 133 84 70 74 6 29 68 84 121 35 89 61 175 144 159 128 72 120 18 124 39 149 67 111 44 69 93 145 151 61 109 92 132 32 170 17 69 8 96 52 105 64 55 89 120 17 159 61 25 162 2 33 11 22 144 93 131 47 151 134 6 2 61 10 35 52 58 114 117 35 88 19 17 146 104 125 112 32 159 18 78 111 80 8 168 143 154 54 104 35 76 136 80 157 98 115 127 149 13 125 125 129 105 81 85 28 6 131 101 153 82 1 140 158 1 174 131 84 100 177 138 21 142 14 133 111 47 74 154 127 67 64 154 109 59 178 136 52 11 108 63 99 136 167 43 123 156 37 95 45 113 49 130 145 119 124 4 127 29 88 14 145 168 87 158 86 175 157 149 98 96 39 92 19 22 153 88 175 48 6 93 172 34 30 27 77 27 68 166 173 128 160 149 55 76 114 40 30 26 123 28 56 29 165 21 158 20 49 168 97 79 44 156 146 62 54 154 156 25 52 23 75 114 125 14 27 129 42 107 152 62 127 16 5 10 2 93 50 112 11 84 99 29 137 74 87 177 28 39 150 157 24 83 40 149 108 12 154 105 96 106 60 13 64 104 48 7 155 15 49 70 73 160 8 26 160 7 60 51 37 64 25 67 54 143 162 14 110 25 8 122 40 96 44 76 150 22 80 31 175 160 124 118 9 35 178 63 23 76 146 66 105 93 142 65 67 40 157 6 105 33 21 74 152 149 176 176 173 164 1 41 73 163 70 76 50 16 47 109 121 1 28 31 109 106 12 131 76 63 66
30 30 33 90 173 140 135 125 3 35 144 108 113 66 151 113 164 30 68 15 35 114 101 61 164 61 21 125 38 130 120 41 4 165 86 6 167 102 158 10 53 175 149 32 140 57 140 25 130 173 11 86 180 93 159 15 29 31 165 180 115 180 158 59 177 127 44 156 62 109 132 32 131 69 17 128 121 13 77 117 141 164 156 173 78 83 108 75 32 83 116 60 135 43 115 97 101 37 141 39 131 70 37 145 30 67 163 5 154 34 108 74 116 144 125 128 140 109 174 70 42 57 94 159 89 7 11 91 57 21 82 134 153 154 81 68 18 109 31 177 176 73 53 12 4 156 41 105 163 172 133 148 19 131 6 42 29 140 69 21 94 39 75 54 156 15 110 50 56 102 108 142 25 126 18 87 168 120 39 112 79 63 1 160 44 119 64 32 36 177 58 68 90 8 12 106 119 27 146 23 168 117 172 156 27 107 68 16 47 123 149 47 101 5 147 147 102 40 36 21 45 17 12 51 162 25 22 70 166 14 10 104 64 7 41 67 47 25 21 76 175 19 33 87 18 47 124 20 95 121 149 123 9 129 38 22 109 35 170 105 14 148 149 168 138 168 174 121 121 142 60 179 170 22 160 69 20 166 56 178 42 76 102 44 130 53 46 179 22 143 127 135 121 58 68 59 123 112 60 173 46 176 153 168 78 142 133 32 169 136 49 151 178 102 3 19 60 54 119 39 148 150 124 71 6 92 63 162 176 94 178 144 44 56 8 44 91 40 39 148 31 63 88 173 51 136 125 47 12 73 141 177 166 105 128 123 41 115 99 69 70 48 119 66 4 42 149 78 104 136 172 24 71 144 123 7 177 114 65 105 24 93 82 127 131 67 21 172 32 106 173 40 49 150 90 112 20 39 170 83 5 119 25 128 38 94 52 17 10 133 15 124 167 114 14 52 92 164 33 148 137 151 10 118 75 79 83 4 141 27 129 115 49 119 113 97 63 12 141 164 92 35 135 47 18 40 70 59 175 134 163 42 34 123 174 171 89 109 56 69 161 6 6 61 152 111 176 59 163 109 5 17 116 94 44 61 59 89 23 133 23 27 96 3 122 159 126 8 70 85 52 137 170 133 2 4 139 37 167 176 162 81 55 59 81 26 112 110 20 66 9 2 18 31 102 23 23 88 69 51 105 148 116 173 7 15 154 21 173 37 73 29 84 102 33 149 10 90 145 177 52 135 42 9 3 52 89 5 62 159 25 38 134 88 172 38 14 71 23 30 7 135 113 150 79 100 100 28 68 123 45 56 130 65 65 46 64 17 123 62 140 144 162 94 162 170 107 175 49 73 177 19 128 152 160 51 71 54 39 104 60 61 53 137 127 53 75 149 106 133 45 136 110 67 134 37 115 106 62 17 147 128 70 1 104 152 31 48 164 61 41 139 17 109 94 56 12 61 81 80 51 44 68 132 111 21 177 32 45 101 126 14 31 89 61 132 171 2 158 111 75 168 152 165 30 49 107 173 121 86 73 138 151 99 168 10 84 142 141 5 175 175 98 147 163 30 65 76 117 101 52 41 125 170 69 167 30 54 11 139 83 4 62 58 47 176 160 28 137 69 178 88 117 62 167 128 96 121 12 73 164 1 87 157 26 163 144 63 4 51 127 51 20 150 23 42 144 41 31 58 5 123 94 64 90 151 78 130 64 68 144 157 149 81 103 141 85 61 138 138 13 138 106 99 80 26 143 67 176 46 51 168 42 57 156 6 174 123 37 169 52 71 60 44 95 12 138 155 85 73 160 66 98 62 39 114 112 122 176 6 53 65 35 37 15 131 9 1 171 113 131 48 25 117 103 15 146 38 108 66 98 143 25 95 30 32 97 27 125 108 102 89 28 23 82 120 136 51 37 139 44 166 177 158 114 91 38 12 80 158 65 112 4 156 35 67 171 119 10 162 178 32 129 122 18 19 148 149 20 151 156 91 70 86 23 91 66 157 60 76 65 81 42 139 24 115 74 119 85 85 53 134 14 108 6 41 5 174 26 86 112 23 101 97 67 84 94 85 176 22 180 72 152 171 88 16 176 120 144 77 98 153 136 54 104 160 33 62 82 158 13 15 146 121 147 51 64 18 31 112 94 163 171 86 34 56 166 21 50 71 68 13 132 165 178 22 70 48 61 3 174 75 178 167 4 89 69 19 35 11 41 27 21 67 60 57 45 50 139 112 90 123 65 21 51 143 95 65 175 50 150 170 127 2 109 18 152 45 20 16 12 142 161 89 115 48 68 128 13 5 150 159 136 136 44 17 81 174 49 118 60 128 101 88 60 130 19 152 146 69 48 121 99 157 153 124 112 112 179 40 111 135 24 147 98 146 147 135 9 119 29 73 117 62 117 141 51 2 159 130 121 63 117 67 20 69 173 95 50 154 115 18 45 120 156 118 114 11 154 19 170 135 151 94 35 68 133 57 143 160 153 148 86 129 40 114 178 112 24 63 21 49 51 159 11 131 79 144 142 97 116 81 31 136 144 50 5 96 148 159 33 82 41 69 93 9 125 64 54 83 101 118 6 39 163 67 83 114 49 110 82 104 141 135 33 86 53 134 157 70 21 83 40 165 16 127 50 166 142 99 141 34 78 98 128 94 55 38 92 133 161 59 148 119 85 137 74 114 16 11 77 105 23 119 15 61 147 38 46 179 133 69 178 73 128 16 177 139 109 150 44 69 69 153 139 144 137 26 29 142 49 43 44 134 144 82 150 40 63 136 169 153 16 130 64 96 131 71 82 59 89 67 147 105 10 28 115 37 54 9 146 30 153 107 21 56 136 131 137 89 20 80 89 115 130 142 119 115 14 2 151 112 21 175 58 65 121 176 172 102 1 145 122 38 122 162 74 95 104 75 135 75 122 151 68 138 48 40 163 152 139 99 77 106 76 110 167 178 150 13 35 84 22 78 83 16 167 28 122 119 113 117 72 4 155 103 75 2 135 126 142 147 166 115 121 130 38 135 132 77 132 177 166 18 138 55 106 166 100 82 149 173 97 113 162 26 94 42 177 78
61 35 114 42 127 109 169 60 152 143 33 15 163 117 156 153 79 68 7 45 32 122 104 153 59 10 159 70 109 147 19 149 87 69 17 88 93 78 140 127 173 22 54 35 4 149 21 119 122 166 126 109 21 42 17 147 36 102 146 116 157 1 134 143 176 90 33 53 57 20 5 111 63 71 171 162 124 107 102 1 167 63 49 31 32 11 27 10 171 171 65 33 26 34 154 26 86 146 129 92 177 116 124 111 18 26 171 37 26 128 175 109 124 90 155 175 39 115 21 67 139 157 96 108 3 35 34 30 90 36 29 83 135 55 60 75 30 172 42 20 36 12 143 5 67 60 30 110 161 173 175 96 103 85 108 7 45 35 101 99 24 20 14 21 130 60 118 70 78 180 114 38 101 166 11 25 7 5 42 58 21 156 7 78 35 150 178 101 84 58 67 139 140 67 109 98 48 119 129 56 112 29 169 70 146 48 14 103 102 66 75 149 43 10 110 154 121 42 82 35 76 70 61 109 36 162 23 149 18 57 144 28 98 60 100 121 73 133 54 123 53 5 129 152 107 105 165 107 70 2 13 60 55 26 27 118 124 38 71 151 95 89 45 21 16 56 94 174 175 53 80 166 83 133 97 73 31 66 21 6 153 171 120 114 144 113 56 151 45 124 7 118 19 141 9 33 138 35 129 56 68 42 17 129 165 127 97 77 115 115 27 81 36 90 117 171 89 23 141 158 113 79 157 54 78 99 103 49 76 65 144 112 34 165 152 89 83 153 159 135 128 33 170 33 40 170 1 167 24 5 92 152 21 38 83 144 159 84 18 121 60 141 170 99 85 47 92 177 145 99 80 58 99 172 39 33 6 179 90 62 124 151 58 8 62 158 50 156 28 92 54 106 75 41 111 134 8 17 106 153 7 9 82 154 92 18 76 159 92 88 89 60 73 153 104 67 174 48 81 42 50 173 96 163 84 114 113 54 143 119 145 139 99 85 86 9 68 166 40 71 22 169 88 150 180 88 92 21 42 6 155 6 139 7 161 117 150 122 1 125 112 39 154 111 82 9 40 180 104 19 73 77 97 146 136 20 47 87 101 85 159 51 7 37 153 112 56 52 92 70 131 115 37 124 160 149 76 61 86 117 158 13 73 146 43 42 146 6 35 18 103 180 65 145 101 1 16 88 89 96 149 14 85 53 108 30 139 69 36 99 82 84 153 42 164 18 55 10 130 170 136 129 82 93 69 119 143 22 70 100 15 71 72 135 41 40 92 44 71 63 107 5 178 169 81 179 144 116 166 168 6 57 156 100 82 107 167 160 53 82 159 107 102 101 45 17 60 130 9 61 146 177 173 56 135 173 83 50 29 178 105 139 109 123 84 135 57 161 34 134 30 159 13 166 111 11 113 167 24 134 103 144 162 49 24 159 163 51 142 165 180 44 59 153 26 137 152 50 86 92 51 39 138 131 16 52 73 143 47 166 24 11 12 79 81 94 7 2 97 136 30 172 167 62 134 171 156 166 152 32 34 21 2 90 140 109 68 79 82 47 165 40 91 139 64 158 147 25 136 149 150 172 63 151 162 83 15 85 111 102 161 95 28 53 90 128 27 127 75 175 58 171 38 149 122 150 157 141 13 60 67 27 86 46 48 112 37 170 86 116 84 87 37 144 162 91 154 78 99 71 10 81 61 47 27 71 116 140 35 61 20 48 5 4 15 134 74 174 146 89 24 78 152 166 123 81 105 116 178 165 122 27 151 67 41 174 41 16 78 165 108 117 144 7 89 9 42 180 131 137 114 74 163 76 16 28 12 27 21 24 147 158 86 93 42 126 3 20 124 152 167 86 101 150 84 178 51 111 109 154 160 154 81 178 150 131 170 5 79 50 84 29 139 65 16 89 137 87 101 21 30 112 151 120 26 119 131 134 31 167 92 71 134 73 63 127 141 102 142 44 67 85 177 121 35 162 100 17 148 40 25 100 109 125 75 170 50 107 59 69 135 122 113 95 74 36 92 55 95 20 68 171 158 156 159 2 58 114 118 2 145 124 38 97 180 93 168 107 44 119 130 110 164 120 173 168 109 148 140 79 39 140 48 101 158 180 99 112 91 126 99 74 52 39 169 157 114 162 71 95 13 177 68 115 41 84 167 158 126 147 40 148 52 135 59 92 79 61 97 36 87 69 134 151 74 147 43 67 149 120 26 130 59 99 64 121 29 146 74 102 67 47 68 133 158 11 163 103 180 72 81 25 173 77 48 161 40 71 52 55 49 93 34 21 81 122 11 97 51 136 68 9 31 138 53 147 35 45 8 53 121 6 7 170 115 42 155 62 52 158 84 75 109 113 142 61 128 4 1 37 120 95 97 11 175 101 14 149 129 96 35 121 56 22 56 134 116 178 81 52 116 82 13 3 2 85 165 83 98 153 161 133 36 169 164 161 131 166 58 104 72 18 76 178 62 102 168 105 81 65 65 45 18 58 42 141 113 135 125 20 52 146 85 167 14 34 119 159 42 91 30 118 99 103 50 167 42 139 64 4 28 89 90 164 74 84 170 173 118 176 70 2 151 138 54 5 45 73 47 176 115 103 27 63 169 23 161 10 116 147 28 44 89 166 49 132 73 106 78 67 81 3 87 46 2 68 136 83 92 143 72 122 136 49 122 32 98 80 142 149 156 43 122 113 144 127 163 112 143 121 176 123 91 59 163 64 23 178 73 90 172 35 176 132 16 139 43 109 56 15 128 114 77 147 105 47 158 163 4 42 65 46 173 99 148 118 66 111 31 133 1 61 73 40 45 95 133 44 89 57 149 103 94 85 151 106 85 62 156 80 7 146 2 17 66 113 6 146 77 127 176 124 66 107 124 155 136 37 152 88 58 120 74 33 107 81 37 103 138 117 13 100 81 155 69 124 107 91 38 169 29 33 137 22 148 31 116 153 136 19 103 25 19 169 44 60 145 143 96 161 82 115 164 91 15 178 155 4 87 28 26 161 77 98 125 57 116 25 68 113 152 132 143 30 180 90 93 8 161 86 91 18 174 109 27 51 62 147 63 28
5 149 21 90 141 56 147 83 168 81 129 110 149 144 165 72 8 176 48 62 107 98 79 2 39 59 63 8 122 68 148 172 73 176 86 165 34 48 38 147 179 27 156 49 76 176 85 65 8 164 152 133 140 143 48 63 122 151 52 23 168 3 86 138 29 34 52 57 139 146 2 85 139 95 70 76 135 131 101 10 174 68 5 37 157 6 175 63 7 130 27 108 94 44 95 67 15 150 113 105 62 98 158 88 46 57 177 66 20 70 126 42 7 97 4 115 90 65 1 22 124 19 152 169 32 145 67 175 31 171 90 131 139 171 2 177 157 132 62 156 165 100 141 32 39 161 88 148 17 144 118 14 62 70 18 101 129 170 20 13 91 31 75 134 148 111 179 85 116 22 1 42 112 163 81 130 62 107 87 79 105 146 83 6 175 44 82 110 32 126 86 120 141 146 26 112 52 134 95 149 169 116 31 8 93 142 45 45 45 29 135 14 148 49 147 135 107 13 6 84 180 151 124 77 170 67 163 12 61 109 108 110 141 35 45 19 174 18 67 155 70 109 78 11 62 99 170 39 179 169 30 151 176 102 95 113 90 123 160 24 61 71 92 20 115 159 148 87 142 58 95 58 13 8 108 29 86 62 164 95 170 119 63 43 143 129 121 159 16 79 160 26 147 107 42 126 35 164 86 125 47 74 161 42 139 8 86 1 142 52 51 60 128 142 124 176 48 27 92 156 150 30 101 133 166 127 21 176 54 13 134 107 88 43 139 11 68 12 30 83 19 60 91 9 89 166 168 66 152 38 120 97 111 42 131 129 150 16 6 172 116 26 123 56 129 166 42 25 11 139 54 158 132 167 6 1 86 62 175 105 149 97 91 24 147 121 98 124 108 76 177 135 162 164 52 18 130 103 163 5 41 131 51 148 84 115 26 112 43 83 33 167 151 44 23 96 103 145 133 14 39 169 36 119 149 86 67 117 174 64 148 19 52 166 51 56 129 127 119 146 128 89 107 16 170 54 117 67 141 67 97 15 128 163 126 54 80 20 171 150 96 86 53 1 94 10 138 61 171 24 23 130 155 96 164 172 123 165 15 23 117 158 16 163 28 23 83 154 4 146 72 44 100 143 166 77 160 19 86 99 175 78 55 166 3 103 85 49 113 154 176 165 127 106 108 109 173 55 177 79 142 50 41 120 142 45 112 117 158 81 138 20 36 6 178 165 150 18 135 20 41 77 141 119 12 110 24 170 87 128 87 142 46 37 168 174 168 137 44 84 138 114 96 134 130 142 152 111 104 102 14 48 138 125 163 90 5 135 9 124 136 126 133 105 45 123 4 24 22 97 130 119 126 149 111 178 5 63 85 55 36 118 98 154 101 50 148 83 124 178 135 129 46 148 132 7 133 110 134 63 152 123 46 21 129 123 94 10 121 48 56 1 73 36 89 84 2 28 61 70 4 74 164 115 11 132 127 114 129 115 180 172 22 180 115 134 41 24 2 51 166 137 91 72 111 27 24 49 61 52 31 171 52 94 118 74 93 93 99 78 170 145 121 124 176 135 22 23 167 141 141 109 173 4 65 30 84 67 11 160 65 110 149 11 9 134 67 47 105 175 51 97 69 43 172 124 163 153 57 141 177 30 59 167 80 163 7 90 102 45 102 103 138 172 144 84 149 47 137 140 60 48 16 46 59 113 59 12 53 6 101 54 170 168 177 13 126 103 95 157 173 140 154 127 1 53 174 91 147 16 129 127 169 19 143 47 57 153 108 21 134 40 145 16 8 8 141 172 95 155 93 154 122 46 23 151 72 2 162 83 92 111 101 6 164 148 42 161 122 17 89 47 111 56 174 89 100 11 96 46 109 112 160 4 121 23 55 164 40 179 137 58 45 134 86 175 75 26 177 72 125 124 106 162 41 89 52 51 5 20 67 48 32 80 167 143 7 123 139 36 56 66 147 43 20 18 57 60 39 64 6 80 99 138 98 121 49 92 151 20 160 163 172 80 131 43 89 62 142 64 77 93 68 73 152 67 64 91 56 136 176 37 152 61 102 144 154 140 98 19 43 76 127 127 35 61 39 84 37 164 59 159 90 80 116 104 133 60 98 56 106 62 14 101 178 91 19 125 179 11 158 23 120 150 117 170 20 51 135 137 17 95 73 179 122 86 170 51 8 150 140 35 87 113 112 126 40 149 78 129 8 110 12 153 88 4 22 57 94 14 161 178 176 66 105 131 95 69 48 21 98 17 107 25 94 179 79 173 59 24 177 154 84 133 49 149 5 61 32 47 179 110 179 41 80 151 177 155 178 59 143 53 142 156 88 15 23 144 11 32 159 105 180 119 1 171 170 4 57 60 7 27 163 105 85 28 65 153 25 170 21 114 92 158 99 174 147 122 91 89 31 152 163 19 161 98 88 31 48 146 151 73 165 21 161 66 99 164 27 97 73 156 127 139 173 154 28 135 120 131 93 112 30 15 119 76 21 86 21 115 125 117 112 112 20 79 122 130 36 169 167 167 14 4 95 153 143 12 70 73 32 78 138 94 28 169 90 32 140 18 44 64 89 34 171 34 52 55 24 36 50 156 180 78 106 155 68 170 95 135 17 43 140 155 130 139 65 1 91 9 151 123 104 157 141 12 136 140 166 24 91 150 115 135 125 147 45 115 33 124 68 31 127 160 156 89 163 81 139 21 85 74 26 35 60 97 173 164 83 52 179 46 79 32 2 83 61 29 98 128 81 156 91 163 162 74 121 31 18 69 46 96 60 123 4 177 173 147 109 62 83 158 11 59 130 87 64 23 73 164 156 166 110 175 169 139 13 20 148 151 161 72 73 73 72 146 136 171 167 63 58 58 145 161 42 43 146 57 31 70 102 92 107 74 127 84 160 51 180 146 147 68 138 119 143 36 42 163 2 44 161 59 158 32 39 162 170 128 25 137 179 136 167 178 150 73 52 45 175 179 167 12 66 152 114 56 44 127 51 51 154 80 57 36 137 8 125 113 179 102 39 43 150 173 123 141 39 22 40 86 6 19 27 6 180 112 136 117 113 27
3 125 27 104 96 157 3 119 22 89 117 86 40 168 23 6 180 47 165 110 77 153 91 136 30 132 81 79 37 72 92 77 151 158 133 138 60 36 45 164 148 13 161 19 73 53 89 118 9 175 77 180 123 53 47 49 46 14 121 83 94 98 25 128 10 6 180 63 121 180 60 103 53 158 120 35 129 5 77 170 83 157 115 103 99 54 40 74 49 33 40 37 29 70 176 57 102 42 25 156 20 87 26 97 161 163 22 63 115 105 67 132 19 105 123 135 140 44 160 140 24 83 170 52 166 39 144 108 21 141 82 136 174 177 25 32 92 42 52 141 77 104 137 75 43 58 107 71 180 175 22 173 127 101 70 44 92 123 17 38 35 118 77 22 157 128 144 146 106 33 107 85 15 34 118 66 72 56 3 33 80 159 37 112 23 40 162 157 114 54 105 88 82 66 102 120 11 27 174 117 4 146 114 37 89 118 169 76 45 9 28 84 95 16 135 47 160 12 162 169 53 116 13 27 169 6 28 86 53 89 24 2 41 37 167 147 40 120 108 103 11 6 63 176 175 28 96 130 55 22 89 138 154 90 6 103 136 87 136 124 86 177 84 174 169 133 9 169 90 49 7 10 69 47 103 65 77 3 75 78 106 41 62 164 59 85 3 172 36 34 18 128 48 39 135 11 120 171 81 40 12 118 84 45 5 168 69 48 176 60 25 121 108 177 120 92 176 137 24 98 23 172 173 124 150 70 56 112 50 2 132 162 151 53 35 15 47 19 171 123 75 80 113 44 109 55 43 133 35 27 176 137 87 51 64 159 131 62 31 112 59 160 10 151 173 113 165 94 59 141 127 169 141 62 51 86 142 59 59 119 107 138 11 177 76 51 136 164 123 54 137 26 81 129 137 45 130 179 167 95 72 141 111 126 142 70 151 83 78 40 104 139 165 19 120 73 55 103 161 117 115 180 55 144 47 103 123 145 34 81 177 121 179 46 68 46 21 130 10 125 47 63 117 129 45 121 134 13 85 22 110 74 144 35 91 121 82 125 117 109 103 15 138 149 161 104 47 124 71 20 25 153 19 109 29 155 77 80 29 135 96 26 177 145 48 64 48 31 175 8 94 173 82 122 69 175 111 131 180 31 112 43 170 130 20 148 26 137 133 12 106 167 128 22 8 168 144 170 112 133 107 23 171 103 61 34 158 102 73 82 162 140 69 177 106 110 28 67 14 107 9 115 95 175 6 28 14 5 42 63 64 118 111 68 8 150 90 2 3 98 174 47 5 69 22 121 20 2 41 134 125 122 41 82 47 101 61 160 113 148 67 45 97 53 142 155 18 130 169 48 42 73 129 125 177 44 71 46 76 103 33 73 168 103 111 169 143 139 46 50 43 97 35 94 145 170 7 101 158 26 104 117 26 49 11 113 135 13 98 167 11 176 100 94 5 124 17 53 159 158 77 3 127 69 170 112 8 132 143 56 3 121 103 97 53 168 177 162 59 70 168 57 116 54 114 10 99 80 31 53 132 66 152 109 20 67 161 69 88 81 52 122 176 165 105 27 175 20 89 39 160 147 142 72 33 90 69 89 60 9 2 2 130 127 165 109 131 28 71 16 4 171 54 64 142 50 56 133 149 57 124 100 166 146 47 161 40 75 147 74 20 95 170 97 49 88 27 27 20 174 83 141 136 117 47 46 174 175 146 80 55 138 175 57 121 20 139 106 121 157 170 12 110 176 110 16 23 127 127 178 65 6 137 59 143 180 178 114 45 135 30 40 152 75 145 99 139 126 174 158 116 156 66 43 132 20 14 69 132 175 120 49 13 101 6 84 165 30 144 31 64 73 114 85 1 91 99 120 50 25 35 173 127 153 128 156 52 104 90 34 120 40 36 111 111 19 52 76 99 90 112 89 97 47 114 31 86 157 178 114 2 180 120 84 133 86 131 19 135 26 100 61 104 156 149 124 82 33 160 114 162 62 28 156 156 17 109 118 128 71 60 59 5 84 27 52 87 92 20 96 43 61 94 6 54 22 66 21 158 114 17 124 149 71 44 44 62 59 168 92 8 153 135 153 178 41 49 102 62 36 12 157 156 22 2 98 73 141 174 172 115 62 22 48 29 80 70 14 54 32 96 126 179 137 152 162 151 73 82 97 104 165 153 96 8 33 144 143 99 88 117 26 149 173 85 175 128 87 59 101 44 63 180 79 16 45 71 69 69 5 136 47 145 22 168 117 137 25 162 34 56 39 45 130 173 56 77 26 21 64 64 119 142 84 31 160 98 43 5 62 44 75 17 17 30 115 159 32 26 117 164 156 72 51 94 152 139 146 30 147 94 91 111 141 125 155 109 9 75 84 14 131 177 33 152 125 62 145 170 54 93 35 19 100 10 150 75 109 12 163 36 101 83 73 97 177 18 121 2 37 139 77 123 25 148 168 38 47 70 143 176 65 38 61 142 8 86 52 105 20 156 38 90 99 91 167 26 59 51 26 114 157 108 80 62 173 137 81 63 8 36 169 122 34 82 169 85 98 62 69 59 14 123 175 163 29 158 23 136 27 102 40 27 131 39 155 29 74 104 104 34 11 109 174 27 102 124 107 142 59 121 1 102 161 124 8 28 5 86 117 77 119 127 42 136 168 172 174 81 173 40 96 125 88 151 26 137 105 146 24 33 143 103 81 98 118 123 151 79 48 5 87 90 75 58 95 70 31 85 128 180 142 105 80 108 114 70 8 50 153 113 88 22 144 61 26 118 101 174 48 1 50 21 67 92 144 104 44 160 124 14 42 62 160 60 75 23 176 162 60 60 144 35 112 127 136 114 57 31 60 153 123 19 156 31 116 125 44 83 77 34 46 146 71 87 109 126 2 26 156 76 180 16 17 53 37 55 146 44 33 112 133 157 108 135 26 71 175 1 126 113 139 97 83 40 179 58 139 136 154 61 9 100 77 170 155 51 93 15 60 123 108 79 23 19 101 45 114 19 33 105 63 28 77 5 162 140 104 106 70 72 154 81 97 90 34 169 78 174 167 43 159 50 150 50 106 117 70 8 103
88 36 53 171 147 154 108 150 146 19 41 83 165 73 56 95 85 17 154 84 4 137 10 71 136 86 11 58 98 86 128 137 33 25 38 136 122 132 120 80 100 129 15 19 33 104 90 11 88 95 35 27 2 160 84 124 70 108 178 157 38 115 179 129 67 97 150 106 2 51 116 121 12 48 172 51 25 22 60 155 180 69 39 155 91 50 151 59 134 163 164 100 53 176 18 70 83 15 19 63 53 162 176 21 134 34 156 86 25 20 173 157 133 145 53 89 23 137 155 81 28 23 120 9 89 155 164 62 66 34 140 35 105 27 48 64 8 128 6 1 175 17 90 108 54 88 151 73 130 159 9 69 55 6 51 129 64 79 97 152 22 111 36 23 111 39 28 4 43 30 109 42 73 75 137 16 82 53 34 102 166 87 62 22 108 178 94 96 108 110 174 101 81 71 119 91 24 112 112 109 32 27 35 81 174 81 136 45 151 39 71 101 2 103 167 123 94 31 133 180 83 165 98 131 44 178 179 84 120 170 86 136 145 107 86 148 59 113 83 82 173 69 172 75 69 105 1 101 35 101 96 124 161 121 13 8 16 110 162 160 16 129 97 75 71 78 54 170 151 60 141 130 165 180 80 176 157 8 140 92 161 81 178 79 152 152 120 62 31 113 160 175 152 95 51 18 76 134 40 74 155 132 52 73 159 58 32 107 138 90 165 124 65 177 164 102 35 72 18 129 58 126 175 162 57 128 82 36 5 37 39 2 63 135 113 177 145 135 33 145 67 32 43 144 170 47 92 73 68 110 177 33 122 62 96 68 126 99 41 11 160 7 39 36 145 4 83 128 179 171 13 88 102 45 78 127 53 4 8 8 165 75 63 149 41 2 163 70 24 51 165 85 164 163 43 128 28 36 33 140 105 91 7 33 120 106 79 174 159 100 24 154 78 175 103 107 64 99 131 20 26 139 130 160 126 70 123 6 168 98 48 132 41 162 93 92 148 126 45 106 76 162 136 34 103 162 69 64 118 91 77 109 88 152 22 98 113 94 51 40 150 85 51 102 92 102 165 24 116 91 144 33 62 70 35 118 78 109 111 25 178 106 42 47 4 80 47 59 94 107 54 75 92 38 35 67 104 159 168 21 40 73 9 130 66 61 152 107 8 82 106 152 147 44 24 15 7 23 27 114 126 29 88 18 40 21 77 132 108 103 71 175 46 144 146 166 178 29 155 21 137 23 101 134 118 17 22 169 100 9 45 129 71 108 66 9 97 137 51 176 120 61 5 124 133 120 24 175 150 46 76 22 88 37 149 50 21 82 15 74 173 152 59 107 20 157 68 11 53 55 82 85 81 87 174 151 61 57 121 160 99 149 32 116 110 153 128 86 144 71 103 42 19 2 11 174 180 99 120 52 81 86 3 146 133 22 145 56 111 170 178 45 63 134 2 79 57 156 180 63 158 8 166 62 24 112 139 7 99 70 82 111 139 54 136 139 67 97 112 138 102 142 137 4 36 150 45 158 118 71 113 106 87 175 66 89 108 147 35 91 72 76 96 129 81 177 97 15 128 105 22 26 124 23 86 80 145 167 112 74 67 94 52 98 57 29 124 126 165 149 146 123 178 152 17 168 101 62 99 79 74 81 121 11 77 100 8 27 57 45 25 173 39 178 40 8 135 22 48 43 156 127 25 114 24 58 30 54 9 50 114 74 102 138 32 137 28 76 125 130 106 145 168 14 19 115 115 75 168 4 18 91 172 162 157 52 87 73 29 143 178 20 131 42 16 5 79 128 123 39 132 88 180 144 54 112 60 54 145 152 168 85 161 26 45 100 26 91 58 86 88 92 68 110 27 60 40 15 86 120 103 28 37 33 13 171 122 78 28 14 99 165 66 155 63 66 77 87 95 120 61 94 151 30 27 167 170 26 146 171 69 42 123 93 83 44 63 165 122 42 121 43 93 96 167 20 87 64 119 113 175 105 173 4 5 157 109 123 1 44 171 127 45 141 108 10 106 72 64 54 175 88 83 106 7 55 164 19 107 168 33 160 157 92 2 107 8 29 151 153 35 170 132 137 47 135 168 133 147 85 176 108 96 97 148 176 101 146 165 92 3 109 166 48 138 68 130 119 127 24 71 92 157 99 140 98 66 96 171 40 20 16 90 161 108 147 59 4 11 87 168 89 166 114 154 157 134 116 175 173 105 108 122 152 77 60 8 47 156 4 55 154 38 57 26 165 140 74 42 180 36 155 131 20 66 167 114 79 35 127 175 168 55 117 54 129 24 179 155 11 100 81 137 48 105 133 84 75 46 98 106 112 53 130 172 72 87 70 140 175 123 20 104 71 157 129 19 30 108 116 162 100 6 87 28 113 36 18 35 119 169 91 11 151 139 108 77 159 127 21 67 91 23 115 68 116 173 74 63 64 122 108 21 150 178 140 169 95 25 176 173 52 122 6 147 127 30 110 158 76 14 54 97 20 70 20 81 126 95 136 155 140 156 22 16 85 154 129 107 113 179 82 91 180 84 150 177 15 112 105 146 177 80 19 36 54 129 163 105 27 11 159 121 77 19 107 163 74 51 74 96 45 46 168 80 44 16 42 12 116 53 146 134 89 100 78 152 58 138 92 130 151 100 152 22 15 7 23 44 82 161 83 136 52 159 115 68 169 23 158 140 19 136 90 82 158 172 149 47 140 104 35 100 146 137 76 180 106 61 54 102 160 175 179 72 25 13 24 145 77 169 122 172 127 46 21 99 88 26 10 169 167 39 135 94 165 21 116 33 78 106 57 44 44 29 58 176 92 63 25 66 167 39 140 46 133 135 119 54 104 125 112 133 56 31 146 104 82 128 50 1 129 166 123 74 160 164 48 91 89 66 32 147 97 11 158 85 161 100 14 9 43 17 149 86 85 167 31 170 60 169 17 77 30 57 82 36 75 137 22 140 119 176 42 136 156 142 46 141 54 125 130 180 7 170 62 133 118 178 15 63 80 180 118 149 115 164 57 75 138 149 71 56 178 11 49 59 166 100 37 177 16 39 2 70 171 164 89 27 65
159 67 163 46 44 73 164 139 79 23 16 163 132 61 125 131 33 6 25 15 101 105 49 100 167 77 125 116 153 15 94 152 31 2 4 34 145 48 5 115 60 82 83 106 154 113 73 44 150 22 167 122 11 59 135 43 92 131 132 168 60 1 95 84 45 36 157 64 106 22 138 23 180 21 8 163 137 53 89 74 142 20 85 77 98 118 143 166 169 12 146 57 122 86 14 148 75 134 40 173 160 17 53 12 41 124 140 109 118 17 65 28 30 8 177 134 126 172 63 112 8 168 174 92 104 79 134 6 130 85 132 15 124 102 12 36 149 32 116 7 24 66 47 76 168 37 14 93 139 170 107 80 43 146 141 175 79 153 25 61 2 126 113 134 113 33 13 62 148 117 110 159 164 12 82 104 119 107 177 105 17 78 92 105 113 95 63 177 43 100 113 102 79 118 107 96 92 23 104 94 65 111 60 161 68 37 111 41 76 23 136 141 134 90 57 114 86 130 119 144 98 57 163 40 58 172 53 47 30 47 96 43 75 27 86 93 43 166 156 6 5 168 63 7 139 111 137 164 36 141 156 63 5 160 39 78 127 73 80 158 152 161 53 7 43 180 18 127 44 18 28 99 176 138 163 40 39 75 91 20 20 26 9 155 134 171 100 173 77 25 18 72 35 6 11 139 158 84 32 173 179 54 6 100 109 151 22 29 102 119 118 85 98 69 16 143 148 60 168 39 32 129 142 99 10 66 56 76 49 150 13 58 105 66 150 94 158 10 150 104 34 77 150 27 49 129 177 67 142 43 164 17 7 112 98 91 160 66 111 94 50 26 148 35 62 99 47 75 103 21 9 80 20 98 51 43 165 12 1 130 33 171 1 169 101 100 166 4 151 159 137 17 91 26 24 123 92 49 119 66 12 166 120 113 2 86 159 70 141 93 104 89 137 88 83 54 19 173 106 61 129 136 121 165 113 65 88 23 164 64 31 18 109 142 108 51 134 40 42 122 101 2 94 71 20 74 29 178 160 108 7 88 135 111 157 75 134 109 114 7 32 7 88 166 166 49 104 150 42 170 10 122 29 47 84 144 18 109 57 36 92 45 72 62 34 100 12 45 41 70 10 12 74 138 147 148 171 99 150 95 180 65 100 21 145 150 102 165 171 124 73 109 125 13 146 79 19 148 132 71 178 30 139 5 6 123 42 42 150 115 34 106 19 173 9 5 93 6 139 94 1 18 106 114 72 83 120 32 41 24 3 137 114 129 5 132 158 159 85 170 128 109 144 137 149 150 63 174 111 90 69 78 103 175 110 8 47 123 36 15 166 71 29 83 47 125 163 19 106 53 122 2 76 40 163 101 84 127 8 41 42 57 18 17 68 127 79 58 61 28 56 162 41 177 21 167 7 86 38 160 131 80 108 72 20 134 146 63 56 86 41 110 128 49 38 64 27 61 118 166 138 150 37 138 97 44 170 93 107 40 39 150 17 61 64 80 73 16 32 94 1 109 85 46 18 58 81 16 3 5 94 153 117 69 36 41 17 32 136 135 53 162 79 116 72 65 148 75 9 65 158 84 27 75 177 80 122 95 25 86 171 116 129 88 52 43 31 126 31 78 154 84 20 155 144 25 167 25 163 76 149 167 101 159 17 139 19 78 156 129 164 100 141 157 11 40 156 45 100 42 29 73 159 163 10 90 97 69 160 28 54 103 128 154 136 65 148 72 129 11 173 32 173 62 109 160 125 87 60 171 46 178 170 145 157 120 135 162 137 47 13 66 139 90 150 1 75 53 61 71 146 166 42 122 38 66 149 136 104 57 38 22 28 36 167 176 19 91 180 129 47 13 75 53 67 96 132 176 96 21 118 112 127 138 12 75 144 167 74 109 100 123 19 156 95 116 127 77 117 166 155 48 177 4 82 72 36 97 69 103 82 119 108 26 133 17 171 105 144 76 167 42 70 103 107 18 141 69 125 118 127 120 30 30 128 135 162 72 102 101 36 44 86 84 24 22 1 146 152 3 108 112 101 104 121 101 42 47 122 18 35 90 143 129 163 179 69 92 145 136 44 173 173 112 111 101 81 102 169 47 51 86 177 103 46 35 167 165 23 19 97 71 87 101 163 96 148 148 104 80 56 71 159 44 61 106 32 135 82 28 25 160 5 17 114 143 30 53 35 3 114 84 82 134 53 140 93 63 7 73 52 35 11 107 64 58 141 121 125 178 37 110 84 89 133 9 12 8 99 41 78 101 125 123 107 150 27 66 40 79 63 108 122 9 78 55 110 171 118 119 38 93 68 161 166 137 155 85 164 4 88 124 160 136 118 44 115 34 94 154 143 68 156 67 34 42 114 156 40 40 2 1 15 167 134 112 41 46 19 64 4 22 69 67 4 48 8 133 103 27 134 140 97 105 80 69 57 10 3 139 41 123 65 45 26 117 173 108 128 157 136 40 59 119 165 144 102 117 127 69 19 46 80 103 14 54 163 19 108 77 45 21 111 129 3 26 36 170 117 169 42 1 34 34 61 34 93 51 11 59 132 90 168 175 85 21 137 153 162 128 177 70 35 92 158 1 45 146 122 37 127 28 16 111 6 44 149 102 55 29 60 140 79 6 142 3 131 125 138 149 109 124 157 56 112 75 71 133 91 114 164 179 58 76 106 5 162 38 22 9 157 159 40 58 152 55 90 104 65 90 44 100 57 137 111 149 144 140 78 121 107 70 162 84 42 49 48 91 45 51 145 100 2 33 29 67 26 149 46 47 68 6 26 117 74 93 139 60 65 172 147 3 46 103 34 92 60 88 20 97 37 52 28 24 11 49 120 61 132 86 70 54 136 148 6 46 77 169 69 112 72 175 168 120 153 112 15 35 22 146 69 151 24 154 5 15 15 78 115 98 90 139 94 90 164 149 125 69 154 49 73 18 168 47 32 48 157 130 151 30 167 37 151 86 88 14 25 173 169 53 135 9 147 125 84 30 142 174 44 25 48 53 140 49 98 13 135 23 12 45 154 164 61 73 63 115 97 156 37 100 123 107 1 119 29 117 52 75 105 122
138 63 106 70 25 80 69 13 124 21 70 119 126 94 83 124 79 140 92 109 7 39 102 30 22 129 124 21 97 4 79 47 169 173 25 38 91 2 10 152 9 141 169 47 172 78 54 78 146 96 10 53 162 73 43 178 86 129 137 108 101 140 64 46 115 120 144 176 81 91 12 133 31 61 5 124 7 122 50 12 32 154 57 59 121 153 16 89 84 32 29 77 83 179 132 80 80 167 128 175 45 179 180 79 39 138 81 160 99 169 138 76 161 107 122 18 152 106 62 147 139 44 98 152 10 148 108 173 99 51 112 127 83 141 77 73 103 36 127 128 60 101 140 74 85 49 61 36 74 10 46 1 21 52 69 79 57 102 48 96 123 46 125 123 146 176 97 130 121 64 85 52 4 98 146 160 147 87 117 39 69 114 11 153 18 136 160 147 173 33 16 71 92 98 161 105 103 16 153 141 147 47 16 84 91 69 38 55 41 64 77 18 57 115 121 43 98 166 139 101 64 128 37 111 93 128 56 45 164 20 40 94 117 40 137 62 69 155 38 31 13 107 64 112 153 126 61 38 167 56 41 121 147 121 75 140 132 108 175 171 172 172 171 161 92 1 169 108 83 46 159 10 23 129 11 155 57 20 176 98 97 20 124 107 120 84 73 78 144 135 96 108 15 75 71 148 38 150 138 13 56 70 53 108 155 12 49 88 116 139 57 96 37 89 83 83 17 70 122 20 40 177 20 150 82 33 165 117 44 100 37 20 97 170 143 63 39 19 36 110 147 46 141 157 76 78 48 68 161 110 71 20 172 112 103 40 178 159 163 60 107 8 82 170 167 9 78 124 171 81 64 144 107 83 101 157 143 7 148 150 168 12 75 45 129 9 87 72 16 157 154 151 106 118 158 14 108 153 123 126 25 120 169 34 169 44 110 172 66 172 62 152 30 106 28 80 105 139 86 180 8 86 22 138 51 158 117 21 4 134 110 92 1 158 69 115 158 50 116 77 141 144 135 153 24 179 123 101 15 94 17 108 103 55 56 78 85 34 136 32 102 45 149 104 110 50 2 138 29 37 85 158 113 65 122 151 78 143 106 77 85 162 40 35 54 33 93 19 108 9 128 82 38 47 113 48 95 149 163 146 55 163 21 166 85 43 16 169 86 25 29 44 53 147 175 13 64 16 76 37 75 122 92 113 44 107 8 138 140 11 163 8 80 101 63 84 114 169 28 96 21 169 58 166 20 95 156 55 174 75 84 115 27 170 15 70 163 49 145 104 25 83 63 145 76 153 9 168 33 127 127 24 146 171 36 159 79 109 44 63 2 136 142 69 2 74 121 112 146 55 23 160 137 69 166 144 108 117 76 33 59 63 59 67 59 41 105 67 136 65 2 102 72 56 89 36 115 126 121 144 163 123 22 101 11 160 92 149 175 134 6 144 165 101 177 28 137 29 70 120 14 126 100 141 130 114 109 117 50 13 125 8 58 94 159 80 111 40 38 46 5 41 129 31 71 80 17 29 86 94 135 172 82 120 57 64 151 74 164 87 150 160 176 178 6 166 9 107 62 150 34 122 125 98 69 15 170 149 124 84 142 178 36 172 140 128 99 116 8 97 100 148 41 63 2 134 10 53 4 38 141 61 169 159 117 15 160 57 34 177 39 161 49 55 71 132 136 51 155 7 167 59 151 91 179 3 162 21 85 53 38 168 162 86 76 162 153 47 93 75 21 77 111 68 83 7 132 61 47 127 57 133 8 53 47 11 165 176 82 15 74 119 120 95 120 116 75 135 81 43 17 133 104 111 9 153 77 89 19 40 88 55 79 82 32 58 123 38 63 108 107 8 125 85 84 73 171 42 75 141 179 63 22 30 79 71 124 136 42 147 37 164 76 140 153 78 140 150 106 32 117 111 111 101 142 29 160 94 74 123 123 178 176 145 51 95 27 37 65 113 35 94 169 126 170 103 88 154 114 5 101 37 132 16 109 130 41 157 132 72 88 128 114 102 7 82 16 74 48 14 82 69 37 122 91 61 141 164 130 37 22 14 145 120 150 72 35 130 6 66 146 43 126 32 56 104 128 134 121 4 49 25 67 69 137 128 177 156 82 7 10 15 138 115 179 133 42 165 49 63 176 28 70 47 129 73 82 47 1 50 1 73 4 104 37 13 58 124 160 136 40 80 45 116 11 66 38 100 170 158 137 155 11 145 62 141 76 159 63 23 180 31 139 129 161 23 178 18 52 112 54 49 65 19 12 65 147 23 5 30 145 8 68 21 120 89 32 71 16 111 168 72 173 170 143 21 99 178 149 129 85 21 168 175 114 69 82 81 117 106 94 138 21 76 31 100 89 170 54 169 34 133 120 38 121 137 100 92 93 72 96 7 115 94 134 34 144 120 141 130 82 124 79 59 35 78 139 147 69 121 47 149 73 31 93 133 169 135 134 76 82 5 173 92 42 166 34 109 84 180 83 113 158 103 170 86 3 159 77 10 153 179 44 80 55 111 15 163 37 139 78 76 18 128 167 166 145 75 164 114 145 76 46 75 64 155 129 10 11 102 127 132 75 100 28 49 143 60 52 66 103 3 144 139 90 12 139 20 21 92 54 143 18 54 68 34 90 122 116 14 80 131 119 167 122 101 166 162 107 105 168 142 140 138 1 163 55 130 33 163 162 16 119 46 119 38 166 47 100 31 122 137 166 15 152 87 105 125 138 88 109 44 31 174 145 178 89 92 51 140 149 86 65 152 85 29 5 161 43 92 135 47 133 89 173 1 131 141 44 164 44 62 170 77 56 34 71 138 120 174 78 24 139 102 71 1 94 68 95 60 116 3 148 159 58 28 143 53 87 173 44 111 122 65 47 110 70 25 101 154 154 31 69 174 172 13 37 90 176 63 139 88 164 23 118 13 26 69 66 10 120 85 48 29 171 126 55 49 49 51 42 152 142 38 75 163 52 153 14 155 169 113 145 130 21 24 28 168 69 64 76 41 40 14 178 125 30 178 110 172 94 103 140 55 88 32 67 34 137 115 78 175 101 156 6 167 143 148 105 92
88 166 14 3 148 110 110 2 80 44 77 161 151 53 67 112 170 97 40 92 122 117 65 104 136 8 138 37 161 172 157 131 77 47 159 42 142 5 171 17 7 172 2 30 42 142 150 105 78 81 119 56 99 6 88 8 48 61 158 94 65 115 83 130 73 117 177 88 92 132 3 112 114 2 51 177 138 105 47 172 89 44 92 33 94 176 107 22 147 168 173 2 177 12 149 101 26 91 21 165 174 41 133 55 127 56 39 106 15 79 107 11 30 55 145 102 5 150 154 69 136 140 126 44 61 34 85 8 3 34 28 50 139 166 103 72 108 73 155 6 82 11 141 91 74 134 120 127 127 106 43 47 115 166 11 177 99 173 110 83 168 106 15 170 127 66 105 57 85 45 166 43 125 140 146 156 153 153 118 97 158 109 142 147 96 162 16 54 15 89 35 43 100 113 175 125 103 170 122 148 174 129 69 9 92 99 155 103 56 77 84 140 94 96 65 81 143 34 129 169 12 130 70 142 6 3 63 138 96 78 76 46 40 166 48 67 34 159 62 10 55 7 120 65 8 139 152 152 149 159 147 125 22 43 52 85 90 157 74 113 172 67 100 150 2 78 30 150 86 124 84 16 62 144 100 127 54 137 176 96 74 151 40 44 35 17 49 131 108 27 159 33 134 117 74 42 68 34 104 171 48 34 132 169 19 116 95 166 110 138 91 86 108 87 99 172 115 87 94 112 100 172 92 35 120 58 19 39 77 94 109 127 99 70 89 165 163 168 130 59 146 118 143 71 65 157 166 88 41 70 175 40 162 135 125 160 146 55 40 17 83 26 142 141 78 29 93 50 118 76 15 42 55 140 74 151 14 76 177 61 89 168 37 135 133 173 24 174 145 63 132 159 145 118 130 24 108 50 150 5 50 114 44 122 119 9 131 162 56 145 71 92 163 147 43 29 81 15 57 115 98 165 125 14 161 141 97 38 20 133 115 54 58 3 148 33 65 117 92 96 69 45 140 46 22 82 109 162 137 164 90 5 142 55 153 106 16 118 81 156 125 114 18 128 86 133 127 74 130 24 74 140 66 134 38 76 28 1 33 111 80 90 173 124 78 131 35 141 125 175 14 101 54 100 21 155 126 41 177 55 92 172 3 38 51 37 91 14 125 90 175 46 25 11 155 178 117 31 138 30 173 104 144 126 139 22 154 47 116 9 124 2 84 69 33 108 61 164 37 115 54 27 17 164 109 65 130 88 3 104 92 61 1 66 68 23 69 32 107 102 45 35 110 168 142 16 119 119 20 59 140 134 176 11 146 104 102 51 94 79 77 116 70 10 35 65 4 66 32 33 107 29 143 57 27 16 24 151 164 69 157 23 74 95 84 96 89 170 163 171 167 122 19 105 151 81 6 171 20 73 133 78 128 64 17 11 122 175 106 30 32 143 9 75 73 74 46 159 121 62 28 176 165 67 33 163 11 75 130 37 54 149 24 48 89 21 67 39 41 34 114 139 170 174 46 78 58 95 13 111 61 19 27 13 116 60 38 58 156 4 109 92 93 32 35 42 117 175 82 145 2 64 138 176 152 2 145 107 45 158 100 93 80 174 28 154 70 36 168 50 20 10 118 168 123 31 134 169 154 48 20 39 126 129 35 124 7 66 118 147 20 50 87 96 131 19 11 143 112 159 66 24 18 129 141 56 147 104 8 145 102 37 109 39 72 138 111 27 75 22 168 75 38 110 41 60 114 64 121 163 49 93 107 8 136 167 85 9 63 136 22 58 7 64 108 85 1 170 68 47 153 127 24 8 99 19 87 175 35 97 142 35 134 16 32 26 154 34 105 173 110 135 120 30 115 174 158 11 60 39 84 160 167 18 122 123 158 159 138 131 75 144 142 123 89 155 68 25 99 11 47 39 69 49 117 33 113 14 138 79 14 138 158 23 155 148 71 66 171 126 89 75 16 130 75 100 53 45 83 91 115 33 52 98 12 40 104 51 69 176 108 33 85 85 101 24 131 47 141 36 153 33 130 157 82 85 4 48 107 75 166 61 92 36 100 129 76 177 124 97 144 140 11 141 75 153 4 43 80 6 174 34 172 173 153 115 153 169 7 10 58 134 48 124 131 112 117 57 174 25 109 69 102 120 22 123 1 126 33 34 70 146 32 35 52 96 164 83 142 25 167 81 169 57 11 159 70 154 143 59 66 127 88 170 69 179 146 35 72 168 150 97 103 160 69 82 5 22 116 108 52 112 66 172 81 169 167 157 126 103 166 140 93 40 18 137 41 10 85 177 20 44 111 140 104 110 11 38 114 12 168 172 174 70 42 91 138 52 176 5 73 62 63 28 107 13 29 130 27 106 25 38 179 135 1 158 26 82 85 82 148 103 127 19 114 129 133 87 108 177 5 169 66 107 80 92 93 33 68 12 53 75 24 114 149 78 76 65 107 92 44 80 171 54 116 180 10 67 156 111 52 35 92 44 134 160 103 177 100 92 123 30 122 26 2 164 77 21 118 53 6 51 176 30 81 144 124 171 116 146 92 83 166 61 177 83 52 5 156 179 11 56 99 176 45 83 9 118 60 20 130 14 169 136 51 30 1 95 77 107 31 123 20 26 143 80 14 149 6 81 49 145 62 162 127 116 164 60 31 142 54 20 27 158 150 107 85 1 100 4 156 8 161 96 159 73 75 48 48 141 42 2 115 148 129 15 18 37 162 91 43 50 41 94 23 173 119 49 77 118 85 102 50 123 31 151 103 160 168 71 42 28 22 129 160 44 28 23 15 11 154 169 73 120 21 159 169 36 55 124 64 69 30 30 107 11 20 4 2 65 52 163 78 158 26 163 23 51 3 20 51 148 171 80 130 148 146 82 170 153 4 57 119 67 100 31 51 173 126 137 144 94 175 19 15 5 158 126 170 149 129 160 80 9 174 129 160 62 150 23 68 20 94 94 72 101 77 50 54 11 162 69 30 170 117 88 168 103 149 45 30 79 175 42 110 111 83 74 126 81 108 122 3 86 113 108 29 132 73 82 49 132 81 65 155 39 108 170 25 178
3 48 18 54 12 90 49 160 53 35 93 10 11 78 124 161 154 153 70 42 88 93 106 143 148 57 90 30 157 35 59 61 121 42 80 120 32 62 154 30 41 121 156 87 104 88 69 52 23 8 171 157 104 146 50 63 27 134 77 23 50 6 67 92 143 155 119 62 180 94 14 42 96 147 25 14 160 15 96 175 131 157 5 159 96 170 14 72 120 34 140 15 48 17 71 148 169 130 115 47 14 17 45 5 97 78 59 116 178 118 3 81 24 13 35 17 67 54 12 5 153 131 120 148 91 14 166 144 53 137 135 164 121 22 157 42 84 50 96 119 46 173 142 178 156 115 107 102 159 170 173 43 4 166 151 135 153 141 138 35 122 168 137 73 154 132 162 163 37 140 120 28 116 62 107 55 118 154 96 47 155 24 136 40 118 115 138 53 12 169 9 120 64 36 73 32 134 151 174 171 179 117 178 138 14 18 171 12 129 174 173 90 168 27 161 156 142 36 84 144 46 167 105 71 113 164 179 39 138 73 34 143 128 36 172 51 36 142 121 38 144 115 54 56 72 65 153 72 110 24 155 57 69 60 91 161 70 89 83 177 175 106 34 54 52 100 135 33 46 53 153 116 80 118 33 179 46 94 55 40 150 75 27 74 154 2 37 112 8 20 74 146 156 14 140 111 176 78 131 153 124 128 146 112 102 139 119 173 117 6 71 87 145 136 117 60 29 156 135 50 146 32 45 53 80 15 158 122 85 136 99 115 30 87 91 149 79 48 164 177 20 25 174 147 139 70 82 1 24 17 179 158 57 21 53 99 66 43 122 48 115 118 54 133 84 6 56 163 54 91 127 19 81 99 148 80 150 149 104 126 130 108 8 109 19 59 41 144 13 157 12 112 130 26 159 5 155 175 35 63 123 176 159 175 169 31 152 94 9 69 3 143 168 161 104 17 9 160 140 26 170 60 20 53 45 165 158 86 144 95 132 125 82 21 165 161 175 132 130 109 10 82 14 164 69 150 119 113 71 17 52 172 160 120 106 30 86 20 63 79 131 82 103 79 87 106 133 150 140 26 6 127 96 14 149 133 58 106 4 6 77 74 30 143 3 97 103 107 108 64 125 50 158 75 106 30 51 64 27 38 21 75 8 4 63 169 177 44 133 28 14 118 10 180 60 23 137 36 87 13 172 42 72 118 115 123 124 25 58 87 160 167 172 88 33 14 35 148 149 106 125 80 72 5 176 23 15 66 122 167 46 106 121 121 102 140 33 2 130 49 141 144 134 65 136 122 150 119 159 58 84 150 110 97 107 14 95 74 15 72 79 66 92 54 23 105 46 137 149 39 2 24 65 64 98 43 37 179 114 97 154 174 107 19 140 46 46 63 111 68 69 159 22 164 31 127 139 173 82 44 90 99 147 180 128 82 68 88 49 68 8 76 180 176 133 92 97 55 3 54 43 163 112 19 123 40 134 131 17 126 21 148 147 114 113 67 89 17 119 128 121 39 92 24 78 7 6 95 1 142 126 159 157 53 156 66 127 75 61 112 1 145 14 142 12 38 90 172 55 92 67 150 146 14 177 138 154 112 117 143 77 26 115 68 62 1 103 7 18 39 8 147 34 27 179 29 23 42 94 22 50 56 96 75 30 146 95 172 64 29 58 168 16 157 96 32 74 100 165 104 54 38 142 176 146 147 8 158 179 90 103 166 88 167 19 152 40 114 137 92 170 61 161 148 53 21 125 88 61 131 73 58 99 41 180 58 134 106 41 24 114 96 120 47 145 2 34 97 11 137 45 175 56 43 13 78 62 33 57 17 101 68 145 15 118 15 62 84 140 161 54 80 54 157 52 88 146 140 168 57 63 175 21 170 108 131 155 175 41 176 71 122 23 26 169 46 62 24 15 119 4 142 34 40 41 37 94 42 149 28 176 43 79 148 132 159 179 41 150 139 93 57 26 153 89 78 166 94 2 5 165 108 146 137 104 107 165 176 98 147 131 11 98 5 3 5 116 74 63 14 162 20 105 14 54 168 84 67 34 48 143 108 10 146 38 180 31 106 168 54 39 56 87 56 179 59 96 44 172 144 31 85 92 42 21 76 180 110 21 89 115 159 14 67 146 47 164 50 92 40 50 72 64 63 47 109 121 72 124 158 179 13 164 15 88 176 5 23 112 141 21 138 1 37 168 144 140 135 79 25 29 157 72 47 2 20 127 36 3 43 42 140 170 116 39 85 1 168 25 96 46 102 49 63 45 154 173 66 17 164 6 33 111 16 127 41 106 172 87 157 3 36 147 33 62 141 22 63 140 118 71 72 114 80 86 116 124 72 43 51 124 10 106 135 6 8 122 124 111 180 172 63 171 43 19 49 165 18 123 9 166 128 152 126 24 167 54 62 87 162 147 120 146 150 87 114 12 161 169 34 59 145 127 88 126 84 48 15 57 146 95 109 92 63 112 25 138 107 170 120 50 172 25 115 150 153 95 168 29 105 109 52 118 27 153 115 119 16 62 165 115 106 24 172 168 134 65 149 20 129 140 19 26 150 157 50 46 113 165 14 134 39 139 95 66 170 10 91 121 63 150 63 158 79 170 147 40 42 116 143 146 37 116 51 46 94 47 33 153 148 30 121 61 57 78 177 175 50 90 139 101 107 164 61 147 75 93 170 12 9 129 149 133 124 122 148 29 61 177 27 16 38 16 127 91 58 173 157 159 132 83 38 13 109 20 60 12 102 151 64 41 28 28 164 118 73 108 54 43 142 132 49 117 46 173 43 37 118 55 68 10 91 119 40 68 16 126 166 145 2 134 174 18 157 162 153 21 134 31 147 35 48 46 75 122 64 155 34 74 20 175 59 74 83 93 177 138 123 64 93 170 77 95 23 84 99 76 106 11 168 8 105 128 64 81 14 63 57 178 12 89 87 91 175 136 150 112 71 87 27 127 56 29 59 177 23 33 68 147 142 3 80 44 43 143 151 15 154 76 17 155 151 180 176 17 25 39 43 166 107 35 177 47 169 33 40 11 58 34 76 176 164 102 107 14 99 83 85 175 29
0.3
0.3
0.3
0.3
0.3
0.3
0.3
0.3
0.4
0.3
0.3
0.2
0.3
0.2
0.3
0.3
0.2
0.3
0.3
0.3
0.2
0.3
0.3
0.4
0.2
0.4
0.4
0.2
0.3
0.3
0.3
0.3
0.3
0.3
0.4
0.3
0.3
0.3
0.2
0.2
0.4
0.3
0.2
0.3
0.3
0.4
0.4
0.2
0.3
0.4
0.2
0.2
0.2
0.2
0.3
0.3
0.3
0.3
0.3
0.3
0.4
0.2
0.2
0.4
0.3
0.4
0.4
0.2
0.2
0.3
0.2
0.3
0.3
0.3
0.2
0.3
0.3
0.2
0.3
0.4
0.3
0.3
0.3
0.3
0.3
0.3
0.4
0.3
0.3
0.2
0.3
0.4
0.2
0.4
0.4
0.3
0.3
0.3
0.3
0.2
0.4
0.2
0.2
0.4
0.3
