70 12
15
17438
19605
19527
19376
19468
19477
19820
18724
19125
17760
20370
18868
20071
17944
20722
1.5 35.7 73.1 2.2
3.8 22.1 86.3 2.5
3.7 12.5 69.7 1.8
2.6 43.7 74.4 2.2
3.3 14.7 83.5 1.6
4 32.7 87.1 1.8
4.8 31.2 88.8 2
2 43.2 76.6 1.7
1.6 47.7 58.7 2.4
4.7 22.3 68.7 2.5
1.9 36 13.6 2.2
1.7 40.5 91.8 1.5
4.5 48.8 16.1 2.1
1.4 23.6 17.4 2.2
3 34 23.6 2.2
1.6 35 85.5 1.9
3.6 21.4 93.3 2.3
2.2 33 49.2 1.9
1.8 19.8 26.2 2.4
4.2 10.9 87.8 2.2
1.3 11 7.6 2.5
3.6 13.3 69 1.9
4.2 38.1 14.3 1.8
1.7 10.3 81 2
1.7 46.8 10.6 2.3
2.4 23.5 90.2 2
2.7 42.3 11.4 2.4
1.5 46.2 70.2 2.4
1.4 42.7 14.6 2
3.9 38.4 38.6 2
4.3 33.4 82.7 2.1
3.2 43.3 40.5 2
3.8 29.8 52.8 1.7
2.1 45.5 74.8 1.5
1.4 13 55.7 2.2
1.6 41.5 55.1 2.3
3.9 16.4 52.6 2.2
1.9 38.9 81.5 2.3
1.4 44.6 58 2.3
3 42.6 23.4 1.7
3.2 17.8 44.8 2
2.1 38.9 35 2.2
2.1 11.3 93.1 1.6
4.6 47.5 26.1 1.6
1.9 38.2 71.2 1.8
2.1 15.2 56.2 1.7
2.4 25.1 86.5 2.1
1.9 43.3 7.6 2.5
2.1 36.9 16.5 2.4
1.2 32.1 45 2.2
2.6 31 76.6 1.9
2.8 13.6 77.2 1.6
2.3 45.1 32.7 2
2.9 34.4 70.7 1.8
5 40.4 91 2.2
2 37.1 7.9 1.6
3.8 22.7 26.9 2
4.6 31.3 6.1 2.1
1.4 37.3 86 1.6
2.6 46.9 22 2.3
4.9 21.9 77.7 2.4
2.9 24.1 78.3 1.8
1.2 47.6 75.3 1.7
3.9 28.5 24.7 2.1
2.6 11.4 53 1.8
3.9 29.9 66.4 2
3.1 49.1 56.2 2
1.4 13.3 62.1 1.9
4.2 37.9 59.5 2
1.4 49.8 55.6 2
4.6 40.2 67.5 2.4
4.9 30.3 14.1 1.6
4.7 30 66 2
4.9 20.3 34.2 2.1
2.3 39.2 48.4 1.6
4.9 40.7 29.9 1.9
4.5 25.3 25.8 2
2.6 19.7 65.2 1.8
4.2 24.5 71.4 2.3
1.3 41.4 63.3 1.8
1.4 44.1 32.1 1.5
2.1 13.7 84.7 2.2
1.5 21.4 52.6 2.4
5 46.5 10.2 1.9
4.3 11 22.7 1.9
4.8 15.8 83.8 2.2
1.6 24.3 35.6 2.5
1 30.2 35.9 2.4
2.7 36.7 76.4 1.9
2.2 47.3 93.9 2.3
1.8 14.8 91.8 1.8
5 35.6 10.3 1.7
3 44.7 74 1.9
4.6 35.3 60.4 1.7
2.8 26.5 69.2 2.5
4.4 25.2 48.2 1.5
5 17.5 88.7 2.3
2.6 19.5 74.7 2.4
3.6 46.8 41.4 1.5
4.4 37.5 45.1 2.4
4.7 31.9 60.4 2.3
3.3 46.6 38 2.3
2.9 49.2 68.3 1.9
3.1 40.3 17.4 1.8
2.1 11 54.8 1.7
4.2 12.3 82.2 2
4.1 22 46.4 2.1
2.1 24.5 86.4 1.6
4.6 27.8 59.3 2.4
1.3 36.2 56.5 1.5
2.5 35.4 39.3 1.8
3.9 30.3 16.2 2.3
3.9 21.3 51 1.9
4.5 41 86.8 2.3
2.5 13.1 85.4 2.2
1.8 19.8 21.3 1.5
4.3 20.3 55 2
2.5 15.5 9 2.4
4.8 21.4 22.2 1.6
1.5 21.5 38.7 2.5
4.2 16.7 6.5 1.6
2.8 11.7 74.9 2.3
2.4 40.1 10 2.3
2.4 17.6 92.3 2.5
3.8 27.5 6.5 2.2
2.2 46.6 53.8 2
3.8 28.8 32.2 2
1.9 35.9 63 1.5
4.1 37.9 86.4 2.5
1.2 38.5 50.3 2.3
2.5 32.3 44.7 2.5
4 40.3 23.6 2.5
1.2 18.7 6.7 2.4
1.7 38.3 69.5 2
1 39.4 66.2 1.9
1.6 42.3 77.2 1.7
3.7 26.8 57.7 1.9
4.7 28.4 92.9 1.9
3.3 11.9 29.3 2
2 27.2 49.8 1.8
5 24.5 69.3 2
2.3 25.2 9.7 1.6
2.9 25.8 20.9 1.6
3.3 43.4 14.3 1.7
2.3 38.8 80 1.6
3.7 40.4 81.8 2.5
2.4 20.4 61.8 1.9
3.3 39.8 11.1 2.1
4 24.8 8.2 2.2
4.3 47.3 31.8 2.3
2.3 29.2 75.6 1.7
4.3 35.9 52.1 2.3
1.6 22.7 67.7 2.4
2.2 44.8 71.3 1.8
1.2 24.7 33 1.8
2.7 45.7 51.6 1.7
4.6 47.1 72.6 2.4
2.7 12.2 90.1 2.4
2.7 45.1 64.8 2.4
4.7 11.2 12.9 2
2.7 22.3 68.2 2.4
3.1 30 59.1 2.5
3 34.1 56.9 2
4.5 41.8 35.3 2.4
3.4 40 92.2 2.4
3.6 26.8 60.6 1.5
3.7 41.7 71.5 1.9
4.2 34 30.4 1.7
3 48.6 50.6 2
1.4 13 37.7 2.4
1.3 16.6 9.9 2.4
4.2 16 41 1.8
2.2 14.4 44.2 2.5
1.7 16.2 63.1 1.5
3.7 26.7 36.6 2.4
3.6 18.1 63.5 1.8
1 39 24.2 2.5
1.6 32.5 12.9 1.6
2.8 13.8 76.3 2.2
4 32.1 83.5 2
2.9 10.2 45.7 2.5
4.7 45.6 74.5 1.9
3.9 30.9 16.2 1.8
2.1 34.9 60.6 2.2
2.8 42.2 83.4 2.2
4.4 27.5 75.8 1.8
1.5 43.3 6 1.8
4.5 34.8 82 1.8
4.7 41.3 39.6 2.4
1.8 43.9 52 2.3
1.3 45.1 21.8 1.6
3 46.3 69.8 2.3
3.2 30.5 66.1 2.1
2.1 38.9 69.5 1.6
2.6 44 15.2 1.7
2 31.2 59.3 2.3
3.5 27.6 21.3 2.3
2.4 17.5 62.7 2
4.6 29.7 92.2 2.1
3.7 34.1 27.8 2.4
3.3 41.7 94.5 1.7
4.8 44.3 70.5 1.6
2.7 32.9 41.4 2
4.8 35.3 50.7 2.1
2.6 30.4 20.7 1.5
1.1 10.2 41.2 1.6
2.8 37.7 54.6 2.1
4.7 42.4 74.1 2.5
4.1 10.6 54.3 1.5
3.1 13.2 72.1 1.9
3.8 38.3 40.1 2.2
3.9 18.7 27.7 2.4
3.6 45.6 73.4 1.8
5 22.4 12.4 2
2 47.4 77.8 1.7
4.4 43.1 50.3 2.1
2 42.3 64.2 1.9
2.9 13.3 21.6 2
2.9 48.9 42.8 2
1.8 34.6 66.3 2.5
1.9 36.1 33.3 2.4
2.8 34.9 47.5 1.7
3.6 33.5 91.3 2
3.6 29.3 48.2 2.4
3.8 12.3 12.4 1.6
4 44.7 87.1 2
3 29.6 35.3 2.5
2.8 38 8.5 2.1
2.5 22.4 85.3 2.4
2.2 48.8 20 2.4
4 28.5 35.7 2.2
5 14.6 19.4 2.2
3.1 40.5 33.5 2.3
4.2 38.6 85.8 2
3.7 31.6 34 2.4
2.4 34.5 19.8 1.8
4.5 43 58.8 1.8
4.9 41.4 34.8 2.3
2.4 31.3 12.4 1.9
4.8 42.4 5.3 1.5
4.5 19.6 24.8 1.6
2.7 19.1 90 2.1
3.2 47.4 89.5 2.3
3.7 45.5 40 2
1.3 14.7 39.8 2.4
1.5 48.5 42.6 2.3
2.1 29.5 84.3 1.9
2.4 44.1 22.5 1.9
1.4 36.5 49.8 1.8
2.9 46.3 66.7 2
1.7 20.3 78.5 1.8
4.1 35.5 94.1 1.6
2.2 17.3 44.7 1.6
4.3 41.8 89.9 2.4
1.4 26.8 23.5 1.6
3.5 33 45.2 2.3
2 21.1 37 2.2
1.3 48.4 85.2 2.2
3.7 38.2 85.7 2.2
1.4 10.4 59.9 1.8
4.6 47 58.7 1.6
4 37.7 90.5 1.6
3 24.3 8.9 2.4
2.5 15.5 5.5 2.4
4.2 33 58.4 1.9
3.5 33 27.7 2.1
2.9 35.7 86.1 1.9
1.1 32.9 47.4 1.6
4.7 42.6 83.9 1.8
2.6 49.6 13.5 1.7
4.2 11 79 2.3
2.7 40.1 71.7 2.3
3.8 48.7 62.8 2.1
2.5 35.8 28.1 2.2
2 48.8 69.2 1.8
3.3 45.8 74.1 1.9
1.3 44.6 24.8 2.1
1.8 21.7 58.2 1.6
4.4 43.8 78.9 1.6
2.4 41.7 63.7 1.7
2.9 16.6 64.2 2.4
4.4 41.1 89.4 1.7
1.8 17.9 56.1 2
2.4 10.7 53.7 2.1
3.2 22.3 23.1 2.1
4.9 46 27.3 2.3
2.6 44.3 92.8 2.3
2.8 19.7 66.5 1.6
2.9 11.5 49.2 2.1
1.2 37.6 56.6 1.7
1 35.8 84.3 1.7
4.9 24.5 16.4 2.1
4.9 42.7 51 1.7
2.3 23.9 17 1.9
3.1 28.7 17.2 2.5
2.6 10.6 67.3 2
2.9 39.8 94.1 1.8
4.2 21.1 68.8 1.7
4.2 24.6 39.3 1.6
4.9 14.6 93.5 2.3
2.7 19.1 53.7 1.6
4.2 10.6 84.2 1.8
1 43 27.4 2.5
4 39.1 68.5 2.3
4.9 24.2 20.6 1.6
3.2 44.2 92.7 1.9
2.3 41.8 11.7 2.2
1.5 49.4 77.2 2
4.4 30.2 32.9 1.8
1.4 42.7 27.3 2.4
3.1 43 33.6 2.5
1.7 37.4 91.4 2.5
2.2 43 47.7 2.2
1.6 27.8 88.2 2.5
2.6 28.6 62.1 1.9
2.5 46.6 65.5 1.5
3.3 19.5 40.4 2
4.5 30.1 76.9 1.9
2.1 17.6 64 2.1
2.2 22.8 67.9 1.5
3.1 45.8 14 2.1
3.6 33.7 92.6 1.9
2.7 44.4 54.3 2.3
4.8 14.6 76.5 2.1
1.5 36.7 66.7 1.8
2.8 19.7 91 2.3
4 13.6 16.8 1.9
4.6 40.6 15.2 1.8
2.6 40.7 22.6 1.6
2.8 15.8 43.8 1.7
1.8 10.7 92.3 2.1
5 39.1 62.4 2
4.3 46.6 14.2 2.3
3.5 29.6 90.1 1.6
4.5 38.3 65.5 1.5
3.9 11.6 9.7 1.9
3.3 49.9 48.4 2
1.8 48.6 79.1 2.4
1.6 17 87.5 1.9
3.6 19.8 49.4 2.4
1 36.2 47.4 2.3
3 18.6 66.8 2.4
4.9 24.6 68.7 2.2
3 42 34.1 1.7
1.8 37.2 25.6 2.3
4.1 29.6 92.1 2
4.3 23.2 30.7 1.9
1.3 43.3 89.7 1.7
1.5 23.8 27.8 2.1
2.1 39.7 92.5 2
4.3 11.5 76.1 2.2
1.1 24.2 91.4 1.6
4.3 28.1 39.8 2.4
4.7 32.6 42.8 2.1
4.7 39 17.1 1.6
4.9 43.1 16.9 1.9
3.3 47.9 76.6 2.3
2.9 31.6 35.4 1.6
1.7 18.6 92.4 1.9
1.4 22.7 54 2
4.2 21.1 9.8 2.1
4.7 31.4 35.5 1.5
2 44.7 85 1.9
2.4 22.1 51.4 2.3
2.9 13.7 31.6 1.8
4 14.9 37.2 2.3
4.2 28.1 88.4 1.8
2.6 37.9 35.3 2.4
2.7 47.9 60.6 2
3.2 22.1 87.3 2.2
4.9 15.8 20 2.5
1.8 45.4 5.7 1.9
4.2 41.5 34.6 1.8
3.3 33.2 79.2 1.8
4.4 45.1 19.8 2.3
3.8 31.6 60.3 2.2
1.8 13.1 81 2
3.8 10.6 35.1 2.1
3.2 44.5 85.2 1.9
1.1 37.6 63.8 2.4
1.9 45.1 7.6 1.9
1.8 44 68.4 1.8
1.9 49.8 39.6 1.6
4.6 31.2 61.9 2.3
3.8 27.6 63.9 2.5
1.8 28.7 30.4 2.1
1.8 43.5 32.7 1.9
2.1 14.3 25 2.5
1.9 37.6 76.7 2.4
3.7 33.6 70.4 2.2
2.5 24.1 41.5 1.8
3.2 10.8 48.6 1.7
2.8 17 18.7 1.5
2.6 49.5 85.2 1.6
1.6 44.7 22 1.6
4.3 24.5 7 2.3
2.3 16.6 50.7 1.5
4.5 47.3 51.1 1.7
2.9 33.9 84 2.1
3.8 32.8 9.9 2.3
2 45.6 79.7 2.1
3.9 20.5 52.8 1.7
3.2 47.2 43.6 1.5
3.2 12.5 60.6 1.5
1.9 33.1 47.1 2.1
4.9 13.4 66 1.9
4.7 38.7 5.8 2
2.4 16.9 73.1 2.4
5 13.4 44.8 1.9
1.6 12.3 31.7 2.3
3.3 12.5 51.8 2.2
4.2 30.4 14.5 2
4.7 48.8 54.6 2
2.6 40 35.6 2.4
4.2 31.2 78.2 2.3
4.8 28.1 55.1 2
4.2 14.8 24.5 2.3
4 12 70 1.6
1.1 44.8 40.3 2.4
4.3 40.4 22.3 2.1
4.4 34 26.2 2.2
3.8 38.3 73 1.6
4.3 28.2 46.8 2.5
2.3 48.2 67.6 2
3.7 20.3 69.5 1.9
2.1 19.5 90.9 1.9
3.3 18.8 66.6 2
1.1 15.5 37.3 2.4
1.6 34.9 5 2.3
3.6 11.5 45.7 2.4
1.8 45.6 11 1.5
4.1 13.8 48.4 2
4.3 32.7 49.2 1.7
3.3 34.9 52.3 2.1
3.4 31 38.8 1.9
2.5 22.7 72.4 1.7
3.1 29 32.7 1.6
3.8 25.6 21.5 2.3
4.7 30.8 61.9 2
3.9 49.5 73.8 1.7
3.4 34.2 11.5 1.7
2.6 15.8 61.8 2.2
2.7 21.9 45.5 1.6
1.9 36.2 10.5 2.5
3.2 18.1 18.7 1.8
3.7 13.7 15.9 1.8
1.6 25.6 56.4 2.4
2 45.1 43.4 1.5
2.8 29.3 31.2 1.5
3 18.9 25 1.6
2.1 25.5 35.6 1.9
4.5 19.3 47.4 2.2
2.3 33 58.3 1.8
3.9 47 13.7 1.8
2.7 41.5 94.8 2.3
3.9 43.7 6.8 1.7
2.7 31.1 77.5 1.9
3.7 14.7 66 1.8
4.9 33.9 65.1 1.5
2.3 23.2 87 1.7
3.9 23.1 31.1 1.7
4.1 49.2 32.1 1.9
3.5 40.6 79.4 2.4
4.6 49.9 60.6 1.8
3.5 37.7 72.2 1.6
1.8 11.2 35.7 1.8
2.4 37.4 88 1.8
2.6 43 88.2 1.9
3.9 17.2 91 2.1
2.2 46.2 5.1 1.6
3.3 39.9 82.8 1.9
5 29 9.1 2
3 47 34.6 2.3
3.4 38.2 50.6 1.7
4.6 28.9 91.9 2
4.6 28.9 15.6 1.7
1.6 14.4 76 2
4.8 15.3 49.3 1.6
2.3 10.1 25.2 2
1.6 44.4 31.3 2.3
1.6 16.5 68.6 2.4
3.8 40.4 44.4 1.6
3.6 39.3 55.3 2.3
2.9 21.1 33.8 2
3.3 34.2 66.2 1.9
1.2 26.3 27.5 2
4.9 29.2 42.3 1.5
1.6 22.5 42.1 2.1
2.9 27.4 27.2 2.4
4.2 15.7 55 2.1
2.8 46.6 43.3 1.9
1.9 11.9 34.4 2.3
4 48.4 77.2 2.4
3.6 10.2 19 1.7
4.9 36.9 66.5 2.3
2.6 36.7 10.9 1.7
3.3 12.4 70.9 2.1
3.7 48.7 34 2.5
2.7 22.5 78.8 1.7
2.6 26.3 80.4 1.7
1.8 45.1 78 2
3.4 40.5 19.1 2.5
2.7 16.3 14.7 1.9
4.6 11.1 82.4 1.5
4.7 12.9 20.3 2.3
2.9 25.3 75.3 1.8
4.4 14.4 44.4 2
2 33.1 74.7 1.5
1.2 22.1 75.7 2
4.1 24.2 19.6 2.4
4.5 19.9 47.5 2.2
3.8 21.3 42.3 2.2
1.8 40.4 79 2.4
2.1 10.6 46.3 2.4
3 18.3 42.5 1.7
5 40.8 37.8 2.2
1.1 29.3 32.3 2.1
2.3 31.2 75.6 2.3
2.7 45.6 65 2.3
1.8 40.5 31.6 1.5
1.9 21.3 48.6 1.6
4.4 29.1 87.7 2.2
2.4 13.6 11.6 1.8
1.8 24.3 42.9 1.9
2.7 16.4 11.8 2
3.7 24.5 66.9 2.3
4.4 27.2 57 2.1
3.2 24 42.8 2.1
2.6 16.8 86.5 2.2
3.7 42.4 72.2 2.4
1.6 36.7 60 2.1
2.7 30.7 21.5 2.2
3.2 27.2 55 1.8
3.1 41.1 67.3 1.9
1.1 18.6 38.2 2.2
4.9 45.2 22.4 1.8
1.6 29.4 37.4 2.1
2.1 36.1 36.7 1.6
2.6 47.3 61.8 2.1
1.2 46.8 31.5 1.9
3.4 33.6 47.5 2.2
4.5 36.9 53.4 2.2
3.3 24.3 46.9 2.3
2.9 46.1 35.9 2.4
3.2 16 94.2 1.7
3.5 18.6 72.2 1.9
4.2 33.2 59.5 2.3
3.3 18.7 54.4 1.7
2.6 31.8 37.3 2.3
2.1 17.8 16.7 2.4
2.9 49.9 36 1.6
1.7 25 37.8 1.6
4.5 14.8 33.3 2.5
2.2 46 90.5 2.3
2 10.4 6.8 2.1
3.8 35.5 16 1.7
4.9 31.3 87 2.2
2.8 32.7 19.6 1.6
3.1 35 82.9 2.4
2.5 12.3 94.1 2.2
1.9 13.5 34.6 1.6
4.6 23.5 60.8 2.4
5 23.2 42.6 2
4.2 11.7 91.4 2
1.7 26.4 42.8 2.2
2.1 12.6 5.9 1.6
1.2 22.5 30.3 2.2
3.2 16 74.1 2
4.9 14.5 36.3 2.3
3.9 18 6.7 1.9
4.4 22 7.4 2.2
1.3 26.2 37.3 2.2
2.3 45.1 13.3 1.7
1.8 25.8 73.1 2
2.2 37.2 87.8 1.9
4.7 42.9 38.1 1.6
3.5 14.9 48.7 1.7
2.1 17.3 32.2 1.8
3.3 17 42.8 2
3.5 25.8 15.6 1.8
1.4 28.9 29.3 1.6
4.3 20.5 16.7 2.4
4.4 14.6 30.4 1.9
3.6 22.1 58.3 1.7
2.6 19.1 85 2.2
2.2 48.8 71.1 2.5
2.3 48.7 50.4 1.5
3.6 25.7 45.6 1.9
4.7 33.6 85.4 1.6
2.4 13.1 87.9 1.6
4.2 45.4 9.6 2
2.2 12.1 9.6 2.2
2 43 58.6 2.3
3.8 22.2 50.4 1.5
2.7 35.5 62.8 1.6
1.4 39.8 77.8 1.5
2.2 39 19.8 2.4
1.8 34.5 47.6 2.5
3.7 14.2 72.6 2.3
4.9 45 29.9 1.8
1.8 41.2 69 2.5
2.5 18.9 33.6 1.7
1.6 33.7 17.1 1.7
2.8 43.2 47.3 1.9
1.9 34.2 45.2 2.3
1.7 45.6 10.8 2
1.9 46.6 24.9 2.3
2 27.8 79.9 2.3
4.4 33.1 38.3 1.8
1.1 14.4 76.5 2.4
3.7 49.6 65.3 2.5
2.5 29.9 37.2 2
3.2 16.3 74.4 2
5 47.4 69.3 1.8
1.9 40.8 21.6 2.3
1.4 48.2 67.7 1.7
3.7 12.3 56.9 2.1
3.2 47.8 36 2.2
1.5 13.1 59.7 2.2
4.6 48.3 39.2 1.9
4.2 39.3 33.3 2.4
3.1 37.2 92.7 2.1
3 22.9 77.8 2.2
4.5 28.8 28 2.5
4 46.6 47.7 1.6
2.3 10.7 50.4 1.8
2.8 44.2 66.5 1.5
2.7 30.1 20.1 1.6
3.2 23.8 47 1.7
4.3 19.1 25.7 2.4
1 29.9 17.4 2.5
1.5 11.1 11.4 2.4
1.7 43.8 68.2 1.7
4.1 31.6 38.6 1.7
4.4 18.2 9 2.3
2.7 35.6 30.2 2.4
4.8 21.1 25.2 2.5
3.1 26.2 18.9 2
2.8 35.8 6.1 1.9
3.6 24.6 6.7 1.7
4.5 20.4 90.7 2.1
3.4 37.4 48.2 2.5
1.4 18.2 57.7 2
2.5 28.2 44.1 2.2
2.5 30.1 26 1.8
4.1 18 21.6 2
3 36.9 15.6 1.9
4.5 17.3 93.3 2
3.4 41.5 51.9 1.9
4.4 28.7 17.4 2.1
3.5 11 25 2.3
2.5 21.6 84.1 1.9
2.8 17.8 56.3 2
2 38.6 65.4 2
4.5 30.9 19.2 2.1
2.4 36.1 74.4 2.3
1.6 31.7 39.7 2.5
4.5 33.4 14.2 1.7
4.4 28.2 75 2.5
4.5 12.7 66.6 1.7
3.3 49.6 92.8 2.3
3.3 28.9 31.2 2.3
2.6 43.9 93.7 2.1
2.9 46.1 58.3 1.6
3 23 55.2 2.3
2.2 39.9 65.5 2.2
2.4 32.4 92.8 2.2
1.2 14.8 31.6 1.8
3.4 46.2 14.9 2.2
1.1 27.5 87.3 2.1
2.8 21 36.5 1.7
2.6 11.5 50.1 1.6
1 48 66.7 1.9
3.2 15.7 48 1.8
4.7 39.4 43.9 2
1.8 45.7 56.5 2.4
1.4 19.1 53.2 2
2.6 36.2 43 1.6
1.2 24.5 21.8 1.6
3.4 25.6 23.3 1.8
2.7 34.3 91 1.5
4.4 39.6 40.3 1.7
2.3 47.4 58.4 1.7
1.3 29.4 47.5 1.6
1.3 10.3 11.6 1.7
1.7 13.8 31.7 2.4
3.2 38.5 9.8 1.6
2.2 44 54.9 2.5
4.7 15.7 28.3 1.8
1.3 16.2 56.6 1.9
1.2 22.1 60.9 2.4
1 21.2 49.5 2.1
1.1 29.1 49.2 1.7
1.8 33.2 67.2 1.6
4.1 42.5 91.9 1.5
2 47.6 46.9 1.7
2.7 10.5 59.4 1.6
2.5 23.5 8.8 2.1
4.1 39.2 20.8 2
3.2 33.7 43.5 1.5
4.7 25.4 65.3 2
4.8 25.1 17.8 2.2
3.5 33.6 49.5 2.1
2.8 16.2 42.8 1.5
3.3 36.3 34.6 2.3
4.7 42.3 39.7 2
3.6 22.1 47.3 2
3.4 42.3 28.6 2
2.5 15.7 18.1 2.3
2 25 11.2 1.8
2.9 28.1 21.5 2.1
4.5 46.8 43.5 2.2
3.8 39.8 58.6 1.7
4.4 29.8 29 2.1
1.4 23.1 10.3 2.1
3.7 40.9 7.4 2.3
3.6 18.9 17.9 1.7
3.5 32.5 55 1.8
3.3 24.7 65.6 1.6
4.9 41.8 47.1 1.9
2.3 43.6 15.7 2.3
3.2 18.6 83.1 1.9
1.7 19.9 25.2 1.8
3.4 40.2 46.7 2.3
4.8 47.8 80.9 2.4
2.2 18.5 42.6 1.8
4.6 12.6 89.8 2
3.9 27.2 83.9 1.9
2.2 10.2 33.7 1.8
1.9 42.1 52.6 1.6
2 17 17.3 1.8
4 24.7 34.8 1.8
2.7 17.9 60.5 1.7
4.7 40 58 1.9
3.8 15.6 64.7 1.6
4.3 33.5 11.1 1.6
1.4 17.8 10.8 2.1
4.9 15.7 93.7 1.8
3.9 27.6 51.5 2
1.2 37.6 37.1 1.5
3.6 43.4 85.1 2
3.7 11.5 25.2 2.2
2.4 42 53.9 2.3
2.6 42.8 28.6 1.6
4.3 47.2 94.2 2
2.8 24.7 19 1.6
2.5 18.9 82.5 1.9
1.8 39.9 72 1.6
4.5 32.5 93.3 1.9
2.4 25.4 65.3 2.3
3.4 38.6 58.8 1.6
4.7 39.9 48.3 2
1.2 30.3 31.1 1.7
4 40.8 60 2.1
4.1 13.7 44.1 1.9
4.7 41 71.5 2.4
3.9 10.7 51.8 2.3
4.4 45.9 39.4 2.5
4.3 14.4 30 2
2.9 24.5 5.9 2.3
1.8 14.8 30 1.9
4.9 43.4 31.7 1.7
4.7 13.7 57.4 1.8
1.1 30.7 67.2 2.2
4.4 48.3 67.2 2.1
1.3 14.5 51.7 1.9
3 21.8 20.2 2.3
4.2 25.3 57 1.5
2.1 39.3 65.7 2.3
2.9 31.5 7.2 1.6
3.3 12.2 73.9 2.4
4.2 36 27.9 2.5
3.2 39.6 63.3 1.6
3.5 12.4 41.7 1.6
2.9 35.1 85.8 2.1
3.1 49.4 51.7 1.7
3.2 30.4 68 1.7
1.4 25.3 29.9 1.5
4.6 12.5 47.2 1.9
3.6 42.9 32.2 1.7
1.6 46.2 76.3 1.8
1.6 46.1 27.9 1.6
1.1 33.1 34.5 2.4
1.8 13.5 53.1 2.2
1.2 39 77.5 2.1
3.9 43.1 86 1.7
2.4 31.9 81.4 2
1.3 23.4 61.5 1.7
4.1 14.3 22.8 2.2
4.8 40.4 56.2 1.6
2.9 38.2 42.2 2.5
4.2 34.6 51.1 2.4
4.8 35.5 13 2.4
1.2 20.1 24.2 2.2
3.9 25.9 40.6 1.7
3 34.8 75.2 1.6
1.9 30.5 82.9 2.2
1 48 85.7 1.5
2.3 16.1 13.9 2.4
4.6 21.4 47.8 1.6
4.5 42 29.3 2.3
1.8 26.3 13.9 1.9
2.9 11.1 19.1 2.1
4.2 27 52.6 2.5
1.8 47.8 24.2 2.1
4.4 38.6 62.5 1.9
3.3 48.6 84 1.9
1.9 44.2 22.4 2.2
4.6 39.3 70.1 1.9
3 14.8 55.4 2.5
2.5 11.9 19.2 2.4
1.1 12.2 70.4 1.8
3.6 29.9 72.3 2.2
4.6 16.2 69.4 2
3.2 31.5 42 1.8
2.6 12.3 82.6 2.4
1.7 31.2 46.6 2.3
1.8 40.9 71.9 1.6
5 45.1 84.1 2.4
3.6 12.9 79.2 1.8
4.3 35.9 31.8 1.7
2.5 11.4 34.6 2.5
3.8 31.8 70.9 2.3
1.7 37.5 40.6 1.8
2.7 41.8 60.1 1.6
3.9 24.9 91.7 2.2
4 24.4 73.4 1.7
2.7 37.8 55.8 2.4
4 21.9 48.4 1.6
4.3 28.4 34.9 2.5
2 13.5 78.7 1.6
3.9 42 22.1 2.5
3.2 18.6 88.2 2.2
4.2 24.9 55.5 1.7
3.2 33.8 45.2 1.7
2.3 48.9 56.5 1.8
3.9 45.4 93.4 2.2
1.2 27.2 54.1 2.2
1.5 25.6 11.4 2.3
3.4 24.3 19.8 2.2
4 49.1 60.1 1.9
3 49.4 9.5 1.8
4.3 48.5 86.3 2
4.5 21.4 48.3 2.5
3.4 13.6 13.9 2.4
2.1 20.3 38.4 2.4
2.8 21.8 22.2 2.3
4.1 27.8 13.9 1.9
4.4 43.9 20.3 2.1
4.8 19.8 34.9 1.6
1.8 46.1 28.2 2.4
1.1 26.7 55.7 1.5
4.5 19.1 69.2 2.1
3.5 48.4 10.9 1.6
2.3 18.8 69 2.4
2.6 12.6 82.9 2.2
4.2 12.5 55.1 1.5
4.5 30.4 37.5 2.4
3.4 13.4 51 2.1
2.5 27.5 49.5 1.5
3.2 20.1 45.3 2.2
4.9 35.6 72.1 2.1
4.7 48.3 32.2 1.9
2 41.3 62 1.7
4.5 15.4 41.2 2
3.4 13.7 28.9 2.1
3 25.2 57.6 2.2
3.1 37.7 45.9 1.8
3.1 20.4 28.9 2
1.2 33 14.9 2.1
2.3 47.2 77.7 1.7
3.3 18.5 67.6 1.8
1.1 33.2 48.7 1.9
3.8 15.6 94.4 2.4
1.4 36.4 29.7 2.1
4.1 33.4 38.7 1.9
4.8 28.9 20.1 2
4.2 44.7 64.4 2.4
4.5 30.5 73 2.1
3.5 22.5 92.4 2.3
4.4 10.6 35 2.2
3.3 28.9 16.2 1.9
4.5 12.9 55.8 1.7
2.2 18.8 7.2 2.4
4.9 11.8 82.4 1.9
1.3 36.9 5.6 2.3
2.3 22.8 37.4 1.6
3.5 23.2 18.4 2.4
1.5 37.2 84.4 2.3
1.2 25.3 26.7 1.9
2 39 11.5 2.3
1.7 33.4 36.5 1.7
2.1 48.5 68.7 2.3
4.6 43.8 20.5 2.4
2.3 33.7 8.3 1.6
4.6 40.6 92.9 2.3
2 18.8 20.2 1.8
4.6 14.3 14.1 2.1
3.2 14 42.6 1.7
3 30.9 59.6 2.2
2.7 46.7 87 1.8
1.2 12.9 63.7 1.7
2.3 33.1 62.6 2.3
3.6 16.2 81.3 1.7
3.2 39.7 32.6 2.3
4.4 19.2 64.7 1.7
2.9 18.4 93.4 2.1
5 31.3 39.9 2.4
3.3 20.6 12.9 2.2
4.5 38.2 44.7 2.3
1.7 14.9 46.3 2.3
1 27.6 63.1 2.1
2 20.4 14.1 2.5
3.5 28 92.6 2.2
2 36.4 75.6 2
3.7 15.1 50 2.1
4 33.1 45 2.3
1.8 16.9 93.7 1.6
4.5 12.4 84.3 2.5
4.5 16.7 9.4 2.5
1.3 41 32.8 2.4
2 49.4 87.7 1.9
4.1 36 89.1 1.7
1.1 10.9 35.7 1.6
4.9 23.4 14.9 1.9
4 26.2 55.7 2.3
1.1 16.9 28.6 1.7
1.6 43 10.9 1.9
1.1 10.7 90.9 1.6
4.8 36.4 21.9 1.9
3.1 43.4 38.7 2.1
3.6 39.1 31.6 1.6
3.5 21.2 15.8 1.9
4.3 24.3 57.8 2.2
1.4 38.5 8 2.3
3.3 46.8 77.4 2.3
3 41.9 46.6 2.1
4.4 11.6 76.2 1.6
4.4 18.1 56.2 1.5
1.7 31.2 27.9 2.2
1.8 46.9 41.8 1.6
2.6 21.8 14.1 1.6
1.4 14.9 60.8 2
1.8 43.9 72.2 2
3 28.6 78.2 2.4
4.1 46.3 79.7 2.3
1.2 12.9 78.2 1.8
3.2 23.6 28.8 1.8
2.7 34.8 86.8 2.4
4.7 36.5 51.1 2.4
1.2 46.6 42.8 1.8
2.7 22.2 85 2.1
3.9 41.6 69.9 2.5
1.1 27.2 43.1 1.6
1.8 40.2 26.8 2.4
2.6 23.1 45.9 1.7
3.6 40.8 86.9 2.3
4.2 35.3 16.1 1.7
4.7 45.9 80 2.2
3 30.5 39.8 1.7
4.5 48.6 85.7 2.5
3.9 19.7 49.3 1.9
1.9 16.5 70.8 1.7
2.4 45.9 60.7 1.8
4.2 25.1 42.8 2.4
4.7 27 20.3 2
4 41.9 44.1 1.7
2.1 19.1 43.9 2
2.4 21.9 18.1 1.7
2.5 41.1 83.6 1.8
2.1 20.3 31.6 2.5
1.9 28.7 57.6 1.7
2.8 10.7 72.5 1.8
1.4 29.9 79.9 2.1
1.8 12.1 29.9 2
1.2 47.3 13.9 1.8
3.3 29.5 15 1.6
3.1 13.8 22.6 1.7
2.5 20.1 9 1.8
1.2 40.9 15 2
2.6 33.8 23.1 2.1
4.9 15.8 85 1.7
3.9 35.8 69.9 1.7
4.5 19.9 49.5 1.6
4.3 18.8 14 1.7
3.7 13 67.9 2.5
5 21.9 75.4 2.3
3.1 48.9 91.9 2.3
4.2 39.1 23 2.2
4.1 48.2 84.6 2.4
1.5 41.5 49.6 1.9
3 12.1 77.6 2.1
4.8 33.5 32.9 1.6
3.5 47.9 35.2 2
2.6 47.7 60.4 1.9
2.6 17.2 20.1 1.8
3.5 31.4 21.6 2.1
1.9 26.9 7.8 2.3
3.9 20 11.5 2.3
3.3 38.8 37.3 2
4.5 31.3 29.6 1.6
3.8 34.4 54.6 2.1
3.2 19.7 14 2.4
3.1 43.5 13.1 2
1.8 46 49.6 2.4
1.5 17.2 75.4 2.2
3.5 18.8 86.7 2.2
2.2 22.7 76.5 2.3
2.2 24.1 60.1 2.4
2.1 28.4 80 2.1
4.4 32.3 67 2.1
3.3 18.7 80.1 1.8
3.9 47.3 46.4 2
2.7 36.5 38.4 2.4
3 47 76.2 2
3.2 44.3 82.2 2.4
4.5 34.5 8.3 1.8
5 47.3 62.4 2.4
3.7 22.5 91.8 2.2
4.8 15.4 90.9 1.6
1.8 23.5 71.9 1.7
3.7 15 9.7 1.7
4.1 41.3 34.6 2.3
4.1 29.2 10.7 2.1
1.2 47.4 84.1 1.7
2.5 48.7 15.4 2.2
3.5 29.5 20.2 2.3
3.6 48.8 34.4 2.2
2.3 41.5 7.9 2.4
1.3 24.4 30.1 2.3
1.7 36.8 93.1 1.8
3 11.3 19.9 2.1
2.3 17.9 88.6 2
3.8 39.1 47.7 2.2
3.2 38.2 35.4 2.2
2.3 24.3 11.9 2
1.6 24.7 43.7 1.6
1.3 34.4 58 2
2.1 41 9.3 2.1
4.4 12.6 35 2.4
4.1 15.6 55.4 2.3
5 20.8 39.8 1.6
2.8 20.3 66.2 2.4
4.2 43 8.3 2.3
2.1 37.7 76.5 1.8
4.8 40.1 5.3 1.8
4.5 12.1 25.5 2.2
4.8 30.4 14.8 2
4.8 22.5 26.3 1.8
2.7 40.3 66.4 2.2
0.4 0.2 0.4 0.2 0.2 0.4 0.4 0.2 0.3 0.4 0.3 0.3 0.4 0.3 0.3 0.4 0.4 0.4 0.2 0.3 0.3 0.4 0.4 0.2 0.2 0.2 0.4 0.2 0.2 0.3 0.3 0.3 0.3 0.3 0.4 0.4 0.4 0.3 0.3 0.3 0.2 0.3 0.3 0.2 0.2 0.3 0.2 0.3 0.3 0.3 0.3 0.3 0.3 0.2 0.4 0.2 0.4 0.3 0.4 0.3 0.4 0.2 0.3 0.3 0.4 0.3 0.2 0.2 0.3 0.3 0.3 0.3 0.3 0.3 0.3 0.2 0.4 0.4 0.4 0.3 0.3 0.3 0.4 0.3 0.3 0.3 0.4 0.2 0.3 0.3 0.4 0.2 0.2 0.4 0.4 0.3 0.3 0.3 0.2 0.4 0.4 0.4 0.3 0.3 0.3 0.4 0.3 0.4 0.3 0.2 0.2 0.2 0.3 0.4 0.3 0.3 0.3 0.3 0.3 0.4 0.3 0.3 0.3 0.2 0.3 0.3 0.3 0.3 0.3 0.2 0.2 0.2 0.3 0.3 0.2 0.3 0.4 0.3 0.3 0.3 0.4 0.3 0.2 0.3 0.3 0.2 0.4 0.3 0.4 0.3 0.3 0.2 0.2 0.2 0.4 0.2 0.2 0.3 0.3 0.2 0.3 0.4 0.2 0.3 0.3 0.2 0.4 0.3 0.3 0.4 0.3 0.2 0.2 0.3 0.3 0.2 0.3 0.3 0.3 0.4 0.4 0.3 0.2 0.2 0.4 0.4 0.2 0.3 0.3 0.2 0.4 0.3 0.2 0.4 0.4 0.3 0.4 0.4 0.3 0.3 0.2 0.4 0.3 0.3 0.4 0.4 0.3 0.3 0.3 0.3 0.3 0.4 0.3 0.2 0.2 0.4 0.3 0.3 0.3 0.3 0.3 0.3 0.2 0.3 0.3 0.2 0.3 0.2 0.4 0.3 0.3 0.2 0.2 0.4 0.3 0.4 0.2 0.3 0.2 0.3 0.3 0.3 0.4 0.2 0.2 0.2 0.3 0.2 0.4 0.4 0.3 0.3 0.3 0.3 0.3 0.4 0.3 0.3 0.4 0.2 0.2 0.3 0.3 0.2 0.4 0.3 0.2 0.3 0.3 0.3 0.3 0.2 0.3 0.3 0.2 0.4 0.3 0.4 0.3 0.2 0.4 0.4 0.4 0.4 0.4 0.4 0.4 0.4 0.3 0.2 0.2 0.2 0.3 0.2 0.3 0.4 0.3 0.3 0.4 0.4 0.3 0.3 0.4 0.2 0.2 0.2 0.4 0.3 0.2 0.3 0.2 0.4 0.3 0.2 0.3 0.2 0.4 0.4 0.2 0.2 0.3 0.3 0.2 0.3 0.2 0.2 0.2 0.3 0.3 0.2 0.3 0.2 0.3 0.4 0.2 0.3 0.2 0.4 0.2 0.4 0.2 0.2 0.2 0.2 0.3 0.3 0.3 0.2 0.3 0.3 0.2 0.4 0.3 0.3 0.2 0.3 0.4 0.3 0.3 0.3 0.3 0.4 0.2 0.4 0.2 0.3 0.2 0.3 0.2 0.3 0.4 0.4 0.4 0.2 0.3 0.2 0.3 0.2 0.4 0.3 0.3 0.4 0.4 0.4 0.3 0.4 0.3 0.3 0.2 0.3 0.3 0.4 0.3 0.3 0.3 0.3 0.4 0.4 0.4 0.4 0.2 0.3 0.4 0.3 0.3 0.2 0.2 0.4 0.3 0.3 0.3 0.3 0.3 0.3 0.2 0.4 0.4 0.2 0.3 0.2 0.3 0.2 0.4 0.3 0.4 0.2 0.4 0.4 0.4 0.3 0.2 0.3 0.4 0.3 0.3 0.2 0.3 0.4 0.4 0.2 0.2 0.2 0.2 0.3 0.4 0.3 0.3 0.4 0.2 0.3 0.3 0.3 0.3 0.3 0.3 0.3 0.3 0.2 0.3 0.3 0.2 0.3 0.3 0.3 0.2 0.3 0.2 0.2 0.3 0.4 0.3 0.3 0.3 0.3 0.4 0.3 0.2 0.2 0.2 0.2 0.3 0.2 0.3 0.3 0.2 0.3 0.3 0.3 0.4 0.3 0.4 0.4 0.3 0.3 0.4 0.3 0.4 0.3 0.3 0.3 0.2 0.3 0.3 0.2 0.2 0.3 0.3 0.4 0.2 0.3 0.2 0.3 0.4 0.4 0.2 0.3 0.2 0.3 0.2 0.2 0.3 0.4 0.4 0.2 0.3 0.3 0.2 0.3 0.4 0.3 0.2 0.2 0.4 0.3 0.3 0.3 0.2 0.2 0.2 0.4 0.3 0.3 0.4 0.4 0.3 0.4 0.2 0.4 0.3 0.3 0.4 0.3 0.2 0.4 0.3 0.3 0.2 0.4 0.3 0.2 0.2 0.3 0.3 0.3 0.4 0.4 0.3 0.3 0.4 0.2 0.4 0.3 0.3 0.3 0.2 0.3 0.3 0.4 0.3 0.4 0.3 0.4 0.3 0.3 0.4 0.3 0.3 0.2 0.4 0.3 0.3 0.4 0.3 0.2 0.2 0.4 0.3 0.3 0.3 0.4 0.2 0.4 0.4 0.3 0.4 0.2 0.3 0.2 0.3 0.3 0.4 0.2 0.2 0.2 0.3 0.2 0.3 0.2 0.3 0.2 0.4 0.4 0.4 0.3 0.4 0.2 0.3 0.4 0.2 0.4 0.4 0.3 0.4 0.3 0.4 0.3 0.2 0.4 0.2 0.3 0.3 0.3 0.3 0.2 0.4 0.2 0.3 0.3 0.2 0.3 0.3 0.3 0.2 0.3 0.3 0.2 0.3 0.2 0.4 0.3 0.3 0.2 0.4 0.4 0.4 0.2 0.2 0.4 0.4 0.2 0.3 0.2 0.3 0.3 0.4 0.3 0.3 0.3 0.3 0.3 0.3 0.3 0.3 0.3 0.3 0.2 0.4 0.3 0.4 0.4 0.3 0.3 0.2 0.4 0.3 0.3 0.3 0.3 0.2 0.2 0.3 0.2 0.3 0.3 0.2 0.3 0.3 0.4 0.3 0.2 0.2 0.3 0.4 0.4 0.3 0.4 0.4 0.2 0.3 0.2 0.2 0.4 0.3 0.3 0.3 0.3 0.3 0.4 0.2 0.4 0.3 0.2 0.4 0.2 0.3 0.3 0.3 0.4 0.4 0.3 0.2 0.3 0.4 0.4 0.4 0.3 0.3 0.2 0.4 0.2 0.3 0.3 0.4 0.4 0.4 0.4 0.3 0.4 0.3 0.3 0.4 0.3 0.4 0.3 0.4 0.2 0.3 0.3 0.2 0.4 0.2 0.4 0.3 0.3 0.4 0.2 0.2 0.3 0.2 0.2 0.3 0.2 0.3 0.2 0.4 0.4 0.2 0.3 0.4 0.3 0.3 0.3 0.2 0.2 0.4 0.3 0.3 0.3 0.2 0.4 0.3 0.3 0.3 0.2 0.4 0.3 0.3 0.2 0.3 0.3 0.3 0.4 0.3 0.3 0.3 0.3 0.3 0.3 0.2 0.3 0.3 0.4 0.2 0.3 0.3 0.2 0.4 0.4 0.2 0.3 0.2 0.3 0.3 0.3 0.3 0.3 0.3 0.4 0.3 0.3 0.3 0.2 0.2 0.4 0.4 0.3 0.4 0.2 0.3 0.4 0.4 0.2 0.3 0.3 0.4 0.3 0.2 0.2 0.4 0.2 0.4 0.4 0.3 0.2 0.4 0.3 0.3 0.3 0.3 0.2 0.4 0.3 0.4 0.4 0.3 0.3 0.3 0.3 0.3 0.3 0.3 0.3 0.3 0.2 0.3 0.3 0.3 0.3 0.4 0.3 0.2 0.2 0.2 0.3 0.3 0.3 0.2 0.3 0.4 0.3 0.3 0.3 0.3 0.2 0.3 0.3 0.2 0.4 0.3 0.2 0.3 0.3 0.3 0.2 0.3 0.3 0.2 0.3 0.3 0.2 0.3 0.4 0.2 0.3 0.3 0.2 0.3 0.3 0.2 0.2 0.2 0.4 0.2 0.3 0.3 0.2 0.3 0.3 0.4 0.4 0.2 0.4 0.3 0.2 0.2 0.3 0.4 0.3 0.3 0.2 0.3 0.3 0.3 0.3 0.3 0.4 0.2 0.2 0.3 0.2 0.3 0.3 0.3 0.3 0.3 0.3 0.4 0.4 0.3 0.3 0.4 0.3 0.3 0.3 0.4 0.3 0.4 0.2 0.3 0.3 0.3 0.3 0.2 0.4 0.2 0.4 0.2 0.4 0.3 0.2 0.2 0.4 0.3 0.3 0.3 0.4 0.3 0.2 0.4 0.4 0.4 0.3 0.4 0.3 0.2 0.2 0.3 0.3 0.4 0.3 0.3 0.3 0.3 0.4 0.3 0.3 0.2 0.4 0.3 0.3 0.4 0.3 0.3 0.2 0.2 0.4 0.3 0.2 0.4 0.4 0.3 0.4 0.2 0.3 0.4 0.3 0.3 0.3 0.3 0.3 0.3 0.3 0.3 0.4 0.3 0.3 0.4 0.3 0.3 0.3
14 68 82 163 98 166 84 74 110 86 133 10 130 114 179 22 179 138 16 16 88 44 111 116 22 25 6 102 99 43 12 113 59 117 24 68 23 49 97 120 136 131 167 77 180 144 152 112 124 165 65 180 142 30 166 3 129 27 84 151 62 82 8 42 88 107 12 70 137 83 88 135 52 120 45 104 15 72 159 91 143 164 88 80 83 91 168 45 84 57 93 36 125 86 94 178 89 32 97 124 122 136 94 47 3 37 103 7 154 23 68 21 73 93 144 80 63 117 5 152 83 56 104 35 173 81 67 11 141 147 41 161 27 55 79 59 75 47 136 53 175 26 76 76 28 90 165 2 45 43 88 165 121 164 103 103 9 13 63 57 173 113 19 164 45 102 66 180 81 174 60 107 115 172 39 113 53 87 4 89 14 94 124 6 166 6 143 125 120 39 43 99 42 103 13 134 109 7 108 19 1 79 24 51 80 121 143 152 58 36 102 123 64 42 50 164 85 97 67 154 19 153 79 160 154 17 133 55 86 55 128 19 131 171 85 133 73 177 158 43 44 94 29 132 45 147 32 45 36 35 76 35 38 46 75 171 157 20 131 51 146 99 36 106 15 153 96 92 79 22 149 130 18 102 112 112 177 148 175 120 114 137 12 128 78 132 134 72 145 6 24 12 67 102 152 127 95 170 156 174 88 124 125 155 122 6 3 112 177 63 61 86 110 5 164 164 32 54 165 173 93 47 108 144 10 152 109 26 128 111 91 155 128 178 86 110 113 64 146 10 66 154 57 46 120 26 145 133 47 98 128 68 18 171 119 42 41 157 10 152 82 140 23 135 20 52 78 90 150 77 86 19 76 70 124 87 98 162 121 123 32 140 134 77 69 99 107 21 169 12 6 60 39 164 160 102 125 79 129 116 21 2 170 53 168 132 100 85 165 6 67 25 2 134 80 172 23 87 105 130 17 139 165 65 165 31 164 67 129 30 22 123 36 56 143 126 96 15 149 27 122 91 119 74 72 64 18 1 139 30 57 102 131 114 112 86 6 79 5 32 75 174 5 173 97 114 173 132 155 145 103 155 32 104 103 163 123 65 27 167 57 114 102 27 89 48 160 148 48 77 148 58 114 168 98 12 155 145 164 85 26 179 99 92 88 62 155 127 180 174 114 42 16 148 165 2 128 16 162 62 47 92 95 80 54 3 136 178 24 24 76 79 20 134 113 30 4 148 124 45 79 61 83 29 2 149 99 143 46 44 59 107 134 58 123 141 168 56 32 100 113 101 43 20 4 36 84 111 19 51 61 20 178 145 37 87 147 68 158 20 139 83 5 97 34 28 94 27 168 58 141 35 28 144 18 121 169 59 51 88 92 27 176 117 134 97 125 96 62 70 69 161 69 49 84 8 27 107 59 94 65 175 106 80 53 120 96 139 31 170 44 95 64 64 22 83 72 32 52 165 138 120 6 7 166 10 76 108 66 126 165 8 28 54 45 36 22 164 146 88 57 65 149 170 123 118 160 104 158 76 95 59 79 24 147 104 144 102 79 23 2 87 76 51 133 6 90 98 97 95 104 145 80 87 134 98 112 107 2 151 54 56 11 118 28 96 19 121 92 45 40 27 58 86 129 10 147 51 163 39 55 52 49 38 88 39 15 129 128 40 46 84 121 128 75 10 174 56 77 40 93 60 99 158 51 102 95 96 68 50 158 15 127 90 174 1 63 93 44 5 75 137 52 8 176 53 167 115 45 150 7 130 49 129 43 46 174 14 176 13 42 171 100 143 14 168 117 105 127 29 51 42 63 19 115 152 89 121 28 38 66 179 67 143 22 163 94 145 99 20 112 161 145 74 179 73 39 108 53 3 136 155 102 91 156 16 31 137 157 176 122 148 137 93 71 80 83 139 22 157 165 103 14 14 109 179 39 174 44 158 61 38 60 94 43 132 152 32 179 111 113 110 7 29 133 114 143 137 108 84 92 108 104 126 80 125 63 112 121 59 22 1 92 35 75 23 71 143 155 91 36 145 115 39 71 164 128 172 9 21 131 12 106 143 103 19 77 36 128 118 88 81 141 98 15 29 156 82 157 17 14 133 30 58 148 97 176 89 82 174 84 102 30 61 153 46 42 9 9 121 127 1 175 25 44 63 105 99 1 150 149 83 142 70 96 99 57 17 42 109 2 174 171 179 103 137 111 154 133 124 120 168 71 138 118 112 134 54 124 95 128 87 43 58 26 91 33 168 22 174 136 24 40 66 47 155 16 2 36 51 18 13 54 102 177 23 128 102 173 117 153 87 158 137 116 172 43 176 169 90 139 99 64 20 53 41 93 87 91 65 24 128 18 72 114 98 23 145 102 83 106 116 146 155 3 58 27 126 21 153
53 123 152 37 38 14 165 130 67 169 14 119 22 178 68 100 98 159 72 128 123 59 152 3 52 3 157 36 29 121 59 3 7 54 95 18 129 100 101 49 70 104 52 77 82 45 78 17 117 36 73 84 89 96 15 67 151 37 34 150 38 126 118 124 15 18 69 146 135 41 15 133 8 12 33 16 95 75 55 18 157 40 21 126 84 65 155 19 165 31 37 162 139 121 93 19 148 107 32 167 145 57 159 131 7 6 103 117 40 179 80 33 77 44 28 169 116 140 20 130 80 135 9 168 165 5 39 166 21 13 62 112 179 89 162 156 80 149 114 41 2 105 69 29 145 147 142 150 39 65 97 166 24 160 120 121 130 33 38 9 147 109 157 134 98 101 18 33 17 95 29 89 109 11 99 161 87 23 132 159 30 78 152 156 85 26 1 131 91 37 75 130 51 105 120 78 67 13 7 77 78 144 135 34 105 19 64 7 171 89 179 175 112 69 121 149 19 171 174 127 68 130 83 115 13 157 164 7 65 9 84 52 149 26 154 11 114 179 180 170 73 121 163 28 18 26 102 42 59 162 137 66 126 36 135 82 174 59 32 139 85 10 170 117 51 53 130 106 146 8 92 176 57 15 55 26 48 4 6 39 73 120 45 153 174 6 149 5 96 107 43 132 105 5 9 77 3 98 59 70 42 143 64 177 169 127 114 85 161 180 136 60 86 48 140 89 123 99 63 91 157 130 9 33 34 76 38 86 163 103 158 68 78 35 13 18 133 25 68 45 97 33 176 65 102 154 24 28 132 3 105 108 12 95 90 108 73 173 105 86 96 38 46 22 134 160 163 130 65 82 96 70 118 40 6 138 145 34 176 150 67 37 102 106 38 41 180 119 180 162 80 78 71 138 12 67 78 11 160 167 164 136 102 33 44 62 156 13 80 126 164 15 163 42 42 139 31 61 28 113 120 90 50 67 61 131 82 96 79 65 143 160 125 141 158 106 83 144 5 143 89 37 59 151 46 66 27 36 29 112 57 150 178 78 1 36 20 147 38 35 110 133 144 164 6 169 98 177 17 63 173 61 21 75 48 87 143 64 108 54 55 3 99 143 154 151 14 149 39 63 40 128 14 99 180 60 146 66 98 169 158 104 172 12 82 159 155 53 99 38 115 46 30 150 82 3 178 6 174 101 95 9 171 109 107 141 84 120 42 72 167 18 119 78 88 84 25 27 137 126 103 10 121 174 36 169 110 168 43 7 75 75 135 129 139 144 21 25 176 36 157 159 12 172 121 42 107 152 102 113 105 122 55 8 28 157 132 83 59 166 16 88 97 165 85 164 142 125 39 118 160 180 32 111 153 158 102 79 13 78 54 98 164 58 98 101 61 112 81 4 70 83 50 78 141 125 50 164 68 175 120 138 180 45 171 40 69 131 149 46 97 23 59 112 31 96 131 8 63 124 145 9 147 160 96 179 13 115 46 157 144 53 156 37 157 82 96 125 152 137 73 89 82 86 110 79 68 155 77 75 118 124 75 45 92 124 105 42 5 112 73 15 19 148 123 144 172 80 112 157 42 6 158 162 71 79 11 59 95 51 4 23 21 154 46 169 142 142 123 14 179 75 95 29 78 126 70 163 81 96 45 131 154 66 64 136 110 173 88 142 163 130 94 161 110 56 109 115 52 161 55 27 146 175 116 143 68 171 94 23 27 99 9 34 12 47 134 147 21 154 56 173 14 8 38 45 22 33 64 169 133 165 141 179 12 107 53 44 33 45 50 19 51 63 87 48 11 19 177 98 30 145 37 57 70 115 178 16 7 33 13 175 69 54 52 13 81 168 136 62 157 143 101 60 140 41 2 147 179 134 160 88 40 138 62 139 80 57 159 137 167 1 172 33 134 128 132 74 39 77 89 58 124 77 77 75 120 123 89 11 87 154 173 86 30 147 73 146 39 72 64 12 158 22 92 4 126 154 124 95 28 38 15 51 159 64 28 154 32 72 106 82 117 75 60 56 63 24 27 42 170 116 145 124 58 129 43 51 170 151 89 151 22 3 35 32 98 158 25 88 178 30 174 135 146 163 87 5 64 103 67 45 90 73 8 31 132 62 97 45 128 29 96 117 170 26 90 80 21 108 145 65 130 112 154 16 44 29 101 159 46 140 171 34 18 135 25 62 42 45 171 28 93 66 72 98 163 167 13 15 98 52 131 18 160 16 55 95 35 64 173 37 10 60 22 62 55 37 32 64 110 160 110 97 175 106 164 71 134 71 177 52 165 156 90 173 37 40 149 163 53 128 106 170 58 140 68 124 76 65 110 69 105 88 42 114 124 82 102 153 51 172 135 6 172 138 24 168 68 148 11 105 11 2 123 53 170 61 110 69
153 139 138 39 114 110 16 15 68 58 111 75 69 62 155 104 9 124 118 120 102 90 58 102 5 77 64 143 16 140 35 133 121 77 77 64 2 154 141 82 3 76 48 56 82 129 21 155 155 38 91 23 99 54 62 1 87 56 118 31 55 118 145 50 93 45 36 131 157 75 78 46 28 130 47 169 13 35 74 139 38 123 29 34 84 112 30 143 63 29 61 162 20 79 91 53 102 116 120 109 120 132 44 109 112 55 46 123 109 11 170 1 142 168 106 4 63 169 137 37 106 142 39 89 28 34 97 151 94 48 3 102 19 16 78 118 47 46 103 127 140 80 50 74 20 50 127 118 112 129 152 43 40 24 170 24 77 47 106 95 154 24 7 40 137 11 107 124 46 9 48 119 73 13 61 146 142 148 128 141 5 147 72 92 43 161 170 59 28 28 102 180 142 75 164 137 177 93 178 57 9 55 177 47 2 145 53 79 130 177 13 173 35 5 78 178 125 174 163 143 37 34 103 151 121 80 123 4 175 146 173 154 166 160 163 32 19 36 32 52 146 125 86 79 83 46 111 37 97 92 37 106 54 102 82 84 149 163 93 130 149 59 147 2 58 67 62 170 18 134 138 30 180 178 156 67 164 4 28 13 125 10 147 161 137 9 143 18 35 107 152 45 158 22 36 65 31 157 93 67 162 70 28 180 35 95 159 116 65 151 88 13 155 123 126 97 20 96 61 70 163 59 136 85 138 161 39 96 134 113 133 92 116 1 153 30 19 71 116 124 61 38 105 178 120 50 145 17 40 29 43 180 63 28 102 46 144 125 23 64 132 2 97 52 146 116 169 165 49 93 25 1 75 1 12 89 68 91 105 142 169 157 37 40 14 41 4 38 33 80 152 100 41 27 1 93 152 76 169 38 85 72 90 48 110 28 118 83 86 155 116 1 156 149 10 44 38 146 149 19 96 114 74 93 153 174 21 154 10 33 104 113 36 28 57 16 75 36 120 76 139 120 43 6 133 133 94 3 34 137 85 71 48 29 169 25 109 83 151 26 174 139 150 37 137 76 78 25 111 51 48 81 22 95 118 31 44 146 52 165 170 146 153 129 130 60 80 112 17 115 114 75 29 61 15 66 101 58 2 104 5 3 142 79 66 180 126 167 104 5 94 178 131 135 176 112 79 8 76 5 168 89 33 9 4 117 12 66 101 122 81 114 106 29 97 72 46 178 136 104 38 51 118 75 5 17 94 24 32 173 101 128 159 107 94 127 142 100 46 156 109 120 135 1 163 153 100 65 102 154 71 3 95 27 97 87 32 71 22 126 22 60 103 35 108 133 169 139 137 70 10 123 74 48 101 154 28 139 154 170 41 140 149 54 162 123 133 84 174 71 166 21 124 94 28 148 101 4 153 108 24 85 97 5 54 106 94 73 1 147 153 167 17 85 96 153 54 144 20 55 10 15 123 134 19 72 63 161 23 54 145 152 97 27 28 51 121 49 165 131 151 68 158 33 128 67 36 166 173 65 111 41 39 17 117 109 146 22 160 17 10 51 73 176 43 92 34 26 1 36 154 68 109 137 101 105 58 50 104 44 149 111 34 40 123 145 64 154 7 32 150 60 148 169 65 102 26 162 74 12 33 65 17 180 91 104 150 4 59 171 25 114 24 77 62 39 67 169 135 111 21 62 120 64 178 31 85 117 161 162 5 131 128 169 50 126 90 146 36 87 176 11 87 141 125 121 43 137 127 94 74 112 135 177 9 16 125 163 37 117 146 65 75 171 29 129 170 42 22 124 7 2 20 82 158 28 130 165 116 78 13 46 171 95 104 43 139 168 89 177 140 95 49 18 80 87 22 2 167 157 102 179 135 155 116 113 29 103 175 134 110 58 62 56 96 145 152 130 173 41 156 84 110 139 59 77 83 144 69 95 146 40 18 114 23 157 35 141 17 28 81 50 37 51 143 11 66 92 88 1 102 113 112 158 81 79 63 130 56 149 157 147 68 164 93 105 66 79 36 11 120 174 99 72 108 77 9 67 18 34 92 129 52 145 86 131 32 58 5 80 38 24 126 161 146 147 11 134 171 177 83 77 92 176 80 47 163 6 21 18 32 130 127 170 131 13 141 126 19 90 64 76 86 10 34 6 83 4 160 113 43 8 35 88 17 28 44 42 109 84 78 125 108 111 116 54 10 25 56 62 124 104 164 79 171 138 13 1 9 36 1 148 86 105 124 41 17 144 156 157 137 167 136 88 99 131 131 137 102 65 75 65 141 158 142 68 37 119 131 124 114 76 35 111 64 134 83 167 88 35 168 114 157 169 9 77 80 48 90 65 66 134 17 100 36 108 78 106 147 56 60 63 81 66 105 18 6 170 53 22
124 19 23 68 136 77 176 147 136 3 21 160 124 54 125 13 79 140 115 72 174 81 31 46 4 57 97 39 12 154 53 123 99 28 103 57 168 14 50 173 116 84 48 148 58 66 131 120 72 140 131 38 80 129 138 30 60 65 164 144 93 171 119 172 175 90 127 158 156 115 67 172 61 75 57 116 133 96 135 62 121 49 120 112 138 33 90 164 165 165 10 54 60 136 9 94 104 117 57 22 14 16 91 101 32 104 170 161 93 40 110 137 92 60 128 176 72 174 17 16 174 136 34 17 85 8 62 80 43 81 127 54 156 80 2 178 93 161 159 162 167 103 20 70 64 105 60 145 57 113 118 155 103 24 88 36 166 1 122 66 65 156 138 39 94 75 58 55 34 176 126 154 101 109 18 75 75 48 128 79 165 124 54 122 157 11 54 91 105 156 161 24 57 82 147 180 69 144 84 14 171 99 54 111 46 112 17 16 164 132 159 40 51 7 117 31 11 105 166 15 48 26 124 85 137 55 139 12 15 166 83 99 134 46 138 83 50 101 139 121 26 176 168 68 112 87 65 161 93 66 35 49 155 143 40 28 144 106 80 135 94 179 164 56 89 46 153 104 46 151 32 134 59 136 61 150 160 131 58 94 125 37 41 144 34 159 48 167 102 122 97 44 108 172 138 44 124 28 100 26 131 47 86 161 175 170 177 38 128 57 164 123 162 16 142 88 69 180 79 106 96 9 88 172 18 136 53 6 126 98 19 24 165 37 40 56 157 39 141 177 36 102 25 111 126 101 10 102 72 176 119 173 73 158 140 79 51 73 86 69 95 138 159 83 136 34 74 64 75 73 118 27 130 152 127 125 11 22 76 156 161 103 180 57 154 24 35 17 120 94 97 92 6 59 166 106 158 4 25 65 36 3 91 13 129 31 97 18 108 64 165 78 26 113 31 164 10 116 120 110 144 168 180 133 9 50 43 92 23 152 53 34 130 12 88 10 98 162 179 68 103 11 167 12 77 4 31 9 41 154 136 121 155 54 89 151 82 148 36 85 120 107 161 19 3 37 126 37 18 130 60 164 39 78 129 52 72 91 22 159 66 107 103 165 174 67 23 92 160 39 78 111 92 98 115 148 46 113 69 156 80 160 78 26 172 28 14 8 86 35 102 7 129 16 5 160 17 14 161 38 150 92 112 75 166 14 78 75 167 103 154 164 177 3 142 65 125 133 61 134 46 136 95 46 120 75 74 64 144 59 151 128 132 168 125 65 91 104 63 43 122 157 71 163 149 136 160 44 118 14 19 125 45 137 60 18 81 66 6 124 7 100 101 128 76 16 23 80 33 104 124 175 21 148 121 13 173 95 164 170 129 174 134 117 163 161 25 127 93 152 61 97 86 50 9 45 37 58 38 35 163 150 85 138 65 113 82 166 115 16 43 96 2 6 156 25 147 138 42 24 163 6 168 113 127 114 54 127 154 126 19 5 144 77 35 138 111 152 128 112 160 16 129 79 36 90 23 175 131 161 106 167 96 52 14 40 96 123 64 161 125 121 17 128 12 46 87 168 138 84 82 109 116 25 10 82 49 119 96 175 104 100 48 70 129 137 86 56 93 42 176 33 87 106 170 139 64 74 7 27 78 2 128 58 167 62 24 143 116 144 157 59 27 164 123 62 113 57 167 65 13 123 157 131 5 28 116 7 13 45 39 168 19 139 180 1 79 129 40 154 178 38 91 126 27 133 23 1 144 180 135 131 151 120 61 8 156 37 115 110 38 90 180 18 69 16 24 126 129 168 81 60 110 152 57 18 29 103 176 75 176 112 137 110 49 17 82 156 74 158 135 83 42 64 55 54 124 164 85 23 15 141 22 77 9 108 83 50 166 151 156 108 134 155 49 4 148 3 43 165 16 46 80 101 180 47 113 127 29 28 165 60 92 44 156 163 96 180 113 61 104 117 115 60 110 1 130 118 5 25 5 46 153 131 60 134 178 114 107 28 77 9 80 32 169 65 150 87 171 162 59 54 67 4 156 168 68 26 68 45 37 167 75 150 3 61 122 166 150 177 115 134 125 169 150 117 49 119 162 114 162 149 23 161 60 46 180 116 102 148 53 56 113 81 2 151 37 28 76 29 120 126 87 88 79 84 74 161 168 93 128 120 130 119 33 10 164 76 156 161 90 47 152 38 1 50 3 95 136 96 137 87 177 177 93 137 38 69 90 48 56 99 106 91 36 96 135 38 111 98 166 177 152 121 60 93 92 159 63 29 179 144 62 36 142 19 133 82 117 16 113 73 30 110 86 22 26 24 93 107 48 151 164 24 14 128 9 124 147 23 103 135 58 180 46 110 47 36 136 17 3 14 131 138 25 133 6 123 37 33
180 22 76 8 78 44 138 117 28 38 160 112 1 62 178 97 2 68 136 173 99 35 105 151 39 130 128 132 67 14 146 42 96 92 136 87 74 171 102 112 116 147 38 74 66 125 160 156 18 128 61 56 102 149 48 49 117 79 151 151 41 104 49 30 180 80 52 92 144 28 55 8 174 113 150 49 84 84 7 70 84 90 134 168 107 180 131 179 55 132 68 32 26 1 170 137 63 133 18 18 3 40 44 164 83 173 174 36 178 33 70 171 10 117 27 159 16 37 26 168 174 178 40 30 79 28 90 94 34 142 116 134 173 71 146 144 20 38 52 141 107 103 178 11 140 5 29 65 19 147 51 29 16 20 56 174 6 1 127 92 8 57 175 174 100 127 48 175 117 99 153 115 74 49 156 88 124 66 36 62 105 69 30 153 15 84 164 56 168 42 123 165 115 19 1 68 132 73 146 65 132 131 28 146 164 12 167 70 2 74 115 167 127 80 127 97 58 132 109 53 129 30 131 61 37 20 147 33 120 141 103 5 56 6 157 76 155 83 84 50 2 157 76 146 119 93 12 117 32 59 31 9 105 75 147 100 119 180 101 1 128 11 51 121 76 10 11 175 21 123 62 58 166 142 30 92 36 63 138 167 81 102 81 174 163 18 72 93 2 27 8 129 72 41 88 57 19 115 63 48 32 28 162 68 105 168 4 149 15 85 12 59 112 119 34 112 43 35 122 13 50 135 87 87 109 73 18 16 5 113 18 4 24 32 11 102 2 120 86 143 24 118 138 73 145 71 172 148 163 32 47 71 61 177 20 49 157 86 136 4 106 47 113 140 86 112 89 125 163 71 100 41 80 32 8 59 33 135 53 39 123 115 145 84 107 166 169 89 117 37 11 60 43 104 78 26 157 2 2 23 108 113 144 121 106 46 171 119 116 60 47 106 104 62 61 39 67 105 12 149 70 154 142 157 79 131 23 169 133 144 62 165 117 25 102 119 27 179 136 42 111 12 116 38 44 176 23 126 158 40 145 136 76 13 138 178 116 65 45 115 61 123 56 125 44 154 33 54 66 44 180 45 5 58 43 13 137 125 84 51 3 98 171 63 135 63 70 154 82 47 50 178 63 43 145 143 94 155 95 22 133 62 55 30 71 35 134 17 170 25 153 42 70 3 131 31 176 100 140 177 153 109 1 144 132 178 150 12 42 30 114 16 109 84 78 4 119 35 29 16 9 1 49 91 19 17 159 65 172 12 31 75 170 54 10 65 120 132 102 180 116 13 72 80 85 153 148 80 175 96 112 2 33 31 3 166 67 49 17 118 49 93 123 168 77 93 34 101 180 174 130 108 66 97 56 145 18 47 4 123 1 110 28 91 90 107 64 128 12 83 136 115 95 21 36 97 79 125 144 88 35 142 150 12 140 180 138 180 131 168 137 95 6 180 144 156 163 95 17 91 133 156 7 152 169 121 97 142 85 33 177 119 112 144 7 51 63 113 154 71 72 79 156 153 84 43 71 79 137 71 96 132 141 158 1 57 81 67 51 100 22 123 128 100 68 48 9 42 122 142 113 13 168 56 120 48 166 64 30 45 77 162 104 90 127 98 114 62 57 49 124 121 82 116 51 46 108 122 178 55 5 42 2 78 121 28 59 146 44 81 44 43 20 40 141 85 88 24 118 168 85 53 75 45 60 118 92 128 101 82 14 85 102 173 136 177 68 5 150 60 17 104 169 160 68 146 80 60 141 4 65 1 167 130 48 32 30 81 85 39 132 157 64 52 87 62 147 61 58 101 29 176 57 93 43 59 110 67 43 71 52 71 26 108 83 1 99 41 82 59 17 42 3 167 3 76 102 17 51 65 29 107 57 50 175 30 24 87 153 150 29 122 65 170 74 104 154 141 116 39 62 8 127 116 109 28 132 166 30 105 148 121 41 28 162 26 115 19 149 49 163 162 63 162 148 138 114 18 122 48 118 162 112 110 171 42 57 145 139 11 117 62 117 135 174 28 134 47 61 133 105 26 38 49 84 18 12 121 13 95 176 73 166 36 117 119 7 131 136 175 161 84 129 81 139 46 80 53 48 152 55 120 66 17 112 167 41 17 64 39 70 39 157 55 17 113 110 170 16 38 147 61 11 171 45 66 25 60 69 60 117 57 180 82 176 31 3 143 80 152 89 153 138 48 146 28 94 48 78 33 36 129 39 40 146 146 33 137 115 13 180 118 61 169 29 133 18 110 42 78 84 93 33 148 139 174 148 152 13 100 46 20 145 33 9 11 8 69 1 16 168 174 130 48 170 179 114 60 34 6 174 164 35 35 53 64 173 2 44 37 136 23 24 66 28 35 101 55 77 52 21 88 168 25 149 85 169 158 123 139
42 173 92 146 139 75 15 12 123 146 176 20 73 115 12 80 65 143 149 83 130 93 11 109 43 98 78 139 20 151 24 162 21 67 119 128 113 42 31 78 149 100 144 49 131 43 20 98 48 12 73 56 166 26 42 73 94 169 176 29 122 50 115 145 102 104 3 62 111 52 150 146 15 123 71 8 108 168 140 96 56 163 179 86 87 169 178 158 113 179 160 169 66 88 33 72 87 57 50 147 117 75 133 108 79 107 67 40 169 74 1 17 179 12 156 66 72 106 173 6 119 36 165 162 57 83 136 83 10 72 135 132 136 18 77 103 140 75 122 82 129 174 134 63 93 168 95 3 146 12 37 107 172 176 76 3 131 103 72 56 2 47 39 135 125 24 78 11 140 152 54 49 63 48 175 35 80 159 5 167 175 99 19 53 89 81 152 142 49 154 134 149 134 66 111 167 26 36 175 136 46 6 161 73 15 18 97 164 114 65 133 119 116 141 48 44 26 53 34 44 96 18 66 104 107 175 69 103 103 88 93 151 178 175 127 56 86 84 38 121 105 47 8 83 93 175 157 53 82 178 50 29 179 115 89 101 90 100 85 174 141 71 74 98 71 78 28 43 144 38 132 72 93 25 80 56 92 21 146 123 149 2 40 24 127 149 88 52 11 164 47 79 143 50 124 121 42 12 113 155 180 163 136 109 99 179 84 133 104 29 31 117 90 180 8 138 56 150 154 167 37 173 52 173 146 131 86 111 73 146 144 60 158 168 85 43 2 49 31 164 69 135 68 86 174 67 18 83 98 132 127 73 8 2 63 99 145 139 134 34 33 11 32 14 147 52 150 125 26 158 80 157 127 26 178 52 171 107 18 12 94 90 139 117 172 30 50 68 114 67 65 66 5 134 126 35 95 111 154 18 27 169 83 87 27 23 168 137 171 86 34 89 74 115 99 33 112 127 10 94 104 128 76 113 48 122 50 136 102 48 142 78 97 165 13 61 104 125 14 144 59 14 121 81 137 72 56 19 102 32 74 18 139 13 91 71 80 142 21 52 176 155 108 93 55 130 149 102 162 28 102 44 107 16 53 36 4 145 88 132 124 112 44 135 76 166 29 84 110 149 59 34 43 65 68 82 106 92 54 95 140 167 117 52 62 164 165 172 96 72 56 105 71 97 41 27 1 169 39 107 152 80 86 109 78 98 153 152 94 50 118 102 100 102 134 57 124 128 73 35 97 143 2 177 150 64 43 168 133 16 99 5 179 119 85 140 150 90 164 48 62 129 20 131 41 19 169 76 146 84 80 81 74 105 116 33 136 75 99 14 47 53 75 59 68 101 123 75 169 4 42 123 48 55 105 136 44 128 16 76 39 64 61 53 26 122 164 26 140 48 35 84 113 85 113 92 20 134 94 68 26 64 86 106 83 131 103 101 12 144 132 63 163 138 11 69 168 18 16 40 78 18 139 115 88 57 148 34 3 62 153 17 6 160 91 88 113 155 104 142 112 146 122 43 11 104 134 114 131 106 174 22 166 64 10 145 107 141 101 2 28 150 101 161 93 154 110 76 103 48 107 171 24 78 149 177 109 67 63 161 35 54 136 179 6 72 169 144 117 36 92 101 143 126 77 107 17 16 39 96 175 3 76 135 95 118 74 121 162 10 31 92 15 157 67 129 101 53 65 41 74 163 140 6 39 23 102 57 88 63 12 77 67 129 30 103 155 130 43 107 165 11 22 71 119 70 169 98 27 33 132 177 133 175 86 55 143 14 168 146 49 120 103 100 86 24 128 80 122 51 34 28 80 128 85 85 139 22 70 17 92 19 100 122 52 63 29 37 109 100 140 41 170 130 98 105 50 70 170 173 142 163 175 96 51 148 77 169 2 22 126 130 97 92 139 9 5 25 167 44 36 156 168 45 73 59 104 49 54 34 65 123 81 136 15 40 19 85 22 4 128 116 143 59 91 2 157 73 40 39 87 180 34 75 5 172 10 131 142 164 19 41 40 106 129 11 113 139 43 123 62 102 126 27 86 35 39 136 91 59 125 91 7 55 87 97 102 54 99 61 33 135 49 148 45 25 52 148 67 90 171 164 117 57 161 150 6 13 66 36 50 6 130 23 73 174 85 162 167 72 74 127 127 134 177 130 154 141 100 163 179 102 30 94 81 130 85 41 154 13 166 144 108 133 143 156 78 85 93 82 58 93 179 172 26 67 51 142 172 140 56 71 122 74 171 163 40 106 95 169 52 108 152 99 171 88 175 52 147 77 110 37 2 178 26 34 46 9 128 101 54 138 81 100 19 83 138 77 71 57 42 49 139 151 157 84 135 32 106 72 96 69 116 106 179 94 36 86 44 74 34 120 56 161 59 18 68 96 89 140
101 124 49 72 180 69 109 105 127 150 61 101 172 73 28 101 107 3 93 38 100 124 90 67 136 54 63 16 39 106 51 31 58 39 116 43 159 24 106 37 177 177 27 26 72 177 102 121 169 33 115 88 47 52 99 2 19 107 131 51 75 148 58 172 177 138 124 79 38 83 38 40 23 150 161 1 38 105 48 67 155 73 2 116 119 80 134 86 94 108 146 35 125 43 21 65 174 26 20 17 6 98 47 70 57 64 159 1 73 60 122 47 95 20 37 111 104 131 106 111 177 21 103 62 64 20 104 3 164 144 144 63 10 77 148 161 52 59 13 162 105 126 109 63 50 138 152 85 125 98 138 99 59 1 135 16 173 117 165 37 119 109 140 112 132 8 6 164 115 155 116 142 8 136 19 148 111 85 11 135 41 35 44 179 50 157 48 179 138 31 131 137 179 141 74 169 83 60 100 57 158 20 33 150 99 110 151 99 80 2 60 82 101 27 173 40 51 15 117 141 58 56 62 173 145 4 50 171 111 152 174 25 55 11 113 122 91 116 61 7 132 51 162 76 44 14 34 116 62 75 6 103 4 79 100 129 19 63 6 111 177 18 125 33 40 159 62 138 3 87 132 158 44 157 93 101 83 88 177 100 98 66 64 163 40 114 46 119 105 61 135 118 71 99 36 26 165 162 63 125 144 153 159 147 86 30 54 100 151 146 140 64 97 8 133 35 25 174 165 161 146 3 63 145 93 22 89 83 168 121 110 74 67 103 148 112 110 141 169 168 24 106 22 159 160 112 131 174 73 16 107 125 79 34 151 128 153 52 74 157 41 159 147 73 132 48 21 174 107 136 45 169 100 82 3 47 158 65 72 53 151 120 113 120 79 104 164 118 128 17 132 88 75 136 153 14 167 122 115 81 34 142 26 5 50 71 119 170 94 177 48 165 122 143 127 88 33 154 161 149 47 84 81 104 83 136 154 111 160 128 99 120 119 165 129 31 105 82 3 93 163 150 53 153 74 57 101 42 9 110 64 124 30 86 73 44 29 106 177 160 3 145 12 151 25 23 124 107 48 142 148 41 137 66 110 5 62 13 57 111 169 31 10 21 104 129 114 122 147 165 75 171 60 25 144 36 174 36 178 7 90 78 155 21 67 63 103 180 93 125 143 50 19 134 109 115 107 160 11 98 115 59 14 25 68 23 153 6 26 31 55 89 126 37 146 153 97 30 66 119 124 81 123 38 37 114 168 19 71 123 165 35 136 1 103 108 90 34 45 178 141 103 54 177 108 169 117 164 6 30 15 38 117 122 168 171 72 39 26 1 56 94 3 37 151 166 151 100 104 121 101 60 63 145 165 140 56 82 6 116 152 116 162 42 134 40 48 109 43 119 131 91 49 143 155 167 81 89 77 101 165 97 66 91 98 105 33 43 120 134 119 82 25 104 18 99 128 148 45 100 62 178 90 68 114 116 18 64 53 60 114 45 64 116 138 59 111 63 145 142 171 65 83 138 97 59 57 177 83 10 125 171 144 67 27 105 136 165 57 180 40 35 36 21 64 27 40 30 122 127 129 95 104 156 73 171 73 95 156 4 132 7 37 168 93 158 133 78 87 102 134 166 5 103 141 38 166 177 44 154 102 106 65 12 13 44 63 8 159 89 17 36 110 130 98 83 6 159 174 38 27 45 93 58 138 144 174 125 143 3 125 69 5 68 94 179 103 60 79 69 167 16 9 136 172 59 51 59 155 46 71 155 55 138 102 20 105 135 143 124 15 1 88 96 117 68 141 109 100 79 59 35 122 37 36 72 119 104 10 105 30 44 129 120 119 19 50 89 55 148 167 27 131 113 121 90 160 42 6 138 5 26 55 159 85 5 90 148 4 54 113 125 143 5 86 63 136 125 170 5 19 172 112 173 178 73 14 82 175 22 147 44 180 114 46 57 179 20 104 115 130 54 172 150 29 54 114 109 173 85 111 14 74 68 135 164 176 117 138 58 81 111 135 12 31 91 4 160 115 20 61 62 77 84 170 8 24 28 162 49 29 48 90 113 92 131 156 96 115 125 144 177 39 1 179 147 8 40 149 38 64 15 119 102 57 94 9 157 144 85 103 117 47 16 170 32 53 180 126 84 145 65 13 162 74 70 14 137 80 119 133 74 33 180 60 1 152 62 118 102 82 81 160 177 121 32 92 95 119 70 27 14 117 15 130 163 21 169 171 27 72 85 179 57 128 131 10 75 13 143 62 31 24 112 71 157 111 144 80 118 160 54 68 66 179 33 8 88 160 91 28 173 54 15 155 85 110 142 122 37 157 64 152 16 93 146 175 16 29 60 52 66 134 9 120 143 10 92 109 77 8 46 96 16 139 77 15 130 32 107
16 137 169 18 69 48 111 116 179 65 22 36 4 116 27 140 136 66 110 82 8 162 107 15 171 95 56 162 170 172 40 178 33 66 106 93 84 62 87 180 50 28 149 158 163 148 127 136 56 15 156 69 147 18 84 69 39 161 98 89 60 144 17 166 9 180 32 21 16 47 172 28 126 124 77 32 95 96 109 144 55 116 131 84 29 177 126 111 4 114 55 135 174 8 103 180 9 86 108 74 175 97 104 121 53 158 176 34 54 33 54 123 72 130 137 136 169 83 29 47 30 62 30 130 177 24 80 180 96 93 166 176 23 105 125 56 180 53 121 17 54 137 54 74 173 38 68 161 38 103 146 69 32 73 72 75 68 11 73 30 164 3 33 81 180 167 13 84 108 85 179 169 30 137 114 139 169 161 148 113 80 155 58 120 99 43 115 141 4 178 171 50 41 86 20 158 14 25 111 71 26 134 2 174 44 115 75 170 118 78 147 51 117 143 117 163 174 25 149 50 114 8 98 83 133 13 151 158 143 111 75 154 28 67 46 89 83 114 95 146 80 104 80 62 160 176 140 86 19 15 9 57 24 157 89 11 176 157 72 79 139 72 23 160 112 177 85 27 170 15 125 112 63 51 173 38 37 27 40 114 165 10 101 48 114 2 78 146 48 26 34 113 35 76 95 15 29 75 20 15 55 150 17 102 100 84 113 156 84 112 162 11 84 29 3 38 5 153 11 70 162 68 171 62 150 139 25 162 74 175 4 40 4 79 168 94 1 84 73 123 1 52 29 21 59 127 61 6 124 30 148 135 3 19 71 57 4 134 157 51 51 66 123 135 25 22 137 96 177 154 61 120 10 16 14 9 148 79 64 77 156 128 99 84 32 13 120 134 28 24 101 129 28 128 38 78 167 29 6 82 53 64 116 81 157 102 132 161 174 133 87 38 79 34 22 178 60 40 100 89 154 78 33 106 86 25 167 129 147 59 131 134 87 96 115 33 77 19 165 4 1 97 135 177 129 135 129 19 112 43 83 176 79 132 148 162 178 60 131 51 82 15 156 159 81 114 129 59 3 103 61 115 151 164 3 138 49 142 15 54 112 47 68 168 62 62 160 69 8 116 58 70 161 81 47 153 57 147 70 138 40 96 60 165 27 44 5 162 55 72 45 101 134 137 19 99 179 87 122 47 139 6 117 32 179 42 7 166 154 54 151 94 28 31 109 72 167 127 142 61 70 22 116 105 161 178 126 4 51 166 105 128 44 42 176 17 89 168 42 77 95 24 111 158 52 52 55 83 113 139 31 50 123 146 161 29 113 25 138 29 58 136 150 167 93 80 141 152 84 164 26 96 2 122 37 129 28 133 52 79 12 172 42 167 51 104 169 11 147 129 154 133 79 35 123 134 53 39 69 30 110 107 25 39 54 167 115 100 100 106 23 68 112 84 11 36 160 13 100 139 16 24 116 33 46 166 180 111 66 17 1 44 40 37 96 33 130 170 95 50 129 74 94 16 56 162 115 108 150 62 92 94 40 162 71 6 71 55 59 66 8 144 108 141 104 9 44 3 95 89 83 29 142 16 145 65 117 105 103 165 7 119 150 147 101 54 69 44 41 3 18 147 82 180 87 177 21 49 61 17 7 8 96 172 23 44 140 59 148 28 127 60 46 45 170 4 30 99 27 9 23 134 90 62 74 176 58 64 100 119 134 98 83 76 40 107 36 32 12 27 16 6 132 39 124 112 71 123 124 42 142 33 45 139 148 88 34 154 116 56 80 153 65 39 130 54 110 17 114 32 127 35 109 174 112 20 158 44 110 137 114 120 87 167 50 85 178 112 136 102 78 38 179 78 22 70 93 58 70 38 179 86 107 46 82 85 118 55 98 93 23 180 98 144 11 10 73 165 169 71 95 56 141 42 172 89 180 89 10 48 175 83 98 10 12 49 118 109 64 101 103 54 97 8 163 5 124 63 36 118 66 138 177 149 18 15 128 156 95 3 87 151 20 165 140 166 119 82 81 92 73 45 8 36 30 42 77 139 152 130 78 50 127 161 79 112 103 22 180 141 141 161 91 119 93 131 142 123 179 105 127 134 166 178 147 108 2 156 32 1 72 67 139 20 41 106 64 97 129 179 86 10 46 140 65 93 11 21 180 173 26 84 51 180 20 47 138 37 49 35 30 141 118 91 16 173 177 45 137 13 24 149 146 174 96 27 139 50 58 103 80 40 150 53 178 103 118 35 146 151 161 87 2 53 163 47 62 44 173 34 140 120 129 14 59 101 114 99 152 6 18 7 124 91 64 100 22 105 96 126 97 64 110 108 79 128 42 147 103 112 63 125 135 43 99 172 58 44 35 121 105 42 128 3 72 63 98 162 151 22
25 4 159 43 156 147 89 20 49 87 154 37 88 129 84 174 36 125 171 57 178 20 139 177 115 26 100 73 157 159 36 101 79 27 47 50 54 39 153 23 82 131 171 15 150 83 146 1 141 21 137 119 158 53 169 4 51 62 86 127 170 138 81 134 96 136 42 38 17 166 124 133 111 89 49 54 125 178 76 11 59 133 25 99 109 39 156 88 126 108 106 144 88 121 163 132 52 170 55 15 175 121 52 63 82 134 113 10 6 165 1 96 153 17 111 49 100 34 102 162 144 84 64 79 129 157 71 60 110 85 76 13 40 167 126 6 54 8 63 142 86 119 40 82 32 98 65 154 170 11 1 132 26 43 56 15 122 16 68 12 84 47 146 117 159 3 3 93 127 177 80 162 8 175 160 82 163 1 130 17 90 64 149 99 63 104 56 140 72 166 27 140 9 163 34 86 85 178 7 133 42 93 75 130 73 163 178 157 146 35 68 34 98 129 146 81 171 16 64 171 7 65 44 81 157 41 44 171 95 156 25 127 39 73 152 57 79 75 97 36 154 71 37 37 120 26 26 57 56 11 64 172 122 38 67 122 67 148 125 128 74 60 95 123 62 114 36 173 31 16 145 92 180 57 14 122 97 127 43 13 16 158 9 22 92 163 41 63 50 93 175 79 55 113 14 156 18 152 134 166 137 151 40 173 119 128 102 54 40 143 174 120 25 9 112 47 15 37 33 74 173 53 116 10 130 166 81 8 126 150 46 67 158 146 8 161 102 18 137 158 20 140 118 1 130 90 91 145 164 108 119 93 87 51 11 112 128 104 68 38 125 24 18 119 69 36 54 85 146 58 25 84 121 38 161 32 107 124 87 77 43 93 161 84 124 169 173 93 2 38 52 74 76 111 81 162 86 64 149 165 146 87 155 74 176 130 28 23 56 140 17 157 17 126 122 177 5 74 128 106 172 173 50 145 124 92 15 36 171 100 163 99 1 104 23 117 12 103 131 16 76 26 124 38 137 72 168 73 130 30 96 114 173 48 107 147 150 166 42 94 142 128 30 133 117 27 78 12 119 28 40 135 71 59 140 156 90 63 155 55 129 149 117 88 102 2 134 169 54 88 101 43 34 120 112 28 134 70 168 33 145 167 109 30 168 151 159 53 166 132 118 17 1 39 80 126 18 6 118 135 122 20 131 142 144 179 159 82 174 38 51 64 174 34 82 11 172 126 80 9 22 118 142 118 50 139 10 67 124 30 106 3 130 112 66 58 31 61 78 140 98 19 119 35 105 93 132 52 69 64 178 53 157 141 100 57 166 109 67 106 145 124 23 82 91 19 35 80 157 71 79 160 52 106 62 98 80 133 4 3 170 41 135 47 155 38 154 59 118 61 22 123 175 90 78 168 154 161 144 34 57 53 3 145 90 91 169 137 159 34 62 64 151 63 179 157 168 147 180 94 115 35 127 109 141 62 124 7 116 90 76 22 15 158 140 133 2 177 86 75 69 64 95 38 115 31 110 149 173 8 175 69 63 61 12 69 84 10 155 63 20 11 53 78 123 79 134 176 49 40 170 147 131 44 153 36 131 51 59 54 126 64 44 62 59 86 179 149 125 177 63 53 146 36 82 71 119 138 120 78 52 112 3 86 67 173 137 43 85 112 108 94 75 61 165 79 162 174 53 70 66 123 130 57 135 147 53 154 55 170 24 73 152 134 156 92 47 61 43 131 93 96 105 76 60 170 150 126 156 82 22 31 85 36 47 159 13 107 107 46 179 6 91 15 1 17 11 165 124 125 75 124 147 105 95 50 133 2 24 106 153 163 46 79 103 101 82 113 26 41 102 56 66 18 20 134 32 167 114 44 119 52 25 76 40 91 171 108 153 17 69 98 7 47 27 50 153 162 70 65 8 60 104 5 59 115 178 174 180 8 61 78 16 119 99 67 175 49 95 162 27 157 86 12 114 111 100 121 79 120 32 80 20 18 44 171 132 170 122 9 50 48 137 178 23 68 166 140 136 23 136 148 106 76 156 93 135 56 112 10 32 32 12 119 130 38 116 171 123 157 178 169 42 127 180 11 14 137 113 140 111 94 79 21 104 90 148 122 41 150 174 76 130 127 75 43 50 172 57 95 70 117 164 37 89 137 78 123 168 5 141 47 162 142 36 110 139 71 85 13 175 42 16 95 154 44 89 69 142 62 91 62 138 10 137 72 161 178 173 12 148 57 127 81 75 124 59 8 42 19 14 103 38 20 167 145 98 26 136 177 25 135 22 131 24 16 92 124 75 98 121 74 34 28 54 39 69 30 80 113 99 134 27 139 7 60 119 105 132 113 148 171 114 128 47 83 117 48 154 153 110 151 162 156 33 100 81 91 58 39
171 60 69 166 167 18 30 63 74 102 154 26 162 135 130 15 43 109 53 39 72 146 161 113 159 16 165 124 94 15 9 153 23 149 47 30 42 33 79 109 96 97 1 6 40 118 80 128 37 157 26 132 173 157 151 37 176 173 169 132 30 131 177 173 35 109 83 102 21 104 132 39 32 172 147 74 87 29 173 100 147 119 2 127 8 47 125 36 56 169 167 161 23 53 126 45 133 162 109 19 5 44 5 64 81 85 152 161 25 148 28 16 34 84 178 92 43 122 112 174 115 148 118 86 161 77 102 32 102 27 144 6 24 158 22 152 72 22 131 136 17 70 135 17 180 30 18 79 149 34 137 83 40 113 21 169 164 164 90 13 38 23 164 14 131 31 142 80 49 134 99 168 22 60 179 27 58 86 9 180 128 38 131 31 37 45 111 161 84 62 169 160 134 81 25 93 160 70 141 151 73 51 105 58 162 165 25 157 129 83 47 46 111 147 68 21 99 74 49 86 107 111 168 128 12 142 76 164 66 164 15 1 41 161 155 15 172 21 63 21 38 19 31 48 29 141 153 146 60 51 125 69 25 81 173 151 90 158 99 57 92 27 10 139 51 82 21 24 56 164 84 31 122 45 108 21 15 97 40 109 65 23 44 111 57 158 29 128 146 21 114 164 152 125 25 146 117 175 145 83 167 180 57 109 40 41 175 19 26 27 119 127 162 54 175 165 177 86 47 164 14 55 128 124 109 126 3 115 161 22 71 18 15 96 167 125 72 88 157 45 18 73 97 66 89 41 73 9 169 117 1 51 127 62 146 106 137 39 17 166 48 97 146 42 91 129 68 71 58 64 60 104 139 102 58 25 95 70 97 72 136 43 103 1 146 72 144 141 36 62 3 79 51 77 130 28 47 133 134 28 126 35 68 75 39 33 138 30 166 93 18 10 166 97 121 128 20 21 93 6 159 115 131 106 52 62 8 123 170 72 54 172 38 167 5 37 101 111 47 6 43 82 149 90 101 64 118 59 1 12 106 50 116 12 165 77 44 11 149 108 86 4 143 9 131 133 31 152 137 8 61 66 102 146 168 90 7 162 124 97 119 65 180 50 174 82 98 97 16 20 166 178 10 10 160 28 25 34 160 77 88 116 117 125 87 155 101 69 12 89 148 9 12 143 120 14 150 138 7 55 48 169 160 80 16 77 54 66 118 111 41 173 68 112 166 15 97 163 106 14 113 106 93 129 108 5 105 87 5 177 70 29 166 124 31 170 97 27 109 82 140 78 32 173 126 4 130 111 1 162 177 45 172 163 27 89 125 128 52 46 179 40 153 174 145 65 168 117 41 44 70 93 157 16 74 35 41 122 31 105 107 166 76 86 85 27 110 81 113 31 80 167 123 86 5 144 104 32 35 163 82 166 78 171 86 39 126 61 25 160 56 141 105 122 9 123 147 100 156 18 139 149 152 178 41 136 80 24 84 32 168 26 78 143 49 177 75 165 109 5 155 129 63 134 34 146 84 90 116 139 110 60 65 99 135 47 7 18 173 85 83 15 92 166 93 35 3 126 114 111 173 91 12 155 158 49 118 85 112 162 127 115 61 92 125 25 39 138 59 52 48 125 73 66 22 16 45 117 79 37 154 98 152 88 53 157 80 112 2 42 109 156 48 50 74 25 130 172 33 177 59 143 127 115 20 93 81 170 15 47 61 97 160 118 134 169 155 98 132 9 173 139 142 132 60 67 68 10 54 127 109 46 124 27 159 159 19 155 57 120 54 51 30 91 78 56 86 100 177 26 55 118 134 169 101 144 173 76 174 146 61 24 171 95 2 167 172 113 107 159 164 179 41 6 15 150 15 58 167 43 137 149 157 56 140 136 36 6 79 126 153 126 19 70 133 121 128 45 73 19 4 34 28 117 3 27 152 35 165 135 98 106 33 120 90 81 154 95 165 171 44 59 130 177 12 125 114 27 47 88 118 97 137 122 167 40 69 57 102 165 94 75 1 27 87 88 10 12 130 120 75 66 35 140 127 149 154 39 62 60 54 6 62 79 45 70 42 168 102 65 62 91 49 39 7 97 102 6 10 17 47 101 158 120 137 73 126 13 104 43 104 13 78 45 9 36 36 73 59 83 76 45 56 138 166 146 113 111 108 33 60 75 68 155 174 129 171 127 33 4 116 33 42 28 140 88 167 96 103 113 143 124 6 98 26 50 65 63 173 175 160 118 103 83 90 114 127 5 180 75 79 125 34 1 137 60 132 41 74 141 27 19 49 134 176 16 35 98 15 84 86 132 71 1 74 114 75 34 168 99 102 22 168 61 160 113 9 45 14 63 140 42 52 34 100 84 18 157 178 130 63 67 149 170 55 90 161 97 139 30
131 112 63 153 87 40 164 74 67 111 68 57 39 94 13 39 153 8 176 67 33 9 131 110 179 88 177 43 93 95 107 85 80 125 163 47 69 1 157 93 114 135 24 161 14 28 31 118 113 152 161 68 94 37 99 137 7 81 88 104 114 4 157 136 34 70 172 23 51 166 58 95 165 39 82 81 57 56 101 19 170 153 114 28 130 153 47 8 102 140 113 168 28 64 131 171 41 93 124 138 130 144 9 13 49 171 60 14 78 42 133 92 94 154 70 30 179 3 19 34 90 104 85 30 144 139 51 21 95 167 82 40 45 124 70 72 125 142 146 108 138 99 147 171 60 58 177 72 138 88 38 19 139 111 16 112 14 119 165 113 124 176 47 141 180 50 146 26 92 6 80 89 131 15 157 112 51 83 7 103 124 20 104 32 156 76 54 79 50 29 16 94 77 174 142 2 81 115 16 25 65 60 27 171 4 35 12 81 127 155 122 94 150 69 107 167 26 7 55 125 4 117 149 167 90 26 125 33 170 126 10 114 56 6 167 135 77 165 97 155 99 134 135 161 166 66 161 13 83 74 30 178 125 86 154 92 115 41 42 91 8 104 65 46 169 144 2 12 176 61 53 86 27 100 18 35 145 11 120 27 11 174 134 95 116 97 85 180 48 173 69 16 84 94 87 60 142 171 44 162 97 169 47 126 169 175 153 25 126 147 24 105 161 98 18 40 161 168 73 113 148 165 24 49 117 8 100 130 42 62 32 63 135 127 98 135 147 11 114 152 35 178 104 31 22 76 86 107 76 71 134 144 65 83 93 108 79 20 10 65 81 82 129 178 165 88 45 158 19 83 170 65 60 101 158 108 104 136 89 121 126 101 79 26 139 67 114 55 48 82 30 139 64 86 4 177 116 176 82 123 91 148 30 139 105 38 19 127 154 174 128 139 55 163 148 85 166 22 77 51 100 175 42 59 31 16 95 33 68 52 123 85 101 24 10 84 109 59 62 15 56 139 45 46 124 12 39 30 169 107 163 19 10 7 118 97 52 72 35 159 96 13 153 19 149 32 154 92 10 27 48 151 115 75 149 53 73 157 23 85 36 155 143 144 12 172 21 115 79 170 117 79 101 16 54 171 9 64 109 16 72 11 54 8 140 97 142 46 99 67 34 156 124 104 5 87 59 156 152 54 164 23 77 41 42 106 92 39 151 163 130 161 48 119 78 171 3 10 59 148 101 90 58 83 3 173 66 159 7 59 143 81 178 13 37 73 84 24 38 62 136 73 18 106 68 17 13 100 156 104 162 8 33 154 65 46 161 56 176 149 168 45 7 148 124 93 91 179 59 81 134 119 89 134 19 72 108 153 104 165 133 146 3 66 162 164 158 93 61 34 22 86 37 67 141 18 146 148 88 176 9 124 59 96 155 177 20 158 58 138 148 91 163 130 112 37 122 83 50 38 44 55 165 26 83 138 95 49 113 173 172 100 143 109 5 4 38 124 54 120 25 31 41 148 173 20 164 175 150 8 111 124 115 131 142 104 141 97 77 138 32 69 95 68 24 110 32 25 146 118 161 138 25 115 60 9 166 57 162 128 47 73 120 106 51 176 141 37 2 101 33 172 65 56 145 172 163 13 121 66 91 114 7 143 136 101 82 75 25 64 163 163 129 131 3 161 128 4 34 117 8 18 120 99 130 117 110 49 88 98 17 34 172 68 60 83 145 137 176 152 78 48 90 162 96 109 53 22 75 78 50 48 131 88 28 100 52 10 166 8 160 146 101 170 52 160 107 7 11 17 95 122 174 86 30 115 49 129 5 53 149 9 86 44 30 153 119 56 16 165 106 155 121 22 60 140 26 158 105 174 84 177 43 70 165 102 120 153 68 154 7 97 67 50 48 12 151 163 178 3 93 58 177 84 138 44 110 40 137 165 31 21 17 27 60 42 171 163 158 58 28 17 67 101 98 79 83 121 38 100 90 72 15 47 36 92 64 45 38 57 114 178 27 45 54 108 37 45 59 92 172 100 157 138 36 175 24 123 93 133 107 26 91 168 49 173 155 95 45 105 178 56 50 104 4 131 109 8 168 43 125 100 126 172 173 9 18 165 51 115 115 145 12 25 129 84 54 90 79 167 87 78 153 49 7 55 49 4 159 127 97 148 14 72 56 140 111 114 148 80 36 60 35 27 125 77 75 101 157 124 114 131 135 19 10 142 88 118 70 28 38 3 131 16 69 139 117 34 138 67 133 105 76 7 17 165 49 13 143 71 21 177 16 1 83 67 67 118 176 125 163 115 35 6 139 100 114 64 60 107 27 77 99 70 152 175 21 161 88 173 67 159 126 80 4 17 143 18 137 159 145 134 157 137 19 165 73 113 52 158
20 173 35 115 67 137 124 87 34 154 135 9 20 68 149 141 106 122 102 16 51 77 168 54 124 172 45 33 22 85 60 59 147 138 62 50 9 125 128 14 84 98 8 154 80 57 127 95 6 126 28 62 63 6 11 139 171 163 66 103 85 156 121 164 110 56 26 81 180 55 71 180 61 95 13 106 60 135 64 5 82 89 162 26 80 11 52 127 5 75 73 8 39 153 21 71 148 127 129 148 39 110 84 100 39 7 12 88 123 62 118 142 59 28 1 91 96 78 38 48 132 99 92 8 137 64 179 165 90 144 93 127 7 63 123 6 109 140 47 86 96 153 65 57 96 178 20 82 120 137 77 33 172 75 107 66 173 130 38 8 52 20 24 152 96 48 123 120 155 165 7 150 43 7 30 60 156 78 20 4 174 139 23 78 28 16 52 114 40 169 75 89 66 70 157 82 19 62 179 133 59 57 155 10 76 63 40 161 92 149 88 37 160 92 71 25 41 153 128 11 116 101 79 160 77 88 106 149 143 4 49 171 65 74 152 57 22 3 88 42 18 62 61 84 145 103 148 68 140 15 87 63 100 93 134 43 179 118 46 109 57 19 91 104 138 137 52 32 67 89 64 56 86 148 27 12 19 146 145 135 135 153 81 177 2 5 21 114 45 27 53 95 152 9 20 150 41 103 62 46 2 52 168 179 134 4 12 65 46 146 118 52 161 136 39 165 116 101 156 25 142 7 49 15 25 82 125 6 68 145 120 129 22 114 123 30 141 126 150 25 94 86 101 105 113 103 88 4 155 78 135 108 30 166 111 128 162 138 3 125 75 55 127 16 79 136 32 35 123 153 2 169 64 122 27 90 146 128 10 123 119 71 24 9 47 103 131 36 35 168 21 156 122 179 86 34 37 69 57 108 68 68 117 2 48 138 120 176 46 40 104 30 19 139 80 162 24 52 105 170 90 44 79 176 13 144 23 19 89 127 159 104 129 117 83 37 16 72 94 166 63 102 19 123 93 8 99 40 104 95 138 57 164 170 139 176 20 49 142 43 164 35 90 15 34 53 72 172 170 98 94 177 172 168 95 79 135 42 30 126 172 80 155 10 67 123 96 70 135 61 112 14 131 99 51 179 162 142 140 106 1 24 132 84 161 143 135 167 50 27 89 160 39 5 90 113 109 166 78 78 165 34 108 176 78 49 60 88 143 3 80 172 42 125 41 139 164 65 68 14 178 162 123 87 131 140 19 5 11 10 159 20 110 48 4 171 19 159 26 8 180 176 5 148 75 102 101 155 96 149 26 40 57 150 152 64 177 2 79 31 121 62 8 61 36 29 112 46 152 38 4 48 133 170 141 32 143 59 131 63 40 106 132 58 36 65 140 159 99 63 88 99 26 141 41 95 76 60 88 52 138 32 164 15 157 20 140 1 152 161 49 151 20 126 82 123 162 135 147 81 129 38 122 52 3 148 6 113 176 12 13 29 113 103 101 68 6 81 77 81 15 83 93 127 155 35 105 7 89 36 137 20 26 14 30 22 52 121 86 136 2 155 127 129 113 123 31 106 41 68 88 77 49 96 33 101 12 123 164 4 125 145 143 34 80 97 155 154 56 159 79 77 67 97 64 21 105 13 162 43 105 90 71 56 117 88 129 107 24 148 177 14 151 160 128 18 75 15 143 179 61 68 113 1 69 130 145 123 159 177 169 41 131 131 118 1 38 28 121 11 53 180 132 101 49 176 138 143 58 136 160 147 88 68 35 106 60 45 15 55 88 159 22 58 168 176 57 43 165 32 56 146 106 7 98 45 8 117 62 35 62 39 161 179 104 23 80 87 163 33 65 4 112 29 15 23 153 39 65 150 107 54 15 114 161 5 52 12 112 87 133 61 11 46 16 56 71 56 17 116 100 90 53 94 68 87 164 155 45 172 147 175 55 78 63 75 9 124 47 9 93 122 159 100 69 77 2 1 94 111 13 72 112 122 164 149 34 37 102 81 20 102 159 134 68 68 146 49 175 179 72 77 40 71 11 172 17 55 9 3 19 172 157 78 110 162 170 98 40 172 45 101 63 154 166 44 78 12 78 18 169 70 4 128 174 114 148 77 137 119 168 42 149 112 48 35 142 141 165 83 8 57 39 67 58 125 32 40 33 102 52 11 179 92 142 179 96 45 174 94 133 148 146 36 26 60 121 49 178 169 17 89 150 28 93 48 104 16 94 12 43 178 139 175 62 149 64 178 41 83 144 127 138 81 107 159 140 62 156 165 129 8 121 156 92 146 14 156 85 175 101 30 97 138 151 45 127 118 88 20 160 137 92 55 14 64 149 124 146 123 11 79 163 137 111 142 29 2 176 131 162 93 166 164 128 76 22 142 25 158
0.4
0.3
0.4
0.3
0.2
0.2
0.2
0.4
0.4
0.4
0.4
0.4
0.3
0.3
0.3
0.3
0.4
0.3
0.4
0.3
0.3
0.3
0.2
0.2
0.2
0.3
0.3
0.2
0.3
0.2
0.3
0.2
0.4
0.3
0.4
0.4
0.2
0.3
0.2
0.3
0.3
0.3
0.4
0.4
0.2
0.3
0.3
0.4
0.2
0.3
0.2
0.2
0.4
0.3
0.2
0.3
0.4
0.4
0.3
0.2
0.3
0.2
0.2
0.2
0.4
0.3
0.4
0.4
0.3
0.2
0.2
0.2
0.2
0.4
0.3
0.3
0.2
0.3
0.3
0.3
0.3
0.2
0.3
0.4
0.3
0.2
0.2
0.3
0.2
0.2
0.2
0.4
0.2
0.3
0.4
0.3
0.3
0.2
0.3
0.2
0.3
0.4
0.2
0.3
0.4
