70 12
15
17973
19774
19018
17569
17708
20249
18389
18964
18529
19348
20696
18161
19858
21015
18501
1.4 23.6 47.7 2
4.5 28.5 33.1 2.2
2.3 37.4 22.2 2.3
3.6 40.2 88 2.3
1.2 30.3 94.6 2.5
3.2 25.9 78.5 2.1
4.6 30.3 51.4 2
3.8 32.7 29.6 1.9
2.4 32.6 10.1 2.2
1.9 12.9 24.4 2.4
1.4 20.1 48.1 1.6
3 40.1 30.7 2.1
4 18.1 82.7 2.2
2.8 36.5 29.9 1.6
4.5 19.7 62.2 2.4
2.9 35.3 27.1 1.7
3.4 48.4 82.5 2.1
1 29.5 55.4 2.3
3.2 12.1 8.1 1.9
3.5 49.9 64.1 2.3
2.6 42.3 53.9 2.3
4.9 34.9 49.2 2.2
1.4 25.8 82.4 1.6
1 24.5 45.1 2.4
1.4 22.1 67.7 1.7
4.2 32.4 26.5 2
1.9 38.2 77.5 2.3
4.2 15.6 13.3 1.8
4.5 31.9 46.6 1.7
2 15.5 24.5 2
3 16.1 76 1.8
1.2 19.4 46.6 1.8
3.6 48.1 23.7 2.3
4.6 14.3 32.7 2.1
3.2 42.1 72.3 1.5
4.2 30.1 23.8 1.5
2.3 30.5 46.9 2.5
4.4 21.1 78.6 2.4
4.1 47.9 54.6 2.1
1.9 36.5 36.5 2.1
1 10.9 67.5 2.1
1.5 41.3 89.8 2
1.9 48.5 7.8 1.5
2.9 14.4 42.7 1.7
3.3 49.1 46.3 2.4
1.1 16.6 43.8 2.2
4.1 18.6 85.2 2.3
1.1 12 8.9 2.2
3 26.1 15.8 2.5
4.8 45.5 33.7 1.8
2.9 11.2 82.1 1.8
2.5 20 6.4 1.8
3.3 49.6 92.1 1.6
3.1 26.7 17.9 2
1.3 17.8 86.6 2.1
3.4 33 73.3 2.4
2.7 11.3 67.7 1.9
3.1 23.6 56.5 2.3
1 22.3 45.1 2.4
3.1 29.8 67.3 1.9
2.2 21.6 11.2 2.2
4.5 23.7 58.3 2.3
3.8 12.3 58 1.5
1.6 47.5 7 1.7
1.5 28.3 15.2 1.6
2.5 46.2 44.6 2.3
1.4 26.5 18.8 2.1
3.3 34.7 64.7 2.4
4.9 47.5 72.4 1.9
1.3 32 44.7 2.2
1.2 26.3 43 2.1
4.9 32.5 78.9 1.6
4.6 16.2 35.7 2.3
3.7 41.3 76.2 2.2
3.2 40.3 89.3 1.7
2.8 32.8 80.6 1.9
4 11.8 34.6 2.4
2.1 38 33.5 1.8
3.7 23.6 47.5 2.1
4.3 45.8 59.7 1.7
4.6 26 18.8 1.7
5 27.2 16.4 2.4
4.4 12.8 5.6 2
4.7 48.6 15.9 1.9
2 17.1 79.6 2.2
3.6 29.8 61.6 1.8
2.9 38.2 70.3 2.4
1.4 22.4 30.7 2.5
3.5 39.2 40.7 1.5
1.4 47.7 15.3 2.4
1.8 21.2 94.2 1.8
3.5 42.1 33.5 1.7
1.1 31.8 17.4 2.2
2 11.2 48.4 2
1.5 48.3 9.2 2.3
4 25.5 26.1 1.8
1.2 47.6 92.6 1.7
2.9 46.9 43.2 2.1
3.9 22.6 48.4 1.7
4 28.7 34 1.8
3.6 28.6 13.5 1.8
1.2 29.9 84.8 2.2
2 29.1 35 2.1
4.8 15.4 14 2
3.9 39.6 43.4 2.1
2.6 43.7 18.2 2.1
3.3 44.7 24.9 2.2
4.7 49 72.9 2.5
1 35.4 17.9 2.5
3.4 32 70.4 1.5
1.1 42.5 89.9 1.6
1.9 29.6 78.9 2.5
3.3 33.7 73.9 2.3
4.3 41.4 52.9 2.1
4 39.9 87.4 2.3
3.4 23.2 19.7 1.5
2.1 42.3 27.5 1.7
5 25.9 74.4 2.1
2.2 47.5 78.7 2
1.3 33.8 19.6 1.9
3.8 46.9 59.5 1.8
2.5 21.8 70.3 2.4
4.9 35.2 46.8 1.8
3.5 22.9 28.5 1.5
3.1 22.9 59.4 1.5
3.7 27.1 89.1 1.6
2.3 12.8 38.6 1.6
3.4 49.9 79 1.8
1.6 41.3 91.6 2.5
3.9 30.9 84.8 1.7
3.2 21.1 10.6 2
2 19.4 19.9 1.5
4.8 43.5 15.4 1.9
2.6 20.8 14.1 2.3
2.1 47.8 27.7 2
4.7 15.7 9.4 2.3
3.9 25.3 30.8 1.7
1.3 22.7 11.5 2.2
3.8 47.8 76.2 1.9
1.2 36.3 60.6 2.2
1.9 24.6 37.6 2.4
1.8 36.1 86.9 1.8
2.7 15.7 75.5 2.4
3.4 21.8 68.4 2.2
1.9 31 81.9 1.7
3.7 25.8 8.7 2.1
2.9 10.2 88.8 2.1
1.8 26.5 50.4 1.7
1.4 12.6 27.4 1.9
3 14.8 53 2
1.5 43.6 16.3 2.4
1.3 11.4 79.1 2.5
1.2 30.8 26.7 2.2
4.6 42.5 9.1 1.6
2.5 36.9 71.9 1.9
3.3 34.2 11.6 2.4
2.5 30.2 31.9 1.8
2.6 13 47.6 1.7
4 34.4 26.7 2.5
4.9 46.7 68.2 1.7
4.6 36 76.4 1.7
3 41.6 58.2 1.8
4.9 14.8 72.5 2.2
4.2 37.2 51.1 2.1
3.6 42 53.7 2.4
1.4 11.6 5.1 2.2
4.5 30.7 62.4 2
4.9 17.2 72.4 1.9
3.1 16.7 6.1 1.7
1.5 24.1 44.8 2
2.7 42.3 37.8 2.2
2.9 14.9 53.8 1.6
1.9 45.7 83.2 1.6
4.1 49.5 24.8 1.6
2.9 45.5 25.6 2.3
3.5 39 12.9 2
2.8 34.6 23.3 2.3
5 37.4 93.6 1.9
3.1 22.3 43.5 2
2 10.4 14.7 1.6
4.2 44.4 76.6 2.3
2.6 14.3 83.9 2.3
1.5 45 43 2.3
3.3 13.8 70.8 1.9
5 23.9 91.9 1.8
3.5 14.5 29.3 1.7
4.6 27.4 86.2 2.5
1.2 49.6 79.8 2.4
2.3 36.8 14.2 1.8
4.7 14.7 18.9 2.4
1.5 33 90.7 1.9
3.8 44.3 30.7 1.9
3.3 44.1 12.4 2.1
3.5 20.4 72.1 1.5
4.8 36 40.3 2.3
2 32.6 68.5 2.1
4 45.7 62.3 1.6
3.9 27.2 14.1 1.8
2.2 35 80.3 2
1.1 37.9 52.7 2.1
4.1 29.1 82.7 1.7
3.7 28.4 36.9 2.3
4.3 31.9 33.3 2.1
1.1 12.3 24.6 1.7
1.5 32 31 2.2
4.3 48 30 2.2
4 26.1 40 1.9
1.9 39 77 2.1
1.7 39.3 89.6 1.6
2.6 28.5 12.8 1.7
3 45.2 55.3 2.2
2.2 39.6 63.1 2.4
1.9 35.1 32.6 2
2 17.3 88.7 2.3
2.4 27.4 51 2.4
2.6 21.6 45.2 1.9
4.6 20.9 28.7 2
4.5 10.7 93.9 2.3
2.5 32.4 6.4 1.7
1.8 29.6 27 1.5
1.2 30.3 47.8 1.9
3.3 19.9 39.9 2.1
4.4 28.9 28.7 2.3
1.6 16.3 27.4 2.2
4.6 25.8 8.6 1.5
1.3 18.9 53.1 1.8
4.9 39.4 63.1 1.7
3.6 25 56.8 1.7
4.4 27.6 70 2.1
4.7 29.5 56.5 2.2
1.9 14.9 43.3 2.3
3.6 23 86.6 1.8
1.9 11 75.3 2
3.3 43.5 67.6 1.8
2.1 40.5 41.7 2.3
1.7 29.9 79.2 2
2.6 33.7 36.8 1.7
3.5 35.3 52.2 1.9
2 38.9 56.5 2.5
1.3 25 28.7 1.9
2 26.5 83.8 1.9
2.4 36.2 73.6 2.3
3.9 30 64 2.2
3.5 47.6 69.4 1.7
3.1 48.4 39.3 2.5
1.7 19 74.3 1.8
1.1 31.9 79.2 1.8
5 29.6 84.2 2.4
2.9 22.9 18.2 2.3
2.5 24.9 33.3 1.8
4.3 14.6 24.2 1.9
1.3 18.2 18.5 2.4
1.9 33.3 14.7 1.6
3.3 21.5 93.4 2.2
3.9 24.6 85.7 2.4
4.5 47.9 12.6 2
2 48.9 16.5 1.9
2.2 16 81.9 1.6
3.7 16.4 85.8 2
3 28.6 70.8 2.1
3.1 14.5 52.4 1.6
4.7 46 32.6 1.7
3.2 40.9 5.3 2.4
2.5 45.5 43.9 2.2
2.1 37.5 64.8 2.1
4.3 19 91.3 2.4
2.5 30.9 66.8 1.7
1.5 22.7 44.3 1.6
2 12.9 40.7 1.8
2.5 33.5 46.3 1.5
2.1 27.5 19.1 1.9
2.2 37.9 11.2 1.7
2.9 27.3 32.3 2.1
1.2 28.5 91.2 2.4
2 38.5 60.6 1.6
1.8 31.8 21.4 1.9
1.3 31.6 12.5 1.9
4.1 25 93.1 2.2
2.8 11.2 7.7 1.7
3 43.3 70.7 2
4.8 38.8 85.8 1.8
1.9 24.4 70.4 1.7
3.8 49.8 64.7 1.6
1.3 40.8 88 1.7
2.9 37.5 42.1 2.5
3 30.7 83.7 2.5
3.1 20.1 82.3 2.1
2.8 30.7 19 1.9
2.1 46.7 66.3 2
2 38.1 60.7 2.3
2.3 43.8 47 1.9
3.2 15.3 34.8 1.8
4.6 40.1 65.2 1.8
1 28.4 44.2 2
4.5 12.8 28 2.5
2.3 40.4 32.9 1.6
3.9 14.7 60.5 2.2
1.3 36.3 17.2 1.9
4.1 16.9 24.5 1.9
2.8 22.6 18.2 2.1
1.4 20.8 66.4 1.9
2.3 47.9 86.6 2.4
1.3 45.6 88.5 1.5
3.2 39.7 69.3 2.1
2.3 19.8 44.7 2.3
4.2 44.9 6.1 1.6
2.4 40.4 20.1 2.5
3.6 42.4 71.2 2.3
1 36.1 51.4 2.3
3.8 36.6 25.3 2.4
1.4 41.7 92.3 1.5
4.9 41.2 87.5 1.6
2.9 41.5 37.3 1.9
2.2 16.6 76.7 1.6
1.2 21.8 45.9 2.3
3.1 29.9 55.2 1.8
4.9 35.4 77 1.5
3.3 13.4 8.1 1.9
1.6 16.6 38.4 1.6
3.8 17.9 95 1.8
1.3 25.7 9.2 1.6
3.5 10 50.1 2.1
4.3 37.7 23.7 1.6
4.4 43.4 43.9 1.9
2.5 32.9 63.5 2.3
2.6 17 63 1.6
1.7 11 61.2 1.9
1.5 38.2 8.3 2.3
3.7 24.7 71 1.8
4 48.4 62.1 2.3
1.5 36.7 43.7 2.2
1 47.5 71.6 2.5
1.6 37.1 39 2.2
3.1 31.9 9.7 2
3.4 38 77.1 2.4
4.3 22.4 64.7 1.7
1.6 13.8 7 1.7
1.4 33.9 70.2 2
1.5 32 6.7 2
4.6 27.8 12.9 1.6
4.5 31 89.1 2.1
2.3 29.5 88.4 2.2
1.2 32.2 29.8 2.4
2.2 17 84.8 1.7
3.5 14.5 42.8 1.6
4.9 43.4 91.1 2.3
3.6 14.8 59.3 2
3.4 41.9 30.7 2.3
3.8 10.9 62.2 1.9
2.4 26.8 11.7 2
3.7 24.6 52.9 2.2
1.5 22.8 37.3 1.9
3.7 46.8 27.8 1.8
3.1 38.2 91.2 2.4
2.8 19.5 30.9 1.8
1 17.8 19.5 2
4.6 45.8 39.1 2
4.3 45 93.6 1.6
3.8 45.8 50.5 2.1
4.7 27.6 35.1 1.5
2.5 19.7 79.5 2.1
2.3 33.5 88.2 1.6
2.6 49 52.6 1.6
1.5 14 24.1 1.8
4.8 43 15.1 2.5
1.3 20.1 16 1.6
3.2 33.3 31.3 1.9
4.5 37 77.2 1.6
2.3 21.3 79.1 2.1
3.6 22.5 70.7 2
3.8 27 29.1 1.7
3.2 20.2 11.2 1.9
3 31.9 49.5 1.8
1 30 29.4 1.9
4.3 25.4 89.8 2.4
3.1 46.6 73.8 2.1
1.9 15.7 62.7 2.1
4.9 13.7 41.6 2
2.4 26.9 6 2.3
4.4 25.9 74.7 1.5
3.2 18.9 91.2 2.3
2.5 31.3 37.5 1.7
2.8 28.5 59.3 2.1
4.4 14.3 53.2 2.4
2.6 12.1 13.9 1.9
2.4 22.3 10.9 1.5
4.1 49.5 56.2 2.3
4.8 37.5 72.6 2.3
1.8 46.2 44.5 1.8
2.4 30.2 69.1 2.1
3.2 16.5 80.6 1.9
2.7 44.7 80.4 1.7
2.6 17.7 83.3 2.1
4.1 27.4 13.3 1.9
1.3 30.3 73.1 1.9
3.3 49.9 47.2 1.6
1.4 37.1 37.7 2.4
3.8 21.7 21.2 1.7
3 13.1 87.6 2.4
3.9 22 68.6 2.1
4.4 24.4 48.1 2
1.2 40.8 82.3 2.1
2.1 13.7 62.1 2
3 11 63.4 1.5
4.2 15.2 50.7 1.8
3.2 24.7 94.7 1.6
4.8 33.8 8.9 2.2
4 20.6 29.7 1.8
4.9 27.7 92.3 1.8
2.4 32.2 37.6 1.5
4.7 11.6 70.2 1.7
5 48.4 5 2.5
3.4 10.5 54.8 2.4
4 49.1 52.4 1.7
1.1 10.9 61.5 2.4
5 42.4 42.3 2.3
4.9 21.2 62.1 1.5
2.6 30.4 74.1 1.9
3.8 12.6 19.6 2.2
2.6 44.2 93 2.4
1.4 25.8 32.7 2.1
1.5 44.3 44.7 1.5
3.8 44.6 40.8 2.2
3.9 22.3 51.3 1.7
1 41.8 26.5 1.8
3.8 12.9 82.8 2.3
3.4 33.4 93.1 2.2
1.9 26.1 39.2 2.3
2.9 43.5 15.4 2
4.4 39.1 82.1 2.4
2.6 44.9 94.8 1.7
3.9 26.8 78.2 1.6
2.6 43.5 59.5 2.4
3.4 32.3 76.4 1.6
4.7 15.8 20.4 1.9
3.2 29.4 49.3 1.8
1.6 12.6 59.8 1.8
1 22.7 20 1.6
2.3 12.4 20.8 2
2.2 17.6 29.7 2.2
2.5 33.7 6.6 2.1
1.3 10.5 84.3 2.2
3.6 12.7 39.9 2.4
1.5 11.4 33.6 1.9
4.9 17.6 32.8 1.7
2.7 17.7 53.5 2.4
4.1 39.4 88.9 1.6
3.2 40.7 54.9 2.2
4.4 28.4 14.1 2
1.1 42.4 71.7 1.6
2.5 38 24.9 1.5
4.5 28.8 7.3 2.2
2.4 26.9 21.1 2.3
3.2 31.2 66.7 2.3
3.5 26.2 35.6 2.4
3.2 15.6 74.9 2.3
1.6 38.6 70.9 1.6
4.7 31 6.6 2
4.5 43.3 75.8 1.6
1.9 24.4 61 1.9
2.7 15.1 70.6 2.5
2.1 24.2 27.8 1.5
2.8 33.1 60 2.3
4.9 25.2 58.8 2.1
3.2 22.1 30.4 1.8
3.8 30.9 17.2 1.7
1.7 40 19.4 2.4
3.2 35.2 23 1.6
1.8 28.4 37.8 1.9
1.1 26.6 88.1 1.7
3.7 44.5 67.2 2.2
1.1 15.3 91.5 1.6
2.2 17.7 88.3 1.7
4.6 19.1 21.4 2.1
2.6 11.9 94.1 2.4
3.7 14.2 10.6 1.7
2.4 46.5 74.2 2.2
4.7 45.3 51.7 2.4
3.9 34.5 9.1 2
3.7 17.3 29.6 2.2
2.2 27.1 67.6 2.4
3.4 19.2 51.8 1.9
1.9 38.2 72.1 2.4
3.8 42.1 69.9 1.9
4 42.7 65.6 2.5
2.7 34.4 35.4 2
1.3 40.6 64.3 1.5
2.9 50 49 2.3
4.8 45 8.4 1.6
1.4 17.2 22.8 1.9
2.9 12.3 50.6 2.5
1.2 13.3 53.2 1.8
4.5 23.7 92.2 2
4.1 43.1 14.3 1.9
2.3 20.9 28 2.5
4.6 17.6 32.2 2.2
1.3 20.8 58.9 1.6
2.4 12.7 26.4 2.1
4.8 31.5 75.2 1.6
4.9 34.2 22.4 2
3.8 21.2 8.5 2.1
2 46.8 49.3 1.8
3 41.7 88.3 1.8
1.3 22 16.4 2.1
2.9 36.8 74.3 2.1
1.6 25.9 79.2 2.4
1.1 22.2 76 1.9
2.3 44.1 38 1.8
4 25.4 79.6 1.5
4.5 20.7 47.2 2.3
2.8 13.8 74.6 1.9
4.8 38.7 89.2 2.1
1.6 25.7 26.6 2.3
1.7 27 44.9 2.3
1.3 19.4 33.1 2.2
3.6 23.4 53.7 1.8
3.3 17 65.3 2.3
4.5 20 57.4 2.1
4.2 12.5 87.8 1.9
1.7 32.1 80.1 2.5
3.9 16.7 19.2 1.6
2 14.6 6.3 1.6
1.2 18.2 47.6 1.7
4.9 46.1 80.7 2.2
3.2 18.3 18.7 1.8
2.1 25.6 54.3 2.4
4.8 47.6 35 1.6
1.6 18.5 52.9 2.1
3.1 10.3 16.2 2.4
3.8 45.1 66.7 2.1
4.5 38.2 60.6 1.6
3.3 39.5 39.5 2
2 36 86.3 1.5
3.1 46.1 29.9 2
4.9 47.5 82.8 2.1
2.8 44.5 17.7 2.1
2.8 46.7 36.7 2.3
5 23.7 76 2.4
2.9 30.3 38.5 2
3.7 40.7 26.5 1.9
3.4 40.9 13.7 2.2
4.1 24.6 9.5 1.8
3.2 19.5 79.2 1.7
2.5 41.6 33.8 2.3
1.6 33 31.4 1.9
4.9 45 84.7 1.8
2.3 17.6 13.5 1.5
1.7 17.9 6.1 1.6
2.8 37 11.1 2
2.2 33.8 61.7 1.5
4.3 16.4 42.9 1.7
1.2 48.9 42.9 2.4
2.1 34.7 93.3 1.8
2.8 26.1 87.2 2.1
4.2 48.7 62.6 1.6
4.9 14.6 55 1.7
3.9 13.2 82.7 2.4
2.4 20.2 75.5 2.2
1.4 20.1 48.1 2.1
3.4 14.5 13.2 2.3
2.6 10.9 80.2 2.2
2.5 49.3 46.7 2.3
3.2 40.7 12.1 2.3
3 27.2 94.4 1.6
4.6 14.8 92.5 2.3
3.3 36.1 38.5 2.1
1.2 34.7 6.4 1.6
2.4 30.2 19.3 1.9
4.8 28.8 67.1 1.8
4.5 31.5 58.7 1.8
3.9 39.9 55.8 1.9
3.7 49.8 8.8 1.9
4.9 27.7 70 1.9
4.7 19.5 23.7 1.7
2.8 30.1 42.9 1.6
3 30.1 33.7 1.6
2.5 30.8 48.3 2
4.7 48.6 59 2.2
4.5 24.4 48.5 1.7
2.2 11.4 70.9 1.5
2.6 22.9 93.1 2.4
1.9 13.9 73.9 1.6
4.2 27 34.2 2
3.2 16.9 82.3 1.6
1.5 42.1 43 1.7
3.5 43.9 36.2 2.4
2.6 31 6.5 1.9
1.2 41.6 52.4 2.1
2.4 42.8 37.2 1.9
2.8 26 19.5 1.8
2.8 40.7 39.8 1.7
2.8 46.2 16.9 2.1
3.5 48.4 41.9 1.8
2 41.4 16.9 2.1
2.8 10.8 94 1.7
1.1 44.7 78 1.7
1.1 48.8 55.3 2.2
4.5 37.2 44.8 1.9
1.6 38.4 37.5 2.3
1.5 19.9 57.3 2.4
4 18 12.9 2.1
1.3 10.8 84.5 2
3.4 17.3 19.2 1.7
3.2 20.9 6.6 1.5
1.7 46.3 80.7 2
2.2 17.9 94.3 1.9
1.8 10.3 41.7 2.3
1.2 35.6 37.4 1.8
2.3 19.5 36.2 2.2
3.4 35.8 34 2.2
1.9 11.3 93.8 2
2.2 15.9 25.3 2.2
4.6 39.7 9.1 1.8
1.4 35.9 14.8 1.8
4.5 14 19.6 2.1
2.1 47.7 69.2 2.1
5 19.7 29.2 2
2.8 22.9 93.8 2.2
3.1 39.1 32.8 1.6
1.9 20.6 74 2
3.5 22.4 82.5 2.2
4.6 29.5 57.8 2.2
2 33.8 78.2 1.9
3.6 46.8 90.2 2.2
1.5 19.6 89.4 1.6
3.6 48.3 40.7 2.2
1.2 16.7 44 2.1
3.1 41.1 20.6 1.9
2.4 47.5 30.8 2.4
1.3 32 32.4 1.9
2.8 13.7 63.7 2.1
2.4 45.1 70.1 1.8
3.7 13.7 11.3 2.4
2.2 46.7 47 1.9
4 17.4 64.9 1.6
3.3 29.9 18.9 2.1
1.2 34 14.6 2.3
3.8 25.3 46.7 2
2.4 40.7 14.6 1.7
1.2 45.5 73.1 2.4
1.9 22.7 89.3 1.8
1.6 33.9 34.2 2.3
4.8 46.9 74.9 2.4
3.6 20.5 65.9 2.2
4.7 33.7 52.4 2.3
3.7 33.5 83 1.9
2.5 32.9 47.7 2.5
3.9 21.4 42.3 2.3
1.8 50 18.3 1.5
2.2 21.4 91.5 2.4
4.9 41.2 11 1.9
2.5 15 53.6 2.4
4.9 23.7 56.8 2.4
2.3 18.9 36.3 2.2
2.3 15.3 12.3 1.9
4.4 12.6 89.7 2
3.6 46.9 52.4 1.9
4.4 14.9 45.6 2.3
2.3 42.3 38.3 2.3
2.5 11.4 13.3 1.6
1.5 48.3 10.4 1.7
2.5 35.9 54.9 2.2
3.3 31.4 50.5 2.4
1.3 24.1 69.5 1.9
1.5 13.6 59.2 2.3
4.9 47.7 66.8 2.1
4.8 32.6 69.3 1.9
2.4 35.3 73.7 1.6
3.9 22.7 37.4 2.4
4.2 34.6 86.7 1.7
4.8 26 67.7 2.2
1.1 15.2 78.2 2.2
4.9 23 12.1 1.7
3.4 35.1 88.3 2.5
3.9 37.6 55.6 2.2
2.2 16.3 6.8 2.1
3.6 46 64.4 1.8
4.5 12.5 12.3 2.1
1.2 20.1 40.1 1.8
1.4 14.4 13.5 2.2
3.5 26.4 84.6 1.8
1.6 16.8 33.3 2.1
4.4 38.8 9.8 2.3
4.7 11.7 12.6 2.2
2.7 39.9 28.7 2.1
2.9 33.4 20.1 1.6
1.5 21.1 10 2.1
3.7 45.4 6.8 2.3
3.6 28.6 51.1 1.9
4.2 49.4 51 2.4
3.1 28.5 54.7 2
1.9 45.1 30.8 1.6
2.6 48 54.5 2.5
2.1 39.3 11.2 2.5
4.7 20.6 25.2 1.6
4.4 29.4 36 2.1
3.4 44.9 72.4 2.2
3.1 42.4 81 1.7
4 28.2 6 2.3
3.6 21.8 82.5 1.6
3.6 13.4 16.9 1.7
2.2 28.7 78.4 2.3
3.9 24.3 76.3 2.4
3.6 44.4 34.9 2.2
2.2 34.3 35.5 2.3
3.1 44.4 51.5 2
3.4 29.6 51.5 2.2
4.3 43.1 69.8 1.6
4.6 30.1 45.6 2.3
4 12.9 55.4 1.9
4.9 28.3 64.7 1.7
3.8 39.7 94.6 1.8
4 32.8 42.1 1.6
4.6 45.7 36.5 1.8
2.9 39 80.9 1.7
2.5 26.7 31.2 1.9
1.8 24.5 63.6 2.2
3.6 33.8 16.8 1.6
3.2 28 39.3 2.1
5 11.7 59.9 1.6
4.1 26.8 12.3 1.6
3.3 11.9 9.5 2.4
2.5 37.8 11.8 2.5
1 44.4 55 2.3
4.5 15.5 22.4 1.7
2.1 22.2 73 2.3
3 40.5 44.5 2.2
4.2 27.4 22.9 1.6
1.5 40.4 81.6 1.5
3.2 29.9 80.4 2.3
3.1 16.1 86.2 1.8
3.2 25.2 19.4 2.3
3 37.1 58.3 2.2
4.7 29.3 87.4 1.9
3.6 32.7 86.2 2.3
1.2 23.5 76.1 1.8
2.6 15.7 80.8 2.5
3 42.7 15.4 1.7
5 14.8 30.6 1.8
3.3 44.7 13.7 2.1
4.6 32.3 62.5 1.6
3.3 17.7 40.6 2.1
2.7 37.9 87.9 1.7
3.5 35.3 26.3 1.7
4.8 10.3 20.9 2.5
1.6 48.1 23.4 2.1
4.4 23.4 77.3 1.9
2.4 44.4 43.9 2.4
4.4 26.2 6.1 2.1
4.7 48.5 31.9 1.6
1.1 28 30.1 1.6
3.9 39.4 25.6 1.8
2.5 23.3 11.9 1.8
1.1 37.8 56.6 1.8
3.6 43.7 58.1 2.1
1.6 38.5 44.5 2
2 44 61.4 1.7
4.9 38.1 83.1 2.3
4.1 19.2 25.6 1.5
2.3 29.9 55.5 2.2
3.6 18.5 44.3 1.7
3.3 25.8 46.8 2
4.4 18 52.3 2
3.1 22.1 85.7 1.7
4.7 49.9 63.5 2.4
2.5 22.2 33 2.5
1.9 24.8 74.3 1.9
1.5 32 62.3 2.3
4 28.8 60.7 2.2
3.7 19.4 9.7 2
2.5 16.1 6.6 2.5
3.9 26.5 23.9 2
2.7 37.8 5.1 1.8
2.8 25.1 29.9 2.4
2.5 20.5 35.1 2.4
1.1 36.3 12.6 2
1.7 35 59.4 1.7
4.7 46.1 51.4 2.3
4.7 28.5 88.5 2.2
3.8 48.8 7.4 2.4
1.9 34.9 81.5 2
3.7 46.8 8.3 1.6
3.6 16.1 58.1 1.9
4.8 46.9 57.3 1.7
4.3 20 5.3 1.6
2.8 46.5 45.7 1.9
4.3 19.4 35.9 2.1
1.8 14 17.1 2.1
2.1 47.7 42.6 2.2
3.7 13.3 76.5 2.1
2.2 27.8 6.2 1.7
1.6 16.3 37.3 1.7
1.7 19.4 10.4 2.4
4.1 50 12.7 1.6
1.7 32.8 27.3 2.1
3.7 32.1 19.3 2.5
4.2 17.5 58.1 1.6
1.2 37.2 78.6 2.4
5 44.7 29.9 1.6
4.7 36.4 44.2 2.4
3.5 50 40.3 2
2.6 22.2 31.6 2.4
1.5 41.9 86.1 2.1
1.4 29.7 57.2 2.2
4.2 34.6 53.5 2.2
3.5 25.8 9.5 1.6
4 25.9 10.5 1.5
1.8 47.6 62.6 2.2
4.3 13.3 15.1 1.6
1.3 27.3 8.3 1.5
4.4 31.9 24 2.5
3.3 23.7 33.2 1.5
1.9 16.7 83.9 2.5
2.2 42.7 85.8 1.6
3 32 25.5 1.6
4.4 45.2 29 1.8
3.9 17.6 60 1.8
4.4 20.4 42 1.5
1.5 29.4 56 2.5
2.1 28.7 59.6 1.8
1.9 43.9 26 2.1
4.1 36.5 91.3 2
4.4 11.5 55.2 1.7
2.3 25.6 71.2 2.4
4.9 18.2 38.5 2
1.5 35.6 62.9 2.4
1.7 40.2 76.8 2.4
1.3 10.6 74.1 2.2
2.5 14.5 86 2.3
2.5 42.8 86 1.9
2 43.3 52.8 2.2
4.9 27.3 16.5 1.8
1.5 12.4 91.1 2.1
2.2 12.2 32.9 2.3
1.1 23.2 53.3 2.3
2.8 18.6 35.7 2.2
3 32.2 92.1 2
2.2 22.8 30.9 2.2
1.6 16.7 22.4 2.4
4.1 25.3 94.7 2.4
4.7 18 33.9 1.6
3.3 46.7 25.8 2.3
3.8 37.4 47.6 1.7
2.9 45.9 37.2 1.9
1.4 34.4 53.2 2.2
1.3 11 15.2 1.9
1.3 40.1 27.2 2
4 22.3 45.5 2.3
1.8 48.5 79.1 1.7
3.7 43 41.9 2.2
1.9 29.7 74.5 2
2.8 29.4 9.5 1.6
3.7 40.1 69.5 1.7
2.5 14.9 70.1 2.1
2 11.4 63.2 2.5
3.3 46.3 34.3 2
3 36.8 24.9 1.7
3.8 18 76 2
2.7 17.5 83.8 2.1
3.5 15 6.1 2.1
3.1 27.7 42.6 2
1.8 39.8 83.6 2.4
5 45 77.2 1.9
3.3 31.1 16 2.2
1 17.7 8.6 1.8
1.4 41.7 53.4 1.8
3.4 28.9 94.1 1.8
4.1 38.4 71.7 2.2
3.9 17.6 72.4 2
2 18.7 69.1 1.9
4.1 31.3 80.2 2.2
2.7 34.8 93.3 1.8
3.9 21.1 70 1.5
3.4 43.3 19.6 2
4.2 42.8 13.6 1.8
3.2 12.3 86 2.1
4.2 40.6 36.2 1.9
3.7 33.7 94.1 1.5
1.3 22.1 38.9 2.5
3 20.3 56.3 2.4
1.2 20.3 57.7 1.7
4.7 42 83.1 2.1
2.8 48.1 11.8 2.1
4.6 36.4 66.8 1.6
4.8 45.3 33.2 2.4
3 38.9 6 1.9
2.6 30.5 64.7 2.3
2.4 49 87.1 2.4
2.2 34.5 77.9 2.4
4.3 27.5 22.6 2.4
2.3 17.4 88.4 1.6
2.7 47.3 11.7 2.2
3.8 10.4 72.4 1.6
3.8 31.9 82.8 1.9
2.3 35.8 89.8 1.5
2 36 75.6 2.3
2.2 30.6 63.2 2.4
4.8 26.7 80.2 2
2.2 15.5 59.8 1.6
4.8 43.3 65.9 2.2
2.9 11.3 73.3 1.7
4.9 23.9 18.3 2.1
4.1 35 74.2 1.7
2.4 18.5 55.2 2
1.6 24.3 81.8 1.5
4.4 10.4 72.2 1.9
4.3 33.1 14.3 1.7
3.7 19.1 83.8 2.4
1.3 11.4 22.6 1.9
4.8 10.2 70.6 2.5
4.7 42.2 55.4 1.6
2.6 37.5 92.9 2.1
4.1 27.7 8.7 1.5
2.3 24.6 72.3 1.5
3.5 35.8 6.6 1.9
1.1 25.6 91.9 2.3
4.6 32.6 14.4 1.9
2.3 40.6 18.8 2
2.4 37.8 20.7 2.2
1.2 41.5 75.1 2.3
4.2 27.4 64.1 1.7
1.1 27.9 19.3 2.3
3 18.6 82.2 2.4
2.9 47.4 24.9 2.4
4.6 16.6 19.1 1.9
4.9 39.8 88.5 2.1
3.9 26.6 71.8 2.1
1.3 15.6 67.4 1.7
3.2 22.3 13.4 2
4.9 49 68.9 2
1 22.3 35.4 1.6
4.7 33.1 41.4 1.9
3.6 34.3 19.4 1.9
4.8 47.2 37.8 1.6
2.3 11.8 18.8 2.1
4 10.2 9.9 2.4
4.1 34.4 26.5 1.8
2.4 35 10.7 1.5
2.8 40 45.7 2.4
1.7 46.8 71.4 2
1.7 45.2 90 2.4
3.5 27.1 12 2.1
1.5 38.4 52.1 2.1
4.3 24.9 35.4 2
3.3 30 28.7 2.5
2.4 16.9 39.3 2.3
4.6 29.7 58 2.2
3.2 33.4 32.2 1.8
5 11.2 44.5 2.4
4.5 28.1 85.4 1.7
3.2 24.9 83.8 2.3
1.9 33.8 11.1 1.8
3.7 24.6 58.9 2.3
4.7 29 33.2 2
4.6 26 61.3 1.7
4.7 10.3 10.6 1.5
3 37.9 70.6 2
4.1 25.5 62.1 2.4
4.3 30.9 89.3 2.4
1.6 43.4 23.5 1.9
1.7 10.9 59.6 2.4
2.3 40.1 77.3 1.9
2.7 36 35.6 2.2
4.9 29.6 49.8 2.4
2.6 17.5 57.3 2.1
4.8 14.5 81.5 2
4.4 33.8 42.3 2
4 22.6 51 1.9
3.9 12.1 35.2 1.8
3.4 14.4 43.8 2.1
3.8 13.5 14.1 2.3
1.2 36.8 94.8 2.1
2.8 44.1 33.5 1.9
3.8 20.7 57.7 2.3
1.4 18.1 75.5 1.9
1.9 10.3 7.2 2
3.1 21.2 85.1 2.4
3.4 27.3 70.4 1.8
4.8 12.6 94.1 2.2
4.7 25.9 68.7 1.7
3.5 37.6 62.6 1.7
3.9 22.9 92.2 2.2
3.3 37.2 51.9 2.1
3.5 44.6 69.3 1.9
1.3 36.4 66.2 2.3
3.8 39.9 59.6 1.7
3.6 10 25.6 1.6
3.1 40.3 88.8 1.6
2.4 26.2 41.4 1.6
4.9 19.2 5.4 1.7
5 39.2 72.9 2.2
3.3 17.9 61.7 2.4
4.5 21.9 75 1.8
4.5 31.7 10.5 2.2
3.4 40.3 35.7 2.4
1 33.7 83.9 1.6
1.2 46.7 21.3 1.8
3.6 43.5 67.3 1.8
1.4 11.9 6.4 2.3
3 19.7 50.6 2.4
4.6 45.9 27.8 2
3.9 14.3 45.9 1.8
2.9 23.3 37.6 1.6
3.3 42.9 79.4 2.2
2.3 21.2 51.4 1.9
3.2 22.4 54.6 2.1
2.8 18 47.8 2.1
2.8 35.1 47.8 2
3 41.4 64.6 2
2.7 10.6 18.6 1.9
3.7 44.9 61.1 2.1
2 17.9 12.7 2
1.6 28 49 2.2
4.7 14.7 16.5 2.1
5 38.9 61.7 1.8
3.2 19 37 1.8
2 22.6 46.5 2.5
4.6 21.9 38.6 1.7
3.1 26.8 58.3 2.3
1.1 23.1 24.5 2.1
1 13.6 22.3 1.7
1.3 20.6 73.2 1.5
4.4 43.8 27.5 2.4
2.7 29.8 84.2 2.1
3.1 34.4 82.2 1.7
4.1 28.9 11.7 1.8
1.7 31.5 11.8 1.9
1.2 24.2 93 1.8
1.5 38.3 14.2 2
4 26.7 82.8 2.4
1.1 49.6 67.3 1.8
4.7 10.4 20.6 2.2
4.7 33.9 44.3 2
3.5 10.8 15 1.9
1.3 29.1 68.1 2.3
4.9 37.1 27.8 2.1
3.1 34.3 8.7 2.2
3.5 24.4 75.1 1.5
1.1 39.5 21.2 1.8
1.1 43.5 28 2.4
2.9 24.6 90.8 1.7
3.1 49.3 35.1 1.8
3.6 34 69 2
3.8 35.5 41.3 2
1.5 24.7 44 2.2
2.1 19.6 46.4 2.2
2.2 14.7 22.1 1.9
1.3 22.9 76.5 1.8
4.2 13.4 44.8 1.6
2 39.2 31.9 1.6
0.2 0.3 0.3 0.3 0.4 0.2 0.4 0.2 0.3 0.3 0.3 0.4 0.3 0.3 0.3 0.3 0.2 0.4 0.4 0.3 0.2 0.2 0.3 0.3 0.3 0.2 0.4 0.4 0.4 0.3 0.4 0.3 0.4 0.3 0.4 0.4 0.3 0.4 0.3 0.2 0.2 0.2 0.3 0.3 0.4 0.4 0.3 0.3 0.2 0.2 0.4 0.2 0.3 0.3 0.3 0.2 0.3 0.3 0.2 0.4 0.4 0.3 0.4 0.3 0.2 0.3 0.3 0.2 0.3 0.4 0.4 0.2 0.4 0.4 0.3 0.2 0.4 0.3 0.3 0.3 0.3 0.3 0.2 0.2 0.3 0.3 0.4 0.3 0.2 0.4 0.4 0.2 0.2 0.4 0.3 0.2 0.2 0.4 0.4 0.3 0.3 0.2 0.3 0.3 0.3 0.2 0.3 0.3 0.2 0.2 0.3 0.4 0.2 0.2 0.2 0.3 0.2 0.4 0.2 0.3 0.3 0.3 0.2 0.3 0.2 0.3 0.4 0.3 0.4 0.3 0.2 0.2 0.4 0.4 0.3 0.4 0.4 0.3 0.3 0.2 0.3 0.3 0.2 0.3 0.3 0.3 0.3 0.3 0.3 0.3 0.3 0.3 0.3 0.3 0.3 0.2 0.2 0.4 0.3 0.2 0.2 0.2 0.3 0.4 0.2 0.3 0.3 0.4 0.4 0.3 0.3 0.3 0.2 0.3 0.4 0.3 0.3 0.3 0.3 0.3 0.2 0.3 0.3 0.2 0.3 0.3 0.2 0.2 0.3 0.3 0.2 0.3 0.3 0.4 0.3 0.3 0.3 0.3 0.3 0.3 0.3 0.2 0.2 0.3 0.3 0.2 0.4 0.2 0.2 0.4 0.2 0.3 0.2 0.3 0.3 0.3 0.3 0.3 0.3 0.2 0.4 0.2 0.4 0.2 0.4 0.2 0.2 0.3 0.3 0.4 0.4 0.3 0.2 0.4 0.3 0.3 0.3 0.4 0.2 0.4 0.2 0.2 0.3 0.3 0.3 0.3 0.2 0.3 0.3 0.2 0.2 0.3 0.2 0.3 0.3 0.2 0.2 0.3 0.3 0.4 0.2 0.4 0.4 0.3 0.3 0.2 0.3 0.3 0.4 0.3 0.3 0.4 0.3 0.3 0.4 0.2 0.3 0.3 0.3 0.3 0.2 0.3 0.4 0.4 0.2 0.2 0.4 0.4 0.2 0.3 0.2 0.3 0.3 0.3 0.3 0.3 0.2 0.3 0.2 0.3 0.3 0.4 0.3 0.3 0.4 0.3 0.3 0.3 0.2 0.2 0.3 0.4 0.2 0.3 0.3 0.3 0.3 0.3 0.3 0.2 0.3 0.2 0.3 0.4 0.3 0.3 0.4 0.4 0.3 0.4 0.3 0.3 0.4 0.3 0.3 0.3 0.3 0.2 0.4 0.3 0.3 0.2 0.3 0.3 0.4 0.2 0.4 0.3 0.4 0.2 0.3 0.3 0.3 0.4 0.2 0.3 0.2 0.3 0.3 0.4 0.4 0.3 0.3 0.4 0.3 0.4 0.2 0.4 0.2 0.4 0.4 0.4 0.3 0.3 0.3 0.4 0.3 0.3 0.3 0.3 0.3 0.4 0.2 0.3 0.4 0.2 0.4 0.4 0.3 0.3 0.3 0.3 0.2 0.3 0.3 0.3 0.3 0.3 0.2 0.4 0.3 0.2 0.3 0.4 0.2 0.4 0.4 0.2 0.4 0.3 0.4 0.2 0.3 0.4 0.3 0.3 0.2 0.2 0.2 0.2 0.3 0.2 0.3 0.4 0.3 0.3 0.3 0.2 0.2 0.3 0.3 0.3 0.4 0.3 0.4 0.4 0.4 0.3 0.3 0.3 0.3 0.2 0.4 0.3 0.4 0.2 0.3 0.3 0.3 0.2 0.2 0.2 0.4 0.4 0.4 0.3 0.4 0.3 0.3 0.4 0.3 0.4 0.4 0.4 0.4 0.3 0.2 0.4 0.3 0.2 0.2 0.3 0.3 0.2 0.2 0.3 0.3 0.2 0.3 0.2 0.3 0.4 0.3 0.4 0.3 0.2 0.3 0.3 0.2 0.3 0.4 0.3 0.2 0.4 0.4 0.3 0.4 0.2 0.4 0.4 0.3 0.3 0.2 0.3 0.4 0.2 0.3 0.3 0.3 0.3 0.3 0.4 0.2 0.4 0.4 0.3 0.2 0.4 0.4 0.2 0.4 0.3 0.3 0.3 0.3 0.4 0.3 0.3 0.3 0.2 0.3 0.2 0.4 0.3 0.4 0.3 0.3 0.2 0.3 0.2 0.4 0.4 0.2 0.3 0.2 0.2 0.2 0.2 0.2 0.3 0.3 0.4 0.2 0.3 0.2 0.3 0.2 0.3 0.2 0.3 0.3 0.3 0.3 0.3 0.3 0.4 0.4 0.3 0.3 0.2 0.3 0.3 0.2 0.2 0.3 0.3 0.4 0.2 0.3 0.3 0.3 0.3 0.3 0.3 0.2 0.4 0.2 0.4 0.2 0.2 0.3 0.3 0.4 0.3 0.3 0.4 0.3 0.3 0.3 0.3 0.3 0.4 0.3 0.3 0.2 0.3 0.3 0.4 0.3 0.4 0.3 0.3 0.4 0.3 0.4 0.3 0.3 0.3 0.4 0.2 0.3 0.4 0.4 0.3 0.3 0.4 0.4 0.4 0.3 0.3 0.3 0.2 0.3 0.2 0.4 0.3 0.3 0.3 0.3 0.3 0.4 0.3 0.2 0.3 0.3 0.3 0.3 0.4 0.4 0.4 0.2 0.3 0.3 0.2 0.4 0.3 0.3 0.4 0.3 0.4 0.3 0.4 0.2 0.4 0.4 0.3 0.2 0.3 0.2 0.4 0.2 0.2 0.4 0.3 0.2 0.3 0.3 0.2 0.4 0.4 0.3 0.3 0.3 0.3 0.2 0.3 0.3 0.3 0.2 0.3 0.4 0.2 0.3 0.4 0.4 0.3 0.3 0.3 0.2 0.3 0.2 0.2 0.3 0.4 0.4 0.4 0.2 0.4 0.3 0.3 0.4 0.3 0.4 0.3 0.2 0.3 0.3 0.3 0.2 0.3 0.4 0.3 0.4 0.4 0.3 0.2 0.3 0.4 0.2 0.2 0.4 0.3 0.4 0.3 0.2 0.3 0.3 0.2 0.4 0.2 0.3 0.4 0.3 0.3 0.3 0.4 0.4 0.3 0.4 0.3 0.2 0.3 0.3 0.3 0.4 0.2 0.3 0.3 0.2 0.3 0.3 0.3 0.4 0.4 0.3 0.3 0.4 0.4 0.3 0.3 0.2 0.3 0.2 0.3 0.2 0.4 0.2 0.2 0.3 0.3 0.3 0.4 0.4 0.3 0.3 0.4 0.2 0.3 0.3 0.3 0.4 0.2 0.3 0.4 0.2 0.3 0.4 0.4 0.4 0.3 0.2 0.3 0.2 0.4 0.3 0.3 0.4 0.4 0.2 0.4 0.4 0.2 0.3 0.4 0.3 0.3 0.3 0.2 0.3 0.4 0.3 0.3 0.3 0.2 0.3 0.2 0.4 0.4 0.2 0.2 0.2 0.4 0.2 0.2 0.3 0.3 0.4 0.2 0.2 0.2 0.4 0.3 0.3 0.3 0.3 0.3 0.3 0.3 0.3 0.3 0.3 0.4 0.4 0.3 0.3 0.4 0.2 0.4 0.4 0.2 0.2 0.2 0.4 0.4 0.3 0.4 0.4 0.4 0.4 0.3 0.4 0.2 0.3 0.2 0.2 0.3 0.3 0.2 0.2 0.3 0.3 0.3 0.4 0.4 0.4 0.3 0.4 0.3 0.3 0.3 0.4 0.3 0.3 0.2 0.2 0.3 0.2 0.3 0.3 0.4 0.2 0.3 0.3 0.3 0.2 0.3 0.2 0.4 0.3 0.3 0.2 0.3 0.2 0.4 0.3 0.3 0.2 0.3 0.2 0.3 0.3 0.3 0.2 0.4 0.4 0.4 0.3 0.2 0.2 0.3 0.4 0.2 0.2 0.3 0.4 0.3 0.3 0.2 0.3 0.3 0.3 0.4 0.3 0.4 0.3 0.4 0.3 0.3 0.4 0.4 0.3 0.4 0.3 0.4 0.3 0.3 0.3 0.4 0.3 0.2 0.3 0.2 0.3 0.3 0.4 0.3 0.2 0.4 0.4 0.2 0.4 0.3 0.2 0.3 0.2 0.3 0.2 0.3 0.2 0.3 0.3 0.2 0.2 0.3 0.2 0.2 0.3 0.2 0.3 0.3 0.2 0.2 0.2 0.3 0.4 0.2 0.4 0.3 0.4 0.3 0.2 0.3 0.3 0.2 0.4 0.4 0.3 0.3 0.2 0.3 0.4 0.3 0.4 0.2 0.3 0.2 0.3 0.2 0.2 0.2 0.2 0.4 0.3 0.2 0.4 0.4 0.4 0.2 0.3 0.2 0.3 0.3 0.2 0.3 0.3 0.2 0.3 0.2 0.3 0.2 0.3 0.4 0.4 0.2 0.3 0.3 0.2 0.3 0.3 0.2
132 170 164 169 12 152 27 157 137 91 96 50 137 64 114 61 83 53 22 95 111 67 169 14 141 61 67 166 1 92 122 18 162 12 12 109 61 8 113 11 128 4 31 164 150 154 12 79 19 164 119 151 132 70 142 9 8 167 91 91 151 14 102 143 45 101 18 86 48 146 139 68 27 38 118 100 161 6 179 76 71 171 85 154 117 43 130 144 95 156 44 130 71 51 144 37 159 140 84 4 16 91 87 112 99 44 148 149 15 50 123 162 176 55 94 98 71 88 135 116 172 57 43 99 168 18 145 31 141 115 135 10 100 137 86 92 129 107 159 28 48 133 12 12 111 14 110 99 51 32 97 41 179 9 62 107 169 111 56 77 98 87 32 147 142 98 141 67 174 162 78 130 164 38 57 16 62 154 159 11 7 168 42 36 48 24 161 132 154 102 71 125 51 22 142 53 3 86 91 149 3 57 51 11 114 173 79 107 156 141 142 4 58 38 87 143 161 17 78 90 16 16 37 103 43 103 41 57 17 74 63 107 112 38 129 18 160 95 6 81 66 82 37 96 67 22 55 148 56 151 178 121 119 78 170 137 65 14 7 177 51 154 22 12 32 166 164 152 176 30 8 53 126 161 80 95 142 176 107 109 98 112 169 68 107 171 91 124 58 50 87 60 93 71 52 111 11 79 48 71 12 2 5 104 112 31 89 179 147 94 85 27 21 35 8 31 34 91 13 77 160 58 18 21 163 44 55 120 82 168 63 152 39 125 145 140 58 94 35 14 180 48 82 135 175 123 63 17 70 112 141 23 107 117 43 47 46 95 163 45 89 160 125 165 101 138 65 56 140 7 82 101 82 7 85 107 149 150 142 135 27 136 78 158 141 147 146 96 89 15 5 12 123 3 109 31 122 52 2 110 138 113 63 14 58 11 58 31 8 152 6 89 132 73 73 91 86 112 134 109 57 25 87 44 112 168 149 83 121 147 164 2 17 10 44 59 171 162 74 122 124 18 111 162 63 5 7 146 19 17 109 159 110 134 123 7 10 45 138 24 101 175 143 161 104 150 73 121 44 156 141 111 14 173 2 55 41 43 103 52 69 116 102 44 74 88 71 77 110 86 109 112 129 139 136 149 59 32 150 129 104 146 132 140 122 10 80 121 16 78 113 50 44 21 162 85 30 43 52 39 44 45 140 75 99 138 71 97 144 162 5 56 19 172 66 84 144 153 146 132 141 36 49 165 163 110 143 95 171 62 144 127 81 31 8 87 11 116 93 48 99 46 164 147 134 145 78 154 99 84 8 114 180 90 134 126 17 37 131 132 128 1 28 173 116 159 101 87 175 57 145 156 123 141 33 86 6 56 175 37 109 147 40 29 48 149 68 37 59 180 159 129 20 150 85 175 136 171 163 25 169 67 35 42 113 165 92 167 44 74 101 7 43 142 140 135 148 139 18 152 135 150 42 6 23 42 90 66 156 108 71 122 156 138 63 97 27 136 115 34 52 60 116 150 157 49 180 170 169 113 6 149 112 165 47 139 164 51 141 176 22 102 35 111 120 72 73 115 113 79 108 39 40 61 80 63 11 60 14 92 125 28 135 124 83 167 174 24 173 173 150 87 86 145 50 135 40 75 37 166 64 178 48 110 7 152 49 146 160 75 8 6 160 40 110 164 166 40 173 17 140 122 98 36 14 4 176 50 58 162 139 161 150 37 173 27 48 106 133 62 122 32 89 117 87 60 48 18 34 71 150 69 113 160 144 136 1 22 18 96 135 115 73 98 122 85 179 78 44 56 55 107 122 88 126 71 55 64 106 23 116 32 85 101 134 170 21 141 179 127 84 79 9 160 156 106 134 102 150 149 6 81 91 121 138 136 13 71 177 13 32 37 158 31 90 105 160 39 61 60 105 59 12 137 33 8 54 179 148 89 79 64 97 7 13 172 112 104 152 157 164 178 46 156 21 171 60 100 70 136 29 104 115 55 130 49 78 15 9 58 15 103 73 38 103 10 110 137 66 51 128 38 68 77 142 122 138 58 25 106 72 170 75 103 158 134 68 169 16 162 74 3 81 168 57 36 20 127 88 125 175 52 144 114 110 159 146 36 176 63 160 73 53 106 42 32 90 32 128 124 163 141 3 4 155 142 92 100 179 54 167 98 125 49 146 15 39 165 111 37 51 75 23 114 98 25 153 109 38 126 121 53 116 101 78 61 76 83 127 130 67 73 147 83 75 117 30 8 67 42 134 70 37 173 109 117 31 23 16 102 74 90 19 166 129 53 28 70 73 12 32 62 159 6 60 110 41 73 170 68 64 33 59 56 140 99 51 43 3 2 98 99 60 111 25 102 15 91 3 136 45 142 61 12 111 52 95 171 13 43
14 179 23 88 115 151 64 108 74 23 9 180 18 22 116 55 174 141 150 91 58 133 15 126 31 134 14 12 98 156 88 63 74 123 140 126 167 130 19 82 162 160 157 174 43 113 65 72 59 135 98 43 11 170 31 15 154 117 147 36 170 24 38 169 145 113 25 133 128 151 92 165 112 90 160 170 50 152 151 2 107 22 178 174 64 132 143 75 57 88 98 22 116 48 94 84 54 72 44 84 63 157 6 168 36 12 6 108 124 40 84 151 55 75 81 123 92 54 114 129 156 155 125 162 54 114 28 59 73 29 156 4 113 91 78 108 118 160 164 85 13 142 48 73 173 146 87 137 163 173 166 77 7 160 20 122 158 175 98 124 22 79 123 40 146 117 179 75 124 33 130 12 103 74 167 13 104 89 12 55 20 129 170 80 36 92 11 159 171 24 178 14 20 179 150 40 176 24 1 90 172 18 153 137 119 82 58 163 95 50 98 150 81 77 118 54 125 169 109 61 10 20 156 102 9 70 44 31 108 72 5 56 142 89 9 111 90 76 31 116 113 58 80 149 9 15 39 36 8 144 32 121 68 62 33 1 76 32 14 141 26 133 170 86 156 90 165 178 101 176 99 53 116 62 119 141 139 25 149 133 32 12 142 31 12 98 91 62 131 129 83 121 52 81 84 33 11 89 3 147 156 17 104 155 159 128 145 166 157 81 98 59 152 180 80 133 77 109 106 80 81 25 133 117 110 166 68 10 13 41 72 128 95 180 64 18 42 127 53 64 178 29 106 7 133 135 169 72 149 76 28 88 79 74 171 150 61 127 156 98 55 87 88 157 89 60 61 83 28 86 124 20 79 77 83 176 18 27 114 159 77 78 121 160 104 163 64 22 28 155 154 72 135 85 11 103 105 133 126 55 15 129 128 149 46 141 16 52 172 59 140 100 59 47 105 25 62 136 144 160 167 174 45 160 129 63 73 10 24 15 154 101 57 37 10 40 18 23 104 52 18 86 70 25 111 90 112 105 158 112 81 57 81 14 44 86 164 49 86 72 18 109 4 86 132 53 150 148 32 32 71 144 154 162 122 69 17 176 114 12 113 23 7 22 163 129 39 50 78 109 18 100 32 47 23 89 146 75 142 78 2 33 165 112 150 16 134 69 129 120 27 137 132 7 163 150 115 15 82 122 123 26 76 11 118 115 140 25 145 6 70 148 151 162 23 26 146 123 176 60 86 148 179 79 147 66 138 50 160 146 140 60 64 40 141 38 129 61 147 29 87 20 162 74 109 50 71 102 102 95 63 2 177 50 137 37 151 35 117 124 169 94 76 64 146 101 49 13 51 46 23 25 113 32 34 158 64 112 106 108 86 110 156 178 69 37 160 174 137 42 68 30 11 113 47 156 55 168 87 3 104 153 155 11 95 41 38 140 25 139 18 140 105 108 101 177 72 171 165 102 167 45 138 143 58 24 141 59 130 71 23 5 163 48 117 4 115 21 87 105 132 120 67 141 102 32 129 117 79 69 57 110 50 58 110 33 156 29 13 146 115 82 81 63 8 21 179 107 160 110 43 100 132 102 24 100 67 172 118 171 105 165 85 82 50 115 104 130 42 33 40 177 75 157 135 119 50 48 37 162 60 88 119 149 6 9 150 138 15 139 127 68 156 179 145 76 112 136 104 155 5 63 141 125 153 39 122 37 67 78 79 150 145 113 89 90 33 167 95 26 51 127 29 9 36 6 109 135 106 100 68 92 112 40 131 84 105 106 134 91 157 4 49 6 110 40 143 37 157 94 50 51 144 37 50 66 105 73 140 75 99 122 157 118 129 175 83 77 175 13 146 166 73 59 156 51 102 141 171 98 95 91 148 88 159 48 141 171 98 123 93 107 143 129 107 105 60 154 172 138 158 116 39 34 64 76 3 28 90 146 33 76 6 28 31 88 77 84 162 149 136 46 97 31 80 171 162 169 135 132 20 93 115 179 98 54 132 39 173 173 154 123 144 160 37 76 38 146 100 167 29 178 118 59 173 106 98 104 47 67 5 115 165 1 94 151 176 168 68 171 131 80 145 30 99 21 117 98 27 50 13 40 59 16 100 33 112 98 41 5 25 41 44 64 69 105 166 111 23 83 54 123 86 78 72 58 88 113 53 175 179 30 170 160 113 28 73 57 91 166 177 18 104 170 4 51 20 126 83 154 93 111 170 48 77 50 116 44 126 141 169 71 173 141 42 177 153 137 52 156 82 99 70 113 159 163 100 30 96 84 51 45 16 142 76 105 64 47 58 83 155 65 46 94 64 72 83 64 143 51 127 145 15 46 97 44 8 71 65 57 72 108 163 84 99 125 9 17 28 38 107 129 41 125 27 20 10 96 128 132
24 72 143 83 177 102 32 180 115 10 129 172 121 100 51 123 123 46 7 43 162 67 48 100 50 77 78 118 9 60 104 150 42 88 176 166 84 13 107 118 162 78 105 74 74 73 64 19 130 108 180 88 86 65 30 25 53 177 144 93 100 127 28 15 7 160 164 134 30 112 169 18 69 176 96 116 117 39 157 12 37 177 42 59 20 145 157 59 39 125 12 90 38 98 36 119 3 109 127 35 65 160 124 29 44 71 139 45 140 164 29 148 159 84 94 80 29 36 30 42 159 100 17 21 11 83 165 85 99 62 142 38 168 124 170 79 84 117 23 104 143 80 28 93 160 153 59 73 101 115 23 21 165 89 139 147 9 101 81 97 21 38 118 48 52 41 55 103 72 105 43 83 10 177 108 24 117 3 177 103 174 34 116 110 58 83 72 105 101 21 75 63 3 123 109 91 140 130 21 24 119 41 46 94 76 39 4 21 12 29 64 150 46 35 28 174 178 89 48 25 178 53 138 23 4 146 44 178 175 112 41 127 9 139 159 173 131 63 175 161 21 16 110 124 153 36 63 19 151 68 175 121 81 139 103 147 163 140 69 100 75 86 69 6 99 83 150 71 112 9 20 104 147 34 18 155 117 95 26 93 144 156 68 63 41 16 43 20 157 148 167 85 127 28 45 89 138 37 53 105 20 77 135 149 56 170 11 93 89 16 45 149 174 90 78 142 7 105 121 149 166 70 79 108 3 24 63 162 26 94 65 68 179 64 9 32 156 130 91 130 179 106 92 156 137 30 61 141 15 134 63 128 10 111 158 86 176 26 58 57 82 168 5 164 62 50 64 104 90 93 28 82 21 22 92 119 172 64 121 20 49 95 151 172 61 132 53 59 180 178 137 149 106 92 43 160 37 143 122 121 47 47 19 146 81 176 47 126 103 58 74 127 18 28 35 76 70 124 56 37 31 137 80 26 101 31 22 37 110 103 122 66 125 11 57 96 98 36 69 77 176 91 4 36 108 160 161 142 141 32 68 128 164 169 3 36 88 29 52 157 174 10 7 178 55 113 4 88 124 60 18 169 168 22 157 153 125 135 152 115 39 176 136 65 102 79 95 116 64 85 43 5 35 51 32 58 47 77 28 84 60 43 86 44 54 174 169 119 173 118 7 39 111 63 19 78 32 36 77 50 85 6 69 111 3 59 62 142 24 89 41 8 161 38 49 65 154 89 16 131 72 116 9 163 99 150 31 176 142 117 51 102 47 128 172 16 46 128 104 101 21 133 41 32 131 31 166 143 52 168 23 63 51 86 12 92 48 161 49 166 109 115 124 114 137 149 84 88 141 91 106 133 113 77 51 129 11 24 122 60 22 45 21 92 54 3 140 98 17 76 31 77 129 121 135 66 52 57 9 169 2 37 93 92 42 87 51 28 152 128 62 118 110 57 136 121 135 83 96 85 89 156 61 103 115 2 158 88 97 89 46 166 98 178 94 137 162 41 65 50 173 65 86 12 162 168 61 74 158 56 109 144 93 63 59 105 61 95 143 29 145 162 74 90 55 37 155 106 26 67 65 15 118 83 170 68 25 71 152 87 89 87 74 71 69 103 112 97 24 156 160 62 159 142 106 66 38 106 18 29 31 106 178 180 53 61 89 138 62 5 113 154 134 45 56 20 11 31 44 162 89 123 169 89 90 99 174 132 149 174 44 54 176 40 170 1 84 24 91 54 169 175 80 74 156 47 173 151 78 99 6 56 156 163 116 53 25 134 160 127 57 96 9 83 63 62 92 131 40 170 9 38 9 98 68 89 66 142 125 85 56 167 6 70 102 95 38 180 153 90 129 169 135 122 108 74 27 110 87 73 68 29 54 111 49 152 162 137 111 91 144 130 138 74 73 56 6 135 119 129 133 67 69 62 177 46 7 22 56 7 98 62 8 10 6 61 140 92 109 128 134 40 167 158 73 25 112 66 81 16 103 22 43 81 111 119 139 28 11 96 65 155 113 33 49 91 67 68 152 76 171 60 128 33 177 168 154 138 98 60 96 120 179 20 147 176 56 19 146 2 50 35 3 21 125 133 40 161 50 167 173 130 135 73 96 104 21 20 171 34 98 34 161 9 172 78 162 57 87 58 73 85 67 107 121 152 49 16 90 79 50 158 68 44 98 179 111 79 87 60 53 135 167 53 129 27 121 175 46 107 82 112 23 4 94 103 39 22 72 43 3 67 102 20 164 15 13 155 23 172 92 106 159 120 62 59 50 92 180 26 80 48 89 169 171 68 19 84 51 170 90 7 157 15 45 99 88 50 4 56 34 107 171 18 31 10 161 129 65 151 138 1 113 114 22 120 148 111 93 122 36 64 124 121 106 104 157 109 36 86
159 165 39 47 53 173 118 40 14 154 81 25 64 60 88 73 104 56 86 63 67 83 19 48 126 20 10 140 3 160 162 49 53 148 137 91 135 42 149 34 77 180 42 70 11 127 175 35 178 71 156 93 58 3 52 12 54 162 44 35 154 24 135 108 9 142 54 55 114 180 14 82 49 142 33 148 154 65 141 49 76 111 156 138 27 47 108 128 29 180 19 81 49 149 173 2 111 61 74 128 49 179 32 26 2 38 180 180 77 163 50 150 57 97 60 138 29 95 167 103 176 33 34 39 43 14 23 63 74 82 22 120 122 119 5 117 132 15 146 42 152 83 30 122 108 69 50 107 16 78 50 69 54 119 3 18 139 12 152 40 27 89 96 59 146 2 52 15 92 126 171 38 88 39 124 162 112 27 177 115 137 90 64 49 126 149 178 83 132 154 24 126 134 145 34 154 174 149 156 51 96 10 5 63 93 51 40 109 69 45 73 23 19 59 137 123 163 9 167 169 49 139 108 106 113 76 57 3 171 21 144 102 122 1 82 162 55 96 54 59 11 35 93 17 66 89 61 58 71 102 170 75 141 60 115 11 111 22 164 117 45 98 111 160 166 72 117 127 81 103 86 36 90 35 128 170 102 97 150 76 74 175 119 60 23 163 23 24 172 1 60 73 2 41 69 159 109 121 73 101 34 53 141 21 138 93 79 80 157 134 117 158 131 125 92 97 29 41 87 180 135 82 18 66 154 21 39 155 106 131 132 169 130 5 111 112 164 90 95 122 95 126 165 123 172 2 148 41 13 112 31 33 104 106 16 1 161 167 100 120 38 163 11 80 143 61 68 106 64 120 129 141 101 3 24 57 30 61 162 43 60 28 173 91 62 34 39 80 104 91 70 143 47 136 74 104 77 96 21 146 2 153 110 110 161 30 149 133 115 59 42 90 33 116 161 14 42 136 49 154 107 99 80 72 83 39 40 61 174 174 149 168 158 19 2 119 71 27 168 96 23 93 41 117 175 127 162 153 95 152 97 62 3 148 57 146 42 70 87 121 22 71 92 59 76 62 61 172 150 67 98 55 180 92 167 115 5 82 119 175 161 157 166 169 42 34 54 56 7 76 42 88 50 8 174 120 147 77 50 57 26 16 155 159 31 65 118 58 18 118 102 68 67 65 114 88 47 142 154 119 105 81 126 123 163 19 114 36 15 7 91 96 176 132 47 172 124 1 9 116 10 175 15 72 138 122 132 20 22 120 8 164 41 100 46 82 125 73 15 180 79 152 41 149 166 161 134 25 138 128 101 110 127 177 76 70 170 73 151 44 38 71 97 61 164 113 74 87 106 101 54 106 136 57 44 67 140 177 162 28 27 40 172 156 21 66 74 80 114 17 144 129 5 167 149 146 116 151 16 45 93 110 133 60 35 149 11 41 163 177 48 37 4 55 20 104 75 126 125 125 105 127 97 177 94 155 109 141 168 35 79 126 137 76 38 115 19 113 51 54 59 2 96 126 150 141 166 141 94 110 123 2 136 13 34 143 64 120 97 45 54 128 84 167 78 168 147 87 58 119 163 5 122 36 111 26 145 1 179 132 161 12 151 118 172 61 150 98 110 10 180 135 13 31 11 173 7 170 25 97 31 95 8 127 73 152 14 174 96 84 54 9 115 131 147 28 16 167 156 168 21 61 164 127 50 133 8 46 12 131 155 157 165 97 89 120 7 116 4 120 162 177 7 98 55 149 55 100 22 104 129 80 6 63 108 40 50 88 129 138 34 173 98 171 50 40 14 122 77 66 105 39 15 138 1 160 26 3 154 48 59 134 139 30 52 146 161 103 4 108 131 158 104 125 43 3 179 34 11 166 112 159 124 153 84 58 31 128 101 49 1 68 165 37 26 68 127 175 92 48 90 48 164 111 109 175 116 87 35 177 106 156 141 61 31 100 36 178 56 82 31 49 37 167 85 88 142 112 149 112 30 110 142 127 141 92 54 116 16 55 62 173 87 118 142 78 53 61 102 120 56 100 20 98 171 29 1 76 113 168 9 3 33 38 171 64 168 85 7 155 119 100 25 50 103 152 168 24 113 92 15 53 163 58 176 62 93 128 27 54 159 1 83 105 140 103 27 146 49 62 57 71 124 79 161 89 149 92 156 58 89 114 36 83 1 152 160 28 1 63 70 170 152 177 121 167 4 115 132 48 111 88 58 33 174 176 150 108 100 96 100 51 49 95 52 76 69 147 11 68 125 168 53 151 89 162 176 164 58 86 49 153 130 18 22 46 3 141 169 77 104 158 116 144 168 113 19 77 2 147 118 154 115 178 156 69 113 145 64 36 61 13 94 97 14 26 77 110 108 112 141 171 42 38 118 84 72 161 122 105
178 171 55 159 121 69 105 59 119 156 97 46 163 122 36 42 63 42 71 155 108 104 58 122 12 82 55 157 120 95 12 106 15 75 79 17 84 34 24 55 132 152 105 162 145 94 149 17 44 122 180 114 5 170 141 115 134 97 129 7 92 13 6 41 56 144 17 56 61 3 90 129 159 116 32 36 100 150 89 69 135 63 150 151 59 55 59 98 70 13 82 8 15 120 22 20 14 176 155 129 27 128 9 61 35 114 34 168 68 94 13 88 120 49 25 43 128 12 178 125 118 40 141 149 124 92 163 6 17 174 108 175 12 117 44 44 168 12 109 118 91 17 121 61 72 131 179 30 81 94 58 59 64 21 119 112 108 123 112 7 59 84 123 2 165 164 53 111 119 141 15 12 42 145 69 105 95 48 40 132 24 123 117 39 30 170 34 71 22 131 4 133 148 151 28 152 55 30 76 121 53 126 26 15 106 168 142 89 35 8 33 77 70 152 10 47 108 169 119 5 41 138 123 115 88 179 116 71 14 41 93 179 168 66 137 12 129 76 83 164 157 143 30 157 141 153 73 94 55 133 66 80 118 74 85 126 44 113 145 84 92 110 28 39 21 154 2 159 43 57 102 131 49 174 10 23 153 57 167 176 3 131 122 103 101 3 97 168 167 123 75 4 16 35 106 106 69 159 18 4 126 58 61 94 48 143 58 63 68 90 94 80 159 140 53 142 68 75 129 169 106 65 1 151 48 12 100 118 171 6 149 5 108 100 37 135 89 1 9 60 168 60 4 52 54 40 154 45 138 58 59 59 36 26 66 155 20 42 148 125 32 4 166 125 130 83 138 97 41 74 143 117 127 129 109 171 128 24 69 137 175 129 143 121 108 29 56 154 93 3 79 108 52 142 120 173 87 46 115 170 156 118 102 88 82 1 6 37 30 80 103 163 63 47 65 99 174 113 132 78 180 27 150 40 88 94 65 161 138 8 15 119 118 165 160 148 174 105 113 9 136 14 20 21 27 8 32 71 151 9 143 108 26 98 129 136 144 51 109 17 16 107 171 70 45 157 83 19 133 21 47 102 81 107 137 129 164 134 139 117 15 47 61 40 94 81 58 176 57 105 142 1 123 92 62 95 159 103 76 22 5 62 16 116 81 172 12 99 144 28 8 95 6 114 70 133 49 9 164 58 157 176 138 67 11 27 83 5 14 151 154 30 113 76 100 63 66 148 117 9 112 167 174 117 124 98 140 96 82 157 96 46 61 164 50 52 33 167 54 114 10 65 141 25 135 82 7 4 180 8 139 1 97 151 98 129 103 15 41 177 81 169 83 88 7 120 38 168 20 57 134 143 125 54 65 136 117 12 8 178 89 157 26 145 180 66 177 56 4 96 84 87 19 52 160 156 174 25 13 149 68 83 15 51 72 132 74 124 98 144 17 44 13 94 120 18 55 21 151 65 95 69 32 29 92 141 85 26 37 62 128 109 3 134 125 73 80 177 47 167 9 128 8 173 53 10 10 158 104 14 23 137 67 118 32 146 36 25 77 154 64 32 128 163 40 92 46 24 8 93 136 113 115 2 170 40 169 22 121 83 61 104 32 159 25 96 47 36 33 57 80 104 166 70 36 105 111 144 22 179 41 68 179 63 93 128 167 39 33 25 29 60 11 78 20 154 50 21 49 10 11 16 76 27 36 120 179 32 54 178 37 64 179 88 104 82 79 149 8 14 113 135 130 123 163 14 119 107 172 41 17 124 73 60 146 98 149 146 162 61 105 142 33 144 12 26 169 28 77 92 173 38 79 173 147 101 7 110 171 47 51 57 139 168 136 75 105 5 23 139 128 25 160 16 98 134 66 140 176 141 88 37 139 3 82 88 180 180 26 153 11 76 14 34 93 39 24 135 167 86 58 105 29 21 26 65 98 166 82 13 87 73 95 141 23 93 91 111 15 33 125 144 68 170 104 17 31 139 128 158 9 43 9 114 50 4 4 14 159 113 106 7 86 97 114 103 138 94 148 148 52 179 165 2 17 125 31 162 81 58 143 136 13 162 159 156 16 148 165 106 36 129 169 140 7 102 59 35 6 142 120 56 151 11 14 159 25 4 42 100 125 33 69 97 158 77 27 102 146 25 177 167 57 146 91 120 140 47 25 93 1 110 117 61 30 172 83 22 108 115 74 159 168 75 87 54 113 63 96 5 121 120 130 97 80 178 104 5 148 27 1 165 85 128 93 120 141 102 27 122 112 178 13 27 109 143 152 86 143 37 76 22 14 84 57 1 26 155 9 117 39 55 76 125 42 67 61 56 52 27 118 137 118 49 40 112 140 37 74 175 167 36 173 92 6 134 53 10 31 13 43 116 77 129 37 179 102 74 175 167
12 68 96 118 176 103 102 137 24 73 38 90 160 157 148 143 9 70 25 129 53 46 108 111 57 118 175 149 35 65 128 71 147 94 35 100 48 130 154 128 11 92 63 87 179 76 45 120 29 69 26 23 65 109 136 15 146 97 97 102 112 44 80 32 22 116 1 143 53 77 136 4 146 109 90 104 53 132 175 22 146 1 96 98 74 162 55 1 140 36 34 58 103 78 86 1 25 43 132 90 41 19 124 46 20 49 92 8 71 139 78 164 64 89 26 162 47 151 170 136 29 116 97 44 12 23 97 75 30 58 96 6 165 39 172 79 92 122 154 31 148 28 90 37 48 36 69 7 101 147 5 152 169 47 158 123 134 60 33 68 148 53 170 122 3 94 135 3 10 80 168 79 5 137 22 56 18 154 62 57 47 47 117 133 111 85 138 111 78 115 39 19 45 36 18 162 14 6 106 7 177 83 9 68 112 72 63 139 91 167 22 176 98 42 155 6 169 83 61 6 84 62 164 102 11 158 128 92 135 177 146 57 124 8 133 47 101 61 4 8 149 139 12 138 167 57 134 59 19 37 151 99 134 18 8 94 80 124 94 124 44 14 39 133 77 159 87 164 38 65 120 153 47 93 20 58 100 112 133 80 56 167 44 91 101 113 37 22 59 107 36 80 159 75 11 85 152 8 14 155 45 16 78 138 5 76 165 126 125 70 156 69 145 73 78 178 110 171 178 163 47 123 23 44 153 24 13 36 92 56 43 112 110 130 61 83 121 11 148 84 29 77 5 74 65 23 142 11 101 167 139 82 155 141 117 28 171 4 30 28 117 20 89 81 140 50 92 145 75 54 55 139 85 64 77 126 68 16 177 70 177 167 167 78 154 110 26 118 58 7 158 34 135 82 78 141 49 179 173 8 49 77 152 49 55 50 159 77 104 143 81 94 110 69 134 109 118 34 28 155 152 129 141 73 1 138 98 109 3 54 5 83 142 150 13 161 30 58 108 163 35 101 14 99 87 167 48 172 35 113 66 54 46 61 63 76 33 79 172 164 15 131 27 121 8 46 92 85 157 55 60 180 113 127 66 53 177 117 146 178 99 42 27 81 177 178 144 81 138 146 115 153 154 137 111 64 97 144 117 87 28 16 174 164 12 118 136 19 20 20 89 88 96 8 72 65 142 38 40 102 55 16 76 87 153 14 60 24 85 25 32 70 59 166 167 158 93 46 84 86 76 145 62 34 174 105 14 2 13 103 171 127 8 152 47 116 114 48 96 52 153 82 103 76 134 3 73 112 105 64 161 150 81 171 53 12 69 172 158 83 54 102 97 53 35 19 177 152 37 138 152 67 179 79 171 155 9 157 105 55 6 108 63 132 166 60 158 9 65 116 28 103 177 144 100 4 139 180 144 7 17 56 52 17 54 36 47 120 128 146 75 31 177 68 90 32 163 3 147 44 63 78 62 33 153 145 159 6 80 171 170 48 68 120 164 98 20 8 55 1 126 35 56 54 20 178 153 16 69 28 7 100 45 32 12 78 52 65 156 40 86 15 36 170 42 45 49 62 36 88 135 63 15 81 178 30 117 104 152 134 109 115 168 139 94 23 178 73 45 98 174 100 71 4 103 133 148 134 16 129 152 40 154 19 95 108 109 42 73 37 2 27 131 11 89 165 36 171 97 147 13 9 157 102 69 93 157 60 173 97 64 40 163 58 86 51 146 69 35 156 126 146 69 81 114 131 65 144 163 8 36 81 158 26 158 93 123 39 45 135 105 80 48 41 85 156 24 93 86 136 113 40 138 43 49 114 88 103 52 140 138 79 95 81 42 112 6 35 163 175 123 179 110 109 171 40 21 90 114 86 118 32 86 65 66 156 40 95 160 46 66 35 177 161 144 159 166 50 147 85 43 114 143 157 135 136 79 41 26 154 18 105 136 168 48 6 85 7 68 4 28 51 154 107 92 79 67 61 161 135 145 110 169 125 42 175 50 102 89 22 80 19 22 133 65 51 156 152 4 98 37 36 95 122 148 52 10 69 42 17 164 24 133 171 126 103 87 103 132 95 97 140 124 45 172 89 47 84 133 95 60 14 125 60 33 134 132 69 60 21 57 164 177 137 163 54 137 86 76 102 16 158 3 143 29 152 6 118 163 59 166 176 172 56 139 172 18 161 135 66 36 165 166 179 112 77 114 177 95 92 59 163 17 160 96 98 87 98 2 66 180 124 150 53 143 85 152 24 144 88 64 142 145 34 21 179 74 171 101 180 55 33 115 62 151 99 44 142 139 110 11 31 163 116 136 1 10 123 59 101 171 57 47 53 167 104 132 100 27 46 124 8 83 101 34 35 118 98 154 39 58 106 18 125 156 15 37 130 71 149
142 92 37 160 23 77 84 165 165 101 53 1 87 83 75 56 105 7 142 156 20 137 116 88 46 110 96 84 146 152 9 134 23 55 43 63 150 85 69 162 19 153 114 79 43 129 123 150 153 9 77 82 91 73 93 129 19 59 159 106 160 25 126 117 128 66 147 117 72 40 160 2 57 72 104 130 38 94 140 177 130 165 120 134 119 56 124 177 140 94 62 83 21 29 18 8 106 38 45 96 101 74 116 46 154 56 130 160 172 135 152 177 1 147 41 65 80 179 106 179 53 133 144 171 17 4 52 158 60 116 99 82 104 91 150 131 60 76 19 6 66 109 114 36 117 103 72 132 85 95 7 146 153 158 30 162 137 170 157 78 103 12 92 137 164 130 146 98 19 150 54 58 131 100 149 55 100 4 121 128 127 118 175 132 173 49 169 14 69 173 110 81 96 55 27 115 79 41 102 103 114 180 13 157 38 176 85 37 36 20 34 32 77 122 90 59 27 65 100 23 77 145 98 107 166 4 36 74 153 47 171 105 74 90 149 180 54 86 4 109 136 72 44 36 56 52 171 9 112 119 41 26 171 106 133 84 87 24 12 122 37 122 79 4 92 29 102 108 12 21 111 99 115 147 138 45 111 8 157 5 138 94 161 142 159 51 77 180 157 62 45 116 164 51 169 65 82 12 42 59 170 65 56 150 156 16 104 63 75 68 53 78 94 169 12 171 158 62 86 77 134 58 108 104 38 15 154 70 89 3 66 167 171 84 131 9 143 166 143 101 90 7 85 125 157 136 50 164 11 131 77 125 100 60 134 50 49 21 38 21 170 171 55 28 67 14 29 38 92 69 134 158 51 136 76 120 151 171 158 85 103 155 106 22 38 43 20 101 28 95 73 41 46 167 53 72 14 122 161 19 77 152 6 153 88 85 164 83 31 34 42 156 12 22 157 19 94 79 32 46 94 123 95 50 65 14 119 118 46 153 166 107 50 66 43 171 39 125 111 104 35 93 172 146 29 126 172 164 103 75 65 163 58 25 5 144 24 178 166 105 67 96 158 52 66 35 119 173 139 88 110 139 113 19 31 95 172 63 111 65 131 116 36 9 149 43 172 92 72 8 177 17 103 180 156 38 145 72 36 134 132 118 132 54 32 10 124 47 20 24 142 46 71 123 60 162 100 27 58 139 56 145 26 146 70 139 130 93 32 78 25 140 82 143 54 151 103 114 26 7 139 172 151 11 48 77 178 40 48 46 145 18 118 56 115 166 105 50 77 72 164 103 130 174 36 177 96 16 2 126 168 6 114 122 96 157 137 104 12 142 137 32 35 169 176 78 67 110 36 48 147 46 47 2 44 142 147 104 21 36 35 90 119 104 94 52 140 106 13 23 104 39 176 169 111 14 158 53 162 110 111 103 167 158 83 53 113 83 151 131 82 166 42 178 151 69 159 136 30 28 3 132 2 178 136 59 148 164 87 108 26 138 11 106 168 143 27 81 12 175 175 166 149 171 45 38 83 32 165 131 94 46 106 164 80 79 52 27 37 172 158 96 101 82 44 134 106 179 132 160 108 4 60 155 126 157 18 149 35 14 150 87 6 100 105 20 110 176 90 9 111 98 110 99 110 59 112 58 174 65 120 134 39 29 18 76 129 128 152 17 68 76 166 122 151 69 44 151 22 42 152 62 91 40 156 138 170 71 150 177 4 107 25 90 110 70 9 149 58 103 137 3 104 58 54 158 113 55 20 2 82 135 146 58 100 172 70 75 68 96 33 169 167 93 104 129 5 10 146 170 139 180 164 80 2 67 50 12 71 1 179 142 38 92 27 167 68 30 33 58 26 17 86 9 5 157 166 55 126 27 90 65 45 35 77 52 170 78 4 67 157 119 111 159 57 168 23 114 168 32 50 160 115 7 134 76 35 166 149 74 122 164 68 55 71 56 52 53 152 126 127 108 160 156 128 40 34 144 133 68 169 1 118 59 81 26 26 116 33 111 86 148 24 69 109 143 175 52 48 102 95 143 173 167 168 69 97 77 37 119 44 149 65 89 162 23 61 71 74 7 55 108 153 24 79 63 103 13 129 167 7 9 1 68 102 124 57 77 132 123 102 16 161 65 45 4 56 32 41 79 79 172 153 57 66 89 128 156 79 173 27 122 67 144 69 114 155 160 71 65 119 21 95 131 103 121 178 171 163 43 165 83 129 149 54 168 100 146 108 38 60 17 79 17 36 21 125 111 107 158 95 39 40 58 95 172 158 51 80 45 77 163 80 14 82 41 85 74 2 11 175 166 179 110 167 127 60 89 164 25 173 161 71 141 120 116 37 111 41 53 141 7 100 33 143 137 8 176 33 172 161 172 95 146 3 87 103 172 7 87
159 6 92 105 179 173 76 2 149 90 42 78 9 59 69 156 62 159 119 144 17 135 57 70 94 93 89 25 75 69 180 54 100 150 152 139 126 169 66 121 116 59 45 3 114 169 79 157 68 141 151 26 73 112 2 19 23 77 52 107 85 24 155 52 125 88 128 130 54 39 36 20 50 123 164 32 75 71 104 110 58 108 12 11 17 4 179 134 43 132 155 157 40 50 97 4 142 160 10 106 159 47 14 149 145 158 131 85 60 149 162 163 140 6 121 112 171 175 26 120 21 130 59 22 82 96 144 169 168 94 81 127 130 167 154 122 56 113 155 127 20 3 101 179 177 139 129 27 168 61 25 22 129 175 119 173 83 112 117 89 14 172 44 95 167 68 87 102 78 137 152 65 135 89 76 118 67 127 49 92 34 176 8 84 74 125 117 10 176 15 22 15 46 9 92 150 165 104 149 139 25 158 63 152 149 7 97 175 59 152 96 37 144 73 168 62 86 178 63 100 177 102 45 36 132 139 65 131 126 120 7 80 175 83 159 53 76 119 43 103 164 3 96 145 154 6 25 109 164 159 79 122 139 94 158 81 91 75 177 56 170 27 118 37 143 3 60 106 4 66 118 21 104 165 134 166 180 22 73 40 137 81 17 39 63 5 2 144 75 82 119 98 144 114 60 161 155 173 146 81 75 146 154 63 148 116 28 120 180 38 79 154 88 64 162 164 162 81 105 39 123 96 149 120 131 135 174 61 50 98 51 96 134 114 119 153 55 51 177 14 65 163 10 78 60 77 162 161 45 121 96 62 30 170 147 109 173 132 104 65 65 116 140 157 158 109 151 164 151 95 169 67 25 10 96 140 159 139 98 121 118 19 26 42 52 22 106 11 133 148 159 126 14 55 120 58 168 43 179 28 70 168 83 48 165 20 62 28 111 155 82 159 159 133 4 48 65 16 102 105 164 53 84 132 10 90 177 177 74 14 84 179 164 121 12 84 19 51 91 29 154 139 95 34 57 145 10 26 179 49 110 85 10 137 159 132 64 138 115 142 36 41 178 80 111 84 174 1 54 33 112 178 1 45 97 176 62 59 55 10 113 78 62 118 82 81 64 31 36 16 94 35 25 33 13 90 91 83 73 80 121 72 175 175 125 86 168 15 168 135 38 126 57 38 93 107 120 46 138 138 3 156 124 71 180 129 124 61 132 31 46 16 39 95 98 169 153 90 58 163 177 138 22 110 122 26 119 134 101 115 135 124 67 26 87 61 43 85 10 127 98 109 102 11 108 125 103 43 1 85 43 153 144 79 50 37 140 45 31 157 54 109 89 116 146 9 68 128 143 104 135 41 49 33 77 53 69 96 67 47 121 82 86 71 180 7 68 116 103 152 24 51 108 81 168 117 143 53 98 33 157 79 149 50 75 70 60 20 82 116 27 22 154 180 107 77 33 15 100 52 54 150 139 111 39 83 126 104 126 67 175 146 38 116 40 140 23 154 35 58 150 75 15 126 44 71 91 112 92 141 2 50 85 53 125 69 49 30 32 66 89 106 44 64 121 32 132 156 36 172 33 133 158 123 87 37 166 42 123 49 130 28 67 128 21 57 3 144 81 30 178 136 19 86 120 154 165 116 40 112 12 85 112 107 14 36 3 175 69 111 21 65 143 178 105 55 137 111 178 48 123 28 39 116 166 131 130 102 75 88 179 20 46 123 38 25 84 136 146 60 22 27 57 109 154 123 61 107 180 2 5 64 161 111 96 88 51 68 160 94 40 15 35 177 22 123 54 96 23 26 140 135 117 107 80 12 59 69 72 159 15 27 69 39 33 131 159 58 117 102 31 104 10 130 128 11 133 145 12 62 22 166 34 14 175 83 109 51 135 174 18 2 172 142 97 2 45 69 159 138 94 17 34 53 140 118 166 121 37 78 10 157 156 113 104 126 27 132 13 31 171 47 38 100 19 63 119 112 25 67 58 61 134 23 10 151 118 129 72 127 123 57 48 149 110 50 12 99 91 118 151 11 55 165 52 140 50 69 26 110 110 162 113 89 12 121 137 129 126 161 98 165 1 13 18 110 15 119 127 43 59 16 149 138 32 40 39 155 108 51 64 83 139 59 171 125 7 30 25 112 66 55 63 130 164 9 62 58 180 67 159 171 177 37 62 121 177 101 23 9 73 33 9 111 47 155 25 149 29 127 134 19 179 38 16 90 34 106 57 154 13 139 132 95 26 50 23 4 45 40 7 28 101 162 117 154 12 145 140 64 52 118 128 94 92 164 147 135 116 158 180 69 70 33 153 154 159 174 80 6 102 24 149 162 64 151 33 162 75 165 18 87 10 26 45 167 41 143 121 180 142 95 75 147 83 42 136 108 149 78
11 36 88 109 97 146 104 86 154 79 96 169 94 35 110 129 179 163 126 179 142 71 148 2 132 156 141 91 82 78 115 60 93 90 57 44 41 19 86 42 137 107 18 177 21 177 13 155 106 129 131 93 5 109 78 114 80 95 117 133 11 14 14 1 70 178 61 85 80 121 42 153 39 78 65 105 142 85 165 113 99 53 84 153 27 71 7 109 85 105 47 137 148 33 112 178 40 8 145 59 13 77 27 61 39 52 75 180 1 39 159 133 72 14 164 97 121 106 126 117 25 5 61 150 111 108 144 154 152 155 6 175 48 63 167 163 123 38 136 97 141 119 127 25 177 75 33 92 140 22 131 13 128 131 7 20 17 74 3 136 161 7 125 100 134 128 122 56 84 60 102 87 100 88 64 87 26 1 161 123 151 120 80 50 42 25 163 28 11 128 86 174 30 150 101 134 21 86 12 9 29 1 110 53 177 126 144 101 58 168 70 39 179 129 95 155 162 15 55 116 174 103 32 178 5 136 96 90 141 164 87 35 134 177 144 145 29 71 98 164 32 92 66 160 96 96 52 129 144 12 63 119 63 47 30 90 171 85 105 70 33 18 18 38 158 103 36 48 167 180 75 70 70 17 21 166 137 114 10 163 77 13 38 83 53 180 173 58 136 29 49 42 23 15 142 26 167 91 24 5 177 46 70 115 147 88 2 44 119 161 178 55 41 132 112 99 101 113 55 97 82 115 177 41 85 97 143 73 170 64 120 131 125 64 89 109 120 118 59 172 41 114 27 28 35 77 37 8 41 20 154 137 177 46 153 3 176 63 24 24 139 69 112 39 142 43 1 111 87 2 91 87 93 18 69 127 29 176 132 13 70 29 178 142 33 31 39 24 166 41 82 20 138 131 156 103 19 134 6 113 122 84 133 32 90 154 7 160 87 53 57 156 164 36 62 170 21 116 112 126 156 173 61 68 148 73 17 68 55 36 130 27 125 13 85 77 164 165 3 46 87 17 176 174 177 71 178 79 41 25 24 29 1 132 15 1 177 70 150 16 59 105 26 170 98 89 9 148 29 32 153 134 38 40 52 117 24 115 61 98 167 69 67 82 110 11 82 68 121 174 123 48 146 15 18 98 141 109 96 175 166 62 95 85 8 100 112 158 27 117 34 143 132 116 7 35 180 115 87 90 58 118 103 92 167 165 18 85 85 97 30 68 108 1 65 3 63 3 146 9 120 69 119 124 168 160 13 52 166 144 70 10 152 103 137 29 176 110 101 107 31 118 130 124 120 21 122 54 54 166 19 88 81 111 75 80 99 43 50 173 23 84 86 107 86 131 10 109 32 88 89 2 119 56 158 128 29 167 90 77 78 131 96 73 55 165 146 106 78 20 136 31 50 83 134 26 21 114 139 8 62 108 93 12 151 128 178 45 73 109 127 97 160 87 161 61 60 47 79 94 35 169 9 3 2 28 61 9 89 12 136 118 112 180 57 129 21 55 61 175 137 83 112 36 128 18 39 65 47 93 70 149 59 25 52 31 48 65 74 107 20 37 8 153 62 38 109 146 9 180 170 134 36 42 84 113 129 174 39 145 152 111 10 31 46 7 16 27 161 37 60 90 143 107 43 126 40 62 79 119 93 164 139 129 141 150 14 79 120 83 170 117 49 121 38 44 142 46 143 67 155 150 83 179 24 2 149 67 111 33 155 18 178 65 77 34 110 72 82 118 126 61 141 137 77 94 46 26 117 5 12 112 97 14 157 160 63 132 43 55 104 40 52 143 132 21 14 151 43 134 66 4 17 40 31 59 113 28 88 17 52 20 87 9 52 82 176 156 39 150 86 4 130 106 56 151 171 86 71 30 31 101 11 20 161 113 139 146 52 146 105 12 44 52 15 7 108 19 15 10 12 143 99 139 67 126 86 84 62 27 136 106 96 20 30 127 91 177 47 129 42 121 111 70 83 157 5 57 156 48 71 40 41 83 14 54 169 150 170 54 113 145 158 26 60 102 68 149 22 73 160 175 6 45 31 179 150 50 166 20 63 32 82 78 117 12 162 81 151 117 109 95 121 133 6 130 60 71 77 68 165 85 59 167 18 90 5 174 28 141 104 179 125 34 78 75 53 118 122 145 60 138 147 67 62 41 172 124 26 97 170 45 96 105 150 127 157 179 9 145 20 119 72 138 37 46 82 57 64 37 150 103 63 171 34 55 57 151 75 178 133 38 112 26 8 129 46 11 143 107 137 24 167 44 52 98 163 23 27 102 54 110 17 16 144 38 169 28 84 37 165 62 138 172 93 106 51 106 150 163 103 51 163 129 69 55 166 147 83 137 93 140 61 174 73 17 9 69 169 17 89 86 25 172 75 105 2 108 119 61
85 86 24 2 53 84 166 52 164 88 125 164 121 37 131 39 146 126 75 49 24 128 180 149 73 172 77 10 62 128 178 121 78 65 67 53 169 154 69 58 2 91 75 169 77 16 10 174 78 157 117 9 141 1 67 44 111 121 153 132 170 123 176 75 17 153 90 80 6 163 13 157 135 117 118 86 29 70 118 162 45 87 56 76 29 27 125 4 53 124 26 79 134 123 122 149 121 55 114 158 24 40 99 78 28 123 179 111 130 162 161 75 96 25 172 24 86 6 72 109 147 157 18 126 168 176 45 18 79 6 48 152 69 133 34 172 165 140 61 5 50 141 83 175 107 158 57 141 94 174 12 128 87 87 110 133 75 137 147 104 143 149 166 36 95 177 56 29 120 116 23 115 14 103 44 107 151 170 64 130 33 103 123 135 35 53 136 175 162 113 149 163 96 178 86 152 72 93 72 24 84 174 142 141 126 19 65 57 80 25 12 68 61 19 25 48 152 171 19 61 97 165 10 121 45 54 115 153 138 102 169 11 64 16 122 152 82 42 127 104 108 104 90 136 59 88 120 42 166 21 172 23 94 125 98 67 109 152 51 65 84 116 28 140 120 78 87 56 109 100 142 93 37 159 164 134 83 50 143 29 71 8 165 92 58 159 13 109 5 113 36 156 103 22 126 84 142 157 142 179 136 75 102 93 77 161 88 81 110 50 121 27 23 71 3 9 32 99 72 149 143 162 54 46 166 175 140 98 162 65 25 48 60 85 86 1 7 21 131 26 65 56 38 154 15 45 164 38 173 8 133 94 55 148 171 94 58 61 10 134 67 167 144 105 68 10 45 178 24 89 144 111 153 163 171 22 166 128 63 160 29 45 143 154 134 8 90 123 95 22 148 130 15 77 9 12 175 14 75 24 119 134 147 138 48 18 86 32 51 33 134 105 102 163 164 45 94 170 17 148 18 104 41 39 151 109 22 82 156 31 8 45 40 119 75 102 119 65 156 177 80 176 118 109 52 80 57 91 150 163 25 84 84 146 3 41 87 107 75 175 110 131 140 37 12 131 45 107 90 114 73 73 117 170 80 106 74 76 3 2 149 177 69 95 58 102 10 83 121 145 11 42 92 169 178 119 118 104 63 178 152 109 171 4 90 116 104 124 5 146 24 66 139 140 128 33 119 155 101 163 48 60 135 132 105 28 165 131 95 68 50 62 101 68 144 153 8 27 75 78 45 82 2 56 163 66 157 95 32 83 143 168 172 63 62 102 5 13 11 171 52 155 38 25 120 92 97 47 121 172 112 52 66 37 152 74 146 19 18 164 66 33 38 93 1 12 87 180 141 180 164 145 107 26 61 9 153 144 133 169 36 119 103 29 138 82 102 178 79 42 167 141 18 71 65 104 99 123 68 64 22 4 11 180 159 85 77 42 178 26 138 71 57 68 62 153 150 140 83 10 65 152 56 37 101 106 7 78 174 21 179 110 91 79 61 121 68 116 152 73 104 74 76 23 177 96 50 122 98 168 42 111 150 153 120 20 135 110 6 167 132 42 118 142 72 153 168 175 90 140 174 69 171 150 151 131 88 50 138 159 111 123 118 115 49 33 167 123 5 77 46 105 82 32 151 68 44 24 78 43 97 165 124 52 129 18 99 137 8 104 59 156 131 92 53 85 95 148 107 124 68 176 33 108 100 55 80 109 94 45 37 94 21 40 144 145 137 133 63 146 99 47 36 71 36 143 158 130 15 168 6 163 157 119 174 138 77 34 73 56 125 143 29 164 116 27 175 27 70 70 131 17 114 53 149 40 158 112 20 91 121 148 46 112 25 136 171 137 118 57 36 115 163 53 38 40 119 179 25 24 58 33 27 171 74 108 85 156 161 95 95 109 158 72 177 158 12 2 37 112 123 156 178 115 110 179 23 97 8 137 55 74 120 127 152 131 175 35 123 89 139 34 117 24 60 77 16 149 41 20 128 57 102 108 125 146 171 91 5 88 99 74 64 141 175 63 75 94 171 140 146 111 153 164 131 32 94 19 57 108 38 146 148 37 111 175 76 176 171 36 151 31 115 10 83 61 165 47 133 41 47 15 41 53 57 31 33 87 50 9 17 94 161 115 163 125 135 75 57 95 20 167 134 130 138 57 128 30 159 131 124 82 13 85 42 55 71 26 22 173 131 14 112 52 62 161 140 123 128 4 105 154 51 67 37 118 123 75 66 136 108 80 127 50 40 106 103 72 49 34 150 38 173 15 26 121 144 113 124 176 142 34 92 62 128 152 141 176 78 163 127 126 55 179 61 162 99 93 178 49 130 139 115 128 45 31 2 122 61 98 92 72 149 92 36 37 41 41 7 42 75 63 130 123 97 15 116 173 28 121
86 32 152 154 39 177 89 1 178 84 51 127 116 166 128 87 90 161 161 53 57 81 21 108 152 151 102 43 77 170 137 134 59 53 159 39 113 102 47 37 36 67 33 163 95 57 98 5 40 40 31 90 112 105 167 164 71 5 133 14 158 167 21 170 114 155 58 11 133 34 179 119 167 103 164 135 155 156 45 46 11 83 155 48 85 112 108 100 145 20 120 26 106 62 58 128 176 41 142 91 155 170 135 39 164 59 110 46 180 32 103 30 85 13 60 15 107 19 3 115 103 129 27 19 162 171 148 48 147 174 13 110 156 2 5 180 177 170 103 34 174 125 40 37 151 97 68 80 95 175 122 37 149 175 136 146 125 125 73 164 23 19 44 158 89 135 10 134 41 54 115 8 44 158 68 33 103 144 118 90 155 99 85 118 114 168 130 110 96 73 91 11 82 147 150 35 18 6 103 62 108 18 40 169 80 17 145 92 97 46 25 109 86 28 68 48 18 54 163 25 152 153 44 141 117 62 171 163 17 8 130 172 57 34 107 95 109 103 11 43 149 162 23 18 118 173 122 51 146 84 103 155 100 169 37 120 142 19 53 121 20 148 24 109 128 88 33 99 178 155 12 133 172 75 57 141 58 84 54 52 15 117 115 53 174 30 87 14 52 6 160 177 67 8 15 2 49 175 159 47 133 27 38 27 92 156 144 78 19 79 146 66 175 176 22 144 24 119 61 48 58 20 126 141 39 87 4 34 103 155 143 147 144 150 1 127 130 92 64 8 33 129 130 147 134 58 126 78 166 33 179 78 116 95 97 169 114 139 164 116 25 54 99 68 64 1 74 41 120 175 16 130 32 23 62 94 89 103 173 120 162 29 174 41 52 66 73 62 64 107 62 142 177 33 97 150 47 7 87 174 148 73 178 145 87 44 149 156 147 104 103 133 32 1 78 123 100 102 85 5 3 96 113 79 113 112 167 67 59 33 58 49 115 173 145 92 101 168 89 94 162 93 11 134 72 1 7 70 58 89 142 162 111 111 47 152 178 8 113 6 79 111 6 180 145 110 69 37 44 4 145 44 63 78 38 112 22 30 40 119 126 59 123 141 116 82 77 91 139 55 43 100 61 171 69 53 51 168 16 84 99 170 166 24 153 179 48 130 100 161 179 153 163 18 6 115 168 115 142 123 141 149 130 157 141 51 33 45 92 130 12 146 21 42 94 62 92 144 125 143 147 107 39 55 146 117 109 107 166 56 85 170 71 5 97 146 36 8 119 4 24 140 45 129 150 74 142 171 144 155 175 5 122 170 18 171 155 77 114 158 162 24 28 47 161 164 23 87 110 13 81 29 13 87 163 30 31 63 177 91 87 50 23 105 125 180 93 47 143 179 158 78 81 112 124 45 143 134 102 118 31 53 11 37 79 161 20 115 59 55 128 26 2 42 37 70 27 127 156 170 35 116 11 108 57 63 80 124 89 173 169 113 28 66 147 83 39 155 54 40 67 104 106 159 60 153 121 23 48 81 46 32 54 108 76 136 170 172 90 70 73 88 151 148 155 172 128 31 136 59 177 50 4 41 151 41 152 69 18 40 51 139 179 98 102 54 114 179 79 62 66 25 86 47 172 151 9 110 121 151 123 55 77 159 138 103 169 85 163 46 76 140 81 94 35 106 177 64 95 53 160 107 102 32 70 96 120 128 17 49 16 148 75 98 130 150 32 66 91 56 29 85 63 180 104 140 89 148 7 2 32 12 150 41 138 139 165 44 134 79 104 67 69 40 96 23 176 89 140 91 27 20 135 146 72 163 112 56 2 21 23 120 159 75 15 64 66 71 146 61 53 101 4 163 149 179 96 83 127 67 42 153 13 113 125 142 9 76 97 135 24 64 88 87 125 8 125 38 65 35 116 86 116 56 13 112 154 67 107 31 112 112 34 144 176 172 158 83 9 50 137 117 27 97 109 163 39 29 158 123 85 27 175 121 83 136 115 33 93 23 171 165 45 14 151 32 64 44 60 42 37 179 144 28 33 70 125 9 113 86 140 49 11 121 128 73 166 20 95 15 64 176 149 141 90 168 22 173 157 57 24 173 154 48 154 134 102 14 108 46 56 38 124 165 73 68 9 26 171 67 159 61 152 29 107 37 72 115 43 74 162 180 16 161 86 50 153 107 158 104 143 164 173 176 167 72 94 162 97 150 174 143 3 84 122 39 147 88 18 85 65 2 144 102 166 46 14 175 4 153 37 111 10 168 64 74 167 172 138 137 99 91 31 136 82 18 143 47 45 88 130 47 166 174 155 135 125 151 31 39 97 60 4 114 76 173 111 11 143 149 40 35 174 15 173 68 30 171 41 115 114 158 165 72 104 69 56 52 68 64
137 178 61 175 53 174 110 18 21 67 127 17 154 141 9 100 162 107 85 64 74 25 153 85 47 120 150 127 170 163 95 140 135 66 142 159 161 41 159 29 56 53 97 50 110 67 133 9 19 91 108 54 24 127 16 110 176 110 160 163 79 10 32 90 16 110 1 123 112 8 146 3 156 114 154 17 12 88 165 178 10 152 84 118 161 84 73 101 51 49 32 97 6 140 82 132 148 28 160 29 51 9 87 102 94 128 121 164 2 127 27 32 154 46 42 150 22 77 111 173 68 125 31 110 39 66 137 63 24 5 108 14 145 91 150 90 157 148 55 39 147 7 101 135 157 39 98 128 151 179 27 35 112 80 138 160 180 96 126 68 75 179 7 34 76 135 175 149 103 113 71 150 67 152 171 42 68 171 62 34 76 53 13 81 162 125 173 5 106 39 30 64 19 80 36 43 81 98 19 129 51 57 61 51 109 40 78 95 170 112 94 22 166 111 31 120 92 179 65 166 142 66 113 177 159 133 149 53 50 118 46 49 150 56 31 165 162 143 23 42 41 60 54 174 151 39 138 16 145 88 11 117 137 77 13 106 124 62 58 110 116 40 137 31 44 61 52 69 27 85 168 61 59 94 15 74 110 171 143 150 154 151 101 87 90 19 179 155 124 44 107 83 132 103 66 103 93 30 52 22 111 141 43 179 122 60 107 30 65 85 170 83 166 70 30 125 107 4 139 133 123 56 113 87 146 86 134 95 4 35 134 139 170 14 104 26 52 30 43 122 74 68 7 20 143 21 9 94 94 124 165 33 46 25 133 18 113 21 138 136 171 135 48 22 180 170 119 9 70 50 159 104 171 66 66 128 38 117 18 22 47 3 91 165 178 97 128 103 22 144 99 58 18 46 119 10 169 101 164 57 112 158 155 166 113 106 93 49 155 33 97 151 49 40 25 77 143 7 16 67 87 73 9 122 66 128 77 49 106 148 10 87 7 57 176 96 48 119 106 74 134 111 132 87 114 34 46 106 167 75 141 25 114 3 137 104 122 42 80 73 72 135 50 98 97 164 140 136 179 130 172 140 170 175 2 148 53 105 138 70 11 64 82 146 99 39 18 135 5 46 111 122 131 166 142 43 73 133 57 1 119 58 128 173 135 53 150 163 179 169 42 160 33 61 60 76 29 107 158 58 67 101 46 70 57 19 49 132 58 43 20 105 124 167 25 5 180 175 170 39 33 3 128 53 114 44 49 11 10 94 114 41 98 20 58 102 109 137 105 46 120 125 2 110 170 17 157 148 148 84 171 68 76 159 104 80 99 18 162 154 74 161 153 177 171 41 88 161 142 79 19 11 63 67 112 56 166 117 92 22 172 63 162 120 118 97 69 19 116 27 48 105 140 89 148 58 121 97 12 107 119 82 108 74 92 173 35 68 76 16 7 65 43 180 46 63 41 96 165 17 54 129 75 22 67 45 29 52 3 119 86 148 25 68 142 4 106 43 132 123 158 164 2 2 52 14 79 48 77 117 39 85 65 115 175 57 28 139 46 18 99 131 14 54 138 86 36 144 87 167 77 158 69 124 120 49 99 79 89 62 129 12 120 16 134 11 127 32 136 52 27 135 43 135 11 26 78 96 76 50 36 111 39 137 138 159 140 46 157 4 127 138 2 4 13 133 93 109 8 117 163 175 29 137 109 4 23 153 71 45 161 45 127 34 62 96 11 23 70 143 99 3 28 44 117 114 167 60 132 117 95 8 169 120 62 71 158 40 161 92 118 82 35 44 10 139 130 92 129 56 124 46 174 80 94 33 75 60 84 13 56 16 159 6 58 114 58 31 45 2 6 175 179 54 13 149 39 84 91 128 62 66 2 87 56 7 139 20 103 157 79 49 50 23 118 42 77 141 144 102 6 53 115 11 142 128 132 15 158 167 55 68 25 10 138 45 150 1 10 96 145 108 125 47 178 59 76 73 115 100 58 97 126 57 55 114 12 54 126 93 115 74 108 138 71 76 115 78 79 168 131 4 113 116 39 72 21 164 137 111 75 18 174 27 91 110 15 5 133 180 176 10 135 114 23 136 145 135 161 34 45 120 83 142 14 113 70 98 173 53 106 170 173 73 166 129 129 54 9 98 160 83 52 179 130 99 161 66 126 55 154 23 88 118 155 117 87 21 93 55 141 10 167 162 51 164 157 47 110 54 136 162 4 114 89 127 175 12 52 180 173 42 70 179 104 50 176 180 31 20 66 99 15 114 173 22 172 136 21 175 11 39 138 67 101 59 58 176 29 66 160 18 157 148 44 100 28 56 153 19 158 94 42 86 162 15 10 85 44 19 139 24 120 43 147 112 8 168 138 159 14 136 103 111 178 128 43 78 47 151
0.3
0.4
0.3
0.2
0.3
0.2
0.4
0.3
0.4
0.3
0.3
0.3
0.3
0.3
0.2
0.2
0.3
0.4
0.2
0.3
0.4
0.2
0.3
0.4
0.2
0.3
0.4
0.2
0.4
0.3
0.3
0.3
0.3
0.3
0.4
0.3
0.3
0.3
0.3
0.3
0.3
0.2
0.2
0.4
0.4
0.2
0.4
0.4
0.3
0.4
0.4
0.3
0.2
0.3
0.3
0.3
0.2
0.4
0.3
0.4
0.2
0.4
0.3
0.4
0.2
0.4
0.4
0.3
0.2
0.3
0.4
0.3
0.3
0.4
0.4
0.3
0.3
0.4
0.3
0.3
0.3
0.2
0.2
0.4
0.2
0.2
0.4
0.2
0.2
0.3
0.4
0.3
0.2
0.3
0.3
0.3
0.3
0.2
0.3
0.4
0.2
0.4
0.3
0.3
0.3
