90 12
15
29994
27350
28331
27782
27094
25905
26399
26538
27253
28158
28210
26305
28581
28138
28032
4.6 44.5 82.7 2.5
3.6 28 72.7 2.1
3.2 47.4 82.7 1.6
3.4 37.1 25.1 1.6
4.3 35.9 38 1.9
2.5 36.7 26.2 1.6
3.6 45.3 37.8 2.4
1.5 13.8 58.5 2.4
4.4 13.8 85 1.8
2.2 11.5 63.7 1.6
2.4 33.2 55.7 2.4
1.1 42.5 31.7 2.2
4.1 21.4 84.9 2
3.8 17 6.5 2.5
3.3 44.1 73.9 2.4
3.6 31.8 44.2 2.4
1 44.9 62.2 2
2.7 23.4 89.5 1.9
2.1 31.1 56.2 1.5
4.2 35 81.8 2.4
3 17.8 6.6 1.5
2.4 32.4 78.4 1.7
3.7 14.4 40.1 1.8
3.5 25.1 64.4 2.2
3 46 48.4 2.1
3.7 17.3 61.2 1.6
1.6 16.5 20.9 2.1
2.6 48.4 67.5 2.4
4 17.7 74.8 2.4
1.6 36.9 82.9 1.5
2.7 17.4 15 1.8
2.5 47.5 52.2 2.2
2.1 47.2 70.8 2.1
3.1 43.8 21.9 2.1
3.7 20.5 77.5 2.2
2.6 35.6 32.5 1.7
1.8 20 80.2 2.2
4.1 50 32.6 2.4
4.4 22.2 59.7 1.9
4.3 11.3 12.3 2.4
4.9 35.8 62 2.2
4.8 17.9 94.4 2.1
3.2 40.2 20.3 1.6
2.1 14.3 61.9 2.4
2.4 33.7 47.7 2.1
1.1 27.9 74 2.2
3.1 27.8 82.5 2.2
3.9 45.2 55.6 2.4
2 35.7 80.4 1.7
4.7 18.2 20.8 1.5
4.9 47.3 51.3 1.8
2.6 26.6 7.3 1.8
4.7 27.1 34.7 2.3
3.2 19.3 57.1 1.8
1.4 31.2 38.5 1.9
4.7 18.2 78.6 2.4
3.7 45.4 94.4 2.1
3.4 41.5 31.6 2
3.3 16.1 58.5 1.8
4.1 23.2 80.4 1.8
4.7 32 62.8 2
3.8 34.6 7.5 2.1
3.6 46.6 6.2 2.1
2.3 45.5 88.1 2.2
3.1 30.3 10.1 1.5
2.7 11.9 56.2 1.5
3.6 45.6 20.7 2
1.8 27.7 56.1 2
3.7 24.9 71.3 1.7
2.7 20.2 75.2 2.3
3.9 20.3 63.9 2
3.9 40.9 77.9 2
3.8 48.6 66.3 1.9
3.2 33.9 94.2 2.3
4.4 11.9 37.5 1.9
4.4 44.2 52.2 1.7
2.7 46.2 17.4 2.2
2 36 31 2.1
4.9 43.9 24.9 1.7
1.8 21.6 10.7 1.8
1.6 13.8 66.1 2.2
2.5 31.8 11.8 2.3
4.9 31.5 90.9 2.1
3.5 24.3 20.1 2.1
4.6 25.5 12.8 2.4
3.4 25.8 38.1 1.6
2.4 13.9 63.6 2.3
1.8 40.7 41.7 1.5
3.1 43.8 75.9 2.3
1.8 17.9 91.4 1.5
1 18.6 33.1 2.1
1.8 16.6 86.7 1.5
4.9 41.9 56.4 2.1
4.8 25.1 24.1 1.7
4.7 33.8 51.4 2.2
1.6 48 37.5 1.8
1.3 13.1 9 2.3
4.9 47.3 69.4 2.3
3 18.6 32.3 2.1
1 35.8 41.3 1.6
3.3 24.2 82.6 2.2
2.2 16.4 14.6 1.9
2.3 37.4 71.1 1.6
1 48.4 61.5 2.2
1.1 46.1 49.6 2
1.6 48.6 59.4 1.8
4.8 32.7 73.8 2.1
4 17.2 7.3 2.5
4.8 45.7 94.4 1.8
2 30.4 89.7 2.1
4.6 29.5 68.5 2.4
3.8 40.4 65 2
4.9 47.1 74.7 2.3
4.1 20.3 62.2 1.9
2.6 37.9 5.8 1.7
1.6 19.4 69.6 2.2
2.7 44.7 35.9 1.8
1.8 33 55.4 1.7
2.1 46.3 76.5 2.1
2 25 94.1 1.7
4.9 48.4 76.4 1.7
3.9 34.9 62.8 1.7
4.8 42.2 44.5 2
1.3 27.2 51.9 2.3
1.3 36.4 71 1.6
3.6 15.3 38.8 2.3
2.7 18.1 58.2 1.9
4.2 39.9 40.2 2.1
4.9 44.9 43.6 1.6
4 47.6 77.2 1.9
5 39 60.9 2.1
3.2 19.8 59.6 2.3
4.5 26.8 43.2 1.6
3.6 35 45.8 2.2
4.4 16.8 89.6 1.5
1.8 21.5 14.7 2.1
3.9 24 9.6 2
2.6 21.6 57.6 1.7
1.8 14.3 36.1 2.2
3.9 20 69.3 1.5
2.5 29.3 61.2 2.2
3.4 46.6 8 1.8
2.7 17.9 45.4 1.7
4.1 49.7 69.3 2
4 28.7 26.4 2.5
3.1 30.7 7.2 1.9
2.5 34.4 91.1 2.1
3.9 49.8 86.6 1.7
2 16.9 85.2 1.8
1.4 27.3 51.3 1.8
1.3 20.9 41.7 1.8
2.3 47.3 29.8 1.6
4.1 41.1 70.3 2.1
2.9 33.4 91 2.1
4.5 36.3 32.6 2.2
3.8 15.6 58.6 2.5
4.9 46.9 49.3 2
4.4 11.5 31.1 2.4
4.9 49.8 71.6 2
2.5 37 78.5 1.8
3.3 34.4 89.4 2.5
2 41.5 15 2.3
4 33.3 26.4 2
3.9 40 6.1 2
2.4 20.2 26 2.3
4.8 25.4 11.2 1.8
2.2 13.7 81.1 1.7
4.8 20.1 89.8 2.5
3.4 28.6 80.2 2.2
2.7 39.8 48 1.7
1.4 29 66.6 1.6
3 20.9 13.3 1.9
1.4 34.5 56.1 2
1.9 17.8 53.1 1.5
3.8 19.9 15.4 2.4
1.8 33.1 83.9 2.2
1.7 44.3 34.8 1.9
1.8 42.9 53.5 2.2
3.6 25.5 47.4 1.5
3.2 35.3 83.1 1.8
1.3 26.5 20.5 1.7
1.1 28.3 36.8 2.3
3.3 44.2 29.9 1.6
2.1 38.2 64.2 1.6
2.4 45.1 37.5 2.2
1.6 47.4 19.4 2.1
2.8 11.7 38.7 1.7
4.3 47.2 54 1.6
2.7 37.3 74 2.1
1.9 37.1 26 2.1
3.5 21.7 12.5 1.6
3.2 12.2 86.9 1.8
1.5 49.5 30.3 2.3
4 16.3 70.1 1.9
1.9 15.5 25.8 1.9
2.6 30.9 11.8 2.2
3.2 19.9 22.9 1.6
1.3 14.8 84.3 2.4
4.2 38.8 10.5 2.4
1.8 13.7 38.8 2.3
1.1 31.2 87.6 2
2.2 49 94 2.3
4.6 42.2 5.6 2.2
3.5 39.1 50.8 1.8
1.2 47.7 56.3 2.2
3 24.6 51.9 2
4.4 24.9 13.2 1.6
3.4 27.5 50.6 1.9
2.8 48 70.9 2.1
3.3 24.4 82.8 2.4
2.4 11.8 87.7 2.2
3.7 44.8 35.1 2.2
4.4 10.8 65.5 2
2.5 17 87.4 1.7
5 25.3 37.6 2.3
3.6 49.3 37.8 1.8
4.8 18.3 63.5 1.9
1.3 20.6 24.1 1.7
2.3 34.7 89.7 1.7
3.8 40.6 76.5 2
5 31.9 13.6 1.7
1.9 21.5 51.8 1.5
3.4 36.9 91.5 1.6
1.2 11.9 10.8 1.8
5 41.3 18.1 2
4.4 48.8 51 2.2
2.7 37.6 54.9 1.9
4.2 39.3 81.8 1.9
3.7 17 47.9 1.9
4.8 19.7 67.1 2.3
4.6 18.9 54.9 2.1
3.4 33.4 91.4 2.3
1.1 43.2 60.4 1.9
4.6 12.4 52.2 1.8
4.2 28.8 16.2 1.9
3.6 31.9 91.5 2.3
3.8 13.3 67.3 1.9
2.3 42 37.1 2.1
1.3 27 75.7 1.6
3.8 36.8 45.3 1.5
3 18.2 81.7 1.9
4.8 36.1 93.6 2.2
1.7 41.1 81.6 2.1
3.4 48.4 36.6 2.4
4 44.7 53.5 1.8
3.7 38.1 49.8 2.3
1.3 48.3 23.2 1.7
4.3 41.7 23.2 2.3
4.9 49.9 38.9 1.9
1.9 46.3 23.7 2.3
3.7 14.6 47.8 1.9
4.9 47.4 88.7 2
1.7 42.3 29.7 1.9
3.7 46.8 46.9 2.3
2.5 48.5 64.5 2.3
1.6 49.6 89.1 1.7
1.6 49.9 72.4 2.3
3.7 12.8 35.8 2
2.4 17.4 31.5 2.1
4.9 35.3 42.7 2.2
1.1 42.2 35.6 1.9
1.3 41.4 8.2 2.4
3.3 27.6 66.7 2
3.3 18.5 69.5 1.9
4.6 27.1 75.6 1.6
2.3 15.9 12.6 1.6
4.5 39.7 75.5 2.3
2.7 14.7 31.8 1.6
4.8 36.6 61.6 2.3
4.1 33.8 21.1 1.7
3.2 44.8 44.7 1.6
3.7 36.9 91.2 2.3
4.1 33.5 51.6 1.6
3 18.4 16.8 1.6
3.6 26 71.4 2.2
4.3 46.8 76.5 1.5
4 44.4 27.7 1.6
3.9 13.7 19.8 2
2.8 19.2 31.2 2.5
2 17.3 28.4 1.6
3.3 49.2 70 2
4.9 28.2 93.8 2.1
1.1 14 58.3 1.5
3.7 22.6 92.8 1.7
3.6 43.7 87.9 2.4
3.6 42 30.9 2.1
3.3 47.2 21 1.9
2.1 24.3 64.2 2.4
2.4 38.3 83.7 2.4
3 13 24 2.4
2.5 19.6 83 2.2
3 46.7 86.8 1.9
4 19.2 61.5 1.9
1.7 24 15 2.2
2.6 32.8 84 1.6
4.9 39.2 10.8 2.4
4.5 16.4 22.3 2.4
2.5 19.9 83.1 2.3
3.7 38.6 49.4 2
2.2 42.9 36.6 2.3
1.7 11.4 78.3 2.3
2.6 36.2 45.9 1.5
4 36.1 83.2 1.6
2.8 38.4 90.6 1.6
1.1 42.2 33.5 1.9
3.2 22.2 29.7 2.2
1.7 40.9 12.3 2.4
1.6 19.1 44.8 2.1
1 25.2 89 1.7
1.8 48.9 42.9 2.3
4.8 38.2 71.8 2.4
1.7 24.3 12.2 2.2
3.1 12.9 82.7 2
1.9 48.9 18.1 1.9
1.5 29.4 50.7 2
2.1 29.1 48.5 1.5
4.4 40.6 44.8 1.8
3.9 37.5 67.3 1.9
3 24.1 23.9 2.2
2.2 18.2 65 2.3
4.4 26.9 10.9 1.5
4.3 32.8 49.5 1.7
2.3 16.8 48.6 1.7
4.3 48.6 8.2 2.4
5 43.2 49.4 1.5
1.8 21.2 44.5 2.3
1.7 16.1 67.6 2.1
1.1 45.5 52.5 1.7
1.2 17 14.1 2.2
2.2 16.7 5.2 1.8
4.9 37.8 36.6 2.3
2.7 28 61.4 1.6
4.4 17.8 41.8 2.1
3.2 15.6 60.8 2.3
3.9 46.5 40.1 1.6
2.4 24.6 9.4 2.3
1.6 41.2 59.3 2.4
4.7 38.2 25.5 1.5
3.9 28.9 11.4 1.8
2.4 26 13.7 1.7
1.5 24.7 91.6 1.9
4.1 20.6 49.5 1.7
5 37.8 63.1 2
1.6 47.8 50 1.6
2.6 25.4 39.5 1.6
3.9 38.4 48 1.6
3.3 13.4 35 1.5
3.9 20.3 91.5 2.1
1.3 40.2 61.8 1.9
2.7 11 28.5 2.4
2.7 42.7 71.2 1.9
4.6 35.7 24.7 1.5
3.6 27.6 50 2.1
3.7 32.9 36.5 2
1 48.2 84.5 1.9
5 13.5 81.7 1.8
3 40.7 75.2 1.7
3.9 36.2 25.6 1.7
2.6 19.4 40.3 2.1
3.6 42.6 66.2 1.6
2.1 13.3 66.1 1.7
2.5 20.6 60 2
3.6 21.9 30.9 2
3.1 47 94.2 2
2.2 16.4 78.6 2.3
5 25.5 93.5 1.7
2.2 13.4 44.5 2
1.3 29.6 61.1 2.1
3.1 28.8 16.8 2.2
3.4 30.2 75.7 2.2
3.9 16.7 14.7 2.2
2.4 43.3 8.6 1.6
1.2 48.7 26.4 2
1.4 34.4 23.2 1.8
4.9 49.4 33.4 1.6
1.7 45.7 26.3 1.9
2.6 42.7 31.9 1.6
3 45.3 16.2 2.4
4.9 19.2 18.9 2.2
2.2 35.1 42.3 2.2
1.6 31.1 63.5 1.8
4.2 38.1 42.2 2.2
4.3 15.8 58.3 2
3 21.7 91.3 2.4
2.3 13.4 46.3 1.8
1.3 17.5 25.5 1.6
3.7 29.9 51.9 2.4
2.7 49.7 81.7 2.4
2.4 42.5 32.9 1.9
4.7 18.6 38.6 1.6
2.2 40.4 78.1 2.4
1.9 45.2 59.3 1.7
1.9 17.9 40.5 2.1
2 46.5 24.1 1.7
1 46.2 58.6 1.8
1.7 11.3 91.1 2.2
3.8 40.4 22.9 1.7
1.4 15.8 64.3 1.5
4.3 49.7 16.8 1.7
2.6 31.7 61.1 1.6
2.7 22.3 39 2.1
1.7 48 14.1 1.8
4.5 34.7 93.5 2
2.1 45.4 41.2 1.5
2.3 12.3 22.9 1.5
3.7 32.5 35.6 2.3
4.3 18 64.7 2.3
3.3 30.8 48.5 2.4
3.1 40.9 31.3 2.4
2.4 46.2 79.7 2.5
1.8 19.9 15.7 2.4
4.2 46.6 46.9 2
1.9 38.8 73.9 2
4.3 29.6 87.2 2.5
2.4 31.8 67.5 2.1
2.7 12.7 30.2 2
4.2 32.9 30.4 2.1
4.7 45.3 68.6 1.9
2.3 43 56.8 2.4
4.8 20.4 60.7 1.6
4.3 35.4 39.2 1.5
2.4 36.9 52.8 1.8
3.1 44.1 67.1 2.3
4.3 36.7 77.6 1.6
4.8 12.7 40.2 2.4
4.9 24.8 7.7 1.8
2.5 43.3 24.5 1.9
1.3 33.7 16.2 2
3.4 48.7 7.2 2.1
2.4 38 89.6 1.6
1.6 34.8 55 2.2
1 18.8 51 2.1
4.1 44.4 63.7 2.1
1.9 49.6 48.5 2.3
2.4 48.6 24.2 1.6
1.7 13.5 40.1 1.9
4.7 13.2 7.4 1.6
3.6 46.8 32.5 2.2
4.4 44.8 9.8 1.7
3.6 36.3 53.9 2.1
1.4 42.9 92.8 2.5
1.1 38.1 61.8 2.3
4.7 49 94.6 1.5
3.7 16.7 67.4 2.1
2.1 42.3 49.5 1.7
4.5 10.5 59.9 2.1
2.3 18.1 8.3 2.4
4.8 23.8 43.1 2.4
1.4 29 78.1 2.3
3.6 44 15.3 2.4
3.3 43 45.3 2.4
4 32.3 92.7 1.6
3.6 49.7 35 1.6
2.7 16.2 16.9 1.9
2 17.4 80.7 1.8
2.7 15.2 67.7 2.2
2.3 24.1 8.8 2.1
3.4 48.4 34 1.7
1.3 33.8 9.3 1.8
4 28.8 65 2.1
3.1 25.7 40.4 1.8
2.1 31.9 30.5 2.1
1 27.4 66.5 2.3
1 31.8 41.4 2.3
2 29.9 5.3 2.4
1.4 19.1 91.3 1.9
3.4 26.9 88.9 2
3.1 37.2 44.9 1.7
3.8 41.3 47.5 2.1
4 18.2 44.1 1.6
1.4 19.6 40.8 1.6
3.3 39.5 49.3 2.3
4.3 47.6 58.1 2
2.7 44.7 48.7 2.2
4.7 38.8 24.9 2.1
4.3 34.3 70.6 1.7
3.4 12.4 17.5 2.1
2.5 40.3 11.8 2.4
2.3 17.6 13.4 2.1
1.3 46.2 13.2 2.5
3.9 16.7 81.5 1.9
2.9 48.9 13.7 2.4
1.6 16.5 87.4 1.9
3.4 23.5 73.2 2.5
1.4 32.9 55.4 1.6
1.9 40 74.3 2.1
1.5 31.8 94.3 2.3
1.2 49.4 52.1 2
4.1 16.3 48.4 2.3
1.6 43.9 59.5 1.8
3.8 24.2 16.6 2.1
3.3 36.2 52.5 2.5
4.5 17.9 59.6 1.9
2 46.4 35.8 1.8
2.9 44.1 73.3 1.8
4.9 26.4 73.8 1.7
4.8 13.8 48 1.5
2.2 33.1 31.2 1.7
3.3 32.7 70.7 1.5
2 34.9 80.3 2.2
1.5 34.5 73.2 2.2
1.5 32.4 31.4 1.5
2.9 21.9 60.2 2.1
2.6 36.7 18.1 2.1
1.7 46.8 93.8 2.3
4.2 12.4 71.5 1.7
3.7 38.5 50.5 1.9
3 38.4 69.6 2.3
4.3 28.3 92.4 1.7
4 38.4 8 2.1
4.6 49.8 63 2
3.1 24.4 47 1.6
3.9 22.7 92 2.2
4.9 24.6 27 2.3
1.9 21.9 79 1.9
4 14.5 63.3 1.6
1.2 42.1 6 2.3
2.2 18.8 50.2 1.5
3.6 14.3 63.8 2.2
3.4 26.6 11.5 2.2
2.8 41.3 43.5 2
3.8 34.5 88.1 1.5
1.6 32.3 27.2 1.8
4.6 40.3 31.7 2.3
3.4 41.5 33.3 1.9
4.1 21.4 50.1 1.8
3.5 14.7 57.6 1.6
1.8 26 45.2 1.6
2.7 24.3 65.9 2.1
4.9 26.8 74 1.7
3.4 40.7 82.7 1.7
3.2 26.5 54.5 2
2.9 26.2 51.6 1.7
3.8 24.9 92.7 2.5
4.9 41.8 23.3 2.2
1.2 26.9 59 1.6
1.5 44.4 58.1 1.6
1.3 44.5 57 1.8
2.6 40.4 92.2 2.4
1.4 22 16.6 1.5
2.3 47.3 39.1 1.7
4.3 46.1 28.7 1.7
1.1 28.8 55 1.5
3 33.7 70.7 2
3.1 21.7 16.4 1.9
3.5 30 85.8 2
2.6 13.1 53.1 2.4
4.5 14.9 59.9 2.2
1.9 16.3 19 2.1
1.2 26.6 28.5 2.2
2.6 14.2 48 2.1
2.2 25.3 68.9 2.5
3.9 25.9 38.2 2.4
2.1 30.5 74.8 1.8
2.1 30.7 85.9 1.8
5 38.9 31.2 2.3
1.4 13.7 71.6 1.6
2.8 33.9 65.8 1.5
4.5 11.5 71.7 2
1.7 19.1 37 1.7
1 13.5 88.6 2.4
4.3 18.5 18 2.1
1.3 27 87.6 1.7
2 35.7 59.7 1.9
4 11.9 39.9 1.9
4.4 49 51.9 1.7
3.5 33.5 24.4 1.9
1.4 48.7 20.6 1.8
1.9 24 88.5 1.7
2.4 26.1 44.1 1.7
1.1 45.9 39.1 1.9
2.9 46.9 12.1 1.9
3.5 38.7 50.1 1.9
1.7 41.5 91.9 2.2
4 13.8 67.5 1.9
1.3 43 71.1 1.8
4.1 10.4 28.2 2.2
4.1 27.2 22.1 2
2.9 17.4 35.2 2.4
2.3 16.5 42.9 1.6
1.9 17.5 7.5 2.5
2.8 34.3 95 1.8
3.8 29.9 55.8 2.3
4.6 11.7 30.6 2
4 49.7 11.4 2
4.5 20.9 75.2 2.3
1.4 43.3 93.4 1.7
2.1 11.8 10.1 1.5
1.2 29.9 49.8 1.6
4.7 34.7 41 1.6
1.5 43.2 39.3 1.7
4.4 43.2 22.8 2.1
4.7 11.1 84.9 2
1.8 24.3 6 2.4
4.2 32.7 86.6 2.3
2.1 46.9 24.7 1.6
1.9 20.9 54.1 1.8
3.9 37.1 71 1.9
3.8 13.5 21 1.7
2.2 17.3 48.1 2.4
3.8 33.3 49.4 2.2
2.6 20.6 16.4 2.1
4 34.8 87.6 1.7
2.6 41.7 23.9 2.3
4.9 29.5 40.1 2.2
4.3 23.4 76.1 1.8
1.2 17 44.5 2.4
1.6 10.8 46.9 2
1.9 21 6.3 2.5
1.5 19.1 82.7 1.7
4.1 14.4 92.9 1.8
2.2 19 80.4 1.8
2 44.2 81.2 2.3
3.5 37.4 92.8 2
2.5 34.3 33.6 1.5
1.2 28.1 54.7 1.8
2.1 19.5 81.1 1.5
2.3 43.6 54.5 1.9
1.3 18.6 5.2 1.5
1.7 48.7 5.3 2.2
2.1 18.9 52.4 1.8
2.6 36.9 36.9 1.8
3.9 42.4 31 2.1
2.4 43.9 70.2 2.3
1.7 26.7 38.2 2.4
2.5 34.7 68.3 1.7
4.9 25.5 69.7 1.9
4.5 44.1 45.2 1.7
4 11.4 92.4 1.8
1.9 16.3 24.5 2.2
3.7 29.7 46.8 1.7
3.7 43.5 15.4 2.4
4.5 38.1 18.4 2.1
3.2 18.4 31.2 1.8
1.1 40.4 50.7 2.4
1.6 19 46.4 1.8
2.7 36.7 28 2.3
3.4 11.4 19.5 1.5
2.2 24.9 84.3 2.2
3.8 47.5 33.8 2.1
1.1 46.8 36.4 2
4 11.2 94.8 1.7
2.7 12.3 7.2 2.3
3.2 15.9 44.2 1.6
4.5 32.3 53.8 1.6
4 24.7 87.4 1.8
3.4 42.3 63 2
2 41 31.5 2.1
2.6 45.9 79.6 2.3
3.9 19.3 45.2 1.9
4.9 40.1 89.4 2.1
4.4 19.1 29.7 1.9
2.3 28.1 87.1 2
1.1 23.2 61.3 2.4
3.2 36.3 47.5 1.6
4.8 36.4 21.4 1.8
4.6 10.7 48.6 2
3.7 39.9 90 2.1
2.9 12.6 45.9 2.2
2.1 18 73.8 2.2
4.2 16.8 58.9 1.7
2.2 20.4 40.5 1.8
1.6 30.8 79.9 1.8
1.2 47.1 12.2 2.4
2.8 41.6 21.8 2.2
2.2 41.9 23.1 1.8
4.1 17.7 48.1 2.2
3.9 43.3 80.7 1.5
4.4 45.2 29.2 1.5
1.8 10.5 65.4 1.6
2.6 21.8 74.1 2.3
3.2 48.3 62.4 2.1
1.5 25.1 16.4 1.9
3.4 36.9 30.8 2.1
1.8 48.4 26.6 1.9
3.2 14.1 76.1 1.9
1.7 24.4 70.9 1.6
3 16.5 23.4 1.7
2.6 18 20.8 2.3
1.9 30 41.1 2.4
3.6 40 88.9 1.9
3.4 23.2 13.2 1.9
2.7 19.1 74.4 1.6
4.3 49.4 44.7 1.6
2.2 22.4 55.2 2.2
3 21.7 32.4 1.7
4 33.4 73.9 1.8
4.9 26.1 74.4 1.8
2.4 31.9 10.3 1.6
3.5 36.3 15.8 1.9
4.6 23.8 45.9 2.3
4.8 15.5 35.4 2.5
1.6 33.5 26.6 2.2
2.5 10.2 82.1 2.2
3.6 35.6 38.4 2.4
3.1 43.1 78.9 2.3
3 42 85.6 2.3
1.3 46.2 82 1.5
2 16.3 63.9 2.5
2.6 10.8 27.7 1.8
2.6 38 93.2 1.5
3.5 27.3 91.7 2
2.2 22.9 9.1 2.1
1.3 34.4 90.2 1.9
3 41.8 78 1.9
4.3 16 23.8 2.3
2.8 48.5 8.2 2.3
4.7 24.3 31.4 1.7
2.6 46.5 42.4 1.6
2.6 27.4 69.8 1.6
1.2 36.1 28.4 1.5
2.9 44.1 40.6 2.1
2.9 41.8 57.5 2.4
2.4 32.4 69.4 2.3
2.3 17.1 48 2.3
2.6 10.5 13.6 1.6
1.2 16.8 8.4 1.6
1.3 39.9 26.4 1.9
4.9 35.4 86.2 1.5
1.4 26.2 27.9 1.9
2.7 30.9 88.6 1.9
1.4 43.7 16.3 2
4 17.7 88.7 1.9
2.3 11.4 73.3 2.3
1.2 11.8 16.4 1.8
1.2 46.1 39.5 2
2.6 23.8 51.9 2.2
3 20 19.8 2
1.4 43.5 71.6 2.4
1 42.5 36.7 2.5
4.8 45.8 76.5 1.8
2 16.2 7.2 1.8
4.9 16 83.1 1.7
1.3 21.5 72 2.5
4.9 24.1 9.5 2.2
1.5 19.3 69.5 2
4 20.1 36.8 2.4
2.4 35.8 68.3 1.5
2.8 44.6 26.9 2.2
1 30.6 16.7 1.5
3.4 34.9 25.4 1.8
4.4 21.6 32.9 2.2
2.1 15.6 5.4 2.4
2.4 34.4 16.8 1.5
2.4 36.2 71.6 2
1.8 25 73.9 2.2
5 29.1 49.9 1.7
4.5 28.4 5.2 2.1
3.8 14.9 9.6 2.3
4.5 36.4 89.4 2.3
3 25.6 60.4 1.8
1.7 38.6 67.1 2.2
3.4 26.2 51.6 1.8
3 36.1 67.1 1.6
1.7 33.5 33.4 1.8
3.3 18.1 45.3 1.7
2.5 14.1 73.9 2.1
3.1 47.1 89.4 2.2
4 38 38 2.5
4.6 20.5 88.7 2.1
2.9 47.5 37 2.1
2.4 19.7 29.3 1.6
2.2 39.3 38.8 2.2
4 41 12 2.3
1.3 27.7 74 2.2
3.4 36.4 37.9 1.8
4.1 31.4 18.3 1.7
3.4 28.3 87.8 1.7
1.3 36.4 56.7 1.6
4.3 38.7 82 2.3
4.7 19.4 57.9 1.7
3.9 40.5 77.8 2.3
1.6 14.3 21 2.3
2.7 34 67.9 2
3.2 20.8 78.5 1.7
4.2 43 35.7 1.9
1.8 32.7 14.4 2
4.9 12.9 91.9 2.5
4.4 12.6 13.7 1.8
1.2 29.4 19 2.1
1.5 41.3 9.3 2.2
2.5 29.5 59.8 1.9
3.1 48.1 18.2 2.4
3.9 10.3 33.7 2.1
3 37.1 73.2 2.1
1 11.4 95 1.6
2.4 49 51.6 2.2
5 40.1 66.4 2.1
4.5 19.1 52.8 2.5
1.8 44.7 46 2.5
1.4 35.8 43.4 2.2
1.7 11.6 26.3 2.2
2.6 38.4 72.9 2.2
4.4 45.5 36.2 1.9
4.2 43.1 49.8 2.2
4.4 22.6 22.5 2.2
2.1 15 28.8 1.9
3.6 32.5 87.7 2.2
2.3 28.9 11.6 1.8
2.6 15.6 21.5 2.1
1.9 10.4 89.6 2.2
2.1 12.1 47.7 1.8
1 42.8 87.7 2.3
4.2 32.3 48 1.8
4.6 19.1 16.4 2.2
2.2 35.5 6.4 2.2
2.9 21 8.1 2.4
4.8 48.6 70.6 2.1
2.8 14.8 17.5 1.9
2.3 33.4 61.8 2
1.1 31.4 22.7 1.6
4.1 48.5 23.7 2.5
4.7 38.4 61.1 1.5
4.6 27.6 33.2 2.4
2.6 24.5 15.1 1.7
2.2 11.8 61.5 2
4.1 20.6 11 1.5
2 24.6 41.4 1.7
1.5 17.9 77.8 1.9
4.6 33.4 8.2 2.2
2 48.7 80.5 1.5
3.9 39.9 29.1 2.2
4.7 37.9 76.4 2.3
2.3 39.2 44.9 2.3
2.6 20.9 41.5 1.5
4.9 12.1 84.4 1.6
4.5 34.8 73 2.2
2.2 23.8 33.2 1.5
4.5 10.3 61 1.9
3.7 29.4 33 2.4
3.3 15.1 67.9 1.9
1.4 17.2 13.6 1.5
2.7 12.1 31.7 2.2
1.2 23.3 25.7 1.7
4.1 36.8 31.9 1.6
3 41.3 29.4 2.4
3.8 42.2 32.4 2.1
4.8 14.7 34.2 1.6
3.6 29.6 67.2 2.3
4.8 13.5 52.7 2.4
2.4 35.1 77.7 2.2
4 43.4 35.1 2.2
4 43.1 75.5 1.7
2.2 12.1 77.6 2
1 24.4 50 1.7
2.8 17.3 26.5 2.1
2.6 47.7 46.2 2.2
2.8 21.1 77.6 2.4
5 33.6 8.4 2.2
4.5 41.7 91.1 2.4
2.6 27.3 90.3 2.4
2 17 59.3 2
1.5 35.5 63.7 2.4
2 40.1 26.2 2.3
2.3 20.9 66.6 1.6
4.6 22 89.7 1.5
1.8 21.8 91.7 2.5
2.6 27 90.7 2.4
4.3 32.9 34.8 2.1
4.6 31.5 83.7 2.5
4.9 17.6 36.8 2
2.5 46.9 55.8 2.2
3.6 37.1 77.1 2.3
4.4 43.3 53.1 1.9
1.4 45.9 46.8 2.3
3.7 17.5 25.8 2.3
1.3 35.3 25.6 2.5
4.2 14.1 21.6 2.4
2.6 29.9 9.9 2.4
2.7 21.5 91.4 2.1
1.8 27.3 26.2 1.5
4.8 39.6 10.2 2.3
3.8 43.1 15.3 1.9
1.6 31.2 34.4 1.7
2.3 47.6 33.5 1.6
3.4 42.6 93.1 2.2
4.5 16.5 23 2.4
2.3 30.3 43.9 1.7
4.9 36.4 87.1 2.2
4.2 20.5 41.4 2.1
1.4 15.3 15 2
3.1 15.9 25.6 1.6
3.8 43.5 75.4 2.2
1.4 43.6 29 2.1
2.3 32 56.9 1.8
2.6 45.5 61.8 1.9
2.3 47.9 84 2.1
1.4 10.6 74.9 2.2
4 32.2 42.6 1.5
4.2 12.5 94.9 2.3
4.4 15 72.8 1.7
2.6 30 39.5 2.5
4.3 34.2 33.6 1.9
4.9 32 25.5 1.8
3.7 26.9 36.6 1.9
1.1 49.5 22.9 1.9
1.2 44.5 80.7 1.5
1.2 45.6 66.7 2.4
4.5 22.9 52 1.8
2.5 45.3 50.5 2.4
3.4 37 13.7 2
1.5 48.9 31.5 2.5
1.5 16.3 44.2 1.9
2.8 40.6 37.3 1.9
3.7 27.3 34.7 1.9
4.6 42.2 86.9 1.8
1.9 38.6 10.1 1.9
3.3 12.7 50.7 1.7
3.4 29.4 44.6 2
4.4 42.3 31.9 2
2.4 33.4 40.8 2
1.4 41.4 94 1.7
2.8 35 72.4 2.2
3.7 44.6 42.4 2
4.8 19.3 42.1 1.6
4.1 35.8 88.4 1.8
3.9 34.7 30.4 2.4
1.9 37.1 37 2.2
2.3 29.8 22.5 1.9
1.8 43 82 1.8
4.5 28.3 75.6 2.1
4.9 36.8 48.4 1.6
5 18.4 91 2.3
1.7 12.2 89.9 1.8
4 21.5 85.8 1.9
3.8 47.7 59.5 2.3
4.2 30.8 5.4 1.9
4.9 44.8 19.2 2.4
1.1 34.7 67.2 2.3
3.2 41.4 27.5 2
3.3 13.4 6 1.8
3 35 48.4 2
3.5 34.9 65.1 2
3.2 10.1 15.7 1.5
3.4 19.2 52.5 2.1
2.6 22.5 16.8 2.4
1.7 34.5 40.8 1.9
2.3 23.5 84.9 1.5
2.1 12.2 89.3 1.9
3.7 17.5 6.1 1.5
1.9 45.3 27.5 2.2
1.1 13.3 13.6 2
3.2 34.3 45.4 1.9
2.5 20.1 16.5 2.1
1.6 11.8 41.2 2.1
2.2 36.1 67.6 1.9
4 44.9 87.9 2.2
2.7 13 85.9 1.9
2.7 41.7 58.5 2.1
4.2 28.1 10 2.4
2.4 35 47.7 2.3
4.7 21.9 11.5 2.3
1.9 17.8 92.4 2
3.3 45.7 55.1 1.6
2.9 29.5 60 2.4
1.8 21.6 38.5 1.8
1.6 45.9 39.5 2.2
2.7 36 67.4 2.2
3.5 44.8 60.6 2.4
4.4 35.4 15.8 1.8
2.7 20.1 44.3 1.9
1.7 42.3 27.1 2.4
3.1 32.3 26.5 1.7
3.6 30.9 51.1 2.4
3.6 28.4 38.8 1.5
2.6 18.2 25.5 2.5
4.6 14.5 66.8 2.2
4.3 42.4 10.6 1.9
4.7 48.5 40.7 1.8
2.7 15.1 30.9 1.9
2.8 37.1 34.6 1.9
4.2 17 25 1.6
2.1 41.2 70.9 2.1
3.5 40.3 63.3 2.2
4 37.5 51.9 2
4.9 16.3 26.7 2.2
3.2 40 13.1 1.7
3 35.2 35.9 1.6
2.9 28 62.2 2.5
3.5 38.6 55.6 2.4
4.2 24.9 16.2 2.2
1.7 45.7 42.3 2.1
3.6 46.6 27.9 1.7
1.2 40 81 2.3
3.4 19.7 24.7 1.8
2.5 37.7 36.7 2.1
2.8 24.6 36.9 1.8
4 41 6.9 1.5
1.5 42 75.3 1.9
4.8 31.1 29.6 2.1
3.4 14.6 33.3 2.1
1.3 25 47.7 1.8
1.4 24.8 11 2.1
4.9 22.9 35 1.6
2.7 27.5 55.4 2.3
3.6 45.2 33.6 2.2
4.1 34.3 5.9 1.6
2.2 27.9 89.4 1.8
2.2 16.4 90.2 2
4.3 47.4 33.6 2
1.7 46.4 27.4 1.8
2.8 23.1 85.5 2.3
1.3 10.1 66.3 1.6
1.8 39.3 8.9 2.4
2.5 28.3 20.9 1.9
2.8 12.7 81 2.5
3.7 42.4 80.2 2.3
4.3 15.4 8.9 2.5
1.2 25.9 38.1 2.4
4.4 35.5 75.3 2.3
4.6 16.3 59.1 1.8
4.2 46.3 76.4 1.8
2.6 15.5 93.5 1.5
3.5 28.6 80 2.2
1.7 37.5 31.9 1.8
4.9 44.9 8.9 2.2
1.2 32.7 32.1 2
4.4 43.3 47.9 1.8
1.1 25.4 74.9 2.3
2.5 46 91.4 1.8
3.5 12.5 38.5 2.5
1.9 45.7 36.3 1.6
2.7 24.7 66.7 2
1.3 25.4 11.1 2
2.1 21.2 69.9 2.4
2.1 23.9 52.6 1.7
4 44 65.6 1.9
4.8 27 56.2 1.6
1.6 14.6 66.5 2.1
2.1 18.1 35.6 2.4
1.9 42.4 30 1.8
4 24.8 83.3 1.6
1.3 36.7 37.3 1.9
4 23.5 27.7 1.7
1.7 11.4 48.3 2.5
3.2 40.4 46.5 2.1
4.5 33.4 24.4 1.6
3.6 20.2 74.2 1.8
1.7 42 28.3 2.1
3.7 37.3 85.6 2.3
1.5 25.7 18.9 1.9
3.4 32.1 20.8 2
3.4 24.5 29.9 1.8
2.1 22.3 11.8 2.4
4.1 45.9 51.1 1.9
5 24 78.3 2.3
4.7 48.1 12.5 1.6
1.5 19.8 27.3 2.4
1.5 16.5 61 1.9
4.1 31.3 14.3 1.7
1.1 39.9 72.9 2.1
3.4 38.9 66.6 2.3
3.9 46 90.2 2.2
4.2 48.1 90.2 1.7
1 19.8 11.8 1.8
4.8 10.9 11.1 2
1.9 49.9 68.4 2
2.4 39 31.4 2.1
2.3 23.8 8.1 1.8
4.2 36.5 54 2
3.4 23.5 79.8 2.3
2.6 44.3 5.3 1.6
1.8 24 78.3 1.5
2.5 17.5 37.3 1.9
2.4 40.1 52.2 1.7
2.5 26.9 39.8 2.5
3.5 41.4 32.4 2
4.4 37.3 82.1 1.9
4.1 46.2 35.9 2.4
4.8 24.6 25.3 2.4
3.6 12.2 70.6 2.1
3.6 42.8 74.7 2.4
4.9 44 34 1.9
1.8 22.5 32.3 1.6
3.5 10.9 73.2 2.4
2 26.7 91 1.6
4.9 29.4 37.2 1.6
2.4 22.2 56.3 2.3
1.2 45.3 44.7 2.4
4.1 42.9 23.7 1.9
2.2 47 14.5 1.8
1.8 25.8 45.4 2
3 40.8 70.6 2.1
3 35.9 48.1 2.3
4.3 18.2 72.6 2.2
4.7 23.2 70.1 2.5
3.8 44.5 68.8 1.9
4.9 38.2 60.2 2.4
2.4 23 82.3 2
2.5 11.5 74 1.8
3.9 32.2 55.6 2.4
1.1 19.9 22.3 2
3.2 37.3 69.7 2.3
2.7 28.5 34.2 2
4.1 46.6 50.4 1.5
1.1 19.1 50.2 1.9
4.2 23.6 69.7 1.6
3.6 29.9 16.7 1.8
4.4 31.5 40.1 2
2.7 15.7 94 1.8
1.1 45.9 53.1 2.2
1 43.7 17.1 2
2 34.9 93.2 2.4
4.5 30.3 17.8 1.6
3.8 41.7 25.4 1.6
1.1 41.2 77.3 1.7
2.8 14.9 27.6 2.3
2.9 24.1 47.9 2.2
3.6 47.8 86.8 2.1
1.5 47.3 84.4 2.4
2.9 48.7 28.5 2
3.9 44.7 15.1 1.5
3.5 33.4 25.2 1.5
4.8 21.8 16.5 2.5
1.1 42.7 27.2 1.9
4.5 13.1 24 1.9
4.4 31.7 90.2 1.9
1.5 41.1 13.2 1.8
4.2 41.6 72.7 1.8
3.4 46.1 60.3 1.7
4.3 19.3 34.8 1.8
2 20.3 42.8 2.3
4.5 39 29.4 2.3
1.1 34 43.7 2.1
4.8 27.1 94.1 2.1
4.9 38.6 60 2.4
4.6 29 22.8 2
1.5 23.1 69.7 2.2
3 14.2 71.4 1.7
3.5 17.7 27.9 2.4
4.3 14.5 36.6 2.2
1.7 14 92.3 2.2
1.9 27.2 22.5 1.5
1.4 38.7 46.7 1.9
3.9 18.7 73.3 1.7
3.8 36.5 11.7 2.1
2.5 28.8 91.9 2.1
1.8 21.8 37 1.8
2.1 15.3 50.1 2
2.3 39.6 61 1.5
5 20.2 63.2 1.9
1.2 13.8 81.9 2.5
1 10.6 93.3 1.9
4.5 37.1 12.5 2.2
3.1 13.7 81.1 2
4.1 40.8 57.5 1.5
4.7 31 48.7 2.1
3 44.7 13.4 1.9
3.3 34.7 94 2.5
3.7 13.3 24.2 2.2
1.3 11 89.4 1.6
2.7 14.8 41.7 2.2
4 33.7 45 2.4
1.3 46 50.8 2.4
3.1 22.9 55 2.1
4.7 25.5 25.4 1.6
3.7 10.6 86.8 2.1
4 38 30.4 2.2
1.2 29.2 5.8 1.9
4.9 41.7 73.9 1.9
4.7 34.7 92.7 1.9
2.5 28.2 36.7 1.8
5 35.7 37.3 2.3
2.8 16 14.5 1.8
3.8 18.5 64.3 2.5
4.9 21 37.8 2.1
3.7 20.6 19.5 2.4
4.8 42.6 13.8 2.5
2 38.8 62.6 1.7
4.5 16.4 67.2 1.6
1.7 33.9 17 1.9
1.8 37.3 20.6 1.6
4.7 33.7 70 2.3
4.5 42.7 90.3 1.8
4.1 25.5 56 2
1.1 18.7 94.2 2
1.6 20.5 65.1 1.8
4.1 45.3 33.7 1.7
3.6 13.9 19.2 1.9
3 28.2 54.5 2.1
4 41.5 57.9 2.1
3.4 17 74.4 2.1
3.8 22.9 12.9 2.4
4.7 16.9 87.3 2.4
1.1 21.9 82.8 1.5
4.7 22.5 17.2 2.2
3.8 10.2 30.2 2.5
1.1 27.2 43.7 2.1
2 47.6 27 1.7
4.4 18.2 19.2 2.2
3.6 30.7 67.1 2
3.2 41.4 21.1 1.6
2.7 49.6 89.7 2.1
3.8 46.8 37.9 2.1
3.1 37 75 2.4
3.2 33.6 22.6 2.1
3.9 15.2 37.7 2
3.9 11.9 18 1.6
4 49.1 46.5 1.9
4 24.1 34 2.1
3.5 47.4 84.5 2
2.9 20.5 41.8 1.7
2.8 39.1 42.4 1.7
4 31.4 47.9 2.3
2.5 47 93.7 1.9
4.4 36.4 32.5 1.8
1.1 35 50.9 1.8
4.6 40 87.5 1.7
4.5 24.5 37 2.2
4.3 34.3 18.7 2.2
3.6 39.2 69.9 1.8
1.1 44.7 69.7 2.5
4.9 29.1 31.3 2.1
2.5 26.9 14.3 1.7
3.6 28.7 76.5 1.7
3.3 45.8 93.2 2.4
4.8 33 89 1.5
4.9 49 32.3 1.5
3.4 10 13.6 2.1
2.7 44.9 62.8 2.2
3.8 17.5 75.1 2.5
1 36.3 66.6 2.4
3.9 34.6 58.6 1.9
3.6 15.7 91.6 1.9
3.7 10.7 58 1.9
4.3 49.4 27.7 1.9
2.9 14.3 70 1.7
1.8 45.9 87.2 2.4
1.4 14 81.7 2.4
3.6 26.9 11 1.5
2.4 34.8 31 2.2
2.4 35 53.6 2.4
4 28.5 68.2 2.2
3.7 46.5 63.7 1.7
5 25.5 14.6 2.2
1.5 17.4 11.6 2.3
1.1 36.2 23.3 2
1.1 21.3 42.7 1.9
3.6 24.1 44.8 2.5
3.9 41.9 23.9 2
2.9 46.1 45.9 1.5
3.8 45.3 7.1 1.7
1.3 29.3 37.8 2
1.1 26.6 56.7 1.6
4.1 10.6 17.9 2.1
2.5 34.4 55 2.5
1.4 36.4 63.7 1.6
3 33 28.3 2.2
3.1 44.9 54.9 1.6
1.3 10.1 29 2.2
1.6 44.9 15.3 2.1
3.1 18.4 94.8 1.5
2.1 40.3 25.2 2.3
2.3 37.8 78.4 1.9
4.3 34.7 31.7 1.5
4.2 10.5 69.6 1.9
1 43.9 62.6 2.1
2.7 22.7 29.7 2
4.6 19.1 8.7 2.5
1 20.4 49.1 2.1
4.9 38.2 22 2.1
1.2 18.1 80.5 1.7
3.4 11.9 27.4 1.7
1.6 26.2 63.5 2.1
1.6 25.4 18.8 2.4
4.7 34.9 66.2 2.1
2.4 13.1 5.3 1.7
4.9 32.5 74.9 2
2.2 49.5 68.7 2.4
4.6 49.2 78.2 2.1
1.8 27 6.5 2.1
3.7 41.5 93.4 2
2.2 49.2 76.4 1.8
2 18.4 33.4 2.2
4.7 38.2 41 1.8
2.8 21.6 55.1 1.7
4.3 13 88 2
3.9 12 75.1 2.5
1.7 15.7 14.1 2
3.8 28.3 67.2 1.8
4.4 27 63.2 1.7
2.6 12.9 6.6 2.4
4.2 39.2 92.4 1.5
4.1 16.1 85.7 2
1.6 38.5 89.2 1.5
1.7 22.2 15.4 2.5
2.1 36.5 80.1 1.9
2.3 21.1 66.8 2.4
2.3 33.8 81.7 1.7
3.3 28 57.9 1.6
1.2 49 75.4 2.5
2.6 43.4 60.8 1.7
4.6 10.5 26.4 1.8
3.7 11.5 65 1.6
4.5 22.8 39.1 2.3
1.6 42.3 14.9 2.1
3.7 21.4 12.3 2.1
4.7 20.3 41.4 2.2
1.3 37.8 39.8 2.2
3.1 35.8 73.2 1.9
1.8 26.1 69 2.1
2.1 49.5 61.8 2.1
4.8 47.6 40.8 2.4
1.7 36.1 69.5 1.9
4.7 26.6 67.9 1.6
1.8 17.5 42.1 2
2.1 47.4 57.7 1.5
1.7 33.6 67.8 2
1.3 48.7 91.7 2.3
3.2 41.1 76 1.6
5 13.9 29.9 2.4
1.3 20.8 24.6 2.3
3.4 15 64.6 2.3
4.1 28.1 29.7 2
4.8 17.9 55.8 2.3
1.2 29.7 37.4 2.3
1.3 48.5 26.7 1.9
2.3 19.8 5.7 2.4
1.8 38.8 8.9 2
3.3 35.2 61.6 2.2
4.4 48.5 7.3 2.1
4 31 76.7 1.9
3.2 44.4 91.8 1.9
3.6 35.3 92.5 2.1
3.7 24.9 82.6 2.1
4.1 16.5 79 2.3
3.1 43.8 50.1 1.6
1.7 37 93.5 1.6
3.8 47.3 21 1.9
3.6 18.9 92.8 2.2
1.9 45.2 65.4 1.9
3.9 45.9 28.1 2.2
2 17.9 28.1 2.1
2.5 42.4 33.3 1.6
3.9 21.6 8.3 2
3.9 10.3 66.2 1.9
4.1 16 86.7 1.5
2.3 10.4 40 1.9
4.2 23.1 80.3 1.9
3.8 26.4 15 2.1
2.2 18.3 56.9 1.9
3.1 49.7 66.9 1.8
4.6 36 64.1 1.7
1.7 34.6 26.4 1.8
3.5 14 27.2 1.5
3.9 20.2 61.9 1.6
3.9 37.6 26.8 1.8
4.5 44.3 30.1 2.2
4.6 32.9 62.5 1.9
1 19.9 82.9 1.6
0.2 0.3 0.4 0.2 0.3 0.2 0.3 0.4 0.3 0.3 0.4 0.2 0.3 0.3 0.2 0.4 0.4 0.3 0.3 0.2 0.3 0.4 0.2 0.4 0.3 0.3 0.2 0.2 0.2 0.2 0.2 0.2 0.3 0.4 0.3 0.3 0.3 0.4 0.4 0.2 0.3 0.4 0.4 0.3 0.3 0.2 0.3 0.3 0.4 0.2 0.3 0.3 0.2 0.2 0.3 0.3 0.3 0.2 0.3 0.3 0.2 0.3 0.4 0.3 0.2 0.4 0.3 0.4 0.2 0.2 0.3 0.4 0.3 0.4 0.2 0.4 0.3 0.2 0.3 0.3 0.3 0.4 0.3 0.3 0.2 0.3 0.3 0.3 0.2 0.2 0.4 0.3 0.4 0.3 0.2 0.3 0.3 0.3 0.4 0.4 0.4 0.2 0.2 0.2 0.4 0.3 0.4 0.4 0.2 0.4 0.4 0.3 0.2 0.3 0.3 0.2 0.3 0.3 0.4 0.2 0.3 0.2 0.2 0.3 0.4 0.4 0.3 0.2 0.2 0.3 0.4 0.3 0.3 0.3 0.3 0.3 0.4 0.4 0.3 0.4 0.4 0.4 0.3 0.2 0.4 0.4 0.3 0.3 0.3 0.3 0.4 0.3 0.3 0.2 0.3 0.2 0.2 0.3 0.3 0.4 0.3 0.4 0.3 0.3 0.3 0.3 0.3 0.3 0.3 0.2 0.2 0.2 0.3 0.3 0.3 0.3 0.2 0.2 0.4 0.4 0.3 0.3 0.3 0.3 0.2 0.2 0.2 0.3 0.3 0.2 0.3 0.3 0.2 0.4 0.3 0.3 0.3 0.2 0.2 0.4 0.3 0.4 0.3 0.4 0.3 0.4 0.2 0.4 0.3 0.3 0.3 0.3 0.3 0.3 0.3 0.3 0.3 0.4 0.2 0.3 0.2 0.3 0.2 0.3 0.3 0.2 0.3 0.2 0.3 0.3 0.2 0.3 0.2 0.3 0.3 0.2 0.4 0.4 0.3 0.4 0.3 0.2 0.2 0.2 0.4 0.4 0.4 0.4 0.2 0.2 0.3 0.3 0.2 0.4 0.2 0.4 0.2 0.2 0.2 0.4 0.3 0.3 0.3 0.2 0.3 0.2 0.2 0.3 0.3 0.3 0.2 0.2 0.2 0.3 0.2 0.3 0.4 0.2 0.3 0.3 0.3 0.2 0.3 0.2 0.4 0.4 0.3 0.4 0.3 0.3 0.3 0.3 0.4 0.3 0.4 0.4 0.4 0.2 0.3 0.4 0.2 0.2 0.3 0.3 0.3 0.3 0.3 0.3 0.4 0.3 0.4 0.2 0.4 0.4 0.3 0.3 0.2 0.4 0.2 0.4 0.4 0.3 0.4 0.4 0.4 0.3 0.4 0.2 0.3 0.3 0.3 0.3 0.3 0.3 0.3 0.3 0.3 0.3 0.3 0.4 0.3 0.2 0.2 0.3 0.2 0.4 0.4 0.3 0.4 0.4 0.2 0.2 0.3 0.2 0.3 0.3 0.3 0.3 0.3 0.3 0.2 0.4 0.3 0.2 0.3 0.3 0.3 0.2 0.2 0.2 0.3 0.3 0.4 0.4 0.3 0.4 0.3 0.3 0.3 0.2 0.2 0.2 0.3 0.2 0.4 0.3 0.2 0.3 0.2 0.4 0.2 0.3 0.3 0.3 0.2 0.4 0.3 0.3 0.4 0.3 0.2 0.3 0.3 0.2 0.2 0.2 0.3 0.3 0.3 0.3 0.3 0.3 0.4 0.3 0.3 0.2 0.3 0.3 0.3 0.3 0.3 0.2 0.4 0.4 0.3 0.2 0.3 0.4 0.2 0.3 0.4 0.3 0.2 0.3 0.3 0.3 0.4 0.4 0.3 0.3 0.3 0.4 0.2 0.3 0.4 0.2 0.3 0.3 0.3 0.2 0.2 0.3 0.3 0.2 0.4 0.4 0.3 0.3 0.3 0.4 0.3 0.3 0.3 0.3 0.3 0.3 0.3 0.3 0.4 0.4 0.4 0.3 0.3 0.3 0.2 0.4 0.4 0.4 0.3 0.4 0.2 0.3 0.3 0.4 0.2 0.4 0.4 0.4 0.4 0.4 0.2 0.3 0.3 0.2 0.4 0.4 0.3 0.2 0.3 0.4 0.2 0.2 0.4 0.3 0.3 0.2 0.3 0.3 0.4 0.2 0.3 0.2 0.3 0.3 0.2 0.4 0.3 0.3 0.3 0.3 0.3 0.3 0.4 0.2 0.4 0.4 0.3 0.3 0.3 0.3 0.2 0.4 0.2 0.4 0.3 0.4 0.4 0.3 0.4 0.3 0.2 0.4 0.3 0.2 0.2 0.4 0.3 0.3 0.3 0.2 0.3 0.3 0.3 0.3 0.2 0.3 0.3 0.4 0.3 0.3 0.2 0.4 0.3 0.2 0.2 0.3 0.3 0.3 0.3 0.4 0.3 0.3 0.2 0.4 0.2 0.3 0.2 0.3 0.3 0.3 0.3 0.3 0.2 0.3 0.3 0.2 0.3 0.3 0.3 0.3 0.3 0.2 0.3 0.2 0.3 0.3 0.2 0.4 0.3 0.2 0.3 0.3 0.4 0.4 0.3 0.2 0.2 0.4 0.3 0.2 0.3 0.4 0.2 0.3 0.3 0.3 0.3 0.3 0.3 0.3 0.3 0.4 0.4 0.2 0.3 0.2 0.4 0.2 0.2 0.3 0.3 0.3 0.3 0.2 0.3 0.3 0.3 0.4 0.2 0.3 0.2 0.2 0.4 0.3 0.2 0.4 0.2 0.2 0.3 0.2 0.3 0.4 0.3 0.4 0.4 0.3 0.3 0.2 0.2 0.4 0.3 0.3 0.3 0.4 0.3 0.3 0.4 0.4 0.4 0.3 0.2 0.3 0.3 0.2 0.4 0.2 0.4 0.2 0.4 0.3 0.3 0.2 0.4 0.2 0.4 0.4 0.3 0.2 0.3 0.3 0.3 0.2 0.3 0.3 0.4 0.3 0.4 0.4 0.2 0.2 0.4 0.4 0.4 0.4 0.2 0.4 0.4 0.3 0.2 0.2 0.3 0.4 0.3 0.3 0.3 0.2 0.2 0.3 0.4 0.2 0.3 0.4 0.3 0.3 0.3 0.3 0.3 0.4 0.2 0.2 0.3 0.3 0.3 0.3 0.3 0.3 0.3 0.4 0.2 0.4 0.3 0.4 0.3 0.3 0.2 0.3 0.4 0.3 0.3 0.3 0.3 0.4 0.3 0.4 0.3 0.2 0.4 0.3 0.4 0.3 0.4 0.3 0.4 0.2 0.2 0.4 0.3 0.4 0.4 0.2 0.3 0.3 0.3 0.4 0.2 0.2 0.3 0.3 0.4 0.3 0.3 0.2 0.4 0.2 0.2 0.3 0.4 0.3 0.4 0.4 0.2 0.3 0.3 0.3 0.2 0.4 0.3 0.4 0.3 0.3 0.3 0.4 0.3 0.2 0.3 0.3 0.3 0.2 0.4 0.3 0.3 0.3 0.2 0.2 0.2 0.3 0.4 0.3 0.4 0.3 0.4 0.2 0.3 0.3 0.2 0.3 0.2 0.4 0.3 0.3 0.2 0.3 0.4 0.2 0.4 0.4 0.2 0.2 0.3 0.3 0.2 0.2 0.3 0.3 0.4 0.4 0.4 0.4 0.4 0.4 0.3 0.3 0.4 0.3 0.2 0.2 0.2 0.3 0.3 0.4 0.4 0.2 0.4 0.3 0.2 0.4 0.2 0.2 0.2 0.3 0.4 0.2 0.4 0.4 0.4 0.3 0.2 0.3 0.4 0.3 0.4 0.4 0.3 0.4 0.3 0.3 0.3 0.3 0.3 0.4 0.3 0.3 0.3 0.3 0.4 0.4 0.3 0.3 0.2 0.2 0.3 0.2 0.2 0.2 0.2 0.4 0.4 0.3 0.3 0.3 0.3 0.4 0.3 0.4 0.4 0.4 0.3 0.4 0.2 0.3 0.2 0.3 0.2 0.3 0.3 0.3 0.3 0.3 0.2 0.4 0.3 0.2 0.3 0.2 0.3 0.3 0.3 0.4 0.3 0.3 0.3 0.3 0.4 0.3 0.4 0.2 0.2 0.2 0.3 0.3 0.3 0.2 0.3 0.3 0.2 0.4 0.2 0.3 0.4 0.2 0.4 0.3 0.3 0.3 0.2 0.4 0.2 0.4 0.2 0.3 0.2 0.3 0.2 0.3 0.3 0.2 0.3 0.2 0.4 0.3 0.2 0.3 0.3 0.4 0.4 0.4 0.4 0.3 0.4 0.3 0.3 0.2 0.3 0.3 0.3 0.2 0.3 0.4 0.3 0.3 0.3 0.4 0.3 0.2 0.4 0.2 0.3 0.3 0.2 0.4 0.3 0.3 0.3 0.2 0.4 0.3 0.3 0.4 0.4 0.3 0.4 0.2 0.3 0.3 0.3 0.4 0.2 0.2 0.3 0.2 0.3 0.3 0.4 0.4 0.3 0.3 0.4 0.4 0.3 0.2 0.3 0.3 0.4 0.4 0.4 0.4 0.3 0.3 0.4 0.3 0.3 0.3 0.4 0.2 0.3 0.3 0.4 0.3 0.3 0.2 0.3 0.3 0.2 0.4 0.2 0.3 0.3 0.3 0.3 0.3 0.3 0.3 0.3 0.3 0.3 0.4 0.4 0.3 0.3 0.2 0.3 0.3 0.4 0.3 0.3 0.2 0.3 0.4 0.3 0.3 0.3 0.3 0.2 0.4 0.3 0.3 0.2 0.2 0.3 0.3 0.4 0.3 0.2 0.4 0.2 0.2 0.4 0.3 0.3 0.2 0.4 0.3 0.2 0.3 0.4 0.2 0.3 0.3 0.4 0.3 0.4 0.3 0.2 0.3 0.4 0.2 0.4 0.2 0.3 0.3 0.3 0.3 0.3 0.4 0.2 0.3 0.3 0.3 0.3 0.4 0.3 0.2 0.2 0.3 0.2 0.2 0.4 0.4 0.4 0.3 0.3 0.3 0.3 0.3 0.3 0.2 0.3 0.3 0.2 0.2 0.3 0.3 0.4 0.3 0.4 0.4 0.3 0.2 0.3 0.4 0.4 0.3 0.3 0.3 0.3 0.3 0.3 0.3 0.4 0.2 0.2 0.3 0.3 0.4 0.3 0.3 0.2 0.2 0.2 0.3 0.3 0.3 0.3 0.3 0.2 0.2 0.2 0.2 0.4 0.3 0.4 0.4 0.4 0.4 0.3 0.2 0.3 0.3 0.3 0.2 0.3 0.3 0.3 0.4 0.3 0.4 0.3 0.3 0.2 0.4 0.3 0.2 0.2 0.3 0.2 0.3 0.3 0.3 0.2 0.4 0.4 0.3 0.3 0.4 0.3 0.2 0.3 0.3 0.3 0.3 0.2 0.3 0.2 0.3 0.3 0.4 0.2 0.4 0.2 0.3 0.4 0.2 0.3 0.4 0.3 0.4 0.3 0.2 0.3 0.2 0.3 0.3 0.3 0.3 0.4 0.2 0.4 0.2 0.2 0.3 0.4 0.4 0.4 0.3 0.2 0.2 0.4 0.2 0.3 0.2 0.3 0.3 0.2 0.2 0.2 0.2 0.2 0.2 0.3 0.4 0.4 0.3 0.3 0.4 0.4 0.4 0.3 0.3 0.3 0.3 0.3 0.4 0.2 0.3 0.4 0.2 0.4 0.3 0.3 0.3 0.3 0.4 0.4 0.4 0.3 0.3 0.2 0.3 0.3 0.3 0.4 0.4 0.4 0.2 0.3 0.3 0.3 0.3 0.3 0.3 0.4 0.3 0.4 0.2 0.3 0.2 0.4 0.4 0.2 0.3 0.3 0.2 0.3 0.4 0.3 0.3 0.2 0.4 0.4 0.2
92 2 163 58 128 4 87 163 78 161 116 160 143 67 13 106 115 27 63 58 155 84 115 6 28 118 102 141 134 177 123 82 165 88 165 147 33 114 168 49 88 131 61 48 21 166 135 63 23 50 156 29 160 175 105 122 153 148 171 51 31 16 126 112 167 17 34 140 128 148 15 6 160 51 34 158 90 23 66 155 131 31 103 163 89 179 78 17 108 9 19 27 44 103 80 97 126 11 94 148 142 65 51 118 74 58 150 69 171 21 69 159 33 82 125 63 146 166 39 27 90 96 78 49 164 99 121 121 133 38 62 22 97 169 85 64 174 20 91 154 27 148 64 19 151 93 21 29 152 132 166 159 61 16 21 99 23 158 23 175 7 179 69 69 60 176 141 130 23 99 62 73 41 38 176 77 48 177 29 140 151 60 28 18 27 125 21 89 120 94 62 24 86 68 58 16 115 180 95 62 171 39 165 163 47 166 136 93 48 23 128 76 32 167 126 148 40 68 88 91 144 36 162 136 166 121 118 146 180 145 9 137 66 172 36 150 147 160 155 3 144 50 109 37 111 112 109 177 8 132 106 67 134 25 136 1 62 123 65 167 147 46 15 116 58 27 168 138 77 17 39 85 142 54 81 156 40 110 171 177 20 160 170 105 35 43 90 84 114 17 43 83 168 78 16 77 145 85 95 30 43 58 87 45 137 137 18 138 168 65 123 99 118 89 123 35 1 98 35 134 26 128 97 66 166 179 163 106 167 73 125 20 1 172 173 101 88 117 51 94 7 24 99 167 171 70 128 174 160 87 153 53 102 82 162 75 50 23 118 57 133 4 90 67 79 14 96 52 49 12 110 39 37 30 73 82 21 151 160 146 120 67 134 179 105 128 72 11 145 84 69 46 73 48 137 99 169 68 7 67 65 145 45 166 164 62 104 2 179 73 177 105 79 160 150 54 99 75 60 170 163 77 142 95 171 128 106 24 177 121 30 23 179 173 110 34 139 55 179 103 94 3 105 169 92 100 168 80 63 23 69 89 143 81 100 136 55 20 5 36 137 43 68 140 178 179 65 126 90 22 175 156 104 62 115 95 140 14 86 4 57 94 22 97 5 40 128 123 166 4 156 86 15 39 81 15 13 102 29 46 110 42 161 21 158 151 71 64 44 149 156 34 34 122 178 109 44 29 157 38 133 126 115 171 128 68 165 10 174 160 8 3 68 66 159 161 156 3 4 15 109 10 140 17 117 146 56 172 4 180 90 173 174 170 65 146 156 103 79 177 98 110 18 142 114 28 21 18 37 180 71 104 150 105 22 131 117 87 4 179 114 120 171 84 144 9 36 23 93 177 144 40 106 172 79 72 50 131 137 103 134 68 40 176 163 71 15 101 172 98 166 114 119 73 138 5 55 123 106 118 72 93 68 121 99 29 118 5 108 46 144 20 24 122 38 75 10 49 113 112 162 77 179 152 74 77 138 14 73 142 25 36 57 150 50 88 13 156 15 143 79 111 95 169 72 9 46 140 160 65 5 75 85 25 108 144 4 46 155 175 46 80 174 18 63 102 90 53 134 137 155 117 35 106 55 25 100 50 92 32 107 95 169 24 66 37 135 110 5 52 117 109 170 70 158 101 1 106 94 178 2 101 100 25 110 95 25 56 19 134 27 75 66 21 87 23 121 89 83 100 160 51 91 143 4 63 61 83 87 37 38 63 53 142 140 82 4 35 56 130 38 76 154 81 75 82 160 119 78 172 126 67 103 83 1 168 109 155 61 92 104 44 59 137 115 78 73 95 107 62 45 39 42 110 50 175 20 131 122 179 88 78 78 94 56 21 53 28 46 86 123 22 101 147 106 92 33 25 175 36 179 109 169 40 84 169 145 30 160 163 139 166 22 134 12 74 16 108 44 85 53 152 39 58 137 108 45 168 97 83 65 121 120 111 96 73 44 93 58 88 150 13 20 80 78 178 143 11 112 40 77 44 66 155 155 40 25 92 64 159 166 98 3 41 40 33 175 145 98 90 102 146 145 175 24 141 113 111 85 173 147 87 26 30 44 9 38 156 57 135 60 87 25 173 62 124 51 39 165 136 10 29 166 7 136 140 150 129 180 148 15 130 25 82 148 55 31 38 116 50 23 61 77 150 177 41 4 87 113 104 25 101 55 105 122 77 144 112 122 109 89 136 127 135 36 110 85 7 21 70 176 80 138 51 130 19 155 90 53 54 118 101 69 50 142 3 37 141 9 2 86 140 95 34 126 103 173 108 115 12 99 132 108 169 112 18 116 78 50 177 158 38 114 132 93 85 155 10 8 80 162 107 101 151 175 11 139 73 39 112 145 29 129 23 161 108 82 49 60 116 53 8 18 172 12 44 116 103 146 176 155 70 51 21 169 133 66 27 116 83 28 94 56 26 155 66 113 129 145 26 177 13 106 32 78 122 89 171 21 178 72 8 123 136 146 16 143 171 38 12 24 41 90 84 54 82 93 155 166 26 138 147 153 41 178 143 178 87 93 110 41 25 77 36 12 44 107 180 151 161 107 92 68 170 93 48 66 129 12 150 131 91 146 134 13 150 37 92 129 120 108 98 34 106 58 44 9 19 5 100 149 106 147 38 83 73 78 80 84 42 109 98 120 180 20 64 18 160 42 41 57 123 113 172 36 50 168 112 77 111 14 23 105 160 43 159 74 155 106 74 69 76 64 170 34 14 14 37 20 154 51 164 115 70 153 163 79 116 74 121 51 2 24 176 44 107 69 147 24 16 137 173 42 37 37 64 109 73 106 68 104 18 101 92 46 73 18 66 28 179 68 129 135 58 22 142 90 89 131 116 137 136 125 38 38 3 100 178 157 101 76 105 135 66 124 57 168 27 149 146 44 67 178 85 28 7 44 159 51 147 137 106 104 42 95 11 130 52 110 18 29 105 168 86 148 13 73 7 22 146 141 138 83 128 47 79 80 41 123 11 142 23 110 73 171 23 21 150 9 134 51 164 12 91 128 98 19 29 24 62 16 75 61 144 71 78 7 167 98 86 2 49 148 166 53 135 111 80 154 148
68 98 141 139 1 138 122 23 156 153 178 42 24 63 101 133 104 171 28 119 56 92 176 100 128 61 160 169 148 158 127 119 173 95 85 109 59 115 146 53 172 172 149 51 132 163 44 130 49 154 94 174 45 161 141 174 154 18 74 73 110 170 12 108 44 146 92 75 82 172 91 164 132 89 171 154 9 32 41 107 72 151 81 165 106 145 109 158 70 78 25 85 122 42 131 161 147 85 98 129 104 24 4 88 91 174 101 78 78 91 101 78 91 77 18 3 174 140 153 168 155 176 148 10 79 138 16 89 21 128 78 107 155 146 19 163 122 149 85 72 62 134 95 39 19 116 92 47 114 58 142 66 87 152 11 100 22 51 153 40 72 74 151 33 38 91 38 73 45 66 57 49 106 47 159 39 10 149 114 49 175 132 97 145 98 143 106 169 116 163 74 125 153 149 154 104 145 140 57 147 102 155 109 101 160 153 37 64 57 100 39 103 3 112 66 29 130 25 104 53 42 128 126 59 157 86 62 4 26 72 136 29 179 100 116 146 101 24 29 42 88 108 10 95 67 50 100 36 74 21 10 51 76 143 92 29 9 153 51 87 129 2 116 74 137 43 53 114 178 75 102 72 6 125 87 108 150 105 55 125 88 170 77 116 9 116 78 173 60 34 87 169 20 165 107 108 27 166 71 163 7 64 22 5 152 110 110 43 46 21 164 125 58 171 53 164 23 43 168 146 164 160 3 89 39 145 96 147 84 146 22 43 128 36 7 90 101 180 98 87 121 157 57 39 177 69 85 83 171 93 154 148 24 124 161 36 45 105 60 80 34 19 51 30 151 12 104 61 164 105 16 136 41 59 161 48 54 17 162 76 59 128 129 180 39 5 173 137 105 140 175 142 86 113 103 57 65 40 110 126 133 138 72 26 107 15 171 2 2 130 21 148 116 106 89 177 6 104 148 14 47 126 74 148 20 177 141 165 15 31 163 4 138 157 142 26 143 6 135 5 84 127 3 126 17 96 121 166 156 10 59 20 150 69 55 53 166 45 167 61 76 111 122 177 19 55 110 18 165 94 71 99 57 151 180 9 9 64 18 48 109 39 28 107 29 13 70 77 5 80 134 23 78 54 112 98 37 14 68 31 62 14 135 15 109 73 70 83 61 116 15 57 179 9 68 66 71 104 114 150 56 52 34 38 180 92 142 34 126 97 12 115 30 102 93 7 165 157 175 57 35 68 32 158 76 177 78 159 93 21 118 98 131 125 154 57 10 164 147 94 39 166 55 36 36 60 59 35 44 24 147 133 175 58 11 41 118 138 43 36 11 134 73 36 4 103 165 144 64 37 69 107 102 86 172 90 19 68 64 179 107 74 178 105 139 31 137 45 105 63 87 23 33 95 148 7 178 167 64 90 101 121 40 54 142 138 76 52 64 147 143 97 177 27 28 48 178 133 80 89 28 159 118 18 60 157 171 30 12 18 145 144 18 152 149 21 159 20 129 123 116 28 11 75 132 174 174 69 104 6 74 137 139 115 135 16 7 178 162 26 136 163 60 87 18 53 89 109 173 52 29 49 39 86 19 13 42 123 31 88 114 61 94 72 32 20 138 64 56 121 169 88 9 119 69 163 177 166 56 36 70 179 29 131 101 95 76 118 178 35 137 82 101 28 155 48 92 40 89 55 4 48 131 101 160 86 159 167 178 67 120 152 88 141 73 83 179 95 163 38 123 23 149 123 152 117 105 105 139 86 120 28 30 33 115 120 109 160 4 9 131 36 71 120 17 131 176 32 47 22 21 37 58 10 165 168 98 96 31 72 148 49 49 177 100 34 131 21 112 48 123 40 34 27 26 143 156 97 141 58 96 131 1 117 125 5 170 150 29 34 93 174 56 144 27 168 67 46 11 167 93 137 134 112 179 10 176 122 95 84 61 15 32 86 65 22 139 77 86 124 12 147 148 18 13 120 133 174 152 152 3 57 55 93 108 123 6 26 97 165 89 159 54 50 148 84 165 75 95 31 64 109 15 154 48 173 153 123 157 26 140 90 18 61 75 75 141 76 142 30 156 133 68 45 148 110 33 171 28 81 57 62 5 129 143 155 60 135 18 71 142 105 28 23 171 153 95 109 88 133 40 139 106 29 143 47 163 62 34 172 19 97 1 155 21 34 146 104 87 171 110 49 125 176 150 148 152 59 49 116 137 79 66 114 68 53 171 6 136 177 40 37 148 124 137 23 93 17 20 54 78 143 87 39 91 111 27 76 134 16 47 60 149 95 53 140 179 152 88 63 41 1 107 108 123 73 18 123 168 28 137 169 47 55 20 63 143 132 99 22 39 50 54 133 86 149 157 134 111 63 59 136 51 62 111 64 122 36 166 126 137 16 83 11 107 7 77 53 132 67 61 20 65 78 2 56 66 50 95 72 175 42 8 12 78 97 66 78 101 58 121 15 54 165 7 178 61 141 62 114 79 149 34 61 66 170 21 151 120 38 161 93 43 53 28 52 163 60 121 143 64 110 54 10 152 85 33 17 99 75 113 147 87 84 63 41 13 136 72 62 108 175 104 78 60 93 145 107 165 20 124 141 178 166 123 137 142 143 90 22 103 94 106 26 141 63 162 111 132 31 36 166 70 100 118 116 126 16 55 178 179 53 10 146 60 41 170 93 88 42 149 66 84 142 5 66 29 174 82 177 94 54 152 6 50 60 157 55 79 93 15 41 157 167 102 92 135 60 112 55 170 144 90 159 1 49 84 34 30 155 63 89 77 75 11 104 42 173 45 41 26 44 177 130 143 108 176 113 104 101 37 31 173 77 81 156 131 32 16 121 33 176 64 74 52 151 96 176 120 111 54 107 105 70 28 31 120 117 165 38 1 61 142 42 44 35 20 140 91 108 158 38 76 37 101 44 8 27 56 86 119 113 78 59 69 30 168 16 66 20 91 8 80 52 111 145 53 173 104 18 66 90 27 59 104 2 85 161 153 103 54 21 122 45 88 79 72 131 121 22 32 7 120 56 16 127 30 147 168 126 67 64 26 99 102 20 68 121 106 104
136 93 166 21 48 155 147 104 39 95 56 140 86 101 177 172 59 122 61 36 39 36 72 138 22 109 74 91 62 163 145 9 136 151 112 113 126 72 96 10 143 2 109 107 151 88 8 6 167 100 91 65 13 40 175 62 155 10 87 143 1 171 49 33 9 132 152 139 167 53 79 144 16 169 117 75 60 179 159 69 51 139 111 97 102 176 48 115 118 65 50 174 151 82 2 143 176 96 19 108 143 142 17 138 141 17 1 56 89 176 57 124 77 76 53 10 42 147 167 139 146 55 138 108 25 21 65 66 85 131 113 56 36 155 13 99 109 93 139 121 55 177 29 139 134 159 91 93 156 158 56 55 176 58 4 171 164 6 49 151 128 145 69 16 45 108 147 5 57 40 84 27 106 164 41 89 133 31 18 141 171 3 175 10 93 142 147 141 118 24 134 57 140 20 101 147 151 91 52 148 76 56 166 148 177 144 77 44 50 101 105 29 127 119 24 43 125 28 166 19 41 163 52 163 64 40 29 174 171 144 26 30 75 114 104 53 160 2 72 131 118 142 108 144 53 132 98 36 64 168 149 52 170 6 90 93 126 142 118 108 92 154 74 54 134 104 107 24 126 151 61 155 171 178 4 95 155 159 164 179 16 79 144 117 50 10 79 93 145 166 50 145 159 158 109 175 85 115 179 35 143 61 47 152 61 150 115 165 149 34 130 46 141 167 53 18 101 107 133 157 80 27 171 112 51 53 52 84 152 153 137 33 148 143 66 88 134 139 144 121 115 5 91 173 15 22 62 68 158 61 130 168 11 39 54 152 102 170 47 34 129 72 144 42 7 115 97 68 95 53 51 95 120 7 6 31 100 27 180 139 91 126 24 149 135 30 8 143 91 178 12 27 50 110 28 52 33 178 128 87 13 145 178 100 47 41 2 141 28 66 87 103 84 85 34 89 167 49 9 16 26 138 16 62 174 35 144 154 2 56 47 147 37 131 136 4 30 36 87 20 127 99 44 144 17 2 146 70 25 156 81 45 113 92 161 20 158 108 61 121 179 151 169 20 85 116 176 128 143 24 126 66 61 38 103 165 130 141 157 28 38 136 179 82 126 95 173 179 153 85 147 107 145 159 128 66 119 25 132 46 76 3 90 10 53 33 85 127 67 117 46 120 52 86 27 170 132 105 56 134 82 120 41 70 53 42 134 150 171 74 90 95 1 95 102 40 102 101 138 26 76 163 146 171 154 82 176 172 63 83 25 2 121 4 89 80 86 34 93 55 11 170 14 120 130 81 149 163 108 29 68 40 59 18 65 29 50 156 148 93 138 138 71 66 174 85 4 75 128 157 148 82 71 61 38 16 145 173 16 176 123 11 111 11 9 138 156 77 157 58 142 90 53 9 70 7 8 170 36 113 19 38 5 166 10 152 179 66 52 22 95 31 118 85 89 152 51 151 83 131 1 96 62 84 124 34 9 103 157 142 135 130 145 146 20 23 85 167 35 161 89 166 28 103 58 52 86 132 163 99 80 50 91 45 11 177 135 177 88 82 98 141 78 115 151 142 55 128 39 124 133 114 36 43 8 105 163 84 43 166 138 133 19 74 123 21 48 123 112 90 72 174 102 136 51 121 1 70 120 103 65 87 121 107 19 21 115 1 15 97 180 78 154 74 53 69 1 116 158 54 25 81 21 56 18 77 87 142 89 147 102 172 77 117 117 17 10 157 168 162 136 72 111 144 77 102 64 51 115 146 127 72 31 8 172 36 140 144 98 179 90 143 88 20 124 60 173 47 134 81 147 22 70 51 145 113 55 63 153 53 132 114 98 6 96 118 10 140 176 61 40 75 21 6 69 177 60 148 46 165 169 129 153 67 55 122 65 65 24 24 65 4 77 30 152 122 31 57 127 161 52 168 53 162 90 153 103 112 101 63 178 117 72 135 140 166 100 10 65 57 59 114 90 144 109 149 60 79 143 97 2 142 58 148 140 146 169 103 178 69 163 57 173 163 114 171 78 167 85 13 133 105 53 157 27 25 83 175 109 82 21 90 101 86 59 55 65 81 142 97 125 59 54 42 28 122 165 13 100 51 46 5 170 98 166 154 157 46 122 152 37 150 41 27 72 71 57 56 83 77 83 44 132 87 122 106 2 136 60 176 71 143 166 75 45 171 76 27 91 104 97 70 7 123 131 169 120 116 25 79 46 109 46 159 7 106 151 156 13 100 173 12 15 97 175 177 27 148 41 113 154 7 38 21 114 68 159 70 108 149 118 6 60 146 155 116 127 22 57 170 10 153 83 120 27 53 89 118 74 40 139 17 111 143 35 147 15 41 73 10 23 74 59 114 120 12 159 4 66 151 110 41 149 72 3 169 66 75 14 121 69 135 39 28 82 1 168 139 52 66 67 26 34 119 90 132 30 146 10 155 103 144 38 26 47 41 13 151 12 90 11 77 8 118 115 63 170 116 63 165 55 53 58 158 139 99 127 110 82 163 33 167 24 95 30 49 175 167 125 120 120 69 126 5 115 52 140 133 30 14 58 179 67 115 134 57 150 34 173 32 48 138 171 177 62 65 25 14 46 30 62 15 23 104 55 78 146 33 1 2 50 23 49 57 133 40 126 121 52 10 68 20 81 1 84 134 82 89 11 5 50 174 108 144 73 143 57 175 121 140 123 4 115 122 109 23 113 72 52 26 111 74 35 1 59 112 31 43 171 134 76 15 167 139 97 50 137 56 43 45 18 33 14 137 37 172 141 136 115 55 67 162 8 7 26 58 112 158 11 176 111 138 122 142 130 129 35 50 49 147 123 169 175 100 48 172 9 35 141 131 104 5 2 162 86 96 143 8 164 55 155 12 98 83 37 177 13 78 84 102 67 171 68 172 163 147 27 11 129 89 109 116 84 76 50 165 105 21 2 114 127 84 88 35 24 142 121 147 161 36 152 8 132 67 25 12 68 68 37 170 113 58 177 71 89 50 30 31 60 131 86 73 151 83 53 95 146 18 54 178 29 103 40 158 137 23 68 35 100 172 151 176 33 124 151 136 61 113 89 106
34 30 50 122 55 45 2 152 134 35 35 107 83 177 131 147 149 42 119 8 136 73 32 147 82 47 5 23 74 18 153 45 52 40 144 54 61 164 122 83 109 97 94 80 83 72 33 56 22 89 67 146 123 60 111 116 93 6 41 167 76 110 70 109 9 107 6 103 20 40 77 94 154 41 84 33 73 138 135 105 154 22 17 148 145 160 171 74 144 85 135 83 104 94 139 128 113 83 16 34 180 155 131 51 179 38 13 114 49 43 100 136 19 80 18 58 33 96 155 118 40 54 37 124 82 107 117 99 24 110 24 84 71 3 128 22 26 154 41 14 17 144 32 82 148 160 12 62 90 8 91 91 164 50 30 143 102 104 147 87 60 152 17 154 138 138 14 62 149 65 167 76 61 87 124 176 144 174 44 92 148 158 117 160 91 179 79 33 99 7 167 21 89 21 67 145 27 103 77 59 42 100 119 137 171 51 26 62 51 4 95 125 140 102 82 1 58 20 96 86 159 33 33 110 144 112 71 5 110 41 63 57 27 54 58 104 162 42 119 54 74 125 12 86 66 88 167 69 178 173 137 74 141 69 167 96 155 8 36 7 74 42 117 10 61 173 123 83 2 135 108 11 91 30 64 146 137 152 55 64 3 69 32 116 89 90 72 96 32 88 117 159 85 23 128 48 146 169 27 80 20 178 83 17 61 146 162 123 147 78 46 114 28 49 82 45 151 150 176 93 176 22 78 2 136 35 142 162 164 179 34 79 51 40 74 85 30 93 59 14 1 66 137 129 39 159 86 76 47 4 129 54 97 166 16 4 106 52 117 38 149 73 19 151 50 172 175 47 177 175 84 146 65 56 91 32 88 132 173 84 148 59 144 62 40 119 97 35 142 126 9 44 120 124 144 138 119 1 57 20 12 125 63 75 125 8 136 1 30 100 110 55 32 118 135 127 135 33 24 111 121 91 32 156 167 131 141 77 145 29 158 5 116 101 108 149 175 142 176 74 2 65 30 146 130 46 27 133 94 140 1 58 66 23 171 59 93 79 8 19 137 110 173 82 141 98 17 163 161 80 146 42 151 72 94 165 107 49 61 47 136 105 164 114 133 177 151 157 73 51 167 65 97 43 41 73 119 97 130 38 110 8 71 87 17 140 152 50 92 58 90 18 71 44 113 76 75 117 169 114 83 6 91 163 50 155 86 45 63 6 122 76 90 16 134 2 174 135 133 50 153 84 124 180 92 63 138 97 39 106 126 81 82 14 80 119 39 79 137 136 22 172 2 118 47 60 122 87 20 156 8 151 78 50 127 163 165 81 149 76 144 17 20 4 61 109 1 60 70 127 60 164 155 58 70 72 112 47 71 173 101 84 55 88 133 7 168 13 24 107 35 164 3 145 9 53 130 54 28 32 96 131 70 106 115 28 18 102 11 16 163 154 180 132 35 26 26 135 117 122 118 133 150 108 136 8 128 79 77 160 28 96 81 67 72 160 152 49 160 133 150 104 109 51 17 41 2 36 5 38 114 125 5 122 125 59 30 158 109 174 134 121 9 72 138 81 32 111 87 167 128 72 34 178 32 58 61 157 16 43 1 180 61 41 77 179 20 15 40 146 10 131 94 75 84 122 43 114 46 56 129 54 39 168 169 144 152 157 71 80 156 136 153 142 35 106 7 153 109 53 96 137 39 16 72 34 153 142 97 133 16 11 126 165 82 150 24 83 125 67 48 110 48 146 162 70 110 64 149 147 26 36 31 35 68 44 165 24 97 158 106 61 36 117 42 28 68 127 88 159 92 27 56 10 23 102 142 8 64 130 67 90 6 38 160 175 39 73 111 71 56 105 171 83 154 134 132 30 158 94 141 49 130 76 96 42 75 50 17 84 32 151 60 107 28 82 138 65 54 159 14 81 147 12 73 65 78 103 172 13 173 134 24 134 98 12 25 109 110 99 25 47 64 26 87 26 73 118 49 169 109 157 126 31 20 65 141 15 167 132 12 33 10 3 125 117 70 176 124 39 150 54 80 50 149 114 29 6 180 177 156 166 111 105 134 33 73 165 65 126 106 136 30 11 167 114 91 17 143 122 106 168 175 107 14 68 69 72 29 44 24 177 177 105 112 149 29 178 102 162 113 98 123 7 60 22 127 21 170 9 27 104 41 27 96 5 9 113 129 25 169 78 33 6 165 130 116 81 134 166 13 163 23 21 158 54 60 48 70 76 5 116 10 155 180 128 84 112 6 70 107 14 146 40 121 8 76 24 129 81 160 159 1 121 144 64 12 66 64 144 125 125 166 87 139 101 155 164 65 117 13 89 100 105 27 161 123 16 17 79 60 117 97 47 146 33 74 27 173 136 65 46 84 121 28 164 13 61 99 86 174 137 133 51 165 28 53 36 115 44 158 158 95 151 97 162 33 163 171 8 164 83 127 12 47 34 54 75 174 69 5 117 35 114 22 87 146 46 154 127 25 20 151 144 84 153 139 179 136 135 167 123 35 41 146 166 108 96 24 24 172 117 165 159 105 143 89 16 4 174 65 145 103 38 170 174 153 61 72 115 177 161 97 164 36 66 33 143 18 92 71 122 102 49 118 174 156 111 162 148 176 170 178 139 4 79 158 5 42 79 127 61 44 65 92 180 166 26 39 88 114 73 59 180 114 34 158 36 47 127 44 95 17 149 71 88 177 130 11 118 166 168 53 121 129 82 158 161 21 116 66 100 137 96 121 111 7 142 10 100 10 169 115 109 154 103 95 105 118 20 123 51 70 30 139 175 125 58 101 121 12 44 93 34 21 65 33 45 165 116 167 27 55 69 3 81 26 70 128 131 116 150 69 85 150 73 49 50 150 80 135 139 46 104 135 39 88 91 136 63 68 116 147 13 40 37 152 34 156 20 54 175 38 39 29 126 40 62 159 54 103 79 108 149 142 27 134 79 149 65 32 101 131 150 118 68 57 166 35 83 74 110 32 151 12 139 139 106 4 28 137 136 73 91 87 8 94 60 154 102 2 124 19 158 119 28 63 43 51 162 115 122 31 120 150 68 180 86 97 162
167 42 75 54 47 21 80 130 84 85 105 121 19 15 50 142 158 70 27 31 163 71 109 1 124 152 29 62 163 119 154 87 60 127 32 16 106 39 124 176 63 107 110 86 78 87 51 153 164 133 46 9 58 163 13 170 2 13 18 117 66 141 53 83 161 84 143 49 50 136 71 166 145 93 139 102 31 68 38 1 82 130 43 104 34 78 138 17 173 20 148 109 6 120 166 62 19 45 58 65 82 17 40 48 8 14 159 132 53 124 144 38 90 40 140 35 177 90 59 168 161 122 163 154 26 144 5 11 10 144 1 104 58 150 105 64 7 144 55 162 28 36 47 19 95 116 179 119 160 137 114 137 180 166 126 12 15 13 118 72 120 47 83 49 152 37 5 113 178 174 17 25 22 8 70 57 26 144 87 24 166 60 167 157 6 159 78 143 159 27 42 142 148 145 69 3 120 130 22 154 23 137 93 58 143 170 171 86 112 151 169 176 56 107 21 44 77 24 46 67 36 58 11 88 85 150 31 10 35 5 143 38 107 40 58 89 54 62 17 111 92 148 24 89 137 7 137 179 4 131 157 16 173 152 9 105 66 96 154 151 171 150 95 172 60 115 102 31 12 85 96 14 74 100 74 157 163 63 133 4 107 1 51 169 166 90 101 145 81 78 97 141 96 172 12 56 143 38 168 143 162 71 135 35 171 101 66 124 126 151 29 128 84 129 12 103 130 151 31 24 1 78 150 140 165 103 22 16 167 120 146 122 141 130 91 71 20 79 5 147 41 28 180 60 97 2 22 36 120 45 11 84 91 25 40 105 25 74 50 88 165 14 55 37 19 179 143 47 156 144 121 167 50 22 78 5 35 96 11 119 123 152 156 3 7 102 11 149 94 69 63 20 146 86 144 127 63 138 73 122 145 161 150 22 79 42 157 92 35 30 30 108 132 111 86 71 116 148 99 146 140 33 161 178 124 51 13 170 31 97 165 126 179 32 112 52 164 17 62 114 2 114 6 68 105 95 47 87 86 120 70 130 163 125 41 13 62 54 69 77 58 180 107 23 16 27 126 85 81 112 132 105 100 84 138 19 89 45 18 133 6 116 110 37 43 70 111 121 63 113 15 55 129 170 1 6 24 59 148 133 90 162 55 32 1 94 175 10 133 164 111 173 156 43 143 114 143 177 79 70 104 102 66 59 21 85 66 50 75 121 4 7 107 45 124 122 131 68 169 164 21 26 174 43 79 56 60 172 96 73 10 171 157 159 170 80 68 109 177 136 94 75 168 165 38 173 40 111 141 142 37 61 174 75 107 1 154 167 119 100 12 84 113 164 28 170 120 12 160 138 75 18 2 129 179 19 141 174 168 115 39 89 143 149 180 176 177 88 25 89 39 43 105 166 140 119 136 131 63 12 88 149 149 29 177 64 128 119 91 58 34 43 42 124 2 166 179 65 4 14 31 27 9 10 32 83 105 151 13 173 6 176 178 65 174 140 29 43 170 57 78 143 89 153 24 167 90 52 114 92 62 105 156 172 45 40 5 40 126 92 159 137 110 55 20 86 36 118 67 121 53 55 134 83 100 10 103 7 61 40 180 64 68 71 138 139 4 149 165 149 56 75 125 28 122 144 132 31 34 15 64 87 123 141 149 71 127 99 80 96 93 126 28 171 35 98 112 128 57 21 134 66 33 162 26 8 177 96 84 164 135 167 30 94 59 86 148 98 154 81 46 77 31 42 83 114 178 78 24 52 89 175 70 25 65 99 96 154 12 144 3 98 119 160 167 131 111 158 29 141 15 135 126 56 122 127 150 106 19 9 159 75 135 144 102 4 42 143 143 11 122 122 128 179 140 104 7 175 84 42 148 133 137 39 5 88 180 77 91 125 3 60 175 126 1 173 99 44 135 84 14 37 35 179 86 156 166 60 15 101 136 152 94 138 5 153 84 40 46 174 166 24 124 92 113 130 156 23 29 54 175 10 119 77 1 151 90 159 81 97 95 132 116 178 111 43 169 108 105 135 22 66 85 17 28 4 88 87 38 160 31 32 168 7 79 152 178 6 103 91 35 50 49 112 104 122 17 36 96 73 99 58 18 144 39 147 83 57 112 116 180 113 161 84 99 11 9 47 174 36 175 61 161 131 5 89 176 67 37 75 133 145 108 135 116 122 45 47 36 76 130 110 100 137 114 6 174 174 161 42 77 45 6 101 56 141 169 134 9 155 4 69 47 102 102 26 5 70 74 51 142 67 94 6 23 113 34 171 23 133 148 97 163 24 146 79 151 114 6 72 89 128 84 92 111 148 61 180 134 107 152 139 171 75 54 38 176 159 17 7 150 132 178 157 140 7 30 138 43 20 82 88 54 80 53 36 95 14 49 27 33 16 9 33 46 60 157 114 49 154 106 29 44 108 130 8 105 13 106 112 75 116 75 46 170 31 5 27 38 24 71 115 155 22 103 39 153 72 57 97 132 69 142 86 17 27 168 36 56 50 104 32 11 71 83 2 64 126 177 152 141 48 100 35 161 1 140 125 137 170 37 178 25 84 18 57 65 86 75 34 159 44 75 122 22 134 118 91 171 143 145 74 77 54 95 164 138 32 130 44 93 174 70 104 135 99 22 99 144 27 179 4 130 119 96 55 129 144 151 62 31 126 39 106 48 120 11 90 73 141 27 132 177 81 164 163 1 82 15 97 101 117 87 5 171 143 54 66 148 67 152 26 71 120 127 134 11 178 39 174 78 33 66 108 108 70 21 164 59 98 40 7 172 117 76 27 167 50 101 74 103 121 157 79 153 155 172 48 11 167 124 111 169 102 72 10 103 34 179 127 40 27 46 99 108 53 31 127 104 143 46 163 129 100 121 39 175 87 15 53 94 26 131 118 52 175 137 116 87 134 50 157 69 84 107 172 68 147 69 83 170 66 145 152 22 146 161 151 93 68 172 17 151 85 170 88 23 152 16 73 132 17 20 116 32 93 115 49 20 105 133 77 68 43 122 56 42 52 48 177 49 7 10 103 114 150 172 53 83 178 16 35 49 41 97 179 68 158 76 59
179 100 85 95 155 155 151 47 78 94 96 100 124 27 170 68 164 4 96 105 3 55 165 139 99 62 82 174 156 6 70 7 95 42 39 140 90 122 45 162 93 143 72 34 170 129 83 103 130 126 25 105 90 33 141 138 75 5 38 37 50 174 87 54 145 125 133 55 178 89 65 133 82 82 158 25 172 160 151 129 6 112 74 120 134 21 140 134 128 146 129 139 118 91 16 134 136 171 123 177 56 82 62 7 11 41 118 9 20 157 50 26 44 29 148 118 102 9 165 35 75 87 157 106 115 76 161 2 6 153 31 168 65 57 9 17 132 60 88 138 41 30 89 58 10 111 79 164 160 109 148 40 70 142 29 93 171 36 176 60 104 146 20 170 107 155 150 127 75 91 112 46 3 176 105 108 128 82 6 26 151 103 62 173 146 150 64 45 48 138 167 163 75 127 101 24 179 127 2 116 46 66 46 121 155 34 21 163 23 88 61 20 130 180 32 13 37 133 123 88 85 108 59 85 96 87 77 147 38 72 94 101 42 1 127 99 1 105 22 90 148 7 16 145 2 136 64 77 128 134 36 154 167 11 42 83 119 88 100 8 135 117 26 49 26 170 19 135 23 97 130 153 37 123 156 42 14 127 70 150 128 12 98 94 35 82 68 127 13 51 112 32 45 150 179 124 161 95 79 146 90 138 144 30 23 115 128 118 51 68 40 20 144 83 153 166 177 165 120 50 151 67 72 158 156 170 85 85 78 13 162 51 140 175 130 111 116 172 32 149 31 157 34 120 108 121 40 158 122 49 165 154 82 59 173 107 34 104 84 25 60 90 39 50 49 135 15 43 151 41 14 11 69 44 79 141 132 50 145 30 110 3 124 85 139 68 126 91 178 42 141 42 139 95 13 51 137 41 36 66 39 17 126 65 175 121 15 77 9 95 175 22 18 105 115 67 108 39 87 38 32 87 59 56 89 169 87 135 44 94 16 119 95 103 103 11 171 94 40 51 21 139 3 155 119 158 112 179 55 107 27 74 90 53 101 75 116 131 91 162 87 101 136 20 138 69 160 161 141 116 83 152 141 162 72 28 85 168 33 56 73 127 51 39 81 42 81 55 26 147 160 34 10 20 1 55 37 126 163 140 36 150 124 95 24 129 65 49 58 132 32 156 76 173 100 12 151 168 49 86 158 156 82 71 22 125 166 145 72 60 116 159 140 179 144 63 78 91 172 12 173 134 110 157 16 86 85 9 55 132 61 157 36 147 34 111 104 87 144 147 167 154 72 43 136 21 34 175 118 151 33 171 95 85 178 116 10 111 29 103 40 159 74 39 178 44 142 42 55 123 89 74 48 82 90 110 81 42 161 175 143 124 110 48 111 87 123 101 3 108 31 51 71 48 2 69 18 91 137 73 9 111 154 64 41 122 77 26 175 43 100 165 161 164 165 133 157 173 19 70 18 107 105 117 171 61 14 115 32 171 13 132 95 149 138 64 89 153 111 2 167 141 167 40 68 86 148 125 129 45 122 67 113 58 10 30 53 24 156 26 31 44 118 98 107 176 73 117 85 14 100 14 62 70 103 20 17 30 67 51 14 172 180 165 174 50 145 90 32 91 2 138 40 128 123 113 146 18 4 157 109 47 174 109 40 138 88 178 124 98 118 53 107 101 52 145 78 20 37 83 103 97 177 20 133 47 109 162 95 17 84 26 27 160 171 35 40 104 88 162 127 10 178 49 137 78 58 48 19 129 176 157 102 121 10 166 125 23 171 36 151 53 174 70 104 102 90 165 170 61 8 21 38 22 95 29 167 159 151 107 143 84 87 136 39 100 16 94 71 89 150 139 51 47 86 112 63 79 116 174 177 92 10 176 97 103 80 176 154 7 89 133 106 75 7 96 69 62 19 180 138 169 180 25 152 90 9 47 32 154 116 55 59 153 150 11 105 121 51 59 116 178 68 153 155 22 135 72 113 20 56 37 172 173 109 85 22 45 149 133 147 3 131 108 121 122 74 60 130 62 75 88 39 24 116 136 160 169 121 144 112 156 10 42 134 88 131 50 135 148 164 112 147 103 158 71 101 95 37 172 36 144 101 61 138 93 24 166 32 144 93 34 5 55 72 37 163 177 25 37 48 48 130 168 81 133 24 148 174 17 33 26 17 165 60 26 155 145 45 113 34 95 45 7 134 44 174 80 162 168 96 82 82 3 51 110 171 158 151 34 11 56 34 124 133 173 42 173 58 34 98 34 11 13 25 68 72 98 67 10 76 65 112 120 43 78 23 18 115 61 130 87 134 87 75 34 48 73 100 103 160 99 121 31 18 18 96 66 53 14 148 161 158 178 154 179 75 59 102 83 101 161 175 89 171 22 86 16 134 105 114 16 118 90 77 7 90 123 122 18 88 79 69 117 120 94 83 6 47 101 38 139 49 27 118 55 31 70 131 29 94 129 46 114 103 152 68 14 98 135 132 84 61 122 179 18 180 76 170 127 47 165 84 145 35 119 107 145 164 77 32 165 12 110 16 144 91 59 78 157 40 102 109 29 172 173 49 130 139 155 180 120 19 162 155 127 34 9 67 106 19 32 161 9 149 74 145 5 5 81 144 36 91 161 128 38 141 128 151 29 22 79 176 31 142 148 179 180 45 85 130 161 79 143 108 90 24 142 37 157 81 124 131 110 161 35 10 145 174 15 128 15 95 109 33 79 129 44 157 11 73 163 139 14 21 87 151 90 158 135 109 150 71 83 164 148 38 25 56 171 15 81 86 117 135 13 67 23 25 132 60 116 175 142 120 55 28 168 85 16 40 19 144 169 24 157 137 3 139 64 91 111 62 95 131 38 34 172 180 43 121 117 164 101 73 159 72 76 18 32 94 67 165 136 115 130 119 99 56 57 115 168 61 25 36 95 175 142 6 23 147 124 61 131 32 156 128 143 135 35 11 36 137 22 108 107 23 72 93 152 63 5 19 8 13 74 47 172 83 174 129 21 92 151 57 12 14 164 135 128 138 64 109 121 9 17 6 54 167 160 168 156 61 68 3 8 89 137 64 53
21 178 62 69 76 165 42 15 168 145 33 141 162 110 114 129 70 145 9 71 173 64 112 175 148 10 67 63 147 132 96 69 73 174 156 15 103 67 173 110 43 127 149 46 28 20 146 115 18 91 164 18 27 125 176 17 28 177 44 43 164 170 133 176 5 173 24 32 138 57 68 55 10 131 147 65 162 100 41 127 178 164 123 5 138 141 139 51 38 147 175 102 136 99 143 74 57 43 21 4 2 86 48 86 134 73 141 116 5 141 175 176 24 133 5 68 141 5 139 37 83 65 93 134 173 143 171 116 20 82 80 123 42 33 11 25 102 21 77 126 177 101 156 151 178 23 153 56 158 135 178 159 145 72 75 156 114 61 31 18 58 118 175 98 46 144 38 130 53 68 72 71 84 37 133 18 24 42 4 34 48 115 171 130 126 15 146 9 33 69 104 107 93 124 33 83 31 144 107 108 75 160 145 49 105 71 161 60 101 172 136 145 11 71 115 154 62 60 1 91 108 3 81 64 116 152 73 119 62 169 115 169 47 145 176 89 56 109 45 40 88 72 58 130 163 67 74 170 14 80 158 100 151 16 103 30 117 104 39 67 150 66 140 93 161 4 50 61 162 112 149 42 125 134 64 144 31 111 47 4 121 150 40 148 21 78 96 7 88 83 171 75 166 56 98 11 28 60 44 159 34 125 154 112 123 107 142 154 76 113 148 85 4 79 9 107 164 63 159 155 163 104 20 68 136 90 35 172 173 117 132 44 96 135 100 23 113 162 127 42 45 121 75 86 42 53 31 136 121 135 178 133 9 5 28 94 101 171 78 114 157 109 78 146 92 63 89 30 12 68 80 94 113 124 167 43 87 22 19 87 10 91 30 69 178 50 150 81 106 41 58 31 24 133 47 72 180 158 54 39 13 122 158 160 24 36 103 58 36 142 126 175 62 111 23 168 26 48 46 60 37 180 66 145 148 43 156 102 25 23 156 92 101 65 36 72 71 13 13 45 116 86 163 124 19 132 152 92 151 41 58 16 155 11 66 79 45 61 78 84 152 31 76 105 114 86 7 129 20 51 5 30 50 11 86 116 134 50 171 44 43 160 62 28 145 79 75 95 159 98 31 126 134 91 98 89 94 150 66 96 51 140 66 170 104 21 136 139 61 71 24 27 131 82 33 123 80 175 174 117 50 67 174 44 72 47 40 41 54 60 46 101 68 147 9 77 36 142 46 78 121 99 110 176 64 165 91 94 78 3 19 145 145 40 118 129 164 159 162 63 53 78 105 126 15 74 44 15 71 78 159 69 97 127 85 179 101 149 80 80 72 44 34 111 169 125 60 143 98 146 168 100 174 100 99 4 63 127 168 145 98 58 103 61 156 83 13 105 122 37 124 140 94 36 57 8 101 4 148 172 30 3 91 5 90 125 74 110 106 117 126 149 142 13 113 3 54 26 84 119 28 139 44 72 50 130 17 45 87 5 140 77 67 165 2 3 17 125 146 176 148 162 177 152 64 52 60 18 85 57 31 138 69 13 108 11 131 76 168 91 130 89 95 140 62 36 145 111 5 74 58 120 148 137 48 174 135 69 172 59 171 138 61 16 6 143 75 20 179 137 136 90 150 129 66 103 14 165 78 77 152 90 147 176 1 112 23 79 30 61 38 175 62 147 119 16 88 84 6 98 152 21 99 158 40 151 55 106 155 24 91 120 143 169 133 57 54 123 93 32 110 121 15 137 169 130 78 179 65 30 15 32 52 136 10 42 29 119 72 62 131 53 158 31 59 152 96 46 81 158 3 64 169 29 125 60 65 86 55 100 3 67 52 142 132 115 104 72 153 119 114 2 173 55 52 1 153 142 51 175 80 20 82 6 69 85 75 70 41 18 131 96 129 113 138 103 62 109 154 175 14 69 84 180 74 131 80 27 23 105 179 175 129 6 52 129 64 178 140 90 136 77 128 61 148 39 150 31 167 88 73 20 50 163 106 21 82 24 56 139 82 93 90 147 4 88 180 162 6 18 86 75 8 106 144 140 86 166 107 94 65 136 109 91 72 108 119 120 132 156 131 151 149 35 5 80 15 13 78 80 39 121 96 21 121 165 44 126 176 4 131 136 64 151 113 150 14 36 104 110 58 172 147 84 7 90 47 144 174 28 24 64 54 18 141 137 80 5 146 29 139 101 130 53 128 174 139 70 122 125 58 113 12 88 81 134 94 76 139 112 170 65 37 126 95 45 6 112 120 170 117 149 56 148 150 98 14 104 45 157 76 158 82 1 61 11 138 146 65 176 15 169 130 102 127 42 163 20 53 80 19 58 88 52 107 108 104 86 96 38 28 26 178 114 43 15 142 116 46 79 70 100 77 78 68 131 79 27 120 87 52 131 174 175 114 63 158 119 55 16 2 25 73 37 32 154 63 111 46 49 73 160 137 49 23 59 143 115 67 166 41 116 28 167 42 71 65 128 27 43 75 8 160 6 158 164 156 31 5 69 98 56 75 62 66 123 173 86 90 95 143 104 19 55 9 161 171 179 34 146 101 132 155 100 103 175 35 174 37 10 16 133 41 118 152 94 113 158 86 132 39 108 74 174 71 97 2 99 49 162 21 143 84 128 59 65 54 54 52 119 39 137 59 111 11 76 123 131 120 30 107 37 64 170 17 43 131 35 39 143 101 141 54 22 46 37 172 21 7 152 74 116 151 59 18 142 5 29 40 62 157 141 62 85 51 73 83 144 63 5 35 170 60 29 72 37 63 89 144 20 146 97 68 139 161 161 24 12 123 44 104 75 137 94 92 131 6 126 161 168 125 6 85 15 93 147 113 77 163 98 42 60 105 159 34 149 30 103 116 60 163 151 104 53 167 59 120 116 119 136 16 95 35 177 162 171 69 100 77 84 69 73 42 147 153 168 46 164 101 78 162 165 44 116 41 10 12 16 126 94 39 7 21 174 20 162 166 121 162 67 166 177 86 155 129 76 122 52 54 60 179 50 22 160 36 146 137 50 98 76 168 78 134 161 112 24 110 13 86 19 125 46 105 127 25 178 46 175 14 102
40 172 144 54 155 74 93 64 97 122 24 56 101 126 174 159 148 65 146 6 176 102 145 175 65 94 30 60 22 84 99 140 158 5 75 134 32 115 35 109 125 148 152 149 167 153 165 95 24 107 51 77 84 136 128 42 148 59 17 142 6 15 131 116 35 165 179 140 88 161 33 102 29 144 144 125 81 169 163 20 63 71 166 147 114 78 101 22 68 84 124 29 163 77 75 116 27 43 87 42 60 179 73 68 110 40 148 132 43 103 125 68 141 43 51 169 108 26 180 41 135 3 162 84 60 161 88 3 104 153 43 154 80 174 131 11 94 95 157 83 143 110 108 141 137 156 29 135 46 76 90 65 26 168 23 12 116 72 156 144 113 76 31 158 104 164 86 67 62 27 28 55 105 92 91 93 2 111 2 58 83 165 110 178 127 53 64 159 43 98 170 58 94 13 153 158 40 92 158 26 34 103 94 75 67 140 174 60 98 47 98 150 77 160 129 169 46 41 137 127 165 101 162 31 100 79 143 78 138 28 142 134 170 109 75 15 157 79 115 120 106 113 43 101 53 123 131 32 111 118 84 52 146 169 58 132 16 43 68 36 99 68 157 76 163 64 21 15 156 59 87 84 145 44 166 46 47 73 179 138 119 174 134 123 84 112 73 131 155 174 158 172 70 119 112 154 1 92 171 86 102 90 168 132 68 29 150 96 127 88 163 37 69 166 25 18 74 107 178 176 133 49 128 164 112 159 64 10 153 94 53 78 135 19 44 97 34 171 179 122 46 33 90 67 52 129 99 118 180 57 49 98 29 81 73 111 20 130 177 25 180 167 81 95 101 5 167 148 4 140 108 18 179 109 146 58 99 76 14 120 146 50 100 70 26 76 140 81 1 71 8 163 48 84 5 123 34 26 92 45 64 131 36 52 33 122 156 112 84 67 104 12 101 121 51 158 16 24 148 1 33 50 14 22 79 17 6 81 5 45 96 53 22 58 69 94 142 156 133 145 112 64 75 56 87 102 162 154 42 145 154 106 53 157 136 25 170 161 112 86 14 3 114 54 8 174 148 123 34 82 40 180 8 51 48 144 124 91 27 79 169 35 179 99 102 15 72 110 106 119 176 111 95 99 90 25 50 42 87 59 95 176 26 31 21 136 161 57 90 101 144 31 117 105 176 92 92 66 107 18 90 115 118 94 73 58 4 98 148 52 149 85 1 155 125 130 69 169 15 110 103 173 157 56 53 41 22 112 56 127 137 35 162 154 131 103 15 157 119 133 61 75 154 134 157 29 176 99 63 101 8 142 14 46 92 124 166 180 150 3 158 63 67 18 106 98 135 88 130 33 170 34 6 28 53 70 145 90 61 66 159 47 18 133 100 40 130 41 64 50 116 174 175 105 27 99 160 64 94 130 39 50 37 30 35 31 170 8 134 124 178 145 42 29 178 167 13 117 167 157 31 169 130 148 92 51 49 137 106 142 123 158 93 147 52 175 140 162 113 34 165 52 160 36 136 42 157 99 67 91 121 37 43 158 28 91 145 10 174 174 6 175 38 30 69 90 143 124 41 116 160 4 145 70 76 100 56 157 70 9 141 50 48 147 133 2 7 58 51 19 18 84 119 161 169 37 82 29 4 166 122 116 107 171 43 58 114 129 157 19 156 104 57 24 67 156 115 92 124 50 85 38 65 172 140 149 75 17 97 168 101 50 81 159 112 65 97 6 111 2 163 74 65 28 159 90 130 6 116 72 147 71 35 158 135 63 133 169 79 92 125 171 104 130 72 140 95 49 117 170 31 40 101 7 60 72 148 160 16 15 139 81 33 122 160 69 68 129 39 62 89 1 73 17 74 73 113 97 38 89 127 76 45 132 53 6 156 59 91 59 108 176 92 119 147 62 9 172 159 133 149 67 54 58 78 59 162 8 89 3 154 161 174 158 100 29 178 69 54 82 124 139 93 114 103 135 122 42 110 140 63 93 136 37 83 100 119 167 69 49 88 148 69 30 126 127 81 9 151 116 94 120 92 50 120 38 163 25 26 83 81 134 163 53 157 106 75 133 146 7 39 94 39 74 4 129 64 107 61 60 136 70 91 40 62 62 52 103 111 106 27 173 22 170 124 5 111 67 126 18 125 139 165 70 136 172 74 100 25 140 138 2 102 59 3 123 28 13 56 70 178 104 146 53 82 38 97 179 173 23 92 124 63 171 113 86 27 41 118 107 97 66 130 68 157 9 25 133 165 40 87 6 175 9 131 176 124 96 26 152 165 77 162 150 139 16 54 34 77 164 6 132 12 158 180 137 171 180 10 123 164 53 126 159 114 174 162 177 168 45 174 165 64 78 19 90 11 45 177 98 155 75 28 93 10 101 162 1 171 19 104 178 146 60 129 1 5 18 159 172 153 31 82 96 37 83 79 125 130 116 174 28 86 152 33 72 129 123 180 31 168 146 47 72 113 51 90 119 19 179 154 135 14 105 119 170 41 122 49 104 77 131 91 99 48 86 117 156 21 52 139 145 179 157 31 121 9 141 91 50 141 115 168 177 30 70 77 12 16 148 91 33 66 41 31 100 126 130 28 24 43 81 50 178 126 100 51 44 106 180 84 129 143 143 176 147 123 44 161 76 84 6 84 80 34 129 66 153 4 60 170 154 167 47 40 91 105 150 153 62 76 123 26 137 153 99 11 10 80 46 65 67 64 107 56 65 123 25 34 77 176 67 12 58 33 62 133 106 11 114 93 70 171 70 32 21 10 107 9 79 68 154 128 35 46 180 148 169 80 13 166 14 28 129 178 34 91 100 10 140 129 96 139 66 100 154 41 88 108 51 31 59 174 168 41 76 80 105 53 97 168 20 111 110 161 85 25 64 48 172 54 155 79 61 120 32 140 54 51 55 70 96 167 88 75 37 29 56 99 36 154 131 52 100 153 142 79 69 2 143 19 85 49 116 105 123 177 175 86 77 25 70 22 1 158 4 83 50 14 122 92 165 43 99 159 76 7 56 90 14 102 115 13 107 116 115 170 36 157 105 79 81 12 79 5 97 98 96 46 149
100 96 131 160 38 57 90 179 169 178 33 136 60 174 30 10 150 38 76 116 137 147 135 147 16 132 84 151 103 61 162 42 135 136 21 85 63 77 30 161 164 122 162 50 8 23 6 96 95 42 173 128 165 97 10 104 132 171 165 6 35 116 98 177 177 53 38 171 172 92 145 156 137 100 133 25 144 78 122 91 38 178 28 105 44 164 180 39 128 19 10 66 22 56 14 99 54 166 111 118 108 30 130 168 51 34 55 114 165 9 175 40 167 122 151 92 59 37 96 98 160 79 8 64 177 151 78 130 101 53 12 12 9 3 142 146 168 157 14 177 28 116 72 139 80 142 161 118 6 117 114 100 107 100 84 64 95 55 118 54 175 15 143 75 90 69 130 23 166 11 117 43 118 124 30 10 160 45 18 173 75 105 14 20 124 122 128 6 167 173 160 18 169 134 28 116 110 104 41 99 21 141 108 96 174 11 147 168 112 61 107 170 25 180 154 94 44 26 136 146 62 53 29 141 12 113 88 95 72 86 137 136 177 176 122 154 148 177 160 95 142 136 83 93 28 104 88 13 150 180 179 88 69 56 114 112 32 87 30 92 170 174 28 15 150 124 92 99 171 66 57 105 149 98 14 6 75 135 65 120 97 147 141 84 68 134 17 33 41 148 155 95 100 5 81 9 140 67 128 16 3 65 113 151 37 128 39 132 96 140 10 130 80 127 104 123 60 165 8 172 159 86 112 23 90 125 131 1 117 178 1 76 27 46 16 15 164 104 124 69 26 130 43 155 62 45 63 28 41 105 65 168 50 56 59 58 70 134 174 171 51 22 121 157 143 7 177 158 129 105 92 92 144 163 19 54 102 103 62 165 149 33 44 113 169 129 155 114 83 161 101 74 65 160 177 155 10 8 82 137 139 87 54 41 62 102 172 88 141 49 35 34 161 126 83 13 82 85 18 144 12 47 148 102 52 170 179 146 72 33 41 37 110 16 30 103 134 105 32 45 36 71 148 40 90 146 171 69 53 155 163 87 174 39 1 85 13 106 5 23 124 16 148 25 32 51 42 26 8 157 52 46 26 10 84 114 46 154 125 180 46 143 167 11 33 71 4 126 94 47 34 102 70 175 18 23 159 69 6 102 63 20 109 161 67 22 173 35 69 156 87 79 180 45 10 132 171 161 179 104 56 133 117 58 76 9 54 73 21 14 180 24 162 17 55 66 117 95 109 166 6 8 41 25 9 119 135 44 118 12 73 83 74 160 57 112 28 22 112 56 65 23 108 101 95 153 158 156 155 41 3 110 85 40 49 49 53 175 36 122 23 144 54 85 74 15 120 64 26 167 70 62 57 180 45 173 98 169 6 123 33 26 64 131 151 173 7 91 79 163 115 51 84 16 17 9 52 5 176 17 98 105 53 25 20 96 143 41 24 111 2 172 73 69 153 45 132 32 123 31 149 158 46 147 92 98 129 137 3 113 12 45 66 58 180 107 178 125 17 103 147 171 134 178 21 161 53 178 148 72 127 145 96 76 67 170 50 8 102 117 14 55 171 176 34 46 12 85 95 46 52 128 162 109 127 89 49 4 44 145 70 20 83 114 178 36 49 91 113 57 104 12 15 131 67 18 26 43 30 135 103 175 135 71 171 107 59 172 158 128 98 160 66 150 68 77 145 53 47 142 88 80 41 10 45 1 115 159 91 178 87 9 140 153 35 19 136 76 83 59 137 110 42 92 155 102 74 117 63 179 130 8 145 44 142 148 79 96 161 46 21 110 137 129 32 110 158 104 55 45 162 153 8 82 129 98 73 172 122 61 39 82 138 132 76 156 164 34 126 63 90 27 138 154 146 53 140 22 11 178 40 152 102 74 158 62 93 161 24 165 3 175 105 124 25 118 105 13 48 103 130 148 117 135 179 110 119 67 97 57 96 154 38 121 139 127 109 162 4 25 137 61 156 28 66 170 132 9 47 23 127 172 86 55 68 94 158 35 66 49 149 169 130 155 150 20 106 156 27 17 121 43 2 4 85 12 100 180 58 141 77 71 48 164 10 113 138 166 154 69 30 3 59 169 35 154 39 43 101 173 89 82 155 70 40 109 23 82 129 19 60 159 116 85 147 97 155 106 41 4 108 1 142 72 111 147 130 33 72 152 81 59 21 97 46 13 47 24 120 54 171 142 67 20 18 148 164 25 120 99 110 96 150 165 3 63 172 62 57 2 172 153 54 19 143 106 178 8 117 2 177 168 84 142 28 35 149 68 13 103 60 63 35 120 9 19 86 101 28 105 140 84 57 27 80 68 79 54 118 61 53 99 178 39 120 2 28 107 149 112 175 36 108 85 116 44 103 137 22 50 71 85 45 62 23 123 76 82 83 74 10 31 14 98 94 119 166 9 164 158 140 118 118 72 133 155 66 14 138 161 18 175 74 142 114 82 165 176 168 9 180 39 17 116 45 51 157 179 179 180 7 120 137 154 128 117 33 167 96 171 165 147 40 37 11 63 163 86 81 21 94 60 50 116 54 13 144 148 13 56 16 149 48 83 134 75 42 32 20 66 101 141 17 135 144 120 75 70 177 38 46 125 141 105 92 74 125 119 69 78 177 130 157 58 66 128 138 45 101 10 112 153 180 153 120 43 85 94 100 178 165 55 113 98 170 145 152 6 94 160 5 102 139 127 41 13 147 10 84 15 99 19 32 12 29 125 83 80 131 155 31 155 11 174 132 76 54 89 47 132 90 10 115 27 80 180 139 96 41 56 170 160 55 62 154 20 64 40 134 154 130 178 69 49 111 155 112 96 52 163 33 35 146 151 90 140 29 180 93 46 65 177 21 67 35 79 116 162 84 3 167 1 145 29 96 87 15 115 108 154 101 134 179 157 41 28 159 144 10 81 20 170 130 74 167 23 144 149 112 92 71 11 134 103 58 11 29 76 15 126 34 29 163 175 96 87 157 87 35 152 60 179 174 146 72 112 12 153 166 126 51 5 102 85 49 45 18 44 19 18 38 140 63 121 164 65 128 145 145 177 34 105 4 126 156 66 81 173 71 104
158 80 96 9 151 171 20 172 92 175 145 150 174 131 131 1 180 80 167 14 160 51 26 125 1 49 49 65 159 97 176 31 144 170 80 90 75 73 164 163 170 166 170 138 62 47 32 104 60 60 68 67 160 6 154 18 121 72 47 65 32 48 129 82 167 177 106 20 85 134 52 24 23 130 39 17 3 1 119 99 90 79 94 107 162 49 8 91 96 61 153 115 86 93 93 83 142 1 78 15 48 157 74 109 53 124 35 134 24 174 55 93 44 160 135 43 45 108 70 177 15 8 152 139 83 82 58 61 20 167 128 164 35 151 25 135 47 126 48 2 100 47 124 119 158 40 86 123 40 34 42 69 27 17 161 40 24 147 116 44 129 150 111 80 21 84 67 65 180 1 21 74 51 89 173 64 88 75 179 53 15 99 6 150 108 7 1 2 148 26 34 174 123 82 178 91 101 74 65 147 31 54 165 17 109 24 3 19 4 75 57 36 100 30 93 42 96 150 82 96 27 177 147 152 159 58 122 71 145 162 122 40 118 51 127 65 91 106 112 90 131 11 157 103 167 30 71 123 14 175 16 87 29 46 49 25 143 76 87 144 48 94 172 15 13 169 64 57 9 68 169 27 11 2 98 50 59 57 17 59 108 26 116 5 135 104 29 154 57 28 71 17 83 101 69 89 110 93 122 82 3 170 165 49 30 134 67 28 146 137 165 164 72 66 77 69 46 31 44 99 124 57 32 30 168 105 75 88 176 156 1 102 14 46 28 105 150 137 129 71 139 90 10 158 46 171 150 63 142 61 3 124 63 106 117 140 63 4 159 120 51 103 70 125 139 47 135 142 115 158 177 168 14 34 82 54 48 178 68 56 99 60 151 74 108 125 130 90 129 137 139 123 2 163 55 141 155 64 77 42 120 72 143 156 79 96 130 84 115 166 28 142 159 98 70 103 137 27 121 178 105 19 31 33 144 131 86 50 118 91 82 145 121 25 64 134 109 156 117 171 124 45 3 147 110 74 164 104 140 95 174 27 49 136 15 148 138 89 100 35 108 34 93 70 150 91 76 107 30 66 133 63 73 39 43 31 19 156 95 67 113 1 18 137 125 56 58 141 94 134 135 105 7 125 59 149 77 123 105 158 54 130 21 150 118 57 167 27 31 50 21 78 22 98 14 82 158 14 80 129 148 68 72 129 171 99 40 36 73 17 71 178 114 144 156 28 124 180 66 17 45 68 119 38 116 167 157 94 68 141 108 170 79 173 22 1 38 26 38 102 11 158 174 52 180 113 175 18 179 156 41 118 2 132 103 147 42 108 151 128 40 149 132 39 162 10 167 170 33 2 94 43 26 35 40 104 80 105 128 6 178 134 55 154 20 96 161 32 165 137 114 26 167 64 35 24 15 102 10 133 157 33 157 46 144 173 121 96 22 141 140 112 154 71 94 23 112 90 93 113 87 16 20 35 87 64 15 18 34 165 78 2 56 11 46 122 135 25 171 156 54 22 172 117 105 153 134 43 162 14 88 165 37 52 50 93 146 15 7 159 99 113 4 91 48 132 4 68 73 127 73 95 68 82 39 99 176 55 91 37 41 51 167 65 143 6 19 75 67 160 55 18 34 125 157 85 89 170 112 153 63 79 17 25 43 180 81 23 4 60 175 144 16 60 76 170 9 44 66 47 146 75 160 126 148 35 82 173 174 160 175 99 100 62 103 101 66 97 147 9 174 28 75 61 118 78 11 143 75 134 133 130 142 142 63 115 146 96 130 47 42 30 105 88 106 57 60 23 154 175 6 68 177 30 159 147 32 102 69 44 38 2 68 35 85 158 42 92 172 123 135 172 65 19 108 123 99 69 105 48 30 151 102 144 51 180 33 8 168 153 42 15 96 141 55 40 59 20 8 112 69 153 93 60 89 110 89 1 77 179 28 171 46 176 39 158 29 66 180 127 38 105 147 73 17 130 75 14 6 62 31 85 176 66 55 13 61 94 176 113 73 152 14 57 62 123 114 6 164 100 143 13 111 102 73 132 128 97 143 110 170 67 98 29 27 121 22 123 71 93 157 26 117 89 167 148 173 59 11 143 106 56 55 151 165 125 88 76 118 69 118 159 111 45 136 78 25 160 122 133 41 142 53 45 104 61 100 54 78 127 9 44 87 179 65 68 27 103 2 87 112 108 148 161 65 148 89 12 170 152 127 90 133 73 6 132 88 62 45 94 148 59 21 143 97 20 48 64 6 140 23 134 117 91 174 21 13 129 160 12 90 131 94 154 14 49 44 77 28 77 160 45 110 98 150 29 159 126 160 101 26 120 165 66 2 153 71 112 125 125 66 77 61 85 8 151 146 123 16 72 58 86 21 162 106 140 18 86 45 61 120 33 35 28 40 141 28 154 163 66 22 10 122 134 20 133 147 39 91 135 78 49 160 108 91 59 33 4 124 118 147 126 152 28 65 50 87 17 34 5 54 121 5 134 72 48 26 109 20 48 80 83 34 53 107 127 19 36 134 128 143 130 162 99 166 70 38 50 111 2 178 93 29 23 118 114 99 131 158 153 50 81 90 62 15 14 172 156 153 94 79 178 11 67 127 63 100 131 3 1 62 157 150 115 152 75 122 53 27 8 151 144 155 151 57 18 143 55 94 175 51 170 172 71 37 153 103 133 82 47 80 42 120 146 58 178 25 18 77 103 101 17 144 53 27 147 138 151 180 50 176 123 28 65 15 41 166 11 99 12 102 143 72 122 172 81 20 56 39 12 84 134 107 160 67 178 46 163 66 130 13 38 159 116 167 46 177 106 33 79 39 14 32 179 28 38 7 146 75 93 42 68 36 68 88 160 141 21 59 52 54 62 3 175 161 168 105 178 97 62 136 180 62 145 155 6 66 118 117 65 15 163 109 47 25 53 128 75 44 158 58 164 75 167 8 175 7 76 170 82 114 20 92 153 30 33 9 117 125 179 92 54 28 33 119 23 158 179 172 154 122 43 81 136 61 126 40 121 22 103 120 61 115 56 64 164 118 7 160 130 130 48 54 101 61 63 142 15 106 73
135 86 88 131 146 162 35 173 14 177 148 37 75 24 163 83 124 151 26 57 68 100 172 115 136 137 59 137 47 138 94 26 108 120 96 27 12 165 79 71 3 149 123 5 63 162 134 156 113 130 8 167 34 85 128 113 92 50 13 54 67 50 167 152 64 87 162 82 18 80 133 96 125 41 18 28 98 12 66 119 116 177 49 69 47 131 179 40 143 124 126 22 12 6 160 108 101 149 41 1 58 102 8 162 85 52 46 50 87 104 152 160 8 83 138 23 130 50 44 154 47 104 120 114 22 178 1 32 128 15 99 179 98 38 27 110 53 9 122 90 162 166 85 66 70 157 111 14 139 153 56 177 22 132 114 52 143 79 47 146 2 156 99 63 129 11 170 70 103 73 180 97 6 47 100 123 118 73 99 119 21 67 59 10 132 58 174 102 45 60 108 125 124 50 129 40 125 119 124 77 156 157 53 174 63 42 43 5 2 49 99 22 131 35 174 56 144 56 162 161 53 115 82 83 138 10 31 166 167 147 149 160 136 116 65 132 134 93 71 61 91 108 19 3 85 52 28 93 27 173 167 38 21 63 62 13 7 178 128 103 100 20 120 151 61 43 76 141 137 53 48 66 111 41 122 30 6 144 161 37 86 2 37 66 38 58 46 21 58 148 105 63 33 39 109 48 160 154 90 90 127 141 23 131 78 163 79 104 143 168 8 155 22 159 77 41 132 61 34 155 100 27 6 26 163 105 91 80 79 67 88 1 132 170 141 137 149 37 103 21 47 84 98 68 150 99 149 21 179 139 56 74 134 180 116 26 19 80 95 160 115 121 51 155 149 87 161 114 108 138 108 6 8 87 7 101 6 127 101 151 52 176 103 50 20 21 172 161 128 142 172 179 142 62 120 20 35 94 64 167 135 48 159 130 170 140 55 153 167 2 106 75 155 177 161 20 125 135 26 48 108 137 79 82 131 130 171 106 146 76 91 39 117 69 12 152 150 48 88 27 112 72 159 152 172 80 100 80 112 14 96 136 171 170 38 89 30 14 20 118 13 94 121 83 42 146 150 18 13 104 135 94 150 127 148 86 94 66 113 17 43 161 57 119 125 99 72 163 3 158 144 52 46 39 142 76 61 39 117 113 36 99 146 90 106 56 142 176 148 122 2 119 130 103 135 134 144 6 135 110 50 149 4 4 62 170 99 153 34 103 119 116 31 168 165 46 140 26 49 86 101 114 127 22 172 109 158 123 19 107 125 101 89 134 98 159 171 106 39 45 42 134 180 31 26 107 61 150 153 7 89 177 163 75 180 101 33 168 108 169 26 128 122 19 24 122 66 59 99 134 173 105 54 135 112 147 96 180 70 104 63 126 89 67 79 113 56 114 118 143 83 136 116 68 103 149 64 34 5 70 83 129 172 91 176 121 97 113 47 33 82 172 44 22 64 77 127 79 84 82 136 161 77 150 168 44 83 59 11 141 141 68 107 135 114 92 141 74 10 105 120 136 120 53 65 113 15 63 78 111 100 104 155 22 101 33 58 36 156 17 10 134 156 95 12 98 31 160 138 96 114 30 133 34 141 139 98 119 123 8 64 61 59 79 120 166 1 51 60 91 139 95 101 167 97 10 148 129 177 26 125 92 121 143 57 40 28 167 71 127 167 41 116 152 96 143 19 78 82 67 109 8 172 134 48 54 81 27 111 99 34 15 112 141 10 57 93 163 44 123 81 146 93 144 35 145 6 98 128 106 47 51 6 140 155 145 120 104 180 98 41 94 28 93 167 67 25 159 26 94 19 166 134 44 112 129 114 108 71 35 105 171 22 121 102 22 111 105 174 20 28 35 11 162 44 17 160 131 42 79 104 75 151 104 167 84 73 129 39 120 167 141 159 35 23 91 89 128 130 131 147 97 16 143 172 127 67 28 103 9 173 1 18 175 98 84 163 1 51 175 34 131 128 17 51 103 52 13 148 99 14 147 101 86 112 97 123 24 105 116 176 26 30 53 87 41 138 179 20 55 136 147 12 128 73 51 113 137 170 6 58 171 171 131 2 163 167 48 89 33 142 55 111 80 65 116 138 110 52 159 76 41 58 150 82 147 169 82 88 71 129 116 134 33 66 67 164 118 99 85 94 140 103 116 145 46 103 144 172 99 4 118 142 128 39 144 24 76 116 160 39 132 64 48 178 135 101 66 176 140 147 146 173 15 138 90 144 83 69 66 57 152 166 107 171 3 155 166 131 6 85 167 43 92 131 116 152 31 72 6 73 91 49 2 79 151 81 22 66 75 86 114 43 174 139 40 83 38 132 41 142 174 56 78 18 31 42 13 146 98 87 102 54 57 69 117 79 22 70 85 41 169 29 179 152 98 8 37 80 159 48 71 8 72 18 15 64 27 146 39 101 133 143 160 127 171 110 57 141 78 159 174 179 29 43 92 109 168 128 125 157 122 153 168 55 28 130 39 6 64 13 92 72 137 74 68 13 179 104 179 141 151 109 86 42 89 162 14 18 85 52 151 34 138 101 18 97 65 92 113 28 175 104 17 115 149 67 169 109 43 70 172 61 10 4 46 45 126 42 19 37 8 61 132 174 72 6 154 123 53 95 167 118 77 25 93 97 180 103 100 133 169 13 141 48 180 69 19 103 124 139 125 39 160 25 103 148 152 135 26 95 22 94 157 32 167 32 31 106 54 131 40 25 64 93 59 66 101 101 149 159 15 73 119 67 78 76 137 52 173 118 50 96 95 166 26 168 1 65 115 77 27 65 110 85 59 27 134 29 112 113 72 151 39 13 117 56 162 178 64 20 67 120 33 180 156 108 20 108 153 48 148 53 66 148 158 80 173 54 20 105 53 117 62 141 2 123 54 162 20 61 157 122 133 163 33 108 175 144 128 142 179 74 78 162 75 107 60 142 58 131 177 156 124 52 125 170 42 113 65 28 132 140 68 66 173 104 179 177 23 126 170 167 39 47 171 49 144 32 48 150 147 98 36 63 163 145 110 93 140 178 6 130 173 139 145 121 170 28 74 172 123 110 146 70 9 122 93 125 163
126 38 55 54 66 77 164 164 169 65 64 47 165 100 146 141 171 65 89 43 103 2 162 157 84 113 159 87 159 12 99 36 69 160 7 14 123 179 159 104 25 30 63 102 156 99 85 56 152 18 5 164 103 173 118 1 120 164 80 8 26 7 123 101 154 38 157 160 104 22 180 78 47 68 25 137 8 55 1 167 123 75 129 43 19 39 107 35 98 80 152 49 83 31 89 72 165 40 103 172 93 11 65 40 74 121 115 115 131 151 94 160 175 95 139 138 11 36 32 93 7 139 142 93 39 97 88 111 75 111 72 54 166 21 64 11 57 93 99 110 30 40 127 131 29 163 131 114 15 96 101 24 179 60 99 44 25 168 142 43 124 82 130 28 46 99 66 32 92 85 122 74 17 107 38 65 97 21 35 61 156 143 121 119 98 2 123 155 153 111 15 149 118 68 150 39 48 71 145 119 80 40 15 29 77 158 23 90 126 24 174 120 149 101 32 56 108 95 137 172 110 27 64 53 58 56 133 39 129 124 88 15 160 41 92 84 94 166 132 43 85 159 68 25 111 177 75 83 86 77 163 28 156 66 147 113 65 88 175 80 4 145 38 86 50 20 105 173 70 98 133 79 139 107 18 18 160 85 125 153 37 27 19 89 131 156 63 52 169 66 179 154 137 93 152 61 29 70 18 92 25 81 33 68 84 175 65 118 172 47 159 110 21 160 41 133 35 27 96 24 128 103 166 84 107 4 66 177 34 52 82 2 8 14 24 42 19 124 102 3 158 76 78 33 165 82 172 94 121 104 121 3 112 144 172 15 47 81 39 71 175 8 49 149 138 2 67 19 172 124 178 171 99 117 136 19 88 6 59 14 10 120 79 32 16 58 7 122 60 59 74 8 78 4 46 2 22 27 72 69 48 130 114 16 162 140 137 149 178 67 68 174 46 89 103 57 147 31 23 105 62 153 100 102 36 108 66 145 95 104 127 56 127 145 80 96 57 38 86 130 52 56 72 93 112 11 145 38 168 82 124 56 39 113 161 89 28 136 84 21 21 6 122 158 75 178 64 124 156 142 26 29 4 60 39 35 13 122 116 11 93 129 58 28 16 66 7 78 78 112 31 80 23 63 66 101 146 97 5 88 41 23 106 73 172 32 114 15 171 84 73 11 141 110 123 28 174 87 31 165 95 85 117 98 96 133 122 76 123 155 88 136 84 140 99 114 95 115 113 173 103 107 20 3 138 81 98 164 143 157 176 83 6 114 146 97 94 20 141 149 178 126 105 76 52 14 179 33 18 13 48 138 180 76 34 119 59 172 30 105 6 91 166 158 52 155 6 63 32 94 137 76 169 23 141 125 55 166 54 166 29 87 131 168 83 24 136 95 137 17 143 91 109 150 147 155 34 77 138 62 95 94 177 146 89 134 111 171 169 35 24 157 88 124 9 36 28 153 166 153 169 178 104 18 131 7 76 152 104 172 131 99 96 173 154 139 60 31 69 65 159 4 172 15 33 27 98 75 38 107 94 35 6 98 66 130 19 108 115 59 122 23 39 14 87 1 179 92 36 127 58 34 50 148 79 144 122 44 67 89 65 81 56 104 2 77 147 132 6 162 66 143 39 77 150 74 83 160 75 114 86 136 167 6 46 107 159 118 137 10 114 157 175 62 128 136 6 179 129 35 32 4 128 144 144 142 60 134 97 44 173 173 139 16 137 106 102 157 54 165 107 154 43 87 159 140 53 44 158 142 13 127 15 38 35 106 163 139 99 168 120 150 178 11 98 38 42 145 1 90 53 87 97 86 62 118 121 37 32 83 124 169 136 115 18 177 154 3 156 4 126 6 6 90 108 13 143 13 137 134 84 82 57 148 178 138 167 41 112 35 87 162 36 39 137 89 22 81 38 41 83 81 119 99 37 10 129 174 17 6 29 178 147 4 65 135 150 173 115 129 123 132 60 175 112 20 146 133 15 161 64 44 123 16 9 7 159 57 95 43 118 24 97 16 164 26 28 5 77 33 95 154 29 47 177 91 132 63 21 10 21 147 75 28 74 71 49 96 180 28 151 52 120 13 145 26 41 54 150 100 65 56 91 3 9 15 128 41 50 127 126 149 99 123 147 52 177 114 19 11 44 99 155 163 58 108 177 92 131 4 80 19 68 83 8 19 177 128 148 61 121 119 171 10 169 54 122 175 114 33 102 62 27 80 151 122 138 109 34 117 13 38 20 180 94 46 151 27 106 43 94 167 57 119 56 166 99 14 5 116 129 146 173 76 163 76 148 62 130 108 107 56 123 162 87 176 12 163 28 88 167 179 99 89 171 147 153 153 119 82 24 39 136 34 78 45 98 103 115 93 58 110 40 167 157 58 161 51 102 66 40 157 46 93 73 86 115 114 71 144 10 169 13 62 64 37 172 19 9 147 151 169 74 40 54 172 44 23 54 89 19 40 14 10 155 141 145 8 115 123 25 156 95 166 149 49 30 120 25 102 71 32 8 113 17 89 155 157 25 133 169 35 178 27 180 62 6 157 164 3 81 174 93 53 67 170 2 134 107 124 54 45 60 1 76 168 52 9 129 37 175 11 41 12 71 24 38 114 24 85 166 163 126 61 62 168 126 172 44 6 54 117 147 58 92 148 45 147 66 37 54 162 123 116 93 93 161 171 172 25 141 134 72 132 118 17 127 86 8 150 24 171 145 59 6 36 178 115 154 143 20 60 34 86 85 13 169 49 52 18 116 142 114 179 96 157 166 52 127 129 148 10 76 168 94 142 110 160 21 173 36 179 171 164 94 144 152 77 60 96 20 154 151 121 7 73 166 174 132 151 115 129 33 101 88 140 26 100 77 54 168 35 65 162 54 49 180 24 151 127 1 4 91 61 64 140 94 5 11 99 133 29 118 48 151 88 98 159 54 36 119 134 119 151 66 93 175 70 41 157 105 133 143 18 120 136 121 28 179 123 144 142 96 112 62 25 91 79 7 142 174 63 40 37 93 147 7 153 5 166 90 42 177 67 171 85 72 128 95 129 176 175 144 138 46 103 1 166 164 16
0.3
0.2
0.2
0.2
0.3
0.3
0.3
0.4
0.2
0.2
0.4
0.4
0.3
0.4
0.4
0.3
0.3
0.2
0.2
0.3
0.3
0.2
0.4
0.3
0.3
0.4
0.3
0.3
0.4
0.3
0.3
0.2
0.3
0.3
0.3
0.3
0.3
0.2
0.3
0.3
0.3
0.2
0.3
0.3
0.4
0.4
0.4
0.3
0.3
0.3
0.2
0.3
0.2
0.4
0.4
0.3
0.3
0.2
0.4
0.3
0.2
0.3
0.4
0.2
0.2
0.3
0.2
0.4
0.3
0.3
0.3
0.3
0.3
0.3
0.3
0.2
0.2
0.2
0.3
0.4
0.2
0.3
0.2
0.4
0.4
0.3
0.3
0.4
0.2
0.3
0.4
0.4
0.3
0.3
0.2
0.3
0.3
0.2
0.4
0.3
0.3
0.4
0.3
0.3
0.2
