50 12
6
     13543
     15489
     14788
     15841
     15353
     13788
  4.6  44.7  81.9   2.1 
  4.1  29.5  25.9   1.8 
  1.1  27.5  28.5   2.1 
  3.2  39.4  69.0   1.9 
  1.6  47.0   8.0   2.1 
  1.7  11.0  66.0   2.0 
  2.4  13.4  15.4   1.9 
  4.2  14.7  43.9   1.8 
  4.7  29.9  45.9   2.1 
  2.6  27.6  17.9   2.0 
  3.9  21.1  27.9   1.9 
  3.1  28.8  57.6   2.1 
  2.5  40.7  20.4   1.8 
  3.7  49.0  70.9   2.0 
  3.1  13.5  41.9   1.7 
  1.2  34.2  54.3   2.2 
  4.0  29.4  63.3   2.2 
  3.1  30.3  16.6   2.0 
  1.2  44.0  15.0   1.9 
  2.0  23.4  60.4   1.6 
  4.4  34.2  94.5   2.1 
  4.6  33.6  56.2   2.2 
  1.9  31.7  93.1   2.0 
  4.5  15.1  90.2   1.9 
  4.3  45.4  88.2   2.4 
  1.1  28.9  66.1   2.0 
  1.7  13.7  39.9   2.4 
  2.1  10.3  88.4   2.5 
  3.9  13.3  31.4   2.2 
  1.5  45.8  11.7   1.9 
  4.7  37.6  24.8   2.3 
  3.6  45.5  88.7   2.2 
  1.1  12.5  21.6   2.5 
  2.7  18.4   9.1   2.0 
  1.6  36.6  75.9   1.6 
  3.7  33.0  40.1   2.1 
  1.6  40.0  90.6   1.5 
  1.4  39.3  69.2   2.2 
  1.9  23.8  84.4   1.7 
  2.2  44.9  45.6   2.4 
  4.5  10.8  70.9   1.8 
  1.5  13.1  44.8   1.9 
  2.5  24.0  52.3   2.1 
  1.8  41.9  48.8   2.0 
  1.3  14.0  11.7   1.9 
  2.3  10.0  74.2   1.9 
  3.7  17.3  71.5   1.9 
  4.1  29.8  20.0   2.2 
  1.6  49.2  79.0   1.6 
  2.2  20.4  14.5   2.4 
  1.2  41.5  67.4   1.6 
  1.5  12.8   8.8   2.4 
  3.8  40.4  71.3   2.0 
  1.2  46.8   9.3   1.7 
  3.5  28.6  26.7   1.6 
  2.4  11.6  71.3   2.3 
  4.1  21.6  19.8   2.2 
  4.9  27.6  62.4   2.2 
  1.4  38.6   6.1   1.7 
  3.9  44.6  40.3   1.7 
  2.7  14.8  42.1   2.2 
  3.8  50.0  68.9   1.6 
  3.9  38.2  83.0   1.7 
  4.5  23.0  74.2   1.9 
  3.9  45.9  38.9   1.9 
  2.7  11.0  72.6   1.9 
  5.0  29.1  62.1   2.3 
  3.6  42.7  19.0   1.8 
  4.4  13.9  46.2   2.2 
  4.0  27.9  35.6   2.0 
  4.2  45.9  42.5   1.9 
  2.3  18.7  71.5   2.2 
  3.9  11.0  31.4   2.0 
  3.1  26.8  25.9   2.1 
  4.4  15.5  68.8   1.8 
  1.2  26.6   8.5   1.7 
  1.7  18.7  51.1   1.8 
  3.4  24.6  28.8   1.8 
  3.6  29.5  86.3   2.4 
  4.9  33.8  42.3   1.8 
  1.9  34.6  85.9   1.6 
  1.4  49.2  44.8   2.4 
  3.5  48.9  46.0   1.8 
  2.8  29.4  15.9   1.8 
  5.0  40.9  27.8   1.9 
  1.2  31.9  85.8   2.5 
  1.2  29.7  23.7   1.8 
  4.7  12.2  27.9   2.1 
  3.4  42.1  54.6   2.4 
  2.7  31.7  13.4   1.7 
  4.2  13.5  86.8   2.1 
  1.7  29.2  25.1   2.2 
  3.4  10.9  71.6   2.2 
  4.9  41.3  47.9   2.5 
  3.5  47.1  40.8   1.6 
  1.3  17.9  70.5   2.0 
  4.0  41.5  15.1   1.7 
  2.0  32.8  67.8   2.3 
  3.1  20.9  44.3   1.8 
  3.2  44.5  55.4   2.4 
  3.5  32.0  48.5   2.0 
  1.7  22.0  30.2   2.4 
  1.7  20.6  16.0   1.9 
  4.2  38.5  38.5   2.1 
  4.2  22.5  18.1   2.3 
  1.2  12.8  23.9   2.4 
  1.6  13.9   8.4   1.9 
  2.3  49.1  71.5   1.5 
  1.9  47.6  88.3   2.3 
  2.9  32.8  90.0   2.3 
  5.0  20.3  80.1   2.3 
  3.8  36.7  76.3   1.8 
  2.4  16.6  41.7   2.1 
  2.8  48.1  31.6   2.3 
  1.7  26.7  44.9   1.7 
  4.5  23.4  40.6   2.0 
  1.4  49.4  76.6   1.8 
  1.4  31.8  28.1   1.8 
  4.6  49.1  30.5   1.6 
  4.4  34.9  36.1   1.7 
  2.9  43.0   8.3   2.2 
  3.9  31.8  44.0   2.3 
  1.6  23.4  54.1   1.8 
  1.6  39.9   5.3   1.6 
  3.9  17.2  26.4   1.8 
  1.6  27.9  37.8   1.7 
  3.6  25.1  26.0   1.9 
  2.5  39.6  30.1   2.0 
  2.2  27.3  79.6   1.7 
  2.9  27.1  29.7   1.9 
  5.0  28.0  37.8   1.5 
  1.6  21.9   5.1   2.2 
  1.3  38.7  86.5   1.5 
  2.4  37.0  94.0   2.4 
  3.8  47.5  54.5   2.0 
  3.9  25.3  18.1   1.5 
  4.0  28.5  88.4   2.1 
  4.9  38.5  20.8   1.6 
  2.3  22.9  74.3   2.2 
  3.7  45.4  39.1   1.9 
  4.4  14.0  36.4   1.8 
  1.4  37.3  17.3   1.9 
  4.4  33.1  92.5   1.6 
  1.2  36.1  78.4   1.7 
  1.8  33.2  78.6   1.7 
  3.4  20.7  28.1   1.5 
  2.3  20.3  56.3   2.0 
  4.7  43.6  28.7   2.5 
  4.9  25.2  94.6   2.0 
  1.1  27.1  75.3   2.0 
  4.1  32.1  88.0   2.5 
  2.2  26.9  45.0   1.8 
  2.1  13.5  12.3   2.0 
  2.6  43.1  45.4   2.3 
  4.0  13.7  17.3   2.4 
  2.3  13.7  13.2   1.7 
  3.8  33.0  41.0   1.9 
  2.4  10.0  10.5   1.8 
  4.8  16.3  50.6   2.2 
  4.4  25.2  37.3   1.8 
  2.7  19.3  26.3   2.2 
  4.8  26.6  16.8   2.2 
  4.4  26.3  32.2   1.9 
  2.1  15.3   8.9   2.0 
  3.6  45.2  63.7   1.8 
  2.0  33.0  68.0   1.8 
  1.9  18.8  26.9   1.8 
  1.7  31.6  93.2   1.7 
  2.2  18.2  16.7   1.7 
  2.6  23.6  46.8   1.8 
  4.3  18.5  44.2   1.6 
  3.4  21.9  65.6   2.0 
  5.0  30.4  93.5   2.3 
  3.0  47.1   5.1   1.8 
  2.9  36.5  40.5   2.2 
  2.2  18.2  57.8   1.9 
  4.1  20.8  24.3   2.3 
  1.3  21.7  32.4   2.3 
  2.5  12.3  56.1   2.1 
  3.6  44.0  32.1   2.3 
  4.0  11.6  88.4   1.5 
  2.5  10.4  93.6   2.2 
  2.5  33.8  70.7   1.8 
  4.2  44.1  40.6   2.0 
  3.8  39.8  47.3   1.6 
  3.4  12.0  28.4   2.3 
  1.5  16.2  47.5   2.3 
  3.7  35.2  26.2   2.1 
  3.3  25.9  82.1   2.0 
  3.3  13.7  29.5   1.7 
  4.2  23.5  36.0   2.3 
  3.9  44.4  14.3   2.4 
  4.4  47.8  26.7   1.9 
  2.3  16.0  49.4   2.4 
  4.2  14.2  87.1   2.1 
  1.5  45.9  75.4   2.5 
  4.8  21.6   9.5   2.4 
  2.3  46.3  40.6   1.6 
  1.5  38.0  89.4   1.8 
  2.2  49.3  34.6   2.2 
  2.1  37.0  92.4   1.5 
  4.1  14.8  26.9   2.1 
  2.8  14.2  56.0   1.9 
  4.1  38.1  71.4   2.0 
  3.7  19.3  58.8   2.3 
  2.2  34.8  83.7   2.0 
  4.0  46.7  92.2   2.3 
  3.1  27.9  17.2   2.3 
  2.9  34.0  90.5   2.4 
  1.7  27.4  48.9   1.9 
  5.0  34.0  91.7   1.9 
  2.5  29.2  28.4   1.7 
  4.1  29.1  42.4   2.3 
  2.9  12.4  21.5   1.8 
  3.9  13.5  86.9   2.4 
  2.6  44.7  55.5   2.4 
  2.0  20.5  91.2   1.9 
  3.9  42.2  39.1   1.6 
  2.7  33.3  85.0   2.0 
  2.4  49.8  63.3   1.9 
  4.7  22.0  59.7   2.3 
  3.7  27.8  44.1   1.8 
  3.7  41.1  52.8   2.0 
  3.1  17.8  57.5   2.0 
  1.4  14.2  87.6   2.0 
  3.0  46.2  90.2   1.7 
  2.5  37.6   6.0   2.4 
  1.8  49.7  54.9   1.8 
  3.0  23.7  57.4   2.3 
  3.6  37.3  54.6   1.8 
  1.2  41.7  31.2   1.9 
  4.4  32.2  84.0   2.3 
  1.2  21.3  17.0   1.6 
  4.4  26.8  63.5   2.4 
  3.5  47.4  52.7   1.8 
  2.4  20.6  88.5   2.4 
  2.7  40.5   7.1   1.8 
  3.2  17.2  71.8   1.6 
  1.1  39.9  71.9   1.9 
  4.5  31.7  48.6   1.6 
  1.1  44.3  58.2   1.9 
  3.5  23.1  33.7   2.2 
  2.7  27.2  91.2   1.8 
  4.7  46.6  80.5   1.7 
  4.8  35.0  38.6   1.5 
  4.6  39.6  87.1   1.9 
  3.3  15.6  37.2   2.3 
  4.3  42.6  69.2   2.4 
  2.6  34.4  86.8   2.0 
  2.0  11.9  31.1   2.2 
  1.1  22.1  81.5   2.0 
  4.3  46.0  57.8   2.4 
  2.6  47.5  26.7   1.8 
  4.3  49.9  90.5   2.3 
  4.5  27.9  12.3   2.0 
  3.7  47.9  88.8   2.3 
  4.7  18.3  61.7   1.7 
  2.7  47.9  89.8   2.5 
  4.6  19.5  71.9   1.7 
  1.4  43.0  37.9   1.6 
  2.2  33.5  64.8   2.0 
  4.1  14.3  72.2   1.7 
  3.5  49.4  25.8   1.7 
  3.8  25.0  13.4   2.3 
  1.3  25.0  72.5   2.0 
  2.1  31.7  19.0   2.0 
  1.4  21.9  85.5   2.3 
  3.3  42.2  63.2   2.0 
  1.9  16.1  26.2   2.0 
  2.2  24.5  69.4   2.2 
  3.1  31.3  43.3   1.8 
  2.1  19.8  54.9   1.9 
  2.4  24.1  29.7   1.6 
  2.7  16.5  30.4   1.7 
  5.0  35.7  93.4   1.6 
  1.2  20.9  27.5   2.2 
  2.3  28.8  29.3   2.2 
  1.3  46.9  32.1   2.4 
  1.3  45.6  76.8   2.2 
  2.8  37.7  50.7   1.7 
  2.7  27.7  29.5   2.0 
  2.7  16.2  15.4   1.7 
  3.6  23.2  48.1   1.5 
  3.7  13.3  94.1   2.0 
  1.5  47.2  81.4   1.7 
  1.1  12.7  55.4   2.4 
  2.9  39.7  11.2   1.7 
  1.6  43.9  57.8   2.1 
  4.2  28.9  69.4   1.7 
  1.0  25.2  89.8   1.5 
  2.0  16.4  29.3   1.9 
  2.1  24.0  47.4   2.5 
  1.9  34.9  91.3   2.5 
  1.4  36.7  12.5   2.4 
  2.2  44.4  93.3   1.5 
  4.5  19.9   9.0   1.6 
  4.5  35.8  46.0   2.4 
  3.9  25.5  80.0   2.2 
  2.9  25.0  78.6   1.9 
  3.0  16.1  66.0   1.9 
  0.2   0.3   0.2   0.2   0.3   0.4   0.4   0.4   0.3   0.2   0.3   0.4   0.4   0.3   0.3   0.2   0.4   0.2   0.2   0.3   0.4   0.3   0.3   0.3   0.3   0.3   0.4   0.4   0.2   0.4   0.4   0.3   0.3   0.4   0.3   0.4   0.3   0.4   0.3   0.4   0.3   0.3   0.3   0.2   0.3   0.2   0.2   0.3   0.3   0.2   0.4   0.3   0.3   0.3   0.4   0.3   0.4   0.4   0.3   0.2   0.4   0.2   0.4   0.2   0.3   0.3   0.3   0.4   0.4   0.3   0.3   0.4   0.2   0.3   0.3   0.4   0.3   0.4   0.4   0.3   0.3   0.3   0.2   0.2   0.2   0.3   0.4   0.3   0.4   0.2   0.3   0.3   0.3   0.3   0.4   0.4   0.4   0.3   0.4   0.3   0.2   0.3   0.3   0.4   0.3   0.2   0.4   0.2   0.4   0.3   0.4   0.3   0.3   0.2   0.4   0.4   0.4   0.3   0.3   0.3   0.3   0.2   0.2   0.3   0.3   0.2   0.2   0.2   0.4   0.3   0.4   0.4   0.2   0.2   0.4   0.4   0.3   0.2   0.3   0.4   0.4   0.2   0.2   0.3   0.4   0.3   0.4   0.3   0.3   0.2   0.4   0.3   0.3   0.3   0.4   0.3   0.4   0.3   0.3   0.3   0.2   0.3   0.2   0.3   0.3   0.4   0.4   0.4   0.2   0.4   0.3   0.2   0.3   0.3   0.3   0.2   0.3   0.3   0.2   0.2   0.2   0.3   0.2   0.2   0.4   0.2   0.3   0.3   0.4   0.2   0.3   0.2   0.3   0.2   0.4   0.3   0.4   0.3   0.2   0.4   0.4   0.3   0.2   0.3   0.3   0.3   0.3   0.3   0.2   0.4   0.2   0.4   0.3   0.4   0.4   0.3   0.3   0.2   0.3   0.2   0.2   0.3   0.2   0.3   0.3   0.2   0.4   0.2   0.2   0.3   0.4   0.2   0.2   0.2   0.2   0.4   0.2   0.3   0.2   0.3   0.4   0.3   0.3   0.3   0.2   0.3   0.4   0.2   0.3   0.2   0.4   0.2   0.4   0.3   0.2   0.2   0.3   0.3   0.4   0.2   0.3   0.3   0.4   0.3   0.3   0.3   0.4   0.2   0.3   0.2   0.3   0.3   0.3   0.3   0.4   0.3   0.2   0.4   0.2   0.4   0.2   0.4   0.3   0.3   0.2   0.3   0.3   0.2   0.3   0.4   0.3   0.3   0.3   0.2   0.4   0.2   0.3   0.3   0.3   0.2 
   33    97    98     6   142    24     3   173    22     4    28   113   117    33   113   151    68   156   108    58    39   137    65   116   149   116    23   128    74   176    97   164    13   162   108    30   135   108    56    79    52   168    18    64    87    61    76    71    43    72     7    28    45    27   115   101    64    91    34    62   125    83   156     4    48    12   149   148    48    55   164   167   136   123    30   168     6   155     3    64   115   127    95    25    35   144   129    51   137    12 
   78    27    53   136   101    99   108     2    72    90    26    29    26   138   119   142   103   105    24    54    81   113   137    23    73    33    31   140   155    68   122   101   145   137   125   126   156    53    32    17    48    25    80    68     7   148   145   163    79    29    36   153    98   105   116   148    68   138   178   139   176    78   173   116    69   100   176   100   115    23   152   101   126    80   153    26   101    16    36   144   123   122    52    24    31     6   171   155    38    77 
  101   110    76   158   141    27    65   155     0   145   160     7   165   108   179    57    40   104   149    30    16    65    34    14    74   150   105    63    60    29    66    54   116   110    57    51     7    29    79    54   146     9   116   130    33    66   152   153   131   158   159   132    11    82   105    13   115    91   122     0     0    82     3    35     4    44   109   120     9     1    33    96    96     9   137   119   134    46   123   157   163   120   112    76    53    78   116     7    57    14 
   17   163    48    23   161   172    73   136    22    50    79   164    97    68    53    80   156    73    83   148   140   127   161   125    31    65   127   110    87   138    20    24    87   157    90    54    71   167    79    69    25   117   106    10    34   141   126   109   153    53   173    74    26   106    58   175    37   156    93   105    18   116   128     3   138   165    67   111   153    22     5    11    34   168    72   122   133    35    86   114    95    92     1   116    50   103    38     1    96    51 
   85   164    10    66   175   163   133   110    18    99    59   158    49   168    94   174    21    15    61   173    97    12   100   104    86    90    51   146   118   175     4    85    90    94   171   156   100    67   142    97   177    85    37   147    16    96    72   131   161    38   126   156    79    25    77    15   138   169   176   141   148    22   143    59    13    19    91   112   129    44    53    24    25     9    30   127    12   152    17    50   165    17   174    54    14   178   133   170   172   138 
   45    29    30   142   129    78    87    24   151   164    46    24   167   160   110    74   121    41    46    91    89   119    91    76    13   177     5    24   164   103   100    54     5    27    92    35   170     5    34    87    85   166   145   167    31    26   118   169    30    32    80    55   119    47    10   120   172   131    85    24    42   142    29    39    73     2   105    62   149   173   136    10   108   144    22    46    79   165   161    21   165    97    59    80   158   139     4   170   169     4 
  128    39     9    41     6   114    82     0   130   101   123   178    24   148    16    45    67    47    79   129    89   115    89   177   118   168   157    30    22    52    47    64    43    58    30   129   132    89   166   118    81   107   145   171   101    45    51    24   166   119    68   102   115    20   176    44    86   169   179    46    52    17    14    98    45    40   162    79   145   163    54   114    89   153   160   156   149   112   147   156   155   103    19    54   149   123    77   142   114    72 
  159   135    64   107    42    76   177    79   103    13    42     5    25     7    81   119   112    21    79    49   141   153   148   126    89    74    53    77    93   146    77   159    50    44    89    14     0   173   102   137   148    41    14   175    71   136   118   129    67   158   165     3    21    26    53    12   159    58    32    56    26    60   127   147    77   138    48     3    78   171   165   155    23   119    52    55    39   169    42   117   116    50    11    92   151    67    13     2    70   119 
  173   152    90    34   165    44     3   150    73    34    64   153   126    29   116   147    26    54   178    17    15    54    25   150    37    48    71    62   119   153   145   177    42   138   179    20   108   143    89   100   146    19    31    59    60     7    90    25   143    25   122   107     2   132   170    86    62     2   147    37    63    63   110    15    74    24   145    79   145    19   136    47    85    21    38    66   134   155   114     5    15    15   164   115    20    74   162    76    18    19 
   87   135    89   163    34    12   165    83   164   126    92     6    72    75    51     0    70   166   140    25   118    58   118    43   127   116    68   143    66    54   164    18   119    56    10    62   113   149    31     5    83   125    77   170    41    57    71   176   152   117   148    80   114    75   178   144    45   141   107     7   178    57    71   159   164    25     2   143   176    12    93    33   108    22    80   105   163   128   126   174    57   148    21    61   132   134    17   123     0   139 
  103   122    87    90     3   169   141    40    48    65   136    58     3    74    96    54    56    50   124    85    20   151    44    95   159   174   164    14    38    61    37    73   104   143   163    71   119   164    31    21   161    82   130   155   109    48   127   111   150   123    64    86   131   118     4   120    38   155    11   142   118    41    21   127    32    98    36   172   169    52    62    94    38    80   145    71   110   137   143    68    21    58   131    70   136    88   117    93   142    83 
   43   150   126     6   120   104    74   174   132     6    18    31   103   144   142    15   154    22   163   127    39    92   129    74    92     9    26   140   113    52    41   177   152    32    82   165    99    15    30    85   175   101   147    29     8    56   121   131    32    58   110    99     9   154   149    18   114   176    95   139   172    48    91    83    92    24     2    85    87    15   159   118   121    85   115   133   115    95    17    47    38    96   133   175    47   122   105    87    47   167 
   68   139    25   100    18    85   113    64    97    79    64   134   124    94    73    96    27    41    80   115    17    23   117    86    95    91    26   123    54    21    63   113    61   116   130    25    83    23    56    78    73    67   108    13   172    66   103   136    72    86    14    47   153    85   146   176     9   171    70   162    35   114    45    59   122    57    77    30    62   172   175    23    91    22    46    20   143    14    70   177   118   130     7   134   172    12   125   135   102    88   144     2    55   165    16    83    20   149    69    86   166    14   127   110   135   156    44   124   170    24   167   110    52    79     9   164     0    15   149    55   173    24    16    97   132    27    22    71    32   135   179    22   159    29   151   138    51   105   146   117   135   101    77   179    26    16    45    10    27    63   167    72   106    93   125   170   131    73   126   140    18   164    16   102   121    59   165    41    77    91   103    95    11    78    92    61    15    55    22   131   138   153   169   161    76   139    78     1     3    86    98   123   165    53   113   131    50   115    83    75   105    82   102   136    29    53    87   147   111   114 
   15    72   168   117    26   140   106   151    32     0    23   125   132    90   176   145   123   152    40    73    95    70    58    87   136    50    19    84   147    73    86    57    79    66   162    60   119    58    18   178    66    24    40     6    60    13    71    20    51    33    34   154   134   159    66    63   164   167   134    63   128     8   133    85    91    97    32     5   140   150    92   125    20   147   145    43    93   150   128   115    50    19   140   155   148    34   111    68    56    11    63    72   152    62   173    62   137    66   177   162   101    14   176   100    55   139    65    13    36    29    76    11   147    18    71   177   113    38    18   146   114    47    28    95   125    87    71   160   148   172    76    77    80    65    24   162    39    68    32    82   157   162   177   179   178   123    94   173   174    77     9    87   130   171    93   141     2   103     8    74   165    16   134   115   174   102    22   167    76     9    18   142   162    52   106    50   172    87   144    28   108    14   140    97    44    95    48   105    62    24     5   176    94   138    19   176    76    53    57    32    70    50    43    44   107    87    83   138    36    17 
   93    53   132   166    16    56    46    78     8    32    51     8    27   169    27    80   122   114    66   161    25    84   144     7    42    93   162   107    29   133   178    27    67   174   122   176   150   172    65    29   138    79   150    66   106     1   106   129    40   155    30   122    10    52    97    92    91   162   143   145   124   168   112    99    21    45   138   120    55     6   152   159   144   103   119    14   141    67   156   160   169   169   165    64   149    96   106    10   117     8   162    32   136    25    92    55   139   179    74   163    57   150    59    92    45   148    21   137   161    29   152    24    81    22     1   145   151    50   125    29   109     6   166    70   173   155    29   146    65   170   155   167   173   110   157   140   103    66    30    56    58   109    36    23   142   178    78    21   168   117    99   124    27    33    63    53   145   151   138    47     2   112     0   146    53    45   106    90     8    20   159    88     9     8    27   133   152   105   131   132    41    56    24   133    43    72    32    57   129    90     2   116   106    21   172    31   147   132   105    87   128   169   123   100   110    67   106    51     0    25 
    9    15   171   119   156    30    17    35   166   109   122    53    92    60    62   179    73    83   160    72    80    39    31    97     6    96    25    89    88   164     2    30   140     9    99    36    40   108    92    77    12   168   169    17   136    59    98    49   123   158   121    39    25    47    19   143   112    70   142    37    61    55    82   133   174   147    69    35   171   127   125   174    37    69   113    21   174    35     7    26    42    77     2   138    10    28    77   173    83   104    80    84   178   156   107    23    56    23    48   167   160    25    67   108    21    27    97    27   143   115    20    75   175    59   142    53   178   137    74   158   146    49   104   171    42    38     4    80    34   136   118    30   135   159    44   149   105   145    80    65    99   152    92   160    62    98   176   121   113    13   109   175   127     3   139   150   111    52   142   150    20    61    77     7   166   144   152    40    37    21   112    48   108    33    74   155   176     1    80   122   134    10    88    85   164    46   151    25     8    55   127   175   141   145    33   103     3   135    51   166    57   122    82    89    46    55     7    32   123   102 
   21   176    72     3    67   174    55    76   166   126   173   171    50    88   159    47   108   175   148    32    18    62    72    82   116    43    98   174   135   174   108    93    12    66    13    42    44    37   154   125   111    17   155   139   162   154    10    69    39   122    90     8    44    49    40    40    47    58    33   163     0   116   118   168    39     3   175   162   131   145    33   122     3   139    28   178   124   132   128   154    58    58    47   160    58    13    19    47   159   152    34   151    99     3   165   114   146    18   159    69    87     3   123    37   126   144   115   172    97    17   144   124   147   172   126   122     2   162   168    31    41   144   100   177    37    30   131    93    94   174   121   104    43    34     6    34     7    81   140    86    33    90   146    76   103   132     5   123    20   122   165    17   177    38   171    89     9   174    76    92    57    35   142    16   110   149   116   107   156    56    86   140   168    78    79   177    63    34    23     3   174   178   125    57    28   174    30    48   149   168   146   116    60    33    62    29    78    52   133    57    72   134    55   168   141   169   142    86     8    98 
   91   131    74    64   118   128   108   139     7   118   120   174    79    28    94    42   162   102    93    60   118    88    24   122    49   110   110   138     5     4    68    17   175   156    68    35     7    41   133    92    16    82     8   135    99     9   105    44    82   139   135    90     0    79    95   152   167    53    98    84    74   163    13     5     6    58   154    45   157   175   172   126   168     8    85   164    15    60     9   165    77   147   138    60    82    51    51    88   152   143    70     3    83     8   166    49    66    43   141    89   153   158   179    54   107   134     3   124   138   173   139   174   160   141    26   146     1   179    31    95   112   140    24    22     9    91    71   141   117   119    19    32    60    15   102    19   176   136    59    95    59   169   169   168    64   167   166    39    51     6    15   173    49   164    66   132    94    45   100   103    87    73    20   144     1    97    28    21    99    59   135     5    93    48    66    76    95    98    11   106   108   176   162    94    84    83    32    31    15    81    86   116   129    28    97    26    64    27   124    73   124    84    44    27   127   156   141   126   147   139 
   27   169    47    83   176   115    27   120   113    54   139   175   116   148    55    14    13   139   149    49     7   171   129   100    62   177    22    13     9     0    30   161    95   127   109    60   155     8   103    35    16    19    60     2    10    85    49   122     4   164   134    36    61    24   176   137   128    61   162   144    33    13   153    78    68   172   133   144   167   173    76   135    33   133    88    13   165   152    45   104   130    59   177   167    75   148    27     1   108   176    64    86    31    87    74    93    65   152    88    79    72   177   163    92    13    27   144   171   124   168    27   104   163   114    94    18     4    93    36    26   121    12   147    27   152    56    54    73    14   148   118   130    52   134   103   127   137    86   146    68   169     0   163    15    64    57    72    88   154    15   117     9     6   101   155   132   174    13    36    66    42    62   146    99    73     0    35    39   111    57    73    13    74     7    98   162     0    88    33   145   163    35   108    42    12    38     2    63    55    13    40   107   125    22    62   145    59   131    21   104     5   141    76   125    18   140    72   171    32    72 
  132   118   130    21   175    85    71   127   153    21    54     9   138    63    50    18    39    42    49   174    75    70    48   165    74    35   154    33    33    34   164   135    38   118   178   115    83   139    15    49    13    62    88    93    29    97     2    89   130   155   147    46    77    82    90   162    73    35   124   177    17    23   154   148    36   154    87   122    63    29    45    18    23   140    63   101     3   106    52    11    67    58   175   108   152    87   121    71   124     0    66    95    10   174    72   141   162     8   161    17   176    10   122    25    22   122    69   111    44   174   126    49   129   169   123   110   117    65    43   149   100   116    52    75    40     2    20    85    63   108    40    61    50   133   162    62    34    17   102   127   171    38   169   175    55     6   139   156     9    98   145   146   156    76   169   160   159    59    94     4    59    23   145   176    33    94    17   172   105   123    28   107    97   106    10    51   106    97    11    32   104   162    85   136   153   121   110    69     5    14   104    45   158   127    36   102   175    44   118   174     3    16   103   179   104    65   176    75   127    80 
  120   154   173    24   163   147     4   171   106   125   117    29    91    10   134    77   147    21    91    30   104    97   151   167    12   123    21     9    78    95   112     5    36   145   149   146   130   178     3    12    83   175    82   101    38   121   122   107   137    55   125    19    56    36    28    35    15   158    99   129    75   125   122    41    98    64    75    94    45    52    80    20    68   155   130    44     9    61     4   167     8   155   114   125    70    32    52    79    87    70   152    90    62    71   145    78   171     0   154    77    24   171   162     5   136   153    42    76    84    72   120    83     6    30   178    50    96   152   111   117   114    36   176   101   159    54    43    93   173    72   179    72   154    59   176    31   104    60    64    24    47    31    93    99   133   110    11    14   174   161    72    55    44   150   177     3   171   150    77    66    36   170   153   109   133    18   149   104    93    61     4    15   124   119    33    97   164    17    48    45   132    72   146   179    27   160   142   155    34   158    66   124   132    30   124    42    31   113    85   135    84   165    32   170   176    20    89    17    13    44 
   22    57    86    42    88   133   178   105   163    95   112    46    91   139   106    11    27   119    36    24   104   113    74    33   109    39   137    63    30    39    82    99    32    82    25    20   145    23   121   101    57   134   131   137    23    86   156    33    35    48    17   165   115   150   116    14   131     3   158   135   110   131    83    69    89   175   133    25    16    22    12    80     3   118   121   149    29    66    99    43   175    85    86    61    54   179    83   174    14     0   179    20    43    25   126    91    41   110    52    45    42    74    64   131   137    71    44   133   161    48    79   112    85    10   134     6   148    68    41    62   110    59    48   172     9   140   168    60   129    44    67    85    74     3   105   159    94    66    31    57   120     0   178   143   143   155    82    55   129    82    72    37   132    51     0    13    91   132   120    18    79    57   136    59    80    69    24    12    46    48   172   157    97    31   169   137   119   105    43    95    59   129   104    30   107   105    59   144    66   174   118    63    70    16    21   151   111    39   144   142    10   147    35   127    64   135   164    86    38   164 
   33   173   163   132   163    49   104    73   173    21   145   165   136   163   136    30    62     5    63   155    50   178    86   155   168    85    53    38   143     9    30    31    72   106   175    48   168   153   167   178   135   119   105   163    73   101    59    23    74    63    86   162    98    22    24   118   175    75    46    55   173   177   173   101    58   174   175   157    71   159   144    98    11    17   155   108   139    11    46    62   145    23    31    25    31   132   154    45   156    15   106   169    38   129    61    77    82   148   133   104   143   126    95    54    68   149    95    72    41   139    48   136   149    57   130    82    70    32    16   178   123   176   154    55   166    72    27   127    16   141   154    15     2   150    22    73    28   109   157   171   139     7    28    99     9    97   158   127   147    85    11   168   124   157   160     2    42   167   154    67    20   156     3   148   119   151   122   147    67    16    83    42    45    59   110    89    25   125   114    34    16    29    42   111    50   179   176    82   106    37   143    66   107    37   175   173    94   116    61   178     6    43    75   141   124   112    10   156   151   129 
  172   110   127    35    59    81    42    40   175    94   116   162    62    13   121    18    22   167   128   118    38   138    61    81    35   165   118   110   146    97   133   175    41   103   127    37   146    39    48    47    19    27   104    11    66    70    18    53    36   127   172   170   117   107   102    51   123    22   154   117     7   169   164    13   125    92   144   177    75    72   101   132   161    80    56    19   138   169   149    52    21     3    43   164    30    24    59    17    77   179    52     8   176    60   139   135    77   164    26   172    82   101     8   135   106   168   134   125   169   169    27   132     9   178   100     5   166   141   149    19    33   169    84   158   113     4    72   106    79   173    86    66   117   123    63    27   107    27    87    71   143    46    51    38   161    76   110   167     9   150     5   131   101    11     1   141    63   150   147   138   130    86   148    57    33    31   164   162   140     6   168   167   122    90    77   106    75   153    19    24    72    43    14   176     5   156   149    52    76   107    58     0   112   132    92   109   141   158    36    84   141    38   112   166   124   166     2     0    45   101 

  0.35
  0.28
  0.25
  0.30
  0.23
  0.23
  0.33
  0.32
  0.22
  0.21
  0.23
  0.23
  0.34
  0.27
  0.28