90 12
15
27113
25420
26782
28283
27037
27722
27064
27760
27093
28583
26743
25634
25143
28873
28157
4 22.1 38.3 1.8
4.2 10.1 69 2.1
4.1 23.7 31.9 1.9
1.5 13.4 23.2 1.9
4.8 15.5 62.4 2
2.1 20.4 25.6 1.8
3.1 34.2 35.6 2.3
4.3 45.9 76.6 1.7
1.5 34.9 63 1.8
2.7 12.4 56.6 2.4
2.5 48.3 73.4 2.1
4.9 14.6 37.9 1.7
3.8 29.4 46.4 2.1
4.7 40.9 31.8 2.2
2.5 40.7 25 2.1
4.5 37.2 8.6 2
1.6 10.8 61.6 2
1.9 33.7 28.2 2
4.7 20.9 80.6 1.9
1 38.2 62.7 1.8
1.9 37.6 49.9 2
3.7 28.9 64.2 1.6
3.1 15.1 21.2 2.4
1.4 15.9 49.5 1.7
1.8 41.8 11.4 1.8
4.9 39.3 59.8 2
4.9 40.8 37.1 2.3
3.7 21.2 73.6 1.8
4.7 45 83 2.1
3.7 12.4 86.8 2.4
3.9 37 28.4 2
4.1 12.4 81.8 1.9
3 35.9 54.2 1.8
2 33.2 39.3 1.9
3.1 23.5 48.4 2.3
3.5 29 74.2 2.1
1 11.8 64.6 2.3
2.8 46.1 19 2.3
1.9 11.4 94.6 2
4.5 24.6 14.9 1.6
4.1 26.9 67.9 2.4
4.8 47.7 82.5 2
2.6 43.8 88.5 2.1
2.1 12.3 16.6 2.1
1.2 47.8 34.8 2.2
4.2 25.2 24.7 1.9
4.1 23.8 87.3 2
3.8 31.1 25.9 1.6
1.3 41.6 35.2 1.8
1.5 49.6 52.9 1.7
3.4 50 37.4 1.9
2 18.8 35.9 1.9
2 32.5 15.3 1.8
4.6 33.7 14.9 2.3
1.5 26.6 60.2 1.9
3 43.7 5.4 2
2.5 16.2 30.9 1.6
3 20.5 71.4 2.1
1.9 10.8 41.2 2.1
1.8 34.6 63.5 2
1.3 11.9 33.1 1.8
2.6 27.6 76.9 1.8
4.6 44.8 57.8 1.5
3 37.4 94.3 1.7
4.1 11.3 14.8 1.8
4.8 41.9 86.5 2
2.3 30.2 22.1 1.8
1.5 23.6 33.9 1.9
1.9 17.6 7.5 2
4.3 40.8 52.4 1.6
2.2 20.4 11.3 2.1
4.6 43.5 9.2 1.9
1.3 26.4 59.5 1.9
2.9 18.3 85.2 2.3
1.6 28.5 47.1 2.3
1 37.5 56.7 1.9
3.5 21.1 92.7 2.1
2.9 25.7 58.6 1.5
2.7 45.1 76.6 2
3.4 16.6 43.9 2.3
2.4 15.7 27.4 1.9
4.1 30.4 69.6 1.8
3 30.2 68.8 1.7
3.1 16.7 17.1 2.3
4.8 40.1 55.1 2.2
4.9 30.7 87 1.7
1.1 29.8 50.9 2.1
1.8 35.8 15.4 1.7
2.2 33.1 50.8 1.8
2.6 30.4 74.6 2.4
1.4 36.9 15 1.5
4.4 45.9 65 1.6
3.1 21.2 52.2 1.7
4.9 38.7 7.8 2.2
2 44.4 50.1 2.4
4.7 34.3 55.3 2.1
2.1 15.5 50.4 1.6
3.7 26.9 92.5 1.6
1.4 25.1 69.4 1.5
4.6 10.2 40.5 2.2
3.5 14.4 35.8 1.8
1.6 48.6 23.9 2.1
2.7 25.7 67.6 1.9
3.2 47.7 51.9 1.6
2.3 20.4 25.5 2.1
3.7 25.5 87.5 2.2
2.5 47.2 58.4 1.8
4.2 11.3 74.8 2
2.2 32.6 11.3 1.6
2.8 26.4 77.1 2.2
3 49.1 82.8 2.1
3.8 15.9 18.6 1.7
1.6 17.8 87.1 2.1
1 22.3 41.6 1.7
3.9 49.3 11 2.4
2.4 20.6 42.8 1.7
2.3 28.6 51.3 2.2
1.2 19.6 38.7 1.8
3 25.5 38.4 2.4
1.7 17.4 42.2 1.6
1.9 17 29.9 2.2
2.7 26.2 53 2.1
3.4 26.7 70 2.4
2.2 33.5 80.6 1.8
1.9 38.6 53 2
2.9 32.1 89.6 2.5
4.3 26.7 50.2 1.5
2.4 41.4 87.6 2.3
3.5 41.8 26.9 1.6
2.5 40.4 84.8 1.8
1.9 30.4 90 2.1
1.9 37.6 11.1 2.3
3.6 29.6 14.7 1.7
2.5 27.6 35.1 1.6
2.6 16.2 12.7 1.5
4.3 34.7 90.7 2
1.6 45.8 51.7 1.9
4.3 21.1 12.4 1.6
1.6 13.5 83.1 1.7
2.3 39.2 40.3 2.2
2.8 20 66.2 2.1
4.3 16.1 46.4 1.6
4.7 38 88.7 2.2
2.8 22 7.4 2.1
2.1 14.8 69.6 1.8
2.2 29.5 69.2 1.9
1.1 36 54.4 2.1
1.8 39.6 67.9 2.2
2.3 30.2 36.6 1.5
2.1 27.8 68.9 2.4
1.4 40.9 39.2 2.4
2.6 26.1 53 1.6
4.7 13.1 91.1 2.1
4 29.2 19.3 1.9
1.1 23.8 87.5 1.7
4.8 33.6 92 2.1
4 29.9 81 1.8
3.1 45.8 43 1.7
4.1 29.4 32.9 1.7
1.8 16.7 69.9 2.2
4.3 13.7 17.4 2.4
4.6 36.6 7.5 2.4
3.9 42.4 76.3 1.9
3.4 32.2 46.2 1.6
1.7 26.8 77.1 2.4
3.9 35.4 17.3 2.3
1.8 15.8 35.8 2.4
4 38.1 23.9 2
1.2 32.5 27.8 2.3
1.4 49 21.1 2.4
2.4 22.4 78.7 1.7
3.6 18.5 44.5 2.1
4.9 49.5 73.7 2
2.4 31.5 58.8 2.4
1.6 16.1 33 2.4
2.1 15 12 2.4
4.7 27.7 82.7 2.1
3.9 10.1 80 2
1.3 38.4 86.9 2.3
1.8 46.4 68.1 2.4
1.4 24 6.8 1.9
4.9 43 23.6 1.8
4.4 12.2 93.9 1.8
4.4 36 22.9 2
3.3 49.5 73.2 2.3
1 30.3 70.1 2.1
3.4 40 41.2 2.3
3.4 18.4 40.7 1.6
3.2 43.3 30.9 2.1
1.4 12.9 56.6 1.8
2 44.2 39.9 2.3
4.9 49 22.4 1.8
2.1 41.3 34.3 2.5
3.6 12.4 26.5 1.6
2.6 26.5 32.7 2
1.1 11 92.4 1.8
4.3 15.6 35.7 2.1
3.7 46.1 71.4 1.7
1.5 41.5 42.3 2.3
2.6 15.1 11.8 2
3.1 47.9 83.2 2.2
3.1 37.4 59.5 2
1.2 25.7 73.3 2.3
1.1 40.7 73.9 2.4
2.2 14.9 63.1 1.9
1.9 13.3 82.7 2.2
1.9 42.7 24.5 2
2.8 12.5 47.6 1.9
1.5 20.7 16.4 1.6
2.6 28.4 14.2 2.3
1.9 33.3 42.7 1.9
4 35.7 83.4 1.8
1.8 47.3 21.9 2.2
4.7 12.5 7.3 2.2
3.3 25.8 33.5 2.5
2.2 46.6 84 1.6
4.8 28.5 36.2 2.1
4.3 11.7 85.5 1.6
3.6 17.1 78.5 1.8
2.2 14.1 57.1 1.8
3.8 34.6 20.8 1.9
2.4 30.8 72.8 1.8
1.5 36 90.7 2.4
3.2 15.9 50.1 1.5
4.3 45.4 57.7 2.4
3.6 46.1 18.4 1.7
3.2 21 73.7 1.6
4.3 36.5 34.9 2.4
2.4 38 22.9 1.9
4.4 11.4 86.8 2.5
1.5 22.2 78.1 1.9
2.3 27.5 44.7 2.5
3.1 31.5 43.1 1.6
1.3 12.8 7.3 1.8
4.7 43.5 67.2 1.8
2.6 20.3 83.2 2.1
4.9 19.1 77.9 2.1
4.5 28.1 70.8 2.2
4.2 33.2 49 2
2.1 39.7 71.3 2.5
3.6 13 14.9 1.9
4.4 28.9 65.1 2.1
1.2 11.7 83.1 2.1
2.6 16.1 74.8 1.8
1.2 20.9 69.7 1.8
4.1 49.8 78 2.1
3.6 10.8 67.1 1.5
1.8 20.9 79.5 1.6
4.5 33.4 62 1.6
3.5 31.5 57.8 2.4
3.7 48.8 28.4 2.1
4 28.1 5.8 2.5
1.5 36.8 65.3 1.7
2 45.1 76.2 1.7
3.3 49.2 85.1 2.4
1.1 14.8 81.9 2.4
1.2 13.3 46.7 1.9
3.2 32.5 26.1 1.6
4.9 42.6 7.1 2.3
3.2 11.3 19.3 2.2
4.1 20 64.6 1.6
3.3 12.1 83.7 2.3
2.9 11.5 22.8 1.9
4.5 10.7 79.2 2
2.9 35.9 87.2 2.2
4.4 19.7 20.2 2.4
1.3 49.3 61.4 2.5
1.1 28.4 90.6 1.7
2.5 44.3 77.3 2
1.7 37.2 62.1 1.9
5 35.8 27.8 1.5
2.5 19.4 24.3 2.5
2.5 46 63 1.7
4.7 33.1 71.6 2.2
4.2 38.8 59 2.4
4.4 23.2 48.6 1.6
4.7 21.8 6.4 2.3
3.4 28.2 18.1 2.2
3.2 32.7 40 1.5
1.9 16.2 60.1 2.3
3.9 33.8 28.9 2.4
4.1 14.7 45.5 2.3
4.6 16.3 43 1.7
3.3 35.4 47.9 1.8
1.3 42.4 91.2 2.5
3 42.5 42.4 2.2
4.2 12.6 12.4 2
1.2 10.6 19 2.1
4.9 29.2 41.5 1.6
3.1 16.9 67.2 1.7
4.7 38 67.4 1.6
2 11 69.9 2.2
2.3 31.2 5 2.4
2.8 23.8 90.2 1.9
1.8 29.3 63.6 2.4
2.7 19.8 29.8 2.2
4.2 29.3 72.9 1.6
2.4 16.8 75.5 1.7
2.7 29.5 8.5 2.3
4.4 40.9 39.7 2.3
1.6 31 46.1 1.8
4.6 19.4 89.4 1.7
1.2 45.1 11 1.9
2.3 49.3 20.4 2.4
2.8 40.8 78.5 2.1
1.8 22.8 88.3 2.3
2.6 32.6 20.8 2.4
2 21.8 74.6 1.7
4.6 29.8 24.1 2
3.6 34.9 68.2 2.5
3.7 20.2 87.4 2
3 18.8 58.3 1.7
4.5 24 93.1 1.9
3.6 23.5 51.5 2.1
1.3 17.3 62 1.7
1.7 34.3 45 2.5
1.6 43.2 61.7 1.9
4.9 30.2 42.2 1.5
3.5 24 7.6 2.2
1.8 27.9 86.4 1.7
1.7 40.5 10.7 2
4.8 13.9 47.9 1.6
2.7 38.5 63.4 2.1
2.4 25.6 28.7 2.4
1.8 12.7 83.4 1.8
4.3 42.1 60.6 1.7
1.5 38.4 67.6 1.8
1.8 49.5 12.4 1.9
3 42.9 32.4 1.8
3.2 20.7 61.4 2.3
4.3 16.3 29.7 2.5
1.2 36 57.8 2.3
4.5 25.6 43.8 1.5
4.7 13.3 6.4 2.2
4.6 43.8 79.6 2.4
2.6 14.7 50.5 1.8
3.5 48.4 37 2.1
2.6 43.9 46.8 1.5
3.5 19.1 78.4 2.3
2.8 12.2 62.2 2.4
2.4 24.8 44.4 1.9
1 35.6 11.6 2.5
2.1 45.4 60.1 2.3
3.4 15.4 83.8 1.8
1.3 27.1 86.9 2.4
3.7 18.2 75.3 2.4
4.8 35.3 86.4 2
1.8 28.1 23 2.4
4.8 20.1 89.5 2.4
4.1 32.7 48.5 2.3
1.7 29.7 31.3 2.3
1.2 27.4 70.5 1.6
3.2 15.6 22.3 2.4
3.6 23.8 7 1.5
2.8 31.8 89 1.9
1.7 14.8 90.9 2
4.6 10.5 49.4 1.9
4.1 21.1 73.2 1.8
3.3 28.2 23.7 1.6
4.2 35.7 6.3 1.6
1.3 43 72.8 2.3
2 25.6 69.2 2.3
1.8 30.5 84.1 1.6
2.5 29.4 15.8 1.6
2.4 32.3 56.6 1.6
2.2 14.1 32.2 2
1.2 40.1 79.4 2.1
4.9 14.8 94.1 2.2
4.4 21.6 48.5 2
3 27.3 76.8 1.7
1.8 23.5 70.3 1.6
1.3 18.9 45.4 1.6
1.8 40.3 16.3 1.5
1.7 28.3 41.2 1.8
3.7 29.7 27.3 1.7
4.7 31.9 27.5 1.7
1.8 12.3 69.1 2.2
1.2 42.1 53.6 1.9
1.1 29.6 54.7 2.4
4.8 12 9.6 1.8
3.7 25.8 35.4 2.2
1.9 37.7 56.3 2.4
3.5 31 91.6 1.9
2 18.9 18.6 2.4
3.8 28.4 19.1 2.1
1.3 43.3 19.3 1.9
1.3 46.5 40.3 2.4
3.2 37.8 69.4 1.8
1.5 27.2 44.1 2.1
4.8 18.9 49.1 1.8
2 13.9 59 2.3
4.5 32 92.7 1.7
2.5 31.3 53.8 2.1
3.7 35 61.5 1.8
3 26.6 44.5 2.2
2 34.2 32.5 2.3
3.6 15.5 57 2.3
2.5 11.9 91.5 2.1
4.6 40.9 83.1 1.6
4.4 24.3 39.8 2.4
2.9 47.5 61.9 1.5
2.9 37.7 60 1.6
4.2 18.4 78.8 2.3
1.1 25.3 17.3 2.4
3.6 24 43.5 2.2
2.3 19.6 48.2 2.1
4.3 48.2 70.2 2
2.2 36.3 74.4 1.6
2.4 48 85.9 2.2
3.9 25.7 85.1 1.6
2.4 22.4 32.8 2.2
3.1 49.3 88.2 1.8
2.6 27.9 24.7 2
4.9 43.1 83.7 2.1
4.5 20.5 33.6 2.1
2.3 20.6 58.2 2.2
4.7 21.9 45.9 1.6
3 28.1 93.8 2
4.4 34.1 59.3 1.8
2.5 28 47.7 2.3
1.8 21.2 70 1.5
3.8 18.8 37.1 1.8
4.7 25.3 56.4 2.5
4.8 18.6 50.9 2.4
3.6 33.8 21.2 2.5
1.6 35.1 74.2 1.9
4.8 12.9 26 2.1
4.6 43.2 24.7 2.2
4 39.4 93.9 1.8
1.5 20.2 7.3 2
2.2 30.3 12.6 1.8
2.9 41 20.6 2
3.4 23.3 78.8 1.7
3.6 27.5 31.5 2.3
4.8 42.3 41.6 1.6
2.7 12.7 13.6 1.6
1.7 36 61.5 1.6
4.8 30.2 63.9 1.7
4.2 26.1 91.2 2
1.4 35 61.3 2
4.5 42.6 27.4 2
2.1 13.9 20.2 2.3
3.6 33.6 87.6 1.7
1.7 39.6 74.4 2
2.2 23.7 44.1 1.7
3.9 16.4 58.7 1.8
3.6 10.5 20.3 2.3
2.9 22.8 84.1 2.2
1.2 44.2 62.5 1.9
3.3 41.1 87.1 2.5
2.2 27.9 88.3 1.7
3.3 39.7 85.2 2.4
4.5 19.3 78.9 2
4.4 12.9 59.8 1.9
3.9 44.3 41.6 1.8
2.7 25.1 70.3 2.1
1.8 25.7 31.7 1.6
1.1 49.6 43.8 1.8
4.9 35 70.8 2.3
2.3 27.7 37.3 2.2
4.7 25.3 53.2 1.6
1.9 37.8 57.8 1.6
4 36.5 71 2.3
3.8 30.6 31 1.9
4 18 56.3 1.6
3.9 13.1 83.3 2.3
2.5 39.6 61.5 2.4
3.8 42.8 87.7 1.9
3.3 30.8 85.9 1.8
4.6 43.6 57.7 2.2
3.3 11 79.6 2
2.1 32.2 51 2.3
4.2 23.4 19.4 1.6
4.6 38.7 88.7 1.5
3.3 27.2 7.6 1.7
2.9 41.8 15.2 1.6
2.7 35 80.7 1.6
4.6 23.2 36.1 1.8
2.3 44.3 18.5 1.6
4.6 25.5 61.1 1.9
3.3 40.7 24.7 1.6
3.2 14.4 17.4 1.6
4.1 33.4 64.7 2.3
2.9 28.7 62.2 2.4
2.9 14.8 85.7 1.8
4.7 33.8 59.2 2
3.3 34.7 89.4 2.1
3.7 29.2 48.5 2.4
4.9 26.3 39 2.1
2.1 35.1 50.8 2
1.5 42.2 59.5 1.8
2.8 36 64.5 2
2.8 28.5 77.4 1.9
1.6 47.9 60 2.2
2.2 15.5 31.3 1.6
2.3 36.9 72 2.1
2 29.6 28 1.9
3.9 19.6 31.8 2.3
1.9 13.9 27.2 2.4
1.7 20.6 24.6 2.5
4 33.4 69.7 2.2
4.4 46.1 30.5 2.4
1 11.1 81.5 2.3
4.1 14.2 88.2 1.7
4.3 46.2 18 1.6
3.3 15.8 21.2 2
3.7 31.1 41 2
2.6 31.6 48.3 1.8
1.9 23.2 9.3 2
5 32.1 7.4 1.8
5 14.2 23.3 1.8
2.8 37.5 77.2 1.8
4.6 29.2 15.6 1.8
1.3 13.9 48.2 2.5
2.3 48.7 80.4 2.4
3.3 28.1 32.8 1.8
2.6 10.9 89.7 2.1
4 33.5 35.9 2
4.9 39.1 19.6 1.6
3.1 27.6 91.5 1.6
4.2 14.5 69.2 2.3
4.6 36.1 82.2 2.4
2.1 39.7 21.1 2.5
4.1 26.8 82.5 2.1
3.3 18.8 43.7 2.5
2.2 12.8 74 2.1
2 32.6 60.5 1.9
2 41.3 37 2
4.3 11.1 18.7 1.6
3.1 45.6 10.5 1.9
1.4 22.5 43.8 2.1
3.5 44.4 25.9 1.6
1.3 21.2 25.7 1.6
2.2 32.7 34.1 1.8
4.5 35.4 17.3 1.9
2.8 17.8 23.4 2.3
1.7 49.7 38.2 2
1.8 43.4 85.6 2
4.3 20.3 78.2 2.5
3.5 22 20.5 1.9
4.5 40.5 91.6 2
3.1 24.9 18.2 2.1
3.3 13.1 90.7 2.3
2.4 38.9 45.1 2.1
2.6 12.4 69.5 1.5
3.1 17.4 27.3 2.3
3.9 48.7 23.2 2.3
1.9 10.6 56.7 2.4
4.3 24.3 63.5 2.4
2.5 23.2 40.2 2.4
3.5 37.2 15.9 1.5
3.4 16.9 84 1.7
1.1 31.8 88.3 2.2
1.7 36.8 55.2 1.9
2.7 29.7 47.3 2.3
4 11 73.3 2.3
4.4 35.9 10.8 2.3
2.6 23.6 94.5 1.9
3.5 33.4 53 2.1
1.9 48 13.5 2
2.4 43.3 92.9 1.7
2.9 45.9 85.8 1.6
4.2 24.5 30.7 1.6
3.2 39.9 48.7 1.6
3.4 35.7 43.8 1.8
3.8 16.9 89.6 2.2
1 29.1 94.9 2.1
3.1 35.6 52.9 1.7
4.6 27.6 54.7 2.1
2.2 47.4 89.3 2.4
2.6 46.3 39.7 1.7
2.6 47 51.8 2
1.1 44 86.9 1.8
1.3 36.6 82.3 1.9
4 48.2 54.6 2.1
5 42.3 13.5 1.6
1.5 28.1 31.6 1.7
3.5 44.4 38.3 2.4
4.7 49.3 72.4 2.1
3 43.3 29.8 1.8
2.4 43.8 8.7 2.3
1.4 11.1 82.3 2.4
2.4 14.6 60.4 2.4
3.5 38.5 15.8 1.6
4.5 35.3 12.4 2.4
1.3 38.8 51.3 1.7
1.9 46.2 26.1 2.3
2.5 24.8 37.6 1.7
4.3 23.6 64 2.3
1.9 14.7 47.9 2
2.4 12.8 89.7 2.2
2.7 20 11.2 2.2
3.3 34.8 18.1 1.5
2.8 40 46.7 2.3
3.6 42 46.9 2.1
2.8 31 25.9 1.6
4.1 45.7 56 1.9
3.7 28.1 94.3 1.7
4 12.5 78.7 2.4
1.1 21.2 40.3 1.6
1.2 36.1 88.7 2.2
3.7 28.6 77.1 2.4
2.1 14.3 14.4 1.9
1.5 26.3 69.5 2.1
4.9 33 60.7 1.9
2.4 37.2 77.1 2.5
3.8 10.4 54.1 1.7
3.6 44.9 48.9 1.8
1.7 35.9 91.1 1.7
3 39.9 38.9 2.5
3.4 13.1 70.4 1.9
3.4 43.7 87.5 1.8
2.2 23.8 91.9 2.2
4.9 30.1 43.7 1.9
2 46.5 12 2.2
4.1 21.8 55 2.1
4.6 38.8 12.6 1.6
1.9 12.9 14 2
2.2 19.2 13.5 1.9
4.8 11.4 77 1.8
1.6 30.2 49.7 2
2.3 32.6 92.9 2.1
2 25.3 77.9 2.3
1.3 25.1 15.8 1.9
1.2 35.8 16.2 2.5
1.4 38.2 12.4 1.6
4.8 12.8 37.8 1.7
1.4 24.2 60.1 1.7
3.9 23.5 87.3 1.6
3.1 42.2 44.6 2.4
3.8 31.8 27.2 1.8
3.8 25 17.7 1.7
2.8 13.2 13.2 1.7
3.8 11.4 13.6 1.7
2.5 24.3 43.9 1.8
5 37.6 39 2.2
4.2 33 49.8 1.9
3.1 21.5 52 1.7
4.7 45 8.1 2.1
3.3 25.5 90 1.6
4.1 16.3 89.7 2.2
3.3 27.2 67 1.5
2.6 11.5 73 2.1
2.4 32.3 41.8 2.3
3.6 16.5 21.5 1.8
2.9 14.4 81 2
1 14.2 59.6 1.8
1.1 50 40.9 1.8
1.4 42.7 7.4 1.7
4.6 35.6 54.1 2
2.6 37.3 35 2.3
1.9 40.2 29.7 2.2
2.1 44.3 68.3 1.9
1.5 11.6 28.4 1.9
2.2 48.8 74.5 1.7
2.8 10.1 18.2 1.6
3.7 23 83.9 1.7
3.5 22.1 29.5 1.8
1.4 18.4 21.6 2.2
3.9 35.5 89 2.4
2 32.5 74.6 2.1
4.8 36.9 93 1.6
2.7 12.7 75.3 2
1.3 30.4 23.3 2.3
1.6 12.9 72 1.7
1.6 49.1 83 1.7
3.5 27.5 82.1 1.6
2 24.2 88.6 2.3
2.6 26.7 80.8 2.3
4.8 36.2 82.6 1.5
4.3 15.7 87.2 2.1
4.4 33.9 93.9 1.6
3.4 21 28.1 2.1
2.3 43.3 70.5 1.5
2.6 40.5 13.2 2.3
3.1 47.9 35.2 2.3
2.7 19 37.8 1.8
2.5 39.3 63.9 2.3
3.2 49.2 25.5 1.9
2.4 13.3 54.9 1.5
3.4 46 68.3 1.7
3.2 16.9 36.9 2.4
2 24.6 92.8 2.4
1.6 49.8 26.9 1.9
1.2 31.1 46 2.1
4.7 25.4 79 1.7
3.9 32.5 63.9 1.6
2.8 25.7 36.7 2.1
3.9 21.7 92.3 1.6
2.7 36.7 55.2 1.6
3.8 41.5 49 2.1
3.5 12.4 18.3 1.8
4.8 13 92.9 1.9
1.3 11 27.6 2
4.8 48.9 8.3 1.7
2.5 31 62.3 2.3
3.9 48 77.8 1.9
2.1 16.1 56.3 2.5
2.1 33 29.8 1.8
3.7 17.1 13.4 2.2
4.7 13.4 8 2.2
3.8 47.4 38.7 2.4
2.1 47.5 10.6 2.4
2.3 42.3 37.1 2
4.8 30 43.7 1.8
1.3 45 63.5 2.1
1.2 28.1 46.5 2.5
3.1 47.8 56.9 1.6
4.4 28.5 23 2.3
4.2 35.4 65.1 1.7
1.7 46.3 89.1 2.3
1.8 49.2 55.9 2.3
1.4 31.3 25 2.3
4.4 40 65.4 2.1
2.4 20.4 40.6 2.4
3.3 43.4 92.2 1.8
3 36.6 27 1.6
1.5 44 49.6 1.9
3.4 28.4 55.8 1.9
3.4 41.2 19.4 2.1
1.8 15.5 33.1 1.7
4.3 40 29.8 1.5
4.4 45.2 11.1 1.6
2.4 36.4 78.4 1.7
2.7 27.9 56.2 1.6
3 10.8 47.1 1.6
4 45.8 82.9 1.6
4.7 40.5 67.8 1.7
2.9 33.3 71.5 1.9
1.4 18.1 60 1.9
3.2 46.9 48.9 1.7
1.3 20.3 25.6 2.4
4.8 13.9 64 2.3
2.8 11.7 59 2.4
3.5 30.8 58 2.1
2 18.2 76.7 2.4
1 23.8 51.9 2.3
4.4 36.4 49.3 2.4
4.8 39 6.9 2.4
3.3 24.1 27 1.6
3.5 36.8 72.6 1.6
3 37.1 18.4 2.3
4.6 15.6 44.7 2.5
4.8 16.8 55.6 2.1
3.5 26.8 70.5 1.8
2.9 44.5 13.1 2.2
4.2 45.4 8.3 2.4
1.1 23.3 7.2 2.2
2.8 15.4 92.4 2
2.8 24.2 53.5 2.4
1.9 35 91.8 2
4.4 36 69.1 2.4
1 40.9 43.2 1.7
1.1 15.8 15 2.4
4.3 25.5 51.2 2.1
3.1 26.6 77.9 1.9
1.1 45.8 86 1.9
4.7 16 71.6 2.4
1.3 29.8 10.7 1.8
4.6 14 91.1 2.2
2.5 10.4 80.6 2.2
2.5 50 35 2.4
4.4 10.2 53 1.6
2.2 44.9 23 1.8
4.5 10.6 46.9 1.6
2.4 30.5 86.4 2.1
2.6 35.6 74.4 1.6
4.2 26.6 8.7 1.6
4.6 23.2 28.4 1.9
2.6 38.7 63 1.8
1.2 24.6 75 1.6
3.9 27.2 50.1 1.5
1.8 42 5.4 2
2.4 12.1 8.1 1.6
3.5 45.8 17.6 1.7
3.7 29.9 60.9 2.5
1.3 34 78.5 2.2
1.5 27.9 19 1.6
2.9 32.3 79.9 2
2.1 38 19 2.1
2.8 11.8 15.1 2.5
1.1 19.9 51.9 2
4.2 42.6 50.1 1.7
3 25.7 80.7 1.6
1 39.1 75.5 1.6
2 30.2 72.7 2.4
4.4 47.8 37.9 2
4.9 46.8 25.3 2.4
2.2 45.5 79.2 2
4.4 32.5 74.6 2.1
2 26.9 68.8 1.6
2.5 19.2 94.8 1.8
5 30.2 43.7 1.7
1.3 31.6 18.1 1.5
1.1 40.5 84.3 2.5
3.5 30.6 44.2 2.2
2.5 37.3 93.7 2
4.9 19.8 7.9 2.5
4.6 43.3 85.2 2.3
2.8 19.8 71.6 1.6
2.6 47.7 38.7 2.5
2.4 46.8 78.4 1.6
1.4 17.8 8.5 2
4.4 37.2 29.6 2.4
4.9 49.5 70.7 1.7
4.3 48.5 87.7 1.6
2.7 30.9 89.7 2.2
3.2 38.8 8.6 1.7
3.2 20.4 5.2 2.3
2.6 16.6 43 1.5
1.6 48.4 13.4 1.7
4.9 11 7.1 1.7
2.6 15.6 70 2.4
3.9 21.6 35.3 2.4
4.6 18.2 27.7 2.2
3.4 32.6 87.2 1.8
4.8 13.8 78.4 2.3
1.6 26.9 32.1 1.8
3.3 48.4 63.1 2.5
2.4 33.9 85.1 2.1
3.9 37.4 80.3 2
2.6 30.4 92.9 1.6
5 13.7 70.2 1.5
4.3 14 53.5 1.6
4.4 12.8 85.6 2.3
2.6 43.8 86.3 1.7
3.1 42 14.5 2.4
3.7 14.3 71.6 2.2
2.6 37.2 38.2 1.5
1.6 13.6 5.6 2.5
4.8 28.2 11.2 1.6
4.9 49.2 94.9 2.3
1.4 17.5 13.3 2.4
4.2 13.5 49.3 1.6
4.2 41.6 85.7 2
2.5 12.9 24.6 2
2.8 22 88.6 1.8
4.5 40.4 84.1 2.3
3.2 11.6 67.1 2
1.2 28.7 66.3 1.7
1.9 25.3 28.1 1.9
4.3 21.4 62.2 2.2
2.5 45 73.7 1.7
3.4 22.4 23.1 2.4
4 12.1 31.4 1.8
2.1 30.8 84.5 2
2.8 42.1 77.8 1.9
4.3 32.3 11.1 2.2
3.1 36.9 27.5 2.1
3.1 40.8 57.5 2.4
3.3 29.6 14.4 1.9
2.7 43.6 75.4 2.4
2.4 47.2 9.4 2.2
3.3 39 87.9 1.5
3.2 14.9 51.4 1.7
3.1 30.5 75.5 2.2
1.1 36.2 66.5 1.8
4.6 14.3 64.2 1.6
4.9 45.3 51.6 1.7
4.2 34.7 42.3 2.5
3.8 42.8 8.8 2.1
1.8 14.6 20.7 1.6
2.1 23.9 76 2.3
4.2 23.7 84.8 1.6
2.6 47.6 38.1 2.4
4.1 23.3 43.1 1.6
3.6 48.1 76.9 1.6
4.4 41.3 20.2 2.2
2.9 19 87.4 2.2
3 28.8 69.9 1.8
2.7 33.8 12.4 2.1
3.9 21.8 24.4 1.9
2.9 31.1 60.4 2
3.6 47.9 7.3 2.3
1.8 35.3 25.8 1.5
2.8 36.6 70.7 2.1
4.9 11.1 21.6 1.7
2.6 34.9 94.3 2.3
2 23.2 22.5 1.8
4 11.1 70.5 1.8
2.1 28 30.2 1.6
1.3 10.2 48.7 1.6
4 49.4 12.6 2.5
4.7 35.9 70.3 2.1
2.1 16.3 62.1 1.9
1.8 22.2 61.5 2
4.4 14.5 35.1 1.7
4.2 15.3 89.7 2.5
1.3 35.2 44 2.2
2.7 27.9 47.8 1.5
1.9 45.4 34.6 2.1
3.4 10 43.4 2.3
3.4 22.1 27.8 1.5
2.6 28.6 73 2.2
4.7 14.4 26 2
1.6 41.7 68.7 2.3
4.3 38.9 42.9 2.4
3.2 49.8 75.6 1.7
1.6 14.7 37.6 2.3
2.1 41 46.7 2.4
1.4 49.8 56 1.9
2.8 36.1 68.1 1.6
1.8 19.3 81.9 1.5
4.8 16.7 48.5 1.8
2.1 24.3 65.9 2.5
1.1 31.1 92.8 1.7
4.8 18 78.5 1.8
3.7 25.1 12 2.3
4.9 41.1 66.5 1.8
2.9 21.9 87.7 2.1
3.6 29 8.6 1.6
3 14.2 30.2 1.7
1.5 24.5 53.8 2.3
2 13.9 24 1.8
4.7 26.2 27.3 2.4
4.5 15.6 44 1.7
3.7 36.7 60.6 2.1
1.2 43.8 42.9 1.9
1.5 41.8 11.4 2.3
3.1 48.4 41.1 1.9
4.9 25.3 67.6 2.5
4.6 47.6 83 1.8
2.8 41.3 94.9 2.4
1.3 16.7 50.6 1.6
4.6 27.3 5.8 1.6
5 38.8 16.4 1.6
1.7 40.9 47.5 1.8
4.1 30.2 24.9 2.1
1.3 18.2 47.3 1.7
3.8 25.6 62.6 1.8
2.7 33.1 93.6 1.9
1.5 26 54.7 1.8
4.9 22.8 23.6 1.6
3.7 20.4 37.5 2.2
1.1 14.4 9.6 2.3
3.2 33.9 70.1 1.9
4.1 18.4 30.5 1.5
4.4 17.1 59 1.9
3.9 30.5 43.2 1.6
1.5 35.8 57 2
2.5 41.2 54.3 1.6
1 29 24.6 2.4
1.9 15.9 70.6 1.8
4.2 41.5 17.6 2.1
1.2 33.4 82.8 1.8
2.2 21.1 45.9 2
1.8 31.2 78.5 1.9
1.5 17.4 63.8 1.9
3.5 27.6 35.9 2.2
1.3 29.5 42 2.1
3.9 21.9 86.2 2.4
4.1 16.9 68.9 1.8
2.9 24.2 71.9 1.9
3.8 17.1 5.1 2.2
1.2 19.6 94.8 2.4
1 17.8 65.8 2.2
2.3 28 78.3 2
1.9 42.3 48.9 2.3
1.1 13.8 79.6 2.2
1.4 49.1 77.3 2.3
4.7 16.4 81.2 1.7
2.5 41.2 5.6 1.7
3.4 37.8 31.3 1.6
1.1 30.1 60.3 2.4
3 12.4 84.5 1.9
4.1 42.2 46.8 1.6
1.5 48 27.6 2.1
4.7 28.4 10.7 2
2.3 48.9 6.2 1.9
5 14.9 80.9 1.8
2.6 41.7 7.1 1.6
1.7 16.9 33.6 1.5
2.7 13.1 91.6 2.1
4.4 10.6 21.5 1.5
3.7 40.5 56.1 2.2
3.9 32.8 42.3 1.8
2.7 14 6.9 1.9
1.5 50 79.1 2.3
3.1 33.5 45.3 2.2
3.3 32.5 26.1 2.4
4.6 34.2 71.9 2.4
4.8 30.7 80.7 2
1.4 39.3 75.6 2
3.5 32.2 85.7 2.1
3.8 30.1 81.6 1.6
4.7 11.6 87.8 1.7
3.1 17 18.3 2.3
4.8 42 61.8 2.1
2.2 30 19.8 1.7
2.6 12.9 29 2.2
1.6 10.6 52.1 2.4
2.4 44.5 41.3 1.9
4.9 13.2 32.3 2.2
3.9 29.3 48.9 1.6
2.2 45.1 87.2 1.8
3.6 13.5 83.7 1.7
2.2 26.7 42 1.8
4.4 23.1 26.3 2.4
1 23.3 41.5 1.9
1.5 12.6 11.9 1.9
2.9 17.5 13.9 2.2
4 34.2 28.8 2.4
3.4 18.3 83.7 1.9
3.1 41.4 59 2.3
3.2 30 31.2 2.5
3.1 36.7 15.7 2.3
1.3 42.8 49.5 2.3
2.5 27.8 25.4 1.9
4.7 48 79.3 2.4
1.3 36.5 10.1 2
3.9 44.8 63.7 2
3.4 24.9 87.5 1.7
2.4 40.7 35.9 2
1.2 37.4 40.2 2.5
4.8 25.9 87 2.3
1.1 30.7 27.4 2.3
4.6 10.3 55.8 2.4
3.3 21.1 18.6 1.7
2.8 15.3 84.3 2.4
2.3 28.8 14 2.2
1.8 32.6 39.2 2.1
2.4 41.4 64.4 1.8
4.2 33.5 69 2.4
3 12.4 55.3 2
2.8 19.2 7.8 1.9
3.7 45.3 42.4 1.9
1.9 27.9 48.3 1.8
2.6 19.1 84.2 2.3
1.5 41.9 55.3 1.7
4 33 29.1 2
1.7 44 22.1 1.7
1.8 43.7 91.7 2.2
1.6 45.3 65.6 1.7
2.8 14.9 28.9 2.1
2.1 24.3 45.9 1.7
1.9 29.7 64 1.6
3.9 12.5 26.2 1.5
4.9 38 53.5 2
4.7 13.2 77.7 2.5
4.7 18.7 76.9 1.7
4.9 10.5 77.8 1.6
4.4 24 42.7 2.2
3.8 10.1 76.6 2.4
4 45.7 7.9 2
1.6 24.7 26.8 2.5
3.1 24.7 58.6 2.2
2.8 18.5 42.5 1.9
1 13 21.8 2
1.1 24.6 81.4 2.1
3.4 31.8 20.1 2
1 23.1 64.6 1.6
1.5 40.7 50.6 1.9
2.1 30.6 6.8 1.9
4.5 14.4 25.9 2.3
2.3 15.2 58.3 2
3.3 13.6 40.5 1.5
2.2 41 80.3 2.5
1.8 48.7 32.1 2.4
1.7 12.8 14.4 1.7
3.5 39.3 62.4 1.8
3.4 11 77 2.4
4.2 37.7 63.3 1.8
1.7 21.5 76.6 2.1
1.9 11.7 54.1 2.4
2.2 48.1 51 2
4.7 22.4 38.8 1.9
4.1 15.6 49.9 2
3.4 36.1 92.3 2.4
3 39.5 88 2.3
3.4 36 21 2.3
2.3 20.1 68.2 1.8
2.4 14.4 45.6 1.8
2.7 12.9 37.6 2.3
4.1 15.2 42 1.5
2.6 10.3 75.2 2.1
2.4 31.9 41.2 2
2.2 24.2 40.5 1.6
2.5 19 18.4 1.5
3.1 44.4 12.2 1.8
4.5 18.3 83.1 2.1
2.5 33.4 52 2.3
4.1 32.5 39.9 2.4
3.2 44.4 29.2 2.2
3.3 41.4 10.7 2.1
2.8 44.6 11.2 1.6
4.7 36.7 62.1 1.9
2.8 12.9 76.4 2.3
4.9 23.9 39.7 1.9
1.6 22.3 48.7 1.9
1.2 16.5 89.9 2.3
2.9 48.6 33.1 2.3
2.4 33 64.9 2.2
2.9 29.9 92 2.5
2.1 13.6 62.6 2.3
4.4 20 44.3 2.3
3 33.4 15.6 2.1
1.7 39 78.7 1.7
1.1 49.2 75.5 2.1
4.7 26.1 39.4 2.2
2.2 43.3 89.9 2.5
3.1 10.2 84.8 1.9
2.9 38.7 21.1 1.7
3 14.2 57.4 1.5
2.8 12.3 51.5 2
3.4 35 40 1.6
2.2 42.6 52.1 2.4
4.6 26.2 22 2.1
1.1 10.9 11.2 2.5
4.3 25 69 1.8
3.4 41.5 82.8 1.8
1.3 16 43.4 1.6
1.6 20.2 53.7 2.2
4.2 11.3 67.5 1.9
3.6 44.9 80.4 2.1
4.9 39.5 80.6 1.6
1.3 45.4 65.8 1.7
2.9 35.8 91.9 1.7
1.2 29.1 88.9 1.9
3.2 47.5 81 2.2
2.1 39.3 54.9 2.2
1.3 25.6 69.6 2
1.2 23.9 15.5 1.8
3 18 12 1.6
2.6 29.6 44 1.9
3.1 12 48.9 1.7
4.9 38.2 74 2.2
4.2 46.7 82.5 1.7
4.4 13 84 2.1
1.2 24.5 33.5 2
4.2 29 48.6 2.1
2.4 41.8 47.4 1.9
2.6 44.5 92.4 1.6
2.1 27.2 95 1.7
4.1 38.6 16.7 2.1
3.6 30.2 43.6 2.3
1.6 35.8 94.1 2.2
1.6 35.2 26.2 1.8
4.9 25.5 50.9 2.4
1.4 27.4 71.7 1.7
1.6 37.2 81.7 1.7
1.1 24.5 63.7 1.9
1.6 47 67.9 1.8
1.6 27.7 32.6 2.4
1.2 27.7 65.2 1.6
3.1 36.7 75.8 1.9
1.5 39.1 91.2 1.7
1.1 16.7 58.8 1.6
4.3 10.8 72.2 1.6
4.3 41.2 35.3 2.5
2.9 41 55.5 2
2.6 38.8 35.4 1.9
3.1 34.8 31 1.9
2.5 30.8 70.2 2
1.2 24 74.8 1.8
3.8 37.7 73.5 1.9
2.5 24.4 33.9 1.9
4.5 10.8 63.7 1.8
1.8 15.6 52.1 2.1
1.8 38.7 83.3 1.8
3.2 30.4 33.3 1.8
3 42.3 52.8 2.2
4.4 14 33.5 2.2
2.7 43.6 94.4 1.7
1.3 42.7 23.4 1.6
1.3 31.2 20.1 2
4.2 39 92.6 2.4
2.4 15.8 22 1.8
1.9 41.7 64.4 2.1
3 19.2 89.7 2.1
1.3 41 67.4 1.8
4.5 32.5 38.7 1.9
2.9 45.3 5.2 1.6
3.2 18.7 91.8 1.5
4.6 31.6 72.8 1.7
2.9 22.8 91.8 2.3
1.1 11.7 83.7 1.8
3.8 10.9 21.3 2.4
3.5 15.9 87.8 1.8
3.8 46.5 35.2 1.8
3.3 11.5 56.2 1.7
4.8 20.8 72.4 2
2 27.9 81.4 1.9
3.7 49.9 82.3 1.5
3.7 45.4 24.9 2.4
2.2 41.1 87.8 1.7
4.6 44.8 65.5 1.9
3.5 13.6 16.3 1.9
1.1 38.2 9.1 1.8
4.6 25.1 61.7 1.9
2.4 22.4 13.4 2.2
4.9 30.6 39.6 1.9
1.8 24.2 68.1 2.3
3.6 29.7 70.4 1.7
3.6 36.7 20.7 1.5
2.1 35.2 68.2 1.8
3.7 25 56.2 1.8
4.6 36 91.6 2.2
3 21.5 31.3 2.2
4 26.7 36.5 2.5
3.7 19.3 21.3 2.4
4.6 23 52.2 2.4
4.7 22.9 72.3 2.3
3.5 40.4 85.5 1.6
2 28.7 18.4 2.1
3.8 38.2 62 2.2
1.2 12.7 46.5 1.6
4.3 10.9 5.1 2
1.4 19 88.5 2.2
2 26.3 87 2
4.8 47.6 54.5 2.1
3.6 26.5 58.9 1.9
2.9 36.3 31.1 2
4.6 43.7 56.2 1.8
2.6 48.3 94.6 1.6
3.5 12 87.9 1.9
2 13.7 16.2 2.3
3.8 31.5 88.2 1.9
4.1 39.7 16.9 2.3
1.4 27 14.3 2.5
4.9 41.9 29.3 2.3
4.8 15.1 63.8 2.4
1 31.6 9.2 2.3
4.9 23.5 27.7 2.1
4.4 17.8 58.1 2.3
2.6 49.8 38.6 2.2
4 17.8 47.6 2.1
3.2 32.1 49.1 2.3
2.1 32.1 26.7 2.1
1.5 29.8 84.9 1.6
2.2 17.7 42.6 1.8
1.9 23.8 41.7 1.8
2.6 18.3 5.5 2.2
4.4 10 80.4 1.8
1.5 46.4 91.4 2.2
1.4 22.9 36.4 1.6
4.8 38.8 87.8 2.2
1.5 25.4 66.3 1.8
2.5 34.3 64.9 2.2
2.2 30.3 22.6 2
2.4 25.8 9.6 1.7
2.9 33.1 36.8 2.3
4.4 12 68.8 1.7
3.7 19.9 37.1 1.9
4.7 36.4 91.4 2.1
1.1 37.7 8.6 1.8
4.5 29 24.2 1.5
3.4 12.5 30.4 1.5
1 33.5 14.7 1.8
2.1 45.1 27.5 2
1.2 17.5 8.9 2.5
1.7 23 36.6 2.4
2 26.4 65.3 1.8
2.6 16 45.6 1.8
2.4 46.5 17.2 2
2 22.6 58.4 2.3
4.9 15.7 49.5 1.8
3.5 41.1 43.7 2.3
2.7 36.4 14.1 1.7
3.2 15.2 64.6 1.6
3.1 34 44.4 2.1
1.6 24.9 20.7 1.9
2.2 48.7 42.8 1.7
3.1 20 85.9 2.4
2 22.4 48.2 2.1
1.9 12.1 33.9 2.2
3.6 28.2 62.3 2.1
1.5 30.5 29.8 2.4
2 42.9 80.9 1.6
1.1 13 30.4 2.2
4.8 24.3 85.9 1.9
1.9 14.5 21.7 2.4
4.7 10.8 62.7 2
1.9 15.4 49.6 2.1
1.7 41.3 59.7 1.7
3.7 41.8 82.4 2
1.2 13.1 67 2.1
2.8 43.3 95 2.4
3.6 17.3 57.9 2.1
4.5 22.4 46.3 1.7
1.9 35.2 20.6 2.3
3.2 28.9 46.9 2.2
2.8 24.1 81.1 1.8
4.1 34.7 82.9 2
2.8 36.5 82.5 1.9
4.1 24 47 2.5
4 35.2 11.5 2
4.8 24.6 87.6 1.7
2.2 23.6 81.6 1.7
5 15.8 20.2 2.5
4.8 28 80.9 1.8
3.2 48.7 49.3 1.6
1.2 26.3 29.3 2.5
4.8 15.3 16.4 2.3
2.4 33.6 30.2 1.9
4.2 40.4 89.3 2.4
3.1 22.5 8.7 2.1
3.7 13.7 58.4 2
4.7 27.5 9.8 2
2.1 36.5 35.4 2.2
4.5 39.2 48.9 1.5
3.8 47.7 34.2 1.7
3.7 44.2 31.8 2.2
4.9 34 44.2 1.5
3.4 44.9 18.2 2.1
1.6 28.2 66.9 1.8
4.9 44.9 88.6 1.6
4.2 46.2 30.8 1.9
5 28.7 21.9 2.4
3.1 30.7 34.3 1.6
4.9 34 80.6 2.3
2 49.1 12 1.8
1.2 17.6 44.2 1.8
2.8 34.6 46.9 1.8
2.2 31.6 81.6 2
2.9 10.8 51.5 2.3
4 47.6 29 2.1
1.5 45.2 12.9 2
2.5 28.7 12.2 2
2.6 10.7 42 2
4.3 26.6 73.7 1.6
3.5 31.3 93.8 2.4
4.5 13.8 77.4 2
4 24.7 84.3 2.4
2.1 27.7 51.6 2
4.6 21.6 47.3 2
4.6 34.1 35.6 2.4
3.4 20.2 51.6 2.1
1.4 16.1 34.3 1.6
2.4 27.8 58.6 2.1
2.5 12.4 46.6 2.2
3.1 46.3 94.2 2.5
3 49.3 10.1 2.3
4.7 41.6 31.2 1.5
3.5 34.1 67.6 1.6
4 21.5 90.9 1.7
2.4 21.8 41.4 2.2
1.1 15.5 94.6 2.1
1.4 26 69.6 2.4
4.3 40 12.6 1.6
2.8 24.5 7.3 1.6
2.5 37.9 22.4 1.5
1.7 43.9 61.5 2.1
2.3 17.7 32.5 2.2
2.9 13.9 7.1 1.8
2.4 10.9 8.1 2.4
1.8 15.7 70.8 2.5
4.9 11.4 20.1 1.5
1.4 15.4 16.1 2
3.6 11.9 72.5 1.7
3.1 16.6 58.9 2.2
0.3 0.3 0.3 0.2 0.3 0.4 0.3 0.3 0.4 0.4 0.4 0.3 0.2 0.3 0.3 0.3 0.4 0.3 0.3 0.2 0.2 0.2 0.2 0.2 0.2 0.4 0.3 0.4 0.2 0.3 0.3 0.3 0.3 0.3 0.3 0.3 0.3 0.3 0.3 0.3 0.3 0.2 0.2 0.2 0.3 0.2 0.2 0.3 0.3 0.2 0.3 0.4 0.4 0.2 0.4 0.3 0.2 0.4 0.2 0.2 0.3 0.2 0.3 0.4 0.3 0.4 0.2 0.4 0.3 0.3 0.4 0.4 0.3 0.4 0.3 0.4 0.3 0.4 0.3 0.2 0.3 0.3 0.2 0.3 0.4 0.3 0.3 0.2 0.3 0.3 0.2 0.4 0.4 0.3 0.4 0.4 0.3 0.3 0.2 0.3 0.4 0.2 0.4 0.3 0.3 0.4 0.2 0.4 0.3 0.2 0.3 0.2 0.2 0.2 0.3 0.3 0.4 0.4 0.4 0.3 0.3 0.3 0.3 0.3 0.2 0.4 0.4 0.3 0.3 0.2 0.3 0.4 0.3 0.2 0.3 0.3 0.3 0.3 0.3 0.2 0.4 0.3 0.2 0.4 0.3 0.2 0.3 0.3 0.4 0.2 0.3 0.2 0.2 0.3 0.2 0.3 0.4 0.3 0.3 0.3 0.3 0.3 0.3 0.3 0.3 0.4 0.2 0.3 0.4 0.3 0.3 0.4 0.3 0.4 0.3 0.4 0.3 0.3 0.3 0.3 0.3 0.4 0.2 0.4 0.3 0.2 0.3 0.4 0.3 0.3 0.4 0.2 0.4 0.2 0.3 0.3 0.3 0.3 0.4 0.3 0.2 0.2 0.4 0.3 0.3 0.3 0.2 0.3 0.3 0.3 0.3 0.3 0.2 0.2 0.3 0.2 0.2 0.3 0.3 0.4 0.3 0.3 0.3 0.4 0.2 0.3 0.3 0.3 0.3 0.4 0.3 0.3 0.4 0.4 0.3 0.2 0.3 0.3 0.4 0.3 0.2 0.3 0.4 0.3 0.2 0.3 0.2 0.3 0.4 0.2 0.3 0.4 0.4 0.4 0.4 0.2 0.3 0.3 0.3 0.3 0.3 0.3 0.4 0.3 0.3 0.3 0.4 0.2 0.2 0.3 0.3 0.2 0.3 0.3 0.2 0.2 0.3 0.3 0.4 0.4 0.2 0.3 0.3 0.2 0.2 0.3 0.4 0.3 0.3 0.2 0.3 0.2 0.3 0.3 0.4 0.3 0.3 0.2 0.3 0.3 0.3 0.4 0.3 0.2 0.2 0.2 0.3 0.3 0.4 0.4 0.3 0.4 0.2 0.3 0.2 0.4 0.3 0.3 0.3 0.3 0.3 0.3 0.4 0.2 0.3 0.3 0.4 0.2 0.4 0.4 0.4 0.2 0.3 0.2 0.3 0.2 0.2 0.3 0.3 0.2 0.3 0.3 0.3 0.2 0.2 0.3 0.3 0.3 0.2 0.3 0.4 0.3 0.4 0.3 0.3 0.4 0.3 0.2 0.2 0.3 0.2 0.4 0.3 0.3 0.3 0.4 0.3 0.4 0.3 0.3 0.2 0.2 0.3 0.3 0.3 0.3 0.2 0.3 0.2 0.3 0.3 0.4 0.3 0.3 0.3 0.2 0.4 0.4 0.3 0.3 0.3 0.4 0.2 0.4 0.3 0.3 0.3 0.3 0.2 0.2 0.3 0.3 0.3 0.4 0.2 0.2 0.2 0.4 0.3 0.2 0.3 0.3 0.2 0.3 0.2 0.3 0.3 0.2 0.3 0.4 0.4 0.3 0.3 0.2 0.4 0.3 0.4 0.3 0.3 0.3 0.3 0.3 0.3 0.3 0.4 0.2 0.3 0.2 0.2 0.3 0.3 0.4 0.3 0.3 0.4 0.2 0.4 0.3 0.3 0.3 0.3 0.4 0.3 0.4 0.4 0.3 0.3 0.3 0.3 0.3 0.3 0.2 0.2 0.3 0.3 0.3 0.3 0.2 0.2 0.2 0.3 0.4 0.3 0.2 0.3 0.3 0.3 0.2 0.2 0.3 0.4 0.3 0.2 0.3 0.2 0.3 0.2 0.4 0.4 0.3 0.3 0.3 0.2 0.4 0.3 0.3 0.4 0.3 0.4 0.3 0.2 0.3 0.3 0.3 0.2 0.3 0.3 0.4 0.3 0.3 0.2 0.4 0.4 0.4 0.3 0.3 0.4 0.3 0.4 0.3 0.4 0.3 0.2 0.3 0.2 0.3 0.3 0.3 0.4 0.3 0.3 0.3 0.3 0.2 0.2 0.3 0.4 0.4 0.3 0.4 0.3 0.4 0.2 0.2 0.3 0.3 0.2 0.2 0.4 0.3 0.3 0.4 0.2 0.4 0.4 0.3 0.4 0.3 0.2 0.2 0.4 0.2 0.4 0.2 0.3 0.3 0.3 0.4 0.4 0.2 0.3 0.4 0.2 0.3 0.3 0.3 0.3 0.3 0.3 0.2 0.2 0.3 0.4 0.3 0.3 0.4 0.4 0.2 0.3 0.2 0.4 0.3 0.2 0.3 0.3 0.3 0.4 0.3 0.3 0.3 0.2 0.2 0.3 0.4 0.3 0.3 0.3 0.3 0.4 0.3 0.3 0.4 0.3 0.3 0.2 0.2 0.4 0.3 0.4 0.4 0.3 0.4 0.3 0.3 0.3 0.3 0.3 0.3 0.3 0.2 0.4 0.2 0.2 0.2 0.4 0.4 0.3 0.3 0.2 0.3 0.3 0.3 0.2 0.3 0.3 0.3 0.4 0.3 0.4 0.2 0.3 0.3 0.3 0.3 0.2 0.3 0.2 0.2 0.4 0.4 0.2 0.3 0.3 0.3 0.4 0.3 0.4 0.2 0.2 0.3 0.3 0.2 0.3 0.3 0.4 0.2 0.3 0.3 0.3 0.4 0.3 0.2 0.3 0.3 0.4 0.2 0.3 0.3 0.2 0.2 0.3 0.3 0.4 0.3 0.3 0.2 0.2 0.4 0.4 0.4 0.3 0.3 0.2 0.2 0.3 0.3 0.3 0.3 0.4 0.4 0.3 0.3 0.3 0.3 0.4 0.2 0.4 0.2 0.3 0.3 0.2 0.3 0.3 0.3 0.2 0.2 0.4 0.2 0.4 0.2 0.3 0.4 0.3 0.4 0.3 0.3 0.3 0.4 0.4 0.3 0.3 0.3 0.3 0.2 0.2 0.3 0.4 0.2 0.4 0.4 0.4 0.3 0.3 0.4 0.3 0.3 0.4 0.4 0.3 0.3 0.2 0.2 0.2 0.3 0.2 0.3 0.2 0.4 0.4 0.2 0.4 0.4 0.3 0.3 0.2 0.2 0.4 0.4 0.3 0.3 0.2 0.3 0.2 0.2 0.3 0.3 0.4 0.4 0.3 0.2 0.3 0.3 0.4 0.3 0.2 0.4 0.4 0.2 0.2 0.3 0.2 0.3 0.3 0.2 0.2 0.3 0.3 0.3 0.4 0.3 0.4 0.4 0.4 0.3 0.4 0.3 0.4 0.2 0.2 0.2 0.3 0.3 0.4 0.4 0.3 0.3 0.2 0.3 0.2 0.2 0.2 0.3 0.2 0.2 0.4 0.3 0.3 0.3 0.2 0.3 0.2 0.3 0.2 0.4 0.4 0.2 0.2 0.2 0.2 0.3 0.4 0.3 0.2 0.2 0.3 0.2 0.3 0.2 0.4 0.3 0.3 0.3 0.3 0.3 0.4 0.3 0.3 0.4 0.3 0.3 0.2 0.4 0.4 0.4 0.4 0.3 0.3 0.2 0.3 0.4 0.3 0.2 0.3 0.3 0.3 0.3 0.3 0.2 0.3 0.3 0.4 0.3 0.3 0.2 0.3 0.3 0.2 0.3 0.3 0.3 0.2 0.4 0.3 0.3 0.3 0.2 0.4 0.2 0.3 0.4 0.4 0.3 0.2 0.3 0.3 0.3 0.4 0.3 0.2 0.3 0.3 0.3 0.2 0.2 0.3 0.3 0.3 0.4 0.3 0.3 0.4 0.3 0.3 0.3 0.2 0.4 0.3 0.4 0.4 0.3 0.3 0.3 0.3 0.4 0.4 0.2 0.2 0.3 0.4 0.2 0.4 0.2 0.3 0.3 0.3 0.3 0.4 0.3 0.3 0.3 0.4 0.3 0.2 0.3 0.4 0.3 0.2 0.2 0.3 0.3 0.4 0.4 0.3 0.3 0.3 0.4 0.4 0.2 0.4 0.4 0.4 0.3 0.3 0.3 0.3 0.4 0.4 0.4 0.3 0.2 0.4 0.2 0.4 0.4 0.3 0.3 0.3 0.2 0.3 0.3 0.2 0.4 0.3 0.4 0.3 0.4 0.3 0.4 0.3 0.2 0.3 0.3 0.3 0.2 0.2 0.3 0.2 0.4 0.3 0.3 0.3 0.2 0.3 0.2 0.2 0.3 0.3 0.2 0.2 0.2 0.4 0.3 0.3 0.3 0.3 0.4 0.4 0.3 0.4 0.3 0.3 0.4 0.3 0.2 0.3 0.3 0.2 0.4 0.3 0.3 0.3 0.4 0.3 0.3 0.3 0.3 0.2 0.2 0.4 0.3 0.2 0.3 0.3 0.4 0.3 0.4 0.4 0.3 0.4 0.3 0.3 0.3 0.3 0.2 0.2 0.3 0.4 0.2 0.3 0.3 0.2 0.3 0.3 0.3 0.2 0.4 0.3 0.3 0.2 0.4 0.2 0.2 0.2 0.2 0.3 0.3 0.3 0.3 0.3 0.4 0.2 0.4 0.3 0.4 0.2 0.2 0.3 0.2 0.4 0.3 0.4 0.2 0.4 0.3 0.4 0.3 0.3 0.3 0.2 0.3 0.3 0.3 0.3 0.3 0.3 0.3 0.4 0.4 0.4 0.2 0.3 0.3 0.4 0.3 0.4 0.4 0.3 0.3 0.3 0.3 0.4 0.3 0.3 0.2 0.3 0.4 0.4 0.4 0.4 0.4 0.3 0.3 0.4 0.3 0.3 0.3 0.3 0.2 0.2 0.3 0.3 0.3 0.3 0.4 0.4 0.3 0.4 0.3 0.3 0.3 0.2 0.4 0.3 0.2 0.4 0.3 0.3 0.4 0.4 0.4 0.3 0.3 0.3 0.4 0.4 0.4 0.4 0.3 0.2 0.3 0.2 0.3 0.2 0.2 0.4 0.3 0.4 0.3 0.3 0.3 0.3 0.3 0.4 0.4 0.3 0.3 0.3 0.3 0.3 0.3 0.3 0.3 0.4 0.3 0.3 0.3 0.3 0.3 0.2 0.2 0.3 0.3 0.3 0.4 0.4 0.3 0.2 0.3 0.3 0.2 0.3 0.4 0.3 0.3 0.3 0.2 0.3 0.3 0.3 0.2 0.4 0.3 0.2 0.4 0.3 0.3 0.2 0.3 0.3 0.3 0.3 0.3 0.3 0.3 0.3 0.2 0.3 0.2 0.3 0.3 0.3 0.2 0.4 0.3 0.2 0.2 0.4 0.2 0.3 0.4 0.4 0.3 0.4 0.3 0.3 0.3 0.2 0.3 0.4 0.3 0.3 0.3 0.3 0.3 0.2 0.2 0.3 0.3 0.4 0.4 0.2 0.4 0.2 0.4 0.3 0.3 0.3 0.4 0.3 0.2 0.3 0.3 0.3 0.2 0.2 0.3 0.4 0.4 0.3 0.4 0.3 0.3 0.3 0.2 0.2 0.2 0.4 0.3 0.4 0.2 0.4 0.2 0.2 0.3 0.4 0.4 0.2 0.2 0.3 0.3 0.2 0.4 0.3 0.3 0.2 0.2 0.2 0.3 0.4 0.2 0.4 0.3 0.3 0.2 0.3 0.3 0.4 0.3 0.3 0.2
113 53 178 116 180 147 42 85 19 31 164 30 146 47 155 20 150 120 144 13 158 60 128 81 71 15 165 146 134 105 95 27 157 157 7 116 142 78 24 64 117 144 31 70 104 176 92 170 21 141 92 117 118 53 86 56 73 76 69 47 109 102 66 149 165 150 15 42 23 91 26 92 70 96 128 67 11 153 80 172 146 35 31 157 154 141 29 38 117 122 110 142 52 115 93 163 1 176 140 86 144 72 164 86 34 93 35 1 147 15 86 153 140 120 10 137 61 19 43 119 143 88 173 21 12 74 74 106 46 152 88 4 37 18 18 166 152 103 84 84 114 74 68 7 157 56 31 163 179 103 5 112 122 125 102 28 124 178 51 66 60 115 153 42 22 28 59 48 4 73 135 115 22 179 64 122 115 145 12 1 119 30 94 95 105 113 119 24 79 68 127 52 74 55 157 159 88 93 31 39 41 141 19 72 176 99 71 162 87 75 15 84 15 164 168 94 76 35 29 66 46 179 100 91 47 69 38 155 148 126 179 7 100 129 78 105 145 65 59 97 135 60 152 93 138 122 98 67 41 144 23 16 143 166 176 154 100 137 64 137 71 107 147 74 38 58 142 176 111 153 114 130 22 67 153 108 84 31 14 26 21 32 144 32 21 113 102 34 109 168 151 69 75 115 73 32 129 90 84 172 150 151 107 53 25 115 159 114 108 53 58 54 151 58 145 75 111 31 96 6 160 118 104 128 159 83 75 108 13 173 119 144 119 31 81 172 73 64 151 156 65 164 137 67 40 179 136 26 134 143 161 52 35 143 123 68 85 5 80 84 176 121 16 132 52 66 21 127 173 12 141 83 80 127 27 124 47 1 97 95 121 93 109 159 90 162 168 61 107 34 112 125 142 51 39 122 121 51 33 121 173 61 71 110 27 44 42 82 75 67 174 178 168 117 53 101 153 71 60 97 8 23 127 53 20 118 123 131 100 109 40 122 22 68 147 77 103 169 23 1 18 18 156 154 159 18 100 31 3 21 24 9 165 121 126 91 51 160 59 98 171 96 111 98 122 49 78 151 58 126 137 70 155 20 133 147 109 147 111 15 76 51 143 130 111 16 49 171 51 65 30 160 111 32 175 70 97 4 29 102 28 131 140 68 58 156 17 98 46 104 135 84 55 93 45 147 131 75 108 143 175 3 27 100 20 37 95 75 85 166 63 33 87 41 51 102 153 81 2 20 18 86 134 168 123 65 101 166 149 129 48 128 168 96 71 3 128 53 172 84 3 28 11 139 59 51 97 147 132 91 157 173 49 48 88 3 129 156 148 71 67 25 60 36 66 76 14 27 95 51 176 100 128 75 122 154 6 71 36 52 110 167 25 150 99 174 38 104 108 30 37 154 63 100 61 27 69 136 171 151 55 13 25 116 107 26 153 133 67 78 149 52 175 180 113 35 87 60 57 12 64 109 46 2 105 93 60 14 25 63 21 35 148 91 46 67 55 65 36 154 108 51 44 56 47 26 4 109 9 149 126 72 18 55 131 17 162 10 131 166 148 68 46 162 79 160 36 116 157 138 179 84 73 98 68 166 51 151 58 52 106 175 1 149 179 120 174 74 115 51 26 100 16 119 70 147 129 162 73 75 157 18 86 9 43 73 107 107 154 166 180 108 136 45 155 167 17 171 117 94 5 163 131 100 98 6 49 135 110 9 65 169 173 111 89 149 98 3 31 72 22 14 61 61 141 4 144 155 103 160 157 64 96 76 77 113 69 45 174 21 10 64 115 153 171 168 57 49 35 23 86 140 10 56 53 43 26 13 157 115 38 150 26 123 124 33 171 61 10 170 21 14 137 60 115 2 103 157 63 155 78 136 42 150 125 57 172 119 159 127 33 106 96 176 22 70 75 64 109 134 103 26 63 110 100 57 119 103 86 38 125 14 91 72 127 62 55 91 15 71 42 106 154 4 34 51 46 64 52 68 21 86 43 149 97 1 141 128 10 119 175 6 7 169 137 5 1 73 43 42 7 101 46 76 108 20 70 109 155 62 102 177 167 94 5 92 62 167 100 110 175 38 34 31 2 87 53 8 138 88 13 21 26 179 141 77 73 147 65 12 39 4 169 128 138 34 68 110 78 152 99 145 1 1 48 60 148 45 148 152 33 140 153 7 171 53 134 16 171 180 175 102 89 93 96 179 121 118 180 161 104 81 42 55 5 94 45 114 99 93 90 135 16 139 58 31 178 82 178 175 104 8 112 150 52 179 157 51 108 90 40 153 102 21 55 89 5 115 174 44 153 161 167 124 89 101 78 129 4 7 128 137 167 60 52 10 12 150 146 125 11 46 43 80 99 25 119 6 5 82 33 57 97 34 125 64 42 115 83 93 178 88 115 14 128 26 137 98 156 136 61 154 4 46 35 86 145 56 127 76 125 124 57 54 10 12 1 41 37 160 9 58 149 9 87 154 129 100 73 131 60 26 136 21 132 45 45 155 82 43 176 121 8 110 76 106 60 30 27 42 117 57 140 58 18 88 180 139 122 135 29 177 158 50 5 152 62 18 55 175 133 151 52 141 49 86 61 116 172 131 152 127 167 17 109 20 44 9 109 121 44 4 54 154 15 142 99 100 13 168 28 135 31 108 53 112 62 81 41 50 45 172 78 59 163 76 161 49 109 156 76 178 171 37 59 121 15 66 75 23 143 64 91 168 151 172 117 66 8 58 18 170 128 168 135 108 17 179 115 71 106 159 36 80 169 170 1 7 55 55 96 30 121 2 74 169 117 90 44 173 28 169 171 43 59 98 59 92 72 57 143 20 33 34 32 66 16 180 25 87 109 123 64 136 50 90 92 126 162 150 40 150 82 71 162 98 133 131 166 80 102 26 3 26 152 102 40 169 31 93 78 5 121 43 72 9 150 50 126 176 142 2 151 177 154 179 128 58 47 64 53 41 126 69 15 64 86 69 173 46 121 7 166 5 85 179 30 73 41 68 123 175 163 63 27 12 35 68 154 126 134 45 42 50 111 1 3 57 100 102 180 91 22 43 89 91 167 160 172 52
115 144 69 156 26 163 164 28 25 54 19 92 51 151 57 123 22 138 75 165 112 58 111 24 29 122 126 87 128 95 57 108 55 44 38 94 116 143 6 62 157 11 58 174 166 14 112 127 83 55 44 37 38 52 33 129 54 102 9 106 172 46 149 73 146 175 47 170 161 2 32 154 95 7 156 79 144 171 110 24 145 51 81 55 139 113 14 90 44 178 177 147 127 24 18 122 69 14 107 55 170 174 31 137 53 116 77 176 158 147 163 92 57 114 47 68 18 61 156 146 145 62 9 176 34 96 123 14 61 175 56 69 21 136 177 85 159 7 159 24 12 90 145 164 161 110 92 8 107 85 105 91 55 62 176 55 37 159 24 27 51 42 85 93 61 75 105 34 50 53 50 114 144 175 38 73 26 35 156 167 97 108 38 62 132 39 133 148 132 130 46 9 150 40 113 1 139 7 94 117 18 179 157 125 136 11 71 49 114 18 52 165 108 91 152 16 87 131 110 61 13 164 148 149 55 129 142 121 65 110 132 43 29 106 116 104 102 178 19 52 31 157 83 119 16 27 36 97 6 78 144 17 27 172 43 103 155 162 90 48 125 85 127 114 77 168 177 142 101 17 58 52 165 133 65 2 96 46 142 112 99 132 65 38 133 82 78 13 54 31 63 78 84 103 113 125 106 179 60 169 180 168 148 173 72 42 32 112 108 171 152 77 58 142 86 34 112 23 24 121 121 122 64 56 69 20 115 81 177 40 164 86 7 154 123 119 42 101 129 101 56 163 87 6 16 91 102 53 74 79 21 50 56 97 92 30 162 69 55 94 134 135 102 44 3 18 20 90 116 16 113 148 143 168 97 136 17 159 1 162 3 9 156 33 172 72 102 38 92 21 83 96 164 49 99 136 3 3 154 96 69 47 7 170 151 58 93 96 84 172 96 78 72 64 3 133 167 56 114 110 157 173 116 124 165 92 9 65 138 73 158 160 141 131 18 124 41 76 96 76 18 41 172 39 145 34 92 2 159 158 72 38 127 4 21 174 167 64 126 35 135 56 143 142 89 169 173 52 108 105 6 120 61 135 29 147 27 86 57 148 88 3 110 145 169 23 117 64 179 66 88 121 43 78 33 79 162 129 25 32 147 79 48 48 96 92 49 146 21 101 162 31 63 20 173 22 22 48 1 127 65 142 70 94 46 105 111 67 6 44 135 146 124 29 170 58 72 179 132 111 120 154 39 33 61 93 60 85 53 159 131 60 9 78 162 71 28 109 23 101 44 84 68 174 158 166 156 68 103 7 175 123 19 118 128 143 19 107 34 156 124 112 57 121 161 175 178 157 134 68 36 136 122 94 55 137 101 114 142 145 16 62 45 76 137 90 91 1 88 113 36 36 139 107 47 118 176 180 86 90 179 33 29 124 85 56 106 104 104 149 53 21 146 109 16 47 148 130 101 4 85 36 74 134 25 104 19 108 166 147 84 144 17 23 58 124 136 50 124 10 121 168 155 13 77 63 143 75 59 177 170 9 52 129 141 69 51 50 82 70 94 163 47 70 177 92 142 43 174 7 112 29 166 28 127 112 46 15 17 158 68 94 136 13 79 112 10 118 135 137 43 100 149 24 112 74 115 168 16 122 164 11 146 160 136 137 58 6 110 84 120 44 39 78 70 81 175 141 120 116 87 61 64 38 125 68 9 32 24 96 75 178 126 161 94 158 113 97 64 93 159 87 81 67 36 60 98 90 8 76 142 86 116 69 93 26 75 122 18 24 158 42 154 58 46 133 128 171 11 65 15 167 126 116 179 131 28 46 140 112 178 170 11 32 158 4 143 71 161 52 123 1 114 81 156 96 19 65 166 54 140 4 46 38 85 42 173 87 89 59 107 157 90 177 111 3 76 18 60 152 64 163 106 64 97 17 48 102 153 87 140 131 129 111 107 42 10 105 46 3 146 64 153 114 55 22 174 150 16 81 39 167 49 154 80 135 89 125 140 68 109 125 150 37 178 123 126 84 95 163 88 144 70 39 133 46 48 142 55 139 19 126 47 171 128 158 93 75 33 82 39 78 78 55 108 49 135 26 94 14 50 164 48 79 160 126 133 18 64 156 108 104 38 131 72 21 93 96 81 55 37 157 115 25 29 160 104 158 27 97 168 132 140 21 42 57 69 78 178 138 93 93 132 35 94 60 175 127 125 48 123 55 87 118 1 4 170 129 10 164 48 30 169 4 161 147 43 41 75 127 36 94 131 42 153 128 20 117 151 143 168 8 176 1 156 76 60 143 117 131 123 111 126 69 57 30 31 42 7 120 28 178 117 72 125 20 164 157 133 176 108 75 72 135 99 62 149 66 105 25 168 71 67 149 180 112 158 85 70 64 173 68 80 115 141 171 88 84 165 169 10 103 116 55 145 13 33 120 86 150 124 60 63 78 140 123 157 171 54 12 121 52 21 21 109 74 32 117 62 176 102 26 99 151 149 72 87 74 30 163 105 4 56 53 162 111 170 146 135 170 147 110 119 70 62 70 56 62 123 141 19 2 42 58 161 136 122 174 91 85 179 178 70 73 144 115 58 51 157 80 85 32 63 154 177 149 135 132 145 27 180 67 48 42 86 81 13 31 70 82 177 5 75 128 142 38 60 176 120 41 118 30 68 41 28 132 54 95 166 106 5 136 36 169 65 134 175 74 172 74 5 28 17 125 4 175 15 86 117 117 33 59 166 76 89 139 79 121 5 150 162 27 32 62 148 89 58 27 58 45 129 87 143 153 74 29 74 134 119 75 149 60 49 123 26 179 180 58 178 134 15 67 52 1 73 58 33 167 31 29 123 80 88 83 37 168 31 110 19 166 47 58 71 63 1 56 91 68 10 69 133 65 121 66 160 119 18 78 3 31 150 175 113 24 57 122 113 115 119 35 95 58 173 168 123 25 166 98 52 92 12 136 172 22 63 166 132 109 166 20 158 169 118 129 146 53 53 178 85 164 28 127 114 113 25 30 152 119 65 98 151 167 38 5 115 5 152 178 76 51 63 11 138 131 56 87 130 52 138 100
42 93 103 129 26 138 46 70 106 88 44 68 139 10 138 1 149 149 142 18 84 121 60 95 175 116 155 94 55 58 58 8 100 127 78 160 54 76 130 94 63 130 90 6 52 98 153 83 155 113 7 113 40 161 4 113 45 24 10 39 147 8 159 50 169 60 92 158 141 12 120 24 82 55 114 110 147 46 29 39 39 132 171 109 106 37 87 17 149 68 113 74 54 146 135 50 138 30 141 136 32 23 156 115 119 180 4 58 74 161 100 40 130 145 17 11 114 130 20 154 40 90 131 59 15 16 176 41 154 35 92 34 87 32 153 102 89 66 49 46 28 113 23 117 169 126 27 129 139 12 98 125 112 177 70 137 124 35 62 62 4 150 144 145 13 21 75 9 104 130 158 142 179 94 157 20 32 136 139 95 176 12 18 144 44 82 79 56 174 173 95 40 165 121 151 44 83 27 42 1 6 132 2 33 172 166 28 25 49 151 52 95 137 57 114 44 120 120 36 26 64 112 49 2 130 84 109 50 110 144 17 3 29 160 142 164 166 32 162 94 98 158 123 31 90 139 111 174 22 109 129 62 37 117 93 171 70 159 46 174 59 137 56 61 91 74 132 11 57 70 114 116 177 33 37 163 109 152 170 121 121 139 142 116 62 57 78 9 178 61 35 157 82 96 115 50 98 130 146 133 117 133 68 20 24 125 57 53 3 59 125 91 166 155 33 46 137 168 12 42 170 94 80 65 15 4 10 102 65 29 117 179 12 102 146 152 133 177 164 174 61 95 109 72 50 46 108 166 89 138 12 14 168 80 65 60 119 60 33 48 98 32 68 71 11 175 126 3 110 99 124 67 27 168 79 134 7 139 26 174 157 98 93 64 139 154 59 83 112 67 136 177 72 54 169 47 101 103 53 54 33 139 110 70 59 123 74 128 134 68 101 138 75 131 8 29 130 152 29 157 149 171 2 109 66 148 104 62 159 83 88 79 1 81 147 70 107 117 175 136 34 1 158 26 169 40 99 152 63 1 125 164 71 59 96 164 143 160 160 14 40 51 91 21 62 20 20 2 64 168 77 102 26 46 142 76 33 59 24 180 59 161 39 44 98 25 160 19 147 118 146 8 56 169 20 53 51 77 148 116 179 15 22 152 15 74 22 99 104 90 42 35 49 43 91 12 151 23 126 59 170 31 124 157 22 179 159 51 11 39 7 70 116 5 28 110 123 27 176 158 57 71 5 141 78 60 85 123 88 63 75 122 109 2 29 48 136 41 85 79 70 72 91 178 108 43 171 111 91 100 154 130 24 92 58 128 171 75 125 127 150 153 110 20 180 129 66 115 78 46 43 175 79 170 15 102 14 40 103 119 81 128 117 106 16 93 20 104 91 112 108 138 107 174 93 71 89 85 11 170 120 85 82 116 147 64 91 172 66 45 83 30 163 97 114 52 65 90 163 123 56 91 107 153 167 140 167 59 150 69 134 173 31 102 86 14 123 98 86 122 27 4 77 27 78 31 18 156 58 68 115 132 125 14 82 19 44 44 26 5 180 59 155 76 164 6 77 88 177 103 143 176 26 49 79 135 32 73 30 85 150 30 107 97 170 29 143 52 57 11 109 115 47 36 179 53 11 141 95 153 164 48 45 97 43 125 108 8 28 130 20 57 49 94 48 126 156 65 113 173 69 38 172 68 139 137 103 22 3 51 14 17 49 5 58 95 179 62 54 166 14 107 93 36 26 83 63 45 31 26 4 17 152 3 69 107 170 135 141 76 49 139 93 79 107 172 13 26 80 76 128 37 96 160 89 35 106 123 139 60 123 100 142 40 23 71 74 161 122 168 167 132 50 21 167 23 97 48 122 155 119 169 58 12 45 92 74 93 160 87 55 115 54 97 45 95 128 7 150 5 57 124 69 101 74 156 55 116 162 148 23 120 151 165 141 170 22 124 163 70 138 4 123 31 105 75 99 109 40 167 155 117 131 74 44 82 152 178 83 93 52 93 93 122 133 37 82 132 36 9 82 53 73 155 3 175 98 18 150 65 76 136 89 109 111 114 130 1 16 44 100 57 171 45 30 49 53 37 151 174 121 101 89 113 123 174 83 85 42 155 148 118 40 26 86 78 120 34 118 46 159 105 16 36 112 123 37 6 72 74 7 35 21 116 10 107 9 18 70 85 103 155 97 12 99 85 33 85 144 135 81 8 27 33 132 135 21 163 50 172 161 161 28 99 78 59 75 76 32 53 2 35 170 53 47 92 173 147 51 175 125 165 44 46 22 70 165 20 13 111 20 73 38 86 117 7 104 7 150 85 167 152 45 169 141 172 85 147 113 68 120 56 70 118 140 119 73 154 30 160 133 4 163 148 166 107 125 145 38 109 69 144 175 57 115 69 24 179 89 83 106 92 164 42 141 11 174 122 11 54 59 18 110 122 73 123 12 155 127 138 124 178 30 72 25 28 152 51 91 142 35 59 4 120 151 152 15 81 129 148 32 179 74 11 139 108 54 36 92 99 143 111 5 43 179 104 66 16 175 109 160 134 48 96 39 79 13 175 129 109 15 136 27 79 99 164 64 164 9 121 9 116 38 56 88 46 12 107 102 101 176 20 137 23 77 63 131 50 12 115 135 12 112 141 41 65 74 8 85 95 128 102 45 89 34 128 126 27 152 163 25 143 92 156 100 165 77 71 58 22 144 135 152 89 113 104 180 137 170 12 115 59 68 22 53 129 178 63 4 95 175 126 170 144 52 163 53 144 102 162 157 25 112 145 15 169 130 136 119 44 16 12 15 16 172 177 175 91 72 85 128 66 146 24 176 104 44 152 27 111 111 19 167 56 100 164 106 63 95 155 173 102 101 33 51 79 98 110 150 70 131 106 41 75 67 173 109 47 25 123 125 98 146 80 7 158 13 127 44 172 170 122 109 139 105 1 174 166 4 118 118 19 37 30 92 45 178 147 99 10 121 61 155 112 98 56 109 136 81 116 176 112 87 178 118 150 168 34 140 166 122 179 95 174 179 165 51 88 118 164 15 53 161 8 85 71 175 59 151 115
120 56 130 152 15 149 131 56 8 157 149 110 76 106 81 150 50 40 44 84 13 110 138 6 153 80 86 135 140 23 147 84 125 126 146 163 35 174 9 148 109 161 4 96 103 92 45 62 150 17 99 111 118 173 171 100 172 120 140 17 145 51 122 157 104 151 60 61 96 42 71 23 120 80 13 28 132 18 25 34 24 86 122 120 13 94 106 148 126 120 164 55 128 129 141 117 142 145 147 141 147 131 126 97 68 126 158 3 78 132 93 87 52 148 35 101 86 22 147 157 114 164 137 118 20 71 131 151 68 19 31 119 65 169 38 37 83 90 139 51 111 79 142 111 68 135 16 7 140 168 145 51 84 130 73 177 179 10 55 100 73 72 57 132 65 33 44 168 113 103 45 14 8 61 28 178 86 3 34 101 148 110 175 140 71 123 25 15 103 136 38 174 109 159 69 136 20 1 104 68 31 58 144 126 55 6 115 90 74 82 22 127 137 172 143 79 30 101 145 140 131 153 37 3 30 105 165 55 84 51 175 60 165 80 142 67 2 166 93 122 129 107 113 179 140 19 88 39 103 74 60 88 83 73 90 123 62 82 68 132 30 157 138 41 151 116 31 82 125 166 111 19 81 136 38 66 62 5 1 150 157 8 146 52 57 20 77 169 37 13 148 150 72 22 113 136 175 108 30 58 78 88 96 84 135 28 166 70 166 8 19 112 158 77 170 37 51 157 160 3 117 118 34 140 105 13 102 17 43 167 19 77 141 62 176 180 15 75 2 108 108 111 79 62 69 173 141 101 42 140 138 4 12 21 38 60 18 14 139 158 170 110 126 11 103 66 86 30 97 61 149 174 72 10 3 9 17 102 171 109 80 155 20 54 169 6 30 138 94 126 149 61 136 35 130 96 120 166 52 75 15 13 144 88 94 13 23 100 33 93 180 121 66 121 101 1 26 102 76 99 84 101 101 149 160 143 10 15 88 88 118 107 138 134 3 19 109 169 30 88 146 125 85 161 104 24 168 115 93 52 143 71 53 113 168 160 99 12 170 169 33 95 118 124 130 4 62 115 121 89 135 12 116 21 75 99 155 81 125 98 29 41 65 164 67 78 48 56 11 172 13 23 101 81 136 88 14 16 62 82 98 113 45 49 96 114 8 46 63 120 20 144 85 66 176 5 125 166 44 180 99 178 47 61 136 73 77 64 90 99 18 140 138 69 167 103 52 176 114 79 178 76 136 134 119 104 96 113 121 38 101 131 119 75 88 76 19 88 18 137 107 134 124 109 42 43 142 176 122 138 142 68 16 174 125 50 118 41 113 22 67 11 71 93 76 151 75 86 174 178 135 131 157 103 161 37 146 148 11 75 141 165 122 60 141 46 127 138 45 13 26 179 108 57 44 157 33 3 127 128 44 152 78 29 4 101 153 5 11 74 64 80 108 110 83 162 162 166 17 148 143 20 15 11 64 98 6 7 118 133 67 127 90 140 117 129 116 162 82 39 75 89 99 18 28 11 11 150 131 11 118 109 2 132 106 14 66 41 140 131 169 41 29 19 34 148 79 148 74 37 127 174 108 45 171 84 125 21 117 75 54 151 59 65 108 122 103 66 133 171 57 164 104 36 13 87 100 152 70 96 158 178 47 34 30 172 2 25 78 88 19 7 61 88 46 20 160 59 102 167 20 15 30 103 175 137 85 155 111 21 69 30 87 177 22 164 33 48 76 25 83 76 26 138 27 40 29 15 67 173 165 98 108 36 52 55 166 177 4 13 133 78 99 29 108 163 6 52 134 127 19 120 5 12 85 53 31 26 22 85 2 31 123 140 94 31 141 147 103 31 141 75 47 179 101 170 160 11 78 165 85 147 8 67 152 66 149 158 19 157 112 150 66 172 106 113 160 78 128 17 140 166 37 150 27 107 162 35 106 13 166 140 59 160 160 79 88 24 103 180 17 48 167 14 128 39 56 77 66 86 77 160 32 41 162 125 91 126 2 77 91 78 85 122 80 161 55 112 33 25 79 52 178 59 146 81 69 156 38 54 90 109 180 12 161 83 108 144 55 51 29 143 128 177 25 112 15 10 132 149 131 137 44 63 32 66 132 45 38 12 56 63 149 64 76 29 103 38 25 119 114 126 38 118 146 127 26 97 154 26 25 10 3 164 11 10 101 52 147 142 63 178 70 166 49 17 111 62 176 169 67 90 176 106 97 122 174 80 169 9 122 124 65 46 70 83 25 114 51 60 2 39 134 12 80 17 68 145 2 110 76 18 164 142 133 30 39 54 131 52 168 20 163 32 90 80 87 104 42 85 36 42 122 102 172 43 14 29 146 125 160 127 57 101 46 96 39 148 160 74 105 68 28 72 142 83 4 117 78 39 73 171 130 101 32 147 102 6 6 138 15 42 131 61 130 168 61 89 135 67 62 39 86 107 85 110 26 2 35 114 123 115 105 131 159 94 5 17 92 169 112 19 49 144 151 131 126 130 101 155 100 172 106 11 94 179 130 95 87 122 137 11 151 121 17 46 138 164 36 22 113 167 180 95 115 15 179 143 102 78 49 47 154 34 143 56 32 135 54 122 72 121 5 6 105 98 168 153 50 61 157 44 171 93 159 76 85 61 47 19 65 90 147 38 120 4 23 167 150 108 108 139 29 11 115 48 71 103 75 5 114 47 146 37 74 64 180 9 158 68 140 55 100 165 86 55 118 6 101 59 150 23 142 66 107 16 87 81 73 114 76 40 147 112 173 114 119 102 133 55 99 75 30 78 156 157 179 76 28 113 9 107 81 59 152 170 72 43 149 43 5 86 172 144 12 123 92 133 161 68 46 77 96 100 2 62 73 130 14 177 103 132 61 146 37 82 115 106 72 25 13 61 151 45 70 21 17 48 39 34 119 86 131 60 174 155 160 54 35 149 72 160 154 135 65 89 31 178 143 14 3 136 156 5 131 154 121 30 108 29 81 142 20 92 11 174 150 129 166 71 29 121 17 19 23 153 14 163 86 89 162 85 33 136 146 125 119 94 59 60 122 19 83 86 180 39 168 1 78 44
70 75 133 80 168 115 134 3 63 149 85 167 152 151 150 73 108 126 142 160 81 128 155 156 28 160 9 173 12 34 39 10 179 58 28 40 46 26 8 162 124 67 95 104 106 101 171 127 43 157 33 33 160 24 1 83 160 44 57 163 55 143 107 100 24 164 45 2 112 59 44 109 148 2 77 47 121 151 3 55 125 71 175 96 177 112 76 132 37 179 35 14 22 67 19 180 22 177 13 61 156 162 122 133 29 18 167 69 69 102 83 32 16 66 48 154 108 17 133 101 131 173 9 177 160 50 72 95 63 117 12 44 48 42 175 65 42 125 102 114 2 168 81 161 81 66 100 108 155 171 139 102 4 7 163 50 33 144 38 93 49 46 45 120 174 147 148 32 154 149 110 112 170 47 80 127 133 145 47 138 67 43 78 148 140 121 98 4 158 124 170 14 10 47 111 159 106 113 57 80 68 4 94 28 102 139 61 64 59 44 39 8 173 20 81 135 117 164 94 83 145 138 94 10 154 41 1 96 15 135 163 70 167 150 55 129 87 10 60 87 51 33 110 120 133 59 129 174 20 99 162 34 6 35 169 151 168 145 88 1 84 125 24 161 106 152 100 162 17 13 174 122 112 89 171 7 39 153 8 159 85 131 20 13 82 11 42 129 160 131 38 114 112 59 150 127 150 121 136 128 160 57 163 65 9 9 52 142 159 56 19 54 119 71 79 66 4 149 139 79 12 4 27 150 101 71 118 143 122 82 171 167 11 166 83 123 148 74 57 121 175 141 93 144 172 114 154 135 82 163 90 59 22 179 141 19 67 179 55 96 180 50 118 174 63 76 112 17 78 15 108 149 161 79 102 100 88 136 86 118 48 80 21 128 40 27 150 50 121 44 23 12 144 117 153 171 89 120 88 89 27 22 130 85 120 167 71 82 107 172 116 138 147 76 92 60 94 149 62 40 32 54 2 100 78 128 7 96 83 94 84 162 103 123 178 82 103 8 44 1 147 58 48 82 75 68 71 71 176 108 1 70 43 26 174 72 58 65 47 28 16 162 132 46 157 126 8 96 113 89 151 147 88 14 34 25 63 133 22 67 63 49 175 33 166 8 50 179 111 104 139 28 117 87 178 171 152 179 106 164 63 36 59 123 105 169 139 49 37 173 112 113 122 62 21 155 150 3 46 87 51 128 55 21 93 84 70 15 49 124 116 166 166 142 71 79 51 134 107 127 43 69 76 13 113 98 35 27 31 130 1 7 118 129 7 34 79 144 116 179 6 163 175 116 136 108 158 135 14 54 5 19 172 69 158 144 118 1 12 43 166 13 121 175 4 20 23 102 68 78 175 78 149 15 28 105 169 108 121 163 10 28 84 80 75 48 20 92 93 117 115 99 87 87 70 180 139 24 39 29 92 151 115 130 68 32 57 95 79 53 75 117 32 163 61 177 18 104 47 78 44 131 117 110 88 159 172 105 129 165 87 154 129 70 165 69 143 80 26 89 104 34 117 29 92 110 149 50 35 47 110 40 176 49 32 23 138 59 165 36 44 62 102 118 124 127 125 2 33 167 7 107 113 116 145 138 40 103 22 91 47 19 164 158 104 15 153 119 106 166 152 59 75 131 129 100 75 146 129 141 103 13 107 177 41 97 76 28 28 137 93 54 18 162 68 180 178 173 176 6 119 81 37 83 132 76 110 50 8 96 49 17 179 88 57 14 128 115 177 109 82 162 120 154 110 44 128 38 135 16 89 177 117 108 10 72 115 125 104 96 47 49 9 174 42 66 163 122 100 4 1 122 67 27 53 52 170 136 94 90 85 34 55 168 92 142 144 148 55 124 27 79 153 15 127 109 169 170 116 71 91 132 56 50 134 123 74 49 91 98 8 57 176 117 116 68 5 173 18 119 150 151 31 141 75 85 92 166 148 89 84 72 1 123 44 128 49 164 160 8 114 59 56 60 62 139 125 137 98 170 150 77 111 34 180 24 177 177 93 26 163 166 89 37 82 133 179 71 48 102 33 154 132 2 138 69 80 130 71 148 28 28 43 147 100 75 106 115 112 37 77 23 155 104 65 40 50 173 74 3 15 82 166 3 37 146 90 83 23 142 129 110 10 156 113 155 150 57 38 19 56 126 51 144 113 126 117 157 21 89 3 173 137 10 117 70 56 18 16 118 163 175 123 20 90 55 153 138 11 169 131 158 177 23 30 56 172 95 158 95 7 45 24 98 18 122 66 104 19 142 140 69 61 171 58 69 173 150 62 27 38 127 111 86 36 41 127 54 102 108 179 19 4 172 57 11 167 19 148 140 58 42 77 163 24 12 71 98 114 130 22 153 82 149 53 162 70 47 133 42 118 132 61 120 19 168 152 172 79 45 41 157 31 151 103 157 67 126 6 58 104 59 90 80 63 163 23 148 54 94 176 41 66 75 98 119 64 36 92 175 159 61 161 69 42 62 66 35 116 90 141 114 35 166 42 133 79 26 131 105 171 112 142 135 23 112 46 174 131 6 64 20 62 37 81 80 106 167 178 82 5 107 51 171 117 83 78 110 14 167 9 120 88 72 137 16 138 135 32 92 17 116 122 150 44 23 169 171 91 96 122 99 163 134 6 11 76 125 134 15 102 141 11 11 57 88 55 125 65 97 112 129 105 134 22 147 101 114 83 164 142 33 78 134 48 147 54 99 126 180 67 68 160 128 74 83 74 46 151 104 72 22 63 140 96 25 171 177 120 124 150 106 142 134 139 46 13 180 29 176 175 103 122 10 4 106 101 90 51 178 36 59 17 153 71 38 92 85 29 107 65 65 59 102 112 131 47 135 37 95 137 46 149 145 79 59 176 73 7 105 13 32 167 157 23 58 124 76 32 74 176 21 25 82 111 122 176 148 59 92 15 146 146 67 127 54 172 140 148 23 80 98 96 148 108 81 27 104 172 138 156 22 148 14 104 53 6 174 3 176 49 51 117 38 129 176 91 37 57 140 167 48 114 142 88 151 32 76 32 90 170 22 99 98 48 178 153 42 36 79 114 178 42 39 139 168 41 3 15 104
124 122 173 33 11 150 20 142 137 104 55 38 28 95 166 34 11 99 36 53 60 6 124 17 26 168 104 91 79 150 76 55 57 126 115 41 145 67 119 106 117 15 90 179 77 53 30 158 154 165 178 116 147 66 158 145 130 98 73 57 29 129 90 127 5 109 143 19 53 41 96 180 76 27 63 79 17 93 176 175 104 120 34 54 94 161 45 73 16 133 32 150 32 137 140 9 180 42 49 30 90 43 77 2 60 11 124 146 167 62 170 178 34 27 63 102 163 170 57 163 119 5 19 174 81 99 67 70 65 58 123 87 28 63 115 124 12 51 67 78 125 106 91 2 70 75 146 4 23 68 82 10 159 51 179 33 37 178 133 44 17 160 15 98 156 109 122 70 118 127 23 72 159 23 155 138 37 128 12 22 44 74 127 92 58 102 31 164 24 113 175 158 9 97 109 26 153 140 101 115 56 72 97 161 16 121 161 120 106 142 45 57 49 133 82 59 130 51 120 8 151 104 138 175 26 38 16 65 169 115 96 91 15 88 8 24 86 87 22 174 15 77 45 133 69 88 100 173 72 134 110 149 110 21 96 165 31 132 128 37 128 135 17 64 44 178 75 27 74 140 88 150 122 95 2 158 39 8 22 15 170 124 29 15 15 137 11 136 43 126 164 175 36 40 13 173 139 96 95 171 12 54 167 103 42 66 85 16 81 12 158 117 45 173 137 91 125 85 8 93 170 134 172 42 153 151 118 8 109 16 49 127 113 173 178 125 23 59 174 144 164 84 25 61 124 26 126 110 140 5 15 162 160 144 170 118 91 150 133 89 61 180 24 87 50 108 82 6 132 111 117 102 178 12 76 130 158 94 175 68 172 175 77 98 66 4 91 101 17 95 160 38 88 39 149 18 77 151 8 108 123 83 105 177 54 108 95 51 55 64 85 114 111 149 131 130 91 14 161 119 99 133 89 100 75 11 142 138 154 106 70 53 25 9 93 18 23 79 42 154 167 45 177 127 125 85 103 70 110 171 125 142 40 93 28 13 9 85 165 117 106 67 49 72 114 32 91 178 154 12 129 32 90 65 16 98 107 3 104 89 115 29 9 32 114 59 104 141 50 38 13 87 82 166 170 65 113 91 44 123 159 8 151 21 76 144 170 63 172 11 30 1 175 149 158 116 179 20 52 64 53 32 120 129 138 34 28 44 115 3 86 63 30 46 94 13 83 114 141 5 97 31 98 81 100 43 154 124 48 32 146 1 55 7 116 90 162 29 163 134 39 101 48 107 137 180 112 37 98 111 146 3 86 102 80 168 73 130 171 175 106 79 39 180 24 16 37 96 22 166 12 153 58 132 141 92 130 32 150 138 96 104 34 118 82 72 85 141 178 33 101 63 31 87 53 72 173 119 95 146 139 56 23 106 71 34 69 50 156 125 119 107 14 92 37 133 172 45 30 121 175 116 138 152 170 42 111 130 172 156 159 119 133 90 156 24 7 71 134 180 119 151 3 142 39 140 148 128 17 110 17 122 6 131 152 156 36 55 167 154 96 57 22 35 51 178 125 63 92 59 161 94 39 12 118 147 117 6 180 12 107 74 134 165 83 168 79 139 117 165 4 107 66 103 152 109 14 27 62 74 91 178 172 132 82 136 112 94 45 76 132 156 103 67 53 74 152 172 110 139 145 37 145 102 145 55 127 3 80 24 76 143 91 16 174 154 16 152 51 13 116 147 6 60 152 56 159 76 65 7 120 32 10 44 144 32 52 69 156 31 27 149 177 149 172 48 146 178 62 26 87 159 145 37 150 117 6 176 175 40 120 154 5 136 92 64 105 133 84 43 130 154 175 98 172 79 47 146 96 82 43 28 107 56 42 31 90 64 3 135 16 92 7 127 4 50 74 58 133 69 132 61 176 104 52 44 70 148 150 170 129 46 7 90 73 168 150 45 158 76 166 100 166 137 13 117 9 31 26 154 167 176 125 44 172 166 76 53 62 105 113 61 41 20 39 116 115 20 158 96 55 49 122 2 77 24 163 80 72 3 76 161 44 35 74 87 157 79 93 156 177 33 154 59 120 51 180 166 34 50 127 46 37 130 130 67 11 2 59 168 159 109 156 15 80 58 155 81 91 144 116 41 136 106 37 103 164 21 115 166 161 52 165 77 35 97 153 92 2 57 68 50 115 147 103 39 18 138 61 15 135 36 20 69 109 87 66 28 117 91 113 93 12 59 93 9 120 134 113 109 145 174 68 100 149 43 166 11 11 79 57 95 98 170 11 78 72 22 53 127 91 13 55 112 82 99 49 64 37 78 57 61 28 19 169 77 143 151 62 64 62 22 125 10 37 8 94 33 164 39 53 71 170 139 92 45 29 166 56 144 107 158 48 111 173 101 118 97 133 162 95 77 75 65 76 32 163 61 108 123 41 71 165 173 70 4 159 8 15 32 81 176 80 145 123 109 161 150 79 156 159 79 166 118 144 126 126 94 14 12 155 18 127 162 51 130 160 58 173 71 121 19 9 20 6 30 4 149 167 131 42 29 93 82 167 6 23 136 24 102 56 131 79 30 148 111 109 89 7 63 14 167 102 166 93 133 26 6 168 17 3 128 37 158 67 86 83 67 122 104 176 96 169 143 167 112 89 8 16 32 162 127 142 117 58 7 144 171 173 102 93 16 66 44 80 149 171 28 137 99 136 24 32 130 99 105 92 64 172 166 166 130 94 63 81 17 159 76 10 55 38 126 32 68 19 147 18 49 26 95 119 15 108 100 136 51 157 166 61 168 137 162 150 138 86 82 14 34 62 103 34 127 82 46 50 130 73 118 25 86 107 169 32 134 125 86 68 21 109 83 39 106 176 94 10 48 12 55 144 55 105 124 104 172 52 141 8 123 143 82 135 68 141 27 125 52 80 119 90 115 155 70 159 79 92 125 113 130 107 4 156 17 31 23 71 107 47 51 107 49 134 81 176 86 38 70 63 69 36 41 83 16 70 133 153 82 100 3 38 175 61 25 75 163 137 14 58 54 143 78 163 67 146 26 94 99 58 100 10 41
147 34 37 177 54 142 141 30 156 28 138 54 54 89 100 114 31 41 171 100 24 4 130 144 123 82 45 80 99 50 143 88 38 57 88 97 64 32 80 18 113 158 163 14 179 61 61 91 159 124 148 75 13 9 66 106 35 9 157 87 119 146 133 33 41 31 122 113 19 124 102 75 41 90 150 81 103 113 139 2 135 12 125 33 18 68 95 29 8 92 149 91 176 37 162 24 95 157 176 47 78 92 114 143 13 76 134 15 108 13 50 140 140 100 127 24 75 167 9 119 30 53 97 128 55 73 162 88 74 124 128 78 12 163 178 91 177 124 117 100 28 112 125 101 95 133 125 42 68 146 109 130 66 87 9 118 54 58 52 147 9 90 175 117 91 37 33 87 25 89 117 110 112 112 104 118 85 124 58 13 89 152 148 51 20 18 81 68 129 128 142 70 71 27 1 160 125 77 75 170 56 3 41 80 2 147 62 25 18 31 152 82 18 66 2 18 170 157 99 13 80 96 5 120 104 162 169 56 121 39 50 26 159 61 178 174 126 159 65 25 1 104 131 82 67 122 167 28 113 48 8 55 144 87 13 135 71 89 41 131 48 10 55 113 164 122 46 155 24 131 145 104 163 146 105 127 109 124 61 171 54 2 177 163 92 59 27 70 141 24 148 20 58 98 152 108 120 29 103 99 160 156 16 99 140 98 7 91 7 19 26 29 40 59 126 70 172 179 72 60 63 11 41 149 164 168 38 126 18 116 50 152 170 104 83 11 32 147 140 89 140 102 115 120 172 166 119 93 111 97 135 171 7 90 157 65 44 23 162 178 110 22 156 12 5 82 170 27 85 21 37 147 140 33 93 143 25 143 118 135 179 162 159 29 74 172 137 113 13 76 160 99 146 82 151 32 91 124 126 93 110 95 42 138 83 35 90 140 166 59 30 69 117 91 136 113 98 96 141 103 33 159 168 154 122 174 10 35 49 99 50 172 99 38 33 70 126 15 58 45 82 120 111 52 39 166 54 50 103 10 124 4 150 33 14 117 71 136 129 126 73 18 57 63 136 84 112 14 132 71 40 151 86 69 38 154 107 2 5 75 90 117 99 120 171 34 35 75 15 102 86 175 160 37 34 41 161 103 100 73 74 162 128 56 125 41 144 154 109 12 112 23 97 68 33 69 86 109 120 153 51 101 120 104 63 66 143 87 121 172 41 161 57 115 65 171 27 125 88 6 163 138 128 56 96 13 5 160 90 135 54 23 148 171 99 95 87 116 63 82 137 22 92 16 55 60 177 81 39 170 58 50 52 2 91 57 117 71 72 22 90 176 97 41 128 92 78 6 84 162 136 147 110 58 76 101 13 118 171 130 44 129 61 132 72 50 148 122 95 90 171 100 122 93 171 151 28 134 37 38 142 169 123 124 21 64 105 2 69 139 151 8 179 167 171 1 94 139 23 75 57 163 121 41 160 121 130 147 133 68 178 129 179 163 56 5 75 130 2 75 123 139 130 53 171 131 61 152 61 113 10 177 137 20 95 127 139 149 50 51 178 61 45 3 16 66 83 64 74 167 87 29 166 77 143 95 86 20 88 149 155 87 157 85 33 52 1 27 146 154 51 173 131 180 174 118 155 152 131 57 21 74 101 81 61 68 123 6 2 161 173 136 59 107 74 54 47 64 51 67 111 63 109 49 115 86 1 36 73 42 104 15 18 71 67 165 139 59 50 159 60 22 84 40 32 118 10 136 85 68 113 106 10 66 65 121 51 149 157 121 124 135 112 103 57 4 147 129 121 46 119 99 107 17 82 45 146 114 86 69 66 61 39 145 167 123 111 176 141 39 14 136 57 109 104 141 33 124 72 12 20 164 93 1 145 80 178 69 100 75 27 119 85 47 102 63 119 10 148 16 136 179 26 179 168 162 141 59 95 96 77 30 16 124 60 76 68 11 155 73 83 32 8 52 68 155 72 76 139 23 119 118 111 151 159 124 41 76 86 19 57 176 61 29 146 45 94 8 51 168 175 177 15 43 13 130 139 83 65 116 113 73 12 123 124 155 177 31 149 119 145 145 96 48 59 135 63 108 79 21 156 172 40 138 148 112 9 130 131 8 172 67 91 86 96 30 142 158 80 4 13 59 117 111 104 81 47 25 59 1 69 170 167 165 88 123 31 11 33 180 135 15 58 47 88 59 31 80 35 20 99 75 138 33 59 86 108 85 17 17 12 56 173 68 154 176 35 123 100 127 172 14 114 110 88 118 109 84 126 62 112 150 168 34 24 67 156 101 104 52 75 84 82 118 155 65 11 133 16 20 34 155 14 144 68 3 143 19 153 108 60 62 99 113 14 132 130 13 90 134 96 138 135 20 113 53 154 168 92 4 27 29 23 71 36 30 127 159 164 91 56 33 113 55 26 2 144 138 32 132 142 79 67 112 17 79 153 99 18 165 155 176 26 123 10 171 96 125 171 109 147 90 98 118 34 19 113 127 88 169 100 180 105 79 69 51 33 163 178 28 35 27 134 27 53 92 14 18 75 72 58 87 10 6 117 58 86 43 39 172 149 28 136 110 79 154 7 111 81 118 48 168 123 60 110 70 10 149 61 128 65 6 89 163 49 126 2 4 111 73 48 129 100 72 139 137 44 60 117 39 103 86 172 122 50 120 28 31 82 62 32 4 169 4 133 178 111 121 112 98 167 58 146 53 18 149 121 63 4 97 11 42 17 180 147 120 23 4 168 120 175 67 126 180 125 64 62 131 68 59 124 61 62 119 67 76 73 150 30 154 103 149 85 14 151 54 178 59 3 48 44 64 41 152 121 45 43 114 29 104 60 114 23 165 67 27 142 144 36 102 155 87 76 179 130 158 3 55 43 123 110 119 117 48 13 65 20 77 42 100 126 156 132 157 14 71 86 65 106 145 43 132 72 113 25 107 33 15 146 66 2 22 2 66 48 170 47 131 110 70 61 42 176 95 18 112 85 125 137 12 54 102 77 67 60 9 70 151 3 26 62 145 150 148 137 103 5 158 25 49 158 68 31 50 98 135 143 24 134 56
33 143 125 4 118 151 77 137 96 178 20 133 161 37 13 152 26 54 54 20 102 100 129 159 79 84 47 62 175 39 6 31 80 47 9 143 121 29 165 47 78 50 131 171 136 166 169 66 138 102 21 114 93 47 158 100 71 114 151 62 122 15 141 9 131 160 51 142 118 121 81 2 67 177 107 143 142 58 55 132 97 72 16 68 166 119 15 127 101 178 96 109 32 41 28 51 28 78 58 64 164 170 34 47 152 146 83 8 108 119 54 85 109 113 28 141 161 22 173 1 83 117 87 39 34 58 50 65 84 70 61 16 114 141 174 39 46 26 147 106 67 40 148 83 8 47 164 176 38 155 76 48 32 118 60 128 158 57 9 179 152 44 9 33 75 154 53 94 84 149 2 33 163 112 161 20 120 67 52 131 101 58 39 77 153 80 10 112 87 164 15 139 97 118 146 73 90 74 172 101 32 65 105 138 25 61 178 155 117 49 46 177 66 109 97 121 64 137 102 71 37 24 168 155 27 73 35 121 86 77 48 106 96 171 91 34 121 5 179 173 81 101 14 30 84 127 20 15 116 61 88 35 77 67 85 64 122 136 160 140 36 132 117 65 160 173 7 67 111 126 36 101 42 154 153 109 84 114 108 150 99 108 83 80 92 147 118 31 154 85 5 30 101 21 149 59 76 34 110 57 67 20 11 60 178 54 87 143 45 6 42 47 167 148 50 128 40 129 133 106 17 125 168 169 6 79 144 52 46 123 121 114 178 169 50 113 163 142 43 50 7 164 68 132 159 3 122 151 8 37 133 165 144 100 123 38 52 21 4 90 134 73 160 99 45 40 111 160 64 123 115 55 42 54 39 135 44 39 130 179 169 108 142 81 146 4 144 163 36 179 146 124 176 82 89 98 89 167 65 70 161 24 125 28 78 166 165 122 92 9 152 39 17 157 21 101 111 111 6 35 91 6 62 6 143 166 44 106 166 156 109 104 73 139 65 131 161 9 81 39 178 175 2 155 140 144 17 100 23 33 166 67 61 21 121 24 153 60 153 169 167 47 14 74 59 43 7 174 14 99 136 149 127 138 88 125 61 84 82 57 14 36 78 118 105 103 158 18 28 47 160 82 42 174 176 86 101 32 103 151 148 31 7 169 68 52 167 84 52 48 103 74 115 177 35 106 45 80 146 40 34 158 33 120 165 65 48 106 160 71 26 60 14 134 165 104 23 47 145 151 62 159 91 93 145 8 101 151 146 131 163 45 90 65 29 44 159 109 123 47 47 53 145 118 164 72 74 132 26 8 129 124 25 86 84 143 113 153 84 27 138 149 143 147 42 19 123 59 50 90 52 63 88 75 72 22 122 151 133 93 154 122 156 125 144 41 120 103 94 10 71 90 14 77 91 11 65 79 139 122 158 169 77 42 30 5 46 5 85 149 165 38 74 76 146 38 1 13 56 44 109 22 83 103 115 169 176 73 162 148 147 17 83 79 48 127 91 100 170 70 16 100 112 179 44 91 4 26 110 53 50 149 23 98 81 39 102 20 179 99 168 133 48 142 35 39 173 106 91 95 166 173 119 148 167 82 47 171 173 144 92 155 55 120 103 40 52 77 106 167 42 168 96 139 166 39 90 41 60 44 89 164 13 25 88 12 170 19 174 159 179 161 130 5 170 164 28 98 172 36 142 166 133 177 83 114 4 57 174 115 158 19 172 124 51 75 54 75 98 163 95 77 24 3 151 44 179 152 53 146 41 167 25 13 83 121 64 56 168 67 12 96 84 104 89 6 2 14 134 117 53 18 77 155 70 15 39 64 147 9 163 154 128 78 180 3 70 81 103 160 140 106 77 111 87 90 89 127 75 35 145 82 117 117 53 66 99 178 124 9 161 13 32 25 162 46 63 32 87 179 117 56 8 78 42 105 163 15 137 31 23 92 53 115 31 105 120 116 17 128 160 78 111 32 27 56 40 165 159 150 146 137 128 114 82 137 168 62 117 47 61 93 90 2 106 156 176 127 2 107 106 18 118 180 34 123 48 159 75 138 77 142 52 5 2 172 133 164 112 71 149 20 4 47 128 129 54 167 8 34 168 158 127 105 106 135 158 169 2 63 80 44 180 150 113 53 95 27 71 170 173 151 108 97 69 152 175 114 46 159 38 52 69 160 169 115 17 108 40 108 63 137 4 74 63 180 7 147 93 18 48 84 83 168 45 143 111 96 25 177 78 46 108 130 133 128 20 95 164 141 81 126 128 153 42 63 59 113 30 126 58 85 128 31 173 117 74 137 83 78 169 122 39 129 167 155 139 8 2 8 105 37 121 23 160 120 144 137 75 122 166 175 135 90 91 179 177 24 153 157 58 177 127 22 121 113 9 19 20 77 88 51 57 124 14 158 10 171 14 49 113 112 144 179 145 52 60 122 95 177 8 3 26 110 176 139 91 42 142 66 17 125 47 92 173 128 82 17 144 166 118 122 40 178 177 40 170 55 35 106 91 39 96 21 99 48 133 26 31 167 97 20 60 167 116 6 162 110 15 175 6 118 79 135 38 36 111 2 156 57 142 74 167 55 166 43 103 149 108 106 142 132 128 88 84 159 49 142 52 161 34 109 179 99 165 169 62 33 19 166 93 105 34 11 61 3 77 104 129 155 166 94 22 74 85 80 175 177 140 142 145 175 140 24 166 85 105 83 111 107 144 74 27 65 178 175 73 5 120 68 168 160 27 88 93 9 58 14 68 71 56 172 45 138 51 108 67 66 178 175 115 112 83 176 129 41 94 53 33 135 137 93 135 97 26 85 55 117 25 72 95 23 15 36 137 52 179 173 71 100 37 157 162 78 37 144 59 157 160 56 67 34 144 75 79 144 108 16 138 46 69 144 134 168 173 29 104 6 91 38 163 68 83 42 47 35 150 111 81 72 8 71 122 55 175 83 93 73 173 116 91 122 76 113 54 102 1 59 69 160 2 67 71 147 171 68 25 88 141 140 163 177 95 14 172 130 156 159 123 24 166 38 86 142 15 90 163 11 95 141 49 127 89 145 117 38 109 109 139 122
9 123 91 54 58 85 57 13 104 169 139 168 24 166 50 1 34 170 83 140 104 160 123 93 12 39 102 109 50 106 151 8 102 79 102 130 56 151 159 48 113 9 59 81 137 102 59 58 155 66 17 168 173 25 178 51 4 161 66 140 91 97 101 30 114 172 49 93 12 158 43 108 89 88 15 137 65 49 73 126 123 53 145 152 14 33 150 55 58 10 18 11 64 159 28 66 41 9 97 112 147 161 62 63 171 11 24 75 155 163 171 163 138 51 127 64 40 25 114 179 85 161 109 39 9 99 73 82 80 41 6 83 169 146 6 120 157 22 111 47 94 165 121 12 29 54 8 180 1 118 52 158 70 64 72 13 26 82 140 24 48 94 132 107 171 29 175 143 37 33 37 138 94 50 179 43 19 32 22 43 101 63 180 48 170 171 171 163 39 151 67 90 30 152 50 92 141 115 14 113 38 123 173 98 29 39 93 116 134 51 2 101 69 90 38 76 79 159 102 108 62 12 32 115 178 102 60 99 107 13 67 61 176 130 174 10 98 169 151 148 145 108 171 88 28 137 79 9 171 103 118 10 10 55 33 119 41 28 92 176 149 138 116 133 145 22 18 140 168 110 78 86 48 90 139 156 133 26 126 4 39 71 103 87 123 55 13 146 97 124 65 32 127 63 96 49 131 41 98 34 163 22 129 75 66 18 141 48 166 101 94 48 64 40 152 8 96 110 49 30 74 16 128 89 133 180 21 95 94 87 97 153 105 102 94 63 28 150 130 115 136 99 58 2 46 32 177 97 11 123 90 140 112 148 138 105 72 67 169 15 93 9 169 37 2 37 123 75 128 160 153 114 69 128 180 14 58 35 98 175 62 166 83 25 92 94 120 166 132 100 137 43 20 47 109 22 166 127 129 7 166 44 113 103 67 152 9 100 120 68 175 79 157 135 122 77 101 67 31 150 144 74 138 49 157 146 74 137 67 38 87 76 178 105 51 48 84 135 74 129 81 38 166 119 77 4 96 152 83 71 72 159 76 117 4 89 113 122 114 180 55 7 29 79 102 95 121 111 119 90 3 139 10 149 93 21 44 168 4 173 128 46 148 16 87 77 87 161 42 64 164 165 52 50 115 156 134 104 38 121 67 147 13 28 75 56 6 60 69 1 33 76 129 164 43 156 44 39 8 92 10 135 101 82 176 96 152 74 116 131 43 166 86 30 49 44 54 69 135 45 156 129 118 179 90 102 152 14 136 119 124 29 88 69 128 46 113 168 14 66 50 46 44 73 150 79 172 162 85 110 6 7 114 152 132 171 1 23 175 4 22 22 154 170 32 41 30 178 108 157 56 115 78 25 70 72 86 167 105 131 78 31 10 70 23 109 13 151 114 82 25 80 142 162 50 139 160 3 71 3 152 162 40 18 156 147 180 111 5 20 96 32 147 120 173 48 172 96 30 150 139 22 52 48 104 101 119 119 130 173 174 36 26 15 177 130 24 13 113 58 123 137 112 115 94 17 158 103 110 115 76 133 105 71 12 26 49 174 95 169 120 15 26 101 53 29 126 163 102 71 70 80 48 72 74 62 125 80 172 33 169 89 115 79 51 65 91 100 124 23 44 145 174 17 30 69 6 111 129 118 33 102 50 9 169 56 110 76 64 11 40 101 152 149 140 169 141 155 139 2 76 151 5 30 42 46 66 140 138 155 47 113 71 94 87 7 94 157 163 81 46 97 21 57 180 60 130 108 5 42 115 118 18 21 71 14 51 82 99 129 37 82 87 58 6 87 54 27 45 171 124 177 59 16 83 179 162 53 173 117 76 174 139 77 124 110 58 175 48 63 130 34 145 63 161 18 70 154 22 118 122 3 86 91 170 131 168 157 28 55 161 158 147 89 154 16 146 176 26 146 113 6 173 160 146 124 56 89 120 31 163 153 103 21 61 58 145 180 81 105 23 132 114 6 147 32 20 152 34 106 162 116 19 47 150 168 106 159 104 129 25 104 32 179 130 113 94 28 180 69 17 115 91 158 55 19 31 68 167 77 84 134 179 159 149 96 152 93 114 99 122 117 59 171 101 20 174 21 129 20 28 85 67 2 82 31 110 144 12 65 91 172 140 24 83 85 86 54 147 140 95 128 75 14 63 78 176 99 166 62 5 54 12 125 24 154 35 135 15 143 69 153 64 76 159 109 27 37 86 65 178 148 90 169 110 106 9 73 123 74 140 165 95 17 136 102 115 144 137 35 164 124 112 51 46 29 129 13 28 122 26 62 68 89 120 44 75 12 23 33 65 39 44 63 37 46 103 37 11 101 58 48 143 141 143 174 55 180 102 98 145 30 80 179 121 140 153 87 99 9 7 18 102 105 92 44 65 23 157 66 55 91 6 169 14 86 96 109 179 155 15 86 68 25 81 5 165 96 27 71 176 167 38 97 180 177 18 171 94 71 27 80 31 155 97 176 97 64 75 3 19 171 175 128 16 37 137 55 52 153 110 67 174 42 161 155 19 125 25 46 69 158 29 132 141 65 156 72 62 75 170 10 177 97 89 179 42 82 151 81 26 43 58 177 163 142 85 91 28 70 8 96 40 20 123 156 18 65 52 168 18 93 78 150 177 55 52 170 23 91 103 125 116 139 150 41 71 51 162 124 7 178 124 34 156 40 63 144 161 121 109 2 102 147 134 21 30 71 65 83 76 133 43 22 61 149 37 161 64 69 7 72 99 139 97 151 75 134 145 120 159 17 165 59 29 150 53 167 138 167 57 138 153 85 57 49 120 64 82 86 79 23 82 113 95 74 140 159 93 155 157 76 141 64 50 80 108 180 46 67 111 25 22 50 32 48 155 149 161 92 56 62 14 111 161 116 134 172 164 17 54 62 119 145 133 119 102 180 132 123 89 180 152 99 118 114 84 11 62 92 52 17 61 91 17 138 68 131 116 90 23 49 124 61 143 149 77 103 79 8 155 141 32 130 159 38 176 29 166 37 114 18 63 145 135 61 180 128 32 140 123 55 19 5 71 126 87 27 27 23 167 147 168 118 106 135 25 133 17 67
96 162 65 141 65 132 33 172 110 60 80 31 102 155 29 90 166 159 24 110 35 95 85 8 58 136 87 10 79 34 78 179 64 34 66 133 19 124 6 59 20 70 104 111 160 79 163 124 126 48 26 127 40 162 8 15 162 40 162 122 171 142 67 125 57 135 172 138 52 102 30 61 23 179 128 122 4 110 145 164 79 129 13 49 38 139 122 126 7 44 68 24 35 37 154 89 36 107 121 113 131 1 164 164 110 176 68 42 105 52 86 73 72 57 98 11 27 156 69 127 127 96 8 86 55 71 5 142 161 161 81 13 128 142 19 116 20 123 16 37 96 117 108 38 80 150 149 59 63 42 68 3 45 84 40 7 32 74 124 45 158 114 153 173 31 115 111 160 164 83 56 97 158 9 95 78 21 65 53 138 90 146 49 92 77 166 154 39 106 162 152 14 92 126 7 163 143 54 64 72 132 102 73 160 54 31 114 53 75 113 37 15 11 179 133 60 96 126 131 25 17 99 157 144 64 20 125 60 96 145 13 29 105 62 160 71 167 94 47 88 61 122 98 4 140 56 140 109 84 49 171 162 109 112 115 136 138 97 124 20 25 61 75 106 126 49 46 178 65 24 47 98 37 16 75 19 111 110 146 93 166 109 83 178 180 54 35 141 22 125 116 51 159 95 45 87 176 105 47 157 92 77 126 48 153 45 78 165 161 85 85 84 16 59 68 166 70 66 132 114 17 166 154 138 71 2 115 23 126 74 40 109 76 64 35 166 146 122 48 156 28 73 56 33 131 174 141 143 30 160 155 135 160 1 21 145 115 176 155 26 150 23 156 18 72 6 151 114 131 17 96 119 63 161 70 165 143 166 28 22 156 156 81 173 164 119 23 41 115 142 11 168 30 74 4 21 70 167 110 54 47 147 140 147 75 53 147 136 55 50 79 138 177 73 122 9 22 118 111 35 93 97 139 57 174 52 3 150 44 136 61 165 154 126 95 140 63 80 155 62 133 57 150 45 66 76 72 139 63 74 46 9 1 57 77 142 107 46 179 92 114 121 77 145 97 59 94 60 85 41 131 168 113 145 74 42 15 14 87 76 113 31 15 75 78 42 136 27 127 21 28 115 69 67 143 34 129 115 128 161 1 99 4 10 5 13 74 113 164 61 136 14 63 3 77 6 81 78 180 69 52 169 131 82 81 36 30 84 43 66 171 88 114 42 85 77 153 52 167 128 62 25 36 170 134 56 37 171 9 116 153 49 82 91 26 109 103 31 133 34 158 149 76 91 138 179 120 98 139 43 124 170 108 55 33 128 41 54 121 104 8 154 179 27 136 12 106 3 59 118 47 86 51 130 116 92 106 125 22 36 3 166 154 166 106 35 86 53 124 156 165 85 96 136 131 121 142 44 43 96 125 54 157 162 12 172 4 38 157 128 171 101 94 160 86 24 101 124 134 109 41 108 118 77 53 78 94 12 77 73 107 109 167 26 29 10 56 104 61 84 12 117 9 96 82 106 106 13 124 46 111 34 10 58 133 15 29 104 127 138 56 120 11 175 52 147 9 141 149 27 42 37 113 56 34 92 71 1 179 130 169 162 63 53 124 51 79 136 70 33 33 159 162 140 115 114 159 128 174 49 2 60 101 146 135 103 10 164 176 103 85 143 112 55 173 15 83 165 155 154 164 48 19 34 113 74 148 38 101 152 19 59 83 131 18 137 118 58 41 95 33 114 72 38 100 92 49 39 143 123 115 174 122 120 138 165 92 36 33 19 156 82 166 148 89 156 27 24 20 16 18 175 8 162 75 150 120 121 159 160 49 49 148 115 133 144 18 173 76 49 3 123 132 34 54 88 115 149 178 170 128 45 89 71 68 63 127 4 15 140 53 86 37 69 132 155 161 97 120 7 68 70 102 9 85 138 69 93 93 165 162 71 64 43 92 71 73 22 101 50 115 124 10 36 36 57 4 50 161 152 15 99 8 126 77 100 167 162 8 115 50 172 13 151 22 43 58 122 141 15 22 125 176 149 54 145 32 94 40 146 99 176 93 70 94 129 102 130 86 92 143 127 55 82 164 142 42 113 140 94 49 98 130 83 160 139 148 82 125 175 170 179 110 126 149 133 10 122 105 3 45 12 14 117 89 7 53 67 18 85 120 63 91 24 107 108 109 9 17 3 153 39 33 92 4 110 90 53 155 6 96 41 110 18 60 17 112 49 143 84 21 163 149 77 73 128 153 31 68 130 162 119 81 70 124 9 175 7 137 46 52 96 161 144 111 15 161 85 47 25 109 44 145 125 12 51 129 133 113 3 43 22 23 111 83 42 63 112 59 36 155 66 118 168 29 127 155 103 99 54 31 46 71 140 84 150 115 114 50 114 79 4 152 43 117 39 103 112 71 72 84 103 96 70 23 131 44 166 87 85 165 150 27 24 158 36 75 88 169 14 155 125 42 115 94 120 16 100 176 26 114 17 15 84 66 43 129 88 110 111 161 5 52 20 99 72 37 56 31 23 171 92 85 52 161 139 81 173 162 92 121 44 66 47 48 117 47 167 139 127 120 167 114 114 48 149 162 131 164 93 10 128 125 51 113 150 153 97 36 57 155 73 76 100 15 45 92 19 156 16 19 156 113 50 33 125 156 28 49 102 173 82 18 36 32 171 29 120 105 115 127 143 92 70 55 119 129 58 62 22 36 123 161 147 175 85 165 12 142 128 159 164 10 21 24 42 7 106 154 58 98 158 70 171 61 12 118 157 62 171 4 40 177 80 70 96 160 49 176 179 155 94 44 148 81 153 57 158 130 102 60 80 177 52 67 92 14 115 2 87 148 149 115 8 28 127 55 67 116 166 71 6 114 161 35 70 141 37 57 108 54 56 33 29 81 174 22 17 173 150 160 4 91 170 128 11 85 80 69 74 135 99 119 35 15 43 35 143 180 91 127 134 5 116 159 157 154 51 114 17 66 85 121 157 65 100 140 44 23 54 12 119 41 56 88 57 36 91 23 41 99 112 2 82 1 75 92 14 15 50 153 163 173 14 96 96 87 70 54 15
16 5 92 157 109 120 10 128 82 71 120 24 122 111 62 24 20 122 116 43 151 5 98 48 134 45 154 147 157 178 169 58 28 32 68 65 104 33 114 49 131 43 71 75 140 172 44 76 112 167 152 160 96 113 75 96 113 59 49 168 72 68 16 165 2 65 177 121 40 136 180 115 48 129 37 110 100 145 31 103 112 123 137 70 40 43 13 2 125 102 105 33 145 162 94 76 36 115 74 158 113 92 74 156 148 136 163 167 47 18 147 13 152 116 154 126 15 9 117 114 110 90 66 83 157 77 131 8 4 37 154 5 120 171 179 6 68 98 52 136 75 108 50 86 99 116 92 70 139 61 167 128 15 117 119 108 66 2 112 31 174 17 9 75 89 102 27 68 159 139 142 109 166 48 76 145 143 180 19 21 89 148 79 54 25 7 74 113 9 71 51 98 98 45 51 116 22 2 114 88 114 44 148 18 35 31 145 35 79 171 101 172 156 160 131 85 177 55 89 52 84 71 38 114 100 97 134 59 141 100 123 74 82 170 35 66 3 78 3 128 57 166 34 79 125 168 166 11 36 168 161 118 132 53 87 175 108 148 63 101 121 179 125 137 155 98 67 69 89 62 86 148 42 46 130 13 135 153 146 61 180 154 10 30 113 135 11 81 101 165 70 179 144 178 48 68 45 122 42 6 34 5 21 83 132 120 158 165 148 157 97 130 78 27 133 100 150 48 156 4 97 88 98 90 39 14 148 87 65 149 55 103 133 101 5 128 78 19 165 38 179 164 39 127 155 61 146 64 159 129 11 46 99 165 150 26 160 140 159 140 166 96 156 176 51 32 58 42 109 152 149 55 8 56 92 164 32 90 52 110 100 17 148 15 158 113 101 75 72 60 13 52 27 80 49 43 48 46 30 175 55 126 175 70 3 116 53 118 146 86 123 124 71 32 34 3 37 142 121 52 56 129 26 126 75 129 138 41 30 8 10 165 89 77 65 127 88 112 65 151 163 111 61 15 120 156 36 128 65 108 100 43 78 168 81 96 26 96 109 145 67 29 176 26 166 97 117 137 74 165 164 172 130 50 165 175 14 46 125 9 130 170 63 129 38 125 14 38 59 23 112 36 35 108 70 64 130 13 173 21 20 119 103 136 45 1 131 95 15 167 32 104 153 158 134 36 20 71 119 173 133 92 172 115 161 124 54 142 60 90 49 34 41 43 39 37 125 157 102 144 35 55 138 73 163 9 133 9 70 134 73 123 129 129 138 56 82 144 63 147 5 21 17 153 28 116 66 130 167 110 43 1 96 126 18 121 158 115 57 60 18 157 171 35 139 67 145 106 174 85 5 41 31 19 4 32 35 162 44 78 90 100 27 57 78 171 136 14 113 160 43 123 152 167 149 126 139 24 157 154 168 105 9 28 116 52 87 24 179 122 74 167 65 77 79 56 19 4 85 25 71 136 137 58 68 50 163 109 111 32 76 38 99 121 21 64 17 125 159 148 97 130 155 45 34 126 112 58 140 47 140 71 79 176 69 112 45 113 47 111 161 99 138 120 154 58 11 76 127 135 78 125 73 100 81 170 81 109 102 141 76 2 58 155 121 121 146 92 27 127 41 74 9 113 173 67 145 77 95 178 93 72 104 88 175 103 66 24 138 163 108 72 174 35 77 7 165 137 114 32 100 56 175 123 151 44 51 13 9 163 86 123 61 36 179 41 157 52 110 18 117 170 123 8 42 88 7 7 158 17 130 21 17 95 70 96 50 120 146 13 18 125 6 163 7 58 169 46 80 149 131 10 115 35 109 2 67 126 166 111 169 151 66 127 93 157 116 134 45 73 137 150 41 151 13 129 140 12 151 153 71 46 13 48 22 16 57 22 160 128 128 167 134 77 160 61 172 66 5 109 134 131 92 76 68 126 124 14 24 145 31 86 101 156 138 148 115 172 59 179 113 111 123 146 21 59 8 35 145 157 107 1 23 62 66 28 157 104 2 40 140 166 156 67 105 65 76 83 101 55 98 177 6 163 177 106 82 78 13 110 153 45 80 43 118 154 119 16 114 48 18 19 97 11 45 36 69 95 99 179 79 3 72 97 146 55 75 26 116 18 133 139 123 30 120 172 79 111 50 94 148 130 127 97 149 67 24 92 129 52 174 63 44 97 79 58 84 179 79 14 130 3 34 171 50 55 145 108 158 142 96 70 31 91 92 167 108 87 167 95 45 123 176 102 50 148 78 27 90 19 61 139 5 126 22 11 133 149 169 23 133 172 147 10 40 106 155 61 9 145 76 146 10 114 5 173 96 73 71 167 34 102 31 13 128 163 50 143 154 117 83 46 82 37 138 22 43 142 24 157 75 63 153 135 167 60 135 60 126 16 28 41 25 105 134 55 92 123 132 125 37 18 170 39 143 48 9 146 13 36 174 54 15 100 154 43 100 120 153 37 13 123 98 60 70 149 68 47 93 19 14 14 180 26 2 87 5 115 40 80 12 73 37 68 134 55 2 19 67 125 61 7 123 154 50 156 27 6 23 116 107 18 36 34 173 155 38 141 90 176 145 36 70 73 41 119 154 3 68 25 136 180 3 150 124 89 55 71 52 88 171 130 30 37 175 73 34 1 128 133 99 49 168 16 32 38 125 95 101 160 42 95 86 12 166 161 74 48 89 151 45 78 48 156 161 62 42 138 64 1 84 135 62 38 42 116 132 141 110 45 152 52 167 152 145 41 59 161 38 6 89 134 112 155 91 28 45 53 20 71 97 118 139 99 89 132 37 139 14 172 18 146 117 39 170 141 106 1 6 56 83 112 71 112 67 65 172 39 148 170 68 72 127 86 173 44 4 21 123 128 107 125 153 39 18 119 170 73 168 61 33 168 177 125 131 168 71 138 100 82 120 157 137 94 56 134 103 78 32 5 86 97 116 96 146 98 86 178 180 105 63 162 20 9 112 136 90 170 49 163 35 126 99 145 17 177 116 131 161 42 2 78 116 88 176 36 173 37 63 83 175 161 105 49 176 88 58 82 62 114 161 72 35 77 117 109 79 89 112 19
169 26 162 155 150 71 79 146 66 154 98 72 70 83 62 150 53 126 80 58 127 113 151 8 18 62 148 28 59 89 24 103 21 149 71 173 19 47 42 115 169 89 90 31 24 4 180 125 5 72 18 33 20 61 163 144 167 103 170 60 2 51 151 176 114 150 94 119 176 137 35 104 121 79 85 113 30 19 5 132 104 38 44 85 127 108 179 134 143 45 23 36 106 34 95 16 154 90 133 132 63 67 86 118 20 148 151 134 112 10 178 132 146 110 29 36 74 91 178 109 120 114 41 45 81 17 135 162 164 172 86 46 1 31 14 6 68 78 16 148 84 32 60 147 146 75 20 91 52 171 164 106 97 120 156 133 57 140 86 4 136 147 174 46 99 166 25 43 151 62 174 116 144 86 145 142 22 111 89 115 116 2 17 153 67 103 161 21 72 18 26 43 29 46 135 122 45 177 125 60 128 80 98 140 92 3 168 102 120 180 35 68 5 169 161 78 44 80 166 55 127 151 155 108 16 152 38 143 46 1 174 8 53 107 99 19 151 152 133 173 68 88 46 92 180 68 27 8 121 153 177 54 9 137 93 164 111 21 116 69 129 45 47 12 86 159 39 46 6 98 68 149 22 13 132 18 150 153 18 47 90 37 111 149 87 138 113 25 98 146 88 29 41 44 158 99 4 3 136 19 126 178 103 21 71 86 17 38 58 154 105 102 36 165 101 92 39 138 78 139 24 96 21 107 100 59 16 24 94 57 149 34 23 133 30 152 102 27 6 168 150 110 61 1 22 71 131 171 49 103 19 45 96 91 101 171 42 125 105 158 117 12 169 81 152 2 47 80 165 21 118 80 31 57 154 104 112 98 144 87 152 167 98 164 126 83 162 75 116 48 167 7 48 160 66 64 99 38 69 82 147 135 109 174 21 79 36 62 33 3 10 16 81 145 153 130 171 143 8 74 17 62 73 134 22 65 60 21 55 50 82 40 82 84 33 57 161 22 140 21 52 73 51 104 149 15 54 84 21 176 146 69 90 157 13 136 8 18 54 111 54 5 102 133 144 107 98 172 120 30 15 33 71 148 66 94 27 172 49 165 171 142 138 177 143 31 58 93 154 97 119 17 77 168 45 89 171 109 86 36 119 118 114 116 136 79 113 79 83 131 54 107 116 30 34 58 125 51 18 25 56 71 114 96 31 9 67 24 138 45 59 23 131 83 9 136 23 115 79 37 29 1 178 150 132 167 34 144 166 19 16 18 25 36 65 55 99 174 158 157 137 13 170 142 48 139 175 171 63 123 5 169 157 118 173 127 69 110 67 145 140 132 34 31 24 161 54 49 145 178 79 11 75 146 141 176 63 30 163 51 8 61 50 59 27 38 47 67 177 69 134 148 27 56 129 90 175 21 174 88 130 61 151 163 138 178 174 164 49 111 110 77 51 137 116 97 168 89 45 170 154 157 34 65 85 46 44 109 38 144 52 105 141 38 159 30 20 172 2 175 154 89 172 122 79 36 130 58 138 104 56 54 145 98 125 175 162 142 86 172 171 150 128 110 159 49 3 160 69 110 25 111 116 13 69 68 43 146 85 37 84 73 33 1 7 97 15 167 101 122 136 153 24 59 38 44 150 108 89 102 27 155 53 56 30 160 169 177 16 25 14 102 64 68 131 32 132 118 151 113 63 116 144 114 143 102 144 11 116 155 50 63 119 69 27 116 161 52 28 38 51 168 78 180 168 93 127 10 89 29 170 26 90 22 156 10 151 110 166 175 137 12 138 28 165 34 86 54 109 16 116 74 153 115 12 170 42 119 86 1 56 147 19 64 54 65 170 111 127 76 86 90 17 41 61 23 66 140 3 117 140 150 10 149 35 179 37 39 149 8 137 140 76 10 170 14 153 95 144 20 70 82 135 148 4 178 74 155 153 18 57 67 11 34 103 64 72 13 118 65 58 114 40 64 85 131 153 121 152 85 82 61 36 48 60 79 105 87 86 61 135 33 45 31 148 154 131 80 125 143 78 59 60 33 21 74 3 95 40 176 49 89 165 43 173 157 152 171 69 68 137 170 115 8 132 2 129 4 148 103 177 100 50 156 18 30 147 67 103 148 155 23 36 29 38 72 39 4 37 113 82 107 64 136 56 110 83 162 171 152 115 169 62 85 163 13 48 116 71 128 1 81 67 53 32 130 96 27 171 158 173 151 70 74 23 110 154 33 156 145 132 58 41 166 167 147 5 149 119 163 178 88 154 8 173 75 89 21 13 155 35 106 97 15 49 89 49 108 177 116 108 41 71 12 14 161 107 180 164 137 115 66 83 74 54 66 90 45 101 56 89 158 121 13 158 116 5 50 168 138 125 49 114 27 22 138 4 180 151 121 151 174 133 154 124 59 70 146 174 43 26 64 135 101 9 115 95 60 137 180 141 56 62 145 68 167 152 30 157 159 178 75 95 85 25 120 7 72 116 7 21 103 66 105 177 53 40 69 166 151 34 78 142 29 24 94 21 167 8 87 74 159 74 34 94 67 73 128 22 173 41 60 151 25 36 119 47 145 61 174 35 60 94 129 47 175 154 28 147 114 120 59 165 71 149 152 29 150 110 174 169 63 169 8 142 86 90 128 63 167 145 136 170 53 120 34 126 5 157 139 157 119 142 70 118 46 93 37 132 91 36 69 148 87 19 69 50 79 71 176 10 24 145 30 26 10 161 126 134 107 36 176 41 11 131 25 64 87 20 65 56 74 177 26 161 168 134 49 36 30 97 57 15 87 178 102 70 93 33 168 22 19 128 163 68 17 54 180 82 77 60 98 164 164 177 119 137 131 115 142 142 122 155 69 114 7 138 158 57 179 44 143 46 168 163 58 36 173 136 169 116 127 78 32 78 178 107 158 37 56 147 97 98 81 129 159 100 152 50 47 70 96 70 34 177 142 123 152 65 131 140 37 23 107 26 160 63 56 52 20 58 11 1 161 139 46 129 59 154 101 48 171 104 148 6 62 153 135 38 151 150 36 136 67 37 115 131 50 134 147 119 96 14 29 146 137 133 34 30 32
0.2
0.2
0.3
0.2
0.2
0.2
0.2
0.3
0.3
0.3
0.2
0.3
0.3
0.3
0.4
0.3
0.4
0.4
0.3
0.4
0.3
0.3
0.2
0.3
0.3
0.3
0.3
0.3
0.2
0.2
0.4
0.3
0.3
0.2
0.3
0.2
0.2
0.2
0.3
0.4
0.3
0.4
0.4
0.4
0.2
0.4
0.3
0.4
0.3
0.2
0.3
0.2
0.3
0.4
0.3
0.2
0.2
0.3
0.4
0.3
0.3
0.3
0.3
0.3
0.3
0.3
0.3
0.2
0.2
0.2
0.2
0.2
0.3
0.2
0.3
0.4
0.2
0.3
0.4
0.3
0.3
0.3
0.3
0.4
0.3
0.2
0.4
0.2
0.4
0.3
0.2
0.4
0.2
0.2
0.3
0.4
0.3
0.4
0.4
0.3
0.2
0.2
0.2
0.3
0.3
