70 12
15
20737
19599
22214
23571
21083
20846
20974
21430
22665
20601
20452
20153
21441
23394
19627
2.4 32.6 7.6 1.8
2.1 35.4 84.5 1.7
2.2 18.4 6.7 1.5
2 32.8 93 2.4
1 39.8 9.7 1.7
3.7 37.1 58.7 1.7
2.7 45.4 5.9 1.9
2.6 45.1 79.5 2.3
2.9 37.6 74.2 2.4
4.1 11.2 63 2.1
1.5 42.9 11.3 1.7
3.1 32.1 77 2.5
2.1 33.1 6.1 1.9
3.9 29.5 81.7 1.5
2.9 15.8 51.7 2
2.1 41.7 74.5 1.6
1.1 49 91.2 1.6
4.9 38.2 93.7 1.8
2.4 37.9 15.5 2.3
3 16.1 6 1.9
2.9 32 14.5 2.1
4.9 25.7 69 2
3.2 38.6 41 2.3
2.7 10.1 61.3 1.5
3.5 33.7 80.3 2
3 14 80.6 2
3.3 27.5 14.7 1.7
4.6 25.5 15.9 2.1
2 39.7 17.1 1.7
2.7 14 70.3 1.6
3.7 43.1 12.1 2.2
2 41.6 49.6 1.5
3.2 22.6 16.9 2.5
3.3 43 87.6 2.4
3.1 27 39.2 2
3.6 38.8 73.6 2.4
3.4 43.9 56.2 2.5
1.9 32.8 16.6 2.4
2 12.3 65 1.8
2 34.5 90.5 2
1.1 22.9 32.6 2.3
1.3 35.1 69 1.7
1.2 41.7 81.6 1.5
2.5 45.7 56.3 1.7
3.4 23.2 34.1 2.3
2.5 22.5 94.2 1.8
2.8 45.7 83.8 2.2
2 28.4 70.3 2.1
3.3 39.3 48.6 2.4
3.5 28.4 23.8 2.3
3.2 40.2 76.6 2.4
4.9 15.2 75.5 1.8
4 34.4 90.1 2.5
2.7 21.8 84.4 2.3
1.7 22.4 41.5 1.7
2.2 43.5 45.1 2.4
4.4 35.5 81.4 1.7
5 40.6 63.4 1.5
4.8 16.4 7.1 1.8
3.9 17.7 82.2 2.1
2.1 49.9 91.3 2.5
1.6 21.6 82.8 2.1
4.3 26.2 62.4 1.6
3.6 35.6 20.7 1.9
1.9 49.3 14.1 2.1
3.9 29.3 37.1 2.3
4.3 38.4 84.2 1.5
1.5 43.1 14.6 1.9
3.5 35 77.1 1.8
1.4 37.8 19.7 2.5
4.3 23.4 9.2 1.6
3.2 27.5 31.8 2
2.4 27.5 24 2.3
2 17.3 33.2 2.3
2.4 21 24.1 1.9
2.6 35.5 66.1 2.5
5 35.9 50.4 1.8
4.5 32.9 70.8 2.3
4.1 48.6 75 2.5
2.7 24.8 47.7 1.9
3.2 12.9 50.2 1.6
2 38.3 15.2 2.2
1.5 37.2 94.1 1.6
2.5 18.6 18.9 2.5
4.6 35.9 57.6 1.7
2.8 21.2 7.3 1.8
3.9 11.9 84.3 1.7
2.7 24 53.1 1.6
2.6 33 82.6 1.6
2.9 33.7 66.1 1.7
2.8 21.3 22.9 2.1
2.3 14.3 17 2.1
2.7 40.2 10.7 2.2
2.1 48.3 46.8 1.8
1.1 44.7 46.8 2.5
3.7 40.8 11.3 1.7
4.1 48.1 56 1.6
2.2 42.9 42 2.3
4.7 15.2 72.1 1.5
1.9 15.9 85.3 2.3
3.4 47.5 50.9 2
1 21.8 71.4 1.6
3 36.7 53.7 2
1.4 21.2 46.7 1.8
4 33.9 93.1 2.3
1.7 48.5 81.7 2.1
1.7 11.3 53.7 2.2
2 38.5 90.1 2.5
2.6 21.2 36.9 1.7
4.7 13.9 10.3 2.2
1 12.7 46.6 1.6
2.4 41.7 38.3 2.1
2.1 33.6 94.8 1.6
4.6 21.6 61.3 2.2
1.9 45.1 74.1 2.1
1.4 35.1 81.2 1.5
2.4 31.3 32.4 2.3
1.7 45.2 93 2
4.6 47.9 94.4 2.1
4 21.2 91.6 2.4
1.4 16.4 47.8 2
1.2 18.3 53.3 1.9
4.1 22.9 83.5 2
3.7 29.8 81 1.8
1.7 23.2 73.4 2.3
4 11.8 72.5 1.7
3.7 12.3 36 2.2
4.1 23.2 36 1.5
2.4 34.3 57.7 1.9
3.7 18.2 78.2 2.1
3.3 13.2 38.2 2.5
3 13.8 13.3 1.6
2.5 36.5 62.3 1.7
2.8 20 89.4 1.9
2.8 49.4 80.7 2.1
4.3 15.5 6.9 2
2.8 46 81.4 2.1
3.9 46.7 7.4 2
2 27.4 93.9 1.6
1.2 17.6 27.5 1.7
3.2 11 24.3 1.7
4.9 30.9 92.2 1.7
3.1 46.4 82.5 1.7
1.5 21.6 26.7 1.8
2.4 23.9 25.1 1.6
2.3 44.4 24.6 1.8
2.8 25.9 70.2 2.1
1.1 10.6 39.7 1.6
3.3 14.5 92.5 1.7
1 24.9 90.9 1.8
4.6 19.7 32.4 2
3.8 45.5 87.6 2.2
2.6 17 44.3 1.9
3.4 13.5 38.4 2
3 46.4 14.6 2.1
4 16.9 75.3 2
1.3 14 79.5 2.4
3.2 15.3 36.6 1.9
4.4 41.9 92.4 2.2
4.2 20.3 65.9 1.6
3 23.2 22.6 2.5
4.6 29.3 70.1 2.3
2.5 49.7 79.3 1.7
4.8 47.8 52.3 2.2
1.7 18.1 6.4 1.5
4.6 31.4 54 1.9
4 49.7 47.4 2.4
4.4 32.2 51 1.8
4.1 44.7 54.8 2.2
1.3 28.3 70.9 2
3.8 44.3 46 1.5
3.3 25.5 21.1 2.1
4.3 31.6 66 2
3.9 29.5 18.9 1.6
3.4 24.5 35.6 2
1.3 49.2 65.7 2.4
5 34.3 61.5 2
2.4 21.6 32.8 1.7
1.2 44.8 17.9 2
4.4 21 72.1 2.2
4.6 35.7 64.4 1.8
4.3 25.7 92.3 2.2
4.5 43.4 52.5 2.4
2.1 17.7 11.3 1.7
3.8 31.4 70 1.6
4.4 32.6 82.1 1.6
4.7 48.1 16.7 2.2
2.4 14.3 35.9 1.8
3.2 48.6 76.2 1.9
1.2 31.8 43.1 1.6
1.6 47.9 73.4 2.3
2.1 14.1 77.7 2.1
4.4 29.5 34.6 2.1
3.4 46.9 15.5 2.1
2.8 33 14.1 1.9
1.4 35.4 85.7 1.6
4.8 28.8 19.6 1.5
4.9 34.8 46.7 2
3.8 20.3 28.1 1.8
1.9 18.3 48.8 2.1
4.5 25.5 64.5 1.8
1.9 28.3 65.2 1.7
3.1 16.9 83.8 2
5 36 80.8 2.1
1.1 28.9 85.5 1.8
2.7 41.7 59.6 2.4
4.4 38.2 33.2 1.6
2.7 12.7 94.6 1.7
2.7 41.7 69 2.5
5 16.8 29.4 1.5
4.2 29.9 56.4 2.2
3.2 12.8 14.3 2.3
3.3 48.4 19.4 1.7
4.8 47.2 25.3 2.3
3.2 41.6 40.6 1.6
2.8 27 41.2 2.4
2.1 17.3 82 1.6
1.1 43.4 39.2 2.1
1.6 43.1 78.7 1.8
2.4 32.5 43.1 1.9
2.2 46.2 60.6 2.1
3.7 16.8 22.5 2.4
2.2 38.8 28.5 2.3
3 27.4 14.8 1.8
3.3 49.8 24.6 2.4
4.1 40.9 35.8 1.8
4.5 27.9 67.2 2.2
1.6 10.4 49.5 2
4 10.4 47.1 2.2
2.7 30.5 33 1.7
3.8 24.4 42.9 1.5
3.3 45.3 13.7 1.8
4 26.2 76.1 1.7
3.5 41.9 93.7 1.7
4.4 21.4 32.2 1.8
3.2 36.6 69.8 1.7
3.4 25.6 26.1 1.5
1.6 39.3 13.8 2.3
3.3 32.1 76.8 2.1
3.8 47.5 59.7 2.4
1.4 15.2 84 2.2
3.9 48.6 68.5 1.6
1 15.3 72.6 2
4.6 17 85.1 1.9
1 41 6.5 1.6
2 29.6 33.7 1.7
3.1 38.1 20.2 1.6
4.2 29.3 38.8 2.4
4.4 48.2 60.5 2
4.9 41.4 19.4 1.6
3.9 31.9 91 2.5
4.4 39.6 40 2
4.3 38.9 26.5 1.7
2.4 28.8 50.9 2.4
4.1 16.3 17.4 2.3
3.1 49.2 38.7 2.1
4.8 11.4 50.8 2
2.6 28 54.8 2.4
1.3 27.5 78.4 2
4.5 36.2 31.4 1.6
3.8 25.1 15.7 1.9
3.6 20.7 81.5 1.6
5 41.1 79.6 1.8
4.9 43.3 44.5 1.6
1.7 47.5 91 2.4
2.8 19.8 65.5 2.5
3.9 41 91.8 1.5
3.8 34.2 76.2 1.8
1.6 45.4 45.8 1.7
4.1 42.7 70.1 1.7
2.1 24.9 87.3 2.2
2.5 44.6 85.1 2.4
1.1 10.9 33.9 1.6
2 40.4 83.7 2.1
2 13.6 49.2 2
3.8 24.3 46.2 2.4
4.5 20.8 17.6 2.3
4.8 48.2 40.1 2.4
1.1 27.9 57.7 2
4.4 27.3 28.8 2.2
1.3 20.8 25.9 1.9
4.7 14.7 28.5 1.7
4.1 22.4 11.1 2.3
4 45.4 83.8 2.2
1.9 49.9 18.1 2
2.3 31.6 24.9 1.7
3.5 27.1 46.8 2
1.2 26.2 21.2 2.1
4 10.6 24.5 1.7
1.5 12.1 62.1 1.6
4.8 13.1 52 2
1.3 34 61.7 1.7
4.4 10.6 17.9 2.3
1.3 24 71.5 2.4
3.9 22.6 79.9 1.8
2.2 27.2 34.4 2.3
2.3 43.8 48.8 2.2
4.9 14.7 76.4 1.9
1.9 40 77.2 1.7
2.8 11.1 25 2.2
1.8 10.6 38 2
1.1 36.1 27.7 2.1
1.9 13.7 31.5 1.6
1.5 13.6 64.3 2.3
2.1 11.8 78.2 1.6
3.6 38 92.6 2.3
4.5 14.8 49.7 1.8
3.1 26.2 30.2 2
4.8 39.9 6.2 1.5
1.7 41.3 42.8 1.6
4.4 41.8 46.6 2.2
3.8 50 39.7 2.2
4.8 43.1 24.9 1.6
4.2 40.4 14.2 2.2
4.6 15.5 21 2.5
2.8 42 79.1 1.7
4.3 42.7 50.3 1.7
3.9 26.7 12.5 1.8
1.9 14.6 31.9 1.5
2.9 36.2 23.9 2.2
2.2 16.2 72.1 1.6
3.6 10.3 64.4 2.2
4.9 10.1 14.9 1.9
2.4 40.6 8 1.7
2.6 31.8 7.3 2.5
3.2 12.8 24.4 2.4
3.7 41.7 32 1.7
3.2 39.8 81.7 2.5
2.8 14.3 42 2.3
4.7 38.4 75.2 1.8
4.9 45 68.8 1.7
3 22.2 34.6 2.1
2.1 38.8 62.8 2.3
2.8 35.6 27.6 2.4
4.7 23.5 83.5 2.2
4.6 17.8 26.9 1.6
1.4 11.6 63.4 2.3
2 33.9 57.3 2.5
4 37.8 38.2 2.2
1.3 26.6 58.2 1.8
3.6 15.4 68.5 1.9
1.3 49.9 77.9 2.4
2.1 23.1 79.6 2.2
1.8 43.5 52.3 1.9
4.3 21.2 15.7 1.7
4.7 34.2 40 2
1.7 14.9 66.3 2.2
3 13.5 89.9 1.7
1.1 21.1 74.4 2.2
1.9 49.9 24.1 2.2
1.1 24.8 66.1 2
1.1 37.3 44.5 2.5
1.3 28 63.8 2.3
4.6 13.3 10.6 2.3
1.9 44.4 71.2 1.6
1.7 24.7 49.1 2.1
3.5 49.7 72.7 1.8
4.4 30.6 5.1 1.9
3.3 11.4 52.5 2.4
1.1 11.8 45.5 2.4
1.2 23.7 46.5 2.1
3.5 42.9 80.5 2
2.7 16.3 62.4 2.2
1.7 18.3 42.3 1.7
4.9 29 12 1.7
4.6 43.9 33.8 1.5
3.5 27.9 20.9 2.4
3.9 36.8 55.9 2.3
4.9 36.5 5.9 2.3
2.2 23.2 71.8 1.7
3.4 13.9 88.3 2.1
3.5 35.2 91.8 2.5
2.1 37.7 7.3 2.1
4.8 42.7 20.7 1.5
4.3 44.6 71 2.2
2.4 40.1 52.4 1.7
2.3 46.9 92.9 2.1
4.7 11.2 82.7 1.6
5 18.5 72.3 2
2.2 22.4 49.5 2.4
4.6 35.5 68.7 2.2
3.4 28.8 91.6 2
1.2 45.6 10.3 1.7
3.1 29.4 41.7 1.6
1 47.5 48.9 2
3.4 43.9 39.5 1.6
1.3 18.9 44.8 2.2
2.5 32.8 88.2 1.9
1.3 30.7 73.9 2
3.3 26.5 32.3 2.5
5 46.9 38.4 2.4
4.5 36.1 21.2 1.6
1.6 17.3 18.7 2.4
2.7 14.5 56.1 2.1
1.8 10.4 22 2.1
3.7 30.5 68.2 2.1
4.4 35.6 26.6 1.9
1.9 34.5 43.6 1.6
3 13.7 36.2 1.9
1.1 34.5 80.3 1.7
4.5 10.1 79.1 2.2
3.5 31.2 25.6 2.4
4 22.6 54.2 1.7
3.2 41.3 38.4 2.1
1.4 28.2 49.8 1.7
2.4 11.7 72.4 1.8
4.2 13.5 39.9 2.1
1.3 48.4 93.5 1.9
1.4 42.1 40 2.1
1 22.7 41.3 2
1.8 34.9 36.2 2
4.2 41.3 82.9 1.8
4.1 19.2 87.2 2
2.7 28.5 48.6 1.7
3.6 28.4 15.5 1.8
4.1 39.6 44.1 2
2.1 11.1 58.1 1.9
1.8 10.3 11.9 1.5
1.9 27.9 64 1.5
4.1 35.1 44.8 1.9
3.2 20.8 25.3 2.4
2.2 24.9 65.7 1.7
1.5 15.2 82.9 2.3
3.9 18.5 51.6 2
3.3 22.7 90.3 2.1
2.6 41.2 67.4 2.4
1.6 39.5 34 2
1.8 30.5 85.4 2.3
3.7 13.3 27.5 1.9
2.4 35 40.6 1.7
2.2 44.6 32.8 2.4
4.2 21.4 41.4 2.1
1.4 13.5 31.6 2.2
3.9 35.4 81.5 2
3.4 39.4 12.7 1.8
5 41.3 58.4 2.4
2.5 24.3 56.7 2.2
3.7 26.5 70 1.8
1.8 36.9 69.3 1.7
1.1 15.7 85.7 1.9
4.3 16.7 88.6 2.1
3.1 14.4 45.4 2.4
4.1 29 23.4 2.1
4.4 18.2 89.7 1.7
2.4 45.7 28.9 2.2
1.7 30.7 86.4 2.4
4.4 39.8 89 1.9
4.8 40.9 23.1 1.7
4.8 22.3 31.4 1.9
3.7 16 38.7 1.6
2.3 13.8 47.4 2
2.3 19.5 69.3 1.8
1 40.4 8 1.9
1.6 11.7 64 1.8
4.4 45.9 73 2
4 18.1 22 2
1.6 14.3 40.1 1.5
4.7 22.7 51.9 1.5
2.8 10.3 57.3 1.5
1.4 20.2 11.6 2.4
4.7 44.9 72 2.2
5 22.9 43.6 2.1
3.2 17.1 11.8 2.3
2.9 18.3 60.9 2.1
2.1 35.5 58 2.4
3.8 34.9 67.1 1.9
1 20.5 34.5 1.9
1.4 36.7 48.6 1.5
3 32.4 52.6 1.6
4.9 12.6 88.3 2.4
1.1 26.7 86.6 2
4.4 26 20.6 1.9
2.8 48.8 55.7 2
2.5 45.5 41 1.9
2.9 41.4 49.7 1.6
3.5 11.8 46 2.1
4.1 20.5 47.5 1.7
1.3 25.4 91.5 2.2
3.2 28.2 41.7 2
3.8 19 61.1 2.5
2.2 21.9 41.1 2.1
4.8 15.2 6.4 1.7
2.8 32.4 35.7 2.2
3.7 31 90.2 2.2
2.3 20.2 63.7 2
4.1 39.7 68.2 2.5
4.6 29.3 9.5 2.2
4.9 44.1 38.3 2.4
1.5 10 77.5 2.5
2.5 11.9 33.8 2.4
5 34.4 20.9 1.8
1.4 27.5 23 1.8
4.7 24.3 34 1.5
4.2 10.2 66.5 1.9
1.6 23.1 41.3 2.2
4 18.2 86.8 1.5
1.8 16.6 43.5 1.8
1.5 22.9 87 2
4.4 15.3 80.4 2.2
4.4 44.5 69.3 2
1.7 42.5 71.3 1.9
2.8 15.6 50 2.2
3.1 27.5 39.2 1.8
2.2 31.6 5.6 2.3
1.8 24.6 71.6 2.4
3.5 21.3 74.7 2.4
1.8 26.1 33.4 2.3
4.1 37 64.1 2
4.2 24.4 84.4 2.1
3.9 20.4 69.8 2.5
4.8 21.9 55.6 1.8
4 41 14.8 1.8
2 20.5 30.3 2.4
4.9 39 20.3 2.1
3 13.2 6 2.3
1.8 21.8 11.9 2.2
1.8 24.2 89.9 1.9
2.7 23.5 56.9 1.8
4.8 45.4 69 1.9
3 37.6 31.7 2.2
4.5 21.5 77.4 1.8
3.9 43.6 29.3 2.4
2 33.4 80.2 2.1
4.8 21.2 17.6 1.7
2.9 33.8 55.8 2.4
2.9 27.1 13.9 2
2.3 21.6 91.2 1.8
4.5 37.7 55.9 1.7
3.1 12.4 78.2 1.7
4.1 45.7 80.6 2.1
3.5 21.1 37.1 1.9
3.6 42.5 39.8 2.1
4.7 20.5 22.1 2
3.4 30.6 18.8 1.8
1 32 37.1 1.9
4.9 29 44.5 2.1
4.9 42.1 55.1 2.2
1.7 37 84.1 2
1.1 35.5 25.9 1.8
2.6 37.9 87.5 2
4.6 35.2 56.7 2.2
3.1 38.1 88 1.6
1.4 31.6 67.8 1.9
1 22.1 23.2 2
3.9 31.7 85.6 1.5
1.6 40.6 66.6 1.7
1.2 49.3 32.3 2.5
3.3 27.9 53.6 1.8
2.6 15.9 64.9 2.4
4.3 29.9 34.5 1.6
1.9 16.8 47.6 2
2.9 27 6.9 2.1
4.1 26.8 38.1 2.3
4.8 24.6 73.1 2.4
2.6 32.9 66.5 1.9
2.3 18.8 94.4 1.7
2.4 40.4 40.9 1.6
1.8 37 26.5 2.1
1.3 37.4 42 2.3
2.7 19.5 50.3 1.7
3.1 29.5 75.4 2
3.9 19 34 2.3
4.4 45 79.2 2.1
2.8 49.3 9.3 2.4
3.5 26.1 23.2 2.3
4.4 36.2 78.3 2.4
1.9 42.4 8.2 2.4
2.6 19.7 45.2 2.3
2.3 35.6 6.4 1.6
4.5 19.5 56.9 2.2
2.7 43.2 56.6 2.4
3.5 43.5 82 1.9
2.3 15.7 75.6 2.1
4.2 21.8 82.6 1.6
1.7 29.1 88.7 2.4
1.2 11.5 73.6 2.2
3.7 13.1 39.5 1.5
4.8 44.4 22.5 2.5
3.3 26.2 85.9 2
1.7 35.6 66.1 2.2
4.5 11.1 62.7 2.4
3.7 34.3 24.1 2
1.4 13.1 79.9 2.1
3 17.9 59.1 2.2
2.5 49.2 93.5 2.2
5 43.1 57.3 2.2
1.3 27.3 51 2.3
3 43 23.1 2.4
4.3 18.6 34.8 1.8
3.9 46.4 83.1 2.1
2.4 14 93.3 1.6
4 36.8 59.6 1.6
1.8 41.5 47.6 2
4.2 25.2 85 2.4
4.7 23.9 52 1.6
1.7 11.2 81.4 1.8
1 44.9 17.6 2.2
4.5 12.7 33.7 2.4
3.5 42.9 7 2.1
4.3 29 48.2 1.9
2.9 20.7 13.8 1.9
4.4 39.2 28.5 1.6
3.6 45.2 28.8 2.3
1.6 13.7 88.7 2.2
4.4 30.4 94.7 1.9
2.3 16.7 74.7 1.8
1.4 20.3 7.8 2
4.4 32.9 71.5 1.6
3.5 20.4 19.8 2.1
2.3 26.8 77.3 2
3.4 12.1 81.2 1.7
3.4 47.3 69.1 2.5
1.2 19.7 46.5 1.8
1.8 10.6 18.7 2.5
2.4 35.4 8.6 2.3
4 25 54.4 1.9
4.6 23 89.5 1.7
4.3 43.1 73.8 1.9
4.2 23.7 67 2.2
3 29.6 83.2 2.1
2.2 16 42.9 1.6
1.2 26.2 22.2 1.9
4.7 34.8 26.6 2.3
2.3 41.8 26.8 2.3
4 41.9 85.2 2.3
2.2 37.3 31 2
1.2 42.7 23.7 2.2
4.4 26.7 17.8 2.1
3.1 22.3 89.3 2.1
3.3 10.9 47.8 2
3.8 13.3 42.9 2.2
4.8 26 34.3 2.2
4.3 37.1 93.6 1.7
3.3 29.1 72.8 2.1
3.1 49.6 53.5 2.4
1.4 16.7 82.3 1.8
4.8 25.5 77.2 1.5
2.6 38.6 86.9 1.9
3.8 18.3 24 1.7
1.6 38.3 84.2 1.5
2.5 43.7 62.9 1.5
3.4 30.8 82.9 1.7
2.3 37.6 46.4 2.1
1.1 21.3 21.5 2.3
2.5 15.3 82.1 1.9
1.8 41.3 77.7 2
3.7 34.9 31.4 2.5
4.2 24 31.5 1.7
3.8 25 10.2 2.1
1.2 46 72.9 1.9
1.6 33.9 75 2.1
2 29.1 19.4 1.9
2.6 44.4 77.9 2
4.5 19 72.3 2.2
3.2 32.3 18.8 2.1
3.8 17.9 47.9 2.3
2.1 42.6 18.9 1.9
3.3 49.5 83.6 2.3
3 44.3 29.6 2
1.5 25.8 66.6 2.4
1.9 29.5 13.8 2.3
1.4 43.4 68.6 1.7
3.8 27 66.7 2.1
1.4 20.6 80.4 2.2
3.4 47.1 22.6 1.5
3 20.7 48.9 1.8
2 26 65 1.9
2.4 19.3 70.9 1.7
3.9 46.7 32.9 1.8
3.2 21.7 20.2 2.2
4.8 15.8 33 2.4
2 28 54.7 2.4
2.7 50 51.4 2
4.8 17.4 29.5 1.6
4 11.3 43.2 2
2.1 48.2 61.5 2.3
1 34.4 16.2 2.3
4.9 25.1 16.8 1.6
4.9 14.8 40.7 1.7
3.2 49.5 41.9 1.8
5 35.6 58.1 1.7
1.8 29 88.2 1.9
2.7 42.9 42.4 2.2
4.2 40.2 70.2 1.8
1.6 18.5 19.7 1.8
2.8 27.6 31 2
3 27.4 44.4 1.6
1.9 35.1 78.5 2.4
3.8 35.1 81.4 1.9
3.1 35.7 13.5 2.3
1.7 48.7 72.9 1.6
3.1 46.6 39.6 1.6
2.1 43 93.3 2.1
2.5 47 53.1 1.6
1.5 21.8 45.1 2.2
4.3 28 72.6 2.4
4.8 20.3 42.8 2.3
3.1 24 24.8 2
3.8 30.3 88.1 1.6
3.3 35.9 71.2 1.8
4 11.4 32.9 1.7
3.9 22 11.7 2.1
1.5 41.5 49.9 1.5
3.5 10.1 34.3 2.3
1.8 33 83.1 1.6
3.5 29 72.4 2.4
4.5 33.3 7.3 2.3
2.3 46.7 75.7 2
4.7 46.9 60.5 1.7
2.3 24.9 90 2
2.9 23.4 36 1.7
4 45.5 83.9 2.1
3.3 44.7 93.2 1.9
2.9 34.6 42.4 1.6
3.7 17 58.8 1.9
2.2 10.3 68.5 2
4 19.1 50 1.5
2 36.7 41.5 2.3
1.6 34.8 72 1.6
1.2 25.6 5.5 1.9
4.8 10.8 82.1 2.3
2.8 31.5 86.8 2
1.8 27.9 56.6 2.4
3.3 14 14.4 1.6
1.4 14 68 1.9
3 19.4 13.9 1.9
4.2 33.6 81.1 2.2
2.4 49.6 53.7 1.6
4.3 34.3 48.4 2.2
1.7 22.6 48.4 2
1.6 20.8 19.8 2.3
1.2 38.6 28.8 1.6
2.3 36.8 75.5 1.7
4.9 15.5 81.6 2.2
4.1 43.1 79.5 1.7
2.8 24.9 17.1 1.6
4 17.1 92 2.2
3.5 31.2 65.5 2.5
2.7 48.6 6.8 2.1
4.2 13.8 9 1.5
2.3 21.5 61.9 2.1
1.5 38.8 10.4 2.3
1.9 32.5 8.3 2.4
2.6 16.1 27.4 2.3
2.4 19.2 61.9 1.9
4.6 47.2 74.3 1.8
4.6 17.2 34.4 2.3
1.8 12.1 25.5 2.5
1.6 27.9 83.7 2.3
1.5 16.5 86 2.5
4.7 25.4 13.6 2.1
4.8 24.9 10.3 2.2
4.3 37.1 90.9 2.5
2.9 44.8 37.2 1.5
2.5 30.1 49.5 2.2
2.5 30.6 81.4 2.1
2.6 21.7 8.7 2.3
4.6 30.1 58 2.5
2.3 48.5 49.4 2.4
4.6 34.2 13 1.8
2.5 41 41 1.8
1.3 21.8 65.9 2.1
2.6 32.1 40.6 2.1
3.8 38.8 54.2 2
3.6 30.2 32.4 2.1
4.2 48.1 37 1.7
1.4 18.4 5.9 2.3
4.9 41.4 81 2.1
4.7 34.6 74.4 2
3.9 13.3 93.2 2.1
1.6 25 81.9 1.8
1.1 48.6 82.2 2.4
4.2 38.4 13 2.4
2.8 38.9 84.1 2.2
4 42.7 17.6 1.8
3.8 42.6 85.6 1.9
3.7 12 31.8 2.3
2.6 35.9 59.2 2.2
4 31.1 37.3 1.7
4 42.3 45.4 2.3
3.9 49.4 90 1.8
1.6 23.9 87.1 2.3
3.1 22.3 68.5 2
4.5 26.1 48 2.3
3.1 49.3 39 2.1
1 36.3 38.2 1.9
1.2 22.2 24.1 1.9
2.5 24.6 48.5 2
2.6 18.6 20.2 1.7
1.5 38.9 44.6 2.5
3.3 47.3 72.4 2.5
3.5 33.9 59.3 2.2
3.2 13.6 85.1 2.4
4.9 13.8 91.8 1.7
4.6 17 26.8 2.3
2.3 35.1 78.3 1.6
3.9 32.1 48.8 1.8
1.8 23.2 70.1 2.1
1 24 40.4 1.7
4.8 17.9 88.2 1.8
4.3 32.2 54.9 1.8
3.4 46.3 71.7 2
2.1 14 67.1 2
3.5 14.2 65.6 2.5
4.2 19.6 80.6 1.7
2.5 19.1 45.7 2.1
1.2 45 59.3 1.8
4.6 30.7 82.1 1.6
1.2 17.3 6.9 2.2
1.1 20.1 61 2.2
3.7 12.2 69.6 1.6
1.8 35.1 18.4 1.6
1.7 12.1 76.3 1.8
2.7 37.5 57.4 2
4.7 28 52.9 2.3
2.4 33.4 43 2
4 43.6 66.6 2.1
1 19.7 45 1.5
2.8 46.3 52.6 2.2
1.3 13 19 1.7
1.3 27.2 74.1 1.8
4.4 21.8 36.6 1.8
4.2 30.5 8 1.7
1.2 16.8 44.6 2.4
4.3 48.5 87.3 2.1
1.3 39.1 16.5 1.6
3.1 12 84.8 2.2
2.3 31 85 1.5
2.1 22.9 78.6 1.7
3.2 47.8 73.9 1.9
2 33.9 75.6 2.2
3.2 38.4 44.9 1.6
3.7 22.2 77.8 2.3
4.7 17.1 17.6 2.1
2.5 21.6 57.2 2.1
4.9 43.9 63.4 1.5
1.9 24.7 82.4 2.2
2.8 40.4 16.4 2.2
2.4 22.1 85.3 2.3
3.5 33.3 76.1 2.5
1.3 15.5 80.2 2.2
3.4 47.5 26.7 2.3
1.1 40.5 82.2 2.4
2.2 19.2 40 2.4
2 37 69.7 1.7
1.4 21.9 16.9 2
3.5 31.1 92.2 1.6
2 28.8 54 1.6
4.9 31.5 9.7 2.4
4.9 18 16.3 2.3
1.8 39.2 60.3 2.5
1.8 49.3 91.3 2
1.9 37.1 62.2 2.4
4.4 32.2 38.8 2.2
1.5 39 91.1 2.2
1.4 40.3 5.1 1.9
3.4 42.5 10.1 1.8
4.4 49.4 30.4 2.2
3.7 44.9 45.4 1.9
4.3 16.2 29 1.8
3.4 49.4 7.8 2.4
2.9 15.6 39.3 2.2
3.8 34.2 20 1.9
2.1 27.3 39.3 1.9
4.6 22.4 9.1 2.2
2.9 20.1 31.8 2.4
2.2 24.8 88.7 2.4
4.4 11 79.1 2.4
2.6 24.8 33.2 2
4.7 46.5 52.6 1.6
3.6 19.2 86.7 2.2
3.4 38.1 41.1 2.2
1.3 11.2 54 2.5
4.2 24.6 67.5 2.1
1.9 37 58.3 1.8
3.4 20.7 77.4 1.8
3.1 34.4 62.9 2
3.5 41.5 92.3 2.2
3.2 13.8 42.3 2.1
4.5 17.7 13.7 1.5
4.6 28.2 8.2 1.9
4.8 17.6 6.9 1.8
4.3 38.3 54 1.6
3.1 49.9 14 2.2
4.5 31.2 30.8 2
4.5 17.4 73.8 2.4
3.3 14.1 12.7 1.7
3.6 17.6 82.8 2.2
1.1 48 78.1 2.3
1.9 15 69.4 1.5
4 19.7 55.2 2.4
2.3 41.1 75.8 1.8
3.4 33.1 50.3 1.8
4.3 11 49.5 1.9
3.4 36.7 80.1 2
2.3 42.6 71.6 1.6
2.3 49.9 31.8 2.3
1.4 32.1 86 1.9
4.4 18.4 14.9 2
3.4 15.8 83.7 2
1.3 19.6 15.6 2.1
4.3 33.7 66.4 2
4.3 16.9 51.9 2.1
2.4 29.7 28 1.9
4.9 16.4 51.9 1.7
3.4 21.7 75.7 2.4
4.8 39 13.3 2.3
1.9 19 71.9 1.9
2.8 25.6 12.1 1.9
1.8 15 72.2 2.4
2.1 14.3 87.7 2.1
4.1 39.4 25.2 1.9
4.4 41.6 11.9 1.6
1.7 40.1 19.3 1.6
4.1 20.9 93.2 2.4
5 24.9 5.2 2.2
1.5 13.8 20.5 2.4
3.4 42.8 73.8 1.6
1.7 25.3 48.9 2.2
2.7 29.5 31.5 1.9
2.4 26.5 36.7 2.3
1.2 41.9 91.9 1.8
1.1 38.2 87.6 2.5
4 45.6 39.3 2.2
3.6 39 51.1 2.3
1.9 46.6 71.9 1.9
2.6 28.2 14 2.5
1.7 21.8 19.4 2.4
1.7 11.2 11.2 2.2
4.8 21.5 19.9 2.5
2.7 28.4 45.2 1.6
4.8 29 24.9 2.1
2.8 46.7 91.6 1.6
4 47.8 94.1 1.8
1.9 44.1 43.2 2.4
4.4 17.4 42 2.3
4.4 11.8 55.8 2.3
4 48.8 80.7 2.3
4.7 20.4 52.2 1.7
4.4 43.1 69.5 1.5
4.9 40.5 67.2 1.8
3.7 16 45.3 2.1
3.8 34.2 41.6 2
4.5 31.8 24.9 2
2.8 12.3 89.3 1.6
4.7 45.1 79 2.5
3.8 45.5 82.6 1.6
4.3 45.5 65.9 2.5
3.8 18 77.1 2.3
2 15.3 80.2 2.3
3.6 39.6 46.1 1.6
2.3 11.6 90.5 1.9
2.3 36.4 79.3 2.1
1.8 44.3 25.4 1.6
2.7 32.5 11.6 2.1
1.7 49.6 65 2.2
4.9 47.9 61.7 2.3
4.5 37.1 34.3 2.1
3.8 10.3 13.9 1.9
3.4 30.9 10.9 2.4
4.7 46.8 8.8 1.9
1.2 41.2 67.8 2.2
1.8 28.1 37.4 2.2
4.1 31.1 6.9 1.9
3.4 36.4 72.3 1.8
3.9 25.9 87.4 1.6
4.8 30.4 20.9 2.2
2.2 39.3 49.8 2.3
3.9 46.4 30.2 1.8
3.3 38.4 34.8 1.9
2.9 40 80.8 2.2
4.1 42.6 67.9 2.4
2.8 38 68.5 2.5
2.1 30.6 30.4 1.8
4.6 42.5 20.5 2
3.3 10.6 20.4 2
3.1 38.1 45.9 2.3
3.7 44.4 62.4 2.4
4.3 40.1 14.7 1.6
1.5 45.8 18 2.5
2.6 17.6 33.7 2.2
2 32.7 74.3 1.8
2.1 47.1 31.5 2.3
2.7 43.3 46.6 1.7
4.3 17.4 80.9 2.4
1.1 24.1 81 2.1
1.1 38.7 39.2 2.2
2.1 19.5 5.1 1.6
2.3 18.2 18 1.7
5 11.7 28.4 2.1
3.1 43.8 73.3 1.7
1.3 37.1 26.1 2.3
3.6 41.5 87.3 1.9
3.1 26.4 59.5 2.4
5 28.2 85.4 1.9
4.6 44.8 53.7 1.8
4.4 45.2 35.8 2
2.9 43.2 8.7 2.1
2.6 33.5 18.3 2.2
1.6 25.8 48.3 1.7
2.8 23 21.4 2.4
1.1 40.9 69 1.9
2.5 45.5 14.8 1.7
2 31.1 76.7 1.8
4.8 18.9 93.7 2.5
4.8 26.2 73.9 1.6
1 15.7 57.3 1.6
1.1 41.9 43.4 1.8
4.4 49.3 23.2 1.9
4.4 20.8 75.4 1.9
2.4 20.7 75 1.9
4 11.3 12.4 1.5
1.5 17.2 37.7 1.9
2.1 35 58.9 2
1.7 35 74.7 1.8
3.6 48.6 53.6 1.5
1.4 16.6 40.4 2
2 34.7 50.4 1.5
2.4 16.1 94.8 2.2
2 27.6 61.8 1.8
4 28.7 90.4 2
3.2 27.3 29.1 2.5
2.7 27.5 6.6 1.9
3 35.7 17.9 1.7
3.4 16.5 64.6 2.3
3.5 42.6 56.3 2.5
3.4 43.8 68.2 2
4.4 46.6 11.7 1.9
4.3 12.3 25.3 1.6
3.2 14 89.8 1.8
1.8 38.3 25.4 1.5
1.4 45 58.6 1.8
3.8 45.3 19.2 2
2.5 42.8 58.9 1.6
4.4 40.5 46 2.2
2.5 19.8 87.6 2.1
1 17.3 82.4 2.1
1.7 10.4 60.2 1.8
3.5 27.3 44.9 2.2
3.2 25.8 42.7 2.3
1.6 11.9 33.7 2.4
4 20 9.3 2
1.8 35.4 16.6 2
1.8 27.2 5.8 2.1
1.8 13.9 25.3 1.8
4.9 28.8 15.7 1.6
4.8 40.5 15.1 1.7
1 37.4 56.1 2.3
1.8 29.7 57 1.8
4.5 10.3 33.5 1.6
0.4 0.3 0.3 0.4 0.3 0.2 0.3 0.3 0.3 0.3 0.3 0.3 0.4 0.4 0.4 0.4 0.3 0.4 0.3 0.3 0.3 0.4 0.2 0.3 0.2 0.3 0.3 0.2 0.4 0.3 0.3 0.4 0.2 0.2 0.3 0.2 0.4 0.3 0.3 0.4 0.2 0.4 0.2 0.2 0.3 0.4 0.3 0.4 0.3 0.3 0.3 0.3 0.3 0.3 0.3 0.4 0.3 0.3 0.3 0.3 0.4 0.4 0.4 0.4 0.2 0.3 0.3 0.2 0.2 0.4 0.4 0.2 0.2 0.3 0.4 0.3 0.2 0.2 0.3 0.2 0.3 0.3 0.4 0.4 0.3 0.2 0.2 0.4 0.2 0.3 0.2 0.2 0.3 0.2 0.4 0.3 0.4 0.4 0.2 0.3 0.3 0.2 0.3 0.3 0.4 0.4 0.3 0.4 0.4 0.3 0.4 0.2 0.4 0.4 0.2 0.4 0.3 0.3 0.4 0.3 0.3 0.3 0.2 0.4 0.2 0.3 0.3 0.3 0.2 0.4 0.4 0.4 0.2 0.2 0.3 0.3 0.2 0.3 0.3 0.2 0.3 0.4 0.3 0.2 0.2 0.4 0.2 0.3 0.2 0.4 0.2 0.3 0.4 0.2 0.2 0.3 0.3 0.3 0.3 0.3 0.3 0.3 0.3 0.2 0.3 0.2 0.4 0.2 0.3 0.4 0.3 0.4 0.3 0.2 0.3 0.3 0.2 0.3 0.2 0.2 0.2 0.2 0.4 0.2 0.3 0.3 0.2 0.3 0.3 0.2 0.3 0.4 0.4 0.3 0.4 0.3 0.3 0.2 0.3 0.2 0.2 0.2 0.2 0.3 0.3 0.4 0.4 0.4 0.2 0.3 0.3 0.4 0.3 0.3 0.4 0.2 0.3 0.4 0.3 0.3 0.2 0.3 0.3 0.2 0.3 0.4 0.4 0.3 0.2 0.2 0.4 0.3 0.3 0.4 0.2 0.3 0.2 0.3 0.3 0.2 0.2 0.2 0.3 0.3 0.4 0.4 0.3 0.3 0.4 0.2 0.3 0.2 0.4 0.3 0.4 0.3 0.4 0.3 0.2 0.3 0.3 0.3 0.2 0.4 0.3 0.3 0.4 0.4 0.3 0.4 0.3 0.2 0.2 0.3 0.3 0.3 0.2 0.3 0.2 0.2 0.4 0.4 0.2 0.3 0.3 0.4 0.3 0.3 0.3 0.4 0.3 0.4 0.4 0.3 0.3 0.2 0.3 0.3 0.4 0.2 0.3 0.3 0.2 0.4 0.3 0.3 0.3 0.3 0.2 0.4 0.2 0.4 0.2 0.3 0.4 0.3 0.3 0.3 0.3 0.4 0.2 0.4 0.4 0.2 0.3 0.2 0.3 0.3 0.4 0.3 0.4 0.4 0.3 0.2 0.3 0.3 0.3 0.3 0.3 0.3 0.4 0.3 0.2 0.3 0.3 0.3 0.2 0.2 0.4 0.3 0.3 0.2 0.2 0.2 0.3 0.2 0.4 0.3 0.3 0.2 0.3 0.3 0.3 0.3 0.3 0.2 0.2 0.3 0.4 0.3 0.3 0.2 0.3 0.3 0.2 0.3 0.4 0.4 0.3 0.3 0.3 0.4 0.2 0.2 0.4 0.3 0.3 0.3 0.4 0.3 0.2 0.3 0.2 0.3 0.4 0.2 0.3 0.3 0.2 0.3 0.3 0.4 0.3 0.2 0.3 0.3 0.4 0.3 0.3 0.3 0.2 0.3 0.2 0.4 0.2 0.4 0.2 0.4 0.3 0.3 0.3 0.2 0.4 0.2 0.4 0.4 0.3 0.4 0.4 0.4 0.2 0.3 0.3 0.3 0.4 0.3 0.4 0.2 0.2 0.4 0.2 0.2 0.3 0.3 0.3 0.3 0.4 0.3 0.2 0.3 0.2 0.3 0.4 0.3 0.4 0.3 0.4 0.3 0.3 0.3 0.3 0.4 0.3 0.3 0.2 0.3 0.4 0.2 0.2 0.3 0.2 0.2 0.4 0.2 0.3 0.3 0.3 0.3 0.3 0.2 0.2 0.2 0.4 0.2 0.4 0.2 0.4 0.4 0.4 0.3 0.3 0.2 0.3 0.3 0.3 0.3 0.2 0.4 0.2 0.3 0.4 0.2 0.3 0.3 0.3 0.2 0.2 0.2 0.3 0.4 0.4 0.4 0.4 0.3 0.3 0.4 0.3 0.4 0.2 0.4 0.2 0.3 0.2 0.2 0.3 0.3 0.2 0.3 0.4 0.4 0.3 0.2 0.3 0.4 0.4 0.3 0.2 0.4 0.4 0.4 0.3 0.4 0.4 0.2 0.4 0.2 0.3 0.3 0.3 0.3 0.4 0.3 0.3 0.3 0.3 0.2 0.4 0.3 0.4 0.4 0.4 0.3 0.4 0.3 0.3 0.3 0.3 0.2 0.2 0.4 0.3 0.4 0.3 0.3 0.3 0.4 0.4 0.3 0.2 0.2 0.4 0.3 0.2 0.3 0.3 0.3 0.4 0.4 0.2 0.4 0.3 0.3 0.3 0.3 0.3 0.3 0.4 0.3 0.2 0.3 0.3 0.3 0.3 0.2 0.3 0.2 0.2 0.3 0.3 0.3 0.3 0.3 0.4 0.3 0.4 0.3 0.4 0.2 0.2 0.2 0.2 0.2 0.2 0.2 0.3 0.2 0.3 0.2 0.3 0.2 0.2 0.3 0.4 0.2 0.2 0.3 0.2 0.3 0.2 0.3 0.2 0.3 0.2 0.3 0.3 0.2 0.2 0.3 0.4 0.2 0.3 0.4 0.3 0.3 0.3 0.2 0.3 0.3 0.3 0.2 0.4 0.3 0.3 0.3 0.3 0.4 0.2 0.2 0.3 0.2 0.4 0.3 0.4 0.3 0.4 0.3 0.4 0.3 0.2 0.3 0.2 0.2 0.2 0.4 0.4 0.4 0.3 0.4 0.2 0.2 0.2 0.4 0.2 0.3 0.3 0.3 0.2 0.4 0.4 0.2 0.2 0.3 0.4 0.2 0.2 0.3 0.3 0.4 0.3 0.2 0.4 0.4 0.4 0.4 0.2 0.3 0.3 0.3 0.3 0.3 0.4 0.4 0.3 0.3 0.2 0.3 0.3 0.3 0.2 0.3 0.3 0.2 0.3 0.3 0.4 0.2 0.2 0.4 0.3 0.4 0.4 0.3 0.3 0.2 0.3 0.3 0.4 0.2 0.3 0.2 0.4 0.4 0.3 0.3 0.3 0.3 0.2 0.2 0.3 0.3 0.3 0.4 0.2 0.3 0.2 0.2 0.3 0.4 0.3 0.2 0.4 0.4 0.3 0.3 0.4 0.3 0.3 0.4 0.2 0.2 0.4 0.3 0.4 0.2 0.4 0.4 0.4 0.3 0.3 0.4 0.4 0.3 0.3 0.2 0.3 0.2 0.3 0.3 0.2 0.3 0.4 0.2 0.3 0.3 0.3 0.2 0.3 0.3 0.3 0.3 0.2 0.2 0.3 0.2 0.2 0.3 0.2 0.4 0.3 0.3 0.4 0.3 0.2 0.2 0.3 0.2 0.3 0.3 0.4 0.3 0.3 0.2 0.3 0.4 0.2 0.3 0.4 0.3 0.3 0.4 0.2 0.3 0.3 0.2 0.2 0.3 0.3 0.4 0.2 0.4 0.4 0.2 0.3 0.4 0.3 0.3 0.3 0.3 0.3 0.4 0.3 0.3 0.2 0.3 0.4 0.4 0.3 0.2 0.4 0.2 0.3 0.3 0.2 0.3 0.4 0.3 0.3 0.4 0.3 0.2 0.3 0.2 0.3 0.4 0.4 0.3 0.4 0.4 0.3 0.3 0.2 0.2 0.3 0.3 0.3 0.2 0.3 0.3 0.4 0.4 0.2 0.2 0.2 0.2 0.2 0.3 0.4 0.2 0.3 0.4 0.3 0.3 0.3 0.4 0.3 0.4 0.4 0.3 0.4 0.3 0.3 0.3 0.3 0.2 0.3 0.3 0.2 0.3 0.3 0.2 0.3 0.4 0.3 0.3 0.4 0.2 0.3 0.4 0.3 0.3 0.4 0.2 0.2 0.3 0.3 0.4 0.2 0.2 0.4 0.2 0.3 0.3 0.4 0.3 0.2 0.2 0.3 0.3 0.3 0.3 0.2 0.4 0.2 0.3 0.3 0.2 0.3 0.3 0.3 0.3 0.3 0.2 0.2 0.3 0.4 0.3 0.2 0.2 0.4 0.4 0.2 0.4 0.4 0.3 0.3 0.3 0.4 0.2 0.3 0.3 0.3 0.2 0.3 0.3 0.3 0.4 0.3 0.2 0.4 0.3 0.3 0.4 0.2 0.4 0.3 0.3 0.4 0.4 0.3 0.3 0.4 0.4 0.3 0.4 0.2 0.4 0.2 0.3 0.3 0.4 0.3 0.3 0.3 0.3 0.3 0.4 0.4 0.4 0.4 0.3 0.3 0.2 0.3 0.3 0.3 0.3 0.2 0.3 0.4 0.3 0.3 0.4 0.3 0.3 0.3 0.3 0.3 0.3 0.4 0.4
77 10 43 142 124 135 58 83 111 65 117 54 71 167 10 167 139 112 144 144 136 149 131 35 120 134 147 121 107 16 40 142 178 87 20 160 133 6 61 73 71 111 166 141 177 15 57 34 117 117 37 150 81 111 165 166 83 121 50 49 29 77 80 105 1 76 153 135 33 46 49 44 50 158 159 82 153 180 150 3 164 97 31 7 104 86 151 11 180 82 107 164 17 32 11 116 17 125 30 19 45 75 34 114 20 112 52 131 154 55 125 84 125 100 48 172 173 84 62 29 31 62 48 74 116 138 47 138 79 22 20 104 142 142 26 35 160 39 83 131 117 159 56 165 20 96 163 83 56 141 57 91 21 3 55 68 65 151 102 48 4 82 97 148 135 21 102 18 26 85 36 95 5 26 149 121 18 155 137 164 47 37 47 131 65 175 11 34 163 165 43 72 135 25 113 164 95 39 144 49 21 27 122 15 56 158 76 86 106 15 159 77 76 149 30 9 56 123 53 78 104 69 119 6 112 38 150 72 59 21 111 15 68 52 51 160 36 72 15 77 160 18 13 54 7 169 130 12 56 123 55 16 172 33 61 55 57 24 119 37 114 74 174 114 97 179 148 103 83 104 6 20 172 136 132 125 61 12 59 17 17 47 150 158 85 118 62 21 170 176 19 166 160 104 55 102 37 21 46 112 21 123 26 176 148 50 122 6 62 98 43 167 178 45 132 147 161 20 106 171 49 12 52 26 58 109 87 174 139 165 167 46 55 143 32 110 171 136 39 3 52 87 150 148 128 132 52 56 12 29 86 69 1 80 72 102 20 159 144 154 164 24 112 98 40 135 151 52 42 146 170 119 113 168 61 115 121 92 167 40 14 40 79 154 121 156 175 35 159 103 32 151 137 141 11 127 57 139 172 18 136 74 50 119 172 33 149 101 65 113 34 165 56 119 89 102 129 69 79 26 51 134 133 136 99 62 174 19 76 29 159 123 150 39 65 26 139 28 109 163 169 103 66 88 15 55 163 70 159 132 145 153 99 172 93 150 162 53 73 120 55 157 168 136 152 135 109 59 91 89 99 144 61 72 13 18 23 127 151 69 59 52 113 147 39 45 27 37 81 169 38 76 176 24 146 106 128 157 18 145 71 152 99 175 101 168 131 107 47 20 178 99 35 152 49 1 165 148 98 34 18 83 135 5 87 95 125 30 167 18 90 51 172 22 31 111 24 93 35 27 86 76 93 123 84 80 167 82 44 139 122 13 154 164 158 144 178 50 57 106 109 158 151 143 70 98 24 23 80 97 166 61 59 54 24 92 50 161 44 59 153 55 14 176 126 21 114 20 126 21 139 74 20 106 38 22 105 3 71 96 34 32 121 90 23 25 57 143 98 112 177 147 143 70 70 41 63 80 156 119 121 98 55 44 136 172 20 90 62 46 92 41 9 170 141 23 85 41 67 81 16 70 19 92 90 163 14 127 43 30 34 134 118 74 163 36 124 33 41 68 111 116 34 78 118 49 36 174 177 63 119 97 100 177 164 106 160 13 178 79 37 71 164 19 140 131 63 29 65 101 93 148 67 175 132 92 72 67 47 113 135 160 83 119 35 84 145 175 39 33 111 152 111 79 95 98 166 149 63 47 8 140 65 118 78 2 72 61 43 135 103 132 169 64 85 62 33 162 127 77 132 90 180 94 167 159 85 179 12 47 65 12 72 25 42 108 110 129 85 169 60 169 118 139 9 35 88 81 29 54 41 149 32 24 65 120 114 37 149 172 31 15 150 127 82 40 155 30 131 125 162 18 128 17 2 105 45 131 20 78 25 41 87 177 160 110 75 105 96 15 28 71 147 117 175 141 92 107 65 141 69 11 80 162 65 154 24 116 60 34 10 178 158 6 6 41 95 42 143 9 140 132 91 15 16 98 42 43 91 47 142 142 128 106 159 90 69 52 86 80 26 74 80 179 149 89 88 147 4 80 154 103 12 98 117 85 149 43 7 133 131 159 109 18 139 16 149 67 56 170 20 153 104 84 173 45 160 29 98 49 103 153 170 130 111 78 35 112 100 159 50 52 10 135 136 104 90 153 28 166 1 45 33 141 121 80 80 132 180 104 14 88 88 83 14 11 174 168 12 40 123 71 139 43 43 78 165 34 126 157 120 105 93 169 60 106 179 38 166 133 100 178 56 121 65 135 60 94 143 89 42 137 118 107 131 96 10 142 27 43 154 130 141 113 82 121 158 92 126 16 160 131 79 1 21 155 133 44 116 57 83 158 75 94 49 108 111 119 86 159 47 90 42 57 58 17 39 4 127 78 149 31 29 126 61 118 93 39 177 44 59 152 34 33 29 59 86 57 72 92 14 73 128 50 57 146 58 22 49 177
122 142 19 146 104 162 53 136 67 76 93 68 131 113 107 91 123 82 11 109 75 63 127 142 28 136 129 86 71 41 22 180 149 8 20 88 140 54 157 30 114 1 10 20 130 46 86 76 48 24 28 156 17 3 64 32 116 163 14 30 68 63 103 32 70 142 110 121 138 116 129 139 7 180 77 27 76 80 143 139 113 179 14 107 57 166 82 37 7 11 9 74 75 107 76 168 48 2 149 164 43 77 11 25 1 22 127 133 70 67 180 136 80 147 152 114 5 92 159 152 46 96 33 32 27 4 167 34 94 72 50 36 37 165 97 31 150 20 118 3 84 179 147 55 13 140 151 18 19 128 6 26 136 23 150 155 156 175 82 134 99 162 19 93 95 143 159 165 165 50 117 8 129 162 16 100 34 116 115 160 45 31 136 9 145 40 21 155 121 127 132 144 118 112 179 157 4 95 25 67 5 68 101 33 11 108 64 137 119 154 16 63 29 146 112 55 157 159 23 117 2 145 46 47 170 33 15 77 86 169 9 108 138 64 133 134 20 25 157 67 156 3 125 41 158 74 54 99 134 137 27 65 37 26 153 156 177 39 45 101 165 144 22 123 12 13 152 145 147 174 164 82 179 12 134 24 44 172 180 172 41 6 107 68 93 52 87 58 117 71 5 134 142 171 138 178 95 18 55 27 62 11 115 60 15 7 171 90 170 96 77 59 11 85 131 76 73 169 113 81 93 104 18 18 99 24 152 171 151 136 134 113 107 179 23 14 68 158 60 42 16 163 66 42 107 95 113 126 42 78 118 155 22 135 46 62 127 83 156 146 156 21 93 7 150 108 122 42 103 83 61 8 142 74 101 116 161 165 55 129 131 63 150 7 91 141 104 141 106 128 13 31 162 72 147 12 35 169 140 54 118 116 73 146 111 49 105 83 125 11 124 78 177 102 66 69 64 69 144 72 94 143 125 34 128 150 22 64 174 127 43 139 51 98 156 175 101 139 50 157 154 1 158 11 14 165 153 94 173 16 88 52 81 89 44 86 32 51 74 11 59 72 65 144 175 62 49 88 85 174 166 172 107 54 159 173 124 77 130 63 33 15 143 35 45 53 19 21 130 121 121 165 178 9 74 51 171 171 21 120 63 43 118 52 36 136 23 66 36 178 49 111 158 131 123 114 154 172 107 98 45 38 173 154 139 54 149 167 79 29 117 61 140 133 27 152 161 134 143 125 138 7 53 117 98 54 70 103 159 35 8 65 65 21 128 122 112 83 126 46 157 132 153 63 172 81 101 119 56 101 46 12 86 132 108 36 96 124 12 99 159 111 78 180 50 38 135 128 28 1 78 48 159 65 40 128 33 2 75 158 42 19 167 55 77 161 106 117 12 108 37 73 127 17 150 95 166 128 173 21 54 22 162 29 36 106 100 12 106 167 28 43 160 106 138 114 176 100 145 63 25 158 102 72 32 89 10 97 29 29 159 105 130 59 37 81 101 55 97 60 151 53 15 103 47 88 175 126 179 32 50 117 50 161 43 68 145 118 29 99 9 164 15 84 123 53 43 84 26 99 81 173 28 124 144 59 62 122 176 7 29 24 163 47 175 86 103 55 176 141 51 67 48 43 28 29 161 59 105 44 9 82 104 11 24 174 99 43 18 34 104 25 63 118 25 68 114 23 109 90 37 115 124 90 18 111 31 111 4 178 35 6 10 12 75 40 155 159 150 82 34 78 142 28 12 52 143 28 163 106 178 154 121 135 34 4 8 169 112 109 13 57 55 61 78 149 170 58 135 22 118 74 20 69 119 104 71 69 38 94 124 15 160 163 45 114 4 172 45 117 69 118 32 20 14 47 120 120 165 20 118 122 29 90 142 147 34 129 13 123 24 67 113 12 57 100 144 154 166 53 144 81 76 31 175 46 32 158 149 69 177 104 167 104 170 37 146 147 163 45 161 156 2 168 29 10 6 94 20 68 158 171 26 137 132 90 66 152 101 132 153 86 61 153 169 40 140 96 135 157 75 171 173 164 67 141 9 18 177 127 85 23 97 23 91 99 43 143 54 35 88 151 51 151 89 95 85 85 180 47 60 101 62 102 38 11 155 93 145 149 81 66 24 147 104 16 122 167 96 41 150 140 112 67 10 32 2 6 124 77 144 168 146 34 51 66 146 12 101 154 117 25 72 17 116 126 105 21 114 49 71 93 36 84 58 60 76 16 13 38 148 90 46 65 82 94 178 124 143 52 46 85 7 154 114 96 179 30 81 143 45 21 117 85 28 77 155 169 29 54 21 125 149 36 70 49 87 61 180 4 42 143 66 90 153 53 96 99 151 169 148 155 80 98 152 63 165 66 67 63 120 141 29 16 165 84 26 13 159 112
167 15 52 6 38 98 8 75 162 32 27 84 163 158 131 3 52 48 36 129 161 147 26 116 30 159 96 142 4 137 71 180 151 38 65 2 106 29 42 148 102 111 94 165 105 144 84 99 82 17 80 151 62 160 69 174 134 3 164 55 8 147 35 100 158 177 44 29 41 123 53 19 17 65 50 99 9 97 158 170 50 45 85 56 56 169 57 47 36 38 41 104 155 145 157 88 159 124 121 15 79 168 125 93 109 3 178 42 50 2 77 179 7 139 172 105 65 54 14 41 100 107 79 39 83 120 161 113 130 42 71 18 137 117 13 118 8 172 22 45 121 137 159 56 68 94 7 140 124 66 145 114 62 150 10 81 89 79 134 64 68 140 87 19 66 20 130 137 73 172 105 77 39 47 96 83 115 50 144 44 4 1 58 73 133 124 102 120 84 109 124 144 17 129 134 160 152 169 9 152 47 51 162 24 94 10 119 114 55 45 163 17 13 19 142 149 132 115 172 171 43 170 74 106 133 157 174 139 145 126 158 77 57 4 102 94 167 33 54 19 61 164 28 87 91 65 167 35 135 22 25 26 42 143 71 165 148 141 165 78 139 117 176 158 171 81 114 155 7 104 129 4 65 21 145 110 38 73 160 174 145 93 139 176 15 141 139 58 76 137 128 5 86 124 35 23 21 9 148 139 172 19 147 126 137 143 99 38 114 56 79 81 53 177 56 147 176 72 111 145 125 72 41 109 79 2 55 103 135 1 159 76 109 46 55 79 41 98 65 59 4 26 64 88 178 108 7 105 168 146 160 153 56 125 33 173 121 126 145 76 82 6 24 91 43 88 77 143 140 136 112 99 163 65 146 112 138 115 25 74 3 87 165 112 66 5 37 133 39 149 157 13 175 63 115 66 78 150 108 157 87 8 117 63 117 90 106 76 152 19 144 103 130 72 164 66 105 105 29 158 106 144 92 75 126 149 164 54 77 135 32 39 97 94 55 149 9 43 20 83 27 75 95 33 47 23 52 59 23 114 116 16 33 70 78 111 170 98 131 144 80 173 95 115 151 145 62 18 129 27 37 35 117 47 46 109 173 26 178 148 124 66 178 37 140 89 41 124 69 167 54 38 80 80 160 101 45 95 74 29 137 162 50 29 103 76 135 128 77 155 33 90 96 146 18 131 101 52 154 110 74 7 47 71 152 87 103 146 79 2 122 98 113 71 101 106 123 9 46 76 145 123 129 117 48 142 129 179 116 41 49 135 71 141 58 132 26 110 180 67 85 177 75 87 5 4 31 60 165 142 113 31 138 66 154 125 136 62 33 126 118 42 166 46 81 44 155 143 163 172 49 82 142 83 95 48 92 32 126 66 102 124 103 156 151 26 160 70 98 94 101 153 13 117 82 19 119 55 151 63 96 3 2 85 133 58 80 117 48 116 17 34 91 3 169 34 131 150 11 165 126 35 107 161 28 137 156 121 69 46 136 121 77 39 86 119 46 173 28 108 69 86 160 49 66 67 100 55 159 45 86 21 156 65 150 126 73 59 173 98 143 143 50 97 100 18 103 32 132 80 176 32 57 66 111 148 39 131 52 125 124 125 60 35 115 104 11 176 17 92 49 159 179 84 107 137 12 72 158 49 151 69 63 93 151 127 128 58 103 33 8 17 164 38 23 56 73 44 16 83 12 118 22 158 114 134 75 85 55 55 30 57 140 73 55 62 104 124 169 15 125 46 46 9 82 8 14 37 16 99 41 152 176 81 80 80 131 140 38 135 43 147 112 160 27 63 47 136 117 45 129 78 49 130 37 34 117 117 6 35 38 45 5 43 28 174 4 148 117 157 56 169 134 19 19 76 51 116 179 158 88 170 58 57 60 56 36 20 128 158 50 98 40 45 171 44 141 32 99 86 143 2 20 96 141 170 69 29 10 98 5 143 124 112 29 31 135 119 35 137 95 104 23 29 169 14 73 144 3 156 14 72 13 29 19 26 151 120 147 26 28 93 25 125 56 95 161 63 95 17 127 68 144 57 98 97 95 103 90 96 71 134 54 78 84 49 16 140 136 95 110 59 71 23 20 25 118 159 126 175 16 132 40 164 115 110 36 47 132 173 62 67 86 65 126 94 127 68 177 156 8 112 159 150 22 100 76 174 128 155 148 30 87 175 29 129 68 47 1 179 73 17 155 35 17 21 55 143 133 94 145 47 47 148 71 141 108 165 34 160 96 153 66 143 20 162 55 156 176 34 141 131 42 125 123 143 28 149 14 114 7 44 3 168 165 10 114 148 152 36 50 58 98 177 52 126 160 46 112 170 117 150 152 158 133 111 164 1 6 156 119 93 127 24 71 114 120 177 149 47 106 148 60 13 94 64 160 38 62 72
41 45 67 173 47 76 63 146 118 107 100 130 166 166 76 120 156 95 149 136 131 17 127 172 58 106 10 18 116 118 125 98 126 84 97 104 150 56 14 105 70 166 6 48 149 97 168 155 147 117 39 135 27 146 100 49 67 127 73 163 108 94 75 65 60 61 117 82 166 126 168 166 88 84 96 129 44 67 13 109 108 109 176 22 21 122 144 104 177 49 33 147 10 1 155 172 129 111 150 148 8 24 79 50 77 73 131 93 103 2 60 73 95 133 129 117 23 106 125 119 153 168 132 133 124 7 56 68 84 95 174 95 4 166 89 170 34 168 176 146 81 121 13 81 109 34 92 105 25 46 40 160 18 108 24 111 134 19 155 107 66 149 38 172 119 113 123 88 82 74 42 69 32 82 45 39 10 161 131 145 58 22 17 33 47 138 32 144 80 168 31 153 116 89 60 155 141 178 78 104 73 43 37 114 174 156 39 68 17 168 162 171 62 44 4 49 96 86 111 162 167 163 22 148 140 27 63 129 136 99 166 4 96 154 173 114 23 48 152 167 110 28 58 134 115 164 93 98 87 179 146 54 30 134 104 101 153 180 132 96 171 66 12 136 53 93 131 179 53 164 107 103 11 9 56 17 152 27 161 76 6 13 19 34 122 123 122 6 126 75 158 5 102 150 94 64 73 122 180 56 132 68 8 121 156 82 3 101 135 85 95 28 113 96 124 124 31 31 126 119 57 53 46 156 145 44 152 39 53 83 111 157 6 12 64 65 113 88 53 162 9 105 34 40 101 178 5 178 146 148 36 46 148 102 100 180 95 93 18 36 80 131 81 147 17 125 106 84 151 121 71 103 109 115 150 35 159 88 80 115 69 108 147 26 21 160 45 53 168 8 72 29 5 15 127 68 72 64 151 86 127 146 109 27 45 136 127 104 112 24 21 152 90 23 116 147 28 175 123 33 34 18 165 21 101 123 69 109 119 143 11 15 105 118 90 60 110 19 42 135 126 105 137 82 32 11 51 28 110 152 57 145 38 62 8 144 175 40 97 25 35 62 78 92 127 44 59 128 112 57 96 36 143 64 130 27 78 84 44 152 172 172 27 162 29 87 167 102 73 44 106 58 69 133 57 155 142 110 60 93 158 45 142 99 53 129 60 138 95 49 73 145 44 57 133 112 156 70 68 40 122 62 178 39 155 49 74 132 45 147 179 140 113 17 1 155 102 11 99 174 164 14 153 100 54 150 11 75 58 63 174 174 126 27 136 148 32 131 75 39 177 48 128 102 56 151 85 147 3 39 132 79 170 31 50 157 143 144 103 104 3 73 14 81 180 111 10 63 9 107 158 180 80 17 170 79 117 79 79 57 3 84 56 36 124 81 163 38 151 49 166 42 53 142 72 178 117 89 57 24 39 51 133 5 180 158 151 53 33 76 176 12 62 84 104 27 123 48 114 59 125 136 154 70 22 96 139 92 75 158 129 137 87 42 22 73 3 25 14 3 140 140 77 148 123 133 30 120 57 1 92 138 147 138 100 92 61 158 103 92 81 107 138 47 41 31 127 69 145 83 94 154 88 75 5 152 150 15 179 158 64 46 40 44 4 163 32 178 83 74 77 139 115 117 65 111 116 165 73 53 61 45 111 50 167 55 146 140 32 21 53 44 28 54 156 134 22 153 49 30 21 14 158 8 86 113 101 63 128 70 127 61 167 79 87 126 156 49 156 92 126 121 133 94 179 112 23 61 1 144 60 83 175 149 180 22 131 159 164 135 87 38 96 3 111 6 156 21 44 84 159 102 63 158 133 176 11 66 20 14 44 137 13 141 130 102 153 139 67 62 36 78 88 4 59 4 141 65 131 153 14 48 171 87 69 173 97 155 61 24 120 4 115 4 80 50 150 130 112 173 110 30 101 73 151 79 140 89 95 134 153 142 2 173 140 10 53 177 170 121 156 70 67 99 95 170 160 178 57 96 15 89 44 44 59 142 130 13 26 62 129 4 6 132 124 9 20 11 134 120 92 33 156 32 2 84 73 46 72 37 157 37 161 74 65 36 20 8 167 22 131 55 122 172 96 91 22 38 41 148 101 42 23 79 134 147 177 10 140 77 157 139 25 146 42 57 121 99 30 90 35 130 57 127 23 30 169 171 112 178 153 111 41 146 31 155 104 26 75 127 35 157 41 77 107 81 21 54 23 147 166 162 135 69 115 29 87 162 138 66 178 79 61 91 74 51 34 42 125 137 50 25 158 12 69 27 158 97 42 57 26 137 9 63 1 32 72 167 113 46 92 24 6 72 179 110 127 18 174 103 33 148 88 52 106 36 11 85 51 51 126 53 97 26 100 13 124 151 6 61 45 17 24 39 21 60 155 101 59 65
174 51 147 131 94 26 32 12 155 129 73 55 67 60 45 126 87 173 74 114 63 132 19 112 154 95 15 15 12 65 59 110 64 111 6 17 38 162 97 98 117 64 132 11 46 85 99 115 133 79 177 59 140 33 88 103 45 58 48 158 3 95 126 4 45 20 73 15 78 169 87 53 38 156 44 102 20 98 163 73 93 63 169 92 19 172 17 104 124 96 73 140 5 155 125 49 110 81 27 45 109 156 18 129 122 126 159 10 89 166 100 103 153 90 61 163 89 68 72 107 94 83 159 18 13 43 116 80 42 151 156 168 55 8 115 46 40 10 8 105 12 156 59 91 156 54 82 139 9 115 22 68 98 169 30 3 78 163 142 35 102 53 59 44 118 17 162 115 148 152 9 42 103 178 69 143 89 32 140 25 85 38 36 164 174 123 16 171 114 58 106 107 65 138 105 59 138 33 166 180 93 157 45 104 147 90 178 126 96 17 44 134 3 129 151 34 180 4 57 88 3 39 167 72 116 117 136 47 58 171 147 52 160 152 21 156 97 123 148 20 65 173 169 41 172 89 137 56 166 26 170 132 140 101 57 161 93 133 121 115 92 23 158 94 115 15 67 7 157 87 67 65 67 72 3 98 114 106 36 81 159 85 162 147 49 150 40 122 158 151 8 156 21 16 142 4 115 109 101 101 118 170 154 118 8 71 74 126 36 3 23 134 122 57 169 33 56 51 110 102 89 8 150 143 6 61 132 144 103 163 129 90 92 111 112 166 137 128 134 87 55 85 78 104 93 139 65 36 135 73 131 46 137 114 151 168 102 168 19 54 40 54 100 9 54 13 84 160 2 55 19 160 7 101 170 24 10 57 175 167 25 25 114 86 160 96 111 95 8 76 22 12 153 54 150 83 28 4 107 101 120 158 102 58 87 68 37 179 157 131 103 105 38 139 44 32 169 60 137 46 119 4 163 42 64 8 131 116 53 148 143 152 160 154 1 119 127 101 25 109 74 125 175 94 59 92 17 107 102 32 47 109 100 64 160 153 77 66 69 164 172 142 47 9 165 74 171 2 37 35 32 3 111 119 59 22 140 116 55 179 47 40 28 150 170 29 67 48 145 124 46 58 142 35 3 129 19 38 47 120 50 52 46 175 94 77 56 43 87 120 159 56 19 149 122 94 128 61 73 179 27 50 91 162 73 40 165 15 74 71 166 177 170 114 176 31 100 73 2 8 156 22 83 176 46 28 73 168 24 114 97 99 173 112 116 21 167 15 56 140 72 33 151 83 85 109 36 19 38 179 37 56 155 87 159 23 150 173 143 127 37 2 144 88 167 123 113 17 160 140 137 143 171 48 118 153 33 29 157 68 84 45 115 148 176 20 152 36 61 131 32 52 59 96 103 66 117 19 55 100 162 145 179 38 159 62 70 104 139 47 111 163 141 159 74 75 16 52 17 90 25 161 49 92 134 44 154 10 46 70 159 104 49 56 120 93 7 90 118 170 49 52 140 15 119 11 65 51 157 83 128 129 113 71 17 79 179 104 135 12 26 36 106 28 123 43 175 179 116 157 60 104 120 172 98 55 102 9 78 126 73 48 122 164 177 47 167 22 143 77 116 69 95 5 48 164 58 22 6 123 178 87 129 156 162 110 131 176 160 18 82 81 113 51 81 169 94 119 134 16 61 37 148 175 95 53 63 166 173 128 40 176 83 156 20 100 136 8 140 136 111 58 71 169 48 103 127 95 36 107 28 22 94 156 32 22 151 141 12 72 39 30 110 136 47 19 81 121 97 97 38 7 162 13 63 139 168 65 121 7 90 139 67 170 147 121 179 127 74 76 168 36 132 36 82 38 141 73 32 112 91 17 44 1 59 36 170 177 37 43 94 140 109 21 153 118 134 47 49 139 89 90 28 53 41 54 119 78 104 101 18 97 80 24 82 15 73 152 95 176 118 90 119 68 16 60 104 110 108 37 6 49 83 94 39 57 16 150 13 28 64 176 166 78 30 113 66 150 152 34 116 123 87 126 105 1 3 171 31 80 145 169 35 67 137 111 20 7 46 154 104 159 8 124 84 34 9 16 138 55 93 112 47 30 126 69 91 5 127 177 56 163 15 121 126 119 64 62 173 134 121 151 74 22 145 131 41 106 149 57 22 64 26 79 6 25 99 84 76 176 74 75 89 134 4 84 114 15 36 110 4 56 160 126 100 139 10 91 47 115 65 146 140 108 46 115 135 27 74 144 82 12 24 61 23 147 6 43 32 173 116 85 86 149 126 97 109 96 25 174 179 2 5 14 98 169 32 154 137 167 66 142 56 168 84 18 18 78 16 156 11 82 75 82 152 157 119 175 151 85 128 78 45 93 29 70 112 81 49 133
105 103 109 134 59 4 13 140 79 16 84 71 71 107 74 127 12 151 64 22 134 52 25 176 26 84 21 102 98 145 9 72 2 32 17 109 152 78 129 86 21 145 56 30 129 117 173 161 14 113 44 59 163 94 16 40 14 6 161 129 22 132 169 3 34 65 78 118 86 131 77 72 162 73 161 39 119 168 153 115 146 173 123 4 122 110 27 64 96 25 37 10 89 55 108 27 32 162 38 120 119 85 110 150 145 172 117 128 37 171 62 95 46 170 9 55 109 9 63 120 91 2 16 152 166 114 153 65 118 6 165 115 114 145 85 136 45 43 170 104 80 116 79 73 123 14 27 128 104 93 96 73 161 6 44 64 108 7 110 105 91 87 177 158 110 147 56 95 162 102 105 61 156 62 160 40 75 164 140 75 167 98 155 45 162 3 43 123 41 94 142 118 166 25 173 60 89 158 57 162 77 39 150 62 48 124 58 154 139 27 129 142 117 137 98 101 166 129 130 7 143 168 92 72 134 103 99 94 169 135 85 85 113 160 139 49 63 46 140 101 42 55 71 50 163 96 78 160 5 97 3 27 75 169 87 170 50 84 72 176 7 79 27 165 18 87 78 175 63 138 102 9 124 10 65 69 91 105 6 168 131 3 131 173 59 20 9 39 5 74 169 134 66 125 50 103 24 48 179 9 32 140 140 143 34 14 135 27 58 13 5 155 167 61 145 48 1 95 15 82 2 116 131 63 124 44 49 146 123 14 94 56 6 157 45 173 81 162 101 18 67 157 171 34 41 28 30 156 76 20 86 48 164 109 103 163 77 101 14 21 137 108 91 104 21 168 27 48 47 148 140 40 148 163 112 29 159 82 159 118 82 53 23 72 178 32 18 158 6 11 138 74 90 95 166 105 145 47 55 153 1 104 48 19 96 52 1 26 13 84 145 137 91 170 29 113 125 122 79 29 23 120 143 55 26 151 117 163 171 77 82 24 130 169 6 154 169 41 151 142 169 78 79 139 34 84 36 46 7 151 94 34 170 1 22 176 60 8 96 114 53 36 87 33 129 59 145 178 23 99 108 81 145 87 127 151 32 113 63 81 129 45 16 124 136 90 178 39 93 153 132 170 36 38 178 179 132 149 77 85 139 123 48 144 54 122 7 146 159 105 9 101 55 53 48 41 91 20 86 55 31 48 150 110 18 27 39 35 128 16 23 144 144 57 22 108 84 105 65 14 110 15 31 64 60 114 62 15 143 156 93 138 46 95 162 128 68 167 43 149 160 163 154 40 142 102 12 151 107 92 20 22 7 25 90 17 34 124 75 112 100 109 117 118 98 148 170 57 131 166 44 99 34 75 90 178 19 18 79 86 102 83 95 8 165 54 78 55 79 98 28 64 154 72 75 31 141 1 136 129 87 4 92 122 170 44 73 118 155 13 41 101 88 92 156 124 161 41 34 27 19 170 8 23 132 9 53 120 13 51 136 31 28 99 154 21 161 157 95 111 54 84 122 11 81 7 58 163 100 79 27 150 5 130 16 125 180 131 21 103 88 9 114 21 79 168 14 16 17 146 132 103 134 32 112 55 54 151 80 1 160 135 40 17 38 57 116 90 96 85 116 91 152 33 6 142 71 6 68 92 22 49 70 151 93 156 46 147 128 89 18 104 160 100 39 32 28 84 171 65 46 153 18 130 17 145 156 29 56 46 39 21 31 150 55 101 64 48 61 90 165 98 176 123 1 20 76 1 98 21 10 65 67 147 2 90 156 89 96 57 25 70 130 158 110 44 62 19 80 108 154 29 12 24 131 157 173 1 94 151 47 162 12 57 32 146 104 9 106 4 129 41 121 83 35 135 136 128 36 174 90 80 8 91 115 22 140 69 74 64 140 171 3 92 1 63 161 162 117 172 146 62 111 170 80 105 172 58 47 171 129 174 2 26 89 76 67 136 170 28 177 66 5 28 7 64 169 127 34 85 44 88 70 7 25 6 155 130 75 23 78 137 130 117 96 32 135 164 169 106 40 128 18 128 169 39 177 16 22 63 44 150 159 128 170 177 171 62 51 97 63 148 37 108 116 127 43 64 63 46 130 134 89 171 89 14 12 178 124 1 26 174 177 115 27 40 111 42 70 122 7 165 73 100 143 88 151 88 146 3 78 161 83 99 135 22 109 110 73 130 24 38 8 130 106 85 155 90 80 20 53 120 11 43 36 23 133 12 122 143 166 68 66 80 125 43 170 6 64 40 52 171 107 33 40 27 2 62 60 145 55 15 13 160 3 35 97 138 77 89 169 81 50 67 78 23 55 5 138 112 102 38 143 53 27 50 50 141 51 135 151 34 56 128 95 90 7 152 108 16 143 77 67 177 14 141 114 139 4 106
85 80 102 154 129 21 165 141 6 33 122 38 123 109 37 19 133 117 92 38 123 119 133 70 17 37 158 70 103 108 153 56 59 77 171 168 109 55 139 57 179 14 76 58 40 51 2 130 9 158 58 137 51 162 48 14 7 170 75 141 72 21 4 20 81 178 62 162 169 162 74 42 121 53 64 85 120 2 65 49 142 174 151 24 117 16 33 157 120 131 120 60 13 89 4 150 49 167 147 120 97 102 3 109 20 10 55 9 72 103 28 26 84 121 112 174 70 110 1 103 62 66 36 119 125 74 84 163 83 104 71 178 92 89 169 83 3 117 83 25 117 173 60 150 57 27 52 161 178 160 162 140 67 169 100 91 53 170 66 76 8 113 45 159 151 117 158 169 101 51 79 18 180 164 20 171 24 160 147 100 149 178 28 149 89 95 64 61 172 155 8 70 84 128 8 126 125 122 156 163 171 62 137 48 20 160 96 69 73 115 105 116 95 177 93 114 113 1 52 163 5 7 93 101 180 15 48 170 60 134 98 176 147 49 130 139 110 173 165 123 19 165 178 124 117 30 152 137 134 156 25 45 28 111 33 19 169 76 157 141 28 43 144 167 21 115 25 11 102 3 143 180 144 134 73 118 178 20 16 148 51 162 19 136 53 123 171 11 146 148 87 94 21 8 61 129 117 148 92 152 50 115 133 120 83 122 68 21 35 1 75 85 28 147 143 124 18 156 117 170 128 159 47 152 103 124 138 114 67 175 56 54 48 105 69 152 133 143 149 127 25 106 5 14 100 179 161 153 30 180 59 116 63 73 30 138 103 44 161 143 19 113 59 150 99 36 176 65 164 131 33 14 43 140 56 101 132 124 133 165 129 10 156 81 106 141 180 52 172 151 156 145 170 41 152 69 17 167 112 17 152 58 143 111 43 112 124 27 160 13 75 166 147 151 74 118 58 99 104 65 123 134 90 136 68 90 91 6 125 154 16 93 149 3 56 118 123 4 121 56 107 160 61 16 41 124 2 42 74 47 144 114 109 172 174 38 117 47 50 52 141 132 68 36 79 54 42 132 7 147 147 170 62 57 153 5 145 125 96 139 6 124 119 157 140 152 29 56 159 122 3 173 37 77 91 1 125 100 119 35 9 90 53 11 12 1 119 34 127 142 93 132 42 81 153 179 47 68 32 3 26 143 139 152 143 124 45 11 130 28 152 28 83 87 175 94 131 76 23 70 108 142 124 53 118 90 122 133 165 95 92 99 46 116 122 92 128 130 123 112 113 16 59 34 117 146 102 10 110 174 98 162 9 57 111 106 175 22 172 14 122 103 97 179 65 174 179 73 113 124 98 78 144 127 63 17 32 94 120 10 53 150 170 40 50 6 101 158 122 10 84 159 140 36 89 30 154 31 39 160 91 169 135 77 166 132 35 121 17 152 137 99 67 6 42 27 175 84 87 32 107 163 103 69 146 53 47 51 34 154 64 85 76 84 74 107 129 101 168 105 34 59 156 100 97 76 123 24 60 170 176 2 121 87 73 57 68 156 91 20 131 107 148 5 122 149 6 144 57 2 17 123 152 17 139 140 53 31 33 146 105 15 50 76 132 68 10 21 133 151 7 51 37 139 66 142 20 90 49 30 22 124 116 147 74 78 21 19 34 53 156 77 76 147 73 66 5 70 86 21 54 165 147 105 70 160 108 174 153 167 17 73 105 109 110 166 61 6 44 99 164 179 70 120 38 91 36 62 176 73 165 46 82 111 3 57 64 94 145 118 50 172 177 99 38 7 98 30 18 46 29 125 21 104 175 20 146 85 91 164 4 44 26 24 69 143 55 136 88 121 148 44 165 50 44 101 12 43 143 77 85 166 1 28 130 154 3 67 59 40 155 90 104 51 70 75 3 42 151 55 10 43 156 129 119 58 16 165 66 76 90 9 89 81 164 35 27 98 133 179 82 103 134 70 109 16 108 175 115 126 60 78 77 146 39 141 83 35 97 111 9 120 128 158 5 8 144 34 14 114 36 34 73 115 53 114 125 150 27 97 80 9 8 66 137 5 48 49 161 72 10 89 12 80 106 151 16 137 72 91 68 180 29 160 6 104 114 140 130 3 97 41 74 61 134 144 108 64 143 78 116 85 133 3 16 90 68 62 147 15 107 38 136 53 64 69 96 94 27 7 89 39 84 120 131 173 27 59 12 66 62 166 177 53 135 162 164 130 13 128 37 152 23 66 55 148 74 79 150 104 124 126 153 101 56 168 119 29 14 8 29 27 134 165 49 169 76 112 141 75 126 138 118 178 121 80 177 165 48 30 76 32 53 99 177 113 41 58 87 44 163 15 142 139 5 125 58 176 103 105 57 131 106 63 5 21 78 111 172 58
10 143 126 14 27 22 179 61 6 4 153 92 92 9 48 48 180 121 61 165 114 116 35 127 63 71 126 2 161 131 166 55 119 163 33 174 2 64 85 143 140 121 18 112 59 135 131 86 150 121 68 72 150 162 155 66 115 151 56 154 22 148 79 171 18 161 55 52 148 152 99 69 125 113 77 43 13 34 167 98 171 21 43 115 122 71 82 59 116 12 168 16 100 26 104 155 103 80 127 146 43 137 11 178 159 40 66 36 13 120 152 92 62 177 147 40 158 20 128 169 73 29 123 136 78 81 47 67 77 1 165 10 77 120 85 26 23 112 136 148 33 169 28 42 33 107 31 100 88 84 117 24 70 127 44 54 142 4 47 12 57 178 21 50 17 138 82 94 4 53 146 85 9 127 136 41 31 157 50 52 39 132 78 14 34 38 53 159 17 64 59 172 31 45 33 66 147 129 14 121 137 19 8 110 16 144 57 24 29 76 34 71 18 152 77 113 142 167 180 3 44 60 52 59 142 90 50 58 137 93 159 84 172 109 151 159 69 27 44 134 126 83 153 134 167 88 112 43 24 60 23 17 113 57 171 137 160 122 159 164 115 178 90 7 96 5 29 72 114 101 129 136 12 67 24 139 114 2 63 38 140 58 95 45 77 54 173 137 143 136 68 82 87 97 107 109 98 122 16 105 42 61 82 150 146 170 36 165 167 142 92 38 66 162 100 180 138 142 110 132 146 50 157 69 6 49 36 109 142 103 132 87 93 100 151 119 32 115 75 7 74 170 93 106 160 50 120 2 178 148 88 59 121 163 24 54 146 58 168 179 163 163 150 21 79 1 51 72 109 43 99 165 32 4 74 56 48 149 71 67 29 41 158 13 108 84 52 58 100 94 170 73 132 27 4 125 124 147 109 9 63 58 21 135 70 17 38 7 46 64 13 24 68 71 55 114 175 3 177 120 109 154 61 127 87 49 40 159 11 106 160 25 59 76 14 51 44 66 38 53 149 45 66 51 31 9 45 165 171 149 130 157 97 124 151 122 29 32 133 13 15 30 164 170 102 157 76 180 56 29 77 164 64 170 177 74 129 110 69 136 142 98 151 125 180 3 122 9 144 50 33 141 18 18 97 155 137 145 22 28 51 88 180 48 54 129 65 100 69 11 56 71 40 82 127 23 32 90 140 121 137 86 161 49 6 144 99 19 173 146 174 12 168 125 40 112 64 130 93 158 117 117 119 4 41 102 66 141 88 54 175 49 93 67 61 16 40 128 24 160 78 80 126 58 107 128 101 29 118 103 120 149 108 20 42 51 140 91 104 133 119 127 145 162 9 174 24 14 157 20 75 127 78 43 158 158 116 41 80 142 135 58 92 178 162 176 37 137 139 103 171 3 131 10 139 166 166 86 115 76 86 128 39 130 65 91 111 149 122 69 66 119 52 42 12 31 23 31 112 92 153 180 52 150 110 26 61 99 85 90 95 160 66 89 108 107 29 105 78 147 34 7 41 166 131 121 77 22 25 95 170 147 82 79 9 146 86 15 58 93 101 4 89 102 119 84 43 114 127 62 55 123 83 12 179 167 25 164 84 148 2 155 128 83 36 169 88 173 99 163 86 19 41 151 123 165 15 98 85 123 123 104 78 26 47 55 5 35 3 21 145 18 31 140 97 53 168 164 97 137 178 53 119 137 47 158 138 31 90 27 39 97 95 77 104 70 116 157 1 123 23 23 128 25 132 168 44 16 84 107 115 18 51 51 66 128 109 120 41 45 10 135 151 41 128 174 55 148 118 140 163 22 43 92 99 4 81 74 147 148 54 101 27 142 5 124 151 150 8 123 103 115 180 3 153 97 59 25 61 36 176 173 115 157 155 23 105 133 8 2 122 174 147 12 40 104 24 142 134 69 67 2 116 164 107 62 150 127 68 60 20 121 4 157 20 100 76 63 116 124 40 30 70 178 151 32 98 147 11 178 43 37 43 91 159 134 4 67 105 2 60 162 106 100 42 38 9 130 159 141 114 74 140 44 63 25 5 40 3 12 40 154 24 61 40 66 87 117 142 120 45 6 171 98 104 148 123 173 76 23 62 154 45 165 114 61 51 97 96 114 86 61 116 148 150 130 6 91 35 76 119 68 76 20 150 157 102 11 1 124 146 150 91 49 40 44 109 61 24 69 40 138 49 102 139 113 121 91 78 142 136 82 175 50 166 104 159 86 158 23 160 123 136 156 92 92 25 64 133 109 78 103 9 13 166 65 69 20 120 84 78 89 154 109 11 168 56 105 163 154 148 180 167 59 49 130 122 6 45 24 147 153 100 32 110 70 48 91 16 70 48 146 157 46 1 67 119 100 25 91 74 153 131 104 156 10 136 121 50 29
122 58 125 97 152 168 13 163 137 16 104 72 168 14 169 89 128 85 8 49 39 172 84 135 78 119 95 119 15 59 10 20 97 59 93 70 51 1 37 80 45 62 36 80 101 6 43 110 85 168 23 137 122 151 93 161 117 111 106 146 80 83 142 1 74 25 3 26 59 27 135 39 96 171 110 155 58 168 102 147 57 101 171 16 125 3 59 170 31 88 127 122 152 88 28 100 79 35 75 37 141 105 24 120 2 3 26 88 16 129 69 65 38 127 75 10 153 142 167 1 89 83 142 125 164 156 169 146 62 82 103 118 33 169 84 125 157 37 105 84 153 121 129 100 77 65 81 165 100 78 110 149 176 174 73 15 178 15 160 73 175 102 7 100 142 24 15 133 125 151 85 31 153 49 70 21 156 131 63 105 40 92 1 44 53 140 47 86 125 168 172 23 49 54 90 108 37 114 146 49 158 177 116 42 17 153 17 152 113 8 176 161 133 109 90 151 137 50 79 77 59 86 114 120 173 70 60 26 10 30 44 178 84 143 150 157 159 143 41 35 140 143 26 112 75 102 22 68 164 49 6 42 154 115 3 139 130 175 41 111 50 32 55 47 160 136 67 171 50 150 155 71 87 115 169 166 142 4 140 29 144 54 119 78 120 12 31 62 33 92 148 71 28 139 82 169 7 85 161 75 112 163 60 72 44 8 179 128 169 68 59 55 27 163 98 45 105 125 1 6 174 86 36 96 36 131 110 125 6 56 99 49 121 27 122 177 27 139 155 108 86 70 12 107 141 21 167 160 29 132 8 141 49 117 74 133 173 27 65 132 88 38 94 171 164 56 135 80 14 165 152 141 17 106 5 137 15 96 104 155 148 169 91 139 104 91 30 162 107 152 87 53 135 100 92 155 83 97 164 72 84 71 165 17 167 24 129 110 177 138 95 135 54 88 145 164 152 124 15 22 60 176 29 26 154 136 64 72 97 4 134 49 33 81 170 80 44 93 95 52 170 49 81 117 160 60 89 31 162 7 91 92 29 109 158 4 37 84 51 44 170 128 180 57 7 40 154 18 102 48 135 23 115 153 7 67 51 71 88 134 27 138 58 29 79 65 74 98 12 177 149 94 95 161 50 81 30 124 20 171 67 60 101 131 160 167 64 175 67 122 32 26 45 83 45 71 93 168 39 105 24 29 139 45 63 14 154 35 36 100 160 163 128 163 100 22 129 135 88 18 166 97 54 47 33 175 143 9 161 140 34 48 50 19 30 89 61 12 177 133 88 32 82 28 58 144 103 152 142 37 88 48 178 149 160 155 14 59 95 49 129 174 138 41 77 23 128 158 109 57 17 51 98 61 7 109 126 168 180 90 176 107 180 102 95 55 168 165 19 83 33 12 172 135 14 133 159 84 174 167 148 78 52 167 36 135 118 169 170 67 177 21 152 27 121 160 99 90 169 132 172 9 160 174 159 42 123 108 29 40 59 106 176 178 63 113 34 65 104 113 130 169 132 33 122 133 86 159 38 179 179 145 88 54 56 43 179 39 86 87 171 44 173 78 16 112 140 101 19 122 144 149 120 80 144 89 146 2 20 68 107 54 175 113 16 135 101 67 114 37 111 11 122 30 24 34 141 149 155 44 169 18 76 151 174 41 116 22 54 6 142 148 101 159 168 178 2 35 143 72 5 55 6 165 24 13 62 130 75 44 141 10 123 136 177 38 26 85 171 21 1 72 150 157 161 137 18 50 132 1 101 12 75 17 143 139 18 35 141 92 19 122 174 113 110 79 179 118 69 44 24 154 126 83 172 117 68 159 90 127 60 1 30 164 8 131 102 180 174 136 18 118 12 136 87 167 164 137 76 108 129 170 174 92 156 59 178 110 31 70 68 72 29 147 13 41 9 82 28 10 67 164 145 39 131 36 102 175 83 62 80 103 101 145 84 141 174 110 100 69 102 7 51 96 54 103 34 110 180 114 85 25 99 72 128 142 47 67 54 149 94 134 111 148 42 179 40 155 50 34 95 18 139 24 148 28 45 124 81 77 69 75 25 55 85 123 53 33 2 123 2 61 11 127 129 96 136 113 87 178 66 115 76 38 10 175 152 135 51 143 11 32 109 90 3 78 31 173 50 129 146 38 5 44 18 162 156 155 29 82 170 88 177 26 64 112 33 169 62 99 60 55 132 96 50 42 40 1 29 140 95 116 20 36 115 21 139 155 45 145 44 4 130 13 52 36 18 82 11 171 178 90 113 99 130 68 18 155 46 104 131 108 74 85 2 167 1 66 83 44 154 74 41 110 111 36 74 143 55 49 94 153 113 14 174 129 100 46 23 136 5 88 143 114 32 173 5 42 170 63 6 153 96 13 149 138 164 56 165 85
130 136 146 66 64 149 37 129 16 4 130 42 103 150 124 126 89 147 159 123 87 140 82 104 166 115 173 137 151 53 152 27 77 172 8 124 16 76 161 85 4 93 82 123 45 173 38 10 48 60 89 27 129 59 153 13 141 112 175 103 90 100 168 121 25 103 131 43 90 20 68 22 180 59 163 69 141 11 22 72 18 139 145 5 71 28 153 34 26 85 72 71 111 67 34 94 10 4 118 58 115 166 35 128 155 23 28 103 159 114 77 32 178 80 159 38 163 135 143 33 88 126 22 1 134 105 57 68 10 155 152 150 171 173 49 107 126 75 73 54 16 42 6 154 26 145 64 85 176 22 61 61 11 49 92 132 104 26 120 90 43 150 106 82 123 59 31 14 49 64 100 71 123 113 146 171 33 179 113 123 8 24 48 85 11 60 175 92 9 22 152 87 74 9 69 7 154 96 70 145 139 76 81 87 165 8 158 89 108 52 27 137 144 169 152 82 161 145 89 94 165 129 78 5 50 19 125 80 112 154 151 7 131 86 5 125 125 44 14 155 82 166 91 167 166 163 106 1 179 35 164 45 152 133 11 94 46 55 175 60 131 34 71 113 167 136 64 176 95 103 39 67 154 4 64 26 3 35 37 76 65 98 151 36 124 55 38 98 179 36 156 119 107 78 144 7 74 148 2 157 134 117 73 171 2 16 169 177 45 92 177 38 37 149 100 112 118 108 130 5 178 112 127 160 150 23 115 160 169 77 164 1 26 88 42 7 46 78 22 2 153 51 87 7 40 134 107 145 15 87 133 158 102 39 70 160 172 58 159 5 170 11 106 42 95 38 75 141 22 176 54 162 26 73 114 92 101 174 134 82 56 62 27 111 91 92 35 102 179 17 95 22 115 162 139 11 167 72 77 117 51 68 68 161 5 54 117 124 85 91 10 72 50 22 118 87 16 77 67 73 5 178 91 25 3 117 120 70 17 9 83 154 108 127 6 128 117 160 89 46 156 153 162 168 124 172 80 59 70 1 26 138 58 40 37 124 176 128 124 67 22 89 156 87 58 29 51 79 33 158 173 169 144 141 179 30 178 113 40 38 163 18 26 173 84 63 33 19 168 159 167 22 139 37 12 164 20 135 19 41 80 18 141 102 34 13 39 170 121 73 25 140 76 98 20 44 84 120 77 154 6 73 28 126 99 141 2 72 156 99 98 99 56 122 161 95 118 88 14 115 155 95 23 169 84 109 135 99 26 126 56 48 173 40 1 169 106 12 156 4 129 135 115 167 180 163 147 5 171 95 173 178 121 10 41 61 167 101 17 137 44 57 69 173 144 154 47 107 61 11 113 62 43 15 146 34 11 27 25 128 42 100 53 66 50 34 19 90 168 17 138 99 158 1 59 114 6 69 163 173 163 67 13 126 68 146 121 163 69 177 7 169 29 105 159 148 26 112 44 138 91 75 63 90 54 136 58 152 112 164 4 132 133 124 24 43 54 128 99 93 106 139 8 156 19 32 10 26 8 37 41 161 32 175 76 102 89 6 40 154 75 179 29 11 100 69 56 8 11 46 54 121 165 98 98 29 134 152 52 16 36 114 172 125 119 135 126 54 10 144 72 46 96 66 58 42 97 58 147 96 101 2 46 157 15 116 171 131 174 23 170 95 47 17 153 121 17 150 78 22 4 82 169 128 108 167 26 132 127 8 93 130 174 120 106 180 152 51 68 78 99 41 72 157 101 176 31 13 106 83 107 75 47 104 154 47 95 28 60 179 14 57 31 137 83 162 11 165 150 163 125 119 107 169 134 96 19 44 155 127 37 149 39 170 82 160 125 163 62 81 48 49 24 40 114 173 10 166 66 180 79 170 75 145 130 62 130 15 6 20 108 45 161 162 166 164 21 29 154 33 158 25 122 146 122 48 131 146 14 26 156 121 9 73 28 97 165 174 77 116 63 8 78 18 118 98 174 158 82 86 43 27 96 114 131 137 81 122 62 144 11 49 149 176 58 104 62 52 23 89 180 122 79 155 6 149 109 178 62 103 103 154 36 31 82 92 74 87 166 79 50 151 148 42 158 35 85 125 143 115 114 59 82 7 47 116 144 37 136 150 142 67 96 151 178 154 44 128 135 97 58 14 108 165 21 10 13 49 109 31 62 121 91 57 177 173 143 96 139 70 168 87 49 151 85 88 118 161 99 160 5 73 29 100 141 121 66 34 50 110 18 159 143 65 161 13 150 106 90 23 90 78 161 91 95 94 27 105 119 110 116 120 150 128 131 96 10 29 34 75 75 98 145 115 117 75 152 14 150 23 139 134 179 40 180 67 18 57 51 167 177 106 17 164 150 25 164 150 157 33 84 176 157 55 82 179 97 67 97 93
49 117 164 140 55 121 69 6 47 63 147 9 159 94 110 160 36 123 126 30 164 119 27 109 112 121 150 131 25 86 164 24 148 115 95 80 74 106 46 60 111 49 164 25 83 162 120 96 36 96 100 110 106 65 73 32 95 79 143 5 44 31 153 50 79 88 172 55 111 10 61 125 61 94 50 64 72 118 83 13 40 123 53 33 1 48 50 161 91 101 94 104 121 45 138 49 75 84 80 68 122 87 41 67 52 137 1 73 133 12 64 173 179 118 83 156 26 47 46 103 111 65 13 50 154 74 26 149 129 120 35 151 175 97 118 67 78 134 139 81 58 28 170 158 126 173 127 56 155 139 142 42 155 1 120 103 150 106 15 24 61 162 49 117 85 36 47 107 88 59 20 28 174 78 50 70 88 124 170 169 128 107 109 172 168 2 61 164 81 94 15 33 134 8 45 176 175 171 34 174 11 131 120 165 149 24 76 17 33 144 130 131 39 120 15 81 76 143 64 15 109 7 99 165 100 176 116 76 58 22 1 5 18 7 56 113 96 69 78 60 122 112 105 22 95 30 41 134 118 92 77 132 130 26 61 41 95 45 148 102 80 117 177 148 75 171 120 53 52 110 70 52 109 38 78 157 131 160 105 59 66 87 44 158 143 63 52 130 90 13 17 72 139 1 95 8 34 89 69 168 25 2 42 57 94 131 152 32 19 161 97 149 30 62 71 114 166 1 80 116 38 45 98 64 7 3 39 150 33 48 10 167 102 18 59 149 95 25 89 137 9 69 180 157 146 71 5 90 137 151 39 42 101 133 77 160 174 22 66 167 134 36 7 12 59 51 91 76 46 69 143 158 7 14 116 88 106 44 21 89 29 79 127 91 143 88 63 137 54 55 142 89 63 79 54 125 18 176 106 155 41 115 99 110 55 2 88 84 163 56 30 56 88 176 37 120 173 75 152 109 2 127 15 90 73 56 161 77 129 177 150 5 2 45 111 66 140 133 57 29 108 68 36 8 121 63 124 63 52 127 174 51 104 114 19 40 90 80 2 2 179 35 174 93 168 141 172 180 146 90 61 103 114 109 79 41 1 21 41 156 126 89 148 177 56 179 106 2 50 166 86 43 76 108 95 128 97 151 13 73 107 152 136 36 77 136 42 117 94 107 165 43 67 104 131 162 158 165 42 116 139 14 52 170 105 20 41 77 94 46 9 107 92 36 11 101 76 111 62 151 66 179 122 128 76 116 34 55 78 153 59 74 118 59 107 17 123 147 18 139 165 130 70 84 57 116 162 65 74 174 30 72 67 14 151 122 20 77 152 42 61 114 66 80 89 74 102 90 83 39 141 175 25 88 6 32 174 12 156 49 147 145 124 59 24 125 180 169 23 160 164 134 38 55 109 175 109 28 136 161 64 70 130 43 71 146 31 66 109 130 180 22 9 132 93 13 43 165 71 84 37 12 4 103 46 50 18 13 158 157 56 138 168 178 165 10 169 110 44 63 24 55 73 84 56 14 114 138 169 52 121 54 157 144 29 111 149 54 130 36 118 160 67 53 136 30 63 141 103 122 49 159 20 74 178 94 48 96 5 65 35 99 56 37 81 138 21 105 160 84 173 16 154 94 2 158 23 81 110 36 2 66 8 17 165 32 63 96 138 7 17 153 89 171 175 84 63 28 75 74 7 117 139 130 22 160 151 62 71 154 86 23 105 40 108 179 159 71 108 168 91 42 85 26 86 48 163 47 12 170 121 16 165 111 93 10 41 108 125 114 21 93 82 8 179 171 160 127 167 34 7 142 166 130 52 50 168 92 1 95 32 1 16 41 114 71 129 19 7 168 151 141 157 103 177 112 54 33 113 162 87 59 46 175 96 157 18 15 126 6 23 164 62 180 149 95 124 23 167 57 29 76 89 149 7 13 173 82 11 158 176 35 79 133 8 13 52 17 50 134 66 70 113 151 88 10 32 35 118 174 41 35 85 123 68 141 69 45 75 30 46 75 90 71 38 22 161 107 96 121 85 2 38 171 153 49 141 141 167 137 117 127 119 51 21 110 144 36 127 171 2 46 137 120 6 44 58 108 19 19 122 88 166 93 121 23 32 79 52 134 64 78 62 105 129 86 158 63 175 64 133 109 151 145 108 168 125 149 89 112 138 168 66 164 24 141 94 71 113 65 175 154 54 172 42 81 136 54 161 51 20 115 33 63 176 36 173 46 170 175 24 150 177 56 69 108 66 168 14 140 6 9 165 15 173 115 76 27 26 94 67 127 158 137 28 146 24 3 180 101 147 125 1 41 108 107 47 40 120 168 6 21 130 57 102 47 154 5 170 64 85 141 103 58 15 180 131 151 121 78 82 74 30 66 107 127 105 88 69 19
67 156 17 89 39 95 95 177 15 129 151 127 92 119 160 45 108 108 115 46 68 146 16 112 76 130 143 72 88 112 30 14 145 120 78 138 109 81 44 58 68 163 31 128 60 117 18 19 151 73 85 38 125 156 117 160 168 136 42 3 161 103 156 180 28 112 170 152 113 80 98 123 1 118 30 116 170 75 10 37 9 138 172 149 41 42 178 97 100 160 101 149 51 43 28 13 59 165 54 25 19 57 122 29 102 150 8 27 172 97 1 141 64 158 103 77 150 139 23 173 98 38 98 174 115 159 21 130 37 62 18 34 109 103 42 7 164 10 157 3 63 128 29 133 112 119 10 168 25 164 63 143 21 93 125 91 12 84 96 63 69 161 102 45 98 8 171 144 5 166 94 122 30 30 38 53 109 49 91 15 85 53 73 54 5 166 143 42 26 20 38 21 42 76 156 11 44 155 9 122 122 94 34 140 166 26 164 39 116 16 168 46 173 162 160 100 19 93 156 41 105 178 8 177 61 108 178 8 102 96 180 174 103 119 20 101 13 7 159 86 151 131 150 16 27 108 111 147 94 137 169 22 17 68 163 6 149 118 27 125 153 101 136 63 109 122 142 52 24 153 23 131 99 3 52 74 174 125 7 7 104 19 93 95 6 63 65 137 135 129 99 76 30 94 18 13 96 158 36 90 79 45 129 150 152 161 98 57 5 177 29 16 63 151 128 56 72 84 4 109 2 149 156 32 69 131 117 99 108 70 22 117 147 133 84 157 15 154 129 33 50 116 29 176 11 51 138 47 134 59 154 91 42 68 47 11 98 55 145 158 89 161 156 4 165 172 42 177 172 151 134 103 49 1 148 174 67 82 98 128 115 167 133 22 145 39 179 151 93 12 169 133 163 120 109 29 73 86 132 30 55 94 136 11 5 24 177 161 3 30 15 156 90 134 167 154 154 66 128 95 127 35 165 12 82 150 159 7 130 87 89 26 141 73 144 48 24 109 21 3 5 81 137 5 111 85 60 35 48 65 40 33 6 93 15 121 48 77 74 2 67 53 151 48 124 175 9 123 21 85 116 22 84 98 142 73 157 79 109 173 145 178 172 110 172 152 10 127 15 152 161 93 167 61 103 68 129 45 133 133 78 82 80 129 58 40 127 4 120 66 51 62 37 21 107 175 180 72 133 96 164 52 31 149 158 94 81 9 75 94 155 127 151 36 139 52 135 75 104 40 90 73 105 21 40 3 103 90 125 26 15 29 133 2 35 42 39 11 107 60 172 46 44 85 159 111 97 13 152 7 108 30 177 133 160 99 103 5 174 22 153 131 60 141 97 112 74 178 144 63 160 32 131 48 49 79 49 130 145 123 34 150 83 2 117 38 42 93 127 169 180 72 5 173 126 79 13 32 147 48 171 101 49 178 88 108 83 168 6 139 37 167 83 119 49 87 177 158 39 101 65 141 59 86 34 62 141 42 129 48 46 69 99 18 44 51 103 147 11 44 158 164 72 25 130 180 87 51 24 93 126 63 164 97 180 73 23 136 73 29 166 29 120 173 161 90 24 57 41 42 144 138 177 93 58 79 15 101 119 63 59 30 173 87 83 178 29 147 76 80 53 123 53 108 76 18 116 122 144 165 179 69 29 35 91 118 167 47 124 43 121 14 10 16 101 87 87 117 99 136 84 52 7 34 1 107 38 77 125 94 98 61 73 6 64 135 129 134 133 70 4 158 10 42 33 64 3 93 84 156 134 105 96 96 17 106 131 81 102 71 106 37 34 49 38 104 3 45 16 177 72 156 77 64 13 129 143 167 42 100 74 142 173 133 177 124 4 26 129 143 80 9 122 27 101 156 151 76 130 2 123 150 152 44 60 15 148 71 121 149 171 42 22 169 36 55 88 39 178 45 106 59 89 26 112 169 127 144 158 1 58 1 117 35 70 123 44 24 111 17 62 177 37 35 77 1 133 40 124 7 114 80 147 172 135 140 128 147 103 1 119 137 115 14 17 155 91 10 166 27 46 149 154 158 10 102 88 25 154 25 21 12 116 73 148 60 80 133 151 18 84 34 159 177 17 75 46 176 166 58 121 174 165 97 128 115 70 153 47 107 121 104 144 168 78 22 51 64 153 1 95 149 60 54 153 35 51 25 156 163 154 98 68 134 173 180 125 59 180 116 123 81 135 88 102 147 31 128 75 110 56 104 14 23 19 155 68 178 42 114 37 147 116 180 68 168 69 68 35 93 130 92 65 92 34 74 52 95 31 173 169 27 169 137 24 145 10 35 26 86 14 69 127 58 144 83 68 83 144 59 176 140 24 94 104 76 168 119 39 151 132 158 31 31 167 50 83 37 54 79 109 164 13 123 60 56 69 28 57 39
0.4
0.2
0.3
0.2
0.2
0.4
0.4
0.2
0.2
0.3
0.3
0.3
0.3
0.2
0.2
0.3
0.3
0.3
0.2
0.3
0.3
0.4
0.4
0.3
0.3
0.2
0.3
0.3
0.2
0.3
0.3
0.2
0.3
0.2
0.3
0.2
0.3
0.4
0.4
0.3
0.2
0.3
0.2
0.2
0.3
0.3
0.4
0.3
0.4
0.3
0.4
0.3
0.2
0.4
0.4
0.3
0.3
0.3
0.2
0.3
0.4
0.3
0.3
0.3
0.3
0.4
0.4
0.2
0.2
0.4
0.2
0.4
0.3
0.2
0.3
0.3
0.2
0.4
0.4
0.4
0.3
0.3
0.3
0.4
0.3
0.2
0.4
0.4
0.4
0.3
0.3
0.3
0.4
0.3
0.2
0.2
0.3
0.3
0.2
0.3
0.2
0.2
0.4
0.2
0.3
