80 12
20
24960
22698
23095
25471
23768
23654
23873
24052
22551
25597
24198
24286
23702
25308
24742
25305
24823
24348
22420
23501
4.7 49.6 66.9 2.1
3.5 12.5 51.3 1.7
2.4 22.9 13.4 1.7
4.3 43.4 70.8 2
2.3 22.2 33.2 2.5
1.1 22.1 59.8 2.2
2.6 41.2 65.8 2
3.3 41.8 61.7 1.8
4.3 15.7 9 2.5
1.3 44.3 52.4 1.5
3.4 25.8 53.6 2.3
3.5 11.1 49.9 1.9
3.5 30.5 94.3 1.6
4.2 27.6 74.3 2.2
3.4 43.1 25.4 2.3
3.2 23.2 88.3 2.1
3.4 13.3 29.8 1.6
1.7 38.6 33.7 2.4
3.6 37.1 57 2.4
4.9 43.6 8.4 1.9
3.6 31.3 76.8 1.6
3.2 41 14 2.1
5 37.5 10.5 1.7
3.7 24.7 60.2 1.8
3.9 27.3 66.4 1.6
1.4 37.6 68.2 1.6
1.1 30.5 33.1 2.1
3.5 25.2 40.2 1.6
2.6 24.3 74.6 1.8
1.1 19.4 22.8 2.3
4.7 35.1 59.9 2.1
2.9 24.4 75.6 2.2
3.8 47 40 2.5
1.3 46.1 59.2 2.3
3.7 47.2 60 1.9
1.1 17.1 62.9 1.5
3.6 39.1 76.7 2.3
2.9 20.5 7.9 1.7
4 17.1 27.4 2.3
2.2 24.1 62.3 1.5
2.8 32.9 46.3 1.7
1.9 43.2 48.3 2.2
2.9 24.5 57 2.3
4.9 19.4 40.6 1.6
2 16.2 70.8 1.7
4.7 12.2 94.3 2.3
2.6 30.5 60.2 1.7
4.3 17.7 21.2 2
3.3 29.1 40.2 2.4
3.9 27.6 56.3 2.1
4.1 20 47.1 1.8
1.6 33.6 19.2 2.4
2 29 82.1 2.4
1.5 11.3 76.9 1.7
3.8 35.6 38.8 2.4
2.8 40.6 25 2.4
3.7 31.3 59.4 2.3
2.9 31.2 22.4 2.4
4.3 43.3 49.4 2.1
1.9 14.8 81.5 2.4
2.3 19.5 46 1.6
1.4 44.4 6.6 2.3
4.8 11.9 61.4 2.2
2.2 28.1 22 2
2.4 24.1 23.4 1.7
4.2 40.6 36.3 1.7
2.7 43.6 72.6 1.8
3.4 27.5 13.3 2
3.3 26.1 55.4 1.9
2.4 21.9 89 2.2
1.3 39 79.2 1.5
5 36.7 89.3 2.5
1.8 19.4 22.6 2
5 35.9 34.9 1.5
4 36.2 76 2.5
3 40.9 77.9 2
2.8 20.9 83.4 2.5
3.7 40 8.9 2.1
4.9 43.5 9.1 2.1
4.3 43.3 68.1 2.4
1.8 31.6 85.1 1.7
4.5 42.7 66 2
3.6 15.9 93.6 2.2
2.3 24 76.7 2.1
1.5 36.2 79.9 1.6
2.9 30.8 63.4 1.9
3.2 21.9 84.6 2
4.1 31.1 89.3 2.3
1.7 19.2 85.5 1.9
3.2 16.7 52.5 1.7
3.9 29.9 10.9 2.4
2.4 34.1 24.5 2.5
3.3 34.8 67.6 1.7
3.8 19.9 41.5 2.1
1.8 12.6 23.2 2.1
4.5 42.4 18.9 1.8
1.9 15.7 54.9 2.4
4.5 33.6 85.7 1.7
3 46 5.1 2.4
2.9 49.9 19.1 2.1
2.8 35.4 44.8 1.8
3.1 37.9 55 2.3
3 27.9 44 1.9
2.2 14.6 61.4 2.3
3.5 35.3 74 2.2
1.4 16.7 45.6 1.6
2.3 18.9 74.5 2
3.5 40.9 66.8 1.6
2 26.7 84.1 2
3.1 27.2 65.2 2.4
3.1 33.4 37.1 1.5
3.3 25.6 32.8 2.3
2 41.4 14 1.7
2.6 31.7 69 2.4
3.4 21.8 94.1 2.3
3.4 48.8 50.5 2
2 13.1 60.9 2.3
2 24.1 91.3 1.5
1.3 37.7 91.4 1.6
2 10.7 46.4 1.7
1.8 24.2 84.6 2.1
2.8 23.6 45.2 2
4 14.6 88.5 1.5
2.9 34.6 35.3 2.2
1.8 23.2 6.2 1.7
2.9 14.5 72.9 2
1.1 14.8 86.4 2
2.4 20 32.7 1.5
2.7 29.9 68.7 1.9
1.4 17.9 52.8 2
1.6 19.6 34.9 2.4
2.7 33.9 35.8 2.4
2.6 20.6 48.4 1.8
2.2 30.8 60.5 2.2
2.5 39.8 60.8 1.5
4.4 21.7 10.7 2.5
4.2 20.2 41.7 2.3
1.2 18.5 67.7 1.5
3 48.7 73.5 2.1
3.6 12.7 53.2 1.9
2.3 32.8 83.8 1.9
4.2 49.5 75.4 1.5
1.9 26.7 30.6 2.1
1.9 12 74.7 2.5
2.1 32.6 73.6 1.9
1.8 45.5 29.6 2.3
4.6 24.3 94.4 2.5
2.7 27.3 56 2.5
3.9 23.3 76.4 2
3 45.6 21.8 1.6
1.8 24.7 86.6 2.4
2.2 49 80.7 2.2
5 31.7 53.6 2.5
1.7 27.4 64.3 2.5
2.1 17.8 69.2 2.4
2.4 42 39.9 2.2
2.6 25 79.4 2.3
4.2 16.4 9.5 2.2
4.6 13.2 48.6 2.2
4.5 20.1 42.6 2.4
4.2 22.5 41.3 2.4
4.3 35.9 62.6 2.1
3.1 28.3 7.4 1.5
1.3 37 52 1.8
2.6 11.8 7.4 1.6
1.7 16.6 90.9 2
2.7 26.2 35.7 2.1
3.6 42.2 93.8 2.4
1.7 46.3 56.6 1.7
2.1 41.1 72.7 2.4
4.7 33.8 13.2 2.3
2.5 44.6 50.5 1.6
1 38.8 54.5 2
2.9 47.6 67.4 2.3
2.5 15.2 46.7 2
3.7 41.6 83.8 2.3
1 36.8 87.5 1.8
2.7 45.6 68 2.3
2.8 47.3 59 1.8
2.9 34.7 83 2.2
3.2 38 23.7 2.4
2.2 23.1 92.7 1.6
4 27 44.1 1.9
3.5 42.3 47.5 1.6
3.3 30.9 50.4 2.1
1.6 46.3 44.7 1.9
2.9 36.5 72.6 1.8
2.7 49 24.8 2.1
4.1 35.3 56.1 2.5
2.7 41.7 41.7 2.1
1.1 41 73.1 1.6
2.8 44.4 24.7 2.3
4.8 22.3 40.2 2.2
2.8 16.4 17.3 1.6
1.7 32.5 23.4 2.4
1.2 21.8 88.8 1.6
4.5 45.2 74.2 2
3.2 26.7 23.8 1.9
3.9 20.1 9.8 2.2
4.6 40.6 58.5 2.5
1.2 29.1 40.2 2
4.8 49.1 83.4 2.3
1.7 23.8 41.8 1.5
3.8 35.4 24.9 1.6
2.2 10.2 31.9 2.5
2.7 12.8 79.5 1.7
4.1 19.7 87.2 2.1
4.5 40.1 55 1.7
2.6 16.1 17.5 2
3 30.3 23.3 2.4
2.9 24.9 47.6 1.9
2.7 24.8 46.4 2.2
4.1 18.7 53 2.1
3.1 37.1 61.4 2
2.5 29.7 73.4 1.9
2.7 23.9 46.5 2.4
4.6 15.6 32 2.5
1.4 35.7 90.2 2.5
4.7 19 11.1 1.7
3 31.4 84.4 1.5
4.7 43.3 62.4 1.8
1.3 32.4 60 2.2
1 37 85.9 1.9
2.5 38.2 92.2 2.1
1.2 37.3 89 2.5
2.6 31 53.4 2
3 22.8 53.8 1.9
3.5 44.5 80.9 2.3
3.2 28.2 30.8 2.1
3.3 41.2 14.1 2.1
2.7 29.6 39.3 2.3
4.7 18.2 23.4 1.7
1.2 15 84.9 1.9
2.1 11.1 57.6 2.1
1.8 19.1 27.6 1.7
4.7 48.8 32.1 2.1
4.9 14.2 32.3 1.7
2.7 26.6 62.8 2
4.1 41.9 55.2 2.1
2.7 17.9 94 2.2
2.6 41.5 68.2 2.2
2.4 37.5 92.5 2.5
3.4 44.7 62.1 1.9
1.6 18.2 7 2.5
1 38.1 20 2.4
1.9 46.2 78.5 2.4
2.9 37.4 38.3 1.7
3.5 16.2 85.8 2
4.2 18.2 19.6 2.2
2.1 39 46.4 2
1.5 33.8 26.3 1.5
3.8 43.5 20 1.7
4.4 45.8 57.9 2.3
4.3 32.7 11.9 1.7
4.6 41.6 63.7 2.3
2.5 11.6 39.1 1.7
3.8 19.8 67.7 2.5
3.1 17.6 59.1 2.2
3.5 45.2 61.7 1.9
1.3 12.7 14.6 1.8
2.3 23.2 50.3 1.9
1.2 21.7 71.3 2.3
4.4 26.9 27 2
3.4 15.3 36 2.4
1.5 39.2 71.5 1.7
4.9 47.2 75.6 1.8
2.8 20.5 81.1 1.7
3 31.8 60.8 1.9
4.7 16.1 24.6 1.6
2.8 15.3 89.9 2.3
3.6 17 44 2
2.9 34.2 56.5 2.1
3 29 7.3 1.7
4.1 35.5 18.4 2.1
3 40.2 14.3 2.3
4.5 27.5 68.9 1.7
4.8 18.3 16 1.6
4.4 19 62.3 2.3
2.9 35 24 2.3
2.1 26.3 38.2 2.3
4.8 11.3 83.7 2.3
2.3 19.4 77.5 2.2
2.7 48.7 56.8 2.3
2.1 17 65.2 2.4
4.7 25.8 65.6 2.2
4.4 14.3 92.9 2.3
3 23.8 66.3 2.5
4.1 29.4 7.8 1.8
4.8 21.3 48.5 2.3
4 46.4 63.4 2.5
2.5 47.6 56.2 2.5
3.9 43.7 16.4 1.9
3.5 11.5 70.8 2.4
1.9 12.1 62.1 1.8
3.5 33.8 83.7 2.3
4.5 14.6 84.2 1.8
4.7 31.5 12.1 1.8
4.8 14.6 31.6 2.3
4.7 18 63.8 2.1
1.1 29.8 11.1 2.4
3.6 24.5 19.8 2.2
3.3 49.6 14.6 1.8
1.4 18.7 69.4 1.6
2 44.5 44.9 2.4
2.7 36.9 21.5 2.2
1.1 17.2 15.1 2.2
4.3 16.2 86.8 2.2
1.8 46.9 92.5 1.7
3.1 15.7 66.7 1.8
2.8 23.2 14.2 1.9
2.5 48.1 18 2
1.7 13.2 59.2 2.2
1.7 22.1 55.8 1.9
3.9 35.6 47 1.6
2.8 45.3 66.3 1.8
4.6 41 86.3 1.7
1.5 27.2 58.2 1.7
3.2 23.6 9.4 2
1.2 31.2 87.2 1.8
2.9 20.1 5.3 2
3.3 23.7 8.1 1.8
3.3 42.7 74.1 2.4
2.1 39.5 33.8 1.5
1.9 41.6 13.3 1.8
1.8 30.5 13.9 1.8
1.1 25.6 14.2 2.5
3.2 23.3 36.2 1.6
4.6 43.4 73.5 2.5
1.2 44.5 26.5 1.7
2.3 47.3 92.9 1.9
2.8 18.1 67.3 1.8
4 33.8 9.4 2.2
3 32.7 74.6 2.4
4.3 44.5 85.4 2.1
3.3 12.2 22.2 2
3 34.3 22.2 1.8
1.8 17 35.9 1.5
2.3 13.9 26.2 1.7
1.9 21.1 54.8 2
1.4 27.7 53.9 2.5
4.3 47.8 55.1 1.9
3.5 31 58.6 2.1
2.9 13 80.1 1.9
4.8 24.5 60.9 2
4.7 34.2 81.3 2.1
4.3 44.9 19.6 2
3.2 48.1 53.9 2.4
1 22.8 75.6 2.2
4.2 14.1 67.7 1.6
2.3 26.3 72.7 2.5
4.7 44 31 2.2
4.7 46.9 12.6 2.2
3.9 26.3 44.8 1.5
3.4 44.3 44.3 2.2
4.5 29.2 22.7 2.4
1.4 22.7 63.9 2.5
1.5 39.5 75.7 2.4
2.3 32.3 57.9 1.9
4.6 32.6 60.6 2.3
1.3 28.3 92.1 2.2
1.4 24.2 49.8 1.5
1.7 14.4 59.3 2.4
2.6 48.8 33 1.8
2.7 15.8 71.8 2.1
1.8 15.7 41.9 1.7
3 15.9 82.9 2.3
3 17.3 88.2 2.2
2.4 25.2 78.8 1.7
3.2 39.6 36.9 1.5
2 14.9 10.9 1.9
2.9 17 47.1 1.6
3.1 15.8 63 2.1
4.1 41.3 50.3 2.2
4.3 47.4 6.3 1.5
3.5 23.5 65 2.4
2.3 16.4 9.4 2.5
1.7 21.2 13 1.9
1.2 10.4 14.3 1.5
1.9 14.5 94.5 1.7
1.6 49.2 88.4 2
4.7 13 89.9 1.7
3.8 29.9 92.3 2.2
3.4 36.5 84.5 1.7
3.6 11.6 60.1 2
3.8 27.9 13.8 1.6
2.7 34.7 11.6 2
2.5 39.1 63.4 2.4
2.7 39.8 57.9 2
4.3 10.3 60.1 2.4
4.2 10.3 20.4 1.7
5 43.7 53.2 2.1
1.4 48.2 11.8 2
3 36.7 70.2 1.7
5 27.7 33.2 1.9
1.1 32.5 35.2 1.6
3.1 13.2 32.7 1.9
4.8 43.6 26.4 1.8
2.6 15.1 5.7 1.5
3.9 11.3 28.2 2.2
1.8 22.5 88.8 1.7
1.8 45.8 30.7 1.7
3.9 47.6 41.9 1.6
2.5 34.3 56.8 1.6
2.5 19.2 51.9 2.4
5 46 36.4 1.8
2.9 23 67.6 2.1
3.7 34.5 65.4 1.8
4.3 32 15.7 2.2
2.7 20 43.2 1.7
2.8 28.2 8.9 1.6
1.2 11.8 55.4 2.3
2.9 31.2 56.3 1.8
3.8 18.8 50.9 1.8
2.5 19.5 28.6 1.6
1 22.1 72.1 1.6
4.9 42 68.6 1.8
3.6 24.1 40.8 2.2
3.6 49.9 78.9 2.3
1.9 14.3 26.2 1.6
3.9 35.3 92.5 2.5
3.5 12.3 40.8 2
2.8 11.5 69.9 2.1
1.1 33.8 18.3 2.3
3.3 25.6 41.7 2.2
3 24.9 8.4 1.8
3.7 48 8.1 2
4.5 28.4 83.1 2
2.1 20 14.4 1.8
1.8 29.7 9.6 1.6
2.1 22.3 64.7 2.2
1.2 35.4 49.9 2.5
2.9 21.8 88.6 1.9
1.1 32.7 23.9 2.1
1.3 27 86.2 1.6
3.9 44.3 74.8 2.5
1.6 48.4 12 2.3
3.7 21 85.8 1.8
4.3 43.1 14.9 2
2.8 21.1 36.8 1.9
3.1 19 31.5 1.7
4.2 17 14.2 1.8
1.1 14.6 54.4 2.5
1.7 39.3 26.1 1.8
3.7 49.7 61.2 2.3
3.2 15.6 25.8 2.1
2.5 17.3 18 1.6
4.3 13.7 9.9 1.6
2.9 30.2 16.6 1.9
1.3 23.8 43.9 2.1
1.8 13 66.6 2.3
2.2 13.6 58.9 1.9
1.2 49.4 18.3 2.1
3.5 28.2 25.7 2.4
1.1 28.7 77.6 2.1
3.4 33.8 48.4 2
3.3 18.4 39.3 1.8
2.5 28.1 5.2 2.1
1.5 40 66.6 1.5
4.5 31.7 7.9 1.9
4.1 10.6 59.6 1.7
3.1 24.7 63.7 1.8
3.3 23.4 68.8 1.6
3.3 24.6 90.5 1.6
4.2 38.9 48.9 2.4
3.8 49.4 30.8 1.8
3.9 40 45.3 1.6
4.8 49.8 15.1 2.2
2.8 17.6 11.1 2.3
4.3 27.5 8.8 1.5
3.9 43 34.2 2.4
4.4 33.3 93.4 1.6
3.4 35.7 60.2 2.1
1.2 17 78.5 1.8
4.2 34.4 12.3 1.7
1.8 29.1 10.3 2.1
2.5 40.6 29.2 1.9
1.6 37.9 94.9 1.9
3.3 32.4 68.9 1.7
3.2 15.4 49.1 1.9
4.9 30.5 10.5 2.5
4.6 41.2 64 1.7
1.7 35 32.2 1.5
1.2 32.7 67.9 2.5
2.3 14.6 42.6 1.6
3.7 45.2 28.7 2.1
4.7 26.7 42.5 2
1.2 13.7 32 1.9
4.1 33 15.7 1.6
1.6 49.3 60 1.6
3 44.1 83.2 1.8
3.1 11.2 61.7 2.2
2 14.8 79.9 1.5
1.5 34.7 5.5 2.4
3.3 35.3 44.9 1.5
2 19.7 89.9 1.8
4.2 39.5 81.9 1.9
3.4 10.2 64.7 1.8
1.4 47.8 37.5 2.1
2.8 10.8 46.1 2.4
4.4 28.5 83.6 2.5
3.8 18 81.8 2.1
4.9 10.8 90.2 2.4
2.1 39.4 15.5 1.6
1.1 40.5 82.6 2.1
5 17.5 60.7 2.5
2.7 27.5 74.6 1.9
2.5 31.8 74.1 1.7
4.1 38.7 56.7 2
1.6 31.6 80.7 1.8
1.5 30.7 94.5 1.7
2.2 31.2 43.2 1.6
4.6 11.8 56.9 2.2
4.7 46.6 83 1.5
1.5 29 29.4 1.9
4.3 10.1 17.6 2.2
1.5 24 33.9 1.9
4.1 48.3 94.4 2.2
4.9 16.6 69.8 2.4
2.3 26 9.4 2
2.9 48.4 81.5 2.3
4.8 32 8 1.8
2.7 15.8 73.9 2.2
1.1 28.7 50 1.9
1.5 42.3 74.9 1.7
3.4 14.8 51.2 2.4
1.7 20.2 41.6 2.3
2 49.3 37.8 2
1.9 13.5 48.8 2.3
3.5 45.3 8.9 1.7
1.6 43 61.5 2.4
4.7 25.3 28.6 2.2
3.4 23.5 90.6 2.1
3.9 29.4 94.3 2
3.3 32 21.6 1.6
1.4 49.2 40.5 2.1
1.1 44.8 19.9 1.8
2 18.6 50.2 1.9
3.8 37.7 51.5 2
1.3 41.5 31.8 2.2
5 48.6 68.3 2.2
2.2 25 80.2 1.8
4.3 26.9 18.5 1.8
1.8 22.9 69.6 1.7
2.3 16.6 55.6 2.2
3.1 37.8 43.3 2.4
4.6 23.9 91.6 1.8
4.5 46.5 11 1.7
2.3 34.3 77.5 1.6
1.4 24.1 80.7 1.6
2.6 44.2 13.1 2.2
4.2 32.9 6.3 1.9
2.4 39.4 20.8 1.8
2.8 43.7 65.8 2.2
1.1 38.8 80.1 1.6
4.5 15.1 33.9 1.5
4 45.8 8.9 1.8
4.4 41 9.7 1.5
1.3 49.1 82 2.4
2.6 10.4 88.8 2.2
4.7 14.9 6.3 2.1
4.6 43.2 81.6 2.4
4.8 33.2 31.1 2.4
2.1 23.5 80.4 1.8
3.1 28 20.5 2.2
1.7 37.6 74.4 1.7
3.1 17.1 62.8 1.9
1.4 47.7 34 2.2
2 37.6 19.7 2.3
4.8 15.6 48.7 2.1
1.9 34.5 29.3 2.1
2.9 23.2 52 2.1
1.3 47.9 10.7 1.7
2.7 12.2 83.2 2.1
2 27.9 64.5 1.5
3.9 46.8 47.1 2.3
4.3 12.1 43.2 2
1 21.5 47 2.3
1.9 48.6 66.7 2.5
4.3 47.3 33.4 2.4
1.7 42.6 75.2 2.2
2.2 11.8 89.2 2.4
3.9 49.4 33.2 2.2
2.5 29.3 59.7 2.4
3.2 22.7 40.4 2.3
2.1 17.7 8.9 2.3
4.2 12.8 54.4 2
2.9 42.3 78 2.1
3.7 29.4 39.5 2
1.3 19.5 64.5 2.1
1.4 34.3 93 1.5
3.9 46.4 29.2 1.8
1.6 19.5 34.4 1.8
1.7 41.1 30.1 2.2
4.2 35.4 73.7 1.5
3.1 16.3 53.9 2.2
3.8 47.9 50.4 2.3
4.9 42.9 89.1 2.4
1.3 22 10.4 2.4
3.7 30.2 39.9 2.3
1.1 11.3 33.3 1.9
2.7 23.1 5.4 2.4
3.4 27.4 62.4 2.2
3.9 29.1 21.6 2.4
2.7 26.5 85.9 2.4
3.2 38.6 93.6 2
2.2 35.7 35.1 2.5
3.4 27.2 38.8 2.2
4.2 33.9 23.7 2
3.7 40.8 11.9 2.4
4.2 40.6 94 1.6
1.3 20.1 91.2 1.7
3 19 8.1 1.9
2.7 25.5 85 2.4
4.6 15.4 26.6 2.1
2.1 13 55.5 1.6
4.8 45.9 33.2 2.2
1 49.8 70 1.9
3.5 25 6.5 2.2
4.5 32 65.3 2.3
3.9 26 52.6 1.6
3.3 24.8 59.3 2.2
2.5 28.5 75.7 1.5
2.8 15.1 17.5 1.7
5 19.6 18.8 2
4.2 33.6 35.2 1.6
3.7 42.6 26.1 2.3
5 20 55.7 2.4
2.3 18.8 21.7 1.5
2.7 20.2 9.1 2.3
4.9 16.8 89.4 2.1
1.2 44.5 73.2 1.5
1.9 22.2 23.7 1.6
3.3 21.6 70.9 2
1.1 37.9 87.6 1.5
4.4 25.8 91.2 1.7
3.3 14.8 92.4 2.4
1.3 39.2 41.7 2.3
1.9 28.8 65.2 1.5
2.7 19.2 69.2 2.1
3.1 13.7 30.7 2.3
1.4 31.4 71.9 1.8
3.6 30.6 36 2.2
2.5 18.9 14.4 2.4
2.6 28.3 23.1 1.8
2.9 21.6 5.1 1.9
2.9 34 93.3 2.4
2.7 27.4 26.9 2
2.5 15 93.1 1.9
2.1 26.7 12.8 2
2.7 11.1 91.6 1.9
3.2 19.2 19 1.7
3.6 17 35.9 2
1.8 17.5 34.7 2
2.7 39.1 59.4 2.1
4.5 37.4 29.9 2.2
1.6 12.7 64 1.6
3.5 25.3 47.3 2.2
4 29 10.6 2.1
4.6 27 82.9 1.8
3.3 46.7 11.5 1.9
3.8 49.4 32.2 1.6
1.4 35 65.1 2.1
3.7 15.5 68.8 1.8
4.5 35.8 23.3 2.4
2 20 58.2 2.2
3.4 19 59.7 2.4
2.2 16 58.1 2.3
4.2 25.4 17.9 2.1
4.5 11.7 41.9 1.8
2.6 35.9 37.4 2.1
4.7 10.6 80.9 2.2
2.5 17 34.5 1.8
3.9 35.3 82.2 2
1.1 29.1 15.2 1.6
2.2 47 56.9 1.9
1.1 13.1 9.6 1.8
1.9 10.1 37.5 2.1
1.4 40.5 43.7 2
4.4 48.2 16.7 2.5
1.2 20 61 2.5
3.5 33.8 87.1 1.7
5 23.5 34.8 2
1.6 29.9 24.3 2.2
1.5 45.6 48.7 2.5
3.4 35.5 69.3 1.8
1.7 27.6 38.8 1.7
1.6 33.2 68.7 1.7
4.5 20.3 10.4 1.9
4.3 13.4 81.9 2.4
1.5 19.8 40.6 1.5
2.8 27.2 79.5 2
3.1 21.1 51.3 2.4
3.7 31.4 14.2 2.1
3.6 47.1 15.9 1.9
3.4 39.9 69.7 1.8
4.5 11.3 33.4 1.7
3.6 43 61.7 2.3
3.1 33.8 56.7 2
2.8 23.1 11.2 2
2.7 19.4 42.4 2.1
4.1 27.6 76.6 2.4
4.1 15.5 10.8 2.1
2.9 21.6 40.1 1.7
3.1 18.9 38.2 1.8
4.5 36.1 69.6 2.4
1.7 19.5 53.3 2.2
4.1 29.4 6.8 1.6
1.6 10 88.3 1.5
1.3 19.4 92.8 1.9
1.3 16.1 10.9 1.8
2.1 33.2 86.2 2.2
1.3 26.1 11 2.5
2 39.7 27.6 2
4.7 26.7 33.8 1.7
1 10.5 72.5 2.4
3.2 43.1 51.4 1.7
1.2 14.3 27.7 2.1
2.7 47 75.9 1.6
1.6 40.2 55.4 2.5
2.9 40.2 35.1 2.4
1.4 46.8 75.3 1.6
2.1 40.7 22 2.1
4.6 41.1 36 1.9
4.6 32.5 31.5 1.7
1 32.1 62.2 1.9
2.4 16.7 61.7 1.6
2.6 49.3 91.1 2.4
3.1 23.8 57.8 1.7
2.3 42.2 28.9 2.5
3.7 48.7 40.8 2.3
4.8 13.6 36.6 2.5
4.1 24.6 56.5 2.4
3.5 35.7 33.2 1.7
4.7 19.4 25.4 1.7
4.7 37 81.8 1.9
1.5 33.9 33.7 2
3.9 13.6 62.1 2.5
4 35.9 75.9 2.2
2.8 43.1 63.1 2.1
3.3 21.2 53.1 2.5
3.1 27 19.7 2
4.4 28.2 76.2 1.6
4.3 23.4 56.7 1.7
4.1 27 16.2 2.1
4.3 16.1 93.2 1.6
1.5 27.4 39.6 1.6
3.2 30.2 35 2.2
2.7 31.6 22.8 1.8
2.4 23.8 78.6 1.9
4.7 29.6 23.2 1.8
3.6 28.3 83.7 2
3.1 28.5 44.8 1.8
1.2 11.9 85.4 2.2
4.6 45.4 17.1 1.9
1.3 47.6 9.2 2.1
3.2 38.7 34 2.1
4.7 30.3 37.4 2.3
3.2 28.1 43.6 2.5
3.8 46.7 65 1.5
1.2 11.8 82.1 2.2
3.6 29.6 40.1 2.3
1.5 26.2 20.4 1.8
3 40.6 32.2 2.5
2.4 49.2 79.8 1.9
3.9 21.4 10 2.1
4.7 39.4 11.1 2.1
1.4 38.5 80.9 2.4
3.1 37.6 13.8 2.2
4.6 40.5 5.4 2.2
4.5 34.3 68.2 2
1.3 27.9 16.9 1.6
2 24.5 42.2 1.8
2.6 13.6 46.7 1.8
2.2 24.8 69.7 2.3
3.7 20.3 26.9 2.1
1.2 44.4 82.7 2.4
2.4 31.1 49.2 2.3
2.2 16.6 80.7 2.2
3.6 46.1 71.1 2.5
3.9 47.9 28.5 1.9
2.2 23.7 25.6 1.9
2.4 46 52.6 2.4
4.6 24.9 6 2.3
3.9 46.4 93.9 2.3
2.3 20.4 25.1 1.8
2.3 11.4 20.9 1.7
4.8 10 32.4 1.8
4.3 49.2 84.6 1.5
2.9 20.4 24.9 1.9
4.9 15.2 94.6 2.1
4.4 15.6 74.2 2.4
2.6 15.9 62.6 1.8
2.1 24.1 9.2 2
3.9 25.8 6.3 1.7
4.2 44 46.6 2.4
4.6 37 54 1.6
4.9 39.5 45.4 1.6
4.7 12.8 37.5 2
1.7 26.4 60.6 2
4 28.1 87.2 1.9
2.4 15.3 74.3 2.4
2.2 45.2 51.2 2.3
3.8 14.2 46.8 2
2.1 46.8 17.4 1.6
4.8 29.8 24 2.3
4.7 11.4 93.6 2.1
4.3 23.6 58.1 2.1
2.2 15.8 57 1.9
1.8 21.3 48.2 2.1
4.5 33 11.9 2.3
4.4 10.5 66.7 2
4.9 47.6 44 2.4
1.1 38.7 5.2 1.7
4.9 43.1 50.2 1.7
1.1 17.6 7.8 2.2
1.4 26.5 84.2 2.3
1 43.1 16.5 2.3
3.2 40.6 57.1 1.9
4.1 39.6 58.7 2.3
1 32.3 6.1 2.1
3.7 34.8 47.1 2.3
1.8 36.9 92.8 1.7
1.3 39.6 35.8 2.3
2.5 31.4 93.9 2
2.9 22.6 13.9 2.4
4 48.2 82.8 2.4
1.9 28 58.3 1.6
1.3 11.5 59.6 2.4
1.6 37.5 46.1 2.2
5 43.4 71.7 2.3
1.8 20.3 78.3 1.8
4 46.8 37.2 1.7
3.4 25.4 54 1.7
1.5 23.8 70 2.2
1.5 39.4 88.9 1.8
1.8 48.4 14 1.9
3.5 45.9 64.5 1.8
1.7 19.4 40.4 1.9
4.7 38.9 29.1 1.9
2.6 39.9 56.7 1.9
4.2 15.7 17.7 2.3
1.2 28.7 16.5 1.9
1.6 44.8 89.2 2.5
1.7 15.3 81.6 2
2.8 25.5 61.5 1.8
2.8 45.8 32.2 1.7
3.3 27.6 7.3 2.1
4 25.9 80.6 1.5
4.7 10.6 9.9 2.3
4.6 19.2 69.2 1.7
4.6 47.2 37.9 1.6
2.3 33.7 75.4 1.8
2.6 16.9 48.9 2.4
3.1 10.7 7.1 1.8
3 18.6 13.5 2.5
2.7 31.3 47.5 2.4
2.5 12.9 78.4 2
4 22.4 89.4 2.1
3.1 22.2 31 1.5
5 29.1 34.6 2.4
2.8 37.3 68.9 2.2
3.3 29.8 7.9 1.6
4.4 31.2 50.4 1.9
2.4 46.1 81 1.6
3.7 32.6 71.5 2.4
1.6 11.9 75 1.8
4.2 10.6 63 2.1
3.5 23.7 92.4 1.6
2.9 41.7 80 1.9
1.3 22.3 83.7 1.7
3.4 11.7 66.5 2.4
4.8 40.7 63.5 2.4
3.3 23.8 82.3 2.1
2.7 49 89.2 1.7
4.5 35 73.8 2.3
2.5 36.4 74.9 2.3
2.3 39.3 7 1.6
2.3 33 80.4 1.7
4.9 17.1 88.8 1.6
1.4 18.9 38.6 1.8
2.6 15.2 78.3 1.6
2.4 16.8 80.9 1.6
4.9 38.1 9.4 2
1.2 13.9 85.4 2.2
1.7 26.8 9.2 1.8
1.9 38.6 28.7 2.2
4.3 33.7 69.1 2.4
3.9 46.3 24.6 1.9
3.6 40.9 28.7 2
4.2 35.3 77.7 2.1
3.1 40.6 56.7 1.8
3.1 12.1 94.8 1.7
5 45.5 78.7 1.9
2.1 32.1 48 2.4
1.4 26.1 81.2 2.2
3.7 25.1 31.7 2.2
1.4 13.4 18.5 2.3
4.6 47 58.6 1.7
1.7 12.5 47 2.2
2.7 41 10.9 2.1
3.7 11.2 85.7 2.3
2.8 16.8 59.7 1.9
4.9 19.3 16.3 2.1
3 33.6 59.9 2
4.5 21.8 53.6 1.6
4.7 10.8 31.3 2.2
3.1 35.1 74.8 1.7
2.4 46.2 24 2.4
3.4 47.7 86.2 2.4
3.5 34.2 51 1.9
2.6 22 11.7 2
2.5 49.4 13.9 2.1
2.3 33.7 34.7 2.2
4.6 26.9 70.7 2.4
2.3 24.8 7.2 2.1
1.5 47.4 21.1 1.9
4.5 12.3 27.1 2
2.3 45.6 50.1 1.7
2.9 40 53.3 2.2
3.8 12.3 74.1 2.4
2.3 12 23.7 1.6
1.6 48.3 58.2 2.5
1.4 26.9 14.2 1.8
4.1 15.7 43.6 1.6
2.5 46.9 56.8 2.4
3.9 28 91.5 2
1.5 43 17.8 1.7
2 11.1 76.7 1.8
4.2 19.5 71.3 2.4
1.8 28.8 35 1.5
3.6 12.9 51.3 2
4.5 33.4 30.9 2.5
3 13.2 78.3 1.7
1.5 36.7 80.4 1.8
4.8 29.4 15.2 2.4
2.3 39.3 67.9 1.6
2 48.6 70.3 2.3
3.3 27.5 23.4 1.9
3.7 29.2 51.4 2.2
3.5 14.5 35.6 1.5
3.4 20.5 14.1 2.4
1.7 33.2 58.7 1.7
2.3 45.5 72.7 2.5
1.3 26.6 72.4 2.2
3.5 21.8 30 1.8
4.9 34.3 36.4 2.2
2.5 37.1 37 1.9
4 31.4 88.3 1.8
2.9 21.4 6.5 1.6
4.9 42.1 77 1.7
1.7 36.5 77.3 1.7
1 16.2 90 2
1.8 10.5 43.7 1.9
2.1 47.5 70.7 2.1
2.8 32 32.4 2.1
1.6 11.3 63.4 2.4
1.8 33.9 19 1.7
1.9 27.5 79.3 2
4.6 44.3 52.7 2.3
4.6 36.4 40.4 2.4
3.2 45.7 6.1 1.6
1.7 21.8 8.9 1.7
4.7 32.9 34.3 2.3
4.6 16.8 30.4 2.3
3.1 44.4 51.7 1.6
2.3 24.4 69.3 2.4
1 42.4 8.3 1.9
3.1 29.4 75.2 2.5
3.3 10.5 61.6 2.3
1.2 29.5 80.7 1.9
4.5 43.7 17 2
3.9 46.1 67 2.4
3 46.3 17.2 2.3
3.6 22.6 37.9 1.9
1.5 20.9 72.2 1.7
1 39.4 53.6 2.1
1.2 48 57.5 1.7
2 25.3 19.1 2.2
3.6 23.6 19.6 2.3
4.1 49.4 6.5 2.1
4.9 46.8 71.4 2.3
3.6 10.6 39.2 2.3
1.5 15.1 35.2 2.4
1.5 26.8 52.6 1.7
2.3 45.4 86 1.6
1.3 28.4 79.1 1.9
4.9 25.7 69.6 1.5
3.2 31.7 13.3 1.8
1.2 10.8 60.9 2
1.8 24.2 20.1 1.6
3.4 48.5 72.9 1.7
2.5 44.6 48.7 2.2
2.6 29.1 59.3 1.6
3.5 31 67 1.7
1.4 12.6 19.4 2.3
2.9 36.7 87.9 2
3 42.3 86.6 1.8
1.6 31.6 59.2 2.3
2.7 24.8 46.9 1.7
4 50 13.5 1.7
2.9 12.6 93.3 1.5
1 32.3 86.4 2.2
1.7 32.9 16 1.7
4.5 41.9 59.1 2.2
4.5 21.2 73.9 1.6
4 17.5 48.2 2.2
1.1 48.6 78.3 1.7
2.4 49.1 55.2 1.7
3.9 17.9 12.7 2.1
3.4 15.7 63.5 1.8
2 30 40.6 1.9
4.5 31.8 36.3 1.9
3.8 46.4 77.6 2.4
3 45.4 28.4 2.4
1.1 42.4 32.7 2.5
3.2 23.7 8.4 1.6
3.4 47.8 19.1 1.6
1.5 12.7 89.4 2.2
1.6 44.7 31.2 1.9
1.8 18.3 22.3 2.3
4.4 27.9 14.5 1.6
4.7 29 35.2 1.5
3 33.5 14.4 2.3
4 36.3 50.3 1.9
2.3 13.3 44.5 1.9
3.1 36.3 91.7 2.5
2.8 45.8 40.4 2.3
4.6 22.8 8.9 1.8
3.6 12.8 44 2
2.7 12 56 1.7
3.4 15.6 5.7 1.8
3.6 17.8 88.2 2.1
4.2 19 93.8 1.9
3.7 47.2 56.2 2.3
3.7 29.3 75.5 1.8
4.1 38.7 21.1 1.7
2 12.3 92.9 1.6
3.7 45.3 63.5 2.3
2.7 37.8 67.7 2.1
4.4 22 94.6 1.7
4.8 15 54.9 2.5
1.6 17.6 22.2 2
4.6 14.8 91.4 1.9
2 40.7 67.4 2.2
3.6 12.3 44.1 1.6
3.4 34.9 61.2 2.1
1.5 30.3 63.3 2.1
4.2 27 10.9 2.5
1.9 13.9 57.9 2.3
4.4 34.3 70.4 2.4
4.6 39.3 87.3 1.9
4.7 37.2 40.5 1.7
4.8 16.1 18.3 1.7
2.3 23 75.8 1.8
1.8 48.9 70.7 2.1
2.4 38 93.5 2.2
4.8 30.2 73.6 1.7
2.3 48.7 86.1 1.6
3 17.5 23 2.1
1.7 43.1 43 1.6
2.8 47.5 57.2 1.9
4.8 27.3 64.9 1.8
4.2 25.2 23.9 1.7
1.1 48.7 83.8 2.2
3.8 21.3 20.3 2.3
2 11.1 16.7 2.2
4 17.2 42.8 1.6
2.1 35.5 44.9 2.2
1.1 43.1 27.1 1.6
2.9 34.6 95 2.3
5 45.4 10.9 2.2
1.6 12.3 23.1 1.9
4.8 48.2 44.9 1.6
3.7 20.2 76.1 2.2
3.5 46.8 18.3 2.3
4.7 48.6 49 2.3
3.7 40.2 85.3 2.4
2.3 32.2 24 2.3
1 16 58.9 1.6
4 23 78.4 1.6
2.1 11.8 36.5 1.6
1.5 46.9 89.7 2.2
1.9 47.3 24.1 2.5
2.8 12.1 77.7 2.1
1.6 26.1 78.2 1.5
4.4 38.4 67.5 2.5
2.9 48.8 93.2 2.3
1.4 34 50.1 1.8
4.8 15 78.6 1.6
2.3 33.1 52.7 2
3.7 14.1 68.7 1.6
3.1 21.4 19.2 1.5
1.4 26 20.9 1.9
4.8 35.4 89.3 1.6
3.8 22.9 50.3 1.8
2.8 26.4 89.3 1.8
2.7 10.1 89 1.8
3.5 15.8 44.4 1.6
2.2 28.3 25.5 1.8
4.3 19.7 30.2 2.2
2 17.1 31.1 2.1
2.1 29.4 85.7 2.3
4.6 27.9 52.7 2.2
2.7 13.7 62.4 1.7
5 27.6 20.7 1.6
3.5 47.3 19.8 1.6
3.4 34.2 63.2 2.2
3 35.5 80 2.4
4.3 16.5 87.6 2.2
1.4 44.4 18.3 2.4
3.5 44.7 92.4 1.9
1.2 37.9 54.7 2.2
4.5 14.8 89.9 1.8
2.6 26.8 20.4 2.4
1.1 46.9 23.2 1.7
4 47.1 72.2 2.1
2.4 49.7 89.1 2.3
4.8 23.3 64.5 2.2
1.9 19.6 20 2.3
4.2 27 5.3 2.3
3.4 42.3 45.7 1.6
1.3 27.7 70.4 2.2
2.2 39.3 73.6 2.1
3 40.3 47.3 2.4
1.6 32.4 27 1.8
2.6 36.5 11.4 1.8
3.5 41.9 46 1.8
2.4 30.1 85.9 2.2
3.5 19.3 51.2 2.4
4.1 18.9 61.3 2.3
3.6 28.8 26.9 2
2.9 31 80.9 2.2
2.2 43.5 21.7 2.4
3.3 26.7 25.7 1.7
2.1 39.7 18.2 2.5
4 13.9 21.8 2.4
3.2 29.6 33.8 1.9
3.9 23.4 36.7 1.8
5 12.8 43.6 1.6
1.5 36.5 21.1 2.2
1.1 34.3 82.3 1.9
1.6 38.4 34.9 1.9
3.1 29.6 19.7 2.2
4 39.1 71.8 1.7
4.7 40 68.6 1.9
2 40.1 72.4 1.7
4.9 29.2 12 1.8
2.8 47.6 74.7 2.3
3 26.2 86.1 1.8
5 32.2 27 1.8
2.4 24.8 39.5 2.3
2.9 39.8 67 2.2
3.4 39.8 17.1 1.8
3 41.6 66.3 1.9
3.8 30 52.3 2.3
1.1 15.7 58.5 2.3
1.5 39.8 65.5 1.6
1.6 11.4 64.8 2.1
4.8 13.6 89.8 2.1
1.9 18.2 58.3 2.4
2.9 43.2 91.8 1.9
3.4 43.6 53.3 2.4
4.8 33.5 26.6 1.9
1.8 25.5 27.1 1.6
4.9 17 21 1.9
4.3 27.8 54.3 2.5
4.2 33 67.5 2.4
3.5 29.8 56.9 2.1
1.1 32.8 34.3 2.5
1.3 29.8 55.1 1.9
4.3 37.9 8.8 2.3
3.7 31.9 39.5 2
4.2 22.9 68.7 2.3
4.2 41.9 54.6 1.9
4 30.6 88.6 2.1
1.1 39.9 7.5 1.9
4.9 40.8 53.6 1.7
1.8 16.2 38.4 2.2
2.7 33.5 37.8 2.4
4 13.9 38 1.6
3.9 15 11.1 1.6
2.7 18.5 77.1 1.7
1.4 49.3 22.1 2.2
4.1 30.2 20.7 1.9
1.1 11.5 72.4 2.2
3.5 14.5 90.9 2.5
4.3 49.6 79.5 1.6
4.5 28.1 43.8 1.7
4.9 41.5 60 2.3
2.7 17.2 18.3 2.2
2.7 48.1 30.5 1.8
4.1 16.4 72 2.2
3.9 19.1 14 1.7
3.9 48.3 27.3 1.7
1.2 37.7 52.1 2
2.7 12.6 8.6 2
4.1 26.3 37.5 1.6
1.8 22 54.7 1.8
1.4 33.5 13 1.7
2.9 22.9 10.3 1.5
2.4 35.9 59.8 1.9
3.9 20.7 79.8 2.2
2.5 20.3 92.2 2.2
2.3 31.4 81.7 2.4
1 44.9 82.9 2.4
2.1 42.4 34.7 2.2
5 47.6 13.5 1.8
1.4 25.2 89.4 1.6
4.1 23 39.3 1.8
1.4 26.1 61.1 2.2
3.5 40.6 6 2.2
2.9 35.7 33.4 1.6
2.8 23.8 44 1.7
3.7 35.6 70.8 1.8
4.1 48.1 42.8 1.9
1.3 49.4 89.3 1.8
4.9 43.7 28.1 2.5
4.1 30.7 67.6 2
1.7 23 77.6 1.7
4.6 45.3 38.8 1.9
1.9 21.5 39.8 1.8
2.8 43.9 67.6 2.1
3 11.3 5.7 1.8
4.3 17.1 8.1 1.9
4.6 36.4 50 1.6
1.5 49.8 90.6 1.8
4 20.6 5.4 2
2.9 47.3 17.4 2.4
1.5 44 49.7 2.2
3.5 39.5 42 1.8
4.7 21.8 94.5 2.2
2 43.1 85.7 1.6
1.9 28.1 57 2.2
2.1 36.6 13.5 2.1
3.1 43.5 24.8 2.4
3.6 45.6 44.6 1.9
3 48.3 43.2 1.9
3.4 34.9 29 2
2.1 46.5 68.5 2.1
4.5 41.4 7.9 1.8
4.9 12.8 60.3 2.2
1.2 26.9 6.5 2
4.1 48.7 71.9 1.7
4.7 27.6 44.7 1.8
3 26 86.5 1.7
4.5 36 69.2 1.5
2.5 40.8 16.8 1.5
1.7 45.1 54.5 2
2.4 40.9 43.2 1.5
5 34.4 30.2 2
2.7 46.7 26 1.9
3.6 20.2 25.5 2
1.7 17.6 7.7 1.6
5 33.1 50.4 1.9
2.6 46.3 82 1.8
3.1 17.3 73.8 2.2
4.4 11.2 94.1 1.5
3.8 40.6 74.6 1.7
1.9 46 94.1 2.2
1.8 17.2 68.3 2.1
3.6 47.1 53.9 1.8
1.9 30.7 44.1 1.6
1.9 11.1 69.4 2.4
2.6 29.5 39.8 1.7
2.2 11.5 57.9 1.6
3.9 45.9 69.7 2.4
2 29.8 84.2 1.6
4.6 13.1 30.7 1.8
2.4 19.6 86.6 1.9
3.5 21.3 31.1 2.2
2.9 38 16.2 2.2
3.1 14.7 72 1.9
3.7 29.5 25.4 2.2
4.8 31.1 5.9 1.6
4 39.2 39 2.1
2.4 28.7 6.2 1.6
2.7 32.5 51.8 1.9
3.2 18.9 78 2.3
2.7 22.2 86.3 1.9
2.7 12.9 78 1.6
2.7 45.7 84.9 2.4
2.3 25.9 17 1.8
2.8 36.1 66.6 1.6
4.8 45.2 27 2.3
4.2 20.1 45 2.4
1.1 11.1 70.9 2
3 24.7 21.6 1.8
4.4 29.1 45 2.3
3 40.4 51.8 2
3.2 12.2 63.7 2
3.8 10.1 80.4 2.4
3.8 15.7 28.4 2.2
4.3 49.8 51 2
3.8 32.4 66.2 1.9
2.4 12.6 39.5 1.8
1.5 23.4 62.8 1.7
2.7 24.4 62.1 2
2.2 37.9 24.9 1.6
3.2 45.6 33.6 2.3
4.8 34.2 79.4 2.3
2.6 29.4 9.4 2.3
3.2 31.3 33.3 2.2
1.2 11.8 15.7 1.8
2 39.9 86.3 2.5
2.6 49.2 93.5 2.4
4.4 38.8 24.9 1.5
1.5 30.8 88.1 2.3
5 14.3 26.7 1.6
2.8 37.4 32.4 2.2
1.5 45.7 74.6 2.3
2.1 17.7 22.1 1.7
4.4 12.6 25.7 2.2
4.1 39 9.3 2
2 16.9 75.1 2.3
3 12.2 26.4 2.4
2.7 14.5 48.4 1.6
4.6 12.6 11.4 1.9
2.1 38.8 11.7 1.8
2 44.7 7.9 2.5
2.3 22.6 36.1 2.3
3 22.4 93.3 2.3
2 42.3 9.9 1.8
3.4 26.5 54.3 1.5
1.6 23.3 62.6 2.3
4 46.8 76.3 2.4
3.4 26.7 58.7 1.9
2.3 49 6.5 2
4.3 20.7 69.6 2.4
3.7 36.6 23.2 2.1
2.4 25.1 88.2 1.7
1.4 41.2 68.8 2.5
3.7 13.8 64.4 2.4
4 34.4 51.7 2.4
4 17.3 53.6 1.8
1.1 10.3 57.3 2.3
2.6 42 52.6 1.8
4.5 38.9 84.2 1.7
4.6 45.5 62.4 1.8
1.9 11.1 23.6 2.2
2.1 45 83.9 1.8
2.3 47.6 69.5 1.7
4.6 48.4 58.7 2.2
2.6 41.3 73.6 1.8
1.9 25.7 88.1 2.5
1.9 38.4 8.8 2
3.8 16.4 28.7 1.7
4.4 49.7 11.2 1.5
3.6 15.5 93.1 1.9
4.9 33.9 12.3 1.6
1.5 24 38.9 2.2
4.4 17.1 51.5 2
4.2 23.4 31.5 1.9
3 36.5 61.9 2.1
3 26.6 29.5 2.2
4.6 17.2 69.1 2.2
1.2 11.3 17.2 2
5 11 58.6 2.3
2 11.6 59.8 1.7
4.2 48.5 61.9 2.1
4.3 31.7 82.6 1.6
3.6 25.9 22.8 1.8
1.6 15.3 59 1.6
4.9 12.2 47.9 1.7
4.6 23.4 52.4 2.1
1.9 19.4 45.3 2.2
4.7 49.1 79.1 1.9
4.3 39.4 31.4 2.2
3.1 26.2 75.6 2.4
4.4 23.4 65.1 2.1
3 11.4 7.9 2.1
3.7 47.2 48.4 1.8
2.4 26 48.4 1.7
3 34.7 49.8 1.6
3.5 48.9 12.7 2.3
1.8 42.8 83.9 2.4
3.2 22.2 43.7 2
3.4 32.9 73.1 2.5
4.4 14.3 9.2 1.9
1 18.6 50.6 1.7
1.6 43.5 73.4 1.7
1.3 41.8 24.9 2.3
1.8 42.9 10.1 1.9
3.3 17.3 55.7 2
2.6 25.5 38.8 2.1
3.1 19.1 11 2.1
3.4 14.7 61.6 2
3.4 35.6 42.4 1.6
1.6 35 80 2.1
4 46.2 30.9 1.9
4.4 40.1 30.1 2
4.5 15.5 27.1 2.3
1.2 13.8 49.1 2.1
2.8 17.2 46.5 2.1
3.9 36.6 18.4 2.3
5 34 58.2 2
3.9 34.8 6.4 2.4
3.2 41.1 23.2 1.7
4.2 12.4 71.6 1.6
3.7 48.3 13.3 2.5
4.4 48 80.6 1.6
2.7 43.1 29.2 1.7
1.6 37.7 79.2 1.6
2.2 22.8 80.1 1.6
2.2 26.7 41.8 2.1
2 48.8 79.5 1.8
3.4 23.2 73.7 2
3.7 11.5 65.7 1.7
1.3 22.2 18 2.4
4.3 33.5 61 2.2
4.7 49 66.6 2.5
2.2 44.5 85.5 2.4
3.8 42.7 52.2 1.8
4.8 41.3 53.1 1.5
1.4 33.5 30.1 1.9
3.7 34.7 62.1 1.7
3.2 39 12.3 2
2.3 39.3 17.7 1.6
4.3 19.7 32 2.3
2.6 16.1 23.2 1.5
2.1 33.3 8.7 1.9
4.6 11.3 28.8 1.7
3.3 20.7 73 2.3
2.3 47.9 7.7 2.3
1.4 10.7 77.1 2.5
1.1 17 8.1 2.4
2.7 27.1 43 2.2
4.7 37.5 64 2
1.5 21.9 8.1 2.1
2.2 49.7 80.1 2.1
2.9 36.7 91.6 2.5
2.6 36.7 76.6 2.1
4.4 36.5 30.4 2.4
4 13.2 17.4 1.6
1.3 22 41.8 1.6
3.8 25.4 45.1 1.7
1.2 22.6 40 1.9
4 33.8 38.8 2
4.6 45.5 23.3 2.1
3.3 18.8 59.9 1.8
2.1 16.2 53.5 2.4
2.7 41.1 27.5 1.9
2.3 12.7 75.8 1.8
2.7 23.2 85.1 1.8
1.5 10.4 75.2 2.4
1.4 23.4 37.2 1.6
4.3 46.1 24.3 1.5
4.6 47.8 20.8 1.9
3.5 48.1 91 2.1
2.5 13.2 33.2 2.4
2.2 46.2 10.1 2.4
4.1 38 26.4 2.2
1.3 38.1 34.8 2.1
2 34.5 26.6 2.2
1.8 25.5 76.4 2.1
2.6 29.1 76.4 1.9
3.7 25.7 86.6 1.9
2.7 13.4 29.9 1.6
1.3 25 90.2 2.1
3.6 42.5 38.6 1.8
1.6 33.5 65.2 1.5
1 48.5 47.6 1.9
3.7 15.3 6.5 1.6
4.2 41.6 24 2.2
2.8 10.3 5.6 2
1.9 25.1 68.6 2.3
2.4 40.9 27.4 2.3
4.7 13.9 80.4 2.2
3.1 45.1 78.6 2.3
3.6 33.4 75.8 2.2
4 46.1 63.2 1.5
3.4 34.2 45.3 2.4
1.8 24.8 28.1 1.6
1.5 21.3 65.5 2.4
4.8 46.1 28.8 2.2
2.1 44.2 48.4 1.6
3.1 10.4 48 2.2
1.9 21 54.2 1.8
1.4 24.6 48.5 1.6
4 20 21.8 2.3
1.2 21.1 61.2 1.9
3.3 21.2 27.8 2
2.4 29.8 82.2 2
2 27.7 28.3 2.1
2.7 15.9 43.5 2.1
4.1 42.2 55.9 2
3.9 25.4 30 2.1
1.2 13.9 17.9 2
1.9 19.5 79.8 2.1
4.6 40.8 83.1 1.6
4.4 33.3 42.6 2
2.4 13.2 78.3 2.4
1 48.4 66.7 1.9
3.1 49.5 20.3 2.5
3.5 36.5 49 2.1
1.7 27.2 65.5 1.7
3.7 42.4 12.6 1.8
2.5 24.5 45 2.4
2.5 14.8 53.7 2.1
4 35.4 91.6 1.6
4 21.1 59.7 1.8
3.2 42.6 5.2 1.6
4.1 42.3 82.9 1.9
4.1 29.4 24.9 2.3
2.7 40.8 27 2.4
4.4 15 72.3 2.4
1.3 31.3 55.7 1.8
3 31 20.8 1.5
2.4 41.1 5.2 1.8
4.4 36.3 64.5 2.2
4 18.5 36 2.5
1.3 15.9 53.7 2.5
1.5 13.2 35.1 2.2
2.4 29.7 32.1 2.1
1.3 47.2 58.6 2.3
4.4 14.4 11.4 2
1.8 42.1 88.4 2
3.3 36.1 31.9 1.9
1.7 44.1 84 1.7
4.8 45.4 47.3 2.4
4.1 23.5 55.6 1.9
3.6 26.8 17.6 2.1
2.4 17.7 69.7 1.7
3.9 36.2 25.6 1.6
2.8 23.6 53.6 2.1
1.2 46.9 78.2 1.8
3.3 45.3 69.6 1.6
2.2 13.9 83.1 1.6
5 31.1 55.4 2
4.6 33.9 7.8 2.3
4.9 14.7 41.6 1.7
2.9 23.4 20.2 2.3
1.8 17.2 36.4 2
4.3 45 70.2 1.9
3.3 24.9 58.4 2.4
2.7 29.5 73.2 2.2
1.6 12 68.4 1.6
3.3 33.4 11.8 1.8
1.5 47.4 65 2.1
3.2 34.9 90.9 1.8
1.2 22.7 57.5 1.7
2.7 36 39.2 1.9
4.3 28.2 82.5 2.4
4.1 25.3 19.7 2.3
1.7 40.8 62.1 1.5
3.5 11.9 35.6 1.9
4.6 47.5 32.8 2
2.3 12.2 72.2 2
4.2 17.9 28.4 2.2
2.3 42.4 23.8 2
3.6 39.8 42.9 1.8
1.5 19 86.1 1.9
4.4 49.4 35.2 1.5
3.7 24.6 92 1.9
4.1 12.1 37.2 1.7
3.5 47.5 21.5 2
3 45.9 20.1 1.9
3.7 46.1 29.4 2.2
1.8 39.2 70.6 1.9
2.9 24.1 31.9 1.6
2.9 19.2 32.9 1.6
4.1 12.1 24.4 1.9
1.1 16.4 18.9 2.2
3.7 35.5 19.9 1.6
1 42.2 6.5 1.9
2.1 30.7 91 1.8
3.6 29.5 71.5 2.2
1.8 36.1 22.5 1.7
3.6 24.9 5.1 2.4
1.8 43.3 72 1.7
4.3 34.6 44.7 2.5
2.5 16.4 75.3 1.6
3.6 36.6 69.5 1.6
2.1 32.7 32.4 1.6
2 32.6 41.1 1.6
2 18.2 75.6 1.5
2.2 18.3 70 1.8
3.4 10.9 63.3 2.2
4.5 39.5 68.8 2.1
3.3 46 22 2.1
4.5 40.5 30.5 1.9
2.4 35.9 40.7 1.6
1.4 38.6 30.4 2
1.5 36.5 34.9 1.7
1.2 47.1 36.2 2.2
2.6 43.2 51.9 2.4
1.8 47.7 65.8 2.3
4.8 46.6 44.9 1.6
3.8 10.6 19.3 2.5
3 21.4 89.1 2.5
4.8 42 72.1 2.2
4.5 29.4 67.2 2.1
4 27.3 42.4 2.3
3.6 37.5 60.2 2.2
1 36.8 43.1 1.7
2.9 12.1 67.4 2.4
1.1 28.7 87.8 2
1.7 29.2 52.3 1.7
4 38.6 92 2.4
2.3 44.4 80 1.7
1.4 20.8 5.1 2.3
0.3 0.2 0.3 0.2 0.2 0.4 0.3 0.2 0.3 0.3 0.3 0.2 0.3 0.4 0.4 0.3 0.2 0.4 0.4 0.4 0.3 0.2 0.2 0.4 0.3 0.3 0.3 0.2 0.2 0.3 0.3 0.3 0.4 0.3 0.3 0.3 0.3 0.4 0.2 0.3 0.2 0.2 0.2 0.4 0.3 0.3 0.2 0.4 0.3 0.2 0.3 0.3 0.3 0.4 0.3 0.2 0.3 0.3 0.4 0.3 0.4 0.3 0.3 0.3 0.3 0.3 0.2 0.3 0.4 0.2 0.3 0.3 0.3 0.3 0.4 0.2 0.4 0.2 0.3 0.4 0.2 0.4 0.2 0.3 0.3 0.2 0.3 0.3 0.2 0.3 0.3 0.4 0.3 0.3 0.3 0.2 0.4 0.2 0.3 0.3 0.2 0.4 0.4 0.3 0.2 0.3 0.3 0.2 0.3 0.2 0.3 0.3 0.3 0.3 0.2 0.4 0.4 0.4 0.3 0.3 0.3 0.3 0.3 0.4 0.4 0.2 0.3 0.3 0.3 0.3 0.4 0.4 0.4 0.4 0.3 0.4 0.3 0.2 0.3 0.3 0.2 0.3 0.3 0.3 0.2 0.3 0.2 0.3 0.4 0.4 0.4 0.4 0.3 0.2 0.2 0.4 0.3 0.3 0.2 0.2 0.3 0.2 0.3 0.2 0.3 0.3 0.4 0.2 0.3 0.4 0.2 0.4 0.4 0.4 0.3 0.3 0.3 0.4 0.2 0.2 0.2 0.4 0.2 0.4 0.4 0.3 0.3 0.3 0.4 0.3 0.3 0.3 0.2 0.3 0.4 0.3 0.3 0.2 0.3 0.3 0.4 0.3 0.3 0.4 0.2 0.2 0.2 0.3 0.3 0.2 0.4 0.4 0.2 0.4 0.4 0.3 0.3 0.2 0.2 0.3 0.3 0.3 0.3 0.3 0.2 0.4 0.2 0.3 0.3 0.4 0.2 0.2 0.3 0.2 0.3 0.4 0.3 0.2 0.3 0.2 0.2 0.2 0.2 0.2 0.4 0.3 0.2 0.3 0.4 0.3 0.3 0.3 0.3 0.2 0.3 0.4 0.3 0.2 0.2 0.3 0.3 0.2 0.3 0.3 0.3 0.3 0.2 0.4 0.3 0.3 0.2 0.3 0.2 0.3 0.4 0.4 0.3 0.3 0.2 0.2 0.3 0.3 0.3 0.4 0.4 0.4 0.2 0.3 0.3 0.4 0.2 0.2 0.3 0.3 0.4 0.4 0.4 0.2 0.3 0.3 0.2 0.2 0.3 0.3 0.2 0.2 0.2 0.4 0.2 0.3 0.3 0.2 0.4 0.4 0.3 0.2 0.4 0.3 0.4 0.4 0.3 0.4 0.2 0.3 0.2 0.2 0.2 0.3 0.3 0.3 0.4 0.2 0.2 0.3 0.3 0.2 0.3 0.3 0.3 0.4 0.3 0.2 0.2 0.2 0.3 0.4 0.3 0.3 0.4 0.2 0.4 0.2 0.4 0.4 0.2 0.4 0.3 0.2 0.2 0.3 0.3 0.2 0.3 0.2 0.2 0.4 0.4 0.3 0.4 0.3 0.4 0.4 0.4 0.3 0.3 0.4 0.3 0.4 0.4 0.2 0.4 0.3 0.3 0.3 0.3 0.2 0.3 0.4 0.3 0.2 0.3 0.3 0.3 0.2 0.2 0.4 0.4 0.4 0.3 0.2 0.4 0.4 0.3 0.3 0.4 0.2 0.4 0.4 0.4 0.2 0.2 0.3 0.3 0.2 0.3 0.2 0.3 0.3 0.3 0.3 0.3 0.4 0.4 0.2 0.2 0.3 0.4 0.3 0.3 0.4 0.3 0.2 0.3 0.3 0.3 0.3 0.3 0.3 0.2 0.3 0.2 0.2 0.3 0.3 0.3 0.4 0.3 0.3 0.3 0.2 0.3 0.3 0.3 0.4 0.4 0.4 0.3 0.2 0.4 0.2 0.3 0.3 0.3 0.3 0.4 0.3 0.4 0.3 0.4 0.3 0.3 0.3 0.3 0.3 0.4 0.3 0.2 0.3 0.4 0.2 0.2 0.4 0.4 0.2 0.4 0.3 0.3 0.2 0.2 0.4 0.3 0.4 0.3 0.3 0.3 0.3 0.3 0.3 0.2 0.4 0.3 0.3 0.3 0.3 0.4 0.3 0.4 0.2 0.3 0.3 0.4 0.2 0.3 0.4 0.4 0.3 0.2 0.2 0.4 0.3 0.2 0.4 0.2 0.3 0.4 0.3 0.3 0.4 0.2 0.3 0.4 0.2 0.4 0.4 0.3 0.2 0.2 0.2 0.4 0.3 0.2 0.4 0.2 0.2 0.4 0.3 0.3 0.3 0.4 0.3 0.3 0.4 0.3 0.2 0.4 0.3 0.3 0.2 0.3 0.2 0.4 0.2 0.3 0.3 0.4 0.2 0.3 0.4 0.3 0.3 0.4 0.3 0.3 0.4 0.4 0.3 0.2 0.4 0.2 0.4 0.3 0.3 0.3 0.4 0.2 0.2 0.3 0.2 0.3 0.4 0.4 0.3 0.4 0.3 0.3 0.4 0.2 0.2 0.4 0.4 0.2 0.4 0.3 0.3 0.3 0.4 0.3 0.3 0.2 0.4 0.4 0.4 0.4 0.3 0.3 0.3 0.4 0.2 0.3 0.3 0.3 0.3 0.4 0.3 0.3 0.4 0.2 0.4 0.3 0.3 0.4 0.2 0.4 0.3 0.2 0.4 0.2 0.4 0.3 0.2 0.4 0.2 0.3 0.2 0.3 0.2 0.3 0.3 0.3 0.2 0.2 0.3 0.2 0.2 0.4 0.3 0.3 0.3 0.4 0.4 0.2 0.3 0.2 0.3 0.4 0.3 0.4 0.4 0.2 0.2 0.4 0.3 0.4 0.3 0.4 0.4 0.4 0.3 0.3 0.4 0.3 0.3 0.2 0.3 0.3 0.4 0.4 0.3 0.2 0.3 0.2 0.3 0.2 0.2 0.2 0.2 0.3 0.3 0.4 0.2 0.4 0.3 0.3 0.2 0.3 0.2 0.3 0.4 0.2 0.2 0.2 0.2 0.3 0.2 0.2 0.3 0.3 0.2 0.3 0.3 0.3 0.4 0.3 0.3 0.2 0.4 0.4 0.3 0.4 0.4 0.4 0.3 0.2 0.4 0.3 0.4 0.3 0.4 0.3 0.3 0.3 0.4 0.3 0.3 0.3 0.2 0.4 0.3 0.3 0.4 0.2 0.3 0.4 0.3 0.4 0.3 0.2 0.3 0.2 0.3 0.3 0.2 0.2 0.3 0.4 0.2 0.4 0.2 0.3 0.3 0.3 0.2 0.3 0.2 0.4 0.4 0.3 0.3 0.4 0.3 0.3 0.3 0.4 0.3 0.3 0.3 0.3 0.4 0.2 0.3 0.4 0.4 0.2 0.3 0.3 0.2 0.3 0.3 0.4 0.4 0.4 0.4 0.3 0.3 0.4 0.3 0.3 0.3 0.2 0.3 0.2 0.3 0.3 0.2 0.4 0.4 0.3 0.3 0.3 0.3 0.3 0.3 0.2 0.4 0.2 0.2 0.3 0.3 0.3 0.2 0.2 0.3 0.3 0.4 0.3 0.4 0.3 0.3 0.3 0.3 0.4 0.3 0.2 0.2 0.2 0.2 0.4 0.3 0.3 0.3 0.4 0.3 0.4 0.3 0.3 0.3 0.3 0.3 0.2 0.4 0.3 0.3 0.3 0.2 0.4 0.4 0.4 0.3 0.3 0.3 0.3 0.4 0.2 0.2 0.3 0.2 0.2 0.2 0.2 0.2 0.2 0.4 0.4 0.3 0.3 0.2 0.4 0.3 0.3 0.4 0.3 0.2 0.2 0.3 0.3 0.3 0.3 0.3 0.2 0.2 0.3 0.4 0.3 0.3 0.2 0.3 0.3 0.2 0.4 0.3 0.2 0.2 0.2 0.4 0.3 0.3 0.4 0.4 0.2 0.2 0.3 0.4 0.3 0.3 0.3 0.4 0.4 0.3 0.4 0.2 0.4 0.3 0.3 0.3 0.3 0.3 0.2 0.3 0.4 0.3 0.3 0.3 0.2 0.4 0.3 0.3 0.3 0.3 0.3 0.3 0.2 0.2 0.4 0.4 0.2 0.3 0.3 0.2 0.3 0.4 0.2 0.3 0.2 0.3 0.3 0.2 0.3 0.2 0.4 0.4 0.3 0.3 0.3 0.2 0.2 0.2 0.4 0.4 0.3 0.3 0.2 0.4 0.4 0.4 0.3 0.3 0.3 0.2 0.3 0.3 0.4 0.3 0.3 0.3 0.2 0.3 0.3 0.2 0.3 0.4 0.3 0.2 0.4 0.3 0.2 0.2 0.3 0.3 0.3 0.4 0.2 0.2 0.3 0.2 0.2 0.2 0.2 0.2 0.3 0.4 0.3 0.3 0.4 0.2 0.2 0.4 0.3 0.3 0.2 0.3 0.3 0.2 0.3 0.2 0.3 0.2 0.3 0.4 0.2 0.4 0.3 0.4 0.2 0.3 0.3 0.2 0.3 0.4 0.4 0.4 0.4 0.4 0.3 0.3 0.4 0.2 0.2 0.3 0.3 0.3 0.2 0.3 0.3 0.2 0.2 0.2 0.3 0.2 0.3 0.3 0.2 0.3 0.4 0.4 0.2 0.4 0.4 0.3 0.2 0.4 0.3 0.2 0.3 0.3 0.2 0.3 0.3 0.3 0.3 0.4 0.3 0.4 0.4 0.4 0.2 0.2 0.3 0.3 0.2 0.3 0.4 0.3 0.4 0.3 0.3 0.2 0.4 0.3 0.3 0.4 0.3 0.3 0.3 0.3 0.4 0.2 0.4 0.3 0.3 0.2 0.3 0.3 0.2 0.3 0.4 0.3 0.4 0.2 0.4 0.2 0.3 0.2 0.3 0.3 0.2 0.4 0.3 0.3 0.2 0.4 0.3 0.3 0.3 0.4 0.3 0.3 0.3 0.3 0.4 0.2 0.3 0.4 0.4 0.2 0.3 0.3 0.3 0.2 0.4 0.2 0.2 0.2 0.4 0.3 0.3 0.4 0.4 0.2 0.2 0.2 0.2 0.4 0.4 0.3 0.2 0.3 0.3 0.3 0.2 0.4 0.3 0.4 0.3 0.4 0.3 0.2 0.3 0.3 0.4 0.3 0.3 0.2 0.3 0.3 0.4 0.3 0.2 0.3 0.4 0.4 0.3 0.2 0.3 0.3 0.3 0.2 0.3 0.4 0.4 0.3 0.3 0.2 0.2 0.4 0.4 0.3 0.3 0.3 0.3 0.2 0.3 0.3 0.3 0.4 0.2 0.4 0.3 0.4 0.4 0.3 0.2 0.3 0.4 0.3 0.3 0.4 0.4 0.3 0.3 0.4 0.2 0.4 0.2 0.3 0.2 0.3 0.3 0.3 0.3 0.3 0.4 0.3 0.4 0.3 0.3 0.4 0.2 0.2 0.3 0.3 0.2 0.3 0.2 0.2 0.4 0.3 0.3 0.4 0.2 0.3 0.3 0.3 0.4 0.3 0.3 0.2 0.4 0.2 0.4 0.3 0.2 0.3 0.3 0.3 0.2 0.3 0.3 0.3 0.2 0.2 0.4 0.4 0.2 0.2 0.2 0.4 0.3 0.4 0.3 0.3 0.4 0.2 0.2 0.3 0.3 0.2 0.3 0.3 0.2 0.4 0.3 0.3 0.3 0.3 0.2 0.2 0.2 0.3 0.2 0.2 0.2 0.2 0.2 0.3 0.4 0.4 0.2 0.2 0.2 0.3 0.2 0.4 0.4 0.4 0.3 0.4 0.3 0.4 0.4 0.3 0.3 0.3 0.3 0.4 0.2 0.4 0.3 0.2 0.3 0.4 0.3 0.4 0.4 0.2 0.3 0.3 0.4 0.2 0.4 0.4 0.3 0.3 0.3 0.2 0.4 0.2 0.3 0.3 0.3 0.3 0.3 0.3 0.4 0.3 0.4 0.4 0.3 0.3 0.3 0.3 0.3 0.4 0.3 0.4 0.2 0.2 0.3 0.4 0.2 0.3 0.4 0.3 0.3 0.3 0.4 0.3 0.4 0.3 0.3 0.2 0.2 0.3 0.4 0.4 0.4 0.3 0.3 0.4 0.3 0.2 0.3 0.2 0.2 0.4 0.3 0.4 0.3 0.2 0.4 0.3 0.4 0.2 0.3 0.4 0.4 0.3 0.3 0.3 0.4 0.3 0.3 0.3 0.4 0.2 0.2 0.2 0.3 0.2 0.3 0.3 0.2 0.3 0.4 0.3 0.2 0.3 0.4 0.4 0.4 0.2 0.4 0.3 0.4 0.2 0.3 0.3 0.2 0.3 0.3 0.3 0.4 0.3 0.3 0.2 0.3 0.4 0.3 0.3 0.3 0.3 0.3 0.2 0.4 0.2 0.3 0.4 0.3 0.2 0.2 0.3 0.3 0.2 0.4 0.4 0.4 0.2 0.3 0.4 0.3 0.4 0.3 0.3 0.4 0.2 0.3 0.3 0.4 0.3 0.3 0.2 0.3 0.3 0.2 0.2 0.4 0.3 0.2 0.2 0.4 0.3 0.3 0.4 0.3 0.3 0.3 0.4 0.2 0.4 0.4 0.2 0.3 0.3 0.3 0.3 0.4 0.4 0.4 0.3 0.3 0.3 0.2 0.3 0.3 0.3 0.4 0.3 0.3 0.4 0.3 0.3 0.4 0.2 0.2 0.3 0.3 0.4 0.2 0.3 0.4 0.2 0.2 0.4 0.3 0.3 0.2 0.4 0.3 0.2 0.3 0.2 0.3 0.3 0.3 0.4 0.4 0.2 0.3 0.3 0.3 0.3 0.3 0.4 0.3 0.3 0.3 0.4 0.3 0.3 0.2 0.4 0.3 0.3 0.3 0.3 0.2 0.3 0.3 0.2 0.3 0.3 0.2 0.2 0.3 0.4 0.3 0.4 0.4 0.3 0.3 0.4
146 48 33 24 89 92 70 144 99 101 40 24 89 34 63 21 127 38 103 111 179 83 136 62 120 165 122 10 72 108 120 150 170 122 163 74 121 14 128 1 176 68 127 25 49 84 126 35 156 60 50 151 27 127 105 26 180 111 24 139 101 101 128 137 12 126 100 9 25 87 99 57 114 117 63 153 63 36 72 173 78 17 71 135 49 177 127 140 15 150 74 5 28 101 128 38 42 4 156 179 168 57 27 32 80 165 138 173 50 55 18 7 29 123 81 28 155 164 140 44 170 79 135 132 52 161 106 128 178 171 138 146 50 35 62 15 175 10 155 168 107 80 106 141 75 158 31 86 124 132 5 20 43 121 58 147 28 176 95 147 36 123 25 62 5 50 11 133 105 120 50 95 115 87 142 147 101 30 111 72 40 70 14 117 67 164 86 105 75 151 121 75 112 26 130 39 129 172 57 180 137 69 129 95 100 9 103 49 150 98 127 61 146 161 84 113 16 162 132 3 166 94 158 78 150 75 122 164 3 14 44 107 82 148 15 174 147 63 43 162 54 150 88 87 106 88 177 153 158 153 78 96 152 80 149 90 48 107 163 43 50 132 146 167 173 36 160 10 123 8 130 140 157 124 101 115 106 163 125 110 158 17 2 130 27 8 156 122 106 179 43 65 74 106 143 135 134 22 82 179 44 51 115 22 70 75 15 136 13 124 8 9 43 169 63 91 1 176 173 55 40 107 150 2 119 144 81 90 175 120 104 36 80 28 10 163 36 100 83 156 109 69 180 71 22 177 104 29 148 134 88 154 28 109 177 83 42 102 39 52 92 114 120 91 148 74 131 37 61 170 148 149 82 16 141 15 115 133 24 94 130 136 33 115 41 42 144 112 134 161 64 94 129 36 93 125 99 158 125 54 73 110 6 171 126 179 19 1 16 85 29 2 137 75 98 16 122 9 102 143 101 35 99 165 1 44 71 74 175 137 91 57 10 132 150 35 174 101 113 117 88 97 70 118 2 10 157 150 157 79 44 33 49 8 112 102 102 98 145 41 83 158 10 89 47 91 158 162 30 166 87 175 96 79 38 89 94 99 95 147 65 19 126 124 56 163 168 144 178 61 52 41 19 159 166 123 148 89 166 132 150 79 42 47 102 32 78 164 29 160 92 14 115 140 1 161 70 119 163 167 33 137 32 42 109 169 47 55 84 27 26 119 107 17 155 12 119 43 45 112 8 171 89 112 27 61 39 170 22 100 116 50 90 151 92 58 52 34 127 127 109 17 100 167 175 64 95 92 32 128 148 134 52 8 31 66 171 73 108 56 93 14 46 172 116 31 137 3 135 85 139 44 112 173 26 151 91 133 102 133 37 151 25 171 57 32 141 129 162 128 132 24 52 139 96 77 17 158 159 17 24 137 139 58 108 18 136 22 35 152 130 86 152 126 6 94 75 106 117 76 37 55 79 36 86 105 163 13 179 10 87 31 79 5 122 142 142 54 70 134 42 67 116 61 99 34 64 138 32 140 104 163 180 91 127 143 146 11 122 50 1 48 71 61 109 113 117 162 124 7 124 4 94 75 49 88 103 119 100 96 94 111 152 105 131 96 165 18 90 13 43 16 78 96 158 147 22 86 12 147 55 172 69 16 113 50 103 176 128 171 140 129 127 80 159 138 71 36 17 142 85 176 72 167 8 176 118 163 39 47 37 108 161 54 62 101 164 76 133 42 74 85 119 8 63 37 5 124 124 17 39 58 158 84 57 179 57 164 36 134 100 68 28 28 122 13 2 28 9 60 163 57 136 48 128 15 80 170 131 29 46 109 28 5 18 118 129 159 35 46 151 108 130 179 76 146 101 48 158 58 160 105 43 85 137 114 56 54 5 46 163 148 179 24 39 95 31 60 132 67 100 129 70 143 71 21 124 16 25 58 142 164 112 92 12 155 164 159 13 1 83 89 143 133 71 138 46 178 31 144 32 85 179 173 95 48 2 1 6 122 171 23 21 55 56 73 109 9 70 84 179 102 57 116 100 177 110 116 70 120 19 35 138 46 47 138 4 28 163 164 173 37 144 150 169 129 25 102 176 100 158 95 74 102 105 44 6 71 74 15 56 149 138 92 21 75 23 81 64 57 168 45 29 155 9 168 168 136 21 55 56 23 116 174 90 177 75 26 63 18 81 6 104 99 39 70 78 145 51 85 100 27 161 8 55 40 55 149 87 113 21 45 111 175 4 67 10 11 85 168 163 121 78 127 54 112 40 168 137 79 128 122 43 134 72 4 112 45 52 32 73 58 37 30 72 149 161 163 14 56 34 103 1 152 66 16 28 174 22 149 10 30 83 157 70 94 38 79 42 100 55 159 111 16 123 5 45 31 75 85 174 157 33 133 18 13 74 56 61 143 55 91 65 33 122 97 57 116 104 23 137 140 37 18 152 62 65 68 42 145 66 130 2 153 145 159 70 98 133 118 21 125 51 70 139 45 138 109 49 173 162 148 99 105 132 99 106 58 41 116 158 102 125 97 123 111 164 21 94 80 28 173 31 156 48 133 32 23 174 10 150 106 84 56 138 4 28 129 24 76 88 76 35 151 85 70 22 161 110 82 93 154 6 179 179 168 177 160 50 83 178 170 103 93 1 120 28 137 48 68 25 127 71 159 68 53 64 146 139 7 158 97 62 49 112 37 129 124 137 57 142 155 169 176 22 65 81 171 114 82 14 50 152 140 114 8 29 54 141 57 162 148 39 126 88 62 167 130 66 117 126 30 72 55 126 96 73 76 145 95 117 5 127 94 101 111 15 81 50 81 40 109 63 26 38 10 49 22 52 122 81 174 145 83 3 4 36 30 90 37 157 95 160 88 118 4 31 173 42 65 75 2 104 59 175 11 7 44 55 56 6 104 112 164 29 105 152 45 173 151 25 174 29 159 99 104 58 156 10 167 106 79 48 60 101 90 100 74 93 4 97 154 39 87 168 146 93 4 39 30 4 91 159 91 127 103 73 25 23 59 99 175 157 4 149 29 158 96 65 101 130 98 157 98 159 136 70 144 103 166 103 8 140 174 3 113 37 117 28 52 110 119 5 121 13 57 45 96 87 68 173 165 49 45 141 172 73 55 179 20 142 11 7 172 178 44 133 85 102 164 105 110 12 153 23 63 61 102 88 77 7 100 173 70 26 46 72 151 106 10 112 4 13 54 50 1 15 74 70 176 68 111 125 154 6 81 49 108 79 8 1 67 14 25 64 23 5 82 86 130 76 6 80 116 134 73 82 136 79 42 36 4 70 101 176 60 145 63 72 33 86 50 71 41 141 78 98 29 7 59 50 126 87 149 163 178 48 73 175 52 1 139 133 42 160 40 98 32 98 94 152 26 21 174 59 27 2 127 29 164 162 163 74 81 106 33 48 31 139 63 71 90 90 40 133 142 72 62 50 150 96 64 24 50 141 97 33 65 34 16 24 49 22 101 174 177 76 174 83 136 53 33 42 159 25 149 167 83 142 52 3 25 34 80 101 19 147 12 156 75 115 87 148 130 20 17 78 143 135 5 152 134 122 157 90 106 78 84 32 123 125 125 90 105 78 128 78 51 123 21 137 119 112 100 163 24 94 156 95 79
26 123 72 16 166 55 34 114 145 151 155 114 114 162 152 72 136 78 101 17 58 136 52 47 69 71 88 60 56 130 10 170 179 39 54 2 45 11 117 137 73 120 80 89 118 34 107 145 138 140 135 154 52 47 147 125 164 8 7 41 89 128 177 2 89 150 161 146 141 165 17 20 76 179 127 75 83 104 69 4 167 132 163 11 119 72 30 109 46 174 46 149 50 122 118 103 78 81 117 49 138 146 20 167 149 141 164 141 145 52 30 40 112 59 5 138 89 158 174 177 100 138 2 180 3 61 134 143 69 173 104 25 73 41 17 31 68 74 99 91 33 12 96 97 33 138 87 120 65 175 109 98 97 42 129 135 162 63 38 78 151 130 62 164 177 89 143 72 20 89 124 174 180 112 141 21 77 136 174 150 42 17 109 108 171 9 156 139 148 55 45 26 52 13 152 29 105 55 108 38 135 33 172 23 155 23 53 68 8 1 19 60 126 20 92 83 172 54 41 168 84 86 9 37 86 111 129 139 64 85 50 172 28 83 180 56 6 155 84 47 22 70 169 109 83 46 98 169 42 43 36 32 162 93 17 95 94 2 9 60 9 24 58 75 94 135 159 21 133 146 67 172 81 142 145 115 37 94 174 169 4 156 41 165 160 14 85 125 32 167 38 125 165 48 45 98 170 39 160 123 174 28 153 5 142 127 107 23 81 37 142 84 50 27 102 178 59 97 40 136 167 19 100 176 166 152 136 175 9 77 107 137 96 77 149 164 75 142 27 39 72 88 133 140 84 5 155 34 56 46 39 147 111 103 53 125 171 29 89 17 97 84 123 60 65 111 105 37 149 143 72 24 69 166 153 36 41 69 116 101 6 112 150 56 3 126 134 137 102 36 84 52 177 107 109 59 73 112 113 90 172 14 71 136 2 149 129 139 143 159 128 133 10 175 146 160 31 54 3 103 92 72 18 79 139 12 64 26 166 44 100 148 49 43 35 68 17 99 165 4 105 148 50 63 48 110 129 20 119 67 169 2 38 139 60 125 153 110 66 165 124 125 108 108 134 89 70 80 43 68 6 18 129 60 98 133 5 9 138 7 67 116 4 129 180 49 2 20 9 25 89 110 128 112 97 150 48 113 147 73 177 55 28 12 18 5 146 87 33 106 134 93 1 55 30 68 28 76 62 115 51 26 177 150 79 157 125 61 43 106 22 9 79 178 5 73 25 61 49 30 82 173 88 175 39 110 47 134 175 166 103 141 52 92 136 45 34 58 152 3 157 138 157 136 49 17 174 136 13 73 92 26 118 96 123 2 158 164 29 63 72 50 85 157 170 152 70 160 167 36 1 20 34 67 60 61 149 12 151 29 93 90 168 62 62 73 64 120 101 60 163 134 19 100 147 166 133 145 75 156 95 79 121 178 99 28 97 113 95 3 29 61 172 42 57 170 68 108 104 163 173 15 54 79 35 127 103 55 171 32 9 111 45 94 62 9 53 75 144 167 25 30 108 63 112 66 135 163 127 176 1 20 158 98 65 121 125 49 17 109 104 166 73 127 45 85 167 6 77 83 66 126 18 12 127 119 10 145 12 36 127 75 5 125 169 92 67 64 53 38 128 36 107 85 104 41 9 118 70 135 110 104 24 64 102 25 104 64 55 110 56 89 129 111 83 100 96 30 22 176 119 156 40 35 157 46 23 152 87 165 58 58 99 68 70 51 163 178 92 168 169 169 93 99 148 124 110 179 116 35 148 75 160 158 33 4 2 32 44 101 135 130 93 105 132 32 169 49 9 102 110 179 21 43 51 121 54 99 34 55 72 41 131 50 118 122 37 62 163 57 114 5 124 166 70 53 156 90 118 103 72 8 154 159 117 46 138 111 101 114 43 52 130 175 49 131 70 81 28 27 158 77 88 98 77 169 15 38 149 46 96 35 6 71 77 112 35 156 86 5 28 50 7 18 76 161 16 148 31 9 44 2 124 162 19 136 58 27 39 25 75 132 66 19 152 152 148 89 73 55 174 166 100 125 124 66 39 121 1 34 7 77 1 120 105 53 67 66 57 177 129 134 60 131 8 89 127 46 81 3 6 117 172 170 7 112 153 177 26 149 145 49 31 153 99 151 173 20 13 89 15 89 57 169 27 38 95 73 119 110 138 172 173 66 172 4 171 121 124 174 156 158 133 61 143 65 16 113 28 18 15 128 102 37 87 82 145 121 127 136 155 99 82 111 114 162 133 42 30 169 42 146 110 126 137 119 9 129 76 168 94 155 171 44 1 37 178 14 176 73 75 109 134 86 24 75 103 121 154 98 163 155 28 152 152 39 138 76 108 22 14 27 51 38 63 47 36 123 120 92 44 136 135 112 93 136 122 112 94 144 81 117 89 150 139 179 179 43 112 77 178 105 117 129 102 104 163 82 32 27 121 171 124 23 43 114 159 174 156 154 48 80 37 145 141 94 56 48 30 48 56 28 167 30 58 49 138 68 153 81 152 143 114 2 82 33 73 56 35 65 156 15 72 98 79 31 103 177 91 78 116 44 43 51 94 49 162 27 27 88 70 65 103 23 153 4 116 115 3 5 101 65 89 148 107 56 133 119 25 15 174 56 149 145 129 2 53 151 55 75 102 168 166 130 8 42 2 157 23 30 7 107 74 11 61 65 127 122 179 143 25 85 55 56 152 88 103 43 171 134 71 178 46 158 103 11 22 49 9 115 129 18 127 3 85 65 5 38 174 146 89 36 148 96 71 26 9 102 68 175 22 32 165 150 174 42 38 92 42 98 78 147 20 95 3 78 1 130 116 178 163 93 100 165 175 54 170 130 105 168 100 97 91 42 114 22 36 176 52 20 115 76 123 4 131 140 165 138 30 38 136 8 30 5 64 138 98 96 119 169 34 39 151 142 80 133 5 5 71 80 154 153 177 127 180 112 68 41 73 103 101 11 164 85 52 96 34 2 62 52 144 4 103 25 146 70 56 59 129 106 20 39 32 170 115 94 63 162 112 12 167 75 32 116 83 64 53 105 136 120 62 177 7 146 111 5 123 53 154 109 81 131 111 26 155 179 140 139 101 91 153 51 75 79 127 107 6 156 34 106 42 173 113 124 11 5 43 54 158 96 59 56 32 51 129 148 130 85 100 36 78 25 92 160 113 85 155 39 149 113 82 128 66 10 156 94 51 16 79 102 31 86 124 93 112 122 9 54 70 180 9 117 37 145 25 8 136 143 159 139 138 127 12 162 155 23 47 29 31 4 28 131 54 92 17 49 43 9 49 179 87 138 129 6 42 45 150 79 50 177 129 63 170 101 104 148 23 2 30 57 14 50 141 129 179 127 94 74 150 121 79 32 161 74 174 45 122 122 44 103 53 109 112 88 4 55 156 77 30 160 85 13 21 171 75 125 132 46 44 97 138 5 173 89 53 65 131 179 161 116 63 91 163 9 77 174 36 116 137 17 8 85 110 66 67 13 158 167 76 19 90 2 123 79 170 121 74 132 9 167 79 154 85 44 141 97 76 66 75 97 16 52 18 83 21 70 159 60 178 105 152 164 14 129 166 76 114 117 74 40 112 57 90 158 89 144 174 50 111 116 29 153 65 45 127 160 149 39 59 87
4 121 38 85 2 55 165 134 163 124 81 42 161 51 27 119 124 144 32 63 151 126 8 50 32 21 144 102 137 173 142 62 109 59 135 21 6 104 141 117 71 17 93 80 15 2 39 107 25 36 2 16 158 61 175 173 28 62 84 26 55 138 17 60 135 171 58 64 74 79 163 2 25 131 179 51 10 98 104 84 61 83 90 81 163 111 37 146 126 125 163 164 26 54 29 45 52 156 134 106 12 37 167 102 21 55 102 125 66 55 129 91 119 112 169 1 173 137 165 55 158 30 129 116 41 5 80 111 90 31 146 138 117 158 100 165 176 55 167 53 28 76 101 85 96 28 54 16 114 148 120 98 75 93 45 116 96 54 177 57 171 4 157 133 81 50 72 86 124 140 6 34 45 22 66 56 13 173 131 20 27 85 14 165 143 62 109 96 128 68 115 6 87 169 110 84 94 36 7 126 43 139 82 149 53 172 105 133 119 136 154 152 60 135 120 11 144 53 154 1 3 79 124 69 34 130 117 49 77 10 66 79 107 22 137 157 98 10 156 22 171 131 89 9 17 156 40 77 79 154 68 164 12 31 37 6 100 152 151 18 139 174 95 55 51 33 117 68 79 155 40 144 64 145 142 57 65 126 26 106 99 61 46 37 46 127 38 135 41 1 154 49 176 65 86 141 2 81 71 86 106 51 87 28 98 172 58 23 54 133 113 25 4 42 116 43 175 8 70 109 93 124 25 91 153 74 173 87 142 21 85 145 142 77 31 81 35 27 176 24 53 110 88 65 57 35 62 101 177 29 4 73 12 21 46 25 36 124 85 26 11 106 34 171 12 133 136 93 106 36 179 147 10 108 117 175 74 36 87 29 127 23 52 100 81 89 6 157 28 19 102 11 23 118 105 120 31 137 151 75 15 60 62 59 161 15 70 146 52 115 24 78 2 100 109 75 16 115 107 113 37 17 27 108 42 63 76 162 22 121 23 76 132 85 4 1 58 1 92 136 57 121 118 120 23 14 44 21 85 50 16 157 136 170 25 2 138 132 145 71 25 140 33 143 28 161 172 13 38 69 95 24 169 133 172 29 116 3 45 54 159 23 118 164 174 57 147 101 133 138 175 58 120 65 162 142 156 174 175 92 106 53 98 65 33 150 8 176 148 79 129 71 180 119 120 78 113 68 52 172 166 8 113 169 31 122 3 44 159 24 26 79 60 159 109 20 139 167 35 2 69 12 35 71 132 30 119 110 118 55 168 136 99 63 89 64 177 13 109 116 13 82 157 179 126 109 70 143 47 175 34 128 45 104 27 21 166 121 105 45 127 164 80 48 91 82 44 168 149 20 5 89 170 122 83 150 31 93 13 159 144 166 31 68 65 173 180 63 44 77 160 103 25 71 158 34 105 69 129 2 162 13 68 5 159 83 117 61 69 39 152 84 74 39 78 145 115 79 88 77 102 139 11 26 34 151 20 87 31 26 106 121 159 117 46 66 178 156 104 71 123 131 137 12 97 120 144 121 39 8 94 162 70 50 150 149 98 116 157 22 33 55 93 41 60 13 140 166 118 80 25 6 161 123 149 27 25 44 146 175 15 42 100 117 113 10 95 140 46 74 37 170 93 8 84 106 141 156 79 86 56 93 137 69 53 37 146 159 70 11 169 62 57 149 51 121 150 7 155 77 67 137 57 110 50 85 167 116 46 135 1 31 13 129 112 76 34 130 47 23 109 12 147 124 40 9 18 15 64 24 58 111 143 145 147 86 92 117 74 8 62 172 138 45 36 178 65 174 122 62 172 122 143 166 180 87 141 35 60 170 162 141 133 127 30 25 47 96 91 171 158 134 79 124 6 158 77 134 53 175 15 83 108 24 170 63 51 18 122 159 141 159 44 180 42 165 158 79 153 145 148 94 111 26 175 4 175 135 87 37 175 119 41 176 124 74 127 48 84 163 31 157 78 120 78 133 36 20 69 153 129 36 149 137 106 63 54 93 100 139 146 48 132 23 85 58 69 124 110 136 21 92 144 154 120 134 10 47 170 161 153 158 57 60 15 26 116 177 63 150 154 37 152 110 18 55 8 174 158 64 171 24 29 152 71 117 46 38 124 179 50 107 114 105 50 31 44 4 156 10 31 140 12 174 149 46 8 176 112 107 130 105 120 7 39 179 44 1 18 177 13 145 21 8 145 119 109 136 9 17 175 74 139 133 175 98 121 171 16 145 160 8 42 71 172 33 179 120 14 115 173 175 163 87 136 14 139 24 60 15 143 148 176 172 101 99 53 15 18 43 20 38 79 75 116 12 15 7 151 19 152 176 156 120 39 119 169 35 123 145 15 124 15 8 67 77 84 62 116 8 47 39 136 69 115 74 178 127 116 21 25 104 167 37 29 120 65 149 35 154 1 118 16 143 21 33 176 33 85 94 151 128 15 64 31 135 32 120 174 146 74 180 56 93 123 98 33 170 43 52 173 28 17 82 49 90 33 22 1 81 2 4 26 48 23 29 118 68 137 76 85 140 164 118 24 38 20 41 38 164 91 85 177 105 103 172 21 60 113 71 164 77 43 42 9 85 136 113 127 137 140 67 160 48 96 28 26 10 130 58 80 108 43 154 13 90 71 93 79 137 135 167 88 179 73 59 34 28 118 122 142 120 19 25 142 99 133 96 162 141 76 115 143 15 3 180 118 46 161 83 55 103 17 68 135 35 139 173 64 18 124 9 17 78 91 132 4 90 168 55 127 74 81 180 165 65 139 139 55 113 37 38 84 160 18 51 159 168 104 15 80 8 13 8 6 164 173 8 166 85 8 180 113 167 100 152 138 130 91 153 159 114 79 60 68 22 10 128 169 68 155 145 89 55 143 19 62 119 101 86 143 67 15 72 50 88 169 179 155 92 24 19 27 1 66 1 174 29 88 52 99 159 115 75 170 164 64 4 169 138 82 123 82 66 172 176 159 87 111 70 88 148 87 155 101 64 3 23 23 142 50 165 28 130 122 133 162 154 164 86 118 171 141 45 103 112 106 59 61 44 112 89 31 32 2 17 87 172 68 54 61 151 40 80 103 88 127 2 151 94 142 157 84 144 17 77 106 169 22 48 56 13 99 105 21 177 120 100 128 159 58 112 38 138 1 102 156 81 148 96 154 180 16 37 17 130 34 152 129 131 129 25 36 20 32 52 19 59 95 92 148 50 157 5 91 61 87 125 134 76 50 179 5 51 113 38 142 16 63 28 44 80 125 2 89 112 180 67 88 178 139 12 88 71 85 114 123 103 140 54 91 129 63 63 135 157 39 151 111 49 74 121 140 135 138 42 118 101 66 137 79 117 144 134 151 45 174 112 132 101 83 89 36 109 116 3 54 81 73 52 101 2 84 83 163 6 32 18 59 95 70 180 99 34 117 84 51 169 150 39 118 102 75 78 45 143 89 112 83 39 167 73 60 111 59 8 110 155 178 101 147 88 36 84 84 94 23 74 135 24 109 139 120 94 173 12 103 51 144 174 120 32 149 135 57 55 174 40 72 11 61 23 176 125 158 177 147 135 164 170 38 113 102 54 49 28 51 159 71 108 69 70 57 93 109 63 143 2 27 124 42 86 58 163 3 164 110 27 15 3
140 101 19 158 158 7 129 91 18 67 148 34 120 149 153 155 100 116 142 14 120 118 105 154 70 67 144 112 119 34 154 157 35 137 37 106 98 17 148 143 82 110 160 24 96 44 119 174 167 61 56 163 92 169 56 72 3 96 88 140 121 59 150 17 138 55 158 12 132 95 105 41 12 11 45 165 132 129 24 111 130 5 94 23 76 97 23 68 48 142 58 132 66 136 102 25 66 30 174 45 136 169 98 120 35 6 103 50 132 176 158 93 140 177 129 70 47 85 109 96 69 67 16 96 146 41 52 174 13 20 152 179 43 4 112 18 109 96 98 78 12 78 138 40 123 54 115 114 19 137 39 128 74 155 89 135 165 52 26 1 13 88 108 150 34 131 179 167 151 18 104 68 96 123 104 21 47 76 151 16 5 24 70 91 47 62 30 1 56 118 16 5 126 126 107 180 164 97 139 135 90 19 75 99 151 6 98 19 8 96 125 36 120 155 163 166 148 12 15 154 140 103 63 171 148 4 99 126 70 112 51 40 71 46 72 27 157 54 104 53 142 37 69 149 137 75 92 100 33 126 35 65 41 90 80 88 70 109 149 112 24 89 174 61 162 51 69 98 143 75 102 126 167 33 158 99 133 94 8 105 90 58 103 42 93 74 118 150 67 146 134 51 89 164 176 53 160 57 7 164 96 118 116 163 104 97 33 30 169 103 149 103 19 75 40 30 126 94 92 172 151 170 162 162 140 140 75 45 8 133 123 35 82 35 173 39 115 22 72 72 163 39 44 31 129 115 137 156 147 50 70 74 70 133 100 108 3 122 165 90 58 49 52 53 17 15 18 134 173 6 165 38 121 15 118 22 170 24 144 107 41 147 160 16 75 37 139 116 62 180 84 99 55 20 31 16 40 122 177 55 132 108 175 32 154 77 136 40 47 27 46 66 48 97 57 163 34 164 32 155 67 52 29 30 96 80 171 100 90 116 17 31 94 170 173 63 159 9 31 62 145 160 178 36 23 86 109 148 96 53 25 8 158 145 113 123 108 108 112 72 96 82 130 139 97 86 71 158 20 31 25 92 47 23 83 106 171 99 45 44 49 95 159 9 84 135 167 86 99 116 119 5 87 157 53 90 106 121 71 158 104 156 42 169 157 62 21 53 128 20 47 24 128 83 139 164 173 49 53 136 90 49 89 164 20 62 44 19 120 37 168 174 128 32 83 135 94 4 46 15 132 93 15 122 130 134 54 111 163 64 100 141 41 69 146 178 14 52 164 57 72 104 81 71 17 32 145 178 79 109 25 98 104 48 59 144 136 42 68 5 45 109 143 78 118 34 59 171 53 54 136 117 54 102 32 79 5 102 91 74 118 126 176 101 147 97 7 95 29 4 14 111 137 77 60 68 152 166 140 139 140 157 103 102 176 161 2 3 100 66 46 140 77 86 64 44 69 96 1 15 121 74 111 120 33 123 153 144 129 122 50 152 112 146 67 166 137 13 64 170 153 144 49 57 46 22 89 129 84 69 20 123 70 175 110 103 32 74 43 160 87 173 59 80 95 25 28 112 140 99 103 87 139 145 137 18 46 130 127 113 63 26 42 173 14 88 153 46 148 149 5 125 21 129 44 41 92 42 156 165 28 79 152 51 82 96 8 88 126 123 69 166 158 23 124 138 67 117 110 114 11 77 125 23 43 161 86 154 89 104 125 105 31 136 161 109 75 139 69 73 172 27 8 38 43 71 98 99 53 138 98 58 172 111 173 58 15 103 130 29 38 83 165 142 8 16 91 36 50 7 86 104 88 99 55 3 16 117 122 110 92 45 100 80 117 154 122 63 67 85 1 144 154 7 89 46 136 92 60 82 120 56 112 162 80 109 162 98 165 170 54 94 46 36 149 162 54 176 19 164 74 13 162 62 116 22 15 21 116 113 95 83 149 55 118 6 78 160 54 54 73 49 109 32 103 106 85 147 112 72 128 1 30 148 14 154 178 109 56 105 140 75 154 83 33 81 52 113 173 11 45 145 138 169 112 99 178 72 59 37 145 65 66 71 96 107 118 59 50 6 14 29 9 99 42 87 177 87 97 128 76 105 50 172 131 159 101 107 60 65 22 176 60 128 58 89 167 160 52 58 47 111 139 4 176 3 61 128 123 112 60 130 142 101 95 112 144 50 154 122 24 20 136 125 80 131 105 3 91 47 24 11 151 123 141 176 167 40 59 54 144 167 90 36 105 42 29 62 159 173 71 157 44 98 174 110 108 25 180 18 41 180 98 91 83 105 167 178 85 52 148 167 53 23 130 105 92 147 53 58 65 105 83 106 90 40 145 9 77 170 127 173 99 143 26 121 23 54 114 22 50 45 12 102 26 93 114 138 134 110 28 54 94 146 160 71 138 2 176 127 60 82 115 51 119 73 104 95 42 40 156 105 74 62 79 12 130 100 10 123 98 92 125 66 152 93 162 130 36 24 110 125 119 49 22 159 179 13 33 156 114 51 115 162 10 168 36 105 89 173 166 156 175 61 136 56 112 28 150 75 99 63 99 27 124 75 21 67 97 10 65 74 31 103 124 165 38 79 40 178 69 96 136 14 3 39 178 22 95 147 46 71 127 112 19 85 84 88 172 28 92 79 82 148 106 26 77 7 174 46 136 141 37 135 116 121 35 107 173 66 104 173 48 136 172 114 178 119 35 54 20 152 10 40 167 123 163 119 136 33 105 159 63 25 176 27 92 92 5 73 175 39 97 31 89 73 4 130 93 17 165 11 65 103 140 31 125 142 49 92 150 120 125 156 155 140 139 171 1 103 59 92 145 9 164 48 139 41 123 66 64 16 95 7 177 102 161 24 169 151 64 137 98 34 46 125 22 97 20 25 48 137 51 77 22 28 94 116 77 102 95 145 68 99 38 7 59 4 130 144 147 177 86 163 17 157 148 168 161 13 162 77 67 111 146 109 71 104 44 158 56 133 108 114 76 179 120 40 39 63 165 62 1 63 160 99 97 95 144 88 34 151 64 62 123 32 78 112 142 89 26 12 143 150 114 12 83 22 114 103 169 53 13 5 174 177 117 129 154 110 99 153 135 122 145 61 1 6 11 128 29 154 65 113 29 78 86 154 84 35 62 11 8 32 103 18 154 173 6 92 73 107 129 112 93 142 21 31 109 156 56 179 108 169 118 65 170 63 113 110 132 144 116 41 119 130 59 72 96 10 145 2 12 105 101 25 29 29 169 37 120 115 168 89 93 60 113 59 44 1 10 164 25 71 150 56 86 19 149 161 98 24 165 171 137 156 72 8 179 7 117 152 160 94 139 55 123 31 11 104 140 20 62 143 124 158 47 25 69 134 126 99 86 25 125 56 151 171 43 1 142 131 6 78 73 172 24 58 115 67 29 21 56 139 95 85 177 75 110 35 45 54 47 136 109 177 41 155 99 89 142 45 78 114 112 180 3 12 50 80 149 134 63 140 130 68 6 87 166 7 128 121 48 135 14 74 90 90 79 97 96 27 151 11 167 164 35 81 36 143 29 65 128 94 135 54 64 8 27 38 99 44 26 66 46 114 84 66 117 117 29 27 85 120 106 169 165 103 10 52 152 116 76 66 72 88 17 149 103 172
97 137 119 170 126 132 165 70 10 158 69 160 178 146 17 130 1 105 168 57 30 67 45 100 149 18 55 148 90 165 95 21 172 102 37 77 57 95 161 114 121 105 83 94 71 82 136 148 109 90 19 61 129 111 38 13 26 47 130 59 33 102 177 145 1 117 54 122 133 36 59 35 10 175 72 111 111 62 93 145 84 51 28 138 47 150 40 72 25 55 52 72 45 128 69 141 34 45 178 28 97 121 53 36 71 45 55 153 154 11 43 53 161 47 158 52 172 59 112 107 40 2 121 39 115 55 97 94 173 122 14 168 45 119 8 166 40 43 136 20 136 42 55 4 167 18 138 154 104 5 152 62 112 117 150 158 66 105 76 133 178 133 37 99 146 129 76 90 28 14 34 7 150 84 19 118 114 126 137 180 95 173 34 12 83 118 168 135 19 93 131 15 154 138 57 138 83 84 120 24 116 150 44 66 174 128 48 37 3 92 96 170 167 79 167 93 84 111 39 92 77 137 10 150 119 100 88 20 174 15 86 84 43 90 38 112 77 134 159 140 15 116 176 176 167 87 159 17 74 125 148 123 166 13 20 159 26 134 128 76 31 148 35 4 28 68 13 61 32 121 94 17 25 141 107 18 147 121 101 45 37 13 161 154 149 19 53 92 53 122 74 82 43 145 87 8 140 104 140 133 32 18 62 26 84 79 37 39 176 176 35 69 174 37 140 175 85 46 146 88 15 35 71 75 9 132 62 34 153 51 96 18 92 117 39 83 54 94 62 155 15 77 2 113 91 178 47 128 13 84 152 58 65 58 8 137 134 133 154 106 121 28 90 42 145 107 75 123 13 98 21 134 160 6 75 135 59 70 152 81 180 5 100 132 100 12 140 159 160 156 73 82 128 101 151 33 28 102 49 118 34 150 154 32 65 23 66 65 59 137 49 167 167 177 104 104 19 96 25 57 20 101 78 40 136 97 83 72 20 1 94 144 50 132 41 85 158 33 59 94 21 136 80 180 105 134 12 33 115 95 165 154 168 47 106 134 152 20 81 149 80 37 114 126 53 176 82 19 90 169 149 35 59 98 79 113 171 87 95 25 43 88 119 6 132 118 139 159 157 133 38 74 51 147 11 59 159 65 104 120 72 26 177 146 149 180 144 38 142 173 155 166 54 91 171 24 171 7 34 35 32 152 24 125 104 26 110 150 98 76 180 67 143 127 165 81 165 76 15 100 109 159 34 133 157 125 81 112 105 153 12 140 80 95 157 30 86 84 143 115 9 106 43 112 149 100 101 3 112 103 99 126 122 91 139 10 79 100 164 104 97 45 144 145 126 104 144 169 25 14 88 108 3 19 95 172 36 69 77 139 16 83 110 171 138 157 103 96 9 139 86 176 143 69 23 4 164 83 136 162 112 76 92 103 85 165 65 166 91 120 131 171 6 94 123 118 164 39 61 50 2 5 155 26 100 89 83 178 71 148 56 49 158 42 80 65 1 22 137 160 21 122 148 41 135 175 9 80 128 167 141 44 68 49 116 110 76 46 28 4 65 19 92 29 59 38 161 157 174 33 65 114 152 170 42 93 1 53 100 61 84 104 84 112 156 33 120 7 117 178 7 71 11 14 86 18 171 105 148 90 24 6 113 163 39 140 122 51 173 162 80 139 135 59 176 55 99 151 12 137 36 100 141 168 57 89 123 103 126 91 54 71 116 171 118 47 82 3 31 95 67 180 180 133 49 120 98 105 49 27 102 115 114 25 111 79 53 117 73 83 4 168 77 91 129 89 139 95 118 117 125 29 26 122 95 170 53 50 117 144 34 59 80 136 111 82 131 166 142 57 180 54 19 80 43 63 30 174 20 55 132 102 40 75 144 34 118 82 103 51 67 79 84 22 115 162 22 14 91 51 65 72 20 126 30 92 26 39 27 81 7 74 48 100 102 177 62 95 98 124 48 50 44 178 177 16 12 160 15 68 166 31 5 22 85 52 157 177 38 145 82 79 54 47 93 52 13 41 170 62 5 49 176 68 153 132 164 28 166 19 34 90 52 80 45 13 104 170 133 167 28 78 175 51 66 18 80 133 136 38 123 155 44 66 18 24 119 44 75 27 103 129 92 152 87 95 72 168 165 123 78 100 130 146 22 142 13 31 136 46 93 166 134 87 21 141 137 54 77 52 15 41 63 42 27 19 89 174 78 179 2 156 159 47 162 112 77 146 108 75 82 97 76 2 161 161 32 168 15 139 81 57 32 49 163 53 65 75 16 178 53 53 168 96 108 137 60 56 151 23 44 3 172 142 155 150 35 39 70 168 137 148 3 4 143 87 115 173 6 2 136 94 127 122 70 110 168 37 145 172 147 51 163 98 108 83 30 90 180 58 26 180 178 95 21 108 149 145 128 40 127 59 86 178 64 8 177 150 82 62 161 82 101 82 159 143 43 56 153 146 111 42 56 93 157 79 179 38 52 12 155 24 108 15 31 144 153 140 141 134 177 49 151 130 45 26 77 171 174 165 75 106 6 112 129 35 80 77 122 151 116 12 126 43 116 127 77 80 119 137 59 50 169 59 79 151 9 133 37 177 67 118 38 167 175 39 129 143 129 48 104 176 40 47 10 133 144 133 102 177 179 7 148 176 3 74 32 177 64 97 72 42 110 64 21 91 23 57 30 132 39 51 84 178 65 14 50 172 1 62 137 3 51 3 83 38 136 133 102 5 9 43 172 119 177 91 50 77 83 173 98 84 110 51 65 149 84 10 49 6 166 173 165 84 173 23 124 128 112 20 9 164 138 31 48 138 58 16 136 108 154 1 129 15 43 165 23 1 84 68 20 77 56 78 63 106 148 93 123 137 168 151 129 25 31 144 162 79 61 80 50 79 160 53 171 137 6 137 151 133 40 66 29 39 100 26 55 165 39 88 109 41 61 55 152 37 46 28 161 56 175 54 58 69 144 139 51 131 84 11 132 58 83 45 152 6 83 179 135 141 85 73 168 89 91 137 50 161 161 134 171 60 85 147 48 24 4 54 155 147 67 114 161 180 14 100 87 176 71 41 149 84 109 22 9 99 147 52 100 119 165 138 106 29 153 2 141 105 150 177 48 55 26 86 143 143 118 74 76 90 21 123 155 74 76 74 14 7 50 151 50 174 61 51 18 56 75 88 49 159 20 19 11 55 133 2 103 94 166 136 73 9 42 94 139 71 30 21 130 38 175 161 68 58 55 50 48 27 17 167 75 70 150 175 17 120 78 9 12 53 38 6 80 169 55 27 157 38 70 118 64 170 39 152 78 176 69 125 138 45 15 8 16 62 161 31 12 9 126 91 124 102 13 126 154 166 75 175 84 166 42 2 42 143 49 50 24 22 149 33 159 39 40 78 35 167 54 37 121 152 30 143 88 62 101 22 11 172 55 28 100 174 56 1 36 7 111 118 142 69 46 12 98 152 98 10 72 28 157 23 153 70 100 108 158 33 55 84 10 117 5 159 119 29 173 141 91 157 127 30 84 177 47 58 157 102 36 32 47 43 179 50 108 108 38 80 33 155 164 60 79 130 179 92 50 3 153 17 116 94 58 130 88 122 12 54 21 7 80 3 3 93 147 33 104 24 172 73 180 50
1 29 91 102 111 16 72 107 65 105 56 127 7 104 116 89 2 138 115 162 117 66 157 133 145 124 107 4 107 61 12 166 37 122 84 127 88 90 52 152 80 41 12 39 70 133 64 47 147 158 105 31 99 109 56 119 104 94 170 60 34 127 51 55 72 15 104 90 144 35 69 152 23 51 166 89 78 77 143 80 126 163 2 111 104 23 129 105 102 115 11 143 58 47 5 32 21 117 150 149 14 51 15 82 34 109 80 11 15 160 37 84 180 12 66 162 85 65 101 85 26 124 52 111 76 142 19 22 10 97 70 54 49 160 20 30 62 26 159 13 175 109 128 60 77 66 162 112 13 149 128 16 4 121 111 146 116 180 83 149 175 53 127 54 84 13 49 68 3 142 112 39 116 66 110 27 59 99 105 152 13 179 126 43 82 77 153 106 174 111 105 4 138 104 116 116 86 149 165 163 156 142 68 19 57 109 39 115 37 68 82 161 96 16 111 144 95 143 78 112 10 49 26 142 40 42 53 9 6 105 55 124 115 125 91 30 154 178 62 78 135 133 146 44 81 100 64 111 171 151 138 104 143 9 45 61 160 180 12 35 70 27 7 47 25 108 101 28 54 66 69 27 60 112 135 46 133 138 89 87 168 179 151 98 164 120 83 69 130 85 55 153 135 110 121 154 56 177 72 158 118 14 8 26 58 57 110 77 72 33 116 122 86 24 4 92 137 65 52 160 31 92 62 48 85 21 71 169 138 140 164 62 162 67 147 146 12 131 142 171 167 73 179 6 26 146 112 92 100 112 71 101 43 161 76 83 16 154 17 116 33 45 160 131 38 61 46 90 108 155 44 178 169 81 53 2 132 119 64 79 21 89 173 168 9 40 161 20 120 80 106 56 3 94 86 22 143 178 119 14 149 129 74 10 135 26 117 160 176 24 168 65 153 20 10 128 157 73 143 23 4 152 145 42 57 64 111 150 129 6 147 59 31 98 94 149 57 88 14 178 101 172 90 142 122 6 97 47 13 88 25 32 64 74 35 24 163 138 135 155 114 112 124 164 2 95 101 36 106 62 172 30 34 91 148 68 173 162 101 109 15 37 71 85 63 93 66 176 62 121 102 10 100 135 78 173 23 110 13 70 58 131 56 77 125 53 100 111 99 62 15 33 49 160 81 129 68 84 73 125 124 14 99 104 101 45 89 96 19 94 99 74 7 163 146 154 158 51 36 137 81 108 19 80 168 117 126 24 49 71 168 140 31 34 54 81 41 179 172 165 148 160 29 146 156 18 115 137 68 166 10 35 159 55 122 17 129 5 49 85 139 53 13 34 30 118 118 107 97 116 79 82 123 71 51 72 38 127 37 70 67 72 68 28 23 117 163 55 82 164 69 99 174 119 2 98 143 120 4 91 4 19 114 59 79 130 20 95 159 6 118 41 45 37 172 27 64 80 86 102 146 66 161 97 147 95 86 147 59 41 118 107 11 47 102 177 10 13 52 9 35 7 90 13 110 12 61 50 28 105 5 77 157 53 40 84 85 174 42 67 55 26 140 123 138 102 63 53 151 109 42 45 24 96 163 127 122 62 65 138 61 142 155 12 112 53 27 176 131 38 165 139 12 147 31 58 95 123 25 2 127 30 176 158 72 84 82 46 117 23 163 65 45 123 40 5 57 7 6 45 3 56 180 54 45 114 72 52 95 96 60 64 92 160 106 143 132 22 119 97 64 77 104 1 131 67 133 36 51 133 120 74 132 24 2 168 26 26 112 81 160 159 79 5 172 141 24 88 129 80 140 7 4 35 14 30 72 7 4 69 23 84 152 140 161 137 165 109 107 132 18 144 63 146 14 104 136 143 69 147 77 170 177 70 126 85 29 152 38 107 127 39 105 147 16 141 164 118 19 84 80 55 147 83 118 140 79 5 32 65 127 72 28 86 12 98 97 78 45 115 119 150 137 149 106 175 178 90 93 140 10 62 14 116 178 168 11 146 135 155 61 50 122 15 149 102 102 178 106 126 177 146 55 148 71 122 111 110 121 85 156 56 24 139 173 154 89 85 179 158 96 65 144 101 72 128 70 159 87 25 37 113 38 43 21 69 110 138 130 10 178 7 157 169 173 70 70 143 62 12 29 166 50 71 102 61 74 123 52 177 124 140 66 67 126 113 139 139 134 154 156 40 116 171 95 38 83 97 25 131 69 103 3 128 100 20 149 176 161 157 112 94 7 85 93 12 56 116 137 125 4 116 40 141 49 55 126 45 5 137 140 5 153 152 135 42 105 113 165 136 89 133 113 15 74 46 178 101 168 65 11 180 142 7 47 65 105 28 27 31 35 75 166 11 41 87 54 97 23 142 78 104 36 64 107 116 38 126 91 85 46 177 45 74 82 61 34 63 179 107 114 176 151 98 81 20 49 124 34 162 133 177 80 138 131 72 53 77 61 2 19 46 172 86 73 82 96 7 118 149 77 126 54 91 30 156 7 74 178 95 100 57 98 178 7 77 105 6 91 156 130 95 32 54 76 166 85 178 75 169 58 51 167 65 97 93 131 114 161 110 19 130 28 127 80 30 29 149 44 103 128 86 121 22 113 34 17 114 176 36 21 73 125 166 130 80 105 161 95 128 147 89 89 155 153 26 99 131 8 60 171 75 34 58 99 113 51 157 22 102 32 119 118 4 66 168 159 168 132 126 31 162 116 68 16 19 84 40 12 113 84 173 151 17 135 35 42 138 130 67 175 151 82 70 27 93 71 28 9 154 141 104 39 145 8 104 107 134 26 75 37 145 93 83 118 118 48 36 131 146 126 157 47 48 66 26 113 36 21 88 130 74 114 44 169 172 87 5 105 56 59 30 72 57 13 111 153 25 79 164 180 141 44 66 178 103 32 177 104 169 111 129 30 158 173 92 123 158 116 127 73 64 97 73 148 106 119 120 65 23 35 61 23 152 87 12 151 49 55 68 103 98 67 74 73 47 55 86 23 85 140 133 61 104 171 51 164 18 75 86 123 27 118 39 114 100 155 97 64 12 67 90 78 82 2 12 137 47 12 45 25 97 12 92 109 62 147 126 104 167 173 52 69 10 53 27 147 176 71 55 143 93 115 3 36 116 169 140 133 49 169 124 14 45 176 7 35 1 13 153 89 23 97 94 75 71 62 147 151 112 94 137 138 140 154 6 59 139 120 160 108 77 116 134 5 129 35 126 70 5 45 42 74 176 32 62 120 71 111 32 58 137 35 116 144 24 48 21 174 13 50 135 48 43 75 89 78 107 25 68 46 111 9 30 58 126 169 93 2 172 107 18 158 36 42 111 133 157 105 38 42 73 63 120 24 160 56 89 120 23 2 155 48 37 18 77 180 127 160 71 160 51 158 92 36 122 80 103 14 71 54 116 155 133 98 33 167 94 98 50 149 73 130 17 50 53 151 62 13 68 114 166 180 157 134 19 37 36 93 109 113 157 114 78 119 73 159 88 136 134 14 115 132 58 110 140 88 131 156 33 179 130 67 180 178 4 101 5 103 94 10 134 57 26 21 168 12 143 52 103 124 63 116 69 77 6 13 99 135 25 72 86 81 154 50 67 62 40 151 160 87 81 129 48 58 153 8 128 62 93
134 42 42 164 142 141 77 173 165 140 22 162 30 3 65 120 8 178 7 40 35 141 165 25 17 95 164 12 82 136 23 96 175 128 106 134 8 151 68 127 16 139 19 50 158 66 9 71 60 126 158 8 118 155 85 169 180 170 130 67 47 53 133 87 13 148 118 6 38 166 29 142 44 30 132 127 58 61 145 13 52 78 62 54 33 99 29 49 130 71 51 94 150 147 23 66 127 102 56 98 175 85 14 55 34 89 63 26 75 101 142 1 144 144 46 180 2 17 105 10 147 57 95 116 139 91 137 128 51 118 141 165 156 102 133 111 140 14 10 149 40 117 121 3 161 30 92 174 50 174 57 44 92 13 25 28 180 30 146 81 26 4 15 177 160 148 23 157 50 2 159 125 52 18 29 9 13 38 138 42 37 102 151 31 80 8 74 106 101 140 140 128 97 37 23 179 77 14 124 123 18 160 49 92 149 173 118 114 163 158 79 74 173 15 166 84 139 100 169 78 112 103 137 20 80 23 26 94 49 145 151 47 116 22 164 93 56 52 110 85 176 71 72 66 136 109 19 79 85 171 90 152 71 80 157 152 111 63 64 26 54 147 93 127 18 7 137 152 46 145 89 158 43 53 147 178 161 136 158 156 136 126 10 68 12 176 119 97 114 120 30 158 110 110 9 22 19 139 110 148 83 107 19 76 127 5 70 149 32 79 147 15 47 110 105 131 86 105 65 167 164 100 69 143 41 27 25 161 159 105 174 177 36 100 117 29 65 8 73 97 88 142 59 106 13 79 121 157 7 84 30 151 113 46 1 158 63 76 30 44 19 143 52 82 170 45 47 165 169 58 31 53 155 131 156 2 98 82 96 7 73 67 118 170 25 143 69 4 170 50 159 44 84 9 67 174 103 108 12 176 15 173 75 103 162 63 119 141 59 45 68 96 16 75 78 89 161 162 18 98 81 58 33 151 18 119 17 51 91 119 43 150 21 91 35 116 53 163 145 97 113 125 75 138 94 174 138 92 21 130 168 144 22 79 83 46 14 90 156 152 8 140 141 2 154 166 143 88 71 159 44 176 120 158 127 177 175 8 142 127 59 34 161 158 83 77 155 178 85 40 16 139 136 85 172 72 33 119 35 178 73 152 9 108 49 62 71 174 117 149 65 26 158 77 148 73 25 21 39 26 147 11 84 46 15 141 155 161 96 93 46 43 90 168 69 151 121 105 6 156 29 90 172 115 23 145 128 81 2 161 75 67 176 164 82 5 89 14 47 33 98 36 9 157 114 103 139 166 83 136 173 115 170 105 88 123 38 171 37 145 139 66 145 73 132 134 139 38 125 148 105 78 157 7 174 109 161 5 40 72 155 78 154 66 167 147 140 103 100 104 130 65 77 166 179 156 122 154 9 64 114 68 36 16 139 108 159 162 2 149 65 120 35 130 88 16 99 150 160 29 18 180 41 97 51 13 140 161 154 95 1 106 162 4 82 74 180 50 37 99 97 129 75 176 113 179 145 2 62 131 153 6 54 128 25 153 53 75 113 100 117 110 136 46 112 13 62 33 88 124 47 14 89 93 91 23 26 90 87 79 119 161 147 137 46 48 125 56 81 79 37 173 98 49 21 55 34 75 117 157 147 33 155 75 107 4 157 54 18 37 152 73 88 72 86 160 108 92 45 145 116 164 37 180 165 117 69 87 127 11 59 49 140 68 61 88 55 40 2 42 130 105 60 2 151 115 118 19 157 114 6 178 171 94 147 159 30 40 66 132 10 24 176 136 105 159 68 23 123 64 83 125 105 123 99 141 100 27 44 18 86 126 100 88 34 146 76 73 158 135 73 174 74 129 30 133 114 47 175 93 140 9 159 25 82 78 12 75 84 45 103 143 173 38 108 3 173 154 99 176 164 23 42 2 29 29 133 106 29 65 162 85 99 18 34 67 19 49 35 101 38 11 127 15 48 112 127 48 144 20 97 35 127 14 118 96 60 57 108 89 91 148 83 65 175 38 164 29 91 132 152 132 87 90 119 26 107 171 52 168 149 35 141 41 26 31 4 26 147 82 83 159 93 106 33 150 97 147 120 170 174 110 142 91 102 86 122 69 115 105 129 53 46 47 91 82 147 125 51 7 26 173 104 44 154 46 164 36 35 71 125 8 155 152 115 119 47 111 70 59 143 96 56 149 103 158 175 14 128 32 93 171 131 58 85 13 136 49 129 145 179 43 68 100 108 51 130 168 44 106 120 2 53 98 137 46 180 127 73 142 4 56 3 70 101 124 82 15 36 94 75 45 124 62 56 53 163 169 6 58 115 96 60 168 158 37 11 160 143 40 113 72 110 14 19 80 37 32 178 139 29 173 36 175 76 171 150 61 140 29 128 40 22 53 136 143 34 3 11 31 165 1 159 145 171 125 85 20 39 94 71 63 139 66 23 14 23 168 167 145 92 155 103 58 174 18 31 143 174 140 62 129 18 39 18 163 123 96 72 109 156 151 52 32 39 33 6 151 117 38 82 164 143 97 107 59 92 84 46 173 109 151 158 147 39 113 24 24 25 162 112 80 71 91 81 106 56 163 94 52 140 19 44 169 40 167 108 94 138 158 27 176 133 38 65 153 59 155 51 105 72 18 141 129 40 129 179 2 142 59 161 70 50 166 104 89 93 42 1 8 150 58 58 18 9 98 123 37 60 107 177 67 158 28 146 41 162 160 6 4 179 103 159 165 168 109 79 129 36 115 129 102 22 5 163 110 74 35 66 129 149 163 114 109 141 58 82 142 52 92 158 148 38 22 106 115 111 96 1 91 13 20 179 123 45 151 11 107 70 4 172 153 52 108 80 126 180 165 139 97 147 69 15 136 21 79 100 132 154 126 137 112 104 65 83 175 80 180 81 161 127 97 102 165 26 28 179 56 10 89 80 141 109 43 136 67 98 52 48 176 80 5 143 116 6 29 33 85 104 60 51 139 153 77 29 17 73 70 109 99 28 140 169 174 127 10 31 22 45 149 98 126 56 114 108 149 42 113 17 55 86 2 32 143 46 35 30 23 94 121 50 87 118 134 2 91 106 8 18 34 29 100 149 139 19 72 82 77 160 66 145 17 72 6 114 180 149 80 41 140 125 30 140 138 82 30 90 55 40 14 134 41 154 81 150 178 14 114 152 27 165 149 40 118 47 178 81 131 159 6 135 150 4 104 1 154 96 24 127 92 111 39 23 92 174 30 136 99 132 114 19 180 39 43 22 179 53 95 81 95 5 41 104 127 176 154 85 112 95 7 77 86 39 179 68 139 155 66 48 150 172 32 142 47 26 118 145 119 62 5 159 158 156 72 72 8 19 106 51 27 111 5 87 7 71 24 106 64 27 11 94 78 33 61 81 77 7 8 91 11 111 10 171 138 43 99 90 102 119 130 82 77 79 143 41 102 135 145 165 147 130 23 179 129 146 68 165 58 96 9 86 139 145 15 65 178 59 156 9 28 46 127 70 170 30 46 144 115 96 101 101 42 93 120 118 107 11 172 67 168 27 177 74 87 98 128 11 167 165 68 66 131 84 60 98 107 76 103 163 32 93 39 151 84 120 94 137 51 179 57 62 97 102 74 27 145 26 88 117 102
130 53 169 118 125 83 103 134 124 70 16 36 164 16 18 152 86 121 165 118 74 7 152 161 62 104 46 6 114 130 177 73 86 103 66 40 91 126 47 62 95 98 1 46 43 10 101 137 99 62 36 94 10 94 52 14 61 16 118 166 57 155 180 100 59 65 100 79 112 110 11 77 105 132 123 97 44 34 163 100 88 11 112 47 57 120 107 9 132 39 23 149 138 144 164 175 123 122 77 18 75 108 114 173 96 128 76 94 35 134 119 14 139 168 126 27 163 43 169 87 79 115 8 177 66 123 155 145 127 24 81 113 106 18 9 160 26 38 87 127 15 171 134 51 12 36 147 52 10 148 66 45 142 61 169 23 61 121 85 119 179 30 175 175 175 101 82 8 40 111 74 132 96 34 174 6 139 169 15 151 42 105 24 141 66 135 172 129 35 55 94 102 120 132 61 172 58 125 125 7 173 18 110 15 175 18 146 107 38 78 66 62 102 1 41 9 154 95 70 28 143 159 37 16 114 77 134 68 159 150 139 163 5 37 7 14 17 82 82 6 154 42 66 148 133 64 81 117 163 99 172 119 111 179 162 2 51 147 160 23 20 33 127 153 46 177 172 89 33 70 116 119 166 112 92 80 46 167 56 62 134 62 61 52 165 87 16 51 20 20 78 149 30 9 59 26 161 120 99 178 103 122 113 45 16 177 117 156 58 60 47 37 125 153 176 17 91 137 51 48 69 5 142 107 128 99 59 105 174 66 8 73 9 44 152 68 150 98 166 41 41 167 34 142 128 30 90 148 104 7 33 174 33 131 170 15 171 97 10 8 116 79 152 48 77 54 127 139 61 130 113 180 166 96 91 64 116 27 89 63 116 30 125 44 167 172 25 32 63 13 38 35 123 9 107 118 106 123 127 31 92 34 103 156 96 167 63 148 143 114 42 36 80 119 161 118 6 4 55 99 89 141 84 106 168 81 155 20 122 76 31 157 168 52 14 53 129 63 160 117 118 152 12 25 117 171 21 154 169 170 100 118 59 37 49 140 152 162 61 21 122 180 19 160 22 125 10 107 142 14 76 135 20 172 53 32 105 132 53 157 32 75 11 82 169 69 93 143 19 52 132 26 52 117 65 164 179 118 71 94 106 72 54 158 4 27 148 53 93 78 77 171 151 148 169 17 86 66 15 90 14 82 122 152 67 25 156 88 180 80 95 128 100 123 73 148 17 62 170 53 61 140 177 69 140 128 5 58 8 143 119 3 24 77 94 150 158 10 84 92 96 163 31 171 118 170 148 139 118 169 13 14 128 47 80 175 77 149 31 127 9 82 59 38 166 26 50 27 109 125 26 30 59 55 163 50 102 173 171 16 55 119 101 100 160 19 135 103 16 16 175 37 173 18 117 108 104 7 77 122 13 34 113 143 29 134 7 25 88 21 25 49 36 119 152 20 91 49 65 176 21 144 89 58 13 18 117 128 68 5 149 106 131 104 173 71 153 80 78 155 83 9 63 109 8 111 62 39 166 170 145 71 142 61 148 79 176 55 162 169 33 175 117 130 68 177 75 90 147 14 31 77 140 11 147 64 29 159 28 58 119 119 31 132 84 169 60 1 69 174 137 91 2 48 24 171 12 14 169 23 53 140 167 68 112 137 127 136 50 18 70 120 92 173 26 163 67 139 175 73 30 14 148 173 134 116 149 38 31 101 45 107 119 61 167 79 145 27 136 27 40 58 5 91 50 170 27 107 143 171 123 165 60 32 114 64 141 39 57 94 66 66 160 19 14 154 5 124 17 71 72 51 80 12 171 90 69 136 154 43 136 4 152 129 150 108 61 162 136 161 178 14 152 43 48 70 52 126 112 54 113 50 136 132 80 142 121 175 115 178 120 68 20 138 128 12 81 71 45 124 83 128 161 157 14 39 34 174 36 45 90 20 173 177 132 74 171 142 140 96 27 130 157 56 142 20 50 85 155 78 124 165 89 72 49 55 174 39 65 7 129 100 116 29 98 106 79 37 89 135 74 123 69 176 98 44 109 24 38 20 83 64 111 156 59 113 4 7 174 46 100 138 55 8 78 13 25 162 5 80 60 61 105 54 87 23 154 11 138 70 113 11 91 92 4 116 155 46 107 77 23 15 66 159 60 150 107 40 17 85 156 150 50 48 165 108 68 149 166 75 112 173 72 39 51 173 114 13 47 118 158 39 5 102 126 154 114 113 11 136 115 128 73 109 146 135 83 23 103 71 170 173 16 19 83 152 86 56 77 105 110 155 41 44 81 178 73 40 102 165 56 85 89 87 85 142 53 112 179 43 71 170 153 144 6 151 83 21 72 72 47 57 153 72 146 28 170 57 78 109 68 96 160 76 115 74 13 111 125 141 58 159 103 37 77 73 153 52 23 66 145 131 139 15 69 140 106 53 31 16 158 143 99 16 56 77 171 123 148 27 22 172 27 80 24 109 58 158 80 16 127 49 15 33 131 96 107 16 95 169 176 42 68 54 72 103 178 76 125 32 51 115 31 4 126 24 81 111 54 123 49 150 91 116 170 89 44 173 85 111 120 22 153 18 15 145 26 132 15 56 25 20 40 130 5 74 142 28 78 99 41 23 99 6 18 68 136 148 32 91 7 96 85 176 88 141 10 59 88 160 71 73 112 168 30 39 163 139 6 87 160 76 35 35 27 43 60 127 58 49 141 68 58 108 147 160 91 92 155 100 157 172 89 113 2 177 66 57 70 117 32 143 119 174 140 169 27 171 143 90 90 61 26 76 11 153 158 75 130 180 85 44 164 84 173 170 30 119 56 111 5 80 133 85 162 161 169 53 160 38 121 25 140 83 80 177 126 157 103 76 147 95 70 1 146 116 122 128 138 2 9 80 73 115 157 33 162 168 18 165 77 171 118 147 126 179 118 170 44 114 27 49 180 78 145 115 49 77 174 37 18 174 70 167 67 39 45 149 50 58 68 142 97 115 135 158 81 134 119 126 27 71 27 91 159 63 163 152 150 13 175 148 170 128 66 93 158 25 15 30 157 134 5 125 65 141 71 15 101 54 166 176 85 6 62 137 32 83 128 109 143 177 65 119 51 71 144 97 100 110 93 58 97 32 101 70 86 126 81 20 18 102 166 107 31 14 151 42 164 173 88 151 16 127 68 55 180 87 32 104 73 8 16 11 127 96 156 167 102 154 115 22 5 130 61 159 130 71 105 123 137 88 149 19 155 94 147 62 63 80 31 161 109 133 57 37 174 15 174 73 148 91 158 155 21 31 7 15 31 25 4 134 23 104 30 90 6 127 172 89 57 30 100 61 8 58 149 32 163 98 163 25 4 118 36 137 180 151 75 34 37 168 77 39 91 78 24 25 173 69 41 5 82 97 32 48 114 90 123 103 143 136 101 155 6 55 96 22 90 148 166 65 141 106 78 27 63 131 179 58 92 4 134 35 51 38 97 116 46 73 50 50 15 111 54 108 71 131 98 46 110 2 73 157 104 162 167 128 136 149 18 25 146 114 135 118 135 112 64 73 17 177 34 71 94 68 178 154 148 50 11 142 49 76 91 136 57 177 166 42 79 62 47 102 158 59 87 98 63 121 146 31 118 152 14 15 70 78 100 164
145 19 77 31 25 103 129 74 45 176 139 172 9 37 112 63 164 55 21 72 94 105 45 59 24 8 68 80 28 43 115 87 7 78 163 12 169 172 13 144 146 155 170 28 79 142 165 120 91 163 178 149 81 155 52 48 86 35 91 149 33 117 169 178 27 148 44 163 179 152 117 17 50 172 136 52 78 88 69 98 70 24 169 149 114 123 64 98 146 41 35 149 119 75 177 33 120 47 133 176 100 23 115 77 127 44 55 16 146 35 137 24 48 141 109 179 106 66 93 142 4 101 156 10 165 35 54 155 92 36 86 22 110 117 101 116 163 175 31 123 78 35 24 109 175 152 147 22 119 154 119 158 52 144 122 149 135 35 16 158 5 33 46 149 116 127 90 136 118 41 70 57 91 78 21 51 17 67 153 104 130 139 101 2 10 144 147 61 98 21 102 105 137 98 112 26 1 3 33 112 46 111 117 58 105 83 81 43 30 156 152 3 105 60 1 120 68 120 148 69 76 140 176 7 51 147 67 157 87 6 1 160 78 84 96 40 105 69 21 68 25 52 63 128 169 27 127 110 113 79 145 10 143 5 5 175 89 112 55 98 140 85 73 33 87 173 117 73 49 156 69 94 3 48 36 138 104 130 120 149 25 172 81 110 120 170 105 68 11 163 170 112 164 31 77 109 108 100 100 114 88 104 70 156 143 2 169 78 87 57 3 5 34 126 84 86 153 177 127 30 13 132 143 178 24 144 131 61 123 54 119 44 169 169 48 130 42 163 85 36 149 130 66 123 51 5 25 53 89 55 8 90 79 125 126 154 129 75 83 166 170 155 127 180 109 154 135 72 118 141 44 108 57 58 66 84 3 20 2 12 127 123 103 32 119 79 60 58 52 95 137 89 62 81 28 91 146 159 68 82 15 58 21 16 88 102 56 123 29 9 146 36 2 103 121 102 159 58 24 17 1 138 58 132 77 107 91 101 172 49 48 137 100 161 144 18 82 159 57 87 140 140 179 112 56 176 131 146 16 96 104 161 126 72 149 40 59 80 97 160 168 4 23 118 178 132 144 46 51 120 21 93 82 22 164 91 141 17 166 170 96 29 46 118 119 127 128 115 35 122 139 155 8 103 111 42 12 168 32 137 77 164 134 36 20 3 173 127 87 30 11 19 141 8 153 98 64 58 47 43 146 77 176 15 41 75 1 84 147 143 63 47 136 19 121 179 2 20 50 142 157 147 54 135 142 98 34 152 133 6 63 143 151 178 37 25 76 95 32 44 67 114 13 22 154 112 34 119 95 91 125 165 21 67 24 123 134 106 116 30 96 45 164 153 35 126 142 131 60 40 64 135 33 146 47 18 120 57 17 2 89 56 116 28 35 173 163 147 9 24 71 140 119 74 26 142 100 131 125 46 84 128 25 38 140 166 91 38 171 50 34 111 87 142 111 74 124 133 67 169 163 109 21 14 180 95 6 120 177 123 63 125 150 16 134 14 6 157 148 112 179 159 143 169 116 151 46 12 31 82 162 164 20 97 37 159 104 135 7 11 86 46 58 62 35 131 129 163 2 147 150 147 179 76 140 103 17 91 167 63 112 168 77 123 105 131 153 120 30 131 59 31 150 65 80 13 62 13 77 44 65 42 139 150 76 113 58 9 69 35 11 150 140 70 97 158 100 55 80 158 28 22 47 80 17 100 140 118 107 14 8 31 60 124 31 114 134 104 52 139 151 164 18 85 161 19 102 98 106 113 170 141 126 169 46 4 93 55 122 81 115 70 111 3 146 21 137 116 80 149 153 51 15 96 159 123 90 106 172 122 168 132 40 150 81 138 6 26 174 26 21 78 67 19 156 135 110 164 120 6 179 160 21 46 55 90 75 147 17 138 57 94 117 49 9 163 59 75 56 51 20 99 155 145 121 36 84 28 176 129 175 172 170 87 104 100 38 29 46 171 99 66 18 101 107 92 130 44 41 105 62 77 171 121 62 178 122 152 169 42 166 87 6 75 51 48 18 159 51 143 41 75 41 127 100 150 23 135 18 88 8 169 17 63 26 111 75 110 32 66 5 169 124 172 147 138 142 81 88 160 166 96 133 55 73 68 179 176 49 175 4 172 54 5 25 59 172 117 61 148 174 21 162 147 107 95 34 52 153 47 134 31 54 92 21 129 21 149 45 114 138 174 82 28 97 17 58 95 118 47 177 94 136 9 49 129 82 72 178 74 45 1 113 99 2 2 117 89 62 48 98 26 123 51 120 102 34 101 114 154 153 96 65 50 177 58 170 155 41 168 86 96 135 145 165 143 44 164 76 7 118 103 11 85 179 147 28 161 167 63 152 9 5 137 33 17 52 107 61 54 112 43 15 180 102 37 103 149 120 28 144 106 138 22 14 174 94 106 69 59 104 108 107 47 66 102 133 18 178 23 170 35 135 1 21 118 135 132 36 150 150 69 126 76 166 118 27 154 45 105 68 48 66 2 39 51 92 44 109 157 34 121 102 109 126 67 16 35 3 167 127 36 104 180 170 71 152 73 58 92 15 75 134 145 179 148 49 156 13 100 113 29 57 178 98 155 56 67 14 122 44 145 135 115 128 167 90 118 98 133 173 59 75 115 125 180 63 30 139 169 138 11 160 24 83 109 7 137 91 39 92 168 118 157 123 155 157 33 74 161 149 37 21 89 96 158 134 154 84 60 32 61 40 37 10 18 135 165 140 139 166 140 108 36 105 53 55 35 91 108 90 1 99 83 135 95 68 67 116 171 165 163 12 59 144 46 56 91 74 97 178 42 86 171 28 45 2 128 124 132 12 27 61 113 97 93 38 153 12 72 59 147 168 114 35 71 130 116 166 92 92 13 104 163 43 51 169 31 97 96 169 97 166 43 92 157 42 164 21 84 145 165 13 94 39 111 8 16 105 16 173 74 70 180 74 24 148 165 107 53 180 61 134 109 39 100 6 141 94 35 47 9 166 163 148 12 109 111 74 44 90 121 50 46 136 34 58 123 12 3 61 110 150 65 51 85 100 99 54 100 46 131 175 70 55 39 43 163 55 157 165 172 100 180 94 98 170 26 79 6 175 162 175 8 139 8 111 140 96 179 120 82 114 45 147 138 138 35 176 26 75 161 14 112 97 1 102 73 98 167 146 8 86 118 88 130 165 88 117 136 75 90 16 129 133 44 102 1 38 3 173 46 25 3 45 150 32 179 155 150 9 178 118 30 51 41 146 29 20 25 68 113 105 47 129 149 171 39 135 71 67 45 10 54 97 75 87 70 167 150 31 36 90 59 64 158 165 144 168 157 60 34 142 142 167 31 45 31 34 174 121 131 157 69 112 17 47 22 10 128 157 72 116 121 21 65 167 3 36 175 44 94 38 43 116 107 45 29 11 66 4 31 50 60 61 28 59 71 130 171 114 68 175 7 123 114 9 24 110 76 109 177 157 131 128 56 59 139 113 7 132 87 26 177 155 85 124 70 105 46 143 169 2 39 68 126 87 70 141 29 159 13 119 153 151 123 49 40 179 156 20 143 152 22 57 133 132 34 129 177 102 104 3 76 169 140 67 92 32 34 116 27 5 115 133 102 83 49 128 19 86 106 92 82 101 161 122 98 87 135
88 150 59 169 146 103 5 52 64 143 49 8 159 108 50 84 71 103 175 10 68 107 68 32 14 84 37 100 58 16 71 89 117 179 69 154 167 94 157 142 170 147 14 80 107 127 113 168 68 75 93 77 3 42 33 141 72 77 96 128 32 37 87 166 45 89 115 48 146 64 166 84 162 40 13 42 2 67 53 118 119 44 153 37 148 70 146 152 80 19 91 87 64 112 103 156 99 52 10 117 26 109 62 111 112 168 93 33 129 157 82 180 148 176 84 113 164 31 2 159 55 6 112 4 51 159 172 32 141 109 155 111 59 58 39 106 55 85 88 75 179 79 117 139 149 30 33 167 27 163 144 53 160 124 125 111 57 99 154 50 28 177 20 111 63 142 111 44 122 24 92 146 83 118 74 14 155 178 17 2 1 94 12 154 60 142 18 28 48 151 6 13 27 103 14 1 107 68 136 59 126 8 163 99 113 116 3 125 112 46 92 143 34 161 145 115 17 75 109 22 71 62 17 113 64 5 2 102 119 90 124 103 109 43 80 151 41 176 94 115 142 157 99 170 158 95 38 171 130 14 52 145 27 136 52 140 100 69 9 177 28 29 95 130 74 91 118 117 73 81 75 29 87 52 109 14 104 25 175 3 160 47 102 104 65 177 56 106 172 47 145 3 139 176 96 54 109 59 39 13 71 105 159 156 92 49 132 167 38 52 63 166 11 8 30 61 39 58 113 166 71 157 151 175 66 56 16 24 11 96 75 98 67 70 11 78 111 94 178 73 4 155 56 5 139 149 23 44 159 179 61 93 129 46 87 12 163 39 24 170 161 85 29 151 77 66 76 13 132 148 161 155 1 53 159 161 100 136 119 144 172 136 95 151 165 167 75 65 157 63 73 51 66 27 9 103 41 4 47 80 44 33 169 44 47 5 76 161 70 158 26 57 26 38 152 58 31 92 10 149 121 140 41 28 179 112 100 77 17 69 163 8 121 86 178 128 78 1 168 60 68 139 162 150 46 51 94 13 129 164 174 29 151 49 175 43 142 85 92 86 174 80 178 134 20 131 136 116 21 155 19 12 108 158 56 19 69 89 44 65 35 22 124 79 157 7 176 25 103 63 18 52 26 95 13 93 120 158 126 91 30 6 122 139 173 101 73 95 121 59 61 9 75 29 67 12 145 3 136 150 113 169 21 71 65 54 25 18 165 90 172 135 67 90 123 167 109 143 99 50 79 62 134 120 68 53 141 75 132 135 87 24 126 170 1 129 99 85 16 150 158 132 86 32 164 88 133 103 163 52 35 137 112 119 28 28 115 69 89 94 164 15 22 175 139 137 48 123 160 120 26 64 99 42 7 33 100 40 73 175 124 108 34 109 116 164 71 159 121 122 63 19 142 54 128 25 79 79 131 23 44 30 82 91 158 31 75 43 38 11 101 63 46 119 163 38 148 37 54 143 158 77 72 82 40 90 35 132 18 80 102 167 28 55 71 25 44 141 122 50 61 110 31 144 108 131 69 104 92 6 123 79 177 71 23 46 121 31 17 120 64 46 93 39 101 119 4 128 137 81 68 68 57 82 92 139 11 80 164 5 74 167 143 149 72 71 80 86 127 77 162 144 9 152 119 53 17 153 69 31 68 39 28 93 164 63 59 13 30 46 123 105 16 80 136 92 86 8 64 59 91 97 66 78 102 132 103 132 177 109 115 148 125 179 127 91 167 61 105 92 31 17 137 111 85 130 108 65 37 55 58 83 97 54 8 2 168 115 167 38 55 168 162 142 127 57 123 48 103 89 6 70 2 64 158 44 113 81 14 5 82 159 125 36 24 122 64 178 70 160 18 141 94 62 125 54 159 128 121 57 93 77 9 33 21 51 167 170 27 113 63 97 6 95 115 63 135 12 143 177 45 33 34 74 76 8 27 76 56 32 124 118 67 2 153 87 39 14 104 102 102 80 158 73 150 75 87 90 35 92 84 73 22 137 84 60 84 83 89 147 128 160 116 107 46 4 54 52 180 47 172 3 19 50 70 15 114 179 113 32 2 136 94 34 178 56 116 174 31 13 42 43 82 77 59 90 40 53 52 102 164 45 46 55 162 33 26 13 1 101 48 151 136 132 163 59 162 49 145 46 32 26 117 128 115 44 87 180 180 178 178 133 170 149 51 75 160 155 171 180 7 135 37 152 107 151 39 58 93 30 80 153 149 26 102 110 82 74 110 67 34 37 154 6 3 27 109 42 108 102 95 96 18 6 55 53 47 88 34 154 75 84 7 28 17 140 52 59 101 105 173 112 24 107 39 172 94 125 23 125 161 108 58 26 3 128 90 128 4 152 23 126 48 121 78 55 119 138 25 143 157 174 60 177 24 52 111 128 165 4 133 132 136 45 11 67 101 125 119 49 49 134 10 85 133 50 93 180 73 137 159 146 151 171 177 144 127 166 86 104 99 125 103 154 35 114 172 162 157 36 162 146 102 41 177 130 60 47 54 149 132 156 139 164 102 145 180 170 148 3 149 126 75 47 144 63 69 147 177 30 130 168 174 12 104 32 117 96 19 129 91 34 55 24 143 127 173 27 169 58 43 162 21 122 30 9 113 161 135 123 139 109 102 19 35 61 29 9 180 155 31 59 103 48 51 133 139 148 44 42 175 69 89 80 138 58 116 64 6 135 113 22 58 80 12 156 52 135 86 47 106 126 118 140 2 128 76 112 108 37 95 156 115 91 140 7 60 31 176 103 57 108 56 134 175 60 112 154 75 164 38 147 88 160 112 27 48 85 81 33 159 172 57 20 134 104 140 57 133 48 132 34 148 19 141 99 78 72 96 18 54 79 5 157 99 100 62 79 23 1 5 164 177 38 55 25 154 167 120 80 102 52 133 76 139 13 44 63 17 98 23 175 92 133 46 16 51 79 155 121 70 40 148 178 43 158 89 39 177 75 30 11 164 36 40 178 129 103 4 159 167 86 132 123 90 157 127 99 59 146 43 57 16 136 133 131 76 11 29 134 102 85 73 74 132 73 54 150 88 12 25 7 38 28 176 64 12 150 120 39 75 63 13 29 58 119 115 169 134 52 83 12 95 88 56 60 67 67 68 16 64 141 164 162 173 9 76 114 122 113 3 5 169 128 20 25 15 17 169 149 3 138 86 29 82 119 34 85 118 27 83 134 127 79 163 5 134 53 25 102 69 99 109 180 134 159 61 116 107 79 122 25 102 140 50 122 125 166 159 19 33 8 61 112 163 13 93 137 163 148 124 25 81 170 141 109 32 152 115 156 153 3 170 143 79 163 146 69 39 122 81 116 25 158 158 79 11 120 179 86 104 25 57 90 121 27 42 152 174 18 90 17 69 146 143 43 54 133 146 150 116 142 10 18 175 105 52 6 27 141 153 73 95 28 85 80 107 157 54 107 34 151 113 58 61 52 50 92 5 6 54 72 81 48 168 138 62 56 147 118 20 159 106 66 17 11 141 53 95 179 84 17 63 12 158 175 169 27 73 153 106 175 54 88 107 101 155 56 103 149 3 101 153 72 46 97 100 155 159 14 4 13 176 177 152 99 94 133 39 116 5 124 141 116 125 13 54 56 95 43 16 98 109 10 145 83 55 166 60 85
95 31 95 117 123 56 111 81 38 95 78 155 149 168 90 119 147 100 31 106 11 44 120 40 44 80 97 87 165 101 38 47 4 68 109 102 113 50 57 12 16 133 136 12 51 48 150 138 163 124 81 100 125 115 119 92 60 134 92 86 86 167 35 118 32 163 103 73 138 133 19 129 116 127 163 48 2 34 1 122 80 126 92 5 15 114 26 19 161 86 138 75 28 33 46 126 163 105 133 65 84 172 140 106 117 148 54 74 23 51 113 124 71 167 117 60 27 152 142 52 40 166 174 87 174 143 93 17 126 76 28 158 169 151 109 84 83 50 72 176 46 41 145 53 105 94 61 17 95 153 118 81 34 110 89 177 66 105 23 110 124 114 27 97 20 66 147 146 88 4 128 87 92 45 124 34 69 28 168 89 90 82 34 128 143 160 61 135 119 12 104 170 135 83 54 143 94 170 66 178 66 45 90 145 175 29 60 35 111 134 118 149 26 171 179 60 47 180 19 116 153 95 47 88 105 59 180 22 68 44 23 55 79 174 164 151 127 4 129 173 50 106 34 179 61 117 3 48 5 140 126 52 136 162 43 11 140 51 32 149 54 160 118 45 45 64 125 74 106 71 150 41 122 139 141 152 174 160 58 74 72 82 78 84 115 128 27 106 140 92 85 180 22 143 102 179 9 34 3 150 129 50 92 52 164 6 51 18 172 149 68 47 115 132 46 70 15 161 59 19 138 163 113 136 99 74 11 100 144 97 140 80 54 165 165 38 21 166 2 165 128 60 146 168 80 166 130 172 72 126 98 1 6 110 150 154 77 110 168 45 85 148 48 104 39 168 49 66 16 77 55 37 46 61 107 82 80 121 86 83 38 120 171 48 151 174 81 43 164 17 14 21 101 7 88 161 141 12 46 53 4 166 6 105 138 143 47 103 52 179 159 150 127 128 173 105 17 127 173 102 119 74 83 47 133 135 14 163 64 56 11 72 17 123 46 2 3 141 85 24 125 41 131 108 86 173 65 127 52 23 145 5 53 10 138 155 74 122 36 93 172 51 44 138 45 32 86 27 35 86 56 103 100 143 155 102 37 107 164 44 25 31 67 85 169 145 142 163 167 119 100 141 6 115 12 21 44 43 17 21 121 110 36 46 136 82 173 57 46 86 124 47 178 35 154 154 85 89 124 129 159 82 143 31 116 65 90 179 126 102 12 78 122 44 135 75 133 1 76 57 14 127 172 21 16 165 113 157 143 170 103 163 14 122 13 79 61 26 170 73 179 157 155 124 146 115 67 74 66 57 107 170 156 53 115 171 169 151 22 157 19 78 166 7 48 138 1 87 62 87 41 9 31 53 109 68 140 150 75 29 68 129 85 31 130 161 18 144 47 100 168 45 24 127 136 77 55 120 69 130 176 161 140 69 59 156 159 67 28 84 114 34 32 12 50 43 169 152 89 108 82 79 157 174 100 174 114 24 151 146 18 106 71 25 132 139 168 113 48 43 148 141 88 91 64 12 122 52 32 109 96 90 163 48 142 136 88 143 19 180 86 41 7 163 131 59 179 115 165 10 9 109 170 91 15 61 25 69 53 111 61 161 149 178 19 172 174 9 67 163 37 116 8 133 83 54 77 158 47 176 42 165 176 2 35 30 108 127 57 17 115 12 57 82 69 173 166 151 109 179 92 64 10 144 169 119 126 76 102 6 114 128 145 108 39 131 58 79 169 51 42 15 90 53 157 104 10 174 38 169 87 38 64 129 173 78 16 30 58 87 23 143 116 93 31 50 151 135 157 64 141 75 96 46 131 82 56 123 8 57 28 2 85 125 45 72 43 76 104 99 127 39 74 105 12 160 68 52 157 6 126 111 158 168 149 138 57 9 89 146 180 13 93 99 47 49 153 99 117 119 50 167 47 162 60 29 74 150 49 12 48 160 174 161 111 52 28 135 113 145 139 115 168 142 55 135 172 124 108 87 146 140 3 114 126 42 71 115 176 127 125 54 163 107 69 44 173 171 167 94 115 109 174 73 107 61 142 136 90 76 92 112 103 35 3 161 9 167 123 64 116 123 138 40 5 103 143 53 79 12 176 26 29 57 145 157 25 57 66 40 118 78 54 30 154 109 108 16 30 96 144 9 131 12 35 45 27 75 143 42 43 41 153 109 19 83 115 118 122 116 65 170 126 13 3 141 73 124 103 78 52 61 142 19 122 128 131 107 36 13 76 84 154 24 96 56 178 75 30 61 43 48 100 98 101 105 136 14 102 13 54 24 42 6 41 15 143 79 56 103 105 175 142 171 166 104 126 27 97 160 27 55 57 153 140 47 115 37 114 138 82 143 112 165 80 155 17 129 77 25 116 97 91 11 5 88 18 123 168 44 80 131 150 12 168 128 33 100 64 27 90 21 102 132 28 110 12 78 53 156 124 117 104 131 132 126 86 81 50 62 53 85 74 78 40 125 109 111 81 167 66 128 164 12 70 146 95 51 3 28 34 11 116 26 65 79 144 73 103 99 49 170 87 117 139 34 172 73 129 64 73 84 48 155 129 112 121 80 129 69 25 147 61 111 131 175 67 151 21 16 51 139 7 114 76 31 55 64 140 99 56 95 90 31 93 142 106 3 153 107 178 145 143 172 26 157 70 159 170 53 38 65 35 14 52 142 170 106 84 53 146 49 64 25 123 165 50 105 126 130 158 19 10 21 67 173 53 82 13 147 26 126 142 76 85 49 98 93 136 34 125 154 37 82 161 98 132 116 53 63 25 109 74 164 100 140 179 163 108 40 72 162 123 39 39 66 32 50 109 75 61 64 126 122 75 131 78 107 94 180 79 5 96 172 64 66 18 127 63 85 129 89 139 126 141 93 165 41 144 17 157 89 54 54 51 14 117 24 180 29 17 32 71 179 60 56 146 58 100 176 31 166 31 151 130 12 179 67 127 7 141 124 105 109 18 12 152 100 121 141 90 86 107 53 131 87 88 53 41 39 67 85 96 79 103 176 97 24 50 106 4 172 150 61 55 162 42 32 33 72 61 171 131 105 7 63 43 104 177 160 178 128 169 129 103 114 108 144 4 67 61 132 33 23 98 164 23 44 179 19 74 101 39 89 147 30 47 82 159 163 55 128 146 61 165 158 8 163 175 59 151 86 69 80 159 127 127 43 79 66 150 110 103 36 8 110 166 68 143 145 130 7 171 99 140 119 146 80 84 68 95 152 156 59 7 140 10 51 28 33 176 117 58 85 135 15 42 6 56 95 7 129 78 135 84 54 126 152 130 150 57 130 102 160 155 137 102 75 122 145 78 118 140 123 126 173 41 12 31 40 2 180 48 46 162 114 103 37 165 68 98 21 119 150 5 108 105 176 87 106 26 107 175 67 69 159 136 82 151 79 101 32 134 18 14 13 92 61 131 111 147 116 158 120 142 40 11 68 44 179 174 111 21 166 41 47 111 18 177 166 98 43 14 37 166 114 112 16 166 111 66 92 134 97 161 46 12 9 6 113 178 72 24 62 127 14 121 31 178 67 75 62 78 2 67 164 157 22 105 55 140 107 110 153 123 159 42 45 179 55 167 1 74 164 43 30 72 139 11 83 93 110 64 104 91 2 71 107 162 116
20 133 124 60 100 28 1 92 179 134 32 29 12 75 28 21 73 6 123 68 104 54 159 162 105 173 105 93 48 42 30 127 85 2 157 128 177 102 83 151 35 93 77 79 89 108 2 32 160 118 72 118 154 123 6 173 26 156 168 58 120 7 41 130 9 133 142 135 79 51 31 121 144 38 143 139 74 145 60 132 100 131 20 63 160 142 17 151 104 102 11 56 80 23 87 16 106 79 89 34 180 56 163 145 91 147 135 47 151 167 76 103 127 34 33 84 158 167 86 77 59 175 126 132 9 95 27 168 99 114 176 54 18 144 49 165 167 30 163 39 100 12 174 170 145 179 116 152 105 151 134 7 77 94 89 6 102 63 146 172 175 29 99 12 159 88 39 5 45 77 122 77 41 15 139 102 78 71 24 174 144 56 3 51 100 80 66 27 100 2 132 68 139 40 173 37 170 17 81 32 14 56 159 154 7 12 123 58 19 177 2 149 10 112 33 52 89 33 45 16 92 165 149 30 151 123 171 110 107 87 8 103 15 35 56 140 6 58 53 78 8 133 116 105 7 13 103 176 86 176 119 120 142 50 178 110 94 21 155 20 88 171 78 23 12 172 77 148 98 125 60 163 143 153 27 88 167 55 31 153 146 151 82 4 113 124 85 47 115 74 46 126 97 171 111 81 130 5 83 144 9 174 65 119 173 157 56 144 175 156 17 50 161 98 179 168 82 156 154 98 82 103 6 150 60 6 55 157 84 69 93 130 164 121 136 59 160 71 42 115 138 38 86 75 72 118 32 166 156 135 19 80 82 105 52 131 83 42 173 82 159 107 13 15 129 108 97 52 111 108 44 39 180 170 47 123 102 29 175 168 33 10 89 155 44 121 128 153 180 140 60 115 158 111 45 23 46 119 95 156 122 3 65 173 5 158 77 124 3 34 46 30 160 111 101 179 147 58 106 157 101 146 138 159 50 25 113 12 13 110 105 58 68 108 4 137 106 144 66 74 105 109 70 42 4 141 72 133 40 122 125 176 96 157 101 24 75 62 121 40 128 59 14 127 99 54 30 157 144 125 168 96 78 67 86 2 81 31 20 16 74 44 174 141 38 52 123 120 102 161 161 123 140 144 180 73 48 100 66 141 27 10 80 171 34 37 178 175 5 86 101 126 151 80 47 49 162 3 57 71 124 122 25 179 23 69 70 102 7 140 162 100 136 64 100 124 111 148 18 128 146 4 94 85 136 167 130 28 92 179 77 45 86 176 29 92 156 2 112 111 177 165 81 10 75 80 41 92 174 102 80 172 88 52 57 1 92 176 176 78 29 146 82 92 166 80 127 62 106 13 152 9 159 173 163 85 117 115 123 3 32 35 150 114 37 160 73 51 149 104 46 35 156 102 179 164 120 56 69 26 118 144 163 170 48 18 58 70 178 173 154 55 76 12 52 88 160 120 47 93 76 90 49 102 178 12 41 178 133 23 114 39 103 8 13 99 117 114 88 99 67 12 85 140 96 171 128 145 98 149 140 161 51 152 23 107 77 123 118 50 167 138 7 131 95 1 76 28 104 177 158 47 89 65 87 148 14 4 8 36 129 164 95 30 87 43 6 110 97 33 10 62 60 24 77 67 153 137 176 18 74 47 13 145 99 65 51 173 22 132 108 12 48 91 78 29 116 22 25 59 96 140 90 121 25 98 68 173 34 15 82 30 97 34 35 172 64 173 149 122 28 131 64 50 53 175 129 147 160 34 81 3 111 49 151 107 1 48 114 69 125 76 86 72 141 37 121 172 163 45 51 119 129 95 32 34 33 39 81 110 44 161 74 2 131 162 144 169 140 137 177 106 93 25 78 39 119 88 43 133 112 106 21 106 149 175 136 74 63 71 149 107 149 170 48 30 8 116 104 173 25 109 5 49 14 46 10 136 30 90 53 48 39 145 152 162 90 177 129 100 161 74 82 90 20 150 45 38 116 134 48 79 116 56 149 17 128 85 106 83 167 93 157 66 34 154 90 49 113 154 114 49 76 68 44 166 55 152 135 35 128 178 125 159 71 166 28 120 60 80 48 118 86 138 143 84 68 158 50 114 175 170 146 139 149 178 83 157 172 80 42 10 179 82 152 63 5 37 152 159 171 62 104 36 117 94 106 81 155 103 26 162 28 83 71 154 104 53 155 33 126 115 157 76 139 29 106 138 116 137 141 35 61 120 148 9 96 39 106 10 174 52 161 107 138 91 57 177 74 85 39 151 28 110 34 77 69 34 149 66 63 21 167 32 94 137 168 6 3 150 120 125 61 119 141 155 64 106 49 145 101 144 180 57 111 26 119 156 107 123 126 69 123 90 48 100 112 178 162 55 28 43 14 130 97 5 180 53 124 152 77 5 137 125 114 104 136 72 19 43 60 2 155 90 151 86 95 37 12 81 53 179 87 34 12 172 79 176 176 53 87 60 167 141 130 89 175 63 104 153 119 171 178 168 170 161 56 25 113 135 153 15 138 38 158 58 58 166 143 92 69 151 22 149 75 46 179 80 118 48 167 130 149 83 100 14 6 140 3 50 77 43 119 85 174 168 133 15 93 51 159 61 97 58 174 105 96 19 7 114 54 135 178 39 129 130 66 78 113 83 28 73 145 39 21 161 2 1 34 138 163 37 20 171 76 114 27 63 96 75 84 66 150 171 171 118 132 52 156 151 63 94 169 92 155 77 123 129 172 65 168 110 10 167 170 147 105 99 6 133 179 170 152 133 73 90 163 10 13 151 64 115 55 174 3 7 157 115 54 97 2 85 24 180 164 43 11 28 175 173 9 73 147 93 82 91 40 60 84 68 92 99 54 174 87 8 120 68 14 153 29 85 104 145 59 158 172 10 143 14 159 143 41 85 93 58 46 152 3 13 96 16 52 111 60 38 21 49 131 61 179 51 31 33 50 64 147 32 19 116 124 36 107 13 112 115 4 142 58 19 126 128 167 65 24 153 163 59 51 3 18 152 170 7 110 3 141 59 97 6 152 153 140 7 79 106 61 2 173 2 144 81 44 113 126 34 125 127 140 47 164 88 134 136 48 83 40 125 165 37 13 134 48 168 88 36 100 80 26 152 37 115 3 95 179 103 115 96 20 110 68 44 128 146 70 72 65 75 152 157 178 90 79 155 2 48 131 79 8 171 21 174 138 140 164 172 174 65 99 103 95 54 91 156 88 61 158 159 38 145 165 65 171 20 24 179 104 123 168 142 107 89 145 166 11 22 136 6 59 25 99 30 92 140 37 104 141 45 140 133 134 58 168 93 7 53 164 68 56 49 144 44 147 92 68 71 125 157 55 8 5 83 47 27 158 147 124 101 122 50 80 77 158 145 40 151 66 159 128 95 88 70 126 84 145 98 178 10 72 71 165 19 138 18 7 159 72 19 156 122 25 145 14 112 71 10 92 78 124 116 135 108 144 72 143 159 18 1 24 2 72 143 149 27 96 54 70 106 6 114 167 3 31 70 20 58 4 30 127 34 105 71 3 148 152 75 152 167 12 15 171 10 101 162 152 57 165 46 166 138 160 4 28 158 164 62 6 163 79 48 14 150 90 114 110 147 42 123 172 63 22 68 23 5 44 2 35 70 103 56
0.2
0.2
0.4
0.3
0.4
0.4
0.4
0.2
0.3
0.2
0.4
0.4
0.4
0.3
0.3
0.4
0.3
0.2
0.4
0.3
0.2
0.3
0.3
0.4
0.3
0.3
0.3
0.2
0.2
0.3
0.4
0.2
0.3
0.2
0.2
0.4
0.3
0.3
0.4
0.4
0.2
0.4
0.3
0.2
0.3
0.2
0.4
0.3
0.3
0.4
0.3
0.3
0.2
0.4
0.3
0.3
0.3
0.2
0.3
0.2
0.4
0.3
0.2
0.2
0.2
0.3
0.3
0.2
0.2
0.2
0.2
0.4
0.2
0.4
0.3
0.2
0.3
0.3
0.3
0.3
0.3
0.2
0.2
0.3
0.3
0.2
0.3
0.3
0.4
0.2
0.3
0.3
0.4
0.4
0.3
0.3
0.3
0.3
0.3
0.3
0.2
0.4
0.3
0.2
0.2
0.3
0.3
0.4
0.3
0.4
0.3
0.3
0.4
0.4
0.3
0.3
0.3
0.3
0.2
0.3
0.3
0.4
0.3
0.4
0.3
0.3
0.2
0.2
0.4
0.3
0.3
0.2
0.4
0.3
0.3
0.2
0.3
0.2
0.3
0.4
0.2
0.2
0.3
0.2
0.3
0.3
0.4
0.4
0.3
0.3
0.4
0.4
0.4
0.3
0.4
0.4
0.2
0.2
0.2
0.3
0.4
0.2
0.3
0.3
0.3
0.3
0.4
0.2
0.3
0.3
0.3
0.3
0.2
0.3
0.4
0.2
0.3
0.2
0.3
0.2
0.3
0.2
0.3
0.4
0.3
0.3
0.2
0.2
0.2
0.3
