70 12
20
20874
19595
22154
21415
22763
22669
20569
20090
18945
21694
20373
20910
20455
20991
20497
20382
21557
19749
21214
21837
4.8 14.4 78.7 1.9
3.3 36.2 80.6 2.2
3 38.3 53.7 2.1
4.9 42 35.2 2.2
3.5 11.6 29.5 1.8
1.2 47.8 61.7 2.1
1 14.2 64.9 1.9
2.8 50 88.4 1.6
2.3 43.6 87.7 1.8
4 41.3 22.8 2
1.9 11.6 43.3 1.5
1.1 25.3 42.1 1.7
3.3 47 40.1 1.5
1.2 46.1 37.2 2.2
2.1 37.3 56 2
1.5 23.2 26 1.7
4.6 42.4 79 2.2
3.1 35.1 86.8 2.2
3.6 47.9 11.5 2.3
2 14.8 23.7 2.4
2 25 70.6 2.1
1.4 12.7 64 2
2.9 41.8 31.8 2.1
2.8 38.2 91.9 2.3
1.7 17.1 25.9 1.7
1.8 48.7 13.9 2.4
3.8 43 70.4 2.3
4.5 14.7 86 2.4
1.8 14.2 26.7 2.4
2.4 34.4 67.1 1.6
4.8 41.1 33.5 1.8
5 28.2 54.1 1.8
4.8 10.1 24.3 1.8
2.2 10.7 90.9 2
4.5 49.7 87.2 1.9
1.2 20.7 71.8 2
4.4 48.1 40.5 2.4
1 49.5 37.3 1.7
1.1 21.4 61.8 1.8
1.4 39.8 10.4 2.3
2.6 10.5 26.4 2.2
3.6 23 27.2 2.1
3.2 45.9 27.9 1.5
2.9 10.1 20.9 2
1.7 13.7 22.8 2.1
4.1 19.9 51.5 2.1
4 18 33.4 2.1
2.2 32.7 72.8 2.3
4.5 29 63.5 1.8
4.5 43.3 13.8 1.8
2.5 26.5 64.2 2
3.2 13.4 57.8 1.7
1.6 14.6 23.2 2.1
3.8 16.8 65.7 1.6
1.1 13.3 63.1 2
4.8 29.9 71.9 2
4.9 33.6 82.3 1.6
1.7 21.3 25.7 2.1
4.5 14.1 21.6 1.8
2.5 40.3 63.7 1.8
3.5 48.9 21 1.7
3.4 46.1 92.5 1.9
2.8 26.9 56.4 2.4
2.1 45.6 59.5 2
2.5 17 56.6 2
2.9 27.9 31.8 2
3 30.2 48.7 2.3
2.3 18.5 81.6 2.1
1.6 18.3 20.8 1.9
4.8 21.5 43 1.9
4.2 12.2 39.9 2.5
4.5 45.3 28.2 2.1
2.5 15.1 83.2 2.3
2.1 12.6 62.6 2.5
1.3 26.3 64.2 1.6
2.9 48.4 40.5 2.5
4.6 40.9 31 2.2
2.8 44.9 91.5 1.9
3 12.7 38.5 2.2
1.2 28.3 93.6 1.9
3 18.5 39.3 1.6
3.4 43.1 94.7 2.2
1.4 26.3 26.7 1.9
2.1 47.6 61.3 1.9
4 38.2 52.2 2.4
2.4 24.7 33.9 1.7
4.4 25.2 47.3 1.9
1.3 11.9 40.5 1.8
4.2 12.7 24.7 1.8
1.3 39.6 86.6 2.4
1.1 25.1 78.9 2.3
4.1 31.8 21.4 1.6
4.6 14 11.8 2.5
3.8 43.2 36.2 1.5
2.1 41.6 71 2
1.2 27.5 63.6 2
1.9 28.1 30.1 2.2
1.7 39.2 69.5 2.3
2.3 11.3 80.4 1.7
2.5 19.3 54.1 1.7
3.6 15 31.4 1.8
3.6 17.5 19.8 2
2.4 45.6 76.6 1.8
4.8 25.1 44.2 2.2
4.2 44.4 42.6 2.4
1.4 47 30.1 2.2
4.2 40.8 90.1 2.3
2.9 18.5 14.8 1.7
2.4 34.4 17.9 2.1
3.9 10.4 28.2 2
1 16.9 31.4 2
3.4 31.6 29.8 1.5
2.9 17 71.4 1.8
3.7 23.6 30 2.3
1.7 34.6 70.3 2.2
4.5 44.4 23.3 2.2
3 39.8 59.5 2.1
3.4 45 41.5 2.2
3.2 26.4 37.4 1.5
2.2 24.5 13.5 2
2.6 28.9 83.5 1.7
1.6 10.6 17.3 1.8
3 19.5 9.4 2.1
1.6 27.2 91.3 2.1
2.5 31.3 83.8 2.2
3.4 39.4 28.4 2
2.8 44.1 71.3 1.9
1.6 16.8 6.3 2
2.5 33.3 43.4 2.3
1.4 15.5 54.4 1.9
2.8 15.1 59.6 1.8
2.4 41.6 85.9 2.4
3.1 16.3 64.8 2
4.5 42.5 67.9 2.1
1.8 20.7 57.5 1.7
1.5 20.6 32.4 1.7
1.8 14.6 7.5 1.7
2.6 11.9 27.1 1.8
2.1 18.6 62.6 1.6
2.6 43.3 20.4 2
2.5 30.8 69.3 2.4
4.4 19 94.1 2
4.5 24.9 14.2 2.4
3.9 36.3 67 2.3
3.1 13.8 54.4 2.2
1.1 29.2 17.8 2.3
4.3 22.2 68.5 2.1
3.9 12.6 38.9 1.6
1.4 20.1 49 1.6
4.7 26.7 13 2.3
4.6 33.7 10.7 2.5
4.8 49.8 90 1.8
3.1 42.9 12.5 2.3
3.4 25.9 69.8 2
4.1 45.6 81.2 1.9
2 32 40.6 1.9
2 36.1 94 2
3.8 47.3 16 2.2
1.9 27.3 12 2
2.1 10.9 29 2.3
2.7 49.5 43.9 1.7
3.2 25.6 37.1 1.7
4.1 26.8 64.7 1.7
4.8 47.7 33.6 2
3.6 25.3 80.3 2.3
4.2 26.6 52.9 2.1
4.2 44.5 84.8 2.2
4.5 49.5 63.1 1.7
4.6 43.4 85.1 2.4
2.2 32.6 43.7 2.4
2.9 36.4 46.5 1.7
2.5 48 51.4 2.3
2.4 34.7 90.5 2.2
4.7 37.8 62.2 2.1
4 32.3 57.2 2.3
1.7 26.4 65 2.1
2.1 41.6 69.2 2.1
1.7 46.6 8.4 1.9
2.2 40.5 65.5 2.2
1 29.8 5.1 1.5
2.7 15.9 93.5 1.6
1.5 25.1 30.4 1.7
1.2 47.4 39.8 1.7
1.3 26.7 55.5 2.1
2.2 28.8 78.4 1.5
2.7 18 20.4 1.7
3 34.4 6.9 2.4
4.9 39.1 16.2 2.2
2.9 13.1 11.3 2.2
4 31.6 76.7 1.5
3.4 41.7 38.5 1.8
1.6 19.7 49.5 1.5
4.7 38 40.8 2
1 13.3 62.5 2.4
4 16.9 88.1 1.5
4.1 10.8 92.2 1.7
4.7 39.5 10.7 1.8
2.3 43.7 24.4 1.9
4.6 25.6 80.4 2.5
1.3 48.8 60.7 2
3.6 41.8 6.1 2.4
2.2 45.3 40.6 2.4
3.7 34.3 72.4 1.6
1.7 12.9 81.7 2
5 18.2 59.3 2.4
2.8 39.4 32.9 2.2
3.8 15.3 38.4 1.8
4.8 30.9 55.3 1.6
2.1 27.5 40.8 2.3
3.9 26.4 8.8 2.3
3.2 16.1 92.7 1.5
3.5 26.7 45.7 2.3
2 40 40.4 1.6
3.8 23.7 12.8 2.1
3.2 20.1 74.7 1.7
4.4 25.6 76.5 2.5
4.5 20.2 9.6 2
3.2 47.5 61.7 1.9
1.6 29.7 70.2 1.9
4 47.1 58.6 2.3
1.3 29.1 16.7 1.5
2.6 18.4 87.6 2.3
4.8 44 61.3 2.4
1.5 40.3 12.5 2.3
1.4 22.2 82.7 1.9
1 16.8 17.1 1.9
4 49.9 22.3 1.7
1.9 41.4 29.2 1.9
1.2 31.6 23.6 1.8
1.4 28.9 5.8 2.5
4.4 27 46.2 2
3 32.9 7.9 1.7
2.1 40.4 82.9 1.5
1.2 16.5 28.2 2.2
2.6 30 31.6 2.2
1.8 32.8 62.2 2.4
4 34.4 79.4 1.7
4 31.8 33.2 1.6
3.6 17.8 12.8 2.1
2.7 27.5 28.1 2.3
2.5 27.4 44 2.1
1.5 43.6 71.4 2
4.3 18.6 48.9 2.2
4.6 13.4 71.6 1.5
3 27.9 66.1 2.4
1.7 44.1 59.1 1.8
1.8 31.7 76.9 1.8
4.7 11.3 64.6 1.6
3 23.9 14.9 2.4
4.9 36.6 49.2 1.6
3.8 31.1 19.3 2.4
2.4 45.9 61 1.6
2.4 37.6 37.1 2.1
1.6 35.3 45 2.1
3.8 38.2 49.2 2.3
1.9 20.6 84.1 2.1
4.7 20.1 54.3 2
4 38.1 56.6 1.6
3.5 42.7 11.6 1.6
1.6 25.7 84 2.2
3.7 10.7 79.1 2
1.3 35.4 13.8 1.7
1 12.8 41 2
1.5 19.3 70 2.2
2.2 22.6 88.4 1.5
3.1 30.8 28.3 2.4
2.8 35.9 28.8 2.5
2.8 44.3 73.5 2.4
2.7 33.5 82.1 1.8
1.2 24.2 24.4 2.1
3.7 10.1 64.8 2.2
3.9 42.1 18.1 2.2
4.7 37.6 48.8 1.6
4.9 33.3 40 2
4.5 38.1 23.9 2.1
3.6 45.8 20.6 2
1.4 46.9 25.5 1.8
4.5 13.1 73.1 1.9
2.7 19.4 92.8 2.1
2.9 49.4 58.2 1.9
1.6 14.8 24.2 2.4
1.7 42 37.6 2.1
3.1 20.1 62.7 1.8
5 22.5 74.9 1.6
3.7 16.3 57.1 2.3
4.7 17.4 58.8 2.2
1.5 19 31.5 1.9
4.3 20.7 53.2 2.3
3.4 25.1 69.4 1.7
4.2 42.6 61.3 2
3.4 11.8 86.3 2.2
4.2 21.5 52.7 2.5
3.3 42.5 57.4 2.3
3 16.5 16 1.9
2.5 42.5 92.9 2.4
3.5 37.6 48 2.4
3.3 33.4 68.6 1.8
4.9 45.8 75.6 2.4
3.2 28.7 90.5 1.8
2.3 38.2 86.8 1.5
2.7 39.3 20.5 2
4.1 20.9 15.4 2.1
2.5 38.9 53.2 1.6
3.5 10.3 80.6 1.7
4.7 23.9 22.6 2.5
2.7 40.9 61.7 1.5
1.8 48.7 16.9 1.7
3.1 48.4 58.7 2.1
4.5 49.1 34 2.1
2.1 28.4 12.9 2.5
3.2 20.7 88.1 2.1
3.4 13.5 48.5 2
2.5 37.9 27.6 1.9
3.6 34.4 26.9 2.1
3.9 13.3 22.5 2.2
4.6 40.3 22.1 2.2
1.5 49.9 78.7 2
1.8 27.1 40.9 2
1.4 34.4 51.4 2.1
1.7 41.5 16.7 1.8
4.4 15.2 55.8 2.3
2.8 43 39.3 2.4
4.8 43.8 47.2 1.8
4.3 46.6 51.7 1.8
4.1 45.2 49 2.1
2.6 38.3 76.8 1.8
3.5 13.5 91.8 2
5 37.7 51.5 2.1
1.7 23.9 83.1 1.9
4.2 16.8 68.9 2.4
1.9 46.2 18.5 1.7
4 25.2 47.1 2
2.1 13.9 37.2 2.5
3.3 29.8 48.8 1.9
3 18.4 80.6 2.4
3.3 36.7 68.6 2.1
4.6 30.2 31.9 2.1
2.9 45.2 57.4 1.9
4.9 38.4 83.3 1.5
3.4 21.8 93.1 1.6
3.5 19 18.2 2
2 18.5 51.6 2.3
3.1 38.9 14.7 1.6
4.7 43.9 76.2 1.9
2.5 13.6 38.6 1.7
3.3 17.1 90.4 2.3
4.3 42.8 20.6 2.3
3.2 33.4 63 2.2
3.8 48.8 5.5 2.1
2.4 43.3 81.1 2.1
3.6 22.7 43.5 2.4
3.5 12.7 31.4 2.1
2.7 35 55.7 1.7
2 21.9 28.1 1.8
4.7 20.6 42.9 2.5
3.4 22.2 66.3 2.2
2.3 38.3 84.4 2.3
4.1 39.1 64 1.9
4 35.3 44.8 2.2
1.2 49.2 80.1 2.2
3.6 32.2 49.4 2.3
1.9 16.3 40.4 2.1
4.2 16.9 35.9 2
4.5 19.6 47.5 1.7
4.6 17.5 59.2 2.2
2.8 45.5 24.1 2.4
2.2 45.6 58.4 2.4
4 45.6 44 1.8
4.1 11.1 28.3 1.6
2.3 42.1 84.6 1.8
2.2 10.2 73.3 2.1
4.4 19.1 56.6 2.2
2.3 13 94.2 2.1
4 35.6 52.5 2.2
2.4 38.6 16.3 1.6
2.8 49.6 92.6 2.5
2.7 21.5 32.9 1.8
3.7 46.5 26.3 1.9
3.9 14.2 9.7 1.7
5 36.4 92.3 2.1
2.7 15.2 67.1 2.2
4 17.6 68.4 1.7
2.1 42.5 48.6 2.3
3.4 35.7 49.6 1.6
2.9 30.5 56.4 2.5
2.9 49.1 5 1.6
4.2 29.7 51.3 2.2
2.8 37 49.7 2
3.5 45 11.5 2.3
4.6 30.5 67.3 2.5
1.1 20.8 64 2.2
4.6 31.1 15.7 1.8
1.2 41.6 64.8 1.9
4.3 25.3 46.9 1.6
3.1 13.5 79.4 2.4
2.6 45.6 35.1 2
2 46 59.5 1.7
4.1 11.5 73.2 1.7
2.8 21.9 14.4 2.1
3.5 39.3 67.2 1.7
2.6 24.9 17.3 2
2.1 27.3 78.4 1.7
3 30.6 15 1.6
1 44.1 27.6 2.3
2.1 44.2 9.2 1.7
4.2 13.8 73.1 1.6
4.9 34.1 45.4 2
1.4 24.9 50.8 2.4
4.7 44.7 32.8 1.6
2.2 45.1 22.3 2.4
1.4 21.4 89.8 1.9
4.1 10.3 17.5 2
4.7 21.5 14.6 2.2
4.3 16.2 11.6 2.1
1.8 11.2 15.6 2
5 29.7 94.7 1.8
1.1 28.9 11.8 1.8
4.9 43.9 18.1 2
3.3 38.3 69.2 1.7
1.7 34.3 20.1 2.1
4.9 16.9 9.8 2.4
4.2 10.1 21.9 2.5
2.3 28.9 59.7 2.2
2.4 37.3 33.3 2.3
2.8 48.7 67.3 2.2
1.7 26 9.9 2.4
2.6 21.9 83.9 2.2
2.4 23.5 57.3 1.6
1.7 43.5 22.6 1.8
2.7 18.3 81.6 2
4.6 26.4 59.3 2.1
3.6 46.9 48.6 2.1
4 26.6 31.4 1.7
4 36.4 9.3 2
3.8 19.3 67.1 2.2
2.7 12.3 42.2 2.2
2.5 25.9 25.2 2.3
3.6 18.2 45 2.3
1.7 22.6 54.2 1.5
2.1 22.9 79.9 1.8
3.5 14.1 30.1 1.7
1 29.7 71.1 2.2
1.7 11.9 39.9 1.9
3.8 20.7 8.1 1.8
1.1 11.2 33.1 2.2
4.4 17.6 73.7 2.4
3.3 26.9 41.2 1.5
2.9 18.4 48 1.8
3.2 43.3 31 1.8
2.5 28.5 79 2.2
2.3 43 52.3 2.1
4.1 42.3 66.4 1.7
1.3 30.3 93.1 2.4
1.2 34.6 17.8 1.6
4 37.9 34.1 2
4.9 13 94 1.5
4.7 34.4 15.4 1.8
2.4 34.6 64.4 1.7
2.6 21.1 85.5 1.9
3 16 24 1.7
4.6 23.4 67 2.4
3.1 17.4 22.9 1.7
1.1 10.2 16.2 2.1
2.8 34.9 31.1 1.6
3.7 42.9 72.9 1.6
3.1 29 17.2 1.8
4.5 47.6 73.6 1.5
1.9 21.7 72.9 2
4.8 43.9 79.4 2.3
3.7 17.2 50.1 2.2
1.4 39.1 52.8 1.7
2.1 44.1 13.6 1.6
4.5 34.4 57.2 1.6
3.5 47.5 78.6 1.5
2 49 90.4 2.1
2.1 29.8 92.1 2.5
1.5 25.9 37.9 1.7
2.2 29.9 60.7 2.1
4.3 45.1 27.7 2.3
4.7 43.5 5.6 1.6
4 21.9 8.6 2.4
2.3 26.3 84.6 1.7
4.7 46.5 18.7 2.4
2.1 22.5 37.5 2.1
1.5 41.4 7.3 2.3
1.2 12.6 13.1 1.7
4.1 14.8 28.6 1.6
4.5 24.2 35.4 1.9
2.7 12.8 79 2
4.8 28.4 84.4 2
4.9 32.5 21.1 1.7
1.2 35.8 40.2 2
2.4 28.9 28.8 2
3.7 43.5 88.8 2.4
3.2 20.7 35.2 2.3
5 22.6 27.3 2.1
1.6 19.2 28.3 1.8
4.8 20.8 73.2 2.3
1 45.1 43.8 2.3
1.9 37.6 77.1 2.2
3.4 16.3 21 1.8
1.7 38.1 76.7 2.1
3.1 31.8 26.8 1.9
1.1 21.7 8.4 2.2
4.4 20.1 40.7 2.1
1.3 18.9 56.8 2.3
4.1 26.9 6.6 1.9
3.6 34.1 85.7 2.4
3.3 38.7 60.2 2
3.3 41.4 76.3 1.7
3.9 30 44.8 1.5
2.2 17.8 45.2 1.8
2.2 14.2 12.6 2.3
4.9 11.3 15.5 1.9
2.7 37.4 18.6 1.6
4.5 41.1 77.9 2.1
2.8 31.2 13.9 2.3
1.9 26.2 52.7 2.5
3.5 19.1 15.9 1.7
4.4 25.4 10.9 2.5
1.4 36.5 52.4 1.7
4.5 15 69.6 2.4
3.2 18.6 44.2 2.2
1.8 33.4 20.7 2.4
3.2 21.8 58.8 2.5
1.1 10.3 53.1 2.1
3.6 29.3 50.4 2.2
4.6 13.9 73.2 2.5
1.4 39.5 46.8 2.5
2.2 17.3 72.9 2.2
3.9 11.9 54.1 1.6
1.1 36.8 25 1.9
3 12.6 90 2.1
2.7 31.8 21.1 1.6
3.5 37 70.3 1.5
2.9 16.4 11.8 1.7
1.8 37.4 42.5 2.3
3.8 44.4 55.2 2
5 16.2 64.9 2.1
2.6 13.5 54.8 1.7
2.5 48.6 86.7 2.3
2.6 13.9 44 1.8
3.4 19 57.9 1.8
2.4 16.7 61.6 1.9
4.3 27.7 44.1 2
2.3 14.8 60.8 1.7
3.9 14.8 77.5 1.9
4.2 16 74.7 1.8
2.9 41.4 26.8 2.3
3.2 18.3 86.9 1.8
2.1 48.6 28.8 1.9
3.5 11.3 90.6 2.3
2.3 12.1 23.9 1.6
1.9 40.3 69 2.2
1.5 11.5 74 2.3
1.7 38.6 31 1.6
1.6 25.8 15.1 1.8
2.9 16.8 56.1 2.2
3.1 13.4 16.6 1.7
4.1 15.4 48.1 1.8
1.8 14.9 79.1 2.2
3.4 10.2 32.8 2.2
2.8 19.9 79.1 2
1.4 43.2 31.2 1.6
3.3 24.5 25.7 1.7
2.3 21 74.5 1.6
4.4 31.9 10.6 1.9
2.1 17.2 11.1 2.3
1.4 17.2 8.9 2.4
2.4 28.1 83.8 2.2
3.7 28.1 31.9 1.8
4.6 29.5 45.4 2.4
2.4 46.7 62 2.5
1 47.5 8 2.1
1.1 31.2 52.1 2.4
2.1 44.9 17.2 2
2 12.4 65.5 1.8
3.3 21.4 34 1.6
1.3 45.3 37.4 1.9
2.8 28.1 91.6 2.2
3.5 18.7 33.5 2.3
3 25 13.8 1.6
4 23.8 61.1 1.9
2.5 34.9 78.7 2
1.7 12.9 91.2 2.2
4.9 14.1 72.8 2.3
3.3 26.1 90.5 1.8
5 42 42.3 1.6
3 31.4 46.3 2.1
4.1 19.2 30.8 2.3
2.3 29.2 29.1 2
1.2 46.2 56.6 1.7
2.6 33 90.6 2.4
1.5 21.9 31.4 2.3
4.4 21.8 40.6 2
1.9 24.2 71.9 1.7
3.7 13.5 47.7 2.1
2.6 35 86.8 2.1
2.9 14.8 20.7 2.3
1.8 31.4 85.5 1.7
1.3 32.7 12 2.1
1.9 36.6 14.6 1.9
1.8 24.2 16.4 1.9
2.4 21.5 87.3 2.1
4.3 16.4 55.8 2.1
2.2 33.8 20.2 2.2
3.8 20.4 74.8 2
4 32.7 6 2
1.6 30.5 25.4 2.3
1.4 16.4 83.1 1.9
1 39.8 90.3 2.3
2 25.6 72 2.3
4 35 40.8 1.9
2.7 23.4 86.8 1.7
4.5 32.7 23.2 2.2
2.4 32.4 64.9 2.5
3.7 47.1 74.5 1.5
2.8 38.5 22.5 1.9
2.7 48.5 57.8 2.4
2.6 46.9 64.6 1.5
2.5 48 84.9 1.5
4.3 41.6 50.8 1.6
1.4 31.1 14.8 2
3.2 29.9 57.5 1.6
2.5 23.7 29.6 1.8
4.5 46.7 53.3 1.5
2.8 24.2 65.8 2.5
1.6 27.5 29.3 1.8
3.1 29.5 50.3 1.8
4.9 48.3 39.5 2.5
4.7 48 61.6 2.2
2.2 36.9 11.4 1.6
1.1 38.9 71.6 1.7
4.8 22.1 35.6 1.7
1.3 19.6 26.1 1.9
4.8 29.6 80.5 2.2
3.7 30 36.3 1.9
3.3 47.1 86.9 2.2
3.7 43.7 51.3 1.7
2.6 18.9 30.6 2.2
1.4 21.2 76 2.4
2.8 43.7 46 2.3
1.5 15.9 34.4 2.3
4.3 34.5 64.2 1.5
1.7 27.5 11.5 2
4.5 46.9 83.9 2.2
4.9 40.2 69.2 1.7
2.6 16.4 92.7 2.5
4.4 43.6 16.6 2.2
4.9 48.4 17.4 2.2
1.4 46.2 7.1 1.5
3.6 29.8 21.8 1.5
1.1 20.2 43.8 2
2.8 31.1 26 1.8
1.6 48.1 20.6 2.2
1.6 16.3 8.6 1.7
4.4 20.7 65.3 1.7
1.4 24 52.9 1.8
3.1 20.3 26.4 2.3
3.9 10.3 77.3 2.3
1.1 26.9 19.2 1.7
4.4 45.4 65 2.3
2.7 21.8 45.4 1.6
3 13 86.8 2.4
4.9 36.6 60 1.9
2.1 21.8 30.6 1.8
1.9 23.5 40.4 1.8
1.6 10.8 19 1.7
2.5 16.4 27.3 1.8
2.1 39.2 84.4 2
1.7 20.3 46 2
1.3 44.5 33.6 2.2
1.7 30.9 24.1 2.1
1.9 34 19.1 2
3.7 38.5 55.6 2.3
2.1 35.4 80.1 2.2
4.6 10.6 89.7 2.5
4.5 40 60.1 1.5
4.9 22.3 22.5 2.4
3.4 17.7 72.8 2.2
2.3 46.4 78.1 2
4.5 10.1 75.4 1.8
2.4 19.7 69.5 1.7
4 36.1 43.6 1.9
3.5 32 94.8 1.6
3.5 28.2 22.3 1.8
2.6 14.4 93 1.7
3.3 23.1 80.2 2
3.4 26.6 71.3 2
3.5 36.7 20.1 2.2
3.4 48 42.2 2.2
4.6 30.3 18.4 2.4
3.7 34 26.4 2.1
2.7 35.7 27.7 2.3
3.8 17.3 70.2 2
3.1 13 62.9 1.9
4.5 24 40.8 2.4
4.4 20.4 19.7 1.7
2.6 21.3 60.6 1.5
4.4 18 13.8 1.8
3.2 36.9 89.3 2.2
1.2 42 58 1.7
1.2 16.4 56.4 1.8
4.9 12.5 69.8 2.1
3.1 11.8 85 2.2
1.7 17.3 37.8 1.5
4.8 49.7 88.2 1.8
3.3 12.9 82.3 2.5
3.3 44.3 71.1 2
3.6 42.8 28.9 2.4
4.1 25.8 87.3 2
2.3 46.6 66.9 1.5
2.8 17.3 87.5 2.1
4 30.6 58.2 1.9
3 14.6 64.4 2.4
1.9 38.1 61.3 2.4
3.6 50 32.5 1.9
1.6 42.7 80.7 1.7
1.5 18 56.3 1.9
2.1 19.8 89 1.6
4.8 11.7 56.8 2.4
2.5 39.9 80.9 2
3.7 37.8 92.9 1.8
1.8 15.9 13.2 1.6
3.4 27.5 54.3 2.5
4.6 34.2 16 2.1
1.9 23.9 73.1 2.1
1.2 46.3 34.9 2.5
3.5 34.2 49.8 2.2
3 10.5 32.1 2.4
3.7 40.5 26.5 2
2.8 36.4 20.7 2
1.6 46.8 62.8 2.1
5 42.1 84.6 1.5
3.1 18 89.8 2.4
1 44.2 93 1.6
3.7 30.6 85.1 1.9
2.6 41.7 93.5 1.9
1.7 40.9 31.1 1.6
3.4 34.8 87.1 1.6
3.6 43.5 36.6 1.6
2 11.6 78.2 2.1
2.6 17.3 39 2.2
1.2 12.8 16.9 2
1.8 12.8 24.8 1.6
1.8 25.5 41.3 2.4
2 32.3 59 2.2
3.2 24.1 66.4 2.5
2.3 38.7 68.2 1.7
4.8 46.7 37 2.5
1.1 45.2 34.1 1.9
4.7 19.8 71.2 2.2
3.7 44.8 30.8 2.5
4.8 37.1 76.1 2.1
2.5 29 55 2.3
4 25.3 82.7 1.7
4.8 47.5 73.8 2.1
5 12.6 75.2 2
3.1 20.1 34.1 1.7
3.9 34.6 25.4 1.7
2.9 13.4 85.6 2.5
2.1 49.4 5.8 2.3
4.8 16.9 49.1 2.4
2.6 14.2 26.2 2
1.5 21.4 75.7 1.9
1.9 34.2 50.8 2.4
2.1 15.4 43.6 2.5
1.6 43.6 43.2 2.3
1.8 38.8 45.6 2.2
2.1 29.6 89.9 2.5
1.3 25.3 75 2.4
2.2 36.8 46.7 2
3.8 49.7 63.9 2.2
2.9 10.2 36 1.6
4.1 17.5 58.8 1.7
4.7 17.7 93.7 2
1.7 18.4 50.5 1.6
2 27.4 63.6 1.7
3.5 21.2 69.2 1.6
3.5 27.8 37.9 1.7
3.1 28.7 82.1 1.8
1.7 37.3 72.2 2.3
1.2 44.9 57.3 2.2
1.1 15.2 19.3 1.8
3.1 16.4 12.7 2.1
4.8 18.5 69.6 1.7
2.5 17.1 88.3 1.7
3.3 49 89.9 2.2
2.4 46.4 45.2 2.5
3.4 46.3 84.8 2
4.5 47.2 72.4 2.4
1.7 36.5 75 1.7
2.9 23.8 17.8 2.1
2.4 16.4 40.6 2.3
3.4 42 51.4 2.3
2.7 26.8 87.9 2.1
4.7 43.4 76.1 1.6
3.7 29.1 68 2.1
1.1 21.4 8 2.1
3.1 21.2 49 2.3
4.1 32.2 30.9 1.7
2.5 35 8.9 2.4
3.8 21.9 77.4 1.6
3.8 28.7 69.4 2
4.2 17.9 64.9 1.7
3.8 49 44.9 2.2
3.7 13.7 34.9 2.1
1.6 22.8 71.1 2.4
3.9 28.3 52.8 2.2
1.2 20.3 11.2 1.7
3.2 11.5 14.7 2.3
3 41 89.7 2
1.1 42.5 56.5 1.6
3.1 25.9 15.5 1.9
3.9 40.3 17.2 1.9
4 10.9 35.8 2.4
3.4 48.6 9.8 2.2
1.6 41 54.7 2.2
4.4 35.9 23.1 1.5
4.5 38.3 57.9 1.8
4.7 49 31 2.2
4 21.5 24.1 1.8
4.6 24.5 72.7 1.7
1.4 23.3 67.6 2.1
4.5 21.1 94.2 2
3.4 17.5 65.8 2.3
1.1 22.9 58 2.4
3.6 14.5 82.8 2.3
2.1 33.2 6.5 2.2
4.8 39.8 57.5 2.3
2.4 16.7 51.9 2
2.2 35.7 33.2 2
1.5 25.3 49.2 1.7
1.4 47 61.8 1.8
1 12.2 14.9 2
1.3 38.4 15.9 2.1
4.3 13.1 86.6 2
4.9 27.9 19.9 1.9
2.9 21.2 54.8 2.3
4.2 29.4 7.6 2
1.6 34.2 92.6 2
2.9 16.1 72.2 2.1
2.9 27 53.2 2.3
1.1 19.2 51 1.7
2.8 41 15.5 2.4
4.7 14.8 51.3 1.5
1.1 12.7 36.4 2.1
3.9 37.2 82.1 2.4
3.7 38.8 64.2 2.2
2.7 42.2 93.8 2.4
1.5 25 86.8 2.3
2.6 11.2 6.8 1.5
1.7 36.1 32 1.8
1.3 13.2 5.8 2.5
3.9 45.8 47.5 2.3
3.4 30.8 35.8 1.9
2.2 33.8 43.4 1.7
4.7 41.3 45.8 1.5
3.8 12 32.5 1.7
1.9 16.8 32.4 1.6
2.1 29.5 81.8 1.8
3.1 35.3 54.1 1.9
2.8 33.8 41.7 2.5
3.7 36.9 53.2 1.8
4 23.3 13.4 2
3.8 49.9 71.5 1.9
2.6 33.8 51.1 2.4
1.8 17.6 31.6 1.7
2.7 39.3 19.4 2.4
4.3 27.8 89.1 2
4.3 19.9 44.7 1.6
3.1 24.6 61.7 1.6
4.9 21.4 72.7 1.9
5 38.5 49 2.2
3.6 49 56.8 2.4
3.8 19.3 72 1.5
4.2 43.7 45.9 2
1.4 14.4 85.6 2.1
2.2 39.8 41.4 2.2
3.8 47 56.2 2.2
2.7 22.6 54.5 1.7
2.7 20.6 7 1.7
1.2 10.9 74.3 1.8
3.2 13.7 60.8 2
3.8 13.2 91 2.4
3.6 32.8 6.3 2
4.3 37.1 75.1 1.7
2.8 44.5 28.1 2.2
3.8 39.3 34.6 1.6
2.5 29.2 6.2 2.2
1.1 28.6 68.2 1.5
1.9 25.9 63.1 1.7
1.9 12.2 11.4 1.9
1.9 14.3 42.8 1.8
3.2 35.3 43.4 2.1
4.1 36 89.1 2.1
1.3 41.1 65.3 2.1
4.1 19.4 77.2 1.6
3.6 12.2 67.4 1.8
4.7 19 92.4 2.2
4.4 45.8 73.5 2.1
1 17.9 32.6 2.3
2.8 45 5.4 1.9
1.5 12.7 66.6 1.5
4.4 40.3 20.9 2.4
3.3 43 32.2 2.4
4.7 20.6 25.9 1.9
3.2 35.1 42.6 2.5
1.6 10.1 71.9 2.1
1.9 32.9 36.4 2.1
2.2 32.7 47.9 1.8
1.8 15.2 53.2 1.9
1.8 13.4 77.4 1.7
1.7 42.4 68.1 2
2.9 26.5 28.9 2.1
4.8 33.8 68 2.1
1.8 10.2 55.9 1.6
4.3 29.3 17.9 2.1
3.7 12.3 11.6 2
1.8 14.2 18.3 1.9
3.7 23.1 11.2 2.5
2.7 13.4 89.8 1.6
4.4 28.3 66.4 2.2
2.8 13.6 9 2.3
1.1 45 78.4 2.3
3 44.7 79.5 2.2
2 26.7 79.3 2
3.7 35.6 41.2 2
2.2 48.8 62 1.9
4.3 23.2 69.1 2.2
2.9 35.3 38.5 2.2
4.4 12.6 56.1 2.4
4 44.8 49 2.3
4.7 12.8 88.2 2
2.1 33 55.7 1.8
1.4 18.9 94.7 2.2
4.2 33.6 41.9 2.2
4 11.1 85.1 1.6
2.6 27.1 62.7 2.1
1.5 22.5 33.6 2.5
4.5 42.9 77.9 2.2
3.9 44.7 34.4 2.5
2.1 37.1 26.8 2.2
2.9 21.7 75.6 1.8
1.9 46 70.4 2
3.5 30.5 51.2 2.4
4.3 27.2 66.5 1.8
3.5 30.5 84.8 1.8
4.1 19.1 81.8 1.8
4.5 18.9 87 1.8
4.1 13.3 90.6 1.6
2.5 37.3 68.7 2.3
3.6 26.5 38.3 2.4
2.8 24.3 49.7 1.5
3.5 48.7 57.5 2.2
2.7 16.5 14.1 2
2.1 37.8 33.4 1.6
2.6 12.6 41.1 1.8
2.9 25 18.7 2.2
2.2 40.3 51.1 1.5
4.5 46.5 10.5 1.9
4.8 33.1 64.6 2.1
1.5 20.7 31 1.8
2.2 18.6 14.6 1.5
2.4 34.5 91.2 2.5
2.3 43.1 68.8 2.2
2.3 22.6 76.2 2.3
1.9 40 32.6 1.8
4.5 43.5 17.8 2.2
4.8 10.6 11.5 2.3
1.2 16.6 39.5 2.1
1.4 49.6 66.4 2.2
1.6 39 85.4 1.9
4.3 37.5 69.4 2.4
2.2 18.4 12.4 2.4
2.9 20 88.5 2.1
3.4 28.9 72.9 1.9
2.9 28.1 56.6 2.2
3.3 33.8 60.5 1.9
2 18.9 22.4 2.3
1.8 22.2 25.6 2
2.4 33.1 86.5 2.3
2.7 43.2 60.6 2.4
1.6 38.7 9.4 2.1
3.3 46.9 46.9 2.3
1.3 36.6 66.5 2.2
3.6 19.9 74.7 1.7
4.3 19.2 38.1 1.5
1.6 43.5 38.1 2.5
4.1 46.8 94.4 2.1
3.7 44.6 6.5 1.6
1.5 14.5 46.4 2.2
1.7 26.5 48.6 1.6
3.3 15.2 68.8 2.5
1.9 41 81.4 1.6
4.9 29.9 57 1.9
2.4 33.3 51 2.1
3.4 14.9 78.8 2.1
3.9 40.1 7.9 1.5
1 40.4 51.3 2.1
2.5 22.5 18.6 2.5
1 34.8 85.4 2.5
4.6 24.3 69.2 2.4
3 34 20.4 2.3
1.5 36.2 41.9 2.4
4.2 22.7 32.1 2.4
3.7 41 90.3 2.4
3.9 45.4 48.1 2.1
2.6 35.2 52.2 2.2
2.1 21.7 66.2 1.9
1.4 46.3 76.5 2
1.6 48.6 52.7 1.7
1.9 37.1 66.6 2.4
1.3 16.6 24.4 2.4
4.6 13.7 92.1 1.9
4.3 10.8 63.1 2.5
1.9 32.8 56.6 2
2.6 22.6 92.5 1.7
3.2 15.6 69.9 2
4.3 45.4 67.3 1.6
4.3 18.1 80.3 2.2
1.4 22.3 29.9 1.6
2.7 10.2 19.1 1.5
2.9 19.2 37.8 2.4
4 26.7 90.5 1.8
1.6 45.5 41.2 2.1
1.4 17.9 38.3 1.9
3.7 43.7 90.9 1.8
4 31.8 91.7 1.5
3.1 10.5 80.7 1.6
3.6 41.7 35.3 1.7
4.1 16.2 51.8 1.6
2.1 32.7 50.9 2.1
4.9 36.1 35.8 1.9
3.6 44 10.8 2.2
3.3 44.8 84.3 1.9
3 28.8 71.6 1.9
2.7 32.2 82.8 2.3
2.7 22.6 85.9 2.3
4.3 38 41.6 2.2
3.3 22 36.1 1.8
1.2 33.6 44.1 1.9
1.7 47.3 12.3 2.4
4.4 32.4 24.3 1.8
4.1 42.9 13 1.8
1.7 48.1 11.7 1.9
1.7 30 56.5 1.7
3.4 37 24.5 1.7
3.8 12.1 22.1 1.8
1.7 39.9 10.4 1.8
3.1 19.7 92.1 1.8
4.1 13.6 90.7 1.9
2.8 24 15.6 2.2
2 33.2 18.9 2
4 42.2 47 2.3
3.1 32.8 14.7 2.1
3.3 26.1 50.9 1.9
3.4 39.7 9.5 1.8
3.8 48.7 16.1 2.5
4 49.3 79.8 1.5
2.2 40.5 88.7 2.2
4.6 42.4 57 1.9
4.4 11.9 56.9 2.2
1.7 45.1 54.6 1.7
4.5 38.1 41.9 2.2
4 12.5 89.5 1.8
2.9 44 15.9 1.7
3.1 15.7 85.8 1.7
4.9 16.5 83.1 2.1
3.4 38.5 23 2.1
4.4 36.1 16.6 1.6
1.9 45.8 21 2.1
2.2 18.9 72.5 2.4
2.1 33.5 74.4 1.9
1.4 48.1 44.9 2.5
2.8 31.4 24.2 2.4
4.9 40.6 19.2 2.3
1.7 16.9 9.2 1.6
2.9 42.2 49.6 1.6
4.8 10.2 28.5 1.5
2.2 36.9 9 2.4
2 14.9 40.5 1.5
4 26.5 31.4 1.6
4.4 41.1 55.5 2.5
3.7 48.5 52.9 1.7
2.2 13.2 59.3 1.7
1.3 33.8 60.8 1.8
1.4 12.2 15.6 2.1
4.1 49 18 2.4
3.7 47.4 26.4 2
3 20.5 16.4 1.8
2.9 34.7 21.8 1.8
4 37.4 49.8 2.4
2.7 42.9 57.6 2.1
1.3 44.9 94.3 2
2.6 40.5 70.5 2.5
2.1 23.4 44.7 1.7
1.8 17 6 1.9
4.6 17.3 47 2.3
3.9 48.7 8.1 1.7
3.3 45.3 12.5 2.4
1.1 38.6 36.1 1.6
1.4 28 33.8 1.6
1.3 22 45.8 1.8
1 43.1 85.5 2.5
1.9 44.6 43.1 2
2 44.6 14.2 2.1
2.4 10.9 84.5 1.7
4.8 48.3 69.2 2.2
2 44.5 38.7 2.2
1.4 25.3 93.5 2.3
3.1 30.6 30.3 1.6
1.9 35.7 70.9 2.1
1.2 43.9 29.5 2
3.9 33.9 12.2 2.5
2.5 36.3 82.5 1.6
3 34.5 16.2 1.6
1.5 48.3 43.7 2.2
4.3 49 37.7 1.6
2.8 24.7 58.8 1.6
4.7 19.7 84.4 2.3
3.6 15.1 21.8 1.7
3.9 29 82.9 2
3.4 41 40.6 2.4
1.7 38.8 32.1 1.8
1.3 34.5 45.9 1.7
2.3 31.1 56.2 1.8
3.4 11.7 24.9 2
4.6 38.3 51 2.1
2.7 49.9 41 1.6
4.9 35 59 1.9
4.3 42.9 27.1 2.3
2.9 26.7 11 1.9
4.9 22.6 29 1.7
4.8 47.6 38.6 2.5
2.3 10.8 47.8 1.9
3.9 20.6 58.4 2.1
2.8 47.5 64.2 1.9
1.7 39.7 43.9 1.6
4.7 43.7 22.7 1.9
4.5 35.1 73 1.8
2.8 33.8 84.2 1.5
2.7 36.1 70.9 2
1.8 16.9 78.5 2.3
2.2 29.5 28 1.8
2.2 44 26.1 2
3.1 12.9 6.9 2.3
1.3 18.9 38.9 2
4.2 44.5 66.4 2.4
1.7 14 13.2 2.1
3.8 38.9 44.2 2
3 36.1 90.6 1.7
4.3 18.4 21.9 2.1
3 35.2 68.3 1.7
4.1 34 48.9 2.5
3.9 39.7 32.6 2.2
1.3 18.1 51.7 2.5
3.9 47.5 76.4 2.1
2.4 26.6 19 2.2
4 12.2 52.8 2.3
1.1 17 78.2 2.3
1 30.2 24 2.4
3 45.5 13.7 2.1
1.1 33.2 12.5 2.1
1.6 39.4 81.3 2
3.2 28.5 48.3 2.5
1.7 22.7 73.1 2
5 37 27.8 1.9
1.4 24.5 74.1 1.6
2.9 37.1 87.8 1.9
3.3 39.1 88.9 2.4
1.2 42.1 84 1.6
2.7 16.7 64.1 2.1
4.3 18.8 92.3 1.7
2.2 19.8 78.7 2.3
2.7 11.8 57.7 2
4.4 29.4 56.7 1.9
1.6 44.8 74.7 1.7
3.4 27.9 40.2 2.5
4.5 42.3 93.2 2
3 11.5 42.2 2
1.9 34.4 65.1 2.3
3.1 49.5 18.8 1.9
2.9 15.3 74.1 2.1
3.5 23.6 17.2 2.5
1.6 37.1 56.7 1.7
3.3 11.8 42.9 1.8
4.8 25.8 15.6 1.6
2.6 47.9 91.6 1.7
3.4 31.8 17.8 2.2
4.6 27.9 79.5 2.3
1.4 10.8 64.7 1.6
1.8 19.5 29.8 1.7
2.4 37.3 8.1 1.8
4.3 48.1 53.1 1.8
3 50 56.9 1.5
3.3 34.7 29.5 1.7
1.4 45.6 28.8 1.6
2.9 41 74.2 1.8
3.5 26.4 27.1 2.4
2.1 10.7 11 2.4
5 28 46.1 1.9
2.2 12.6 61.4 2
2.2 15.6 43.1 2.4
1.5 30.2 83.2 2.4
2.6 37.9 68.4 1.8
1.4 46.1 24.6 1.8
2.5 47.2 41.9 2.4
4.7 11.3 56.4 2.4
1.5 41.6 22.6 2.4
2.6 30.1 81.2 2.1
1.1 18.9 23.8 2.2
4.8 19.2 53 2
4.3 24.5 36.3 2
4.2 34.1 90.1 2.1
1.8 15.3 75.5 1.6
3.7 11.4 63.8 1.9
2.1 41.3 85.1 1.6
2.2 24.9 9.3 2.1
4.2 36.9 12 2.1
2.6 25.5 93.5 2.3
1.1 17 16.2 2.3
3.7 42.4 11.2 1.7
2.3 40.7 83.5 1.6
1.3 25.1 37.4 1.6
4.9 11.1 59.7 1.7
2.2 40.6 76.1 2
3.6 22.3 16.5 1.7
3.7 28.5 18 2.3
1.1 36.3 19.3 2.3
2.7 18.3 73.5 1.5
3.8 12.6 30.5 1.9
3.7 34.6 70 1.8
1.6 38.4 61.8 1.7
4.1 35 18.2 2.3
2.8 48.2 11 1.5
4.8 47.2 10 1.8
4.1 41.4 40.6 2.5
2 24 9.2 2.1
2.2 33.9 85.6 2.4
4.3 21.3 75.6 2.4
2.2 35.2 9.7 1.8
2.3 21.9 94.6 2.3
1.1 22.2 85.3 1.9
3.1 48.6 92.9 1.5
1.1 45.4 84.7 2.1
2 42.5 34.7 1.7
1.7 14.5 6.6 1.8
2.1 16.8 18.9 1.6
1.4 12.1 90.3 2.1
4.3 21.7 81.2 2.4
1.9 10 93.1 2
3.7 37.3 88.3 1.6
4.3 44.8 76.7 1.6
3.2 25 25.1 2.4
3.8 34.9 22.9 2.5
4.1 44.8 36.1 2.2
4.6 41 77.5 2.2
1.4 33 60.3 1.9
2.9 38.2 94.8 2.3
4.8 48 92.7 2.1
2.4 17.6 28.4 1.9
3 31.9 70.8 1.9
2.4 41.1 11.1 1.9
2.7 32.3 10.7 1.6
4.6 25.2 13.7 2.1
4.8 10.3 33.1 1.7
3.1 29.4 56.8 2.3
4.6 14.3 43.1 1.7
4 34.6 51.5 1.8
1.3 34.6 17.2 1.6
1.1 44.2 71.6 1.7
1.3 49.8 67.9 2.3
2.6 41.5 75.7 1.7
2.9 12.6 36.6 2.2
2.5 31.2 38.9 1.7
2.8 22.1 17.6 2.4
2.1 43.7 90.6 2.2
1.4 22 90.4 2
2.5 24.4 39.8 2.1
4.8 34.5 65.8 1.6
3.5 42.5 7.2 2.3
4.5 24.7 15.9 2.2
4 23.2 91.8 1.7
1.8 17.4 44.7 1.6
4.9 19.5 59.8 2.1
4 35 32.2 1.6
3.5 16.6 94.8 1.6
4.4 47 85.1 2
1.3 35.2 71.5 2
2.3 35.2 70.9 1.6
2.9 33.1 52.7 2.2
4.7 16 73.7 2.2
2.9 34.8 45.6 1.9
2.4 21.8 59.4 2.1
4.5 32.7 72.2 2.4
2.4 16.6 39.8 2
2.6 31.6 61 1.7
5 17.2 19.2 1.7
2.6 22.8 54.1 1.5
2.5 42.2 69.2 1.8
4.2 36.6 11.6 2.4
4.5 21.8 25.1 1.9
1.8 31.7 20.1 1.8
1.3 22.8 6.1 1.9
3.1 19.3 7 1.9
4.6 37.1 81.2 2
1.1 33.5 16.8 2.1
2.4 31.5 54.3 2.4
3 24.5 56.4 2
2.1 30.5 9.8 1.9
1.5 11.1 78.7 2.4
3.4 22.9 80.5 2.5
4.7 49.4 30.2 1.9
2.3 47.9 24.1 1.9
4.5 34.3 12 2
3.5 28.8 53.1 1.9
4 18.1 87.4 2.1
1.7 42.1 45.9 2
3.5 33.6 53 2.4
4.3 25.1 77.7 2.4
1 37.4 85.1 2.4
2.7 48.9 52.4 1.6
3 25.4 54.9 2.1
3.8 14.2 65.4 2
4.1 18.8 56.1 1.8
3.5 45.5 65.4 2.2
3.4 17.8 14.5 1.8
1.4 44.4 30.7 1.9
4.8 24.1 30.2 2.1
4.3 18.3 52 2
2.4 14.2 48.8 1.7
4.5 14.2 84.8 2.3
1.3 38.9 17.8 2.4
4.4 12.1 14.4 1.7
1.4 33.6 62.7 1.6
3.5 40.4 27.9 1.9
4.8 39 15.2 2.1
3.5 40.9 63.6 1.5
1.2 35.1 80.1 2.3
3.4 49.7 14.7 1.9
2.7 33.4 49.2 1.6
2.2 48.8 24.6 2
2.5 23.7 28.8 1.8
3.9 26.2 64.6 1.6
1.6 39.4 55 2.3
2.2 15.7 45.4 1.6
2.5 36.4 6.5 2.1
3.4 25.6 31 2
4.9 27.2 51.2 2.4
2.5 26.2 57.1 2
1.9 27 20.1 1.6
4.5 49 41.1 1.6
3.3 28.6 91.5 1.6
4.8 13 68.7 1.7
2.9 46.9 38.2 2.5
4.6 49.7 40.9 1.8
3 41.6 24.7 2.5
1.6 45 67.1 1.7
4.9 43.9 56.1 2
1.9 49.3 93.9 1.7
1 25.3 92.6 2.5
4.3 40.1 32.1 1.7
2.5 39.5 13.4 1.8
3.2 44.6 56.7 2.1
4.3 14.7 33.8 1.8
2.8 45.2 82.9 2
4.1 10.4 86.3 2.2
5 28.7 57.1 2.3
1.6 20.8 64.9 1.8
1.7 35.6 36.6 1.8
1.7 23.8 10.7 2.2
4.8 34.5 13.9 1.9
2.9 12.5 80.7 2
3.2 22.8 22.1 2
2.8 21.5 60.5 1.8
3.9 22.8 66.5 2.4
3 24.9 40.2 2.4
1.7 35 88.7 1.7
4.4 17.6 43.6 2.5
3.6 11.8 30.3 1.6
3.6 41.3 75.8 1.8
2.3 44.5 13.4 2.4
2.9 25.5 56.8 2.4
2.3 24.2 43.2 1.7
2.6 21 85.4 1.6
1.2 35 47.3 2.5
1.5 37.4 50.5 1.9
1.9 39.6 18.3 2.3
4.9 10.6 82.6 2.1
4.6 41.2 91.8 2
1.6 27.1 27.3 2.2
2.8 34.4 44.7 1.9
1.8 24.2 56.1 2.4
3.6 36.7 24.2 1.7
3.2 18.5 68.4 1.8
2.9 35.6 45.7 2
4.7 40.6 42.6 1.8
2.8 27.7 20.8 1.7
1.9 11.8 90.1 1.8
0.3 0.3 0.2 0.4 0.3 0.2 0.2 0.3 0.3 0.3 0.4 0.3 0.4 0.4 0.4 0.4 0.3 0.4 0.2 0.3 0.3 0.4 0.3 0.2 0.3 0.2 0.4 0.3 0.3 0.4 0.2 0.4 0.2 0.3 0.2 0.3 0.3 0.3 0.3 0.4 0.2 0.3 0.2 0.3 0.3 0.2 0.3 0.3 0.4 0.2 0.2 0.4 0.3 0.3 0.2 0.3 0.3 0.4 0.3 0.3 0.2 0.2 0.4 0.2 0.3 0.2 0.4 0.4 0.4 0.3 0.3 0.2 0.3 0.3 0.3 0.4 0.4 0.4 0.2 0.2 0.3 0.4 0.2 0.3 0.4 0.3 0.3 0.4 0.3 0.2 0.3 0.4 0.4 0.3 0.3 0.3 0.3 0.4 0.4 0.2 0.2 0.4 0.3 0.2 0.2 0.3 0.3 0.4 0.3 0.4 0.3 0.3 0.4 0.3 0.3 0.3 0.2 0.3 0.3 0.3 0.2 0.4 0.2 0.3 0.3 0.3 0.4 0.2 0.3 0.3 0.3 0.4 0.3 0.3 0.3 0.2 0.2 0.3 0.4 0.2 0.2 0.2 0.3 0.3 0.3 0.2 0.3 0.3 0.2 0.3 0.3 0.4 0.3 0.3 0.3 0.3 0.3 0.4 0.3 0.3 0.3 0.2 0.4 0.3 0.4 0.2 0.3 0.4 0.2 0.2 0.2 0.4 0.2 0.3 0.3 0.3 0.4 0.3 0.2 0.2 0.3 0.2 0.3 0.3 0.4 0.4 0.4 0.2 0.2 0.4 0.3 0.3 0.3 0.4 0.4 0.4 0.3 0.3 0.3 0.3 0.2 0.3 0.2 0.3 0.3 0.4 0.3 0.2 0.2 0.3 0.3 0.4 0.3 0.3 0.4 0.2 0.2 0.2 0.3 0.3 0.3 0.3 0.4 0.4 0.4 0.2 0.2 0.3 0.3 0.3 0.3 0.3 0.3 0.3 0.3 0.2 0.3 0.3 0.2 0.2 0.2 0.3 0.4 0.4 0.3 0.4 0.2 0.3 0.4 0.4 0.3 0.3 0.2 0.3 0.2 0.4 0.3 0.3 0.2 0.3 0.2 0.3 0.3 0.4 0.3 0.2 0.2 0.3 0.2 0.3 0.3 0.2 0.3 0.3 0.2 0.3 0.3 0.3 0.3 0.3 0.4 0.3 0.3 0.2 0.3 0.2 0.2 0.3 0.2 0.3 0.2 0.3 0.4 0.2 0.3 0.4 0.4 0.3 0.2 0.4 0.4 0.2 0.3 0.3 0.3 0.2 0.2 0.4 0.3 0.2 0.2 0.3 0.3 0.3 0.4 0.3 0.2 0.2 0.4 0.2 0.4 0.2 0.3 0.4 0.4 0.3 0.3 0.4 0.3 0.3 0.3 0.3 0.3 0.4 0.3 0.3 0.2 0.3 0.3 0.2 0.2 0.4 0.3 0.4 0.3 0.3 0.3 0.3 0.2 0.2 0.3 0.3 0.3 0.3 0.3 0.2 0.2 0.3 0.3 0.3 0.4 0.3 0.4 0.2 0.4 0.4 0.2 0.3 0.3 0.3 0.4 0.2 0.3 0.4 0.3 0.3 0.2 0.3 0.3 0.2 0.3 0.3 0.4 0.3 0.4 0.2 0.3 0.3 0.2 0.2 0.3 0.2 0.2 0.3 0.2 0.4 0.2 0.2 0.4 0.3 0.3 0.3 0.2 0.3 0.2 0.2 0.4 0.3 0.4 0.2 0.3 0.3 0.2 0.3 0.4 0.4 0.2 0.3 0.4 0.2 0.4 0.3 0.3 0.4 0.3 0.3 0.3 0.2 0.3 0.3 0.2 0.2 0.4 0.2 0.4 0.3 0.4 0.2 0.2 0.3 0.3 0.3 0.4 0.2 0.3 0.3 0.3 0.2 0.4 0.4 0.3 0.2 0.3 0.3 0.2 0.3 0.2 0.3 0.3 0.2 0.4 0.3 0.3 0.3 0.3 0.3 0.4 0.2 0.3 0.2 0.4 0.3 0.2 0.3 0.4 0.3 0.3 0.2 0.2 0.3 0.3 0.3 0.3 0.2 0.2 0.4 0.2 0.3 0.3 0.4 0.2 0.3 0.3 0.4 0.4 0.2 0.2 0.2 0.3 0.3 0.3 0.4 0.3 0.3 0.3 0.2 0.2 0.3 0.3 0.4 0.4 0.2 0.3 0.2 0.4 0.4 0.4 0.3 0.4 0.2 0.3 0.2 0.4 0.3 0.3 0.4 0.3 0.4 0.2 0.3 0.2 0.3 0.3 0.3 0.3 0.2 0.2 0.2 0.3 0.3 0.3 0.3 0.4 0.2 0.3 0.3 0.2 0.3 0.4 0.2 0.2 0.3 0.3 0.3 0.4 0.3 0.4 0.4 0.3 0.4 0.3 0.4 0.4 0.4 0.4 0.3 0.3 0.2 0.2 0.4 0.3 0.3 0.4 0.4 0.2 0.4 0.2 0.4 0.3 0.3 0.4 0.4 0.3 0.2 0.3 0.2 0.3 0.2 0.3 0.3 0.3 0.4 0.3 0.3 0.4 0.4 0.3 0.3 0.3 0.2 0.4 0.4 0.3 0.3 0.4 0.3 0.2 0.3 0.2 0.3 0.3 0.3 0.4 0.3 0.4 0.3 0.3 0.2 0.4 0.3 0.4 0.2 0.2 0.3 0.3 0.4 0.3 0.3 0.3 0.3 0.3 0.4 0.3 0.3 0.2 0.4 0.3 0.4 0.2 0.4 0.3 0.4 0.4 0.3 0.4 0.3 0.3 0.4 0.3 0.2 0.2 0.2 0.3 0.3 0.2 0.4 0.3 0.3 0.3 0.3 0.2 0.3 0.3 0.3 0.3 0.4 0.3 0.2 0.3 0.3 0.2 0.2 0.2 0.4 0.3 0.2 0.4 0.4 0.4 0.4 0.2 0.2 0.2 0.3 0.4 0.3 0.2 0.2 0.3 0.4 0.4 0.3 0.4 0.2 0.2 0.3 0.4 0.3 0.2 0.2 0.3 0.3 0.3 0.4 0.4 0.3 0.3 0.2 0.3 0.2 0.3 0.3 0.4 0.3 0.4 0.3 0.3 0.2 0.2 0.3 0.2 0.3 0.3 0.4 0.4 0.3 0.4 0.4 0.4 0.3 0.3 0.3 0.3 0.2 0.2 0.3 0.2 0.3 0.3 0.4 0.2 0.4 0.3 0.3 0.3 0.4 0.4 0.2 0.3 0.2 0.3 0.2 0.4 0.2 0.3 0.2 0.3 0.4 0.4 0.3 0.3 0.3 0.3 0.2 0.4 0.4 0.3 0.4 0.3 0.2 0.3 0.2 0.3 0.4 0.2 0.2 0.3 0.3 0.4 0.3 0.3 0.2 0.3 0.3 0.4 0.3 0.3 0.3 0.2 0.4 0.3 0.4 0.3 0.2 0.3 0.3 0.2 0.4 0.3 0.2 0.4 0.4 0.3 0.4 0.2 0.3 0.2 0.3 0.3 0.3 0.3 0.4 0.2 0.2 0.3 0.3 0.3 0.3 0.4 0.3 0.3 0.4 0.4 0.4 0.2 0.2 0.4 0.2 0.3 0.2 0.3 0.2 0.2 0.2 0.4 0.3 0.3 0.4 0.3 0.4 0.2 0.4 0.3 0.2 0.3 0.2 0.3 0.4 0.4 0.3 0.4 0.3 0.3 0.3 0.3 0.2 0.4 0.2 0.4 0.3 0.4 0.2 0.3 0.4 0.3 0.3 0.3 0.2 0.3 0.2 0.3 0.4 0.3 0.3 0.3 0.4 0.4 0.3 0.3 0.3 0.3 0.3 0.4 0.2 0.3 0.3 0.3 0.3 0.3 0.3 0.3 0.4 0.3 0.2 0.4 0.3 0.2 0.4 0.2 0.3 0.4 0.3 0.4 0.4 0.2 0.3 0.3 0.2 0.3 0.2 0.4 0.3 0.2 0.3 0.3 0.3 0.4 0.3 0.2 0.3 0.3 0.4 0.4 0.3 0.4 0.3 0.4 0.2 0.3 0.3 0.3 0.2 0.2 0.4 0.2 0.4 0.3 0.2 0.2 0.3 0.2 0.2 0.3 0.3 0.2 0.4 0.4 0.3 0.4 0.2 0.2 0.4 0.3 0.3 0.3 0.4 0.4 0.3 0.3 0.4 0.3 0.3 0.3 0.2 0.4 0.3 0.3 0.4 0.3 0.4 0.4 0.3 0.2 0.3 0.2 0.4 0.2 0.2 0.4 0.3 0.3 0.3 0.4 0.3 0.3 0.3 0.3 0.4 0.3 0.3 0.3 0.3 0.3 0.3 0.4 0.2 0.4 0.3 0.3 0.3 0.3 0.2 0.3 0.2 0.4 0.2 0.2 0.3 0.3 0.2 0.2 0.4 0.3 0.3 0.2 0.3 0.2 0.4 0.3 0.2 0.4 0.4 0.2 0.4 0.3 0.3 0.2 0.4 0.3 0.3 0.3 0.3 0.3 0.4 0.2 0.4 0.3 0.3 0.3 0.3 0.4 0.3 0.4 0.3 0.3 0.3 0.2 0.2 0.3 0.2 0.4 0.3 0.3 0.3 0.3 0.2 0.3 0.2 0.2 0.3 0.4 0.3 0.4 0.3 0.2 0.3 0.4 0.3 0.3 0.4 0.4 0.2 0.3 0.4 0.2 0.2 0.4 0.4 0.3 0.3 0.4 0.4 0.3 0.3 0.4 0.3 0.2 0.3 0.4 0.3 0.4 0.4 0.3 0.4 0.4 0.4 0.3 0.3 0.4 0.2 0.3 0.3 0.4 0.2 0.3 0.3 0.2 0.3 0.2 0.3 0.3 0.4 0.2 0.4 0.3 0.3 0.4 0.4 0.3 0.2 0.3 0.3 0.3 0.2 0.3 0.2 0.3 0.3 0.3 0.3 0.4 0.4 0.2 0.3 0.3 0.4 0.4 0.4 0.4 0.4 0.3 0.3 0.3 0.2 0.2 0.2 0.3 0.3 0.3 0.3 0.3 0.3 0.3 0.3 0.3 0.3 0.2 0.3 0.3 0.3 0.4 0.3 0.4 0.2 0.2 0.4 0.3 0.2 0.3 0.4 0.4 0.3 0.4 0.2 0.3 0.3 0.4 0.3 0.4 0.4 0.4 0.2 0.2 0.3 0.3 0.3 0.3 0.4 0.3 0.3 0.3 0.4 0.3 0.3 0.4 0.3 0.3 0.3 0.2 0.3 0.4 0.3 0.3 0.4 0.4 0.2 0.3 0.2 0.3 0.2 0.3 0.3 0.3 0.2 0.3 0.4 0.3 0.4 0.2 0.4 0.3 0.2 0.2 0.4 0.2 0.4 0.3 0.3 0.3 0.3 0.4 0.3 0.2 0.3 0.3 0.3 0.4 0.3 0.4 0.2 0.4 0.4 0.4 0.3 0.3 0.3 0.3 0.4 0.2 0.4 0.3 0.2 0.3 0.4 0.3 0.2 0.2 0.3 0.4 0.3 0.3 0.2 0.3 0.3 0.4 0.2 0.3 0.2 0.3 0.2 0.3 0.3 0.4 0.3 0.3 0.3 0.2 0.4 0.2 0.4 0.3 0.2 0.3 0.2 0.3 0.2 0.3 0.2 0.3 0.2 0.3 0.2 0.3 0.3 0.3 0.2 0.3 0.2 0.4 0.3 0.3 0.2 0.3 0.3 0.2 0.2 0.2 0.3 0.4 0.4 0.3 0.3 0.3 0.4 0.3 0.3 0.2 0.4 0.4 0.3 0.3 0.4 0.2 0.4 0.4 0.4 0.3 0.2 0.4 0.3 0.2 0.4 0.3 0.3 0.2 0.4 0.3 0.3 0.3 0.3 0.3 0.2 0.3 0.3 0.4 0.3 0.3 0.2 0.3 0.3 0.3 0.3 0.3 0.2 0.2 0.4 0.3 0.4 0.2 0.4 0.3 0.4 0.4 0.2 0.3 0.4 0.2 0.3 0.4 0.3 0.4 0.3 0.3 0.3 0.3 0.4 0.3 0.3 0.2 0.3 0.4 0.4 0.3 0.4 0.3 0.3 0.3 0.3 0.3 0.3 0.3 0.2 0.4 0.3 0.3 0.2 0.3 0.3 0.4 0.2
157 82 27 96 142 172 91 177 169 59 18 15 1 56 63 41 40 15 128 64 132 145 20 40 44 79 139 71 108 1 174 100 154 156 170 115 130 155 28 88 122 113 130 65 153 15 126 44 40 18 49 156 71 92 8 94 103 13 17 76 77 173 5 169 106 40 71 179 75 130 79 28 15 54 57 69 44 71 110 28 28 144 41 165 31 41 128 17 104 23 139 79 125 180 171 42 157 67 15 146 106 130 151 136 56 61 88 175 163 121 89 69 32 106 95 163 101 81 162 118 64 116 55 160 39 11 169 18 133 3 1 57 149 170 34 135 168 156 76 110 176 21 26 56 111 97 106 19 41 29 47 56 123 123 114 78 117 150 42 65 82 92 179 133 111 133 100 10 156 59 6 104 51 76 69 90 33 98 115 85 80 103 137 108 108 13 28 21 37 8 66 64 161 43 8 132 122 34 55 45 32 44 105 20 25 122 114 89 100 37 72 160 173 137 149 166 59 180 136 68 125 14 2 35 119 81 59 46 104 152 89 167 34 89 32 163 37 104 160 123 102 170 180 85 132 52 81 25 111 41 100 68 149 50 122 100 31 74 177 176 96 117 68 178 108 129 138 37 129 26 149 51 64 45 92 42 170 179 120 21 65 162 120 33 50 53 121 48 35 171 33 112 17 123 36 103 66 71 83 51 58 94 122 32 74 121 143 30 145 111 147 90 4 153 37 110 133 22 171 73 122 83 19 115 103 22 172 148 70 26 81 37 127 36 116 100 146 57 94 127 166 14 142 108 126 67 84 178 174 95 45 53 81 168 123 140 21 117 18 141 33 69 54 128 71 40 33 136 135 66 8 148 168 132 6 176 31 101 152 75 156 64 169 117 174 79 80 10 123 175 130 64 21 93 135 90 112 170 19 47 156 178 76 126 79 108 76 79 174 86 163 92 88 178 115 166 109 39 92 111 32 143 126 102 134 45 163 79 21 78 83 173 133 89 140 139 48 113 72 44 17 169 160 101 125 134 67 145 81 10 85 119 39 9 45 42 25 63 135 171 6 23 90 93 113 133 47 51 61 68 71 153 131 138 69 97 178 24 154 50 107 64 67 51 33 167 2 7 147 168 103 9 133 138 41 16 125 118 25 42 25 169 148 111 132 88 149 93 85 111 75 86 61 16 17 167 20 71 146 26 121 20 14 168 115 31 75 177 122 89 100 147 33 117 41 73 64 27 76 68 129 55 41 30 177 18 173 121 84 49 73 92 71 152 74 4 94 91 166 61 175 53 150 127 126 46 92 96 176 146 95 30 6 28 92 117 119 42 160 79 58 156 174 36 152 45 121 179 68 40 126 124 88 151 125 116 9 164 159 168 68 175 92 61 26 8 23 125 60 139 113 147 101 96 145 156 136 86 95 97 23 94 105 36 118 25 29 114 10 5 119 31 59 161 170 115 75 39 56 151 66 130 106 66 132 39 73 22 145 46 152 142 80 18 37 161 102 8 52 36 92 123 126 160 145 139 11 24 14 162 76 27 58 115 51 25 55 137 111 95 39 124 163 139 84 155 174 17 16 71 40 83 77 104 66 65 147 140 91 37 27 178 133 137 131 63 139 71 160 53 70 95 67 110 19 10 121 70 9 22 32 94 84 19 5 144 148 33 69 106 10 129 57 12 30 140 119 10 102 67 19 32 174 170 131 74 131 15 116 64 54 92 115 63 177 72 125 33 137 180 11 46 112 67 100 38 124 128 62 3 86 144 86 92 179 176 36 80 77 178 24 81 98 30 156 135 32 59 100 31 177 124 102 166 161 38 98 106 62 34 24 71 129 87 140 78 140 141 171 33 70 88 180 112 57 130 134 53 136 51 137 74 10 136 126 27 38 57 110 68 144 68 6 171 51 10 50 85 174 122 5 134 117 6 47 148 122 19 14 166 45 170 26 77 96 91 69 79 43 40 40 110 16 53 118 54 153 95 92 23 46 117 40 36 124 51 158 25 155 134 129 130 177 126 61 123 11 14 56 16 70 56 28 52 172 87 9 169 177 54 121 26 141 100 53 54 139 79 130 140 15 49 24 129 177 111 105 94 135 28 83 74 97 69 96 153 18 85 170 166 162 49 131 174 114 40 83 127 130 153 159 144 52 24 122 127 120 79 24 120 43 102 48 35 33 129 57 85 111 155 41 30 143 175 26 128 116 161 52 8 90 20 167 102 81 171 13 57 89 68 14 64 133 78 72 156 127 160 43 5 41 30 140 8 67 109 5 131 146 26 147 92 101 128 102 125 143 51 131 65 143 177 99 84 146 62 27 131 159 139 14 104 155 157 72 86 17 125 47 46 132 166 21 36 85 176 20 24 105 96 161 27 29 12 180 126 99 66 71 76 80 121 137 74 124 87 100 4 5 121 148 10 33 9 22 51 143 103 26 43 6 130 8 178 17 34 5 59 179 143 152 39 55 171 113 125 107 66 122 87 12 119 66 120 102 46 124 82 103 75 83 7 13 58 145 137 180 165 4 176 160 161 169 94 76 83 134 46 91 82 157 44 153 99 151 170 104 128 172 88 79 116 146 30 180 174 112 170 156 112 12 155 148 131 135 104 34 76 7 92 130 21 94 30 35 53 128 72 102 104 178 118 165 74 136 62 97 77 179 85 91 134 92 6 167 84 134 132 166 131 128 171 96 131 64 2 7 35 27 142 12 43 141 66 74 19 19 165 131 143 153 13 56 117 107 87 161 16 90 74 104 162 133 39 90 16 139 80 119 96 34 30 154 124 161 126 99 93 165 29 28 156 32 106 9 11 135 89 83 81 132 36 92 49 68 166 24 45 32 18 43 150 65 168 75 19 54 151 6 150 62 3 118 71 23 52 8 44 91 87 11 169 25 17 5 159 171 123 108 56 74 97 91 168 133 70 17 1 53 127 64 36 151 32 24 146 6 138 3 163 168 117 80 1 67 87 155 74 99 98 65 141 45 35 162 87 163 118 22 97 79 176 42 152 147 100 101 109 89 87 107 37 106 138 94 165 152 47 36 125 102 23 112 40 35 105 176 150 126 55 148 123 145 115 1 82 65 51 21 155 29 98 42 140 43 124 6 56 130 147 108 121 74 4 28 107 161 64 158 152 91 87 147 41 101 112 118 134 33 68 76 114 163 177 91 28 172 80 76 122
15 107 47 86 72 4 150 34 129 33 29 110 128 139 175 13 155 123 3 170 99 76 94 150 39 86 66 55 159 164 173 97 137 22 170 143 55 3 121 177 112 17 40 177 92 101 21 136 71 44 77 8 25 144 137 37 178 146 150 73 25 86 177 42 80 82 145 65 69 40 179 26 92 177 148 180 7 15 71 126 150 45 157 14 67 174 21 11 99 101 129 70 132 171 76 10 45 172 90 180 159 116 166 56 162 15 47 60 151 78 172 61 71 77 160 178 28 50 35 83 58 95 117 84 43 145 72 39 64 10 72 36 169 166 43 85 43 117 23 135 92 28 93 17 109 74 141 174 54 159 65 110 54 106 110 97 110 136 174 106 28 13 58 66 124 19 98 1 22 31 17 88 128 179 137 24 27 46 72 153 54 141 75 113 117 93 17 150 152 165 141 135 92 148 87 14 70 64 110 175 76 75 27 12 81 81 95 126 68 117 44 10 148 18 79 18 105 42 130 21 25 37 12 40 91 159 109 5 11 149 6 51 147 57 150 13 107 160 166 119 1 130 52 43 149 105 170 168 80 146 52 157 96 165 149 74 143 58 151 25 148 162 172 29 96 87 27 39 46 107 94 43 149 103 7 24 104 46 76 111 118 73 133 147 135 30 156 115 107 24 155 147 20 105 47 166 25 48 116 173 96 11 68 72 32 144 134 119 53 146 48 111 38 84 61 158 179 173 140 172 160 170 24 22 118 172 56 22 139 79 75 117 169 147 52 3 35 20 176 104 38 27 171 31 58 169 11 91 37 158 146 70 1 144 139 39 76 87 140 135 157 11 140 3 112 59 13 105 108 87 160 56 50 65 15 175 21 95 79 117 160 87 115 91 44 158 34 34 80 10 86 18 13 90 85 37 28 57 97 148 80 94 5 97 138 12 96 174 101 23 141 11 32 23 127 165 72 53 148 127 39 106 143 64 45 33 137 62 132 161 21 102 21 88 60 142 29 66 101 105 98 116 22 127 142 70 25 122 42 65 105 121 31 48 90 152 30 178 102 36 102 155 16 80 66 117 76 32 67 132 116 85 134 81 97 138 61 10 114 147 173 173 13 165 123 35 87 142 167 155 103 11 174 48 25 61 73 138 125 123 39 180 43 111 173 10 174 50 147 124 117 130 115 118 1 138 99 161 46 106 43 40 168 36 172 60 65 5 53 177 63 5 132 35 76 50 91 20 105 54 43 35 112 22 109 90 34 13 150 81 92 122 19 146 3 174 122 20 129 148 99 29 65 53 148 51 117 127 48 116 88 78 121 31 105 59 154 18 79 132 154 115 117 86 33 99 82 15 159 5 94 180 34 68 81 24 171 86 92 14 73 160 180 117 49 69 88 32 113 116 33 32 160 74 44 27 39 152 149 173 16 175 90 153 160 87 161 79 55 66 148 2 82 12 168 68 177 116 140 10 90 79 44 87 101 154 58 60 48 84 33 131 157 66 114 124 126 26 172 152 154 126 83 99 131 170 5 36 78 174 118 52 66 95 142 72 47 133 120 113 141 62 93 133 13 66 160 81 31 151 51 89 130 154 143 8 75 82 29 113 180 48 41 111 162 10 152 179 105 21 122 28 166 131 11 14 12 64 104 134 5 114 9 137 28 40 144 9 131 155 42 145 81 53 51 83 6 161 55 51 163 126 65 78 128 2 94 25 142 68 147 114 99 10 142 39 143 44 78 58 19 125 78 109 166 166 167 43 88 134 144 23 133 9 73 150 117 27 93 2 91 102 4 90 164 161 4 88 92 94 88 25 148 123 60 178 155 33 29 123 19 43 89 117 114 114 11 178 57 164 94 89 112 59 42 91 107 149 54 5 44 179 2 8 67 170 22 32 108 157 84 156 138 15 19 146 60 84 148 69 85 151 132 13 141 72 51 22 58 98 70 178 54 89 31 8 87 53 86 101 158 84 110 100 135 84 82 22 27 180 75 167 99 37 43 153 86 123 60 23 131 112 31 46 48 154 137 101 77 29 39 90 146 99 174 34 36 50 61 67 139 6 24 171 75 88 1 76 12 131 178 124 92 110 33 135 131 59 165 20 159 74 15 79 106 174 67 75 74 71 131 27 3 80 152 137 155 16 73 135 15 5 11 4 123 43 42 45 131 52 138 46 87 177 60 166 132 22 132 76 47 179 80 129 102 41 11 111 87 115 114 57 88 161 128 168 124 59 44 134 146 22 160 104 41 136 146 2 171 109 97 169 140 36 119 9 169 56 65 74 160 171 19 173 1 145 39 96 12 120 56 68 64 5 98 134 12 64 118 99 50 176 28 74 171 15 37 73 23 96 17 10 159 176 151 161 35 173 162 21 17 90 176 11 9 6 73 40 88 116 140 123 41 141 131 10 8 18 45 47 164 88 110 143 129 147 134 150 79 24 5 97 25 92 165 2 91 20 92 69 139 91 163 173 152 118 49 22 30 75 27 104 138 1 43 130 135 84 73 9 45 113 175 158 32 40 158 71 85 128 100 34 31 110 161 44 62 118 4 109 21 76 106 62 40 5 22 50 165 91 106 4 174 107 174 42 150 63 166 89 128 9 170 155 68 16 75 82 100 128 31 36 124 134 176 15 144 173 123 2 59 150 54 59 126 131 34 11 143 170 113 84 51 166 74 8 75 155 4 27 148 136 112 3 90 11 26 152 97 102 91 168 179 110 180 52 135 102 91 51 43 63 124 73 126 125 22 149 129 16 34 39 5 27 41 158 93 36 118 71 127 125 36 78 36 41 76 138 81 130 176 28 162 60 83 163 131 48 92 36 130 123 121 81 114 105 48 89 26 103 58 168 59 69 162 9 180 119 61 140 3 81 1 13 170 148 70 131 91 85 12 42 54 58 50 11 134 9 19 30 101 127 119 180 10 176 58 26 42 5 47 54 69 19 151 62 19 129 90 135 147 127 50 19 86 58 92 73 54 121 2 175 25 101 129 171 29 38 117 167 15 159 93 179 66 112 55 152 4 91 90 62 30 158 66 156 22 135 2 33 137 44 169 146 113 119 83 7 90 129 93 145 161 107 91 133 13 20 12 127 127 134 25 90 25 110 177 163 91 14 155 178 180 128 165 85 173 26 130 53 112 26 131 155 143 90 82 1 92 61 131 75 132 160 132 7 12 140 146 33
147 96 59 156 93 161 124 99 108 87 39 14 124 141 44 172 80 11 170 59 170 158 106 168 152 116 43 179 23 135 71 53 149 86 12 98 18 75 154 139 23 120 87 7 81 163 10 69 38 27 175 46 52 57 49 167 18 44 136 74 130 113 129 48 40 156 161 88 36 139 177 79 175 21 57 110 179 173 103 31 11 20 41 82 111 52 126 163 153 168 173 138 3 85 126 139 53 147 43 31 84 128 40 16 168 123 80 27 40 82 99 85 87 90 38 82 70 29 27 150 85 17 94 166 122 175 160 32 26 38 137 137 82 55 116 88 3 40 141 159 118 30 178 95 49 136 179 28 109 31 168 174 134 166 151 121 86 168 21 105 173 173 64 174 162 147 81 65 13 38 162 84 101 49 118 96 71 136 95 35 24 21 19 160 135 36 134 51 52 138 136 175 167 124 40 55 20 41 50 42 132 79 134 60 113 34 54 71 147 98 147 133 109 136 103 16 53 100 165 6 56 107 1 172 110 109 34 33 66 171 53 104 113 27 48 13 89 157 86 124 166 50 163 40 149 135 147 12 135 130 169 70 28 38 136 144 122 105 121 1 52 7 6 8 145 120 48 125 112 153 71 178 41 122 83 172 4 134 2 79 13 24 94 106 36 129 150 169 108 136 161 7 67 66 176 150 98 67 31 37 124 88 93 161 19 162 26 144 173 96 89 156 42 171 158 119 172 156 94 158 2 159 166 7 107 172 137 140 89 12 45 123 3 155 77 62 48 164 86 134 174 65 167 11 174 79 176 76 148 67 136 41 1 117 153 158 33 122 153 90 114 75 170 4 1 86 105 57 5 53 134 171 176 119 120 19 141 83 180 74 133 143 130 78 164 163 140 7 44 38 38 126 71 165 88 126 111 107 103 31 32 116 163 98 138 59 106 6 7 41 60 142 44 172 49 95 140 171 2 157 14 136 67 104 60 150 49 2 47 57 45 74 170 71 52 26 114 27 107 39 135 126 138 145 13 88 8 116 100 132 147 97 160 79 12 34 73 15 15 109 95 166 111 52 69 60 30 140 76 102 61 61 37 161 37 91 103 45 166 134 159 136 48 124 19 152 163 146 143 5 86 18 16 65 51 136 65 175 47 16 119 156 162 167 46 167 171 126 155 57 164 118 146 90 104 70 11 163 118 34 132 108 135 15 173 23 20 86 96 32 26 110 68 77 155 21 67 17 30 44 172 93 55 95 172 160 165 152 178 21 157 25 179 42 19 48 133 73 114 81 53 124 136 94 21 130 62 134 135 41 53 180 53 55 152 169 129 19 85 145 94 53 69 39 77 139 146 135 169 147 44 156 108 178 74 56 26 117 160 127 163 101 129 4 63 75 142 72 140 72 170 32 166 172 34 87 72 173 134 140 51 9 29 24 50 41 8 124 124 102 100 10 150 180 96 168 180 44 47 127 120 163 75 143 118 89 178 153 150 52 73 131 128 8 104 48 67 15 157 9 25 158 146 164 64 97 10 48 13 38 97 10 59 153 173 158 60 164 75 144 25 87 106 2 132 18 160 132 70 70 133 116 4 171 44 32 146 152 65 81 73 140 86 105 164 11 104 177 35 29 21 3 30 35 40 71 161 157 132 147 65 59 116 122 44 142 26 112 94 50 99 18 41 29 123 30 68 137 63 80 12 91 43 34 179 176 179 100 1 84 46 107 15 100 74 130 139 56 98 97 170 37 62 63 39 19 41 159 7 40 26 171 109 128 30 61 142 73 103 80 12 5 67 173 62 85 120 112 18 19 111 100 93 49 117 118 81 158 28 127 96 114 153 45 21 74 95 87 132 163 74 158 17 28 83 35 58 83 48 109 123 162 46 150 155 157 33 102 66 47 12 171 101 175 149 160 93 28 43 105 99 10 62 133 65 96 163 120 75 27 123 162 138 58 140 110 142 179 3 161 2 64 132 92 52 33 90 75 9 153 170 118 35 49 110 20 124 115 87 5 158 78 6 127 2 20 5 162 134 98 130 16 1 67 34 35 20 63 45 86 80 155 172 32 100 111 128 113 37 34 166 46 10 55 41 73 96 163 159 29 46 73 23 30 82 161 14 29 64 116 66 39 21 30 72 33 174 88 68 11 43 60 36 30 113 169 145 143 56 19 8 163 77 143 124 55 104 139 172 79 165 59 129 31 27 142 46 131 159 98 91 129 98 85 59 47 156 2 130 140 97 179 172 142 151 149 119 62 120 18 105 26 131 59 135 28 48 37 64 36 74 86 56 111 131 174 128 78 159 151 78 84 55 67 47 107 13 177 59 122 103 76 71 78 82 10 87 179 26 1 17 125 54 84 44 20 69 25 21 8 131 178 91 137 120 135 95 123 40 23 138 56 129 96 21 56 128 41 12 113 131 13 12 150 36 64 34 40 117 24 62 153 124 71 77 99 117 102 163 177 10 26 164 140 58 76 49 15 30 15 77 36 137 159 145 89 173 13 69 147 174 149 61 128 151 134 96 41 11 19 133 36 84 140 30 99 89 169 62 159 52 171 18 122 151 44 71 41 15 9 35 42 164 162 126 9 93 114 131 172 109 130 119 160 139 72 23 162 1 159 169 121 124 50 59 19 10 32 30 95 178 100 146 69 161 157 113 84 34 52 1 37 67 56 60 75 114 97 30 78 67 177 161 27 85 152 31 70 146 60 55 100 66 162 169 73 111 10 176 78 37 102 44 146 125 34 149 155 155 107 149 30 93 52 138 178 173 48 19 30 104 157 175 83 64 161 148 58 164 83 140 12 43 40 117 102 62 55 138 7 8 60 55 108 48 121 68 18 143 131 104 130 141 19 126 139 25 177 97 64 101 26 11 9 124 84 11 93 7 110 70 89 143 49 60 156 160 42 76 29 138 180 132 50 88 175 24 10 146 111 153 50 102 167 54 164 152 27 180 179 177 73 173 141 28 35 121 13 143 110 5 38 136 161 65 114 111 101 46 44 13 152 65 162 64 37 48 135 127 144 157 74 67 157 115 161 88 114 46 178 53 137 143 60 36 42 71 39 67 10 48 154 81 97 128 148 145 174 128 104 56 6 8 113 150 170 178 129 65 119 151 178 136 55 122 169 77 165 112 149 11 132 85 118 167 149 180 99 169 163 180 52 43 12 30 172 35 15 121 80
109 151 157 36 171 134 100 39 94 38 21 39 169 20 24 56 53 57 97 138 73 45 154 40 172 122 124 129 148 147 129 8 152 8 100 128 106 18 20 28 174 6 112 84 144 123 119 165 105 56 33 69 38 104 2 84 31 125 99 132 70 160 25 142 75 159 26 55 86 2 22 43 47 93 31 169 94 113 102 123 138 59 34 171 23 83 55 155 156 56 93 27 157 122 116 137 53 56 89 73 147 139 29 47 151 13 8 31 12 68 164 3 167 100 35 60 112 131 4 12 30 131 139 114 115 116 120 52 176 85 56 133 175 170 171 153 140 179 154 177 113 64 4 4 39 59 27 4 65 23 66 71 61 35 80 14 56 60 114 97 71 67 167 33 140 89 159 83 69 76 97 49 119 37 57 139 21 156 104 175 52 107 15 73 4 180 133 71 135 59 91 86 161 173 143 60 157 45 151 163 51 49 45 93 134 65 138 52 55 164 151 65 113 94 86 75 13 145 132 96 47 165 116 139 50 128 55 48 117 153 156 115 128 31 67 148 47 4 172 168 10 173 147 173 75 152 10 164 172 138 9 75 1 72 164 122 171 98 131 28 55 113 75 6 89 3 18 126 35 36 98 48 125 81 175 167 108 167 99 145 49 45 96 160 120 146 58 156 109 154 32 127 172 2 175 4 69 110 77 139 99 22 70 177 45 69 166 139 18 11 28 83 132 72 114 101 83 150 117 179 82 80 115 83 155 73 178 96 78 128 110 175 180 70 59 104 128 165 136 19 165 92 52 85 168 153 155 75 19 65 105 92 1 90 165 131 34 87 144 110 113 54 38 171 31 26 154 43 83 174 156 146 6 58 4 117 111 116 108 14 139 7 117 103 97 22 3 19 13 159 15 149 52 86 110 48 178 119 22 110 53 47 65 6 80 88 134 1 12 163 109 19 139 73 132 116 1 94 102 79 1 26 117 12 6 179 127 13 91 43 88 180 7 121 148 169 70 49 140 51 14 146 123 148 6 164 157 159 73 163 149 135 167 126 178 108 134 30 22 132 77 36 119 68 99 74 52 162 94 62 126 18 65 2 20 174 128 88 36 53 161 28 112 178 85 146 38 135 130 68 82 7 25 149 136 68 102 101 81 57 18 15 178 68 35 151 13 171 110 11 3 39 2 34 69 41 40 56 2 83 108 165 34 134 172 141 161 148 19 31 120 179 30 17 59 128 158 75 109 59 80 172 8 91 20 57 13 65 41 131 157 5 105 23 137 98 42 87 16 141 26 99 70 40 25 135 41 22 116 9 37 159 113 40 105 91 137 148 120 20 35 3 20 155 32 48 172 2 17 141 134 108 103 88 139 41 74 26 157 145 132 146 48 55 169 125 166 109 116 94 15 82 150 23 65 95 34 36 20 159 4 22 106 42 27 108 62 27 74 170 25 1 77 71 65 79 88 162 153 86 171 71 74 4 172 57 39 108 130 21 149 76 145 146 51 16 1 166 175 85 133 102 99 72 171 140 162 53 49 99 167 76 81 123 66 46 92 112 151 26 35 153 60 48 129 153 59 143 105 171 127 113 41 33 57 53 33 107 78 162 23 86 20 125 45 60 155 96 93 8 162 34 16 180 167 130 68 2 129 179 103 39 20 39 172 49 53 106 155 9 98 26 17 108 177 149 7 98 173 97 48 98 124 26 154 94 101 29 155 137 12 57 72 8 21 157 86 5 137 38 1 19 120 136 40 100 56 116 143 149 31 160 123 76 135 118 76 168 165 34 90 125 172 115 145 149 139 134 164 175 51 114 80 64 15 73 66 88 19 12 166 120 57 7 173 97 106 131 177 143 57 144 176 26 87 149 117 142 24 78 34 134 71 18 113 47 138 60 118 129 9 88 137 99 55 108 140 133 14 29 88 75 103 131 167 122 151 66 10 176 118 132 36 151 44 98 7 28 25 21 31 101 78 173 135 68 34 117 176 5 115 71 33 71 141 150 145 148 158 99 90 14 63 48 145 4 155 162 112 142 33 176 114 42 150 107 165 177 11 132 145 62 92 109 19 139 175 13 41 175 31 70 137 131 28 81 77 38 13 132 34 132 84 127 1 16 117 93 42 57 163 48 150 102 130 174 16 112 93 53 139 12 170 92 71 90 24 17 43 134 127 131 89 176 31 52 22 8 88 19 38 46 3 76 71 168 145 115 49 75 10 18 41 103 28 108 66 49 144 142 151 83 21 132 167 82 93 127 2 175 119 42 68 118 56 91 146 88 123 49 3 81 150 148 97 129 126 36 44 163 129 37 120 127 80 110 67 82 147 77 160 165 174 100 55 52 133 95 100 98 68 161 60 40 67 53 130 67 58 161 136 143 161 19 180 88 144 30 133 148 18 102 43 161 84 178 40 70 36 132 62 117 31 26 32 76 13 13 151 77 63 166 129 95 71 67 35 122 63 124 170 153 86 72 138 27 30 20 15 129 175 89 66 157 49 102 86 3 27 132 33 159 43 101 51 40 166 163 136 53 152 164 48 130 62 100 150 83 150 179 54 46 103 132 35 20 21 118 170 98 37 20 83 35 168 156 91 15 57 133 131 58 74 105 44 157 49 133 30 110 166 109 82 33 165 85 54 156 36 47 12 30 44 7 97 21 90 179 159 45 147 124 102 137 31 67 141 126 118 178 176 127 152 38 43 117 125 99 90 56 19 32 82 41 58 20 95 151 101 141 75 35 109 171 144 103 3 72 170 83 93 151 50 168 122 45 147 45 37 165 95 89 61 44 94 120 133 111 70 8 78 123 2 74 177 122 154 39 13 64 49 55 161 113 34 92 30 162 132 81 29 54 114 81 178 128 23 90 23 33 162 152 22 93 106 162 10 5 170 132 152 11 12 180 7 167 8 34 177 124 38 98 40 132 134 2 131 6 114 173 109 83 87 105 4 31 45 159 66 5 31 132 6 118 58 89 113 139 28 85 125 117 79 20 80 129 56 120 74 164 81 117 33 63 7 69 70 61 170 32 115 132 149 152 144 84 57 176 52 111 84 8 126 100 180 92 90 50 46 52 151 66 44 143 75 107 21 10 10 54 134 37 40 158 108 65 176 95 160 121 178 37 111 49 108 28 176 124 96 52 178 130 162 62 159 115 113 90 37 91 96 131 151 17 115 1 121 110 106 76
16 59 134 65 93 68 88 88 121 150 73 118 122 69 170 121 31 41 98 155 82 162 147 56 62 53 152 125 36 19 79 15 5 174 33 147 155 51 47 21 167 25 50 169 67 125 42 83 87 41 62 156 42 73 114 177 156 12 90 2 20 142 146 121 148 110 80 165 27 169 7 128 126 97 163 98 121 170 46 35 149 177 81 141 71 161 56 12 129 169 52 179 145 66 75 3 19 3 63 25 53 94 166 79 4 18 134 11 66 106 9 23 15 48 22 105 109 52 117 123 104 164 119 168 53 68 145 16 153 16 176 36 43 92 102 35 72 86 62 125 79 124 138 141 168 31 8 43 90 179 123 56 27 74 175 94 94 111 26 147 81 63 30 44 124 49 26 77 84 153 54 14 177 82 63 50 41 103 59 148 9 93 140 127 69 47 147 8 40 13 47 70 59 66 130 160 173 63 7 150 123 144 44 160 3 43 84 154 119 123 133 167 149 61 115 94 93 90 52 62 179 110 116 163 38 53 50 7 71 18 45 79 76 105 104 135 159 44 119 42 57 49 146 17 28 97 124 126 50 144 120 163 166 178 28 57 121 109 75 127 173 178 100 98 75 16 148 61 11 100 162 69 76 117 21 156 171 21 75 43 27 136 171 121 100 61 176 53 139 73 109 28 41 133 20 54 143 73 9 125 36 47 53 98 178 32 41 180 68 139 51 71 171 30 70 67 5 18 22 18 111 95 155 19 27 140 158 55 162 105 11 123 119 103 34 108 165 32 47 29 73 108 107 14 135 140 39 92 59 45 124 179 95 166 165 42 111 83 64 78 172 146 83 176 7 26 143 87 61 5 160 94 85 45 176 19 62 140 26 66 79 130 12 148 93 100 144 5 130 112 69 122 109 10 58 100 150 109 179 27 42 97 142 35 148 115 150 22 162 88 128 170 16 65 109 127 42 65 74 14 32 91 165 174 82 155 135 43 101 158 128 126 164 24 18 173 118 26 35 172 2 108 76 60 47 66 49 53 142 66 26 167 160 90 157 60 178 51 20 5 49 68 32 91 11 24 164 121 147 173 178 30 168 78 162 91 121 50 80 115 15 60 63 69 49 38 145 25 116 99 117 24 160 65 50 125 137 174 114 113 15 61 16 40 73 80 122 81 42 91 169 112 158 96 33 142 124 72 21 154 91 70 80 1 61 111 112 64 166 106 172 118 132 11 179 41 123 158 90 114 17 163 140 5 153 17 145 163 46 176 62 44 157 152 47 102 25 148 140 14 42 76 164 110 28 174 37 50 108 52 10 118 83 36 119 34 169 19 31 123 2 21 148 14 163 19 23 109 32 82 78 50 79 66 40 136 143 74 89 111 113 38 148 103 155 136 179 38 163 136 159 141 116 36 131 8 135 58 1 122 66 44 116 176 139 64 134 96 151 166 172 24 150 135 7 56 87 117 15 162 108 1 149 42 88 98 25 90 178 8 93 81 35 15 62 46 86 63 52 85 72 142 120 27 170 50 126 20 180 32 171 151 114 70 104 19 15 89 147 34 21 39 127 31 96 126 62 91 45 53 91 118 74 130 15 13 12 115 88 141 89 70 133 61 175 102 132 149 95 114 163 124 103 38 178 136 8 9 165 166 140 83 12 4 32 152 130 20 14 104 164 162 132 128 4 128 131 123 108 136 103 50 78 50 52 93 137 152 69 8 76 138 4 128 95 38 61 149 104 78 143 115 74 141 60 132 3 36 136 33 141 108 148 64 131 53 72 114 124 43 53 139 19 93 100 74 79 122 126 31 49 142 62 39 176 60 119 155 35 80 13 95 128 142 9 21 119 3 86 146 111 16 53 110 113 122 38 74 13 55 64 40 148 122 8 43 105 123 10 11 64 61 22 31 89 83 172 145 45 152 67 31 115 123 131 43 118 85 62 171 120 75 20 35 105 18 72 110 55 103 44 61 146 122 171 89 88 146 87 93 32 60 48 132 123 66 79 10 148 120 15 135 23 74 87 106 84 123 19 95 110 17 32 146 86 138 62 124 10 63 13 62 11 70 65 67 92 1 146 43 115 104 54 66 63 166 7 16 21 54 130 164 52 29 22 134 40 86 28 160 30 164 125 148 5 158 152 129 96 21 120 79 102 92 58 140 52 33 174 150 112 139 93 152 118 124 179 121 93 118 25 138 110 130 162 1 88 36 164 120 66 32 55 131 133 167 25 18 176 137 74 41 124 85 85 35 99 22 57 172 138 19 7 158 78 16 112 67 29 95 112 2 167 23 133 90 64 105 117 103 65 15 83 166 82 18 8 88 41 81 105 46 1 13 111 138 48 115 104 146 99 90 112 21 136 50 132 25 152 172 126 109 130 10 23 8 29 157 98 153 29 122 26 89 107 122 57 51 145 132 84 4 68 4 49 178 121 26 151 167 145 145 100 27 11 84 143 132 148 25 55 100 111 55 78 55 148 102 72 92 82 97 92 74 42 64 105 33 9 179 45 32 65 26 12 2 144 135 34 179 127 177 36 20 32 144 9 66 36 85 53 51 101 158 70 167 82 174 24 21 107 180 48 78 108 137 114 128 86 57 83 18 97 82 51 17 36 102 180 82 96 139 119 114 120 33 15 14 101 38 105 106 41 56 20 80 60 49 100 139 165 162 85 176 44 76 40 126 140 115 97 144 27 139 59 162 30 146 180 119 142 85 46 49 47 107 60 26 16 58 45 165 59 58 165 3 22 167 129 135 100 32 140 109 106 149 16 152 179 100 59 49 172 128 7 42 107 33 119 42 146 64 23 149 20 103 33 18 129 137 38 169 106 105 6 173 32 60 8 139 53 154 65 119 165 44 48 69 174 149 1 116 55 47 150 126 63 86 24 25 53 161 80 73 125 123 128 169 4 121 157 42 174 168 175 33 164 55 149 13 51 41 87 11 93 16 94 115 152 174 172 7 71 159 107 114 32 94 142 139 78 51 159 93 68 111 73 67 46 68 40 69 75 171 170 45 122 25 102 11 39 151 101 178 86 61 36 7 166 80 81 53 144 61 33 3 36 16 174 128 23 48 79 104 59 52 180 139 81 78 62 25 176 63 155 122 17 173 47 38 26 176 141 129 93 49 14 83 143 147 51 65 170 131 126 105 35 102 154 136 18 156 19 68 156 158 7 31 117 173
92 14 83 51 161 104 151 114 176 67 51 62 99 45 167 103 14 139 50 30 5 22 101 136 67 35 154 152 79 157 128 123 108 130 104 1 114 12 146 13 41 77 178 136 62 120 107 17 2 139 45 179 142 168 130 160 126 40 58 91 107 45 41 152 9 8 59 126 154 73 55 114 43 142 157 167 157 61 68 127 41 50 10 180 38 129 134 29 25 67 5 50 11 177 22 148 124 176 71 180 54 122 106 103 48 120 34 20 41 54 88 57 171 101 73 152 137 139 128 54 65 135 4 20 114 169 108 73 84 95 164 89 77 55 141 127 111 141 10 175 41 158 48 12 162 14 119 158 157 89 155 55 18 3 7 41 47 108 48 116 4 180 153 4 130 126 98 106 146 37 108 74 88 111 31 74 67 104 56 6 103 58 134 177 124 174 114 133 71 30 31 43 60 144 8 32 27 158 83 166 124 73 157 135 2 12 164 6 38 137 8 127 174 162 160 112 89 90 49 22 131 163 153 167 98 163 82 108 25 145 142 36 31 26 38 55 156 17 15 88 27 118 88 11 82 35 138 53 52 105 122 82 26 95 140 59 157 48 165 149 157 112 52 50 87 107 106 174 58 68 37 39 53 161 137 178 8 153 12 144 143 62 156 160 83 65 86 103 20 157 11 3 121 120 143 25 143 95 142 113 26 61 94 65 76 99 92 34 56 147 6 135 141 92 97 59 82 21 26 30 165 173 155 148 8 75 174 93 46 143 37 45 36 27 10 148 45 43 129 70 125 65 112 94 116 85 149 110 106 31 87 156 62 94 46 136 97 46 177 177 134 141 68 22 82 114 103 118 132 171 21 116 130 86 105 50 98 38 72 83 118 82 3 53 56 43 158 51 58 135 160 163 157 28 135 62 180 34 79 177 150 84 62 96 114 20 164 82 29 65 102 57 12 1 155 133 61 59 131 44 112 151 119 7 71 135 155 71 169 53 109 4 149 136 128 169 2 38 125 57 79 99 144 132 160 129 96 131 131 123 60 6 79 8 65 148 62 147 15 141 62 172 159 54 4 134 73 143 8 94 84 12 98 110 13 133 68 128 139 56 17 102 100 167 169 73 101 25 101 89 1 107 43 35 38 16 168 145 48 91 176 77 169 20 66 2 132 27 97 77 88 37 75 35 92 27 168 15 150 159 75 132 50 75 46 73 26 4 76 81 165 74 159 38 137 130 106 69 85 137 127 113 100 38 48 120 115 43 35 155 68 134 143 162 75 84 157 8 57 75 41 178 5 61 39 75 139 102 65 108 63 51 156 35 107 158 168 171 30 80 111 23 15 60 118 18 160 142 145 11 78 127 167 31 57 68 180 54 118 28 92 172 79 50 19 45 42 104 139 48 51 18 44 72 41 94 78 19 117 48 78 142 67 76 169 170 33 91 16 26 69 160 147 65 159 152 2 116 80 160 130 24 112 70 6 42 114 22 173 89 91 118 113 152 18 78 172 92 29 170 56 114 51 88 177 2 45 175 47 155 169 53 105 170 107 165 145 61 136 94 166 134 132 141 150 31 114 119 41 59 83 139 89 132 73 160 89 21 168 9 152 68 45 41 44 102 165 31 15 57 50 17 76 57 176 84 17 66 1 35 180 15 96 96 123 176 76 176 147 110 171 22 91 27 170 25 118 54 86 72 119 120 135 90 179 20 54 145 100 76 31 110 97 16 179 27 172 60 115 41 66 59 23 1 49 11 173 170 120 41 121 85 6 171 67 22 26 1 47 61 97 99 139 22 9 70 172 168 66 15 15 88 86 127 14 7 143 170 141 121 123 162 144 56 130 174 150 68 103 25 178 108 155 133 74 20 35 77 59 126 165 148 179 163 47 77 163 132 144 110 97 143 50 46 14 68 115 127 51 28 165 11 74 23 40 46 77 40 55 88 89 39 112 176 93 9 5 10 79 28 123 18 18 125 14 65 150 49 47 150 158 75 56 40 81 15 114 130 121 111 69 120 84 126 14 160 68 96 138 137 146 176 144 52 19 178 122 122 8 90 172 132 163 97 86 146 55 160 73 11 86 76 118 30 67 176 91 100 38 49 19 126 157 6 51 95 124 138 146 23 87 115 99 8 21 102 4 22 142 123 59 97 22 180 82 75 69 124 153 3 74 82 132 14 168 39 46 146 135 95 47 151 169 93 156 113 149 2 17 6 100 14 28 26 175 150 13 142 137 97 67 157 149 140 156 50 169 180 101 120 166 120 87 114 140 166 5 67 101 28 16 1 27 92 172 146 37 178 17 43 85 129 158 85 157 129 146 97 146 9 166 65 123 175 45 87 27 150 75 118 2 10 100 64 17 97 47 43 154 93 140 6 12 6 20 158 170 150 119 72 122 133 20 49 156 47 169 146 88 130 12 153 147 137 41 102 20 180 49 101 125 155 158 159 79 169 34 127 71 115 168 171 118 73 134 21 54 73 28 109 114 3 146 104 35 171 39 100 146 11 19 153 65 170 65 73 104 116 83 41 109 136 166 125 144 27 164 147 115 168 105 98 2 120 151 15 36 117 126 57 42 166 174 154 53 50 165 111 139 70 33 72 69 48 119 42 139 17 117 110 149 26 95 127 176 49 3 30 107 104 35 21 135 35 159 135 35 102 146 157 49 28 47 52 92 128 174 131 99 4 69 49 152 94 4 135 74 29 162 90 32 24 147 111 126 35 54 122 146 91 74 9 31 162 76 42 94 59 33 95 129 121 172 104 11 59 31 64 1 56 49 114 109 74 121 80 80 58 168 15 162 145 178 5 29 105 46 63 102 121 1 62 7 127 63 9 56 118 67 55 152 49 29 126 30 99 172 133 139 71 141 50 176 94 90 69 31 9 43 58 135 151 57 76 35 9 146 171 124 136 105 146 75 92 118 62 171 177 131 52 53 72 109 56 145 3 8 147 39 148 68 150 73 34 169 99 142 47 8 152 175 35 17 76 51 53 24 127 143 172 90 102 163 13 83 50 33 105 175 17 6 69 89 149 124 70 163 103 139 56 48 7 16 24 87 60 166 110 56 108 123 159 133 120 110 159 167 19 143 32 28 39 92 149 174 159 2 45 36 127 35 55 134 165 58 174 34 65 103 33 80 174 76 158 175 33 173 84 36 76 172 159 179 150 47 140 161 82 150 156
1 74 5 164 100 123 57 3 48 35 3 86 36 13 82 113 127 165 63 139 96 120 143 12 23 77 101 144 99 34 147 10 102 107 55 105 110 64 98 108 102 48 116 115 64 77 67 174 164 71 173 44 162 16 116 138 82 179 109 25 84 41 134 166 98 32 154 119 36 132 101 74 14 28 94 42 13 126 115 103 3 37 104 45 150 110 69 97 5 66 49 139 46 88 177 132 92 5 155 65 55 117 43 47 59 76 159 138 31 170 91 36 46 54 163 74 119 116 84 52 11 112 77 85 114 180 67 108 55 116 10 63 129 20 7 163 131 156 128 93 75 19 125 61 46 45 21 32 8 97 110 162 112 132 91 163 104 148 125 94 48 112 41 61 97 16 145 165 74 176 163 19 134 55 71 85 102 173 163 103 8 126 73 13 117 42 178 111 92 34 2 180 90 11 102 53 178 70 51 10 157 54 137 7 128 102 17 132 128 146 11 76 74 74 72 142 159 138 39 28 17 126 178 167 90 147 88 63 61 67 42 71 99 99 52 53 138 106 17 111 87 178 61 53 19 165 25 24 86 55 10 169 9 128 10 8 146 174 85 37 154 148 28 179 24 150 55 81 168 174 91 30 56 86 67 115 16 82 38 58 81 95 123 86 148 172 141 31 47 38 48 73 38 63 3 109 155 14 62 28 107 1 43 153 24 55 66 109 133 89 19 70 156 4 159 2 64 62 71 169 141 89 88 46 160 107 173 76 21 87 86 58 97 45 117 88 27 38 121 68 38 116 25 99 158 1 164 94 136 178 121 132 15 50 22 41 106 97 54 76 94 11 35 101 163 161 109 50 35 72 177 137 104 81 17 85 167 100 84 169 61 126 9 121 136 58 51 103 44 159 64 76 25 53 156 97 121 152 38 139 53 110 90 26 86 29 77 110 104 117 33 51 31 25 170 108 171 110 32 102 130 91 110 164 34 72 172 92 120 11 91 152 42 12 178 120 12 133 19 44 4 54 54 144 29 53 22 173 164 21 127 82 49 107 172 120 5 177 156 36 19 109 72 103 79 171 56 16 34 34 8 141 46 29 5 8 99 40 87 99 58 176 44 60 19 28 131 2 77 23 57 169 149 10 32 71 23 10 26 85 2 30 73 48 28 72 85 171 86 88 101 120 177 151 48 149 92 133 109 58 123 20 135 55 47 64 38 149 173 151 74 24 98 21 30 46 169 55 163 23 27 35 64 25 31 74 180 102 136 123 27 138 91 140 82 49 54 64 70 90 49 49 86 91 148 8 146 143 24 128 176 104 6 180 160 27 149 84 90 67 61 114 174 106 38 160 87 108 128 18 142 47 130 134 154 159 134 150 142 101 174 95 2 131 98 45 52 138 20 71 165 25 68 71 164 104 56 55 162 109 18 51 67 152 25 62 62 72 95 85 24 77 130 113 158 62 81 1 74 65 170 34 57 157 51 124 59 127 52 167 74 124 137 60 61 12 106 134 102 70 1 10 105 175 100 165 78 153 118 108 12 81 123 162 109 135 156 124 29 17 132 84 77 90 105 142 50 39 83 50 93 107 25 102 77 71 43 43 142 19 70 38 40 142 129 27 37 98 48 112 42 33 63 162 148 106 23 65 163 53 15 180 171 149 116 77 180 31 37 169 73 5 161 95 83 1 75 176 38 5 167 29 180 31 54 77 9 56 84 30 71 8 167 129 146 7 90 47 58 24 1 152 110 9 133 79 65 21 32 164 7 40 2 74 133 3 74 72 24 28 57 13 15 116 85 119 25 148 124 41 115 52 132 78 179 51 71 91 95 177 83 71 49 159 17 46 20 177 3 96 80 117 75 159 11 110 51 67 21 56 149 81 112 41 87 75 178 23 148 1 126 176 168 69 36 57 112 165 15 113 175 112 62 34 127 31 30 131 16 54 168 140 73 96 47 150 110 120 77 152 113 56 23 78 175 54 161 82 94 42 89 121 15 53 36 174 78 73 97 93 19 115 66 47 147 145 175 93 111 99 89 109 83 86 119 70 87 40 27 61 65 34 35 34 140 153 103 53 16 58 42 177 32 170 154 108 124 16 53 129 123 54 32 136 3 122 148 31 117 154 52 106 146 30 14 99 179 14 24 66 60 92 25 138 126 39 119 106 63 70 37 131 2 40 5 141 91 136 24 147 130 85 47 93 113 104 54 94 137 111 16 45 141 162 8 93 174 142 1 163 13 170 118 117 112 93 98 138 122 18 27 146 85 105 99 56 61 70 180 93 39 53 114 51 165 85 86 52 20 8 125 138 53 148 27 70 4 68 176 18 165 31 151 153 98 140 121 98 121 97 38 64 148 58 138 10 37 18 106 52 158 90 6 164 82 12 136 104 12 10 122 4 28 103 110 4 106 13 39 107 94 133 152 178 49 5 140 56 155 30 37 118 113 124 157 47 122 85 132 132 72 22 47 21 58 168 94 6 72 140 56 28 18 147 178 56 137 40 123 70 88 141 56 37 31 111 173 151 114 176 10 47 98 64 170 16 159 141 80 158 76 138 65 3 90 142 100 171 66 180 139 57 13 76 1 151 123 37 49 152 100 99 148 89 115 130 107 94 9 167 64 105 43 137 38 90 46 71 73 28 111 80 52 171 22 9 132 41 55 163 156 166 4 66 175 3 13 56 4 61 6 71 129 62 6 105 109 20 176 141 175 23 16 139 49 113 32 102 66 64 6 75 140 163 95 25 121 7 80 104 133 117 59 57 38 112 107 49 110 113 118 79 6 169 65 162 62 16 144 16 73 25 129 36 37 35 23 110 105 45 66 99 164 171 57 131 101 75 17 92 163 139 84 20 128 47 20 50 92 168 36 85 12 2 171 129 6 49 16 120 135 31 98 21 163 99 65 133 27 76 174 80 128 110 10 140 156 176 26 96 143 59 141 8 127 128 55 16 13 117 122 61 76 177 73 68 48 126 136 7 84 180 88 173 160 27 127 125 175 103 14 10 54 75 45 154 83 46 155 134 176 25 143 6 125 4 89 5 107 151 10 37 137 176 7 138 176 106 126 162 178 46 70 133 153 112 3 53 82 122 136 66 52 168 13 120 161 174 20 134 127 64 61 43 1 133 141 165 5 105 144 121 98 41 106 93 33 53 103 90 33 18 64 62 25 155 60 132 29 81
68 118 114 70 179 122 20 176 30 60 152 164 136 142 93 126 17 88 176 66 8 80 80 42 138 93 120 167 111 98 176 34 68 50 150 123 15 66 3 74 85 114 136 137 139 33 110 30 156 173 44 13 91 165 82 41 151 149 175 44 121 18 44 91 67 94 155 22 103 116 81 154 175 5 65 178 126 21 153 176 165 106 111 158 142 83 20 115 49 126 88 178 126 132 176 145 80 165 93 82 156 84 1 20 47 85 4 103 74 124 131 114 131 7 58 163 82 77 71 105 105 148 86 47 177 105 69 86 116 123 48 125 141 11 92 107 95 128 178 149 43 48 138 65 143 12 128 64 115 150 179 173 95 90 175 104 15 106 67 62 12 135 150 34 9 164 62 72 6 105 117 117 48 81 58 26 116 72 161 175 78 110 1 40 125 70 169 132 146 39 9 116 2 13 165 87 174 73 119 23 77 44 96 39 152 84 129 77 175 82 93 119 38 3 65 60 34 150 59 85 180 83 146 48 110 82 10 130 179 70 103 122 18 127 92 172 176 135 16 87 10 180 26 8 117 143 19 112 134 145 139 128 9 114 35 177 86 144 11 116 90 31 76 131 71 140 160 80 151 17 161 166 57 116 60 58 124 130 98 136 125 100 164 133 112 44 19 40 61 112 33 42 96 34 25 174 103 30 91 127 72 177 153 45 107 127 131 34 26 5 90 65 70 166 95 48 49 109 94 41 51 137 70 121 5 43 45 80 97 80 148 164 98 30 87 137 140 107 120 177 85 43 154 159 35 103 115 106 78 90 50 109 15 174 163 115 115 54 135 147 33 150 151 160 63 59 162 148 113 19 175 19 14 34 117 167 90 80 124 133 136 157 84 87 62 120 142 62 128 180 47 19 116 92 40 160 91 86 109 84 112 117 61 120 52 109 37 72 105 138 129 142 42 145 179 158 59 20 1 66 140 155 18 13 173 65 123 177 22 78 165 149 65 34 124 109 90 141 150 56 29 38 53 47 124 141 9 158 39 59 176 45 41 122 45 110 4 19 155 18 57 9 56 101 142 111 42 3 74 79 158 30 27 147 100 161 85 52 109 9 46 22 51 102 121 9 26 90 100 169 176 117 80 180 31 166 11 47 147 97 22 16 39 136 81 179 2 177 146 2 74 146 74 175 146 104 155 122 117 18 37 5 147 95 117 130 125 35 165 177 94 75 39 51 151 153 18 39 87 78 128 59 128 106 118 121 174 114 168 38 44 7 52 22 129 22 71 101 15 178 110 131 97 122 137 40 1 86 40 33 116 50 61 57 151 16 22 160 24 78 124 44 164 36 163 89 30 68 30 133 45 67 93 18 172 20 29 60 116 98 178 67 81 61 52 150 66 142 23 121 46 165 86 143 24 13 122 11 154 155 180 176 57 66 23 48 41 157 83 67 44 25 179 67 145 59 162 107 73 92 27 147 80 126 24 12 40 55 122 59 44 176 176 69 152 39 163 78 149 96 130 43 171 95 148 11 22 52 45 43 89 31 30 122 106 155 34 141 79 65 63 149 108 58 169 73 151 28 112 32 85 121 48 162 134 159 37 35 163 86 28 176 119 96 14 106 58 171 106 43 111 102 89 32 80 36 122 69 149 45 174 97 151 176 176 88 138 125 51 7 3 80 120 20 129 121 151 6 70 35 173 2 150 74 88 111 15 83 93 130 130 43 119 39 8 161 169 133 146 2 68 90 29 142 45 16 73 123 85 168 100 49 163 52 9 71 50 176 20 44 177 14 34 147 91 93 104 17 20 82 75 83 36 128 70 13 162 2 98 139 141 4 149 67 60 160 90 133 166 35 166 156 54 125 38 100 136 110 102 87 137 40 173 86 40 123 37 121 118 3 90 35 10 34 81 68 69 76 80 72 152 63 141 137 75 31 126 171 70 172 108 152 18 29 149 120 172 170 68 78 21 55 145 38 113 135 139 179 67 43 140 69 35 176 112 71 12 61 52 116 154 14 144 27 111 88 86 47 59 154 142 51 36 9 92 173 73 11 167 57 176 67 178 27 107 1 15 118 143 8 67 49 130 7 130 153 42 38 157 128 161 116 148 63 5 124 158 22 126 148 77 27 126 177 27 143 12 109 99 172 58 94 85 35 126 103 53 121 96 173 142 119 96 136 70 136 93 30 129 49 164 123 75 83 136 102 98 86 75 17 141 134 68 72 137 107 45 17 161 11 160 77 169 105 107 39 30 157 87 2 127 176 152 56 139 61 92 43 36 49 9 137 111 132 142 46 99 38 178 175 7 4 20 102 126 16 22 10 83 141 59 168 28 153 85 162 16 85 91 153 39 117 11 162 150 48 144 53 173 77 81 67 174 43 122 97 131 5 119 92 117 51 146 22 106 33 45 72 18 138 92 47 74 16 51 16 12 143 166 61 38 129 76 13 61 133 88 72 85 64 80 45 39 119 62 25 35 167 34 93 37 14 95 29 58 21 109 32 30 16 124 23 129 83 46 137 92 47 163 60 132 119 58 27 7 98 120 21 148 152 29 84 98 144 108 175 171 153 161 104 37 138 106 162 49 151 78 78 108 175 64 179 99 104 25 74 8 36 34 130 37 147 58 29 97 170 162 127 137 122 164 135 29 94 58 142 127 122 131 52 91 145 2 165 145 107 112 93 54 179 57 137 125 68 173 168 121 77 89 69 161 19 63 113 100 35 128 15 109 135 112 125 33 18 10 38 164 156 159 75 8 176 152 1 109 60 146 116 12 134 124 159 166 82 42 92 95 109 113 4 2 70 56 2 4 175 58 58 114 66 75 151 67 153 163 64 59 80 56 18 180 167 120 178 108 169 163 19 137 57 150 94 126 3 90 43 75 87 68 50 174 85 104 126 173 22 142 154 62 15 44 34 16 159 105 89 13 8 151 168 145 79 2 102 158 161 156 52 142 111 167 2 14 71 26 36 114 130 27 56 123 172 66 156 174 152 168 72 144 12 142 172 92 119 74 128 141 112 69 160 134 125 92 115 47 13 13 153 129 148 105 101 49 2 77 105 87 121 149 119 169 84 57 87 102 78 155 103 42 36 18 92 159 45 118 32 45 101 142 85 8 21 29 114 21 84 42 39 68 7 41 115 131 8 4 13 101 49 52 69 1 8 136 18 43 82 51 145 116 89
171 111 113 16 11 78 162 150 110 24 122 57 78 150 98 155 102 143 111 3 71 91 53 12 89 5 150 164 113 103 57 16 27 96 62 94 32 137 144 74 80 71 129 125 166 127 83 131 165 41 143 121 101 163 34 126 106 80 105 162 76 85 41 62 121 154 6 89 90 9 122 175 121 1 129 21 89 102 42 166 107 93 26 168 40 34 177 52 82 33 79 81 34 124 119 74 101 180 38 144 91 31 111 63 135 1 159 52 142 180 96 157 143 176 101 6 33 134 44 146 108 104 106 111 119 77 165 131 29 133 154 74 59 105 61 71 139 127 113 43 45 167 160 10 174 176 119 51 40 158 85 146 129 88 29 123 166 84 8 175 65 147 117 133 3 138 15 178 137 163 148 161 83 29 36 120 103 9 44 66 27 54 91 77 105 146 100 174 68 7 91 99 76 49 164 163 92 159 57 13 2 68 69 39 141 144 125 132 159 77 60 32 57 146 93 145 160 62 137 35 117 170 8 133 148 152 49 97 134 3 126 43 93 113 47 102 9 157 63 145 78 123 23 113 100 162 171 5 95 102 152 109 69 104 110 52 38 9 96 74 95 24 149 20 66 67 128 80 11 169 109 23 83 54 163 5 113 101 168 145 35 33 148 118 125 70 38 166 96 88 38 30 173 52 72 158 159 30 45 55 13 97 30 29 86 108 132 17 154 71 116 62 63 56 73 81 25 1 145 85 138 46 125 71 1 164 25 102 126 151 12 90 135 142 18 110 121 31 97 25 44 176 130 96 130 101 77 78 75 38 178 135 10 111 62 89 97 101 86 113 83 142 81 21 174 90 108 116 121 76 155 109 35 83 100 47 178 65 101 123 33 110 131 142 134 123 49 58 178 157 167 170 56 50 101 71 54 17 86 146 47 101 143 168 112 157 117 121 106 42 135 158 33 19 54 76 5 140 99 39 124 167 37 50 59 158 137 58 137 158 23 27 109 132 86 102 51 7 157 43 127 58 61 127 125 18 21 96 73 8 38 145 5 44 142 117 73 123 53 79 109 56 103 10 143 107 89 155 65 157 128 109 19 14 98 9 142 78 54 107 124 9 117 45 112 178 90 102 143 120 51 178 168 83 56 131 122 127 126 37 179 160 99 68 76 144 48 112 43 61 17 43 12 135 19 35 155 63 178 58 82 116 97 15 171 96 130 9 94 1 44 47 122 72 36 124 125 109 74 175 11 117 67 61 75 105 164 166 87 91 81 103 122 47 27 161 112 137 60 146 69 42 51 136 134 97 72 59 142 174 83 124 18 11 162 117 177 139 177 170 118 22 178 6 50 17 133 38 144 149 42 92 167 85 72 139 2 17 148 68 21 97 162 64 125 123 100 96 90 158 156 153 148 102 8 112 6 169 84 2 116 128 25 67 162 172 55 101 48 88 87 153 159 34 142 91 176 98 31 76 65 51 63 137 95 54 96 136 80 108 69 26 54 78 76 30 165 135 48 101 71 62 32 9 35 70 12 152 170 67 75 83 124 77 20 61 26 151 82 53 83 76 13 43 151 175 88 154 28 97 149 12 117 65 131 132 116 152 5 135 62 146 154 80 115 55 179 168 67 126 166 166 123 22 48 178 138 13 115 152 157 35 113 111 148 19 49 134 93 60 8 137 179 168 157 35 30 171 87 94 12 152 15 31 96 86 2 11 111 27 149 143 133 16 168 67 166 134 169 147 106 97 147 131 70 35 14 11 106 145 18 110 82 46 87 87 156 97 81 97 57 152 109 143 56 147 35 126 68 134 27 144 148 129 107 136 112 21 38 142 141 59 87 14 164 15 148 16 61 57 164 20 18 146 3 123 103 146 141 155 174 26 73 43 100 125 178 46 134 162 19 170 177 70 62 141 60 139 139 177 96 139 109 86 107 45 104 156 168 79 85 145 86 130 96 166 37 98 86 29 103 66 131 107 37 131 73 150 3 108 152 6 61 80 133 175 97 127 21 89 156 63 26 25 116 25 63 77 121 40 150 138 33 87 93 157 127 32 52 142 109 11 132 153 20 158 150 43 101 136 177 130 20 116 60 90 5 2 161 76 45 151 123 134 101 66 124 146 6 178 140 131 132 18 139 127 100 137 127 148 163 44 135 135 107 92 90 20 132 146 142 147 143 26 171 122 23 40 130 114 164 138 151 40 118 179 176 110 41 84 127 24 99 116 24 41 113 137 95 171 161 143 77 41 115 43 8 28 73 150 43 88 27 95 55 105 133 110 159 24 176 106 143 33 25 164 115 179 102 96 83 56 62 44 130 142 172 42 43 139 88 140 37 96 161 44 128 73 113 106 26 16 136 120 53 30 95 97 121 120 74 10 140 175 79 46 92 167 43 120 18 142 34 159 76 27 146 29 162 54 122 49 172 124 98 1 87 59 155 139 22 68 72 142 58 148 161 14 165 113 84 41 27 177 169 56 173 113 48 101 80 68 1 6 78 20 30 87 75 14 160 22 1 94 88 126 7 55 111 129 111 109 143 155 8 69 26 131 19 98 88 156 12 98 171 140 28 143 171 3 179 147 163 16 179 34 167 6 179 139 150 125 131 55 89 103 115 72 43 123 115 97 39 162 132 86 163 85 35 7 132 157 69 127 167 117 97 177 116 169 136 118 59 16 98 141 140 27 126 39 173 143 141 167 82 180 131 102 166 150 123 90 170 140 87 42 75 48 4 96 31 147 115 106 31 52 26 84 163 105 87 59 66 145 102 5 48 34 118 116 124 6 106 41 118 55 68 4 134 79 94 95 21 5 127 167 15 104 104 3 100 135 40 86 46 143 42 123 101 21 160 149 74 60 154 81 20 25 44 20 1 127 5 136 124 64 28 67 36 9 146 20 81 19 59 124 47 57 22 54 32 99 1 108 171 59 1 12 148 57 12 144 178 164 42 136 56 156 165 151 166 65 62 39 88 22 31 27 173 110 140 42 174 161 146 42 139 142 144 55 27 144 159 116 75 112 1 101 124 61 53 122 70 53 101 125 127 49 135 60 108 8 58 55 22 87 168 100 24 94 168 85 160 33 26 79 107 82 32 154 79 76 116 162 163 36 119 70 161 32 52 124 30 11 15 65 152 57 110 86 75 110 170 99 1 85 40 162 123 159 178 87 45 100 71 94 118 36 144 29
91 45 93 56 152 62 123 94 26 115 40 26 126 55 80 153 112 139 151 68 174 54 39 96 22 132 137 153 63 44 76 119 40 161 89 21 122 122 155 7 61 25 133 25 129 58 142 105 93 105 71 41 139 51 126 134 120 60 117 50 33 87 14 82 178 130 146 132 87 32 145 104 34 143 3 150 59 15 62 172 155 156 119 137 21 43 102 164 48 109 174 141 57 99 136 58 144 152 119 112 168 29 22 92 9 172 31 132 120 123 49 135 60 40 139 81 87 30 142 156 171 79 8 132 4 21 14 29 36 15 28 75 47 53 110 179 4 170 101 97 57 37 175 156 176 2 160 121 17 65 58 19 159 125 97 159 159 39 138 90 133 107 137 85 42 101 170 93 70 118 23 141 18 109 43 98 84 161 167 103 54 176 105 35 3 51 132 171 83 110 23 110 22 142 41 27 26 144 10 129 154 170 104 167 45 90 12 144 8 147 3 28 102 124 177 146 86 48 167 19 136 111 32 104 142 77 103 45 129 165 45 86 65 118 44 148 27 93 36 143 92 152 168 106 149 50 144 71 163 104 164 83 117 41 151 20 102 148 55 113 81 171 11 46 105 83 169 132 82 37 56 140 112 121 76 146 177 80 61 75 71 46 172 74 59 128 11 170 21 133 93 88 9 101 95 57 96 3 173 49 88 108 80 21 2 103 66 138 19 126 176 162 135 126 135 62 84 157 170 53 12 62 135 79 76 109 86 77 6 68 76 84 86 172 108 22 79 21 97 78 27 81 32 63 13 6 124 158 24 153 60 43 15 169 49 97 155 55 40 136 152 112 83 112 137 99 157 132 175 107 132 19 63 177 138 163 152 180 21 6 168 171 126 30 121 71 107 150 118 175 37 71 31 146 104 100 130 117 108 148 94 35 115 62 73 1 110 32 85 132 172 98 163 17 107 2 76 55 7 120 167 131 158 115 110 156 165 48 112 48 170 52 57 128 41 170 167 30 147 30 53 68 110 118 8 152 70 108 52 31 133 169 31 84 69 54 116 40 152 37 33 9 72 139 4 176 104 165 8 100 62 44 82 162 60 19 113 129 170 134 40 105 178 151 27 109 46 124 135 96 9 107 173 169 122 7 108 83 32 117 135 93 125 76 162 180 114 73 39 149 174 89 122 6 117 131 163 76 148 155 115 90 126 33 9 33 67 52 73 72 42 177 141 77 141 138 36 128 177 117 61 73 67 156 144 111 6 129 170 45 31 91 160 31 133 178 32 138 81 82 173 106 91 84 70 38 53 162 75 156 45 97 121 48 23 9 176 25 72 48 66 19 32 40 74 159 167 132 19 53 161 136 154 26 132 86 143 111 53 154 179 59 2 60 43 64 165 168 40 129 145 122 10 107 85 43 55 157 79 37 135 36 89 140 25 63 40 45 92 79 110 82 20 151 21 159 107 35 118 120 73 99 23 166 45 30 116 173 59 65 78 132 62 9 122 84 71 20 82 55 86 99 112 67 171 25 100 56 6 163 73 122 176 121 93 147 63 19 144 94 103 40 72 109 25 80 37 175 123 44 37 76 135 165 70 51 100 19 77 25 3 37 1 111 87 39 121 156 71 146 126 90 4 117 74 166 104 104 179 131 154 70 161 89 179 85 71 83 28 155 137 122 133 25 136 147 55 21 46 123 39 73 112 26 63 92 86 52 70 176 90 39 92 106 175 131 175 172 70 125 151 180 26 136 166 110 22 69 77 11 4 141 122 4 27 94 112 22 54 34 5 13 65 32 31 126 43 146 115 105 162 96 21 44 167 92 52 66 178 2 9 17 69 98 110 104 138 102 152 52 147 22 3 140 21 8 163 111 84 56 51 72 84 44 144 15 3 147 179 12 5 8 20 68 87 146 62 50 42 13 108 19 4 71 163 47 132 95 120 146 103 155 67 66 155 62 44 46 138 73 71 138 71 33 10 39 131 146 28 38 16 170 4 50 27 71 16 26 30 4 103 95 62 98 32 141 77 170 127 75 142 107 91 113 113 3 20 161 10 8 179 51 94 145 47 35 77 177 152 99 68 88 22 45 160 53 110 174 124 59 89 28 174 19 21 23 164 98 63 87 88 36 65 101 75 68 80 153 168 166 141 56 84 97 22 41 123 167 171 5 82 145 33 85 35 141 1 176 137 7 23 42 154 125 84 99 117 61 129 29 137 69 141 21 37 59 58 95 98 143 113 157 10 143 29 69 121 175 32 42 90 89 109 155 107 161 55 114 78 133 1 45 29 99 23 22 69 29 3 171 124 129 39 16 80 136 2 113 138 72 124 23 120 172 79 125 136 147 37 73 127 43 177 179 171 25 62 68 146 53 114 83 171 69 144 171 87 171 18 72 167 6 74 100 34 134 1 102 165 22 168 160 110 115 72 112 80 92 116 11 41 91 28 154 47 89 78 68 145 30 165 71 23 96 107 14 149 127 178 134 147 23 135 59 118 93 177 114 13 92 50 19 42 49 71 162 138 16 80 170 62 99 27 105 168 35 134 132 153 157 125 79 88 116 52 45 128 36 145 72 129 52 169 133 69 74 27 39 166 152 69 1 73 85 5 66 110 72 46 83 34 27 66 48 25 51 30 69 54 69 39 142 74 14 38 6 171 92 70 137 24 18 25 55 36 86 157 122 59 175 82 179 86 88 38 131 106 66 96 129 61 44 85 46 170 175 69 98 154 124 148 41 49 6 127 18 142 65 143 148 168 3 145 42 42 82 82 15 17 17 169 13 108 6 144 143 122 113 163 18 142 101 10 48 53 165 170 137 140 15 113 17 170 45 20 92 173 24 171 149 2 143 18 43 119 43 50 46 150 114 11 90 113 44 62 18 94 95 47 75 30 140 137 109 113 142 64 137 162 27 32 78 89 105 44 47 106 126 113 108 125 76 6 69 16 128 27 58 128 73 144 121 9 132 41 165 147 64 171 99 48 161 124 168 145 98 23 39 36 17 179 177 61 68 177 112 170 145 88 9 33 138 165 63 129 52 129 167 120 171 108 62 120 37 1 70 112 127 23 174 135 55 125 111 145 163 28 120 99 140 175 122 87 32 176 163 154 18 38 11 148 107 133 108 129 155 151 57 95 162 147 13 163 78 170 15 44 63 148 37 24 155 8 71 117 133 113 142 68 45
161 155 133 34 128 141 5 7 61 119 113 14 37 165 96 151 48 103 7 6 175 153 161 44 30 140 95 50 89 66 172 49 22 13 62 165 90 60 33 125 24 146 139 100 111 151 103 83 150 110 14 59 170 22 66 147 54 100 67 51 114 108 21 55 147 20 2 130 133 92 28 121 9 170 73 119 93 101 30 128 60 54 19 170 104 129 19 87 142 158 75 178 78 75 101 123 37 176 168 136 59 137 148 40 168 88 27 137 86 71 83 133 152 64 88 90 157 173 134 78 130 26 86 15 29 89 93 43 103 27 5 55 135 48 145 122 79 134 131 144 139 166 20 109 113 52 179 126 85 90 76 72 39 179 166 7 137 5 118 6 146 61 73 148 77 38 154 89 147 32 8 147 61 156 92 96 17 148 140 148 4 169 108 100 4 45 36 1 172 155 30 64 151 129 29 45 137 34 163 69 166 172 72 85 121 66 175 92 7 151 141 168 63 114 69 50 26 108 44 149 129 135 118 24 68 12 173 143 9 153 110 126 45 99 27 121 124 99 158 18 54 96 148 66 149 104 120 6 34 126 80 5 66 116 64 136 92 18 137 168 169 32 24 138 67 127 82 165 51 122 126 162 177 57 163 26 75 101 16 88 35 20 82 50 21 28 129 61 164 54 7 121 146 168 30 69 141 175 117 179 62 42 98 76 55 153 111 117 1 97 97 47 141 77 34 164 82 144 5 34 151 78 35 161 87 43 98 77 142 32 33 158 20 9 171 50 59 56 163 30 95 124 3 72 12 63 102 159 53 70 43 145 39 37 5 137 127 46 85 72 109 177 49 19 108 146 178 114 73 117 76 32 154 98 30 7 75 154 139 71 172 94 92 175 104 15 63 160 121 147 132 59 147 153 22 167 68 37 33 66 47 72 68 27 90 77 119 6 153 122 71 57 17 71 95 170 154 90 25 21 173 24 57 26 19 94 112 77 1 97 119 167 72 51 4 6 27 69 175 157 96 53 32 35 77 153 124 121 120 61 132 23 149 154 47 40 117 33 30 165 8 56 96 4 13 64 55 45 69 179 87 28 74 54 19 158 37 124 114 157 81 32 154 19 115 158 32 77 6 94 121 37 21 17 47 71 76 6 6 17 149 164 147 96 79 94 39 90 172 23 16 116 157 90 158 32 35 147 19 106 27 17 97 36 40 60 78 179 72 150 54 10 174 74 10 30 114 25 32 139 15 21 25 15 118 111 10 47 133 137 7 114 76 121 116 60 76 94 55 36 46 180 72 105 136 34 11 91 21 72 1 30 75 39 28 172 95 55 85 77 46 137 7 169 139 71 18 39 68 32 154 9 48 44 109 10 5 44 172 34 49 21 53 60 154 177 106 136 26 106 53 132 59 82 85 168 21 76 166 90 116 67 63 46 137 125 122 47 44 41 1 90 108 71 142 152 31 175 45 34 29 126 79 96 167 179 151 76 116 90 96 5 147 152 73 111 20 82 115 172 180 59 26 72 92 91 106 100 65 172 152 129 28 29 36 100 57 52 126 42 85 62 33 92 20 120 106 60 55 52 69 81 97 107 33 30 102 68 123 146 121 129 125 110 163 63 163 77 124 160 147 31 121 66 5 24 98 121 126 64 175 108 77 178 98 2 52 75 151 4 37 61 135 121 32 80 25 128 28 51 84 136 56 19 37 154 62 36 36 11 80 160 105 120 97 156 156 141 88 172 148 102 19 70 111 165 12 108 158 127 20 165 35 137 159 119 38 31 164 21 25 41 88 98 160 157 139 138 79 34 85 170 33 74 84 128 50 168 74 34 7 144 51 93 162 47 79 29 121 12 159 9 116 18 100 113 57 177 58 17 17 107 160 108 143 118 53 87 10 55 48 20 113 136 129 34 73 77 131 57 62 122 138 171 57 129 168 146 104 78 165 127 75 78 130 145 137 130 167 27 39 7 147 100 92 136 78 126 90 39 8 88 153 171 64 81 164 98 73 31 136 7 42 172 149 42 115 76 93 2 127 158 90 158 59 171 80 111 21 168 180 119 25 20 98 178 168 26 97 160 120 179 172 86 57 49 5 52 117 176 90 30 42 115 160 4 101 139 8 174 127 165 164 154 29 55 180 27 29 20 38 14 137 80 118 14 8 75 8 101 97 65 49 40 180 125 108 3 103 136 52 92 59 123 40 16 179 106 68 31 85 155 154 171 176 143 64 35 28 115 70 33 141 59 166 149 59 3 24 82 23 114 125 102 52 139 158 177 15 120 133 11 90 63 19 95 55 75 20 53 127 77 42 1 42 172 159 153 129 121 87 53 121 163 72 19 10 2 25 10 99 59 167 43 176 160 21 60 161 111 27 67 13 1 157 144 71 131 38 97 98 105 29 32 156 131 34 63 116 114 13 148 166 24 167 99 110 146 14 19 77 104 175 177 45 177 23 124 41 157 61 44 169 154 168 90 169 94 40 86 68 148 96 22 82 136 40 45 85 105 84 32 162 155 28 35 168 167 119 75 110 93 13 104 47 90 109 156 107 46 14 132 56 152 75 18 136 25 171 96 46 103 156 59 158 105 78 113 84 173 138 62 74 102 38 53 116 167 62 99 61 177 66 151 19 110 75 32 103 147 69 98 125 62 163 17 115 115 34 61 11 56 99 139 139 43 139 24 163 100 41 131 46 41 178 87 87 139 111 78 174 17 87 146 151 138 74 40 174 24 17 171 73 74 131 180 37 65 166 177 52 94 113 15 138 172 75 143 166 129 151 59 161 20 48 170 144 101 141 176 8 146 20 43 49 150 47 115 135 25 103 123 60 127 44 139 160 94 158 40 53 157 82 16 48 177 3 1 39 172 134 136 157 176 59 61 139 170 166 103 110 37 125 108 145 63 81 25 44 2 47 9 18 109 105 54 100 104 120 115 59 144 11 88 84 154 61 156 174 104 22 30 23 73 98 176 153 175 25 7 128 37 24 176 116 19 154 177 118 17 114 99 180 24 87 153 127 89 40 95 125 100 44 19 67 61 143 48 139 172 65 22 65 146 152 9 101 133 12 142 125 135 108 3 148 7 140 138 100 164 91 157 128 108 13 169 60 136 24 127 139 107 60 95 116 63 171 93 72 116 165 170 41 75 122 24 72 38 158 24 153 78 123 88 86 68 119 36 64 71
159 142 135 149 54 99 16 7 37 146 164 5 140 30 73 8 79 25 121 60 17 105 109 20 73 177 177 144 106 112 168 15 69 103 48 40 113 124 94 50 93 114 107 179 121 15 17 168 122 130 55 164 116 172 54 122 88 101 93 142 104 118 50 45 167 179 36 156 103 159 67 96 55 135 17 68 166 143 16 4 113 79 12 45 47 39 39 119 31 161 1 25 110 55 78 137 5 64 29 45 51 71 83 16 48 142 125 134 62 31 58 161 106 88 80 101 62 33 168 105 21 165 108 85 164 106 158 152 111 59 94 147 70 28 5 37 133 92 167 126 13 129 151 120 107 141 34 66 173 175 110 38 152 137 88 111 14 6 17 111 70 149 161 27 47 89 161 35 135 97 68 100 7 23 121 15 56 136 159 42 148 112 140 34 20 54 88 112 15 144 115 172 59 71 79 29 63 135 67 80 20 39 88 78 115 140 161 167 74 137 102 166 160 151 137 172 99 152 169 121 112 168 74 40 112 8 143 120 24 23 42 144 87 36 158 146 166 64 127 27 130 132 132 108 48 58 58 119 106 72 170 93 178 100 132 95 131 167 91 96 136 59 151 38 41 119 116 157 110 49 131 114 124 128 54 20 4 120 26 26 102 9 26 12 99 123 151 89 4 61 4 123 110 73 128 115 113 7 81 64 29 98 30 79 94 2 116 124 168 100 72 169 59 25 139 146 102 160 116 92 16 97 158 122 56 28 50 139 68 100 177 170 32 50 171 57 89 83 163 116 142 32 78 41 123 60 90 114 25 91 105 123 114 178 34 162 98 133 9 167 78 98 40 173 166 167 56 26 127 21 61 34 118 109 28 152 35 52 7 46 6 139 29 96 53 131 8 138 141 163 58 62 163 170 86 141 153 7 123 22 166 83 154 101 64 54 12 7 178 49 50 21 113 131 32 46 133 180 162 31 142 125 32 47 95 166 4 26 54 180 101 63 168 49 1 30 16 155 17 143 51 179 134 71 149 59 93 92 11 136 97 110 11 145 70 43 80 40 147 99 129 130 22 111 58 67 2 66 123 155 20 170 118 27 78 45 141 170 76 160 107 85 84 55 24 135 1 149 36 148 159 80 141 14 80 135 48 37 81 8 31 143 120 135 28 53 162 25 101 94 49 78 120 104 120 42 148 140 134 171 141 84 132 61 127 34 142 166 133 50 20 117 129 97 16 52 112 3 33 81 15 55 68 54 127 103 163 165 132 175 68 149 130 13 27 73 30 139 81 101 86 40 9 95 45 4 119 21 24 140 30 65 36 73 119 176 85 176 148 56 71 27 148 13 54 18 16 104 37 79 172 15 174 178 42 4 165 132 26 14 92 99 137 128 72 92 12 6 17 32 81 25 143 34 71 175 68 115 110 2 25 126 178 75 175 33 8 43 49 146 136 18 81 60 25 113 83 67 87 72 49 128 38 134 108 104 82 20 166 136 54 17 174 136 163 135 8 10 60 122 102 149 36 83 127 11 167 67 100 84 11 147 81 166 33 156 143 107 53 55 19 163 115 17 55 161 71 54 51 154 169 161 93 35 134 81 98 78 165 2 114 19 89 90 35 62 15 93 143 148 178 165 156 37 104 101 2 71 142 97 161 120 13 157 161 144 2 173 106 83 86 138 162 58 52 27 97 10 108 50 99 1 55 85 100 130 62 174 62 148 144 103 82 155 46 118 76 145 178 118 65 123 14 115 47 111 43 71 127 46 21 109 170 35 21 55 36 99 149 94 72 178 4 128 90 28 75 58 4 98 117 55 133 71 101 40 31 145 102 133 107 161 167 43 3 176 33 160 107 157 82 27 175 37 157 116 178 149 47 152 110 81 128 111 96 146 40 76 158 84 132 148 9 84 36 78 129 66 101 146 6 35 150 173 39 118 43 66 35 18 175 21 119 55 13 168 98 112 176 143 25 32 106 155 123 137 68 144 170 148 21 5 157 71 72 28 50 113 11 151 77 150 158 156 90 68 33 111 55 109 1 99 68 41 101 56 121 58 91 97 41 115 103 77 77 90 47 110 63 177 2 36 32 82 180 80 95 131 121 19 101 24 41 31 133 82 17 95 89 66 118 61 177 176 47 27 56 161 69 155 101 175 14 40 131 125 6 68 71 81 22 140 133 30 119 70 55 161 153 166 150 158 100 64 144 116 54 98 82 86 36 171 11 124 73 124 69 63 140 153 48 57 129 143 138 112 45 74 23 150 1 37 19 123 90 6 57 119 115 54 134 130 76 52 8 100 168 176 159 100 169 67 144 39 83 91 122 164 94 120 98 169 94 154 5 62 163 161 156 16 110 75 149 34 41 162 109 18 14 128 19 118 130 151 164 165 117 162 179 44 63 174 74 150 142 1 52 31 68 39 39 116 24 120 27 114 172 65 133 165 139 75 177 117 105 5 137 95 46 47 46 56 151 163 154 159 148 28 134 111 149 156 96 82 179 23 71 124 31 82 34 34 140 109 20 135 81 180 162 47 174 60 57 117 36 167 156 134 101 141 91 130 9 67 66 70 134 173 115 20 90 153 159 32 153 112 44 52 54 74 146 6 17 86 35 58 156 158 31 64 129 69 41 22 177 57 75 6 53 50 157 133 137 118 3 95 82 114 71 24 29 90 90 97 42 80 16 9 140 12 109 172 137 72 134 63 56 92 81 40 25 48 116 65 128 26 53 74 115 95 83 37 145 26 92 62 110 168 69 92 105 81 59 32 91 99 45 134 58 47 102 86 12 110 159 77 111 79 72 101 99 29 139 107 52 81 111 75 146 116 156 167 18 108 24 73 136 142 2 119 106 66 43 124 39 138 100 97 161 142 20 116 145 70 142 60 89 67 108 36 86 91 19 27 85 102 15 11 17 79 53 72 105 180 41 46 73 20 66 87 64 95 72 116 146 112 6 138 159 83 59 155 18 68 38 16 101 13 141 34 68 147 172 12 140 91 173 35 176 28 126 106 14 120 78 107 85 117 94 35 84 65 130 168 3 156 46 66 47 170 130 32 3 116 41 21 31 165 3 108 6 101 171 108 42 83 2 154 99 15 15 91 11 151 32 14 25 86 42 155 143 153 100 123 97 164 78 45 161 36 116 44 154 32 108 57 51 2 156 168 26 73 164 6 123 1 122 12 76 89
0.4
0.3
0.2
0.3
0.3
0.2
0.3
0.4
0.3
0.2
0.3
0.2
0.2
0.3
0.4
0.4
0.3
0.3
0.4
0.3
0.4
0.4
0.3
0.3
0.3
0.4
0.4
0.3
0.2
0.3
0.4
0.3
0.2
0.4
0.3
0.3
0.3
0.3
0.3
0.3
0.3
0.4
0.3
0.4
0.4
0.4
0.2
0.4
0.2
0.3
0.4
0.3
0.3
0.4
0.2
0.2
0.4
0.3
0.2
0.3
0.3
0.2
0.4
0.2
0.3
0.4
0.3
0.4
0.4
0.4
0.4
0.3
0.2
0.2
0.4
0.4
0.4
0.3
0.3
0.3
0.2
0.3
0.3
0.3
0.3
0.3
0.4
0.3
0.4
0.3
0.3
0.4
0.3
0.4
0.3
0.3
0.2
0.4
0.3
0.4
0.4
0.4
0.2
0.4
0.4
0.3
0.2
0.2
0.4
0.3
0.4
0.3
0.2
0.3
0.3
0.3
0.3
0.4
0.4
0.2
0.3
0.3
0.4
0.4
0.2
0.4
0.4
0.2
0.2
0.3
0.3
0.2
0.2
0.4
0.3
0.3
0.3
0.2
0.2
0.4
0.3
0.3
0.3
0.3
0.3
0.3
0.3
0.3
0.4
0.2
0.2
0.2
0.3
0.4
0.3
0.3
0.3
0.2
0.3
0.3
0.3
0.2
0.2
0.3
0.4
0.3
0.4
0.2
0.3
0.3
0.3
0.2
0.3
0.2
0.4
0.3
0.4
0.4
0.4
0.4
0.3
0.3
0.4
0.4
0.2
0.3
0.3
0.3
0.3
0.2
