10 12
2
      3064
      3514
  3.2  50.5 927.7   1.8
  4.2  28.9 922.7   2.2
  3.3  34.0 153.2   1.6
  2.6  19.1 177.1   2.2
  3.8  41.0 812.1   1.8
  3.6  16.0 428.0   2.3
  1.8  53.9 371.7   2.3
  3.0  62.1 922.4   1.7
  1.9  72.2 356.6   2.5
  1.9  60.9 117.6   2.0
  2.4  26.3 351.7   2.2
  4.8  51.0 509.4   1.5
  4.9  42.1 913.4   1.8
  4.3  16.0 773.7   1.8
  1.2  30.0 142.6   1.5
  1.7  54.6 358.4   2.4
  3.6  47.8  72.2   2.0
  1.9  63.0  54.7   2.4
  3.6  27.8 550.4   1.7
  4.1  42.5 600.0   1.7
  0.2   0.2   0.3   0.4   0.2   0.3   0.4   0.4   0.2   0.2   0.3   0.2   0.3   0.2   0.4   0.3   0.3   0.3   0.3   0.2 
  154   123   108    84   173    88   162     4   164   139   131    45   174   147   105    43   143    55   136    20 
   58    82    64    71   149    25    20   165   111     6    69    60    96   157    20    77    51   132   131    15 
  156   155    56    82    94     2   149   123   166     5   155   124   157    23   143   160   138    17   114   136 
  179    70   154   153   180    47    67    70   145    57    42   117   111   101   152    19    93    27    54   104 
   14    37    19   141    33    46   178    79    63   115   179   105    90    17    49   161   110    99    18   173 
   23   170    39    17   169    83    35    34   173   118   105    65    13   112     6    63    37   180   169    28 
  128   102   161    90    31    40   148   149   101   164   112   147    64    94   139    70     8   132   180   147 
   20    36   110   129   109   157    98   115    51   166   119    81     3   163   107   170    12   124    81   107 
  115    23    41   101   179   132    66    93   122    88   147   174    64    89   180   136   144    51    24    94 
    1    91     7    60    81    22   161    78    39    79    26    23    75   173    62   173   152    10   124   116 
   62    34   171    85    24    79   179    86    62   170   180   131    17   174   143    23    43    25    27   157 
   24    42    66   138   138    87    18    59    63    87   112   128    29    14   162   130   100   160    66   166 
 0.00  0.25 
 0.25  0.00 
