10 12
20
      3135
      3313
      3169
      2887
      2963
      2995
      3295
      2465
      3033
      3146
      3197
      3144
      3562
      3021
      2312
      3416
      2986
      3330
      2819
      3339
  1.9  30.6 898.4   2.4
  2.1  33.3 391.9   2.3
  4.0  25.6 293.3   2.2
  3.3  24.2 817.5   2.0
  1.1  11.2 430.4   2.4
  4.3  38.7 646.9   1.7
  3.3  17.4 293.7   2.4
  2.6  12.4 540.8   1.8
  4.3  27.4 712.5   1.6
  4.4  42.5 650.1   2.0
  3.9  33.4 309.7   2.2
  1.7  10.3 488.3   1.6
  3.6  14.7  57.2   2.0
  4.5  41.5 862.2   1.8
  4.3  31.4 394.2   2.1
  3.7  31.0 897.3   1.5
  1.1  49.9 385.7   2.4
  1.8  42.5 171.4   1.8
  3.3  40.3 609.0   1.7
  2.3  13.5 284.4   2.1
  2.9  49.5 386.9   1.8
  2.8  38.8 292.4   2.1
  4.0  46.5 248.9   1.8
  2.8  37.5 214.7   1.8
  2.6  15.1 341.9   2.3
  1.7  47.8 597.7   1.6
  3.0  26.9 134.2   1.5
  4.8  47.9 277.5   2.2
  3.1  35.4 131.6   1.9
  4.9  14.5 813.1   2.1
  3.3  49.0 416.7   2.2
  4.0  21.3 314.3   1.8
  1.2  10.9 542.1   2.0
  1.1  14.8 426.6   2.0
  3.5  49.9 167.5   2.2
  4.6  42.4 876.4   2.3
  2.7  31.3 524.1   2.1
  4.2  33.7 325.0   1.7
  3.8  23.0 574.2   2.0
  3.6  19.1  50.1   1.9
  3.3  15.5 777.2   2.1
  2.3  20.1 929.8   2.3
  3.0  12.2 140.5   2.3
  1.9  16.6 867.6   2.1
  1.7  47.3 899.2   2.1
  3.1  36.7 421.2   1.7
  2.7  34.0 589.1   1.9
  2.5  43.2 604.8   2.3
  4.5  12.9 736.8   2.1
  2.8  15.1 634.0   1.7
  5.0  22.6 123.2   2.5
  2.5  44.2 706.9   1.7
  4.7  36.9 423.5   1.7
  2.2  27.6 594.8   1.9
  2.7  11.0 877.2   2.3
  3.5  16.8 295.8   1.9
  2.2  18.1 802.2   2.3
  2.5  30.9 524.5   2.4
  4.3  48.5 297.1   1.6
  2.9  26.3 372.9   2.2
  2.7  17.2 179.1   2.5
  4.3  19.2 405.7   2.5
  5.0  23.6 147.1   1.8
  3.8  19.8 439.0   2.0
  1.2  29.4 464.6   1.6
  2.3  25.3 889.2   1.7
  4.7  15.6 525.3   1.5
  4.6  18.2 516.4   1.8
  3.9  21.9 391.6   1.6
  3.7  32.2 403.4   2.4
  2.5  35.0 395.7   2.2
  3.1  49.5 122.2   1.6
  4.0  44.0  70.1   2.2
  1.9  10.1 276.7   2.1
  2.1  30.7 299.8   1.9
  2.4  11.3 759.8   1.8
  1.1  36.8 395.6   1.9
  3.7  22.1 564.3   1.8
  1.6  24.8 730.7   2.3
  1.1  25.1 781.8   1.9
  4.5  40.9 465.6   2.3
  4.8  13.7 361.4   1.6
  4.0  40.1 161.5   2.3
  2.9  20.9  69.8   2.1
  3.2  47.7 324.0   1.5
  2.9  43.3 427.2   1.5
  2.2  20.5 715.9   1.8
  1.6  30.0 267.2   2.3
  1.5  40.8 710.9   1.9
  3.7  36.3 278.5   1.8
  1.9  48.9 566.5   2.2
  5.0  23.3 116.9   2.5
  4.0  46.5 146.3   2.2
  4.0  43.3 697.1   2.2
  1.1  12.7 378.9   1.7
  1.8  26.3 535.6   1.9
  1.2  23.0 133.7   1.5
  3.6  45.9 373.9   1.7
  2.9  23.5  89.3   2.3
  3.1  29.1 368.8   2.5
  4.3  18.2 207.7   2.2
  2.1  28.6 857.5   1.7
  4.7  32.2 758.1   1.7
  4.8  12.3 800.8   1.6
  1.9  12.1 136.9   1.8
  3.0  49.6 337.0   2.1
  4.3  43.4 135.7   1.6
  3.1  46.6  90.1   2.0
  2.7  19.9  53.4   2.3
  4.5  35.5 146.9   2.2
  4.3  25.6 321.4   2.3
  4.0  32.8 823.7   1.6
  2.6  45.0 581.1   2.1
  1.7  13.1 861.1   1.9
  3.4  39.1 591.7   1.6
  2.0  43.2 353.6   2.2
  3.6  38.5 855.4   1.8
  4.9  16.3 864.4   1.9
  2.8  33.3 347.3   1.7
  1.2  30.3 654.0   2.3
  4.1  20.6 266.1   1.5
  4.5  43.0 947.6   2.1
  4.7  30.2 311.3   1.6
  4.8  16.8 296.2   2.0
  1.9  11.5 384.5   2.4
  4.6  20.2 781.8   2.2
  3.1  13.0 268.9   2.0
  3.9  24.9 540.9   1.6
  1.9  38.4 935.4   1.7
  3.2  33.4 760.1   1.6
  2.0  19.8 295.4   2.5
  3.0  37.0 284.1   2.4
  3.4  29.1 369.4   2.3
  4.1  20.3 266.9   2.2
  1.5  37.8 298.8   2.0
  4.1  41.8 667.8   2.2
  4.3  21.7 689.7   2.3
  2.6  23.1 412.8   1.9
  3.4  34.4 135.4   1.8
  3.2  29.3 784.1   1.7
  2.8  34.4 892.0   2.2
  2.8  46.7 233.7   2.0
  2.3  22.0 154.3   1.8
  4.2  17.2 171.0   2.3
  2.2  39.9 677.1   2.4
  1.9  13.0 106.8   1.5
  1.8  30.0 426.8   1.9
  3.7  19.1 772.9   2.3
  2.3  49.1 254.9   2.4
  1.2  39.0 599.5   2.3
  3.9  45.5 551.1   1.6
  4.0  18.8 741.8   2.4
  3.3  26.8 419.5   2.2
  2.9  46.9 542.9   2.2
  4.2  24.4 468.1   2.4
  2.1  14.0 727.1   2.0
  2.1  42.9 451.8   2.2
  5.0  17.7 897.1   2.4
  2.1  22.0 220.0   1.9
  3.8  49.5 827.2   2.1
  2.8  19.9 892.2   2.0
  1.3  21.2 783.2   1.7
  1.1  49.9 196.0   1.6
  4.6  12.1 859.0   2.3
  4.1  33.6 482.4   2.4
  1.3  24.4 217.1   1.6
  4.3  23.3 335.6   2.5
  3.7  31.4 246.0   2.4
  3.3  37.3 549.9   2.2
  2.1  18.1  56.7   2.1
  1.2  45.1 108.9   1.8
  2.1  43.5 932.9   1.7
  2.8  47.3 484.8   2.3
  4.7  25.4 927.7   1.9
  3.2  33.9 379.0   2.4
  3.9  25.0 285.6   1.9
  2.5  47.5 946.0   2.0
  4.6  42.6 333.3   2.3
  3.3  23.9 572.5   2.3
  3.1  40.5 930.3   1.7
  4.4  20.7 746.7   1.7
  1.5  21.7 632.0   2.4
  3.7  10.0 231.3   2.0
  2.7  48.6 619.7   2.3
  2.8  15.1 623.0   2.1
  3.1  45.6 744.4   2.5
  2.8  34.3 798.5   1.9
  3.8  34.8 629.0   1.6
  2.9  41.4 574.2   2.2
  1.1  10.9 344.0   2.1
  2.0  11.3 814.8   1.9
  3.2  17.0 304.5   1.9
  1.9  36.6 881.8   1.6
  3.5  28.5 847.0   1.6
  3.3  42.1 720.8   2.5
  5.0  16.1 621.1   1.5
  4.6  34.9 639.1   2.1
  4.2  47.2 653.5   1.8
  3.7  37.6 218.2   2.0
  3.3  36.9 329.1   2.0
  0.2   0.4   0.2   0.3   0.3   0.4   0.3   0.2   0.4   0.3   0.3   0.2   0.3   0.2   0.2   0.3   0.4   0.2   0.3   0.3   0.3   0.3   0.2   0.2   0.3   0.4   0.4   0.4   0.3   0.4   0.3   0.2   0.3   0.3   0.3   0.4   0.2   0.3   0.3   0.4   0.2   0.3   0.2   0.3   0.2   0.2   0.2   0.2   0.3   0.4   0.3   0.2   0.4   0.2   0.2   0.3   0.3   0.3   0.3   0.2   0.3   0.4   0.2   0.4   0.3   0.2   0.4   0.3   0.2   0.2   0.3   0.4   0.3   0.3   0.3   0.2   0.4   0.3   0.3   0.4   0.2   0.3   0.2   0.4   0.3   0.4   0.4   0.3   0.4   0.3   0.4   0.4   0.4   0.2   0.3   0.4   0.4   0.2   0.2   0.3   0.3   0.4   0.2   0.4   0.3   0.2   0.2   0.2   0.4   0.2   0.2   0.3   0.3   0.4   0.3   0.2   0.3   0.3   0.3   0.3   0.2   0.3   0.4   0.3   0.4   0.4   0.4   0.2   0.2   0.4   0.3   0.3   0.4   0.4   0.3   0.2   0.3   0.3   0.3   0.2   0.3   0.2   0.3   0.3   0.2   0.3   0.2   0.3   0.2   0.3   0.2   0.3   0.2   0.2   0.3   0.3   0.3   0.3   0.3   0.3   0.4   0.3   0.2   0.4   0.4   0.3   0.3   0.3   0.3   0.3   0.2   0.4   0.3   0.2   0.4   0.4   0.2   0.4   0.2   0.2   0.4   0.2   0.2   0.3   0.3   0.3   0.3   0.4   0.2   0.2   0.3   0.3   0.3   0.4   0.3   0.3   0.3   0.2   0.3   0.2 
  132    64     7     8    14    15   127    44    96    98    94   145   105   124    62    93    15    90    70    99    57    92    98   145   146   124    75     1    21     8    16    36   120   140    15    55   172   136   150    83   142    19    28   147     5    31   168   141     4   116    20    20   159   156   143   164    32    70    41    82   144   173   156   117   142   173    12     2    39    73    53     8    83   108    41   169    56    75   179    42    71   135   170    70    67    71    73    63    20    51   151   146    43    40   104   118    34   137    89   161   157   112   174    74   154    87   179     5    93    61    96   168   110   120    55   175    18   163   125    10   121    35   146   178   161    14   106    62   122    72    51    48   117    85   102   174   178   166     1    71    52    56   129   106    40   177     1    86   145    57   110    89    91    13   155   179   143   154   132    87   170    70   145    87   163   148    64    26    15   149    49    61     8   179   153    96   155    27    76   147    66    58    63     6    27     6   114    26   120   152   129     2    10    25    44    92    65    31   106   108 
  161   152   126   126   118    39    81   133    30   111   167   119   116   136    89   124     7   147   169    99   173    43    18    54    76    28    37   102   172    94    62    79   179     8   148    29   171    31    90   154    18   130   145    94   152     5   154   151   131   150   105   105    71   153    73   142    65    99    97    39   130    15   116   117    75    79    13    47    95    85   141   114    41   137    27   109    53    39    19    83    34    92    26    24    65   170   100    32     5    86   118   113   115    98    91   140   111   120    53   163    72   106    93    81   142    86    25   102   114    11   180    39    91    67   123   114    45    51    60   141   150    14    86   105   109    64   145   117   108   146   130   174     6   127    93    46    87    94    27    61   109   123    61    24    76    61    12    38   102    11   102   178   101    55   163    23   124    68   177   106    93    80   103   172    13    21    73   166   152   127   161   100    86   134   110    81    10    73   139   144   175   105   173    99    80     5   107   103    77    78    98    44   107   107   165   108   143   141    27   137 
  113    74    73    78   140   156   102   163    40    18    71   172    15   156   167   104    12    73    41    93   175   109   139    30    58    73    83   179    69    53     4   180   148    41   148    84   127    55    44   115    97   122   149    56   151    24   173    22   178    62    41    52   114    92   140    45    85    45    74   103   179    72    93   123   150    24    73    25   106    75    13   127    61    45    70    52   137   137    55    25    83    42    19   156     4     8    88     8    28    96   146   150    54   119   165     5    68    40     8    60     6    84    63    57    95   179     4    41    63    29    87   167   117    96    96    63   105    28   134    50    48    93   102    82    66    94    80    29    78    30    78   132   122   177     4    45    26   159    67     9    87    68    75    24    82    16    75   115    37    15    76    34   168    19    91   144   137   119   170    17   110    29    61     3    27   106   124   137   156    32    69   168   166   116    52   155    55    21   150   143    58    68   150    19    91    24    38   154   177    89    36   100   116   166    12    62    67   176   104   109 
   61   101   156   151    87    20    74    33   113   160   107    22   134    85   100    50    58   156   151    36   101    46    67   124    34    22   172    88   115    16   144    36    14   170    58    51   140     9    84   133   112    55   142   144   157   109   142   135    81    61   107   134    41    89    82    65    49    59     8   125    73   168    86    67   131    51   159   104   104    13    50   136   174    38   115   103    69    69   154   142   100   131    69   103   101   172   146   135   123    45   110   164   144   149    33   163   159   122   169   100    33    58    20    46    49    18   108     1    26   180    97    85    13     7   143    17    73    86    87    42    28    14    59    13   150    42    93   164    70    77    75     7     2    77   157   142   123   142    68    60   122    59   132    16    83    28   114    90    90   140    71   113   107   110   132   136    27   106   162    27    93   107     9    38   134    56    82   159    31    49    39   162   172   163    36   112   142   119    99    42    80    38    38    28    34    84    94   135    94    39    14    13   134   112    65   159   123    10   100    79 
   89    36   153    91   159    81   128    38     3   127    45    43   149   106     7    52   133   169    43   123   149   104   147    74   133    12    87   117    67    52    39   104   110    75   171    51    88    47    80   102    86     8    28    38   175     7    49    57   147    70   169   118   102    52   124   161   158   160   179    53   107   136    16    40   102    37   118   101    79    90    59    96   118    59   143   145   115   138   178    62   131   132    68   166    81    75   122    48    98    49   164    35    93   176    28    16    86   127    68    57    32    72   148    12    26    78    98   136    19   138     5    47    38     1    48    85    56    46   172   134     8   170    67   126    19   148    97    48    86    84    24    44    40   109   129    36    44    84    93   154    18    65     7   178    51   110    24    14   165    50    46    39    91    29    10   163    76    25    27   157   128    68   158    23    35   160    85    52    36     1    84    15    18   148   160    25    75   145   114   131    88   168    89    72   114    89   174    23     8   166   142   110   137    28    62    38    43    77    63   149 
  123    67   160    96    80    10    95   100   118    58    17   166    92   149    99   167    88   180   128    76    35    95    32    39    61   171   176   160   174   108   143    55   135    65    96   115    43     5    18    60   140   155   148   163   123    35   108   156    70    42    63   174    78   137    13   170    33   114    23    63     9   118    11    37     8   172    81    16     9   119    39    54    95    88   159    81    59   147    34    58   151   140    40     4   144   149    14     5   119    31    30   147   153    99   126    12   125   150    73   134    47    97    36    89   127     4   137   115    49    69   162   108   120    16   178   169    82   132     5   143   112    63    63    32   102    58    60    45    58   163   157   107    33   179   111   177    71    94   130    95    30    64    58    43    61   156   104    62   146    97    40    58    93   155    62   157     8     3    22    22    87   153    72   174   160    68    60   113   115   119    41   119     6   146    53    19    80    62   178   140    16   159   131   166    67    30    63    15    94    57   135   116   166    94   112    26   178   146    58   175 
  141    67    64   115    55   135   163    99   172    57   149   130   141     6   117    47   127   125     4     2   125    51   121    50    12   169    91    43    24    17     1   173   113    55    16    41    56   127    48   175   117   106    51    38    89    87    14    86    99   139   155    44    54    13    62    24   126    32    32   155   120    89    46   157   168   154   117    11   176   102     2     2   142    26   152   106   179   141   127   144    28    75   151    51    90    72    47   171   106    80   131   128    34    27    13   147    30    14    21    27     3    91    93   129    83     6   109   165    45    86   154    12    48     7   157    36   167   114   164    25    35   133   139   109    65    89    73   148    75    36    61   129    52    53   169    56    94   169   162   146    10    58    76   174   143    98   107   123   110    70    96   170    41    37    72     9   102   161    36   125   118    77   121   112   171    31    80   147     1     1   111    40     9   110   147   127    17   142    58    11    25    84    61   133   106   129    27    65    35   117     7   116    65   123    84    61    53    15   123    94 
  102    34    59   129    92   179    59    98    42    47   143    43   164     3   118   162   173     7     7   115   178    84   161    32    29     7    68   155    11   115   166    12   142    46   108   135    52   171    51    82     9   133    35    44   124   147    22   156    85   119    58    96    19    62   127   155    19   158   131   115   157    98   160    98   136    40   151     7   147    70    16   126   171   101    71    85     9   151   117   137    46   163    55    88    29   115   101    66   159    78    87    91   130   161   115    44    34   169    90    10    57     5    59    26    12   141    20   134    28    46   149    68    82     1    19    19    32    45   147     7    85   135   122   141   158    20   106   107   156    88   133   147   107   138    80    72    10    49    65    44    10    93   131    38    22   114    99    12    80    46    60   154   108   111   136    56    34   156   155   114   166   163    66    87   124    56   100    34    74   167    59   124    98    68     1   166    79   136   157    60   151   117    29   177    12   158   164    55   167    31   123    87   152   157    13   110   141   142    87    45 
   36    59   130    28    26   179   159   149   173    32     4    22   146   103    74   132    20     1    51   167    12     3    46   151   149    50   105    99   122    98    50   168   177   157    66    30    67   169   121   146    51   102    77    72   141    79   120   171   143   152   126    40    59    48   146    28   128    84     6   125    63    72    94     2   166    43    36    94   122    78   162    89   170   142   143    37    90    20    58    67   126   121   115   112    25    87    58    25    51   146   143    64   156   172    37    94   157    70    14    74   158   153   122   119    13   130    98    19   134    18   158    59   130    70   180    59   172   154     3   105   103    54   144   135   179   124    78    51    79   173    54    75    13   179    29   120     5    96   171   121    47    97    42   140   119   169     5    45     9   163    67     5   111    19     9    14   105   152    32   118    98     6   156   170   145   174    84   107    42    80    44    18   136    99    36   162   157    50    68     8    48   119   130   174    67     8   136   146     2   162   180   163     5   155    91     6    48   159    53    56 
  106   173    87    58   119   166    11    51   137    52   164    99   180   173    99    35   173   161   111   121    84   177   120   138   133    80    74    75    59    52     9    34   116    80    50    11   127   117   122    29    56   133    93   122    65    99    99    53   134     3   122    32    44   141     9   101    37     3    64    62   151    15    41     6   155   103   105   146   136   161    21    91   102    29    48   113   169    28    41   102   108    18   169    71    79   179    43   120   138   167    10   145   119    69   156    77    27   126   142    45   144    23   142   112    55    59    16    24   160    94   158    38    43   131   143    19    98   158   148    87    74   122   175    50    52   144    39   148    18    20    62    72    75    27    62    57    25    79   162    35   178   112    28    99   129    46   112    60   125    77   153    31   121    12    93    63    12   133    30   172   173    97    38   148   137    63   130   175    32    31   170    35    28   134    21    18   131   171    26    10   180    66    96    21   147    39    27   168    24     3    17    16   155     1   135    86    91    16    12   168 
   40   121   141    85    91   174    10   159   114   114   175    34   149    26    72   160    81   117   169    75    92    92   136   128    24    47    68    60   105    27    56    38    97    44    26    99    79    38   150    10   117   123   171    13   125    48   116     8   179   136   145   159    24    21    20    14    51   129    15    80    56    95    48   101    23    20    82     5   160    36   179    82    32    58   174   151   174    83   110    91   170    78    17    49    92   160    65   140    61    94    76   167   141   147    51    24    73    82    62    97   157    12   135   168    47   134   110    30     6   149   123    26    20   131   180   117   149   137    28   121    68    61    59   179    32   165   100   143   118   144    49    49    41   123    71   164   106    28   132    56   105    15    31    73     6   179   100   136   148   168   135   149   177    28   170   146   110     1    64   163    18    96     4   111   103    74   115    80    32   159     2    92   102   127   112    79    46    43    75   123    84    64   120    45    19   175   127   166    14   143   108    20   104    80   101    76    38    87    97     3 
  127   120     1    26     2    50   159    37    71    64   101   109   140   116    74    86   134    16    94   144    13     2     2    98   180   120   155    61   122   144    26     5   103    42    10   139    31   107   117     3    81    32   155   141    68    88    28   136   172    93    30    98   126   180   136    76    50     2    71    33    21   172    57    70   142     7   101    52   167    39   164    25   124    64   121     4    69    77   128   175    84    14    78   116    30     5    19    33   117   107   164   137    13    26   127    22   125     2   119    88    16   146   119   139     1    41   128   131     2   153    99    56    70    72   113   172    30     7   132    78   163    80    61    56    24    44    89    58    31     3   110   178    34   108    81    22    22     6    89    34   162    33   120    36    98    30     9   141    46   111    98   174    55    27    84    23   110   149   118    80    61   149    56    60    50   173   145    35   112   130   118    47    18    91    99   159    35    60   173    97   119    43   140    68    87   162    66   111   121    96   125   152    22   124   115   121    34    75   161    78 
 0.00  0.28  0.38  0.37  0.35  0.23  0.31  0.24  0.30  0.37  0.31  0.22  0.23  0.28  0.24  0.28  0.30  0.30  0.28  0.24 
 0.28  0.00  0.30  0.28  0.34  0.20  0.30  0.36  0.37  0.30  0.28  0.35  0.23  0.39  0.39  0.28  0.23  0.36  0.33  0.21 
 0.38  0.30  0.00  0.39  0.30  0.22  0.23  0.24  0.27  0.24  0.29  0.22  0.28  0.39  0.32  0.34  0.34  0.29  0.24  0.35 
 0.37  0.28  0.39  0.00  0.21  0.23  0.28  0.36  0.25  0.24  0.37  0.31  0.38  0.33  0.32  0.27  0.30  0.34  0.24  0.25 
 0.35  0.34  0.30  0.21  0.00  0.38  0.39  0.32  0.31  0.22  0.29  0.21  0.27  0.31  0.27  0.25  0.35  0.21  0.23  0.27 
 0.23  0.20  0.22  0.23  0.38  0.00  0.23  0.25  0.32  0.21  0.23  0.33  0.22  0.28  0.35  0.36  0.32  0.39  0.24  0.36 
 0.31  0.30  0.23  0.28  0.39  0.23  0.00  0.27  0.32  0.33  0.20  0.37  0.34  0.28  0.34  0.35  0.24  0.21  0.28  0.36 
 0.24  0.36  0.24  0.36  0.32  0.25  0.27  0.00  0.33  0.26  0.20  0.20  0.21  0.25  0.35  0.23  0.32  0.28  0.38  0.29 
 0.30  0.37  0.27  0.25  0.31  0.32  0.32  0.33  0.00  0.39  0.34  0.27  0.24  0.37  0.37  0.39  0.30  0.40  0.33  0.22 
 0.37  0.30  0.24  0.24  0.22  0.21  0.33  0.26  0.39  0.00  0.27  0.24  0.29  0.33  0.30  0.28  0.31  0.38  0.35  0.36 
 0.31  0.28  0.29  0.37  0.29  0.23  0.20  0.20  0.34  0.27  0.00  0.27  0.35  0.22  0.24  0.21  0.23  0.39  0.26  0.21 
 0.22  0.35  0.22  0.31  0.21  0.33  0.37  0.20  0.27  0.24  0.27  0.00  0.32  0.32  0.36  0.31  0.39  0.39  0.25  0.22 
 0.23  0.23  0.28  0.38  0.27  0.22  0.34  0.21  0.24  0.29  0.35  0.32  0.00  0.28  0.32  0.25  0.27  0.33  0.33  0.34 
 0.28  0.39  0.39  0.33  0.31  0.28  0.28  0.25  0.37  0.33  0.22  0.32  0.28  0.00  0.31  0.29  0.31  0.34  0.32  0.29 
 0.24  0.39  0.32  0.32  0.27  0.35  0.34  0.35  0.37  0.30  0.24  0.36  0.32  0.31  0.00  0.35  0.28  0.32  0.21  0.30 
 0.28  0.28  0.34  0.27  0.25  0.36  0.35  0.23  0.39  0.28  0.21  0.31  0.25  0.29  0.35  0.00  0.33  0.32  0.29  0.35 
 0.30  0.23  0.34  0.30  0.35  0.32  0.24  0.32  0.30  0.31  0.23  0.39  0.27  0.31  0.28  0.33  0.00  0.34  0.28  0.38 
 0.30  0.36  0.29  0.34  0.21  0.39  0.21  0.28  0.40  0.38  0.39  0.39  0.33  0.34  0.32  0.32  0.34  0.00  0.24  0.25 
 0.28  0.33  0.24  0.24  0.23  0.24  0.28  0.38  0.33  0.35  0.26  0.25  0.33  0.32  0.21  0.29  0.28  0.24  0.00  0.34 
 0.24  0.21  0.35  0.25  0.27  0.36  0.36  0.29  0.22  0.36  0.21  0.22  0.34  0.29  0.30  0.35  0.38  0.25  0.34  0.00 
