70 12
15
18681
18982
19168
19833
20169
20172
19586
19050
19713
19125
18576
19813
19648
21125
20364
4.3 33.2 612.3 2.4
2.5 16 879.9 2.1
4.7 64 748.1 1.6
1.1 26.3 65.8 1.6
1.9 38.2 355 1.8
1.8 41.6 144.6 1.7
3.6 32.5 58.1 2.5
3 30.4 373.6 2.3
1 22.5 279.9 1.5
2.6 48.8 895.6 1.8
1.1 53.7 668.8 2.3
2.1 16.1 248.8 2.3
2.2 55.4 218.2 1.8
3 50.8 216.4 2.4
1 53.1 925.2 1.9
2.8 45.5 250.7 2
3.4 57.4 776.4 1.9
2.4 53.4 339.8 2.3
1.2 40.5 705.5 2.3
1.6 49.9 735 2.3
4.8 35.8 900.8 2.1
2.3 34 944.3 2.4
2.9 70.7 781.2 1.9
1.7 25.6 433.4 2
3.7 52.6 111.3 1.9
1.2 51.2 88.4 1.8
5 40.5 790.7 2.2
4.8 29.5 100 2.5
2.3 74.9 603.1 2.3
3.5 63.5 328.6 1.9
1.5 51.6 737.7 1.6
4.6 58.3 289.3 1.9
2.5 44.4 798.3 2.1
1.9 60.1 386.5 2.2
1.3 27.1 559.9 1.5
1.4 47.9 326.5 2.4
1.3 23.6 774.4 2
2.1 39.8 642.8 2.2
4.1 41.5 937.6 2.2
2 58.2 192.1 1.9
1.1 18.9 207.9 1.9
3.5 46.3 467.8 2.4
4.1 42.5 495.4 1.9
2.3 25.8 547.5 1.6
4.6 72.2 640.8 1.8
1.9 49.7 879.3 1.5
1.9 35.9 205.9 1.9
1.6 17 290.4 2.2
4.8 59.5 215.4 2.3
3.7 37.4 90.1 1.9
2.7 66.5 382.2 2.5
2.3 73.3 792.2 1.6
3 34.1 648.7 1.8
1.6 23.1 212.7 2.3
1.2 63.2 654.6 2.2
5 39.7 179.7 2.3
1.8 65.1 398.6 2.2
3.6 63.2 529.3 2
4.3 45.7 761.5 2.1
4.6 29.6 497.2 1.7
3.9 35.4 866.1 2.5
3.9 41.3 476.5 1.7
3.2 52.8 605 1.9
3.8 32.1 556.6 1.6
3.1 33.8 56.2 1.6
1.6 60.7 78.6 1.5
4.6 19.7 307.5 2.3
4.7 73.9 249 2
1.2 48 943 2.5
2.2 49.6 240.2 2.1
3.3 19.5 806.6 1.7
2.2 56.5 739.1 2.3
1.3 30.4 728.3 2.1
1.6 72.2 296.4 1.9
2.8 36.7 360 2.2
2.3 46.3 200.1 2.3
1.1 48.1 638.6 1.6
1.7 75 933.7 1.6
2.6 55.6 661.7 2.5
4.5 56.4 550.7 2.1
3.5 21.6 657.6 2.2
1.5 16.5 600 2.1
3.2 28.6 629.8 1.7
3.3 49.9 542.3 1.5
2.2 43.6 314.3 2.2
2.2 35.9 636.1 2.3
1.6 39.3 185.6 2.3
2.2 73.9 505.5 2.5
2.6 57.8 196.5 1.9
2.1 45.6 556.4 2.5
4.6 25.6 559 2.4
3.9 19.2 537.5 2.3
3.5 74 846.4 2.1
2.5 56.9 737.3 1.8
2.4 70.5 671.1 2.3
2.9 22.3 290.3 2.1
5 54 738.3 1.6
3.9 21.4 570.6 1.6
4.4 49.1 475 1.7
3.9 32.8 186.1 2.2
1.3 21.7 310.2 2
2.8 74.4 99.1 2.5
4.6 47 440.9 2.3
1.9 23.3 305.9 2.4
1.5 48.6 834.2 2.4
2.6 65.5 270.5 1.7
2 18.7 206.2 1.6
2.6 69.7 872.4 1.9
4.8 38.1 447.5 2.1
4.3 54 558.5 1.6
3 24.6 345.7 2.4
3.2 74.8 694.2 1.7
4.4 40.3 185.4 1.8
4.8 74 264.4 2.3
1.5 51.9 739.1 2
4.8 38 132.5 2.2
2.8 57 842.7 2.4
1.8 21 298.1 2.3
2.1 34.7 887.5 2.3
1.8 38.2 662.1 1.6
1.6 51.4 659 2
3.3 42 567 1.6
4.7 38.4 551.4 1.5
2.4 72.7 141.1 1.9
4.7 64.3 408.4 2.2
1.1 24.1 342.1 2.4
4.4 72.1 126.1 2.3
1.6 61.7 542 2.3
2.2 66.2 781.5 2
2.1 23.7 734 2.2
1.7 44.4 896.4 1.7
2.3 40.4 804.6 2.2
1.1 50.1 638.9 2.3
2.4 65.1 456.2 2
4.9 53.9 432.9 2.2
1.2 31.4 673.5 2.4
4.5 18.8 340.1 1.9
4.7 15.1 239.9 2.1
3.7 74.5 732.9 2.1
1.2 46.6 223.9 2
4.1 20.6 858.1 2.3
1.2 74.9 948.7 2.5
4.6 55.4 62.4 1.9
1.5 40.8 225.5 2.3
4.4 31.6 178.7 1.5
1.5 41.4 450.5 1.6
4.9 33.8 808.8 2.4
2.1 63.9 76.6 2
2 27.8 344.8 1.9
3 58.2 291.5 2.1
2.8 43.8 198.7 1.6
2.6 16.8 591.1 2.5
3.8 68 425.8 1.8
3.9 31.3 718.8 1.7
3.1 36.6 262.3 1.9
1.2 44.2 700.4 1.8
1.6 57.2 945.4 2.4
4.1 29.1 505.5 2
2.8 26.4 667.6 2
4.2 34.4 475.9 2.3
2.4 36.1 388.3 2.2
3.3 25.3 850 1.8
3.7 74.2 587.3 2.4
2 60.1 436.6 2.3
1.2 39.9 774.2 2.1
3.8 73.3 271.2 2
4.2 69.9 157.8 2.2
1.7 21.5 922.8 1.8
2.3 24.3 923.8 2.3
1.2 44.7 174.9 1.8
3 47.2 270.8 1.6
1.1 23.5 684.5 1.9
4 20.7 390.3 1.7
2.6 39.6 665.8 2.2
4.7 49.5 350.5 2.1
2.6 62.2 738.1 1.9
3.3 46.6 801.2 2.3
2.8 48.7 563.5 2
2.6 63.2 169.9 2.1
4.7 24.8 637.8 2
1.8 74.1 781.3 1.9
1.1 71.9 398.7 2.4
3.2 45 237.4 2.4
2.4 50.7 760.6 1.9
2.5 36.9 331.3 1.7
4 32.7 704 2.3
2.7 18.3 550.7 1.9
2.3 61.2 480 2.5
1.6 33.8 108.4 1.8
3.9 59.4 460.5 2.5
1.4 53.5 163 1.5
4.3 65.6 440.3 2.1
4.5 33.1 722.5 1.9
3.5 21.9 863.7 1.7
5 33.4 318.5 2
4.3 49.4 409.6 2.2
2.2 70.1 105 2.5
3.7 72 189.2 1.7
1.2 29.8 761 1.5
4.2 62.7 581.9 2.2
1.1 57.6 655.2 2.1
2 70.2 698.5 2
2.3 36.4 99.5 1.6
2 47 668.3 1.8
2.1 25.6 279.9 1.7
4.7 18.9 124.7 1.9
4.4 64.7 794.7 2.3
3 67.2 138.9 1.7
3.8 72.9 783.3 2.2
3.1 51.6 419.7 1.9
3.6 19.4 241.1 1.9
2.2 25.1 793.9 1.8
4.8 62.6 512.4 2.4
1.1 54.7 681 2.3
4.3 67 99.8 1.5
2.8 56.9 576.5 1.7
3.8 64.1 639.4 2.3
3.4 62.2 826.6 2.4
1.4 37.3 438.3 2.1
1.7 41.2 191.3 2.4
2.7 61.2 896.6 2.2
2.5 70.2 464.9 1.8
3.3 23.3 125.5 2.1
4 73.6 250.7 1.8
4.8 60.7 814.3 2.3
3.8 63.5 736.3 2.2
2.1 15.6 412.2 2.2
1.6 20.8 878.6 1.5
3.5 26.9 406.3 1.9
1.1 36.7 855.4 2.4
3.3 17.9 549.1 2.3
2.1 15.9 170.5 1.8
4.7 34.2 135.7 1.9
1.5 39.1 239.2 2.1
4.1 54.5 594.9 1.8
1.7 60.5 491.4 1.6
3.3 45.4 488.4 1.8
2.6 70 172.6 2.1
1.1 23 68.2 2.1
2.3 28.9 773.2 2
2.6 22.7 213.2 2.4
4.1 68.7 428 1.6
4.3 34.8 389.1 1.9
3.3 53.3 686.2 2.2
2.1 68.1 331.9 2.2
2.8 34.7 755.5 2.1
2.1 24.1 603.2 1.5
3.9 57.7 177.5 1.7
3.6 25.2 625.4 2
1.7 55.4 68.6 1.5
2.5 23.7 253.4 1.9
1.8 32.6 342.9 2.1
2.2 34.8 374.7 2.3
1.3 21.3 646.9 1.7
3.1 71.9 923.1 1.5
3.1 53.4 607.2 2
3.9 32.2 581.4 2.4
1.3 35.1 602.7 1.6
2.1 59.1 284.9 1.7
3.2 32.3 919.7 2.5
2.5 50.7 184.3 1.9
2.7 46.7 123 2.4
2.6 66 109 1.7
4.9 46.1 858.3 2.1
3.1 28.6 522.3 2.4
4.9 64.5 178.9 1.5
5 74.4 272.9 2.3
4.2 72.6 245.6 2.2
1 17.6 187.7 2.2
1.9 61.1 285.1 2.1
2.7 25.8 311.8 1.7
1.1 69.2 186.8 1.5
3.7 38.4 858.7 2.3
4.6 23.6 742.3 2.3
4.2 63.3 92.5 1.8
4.8 47 688.7 2.2
2.2 15.8 445.9 1.6
2.4 34.4 614.2 1.8
3.1 28.3 818.8 2
3.2 49.3 118.2 1.5
3.6 16.7 697.2 1.5
2.1 35.5 579.4 2.4
3.5 51.6 613.7 2.3
3.9 63.8 98.8 2.4
2.6 74.9 237.7 2.4
2.6 27.7 851.6 1.9
3.1 43.7 416.4 2
4.9 28.5 894.2 1.7
4.4 53.3 374.6 1.6
1.3 35 380.8 2.3
4.5 22.5 696.4 1.7
1 26.5 906.2 2.5
2.9 15.3 148.1 2.4
3 61.7 169.5 2.5
1.4 62.8 857.7 2.1
2.2 29.5 205.9 2.2
5 35.4 198.8 1.6
3.8 54.8 684.8 1.9
4.7 36.8 764.4 1.6
4.6 28.6 308.9 1.5
1.3 41.4 89.4 2.1
1.7 72.7 911.2 1.8
4.7 49.6 335.5 1.8
1.7 56.5 199.3 2.3
2.9 32.1 575.9 1.6
3 56.9 588.2 1.7
2.8 72.7 715.3 2
1.9 39.1 146.8 2.2
4.6 45.8 577.9 2.1
2 55.9 245.3 1.7
2.1 67.9 229.8 1.6
1.6 32.1 834 1.9
3.2 48.2 751.6 1.9
1.2 44.2 87.3 1.6
3.4 62.8 462.9 2.4
4.6 57.6 471.9 2.3
3.5 38.8 149.1 1.8
1.7 70.1 138.5 2
4.1 71.2 130.2 1.6
3.6 56.1 290.2 1.9
3.7 47.5 100.9 1.9
2.2 33.5 296 1.8
2.5 71.1 146 1.6
4.4 72.9 945.8 2.4
1.2 34.7 657.6 2.3
3.6 22.6 738.5 1.7
1.3 50.5 117.5 2.4
1.6 15.3 614.1 2.3
4.1 33.5 208.7 2
2.7 72.5 202.2 1.7
3.7 59.2 444.6 1.5
2.2 64.5 889.8 2
3.7 37.6 340.6 2.2
1 69 471.1 1.8
3.9 44.9 528.1 1.8
4.5 50 663.3 2.1
3.2 48.9 812.3 2.4
1.7 24.8 274.1 1.9
3 38.4 949.3 2.1
1.5 51.5 514 2.2
3.5 63.8 228.2 2.2
3.4 21.2 664.1 1.7
3.8 20.5 690.1 1.8
1.9 40.1 499.1 2
3.9 44.1 51.7 2.4
1.1 52.2 820.5 2.4
3.6 44.1 677.1 1.7
2.2 67.8 496.3 2.1
4.9 54 926.8 1.6
3.3 63.5 948.1 2.3
1.7 69.7 287.8 1.8
2.9 21.5 83.4 2.4
1.3 59.7 551.1 1.9
1.4 36.4 464.7 1.9
4 33.4 886.3 1.9
4.6 17.9 325.7 2.1
2.7 65.4 625.3 1.5
1.7 47.6 295.3 2.4
2.9 38.9 507.2 1.9
2.9 44.3 869.8 1.8
3.9 21.4 341.4 2.1
3.3 40.2 253.3 2.1
3.9 41.6 851.9 1.7
4.7 32.7 890.9 2
2.8 41.3 663.5 2.1
4.7 42.4 83.7 2
1.8 54.5 693.6 1.7
1 31.9 812.8 2.1
1.3 20.8 348.2 1.6
3.1 28.6 69.3 1.9
1.8 43.6 154.6 1.9
2 72.2 331.9 1.6
2.9 35.6 879.8 1.9
4.2 58.2 594.2 2.2
4.1 29.5 162.5 1.6
4.4 57.6 306.1 2
1.4 64.8 780.3 2.4
1.5 46 89.6 2.1
2.4 61.5 877.8 2.2
4 54 409.6 1.9
3.4 68.6 760.8 2.3
3 33.8 709.3 2
4.6 37.4 864.2 1.7
2.7 24 718.7 1.7
4.5 54.2 321.1 2
3.1 44.8 793.7 1.7
4.9 66.1 767.7 2.4
1.5 73.5 352.6 2.1
4.6 15.4 119.6 2.3
4 31.9 235.9 2.2
2.1 56 738.3 2.4
1.8 42.9 363.1 1.5
4.2 73.5 256.4 2.2
2.2 27.4 379.2 2.2
1.5 71.1 295.9 2.2
3.2 51.8 97.4 1.7
4.4 64.7 510.2 2.4
3.8 46.2 209.1 2.4
1 43.2 376.9 1.6
3.1 45.6 381.5 1.7
1.3 67.5 846.3 1.9
4.9 28 584 1.8
3.3 67.7 181 2.1
2.5 31.5 919.7 2
4.6 50.3 563.9 2.3
1.1 17.4 233.4 2.3
3.4 55.8 421.8 1.9
3.4 55.4 372.4 2.3
1.9 25.1 58.5 2.5
3.2 35.4 571 1.6
4.7 40.2 814.7 2
2.4 41.4 734.6 1.6
3.1 31.6 166.2 1.6
3.5 53.5 450.9 2
3.5 56.3 823.9 1.9
4.6 38.3 214.1 2.4
4.4 40.1 881.7 1.8
1.7 15 863.7 1.6
3.7 46.6 167 2.1
1.4 43.1 410.7 1.7
1.2 64.5 834.9 1.7
4.1 64.8 500.6 1.7
3.9 66 664.3 2.4
2.2 42 318.3 1.9
1.4 41.5 267.1 1.6
4.1 37.3 321.1 2.3
4.8 38.4 913.1 2
1.1 38.2 891.9 2.5
1.3 56.6 819.1 2.4
1.6 67.5 746.1 2.2
2 32.1 233.2 2.4
4.6 43 798.3 2.1
4.9 57.9 531.9 1.6
1.7 41 167 2.3
2 33.7 91.7 2.1
4.8 18.4 272.4 1.9
2.4 64.6 800.2 1.8
2.1 66 707.3 1.8
3 51.8 502 2.5
1.6 58.7 833.1 1.6
3.9 60.4 823.4 1.5
3.4 70.5 558.2 1.6
3.5 48.4 453 2.4
2.8 38.5 923 2.2
1.8 33.7 373.9 2.1
4.4 51.1 446 1.7
1.3 60.5 715.5 2.2
3.4 50.4 835.5 2.5
1.4 50.6 773.3 1.9
2.9 33.4 677.3 1.9
2.7 46.2 582.8 2.5
5 39.5 601.1 2.4
4.5 20.9 773.1 1.9
4.5 72.7 306.4 1.9
1.8 27.2 284.4 1.8
1.2 42.1 928.7 1.9
3.9 15.2 606.4 1.9
4.7 53.6 732 1.9
4.6 54.9 789.2 1.9
3.2 30.2 67.1 2.4
1.7 64.9 241.7 2.5
1.4 38.2 897.5 1.6
3.8 55.9 250.9 2.2
3.5 34.7 795.9 1.6
1.8 29.4 86.9 2
4.2 17 199.1 2.1
4.3 66.3 759 2.2
2.2 41.3 544.6 1.9
1.9 61.9 573.3 2.2
3.1 28.4 436.7 1.7
2.9 28.8 85.4 1.8
2 33.6 675.9 2.5
4.2 53.3 912.5 1.7
1.3 39.2 471 1.6
4.5 41.8 234.3 1.9
2.2 50.6 57.5 2.1
3.4 72.5 142.8 2.3
2.8 49.7 670.8 2.1
3.5 62.6 208.6 2.3
1.6 50.8 358 1.8
4.8 72.1 524.6 1.6
4 51 595.7 2.2
3.2 24.7 769.7 2.4
2.1 63.7 283.6 1.8
1.6 55.8 134.1 2.5
3.1 60.7 261.1 1.6
1.7 23 148.3 1.9
5 43.2 497.1 1.8
2.5 71 293.4 1.6
4.6 44.3 535.7 1.6
1.1 49.6 85.8 2
2.3 31.7 632.5 2.1
3.2 33.8 562.7 2
3.2 47.4 517.7 1.7
2.4 69.3 819.1 1.6
2.2 48.1 143 1.5
2.4 55.2 307.5 1.9
1.3 16.6 796.5 2
2 26.3 267 1.7
2.8 58.3 184.3 1.8
3.2 43.9 563.9 1.7
4.9 31.9 347.5 1.7
3.8 16.1 504.3 1.6
4.5 36.6 841.1 2
4.4 51.3 794.5 1.7
4.2 47.6 559.2 1.5
1.7 55.8 907.5 2
1.9 55.5 380.1 2
2.6 68.2 243.1 2.3
2 70.5 305.4 2.1
1.9 44.6 119.1 1.6
2.6 24.2 746.8 1.6
2.9 59.9 275.9 2
3.7 39.8 160.9 2.1
1.9 20.9 758 2
1.2 70.3 378.6 2.2
1.9 21.3 751.3 1.6
2 61.3 141.8 2.2
3.8 16.8 222.4 1.9
3.4 39.5 459 1.8
2.8 50.8 244 1.7
1.1 32.9 227.7 1.9
3.2 44.5 174.6 2
4.1 26.8 491.1 1.5
1.2 62.7 283.9 1.8
3 28.1 67.6 2.2
3.6 47.1 209.9 2
3.2 26.7 270.8 2.2
4.8 30 943.4 1.8
2.1 40.8 534 2.1
4.3 47.6 714.8 2.1
2.2 58.9 919.1 1.7
3.1 55.6 229 2
2.3 19.7 822.8 2.5
1.2 71.5 121.9 1.6
2.7 31.9 846.6 2.3
4 43.5 218.7 1.8
1.2 39.8 694.1 2.5
1.9 24.8 227.2 2.4
3.4 32.3 934.8 2.1
2.2 18.3 856.1 1.9
2 67.8 947.8 1.7
2.5 70.8 873.2 1.7
2.6 18 722.2 1.6
3.8 60.8 238.2 2.1
4.2 26.2 343.6 1.5
2.8 40.5 898.7 2.5
3.4 71.8 104.3 2.1
3.7 42.3 657.6 1.8
1.6 35.1 636.2 2
3.5 57.5 833.7 1.8
2.2 46.7 133.4 2.3
1.4 45.8 773 1.6
4.2 71.2 478 1.6
4.7 68.3 323.9 1.7
4.1 30.2 266.2 1.9
3.7 74.2 840.6 1.8
3.2 69.6 901 2.2
4.4 25.1 132.8 2.4
3 18.6 668.7 2.2
4.5 48.7 755.3 2.3
4.8 69.2 131.4 2.1
2.7 32 811 2.5
3.6 45.4 180.6 2.4
2.2 73.4 767.5 2
2.1 58.7 182.9 2.1
2.8 65.5 756 2.2
3.3 35.1 309.3 1.9
3.6 73.1 375.6 1.9
3.4 29.3 630.2 1.9
1.3 23.9 444.6 2
3.9 68.8 458.6 2
1.8 63.3 127.4 1.6
1.7 20.2 114.1 2
2.5 30.3 833.6 1.9
1.5 72 162 2.4
1.1 72.7 516.1 1.7
4.6 73.5 456.6 1.5
4.2 45.1 549.8 2
4.9 59.7 265.8 1.6
3.3 68.6 490.9 1.9
4.3 61.6 251.9 1.6
1.2 40.8 773.3 2.4
1.4 51.5 79.7 1.8
4.2 22.9 950 2.1
2.7 26.1 83.1 2
3.7 18.2 299.5 2.2
4.3 38.5 263.4 1.6
4.2 29.1 159.6 2.5
1.4 75 116.2 1.7
3.2 55.2 166.1 2.1
1.7 29.5 172.2 1.6
2.6 42.1 422.3 2.2
2.5 64.5 651.5 1.6
4.4 66.3 172.8 1.6
1 28.6 62.4 1.9
4.3 19.4 692 1.6
2.4 57.5 308 2
2.8 64.4 751 1.9
2.2 52.6 550.3 1.7
1.7 39.1 377.1 1.8
1.9 58.3 480.4 1.5
4.4 18 290.8 1.5
3.1 49.2 136 2.3
4.2 33.9 833.1 1.9
2.1 57.2 107.2 1.5
3.8 73.2 279.3 2.2
3.3 53.9 920.4 2
1.5 41.6 322.4 2.2
2.2 31.8 937.6 2.3
1.1 45.4 421.3 2.1
3.8 47.4 272 2
2.6 30.1 856.2 2
1.5 62.1 406.2 1.9
1.5 24.8 248.6 1.6
2.4 52.4 313 1.7
2 73.3 817.7 2.1
3.7 63.6 467.1 1.9
3.7 33.7 246.3 1.7
1.5 36.6 218.5 2
3.4 66.8 724.7 1.6
3.5 72.7 933.7 2.5
3.3 42.3 419.1 1.9
3.6 52.4 532.8 2.4
1.4 63.8 753.2 2.3
2.5 65.9 142 1.9
2.1 55.5 323.8 2.5
5 40.5 676.4 1.7
1.1 62.3 97.8 2.2
2.2 58.9 58.6 2.4
2.5 53.2 320.3 2.2
1.2 22.3 89.6 2.3
4.1 19.9 772.7 1.6
2.7 26 92 1.7
3 57.2 909 1.5
4 69.9 151.6 2.5
3.5 41.4 589.5 1.9
2.1 25.7 937.3 1.6
2.8 70.7 205.2 2.3
3.4 22.5 612.5 1.8
2.4 41 716.8 1.9
1.5 40.3 468.2 2.3
3.8 22.1 624.2 2.3
4.3 36.9 605.8 2.3
3.3 72.9 742.7 2.4
1.9 47 653.8 2.1
3.2 32.7 538 1.7
2 62.6 227.8 1.9
2.5 22.8 331.4 1.7
2.7 30.6 925.5 2.1
2.1 66.3 633.9 2.4
2.6 55.1 271.9 2.4
1.9 59.5 374.9 2.3
4.4 28 201.9 1.6
2.3 37.9 815.8 2.2
3.8 33.2 884.8 2.3
1.7 54.9 946.2 1.7
2.8 27.4 102.7 1.9
4.6 58.5 714.7 1.6
2.2 37.5 215.9 2
3.9 30.1 72.7 1.9
4.8 71.5 173.2 1.7
3 48.2 872.3 2.2
3 56.5 202.4 1.6
1.7 32.1 455.2 2.5
4 66.3 445 1.9
3.6 59.8 810.5 1.8
4.4 70.7 170.4 2.4
2.1 28.4 65.4 2.1
1.2 34.6 98.1 2.4
4 24.4 477.9 2.3
1.2 18.7 377.7 2
2.9 36.6 694.9 1.6
1.1 70.1 857.2 1.7
2.2 74.7 451.6 1.7
1.7 23.3 587.3 1.6
1.2 45.8 803 1.6
4 58.5 539.7 2.3
3.3 42.3 639.4 2.1
3.5 39.4 744.5 2
2 41.1 537.4 2.2
3.2 26.7 302.9 2.5
4.4 18.7 474.9 1.9
2.1 29.8 595.6 1.8
4.6 57.5 682.1 2
1.3 39.8 631.2 1.8
4 49.8 527.1 1.7
3 44.9 119.6 1.9
3.9 32.6 742.1 2.5
2 61.6 408.1 1.7
3.6 69.3 565.2 1.9
1.9 71.9 432.1 2.4
2.4 25.4 735.7 1.9
3.7 28.6 119.3 2
3.9 70.4 617 2.4
2.9 22.8 710.4 1.5
2.3 62.6 167.1 2.2
2 43.9 164.3 2.4
1.4 70.2 289.6 2.4
4.5 20.9 97.3 1.8
1.1 43.2 798.7 1.8
5 44.4 858.5 2.1
4 39.2 560.2 1.7
3.9 35.4 325.6 2.4
2.7 33.4 111 2.2
2.8 22.6 573 2.1
2.5 64 396.3 1.8
1.5 32 618.5 2
2.4 19.2 208.2 2.1
1.2 67.8 133.5 1.8
4.7 63.7 498.1 2.1
1.1 69.1 359.8 2.2
4.5 73 429.8 2.3
3.4 16.6 275.9 2.4
3.1 42.1 932.8 1.6
2.2 24.3 533 2.2
3.5 54.9 745.8 2.3
2.7 24 942.6 2.1
2.5 23.5 860.3 2.4
3.5 26.1 106.7 2.1
1.9 33.7 848.8 1.5
2.6 49.2 552.3 2.3
2.1 26.6 315.9 2
4 58.1 933.2 1.7
1.2 37 914.4 2.3
2.2 17.1 903.2 1.6
1.6 60.8 570.6 1.7
3.7 62.1 699.8 1.7
1.3 26.2 668.4 2.3
2.2 57.5 455.7 1.7
1.5 64.9 309.7 1.6
2.8 16.2 121.1 1.6
2.6 29.3 924.1 2.2
4.2 45.8 538.8 2.1
4.1 45.4 486.6 1.8
2 17.5 829.7 1.6
2.6 26.7 122.4 1.9
2.2 42.2 712.8 2.2
2.8 57.2 556.6 2
2.5 69.2 516.6 2.4
4.3 32.7 472 2.2
2.5 63.7 407.4 2.5
1.4 27.8 421 1.8
3.7 24.5 330.8 1.8
1.2 69.3 745.5 2.5
2.7 52.5 836.3 2.2
3.2 26.9 855.6 1.6
2.2 74.7 519.3 2.1
4.5 32.5 241 2.3
1.4 44 430.5 2.2
3.3 38.4 86.9 2
2.4 69.2 565 2
4.5 24.4 949.3 1.5
4.8 54.6 370.2 1.8
2.1 59 446.4 2
2.8 15.6 317.3 1.7
3.4 39.4 677.7 1.7
3.1 44 260.9 1.7
2.7 58.4 777.2 2.3
4.2 73.9 107.2 1.6
1.9 25.7 503.8 2.5
3.4 50.9 768.5 1.9
2.8 74.5 247.9 1.5
1.4 20.3 543.7 2.4
1.1 32.5 174.8 2.5
3.8 71.1 628.5 1.7
3.3 65.4 154.6 1.6
4.8 44.4 731.7 2.3
1.3 27.2 924.3 2.2
2.6 22.4 755.7 2.2
1.9 33.8 177.5 1.9
4.2 60.5 214.6 1.9
1.6 15.9 315.5 2.2
2.6 40 77.3 2.4
2.7 56 483.5 2.3
4.4 50 414.3 2.4
3.4 66.7 485.6 1.7
2.9 15.1 709.3 2.2
2.9 29.8 597 1.5
3.5 68.8 685.7 2.4
1.1 52.4 534.7 2.3
4.1 64.8 266.2 1.7
4.7 41.2 740.8 1.5
3 35.2 837.3 1.7
3.3 56.5 580.7 1.6
4.7 62.5 421.8 1.8
4.5 21.8 370.4 2
1.1 50.5 582.4 2.1
2.2 15.3 455.8 1.6
1.3 69.9 787.3 1.9
4.9 30 769.1 1.8
3.8 64.7 585.6 2.3
2.9 32.8 161.5 1.7
1.8 66.2 167 1.5
4.5 39.1 901.4 2.4
2.7 74.2 636.6 2
1.2 58.2 739.9 2.3
1.3 37.9 105.9 1.8
2.7 62.6 645.3 1.8
1.7 30.3 402 2.4
2.7 29.6 224.9 1.6
3.8 27.2 891.6 1.8
3.5 17.7 778.6 2.5
2.5 20.7 65.6 1.6
2.4 60.3 888.7 2.3
4.3 72.6 200.7 1.6
3.5 16.5 916.4 2.1
2.7 43.2 134.7 2.2
1.6 63.4 886.3 2.3
3.2 28.2 902.4 1.7
3 59.3 304.1 2.4
4.1 54.3 820.2 1.8
3.1 49.1 248 1.8
2.1 40 474.8 1.6
1.5 69.5 361 2.2
2.2 35.7 606 1.7
4.2 35.4 115.3 2.3
4.8 74.2 607.6 1.7
4 65.2 632.7 1.5
2 70.4 927.9 2.1
1.5 50.3 745.6 1.8
3.8 17.4 183.5 1.5
2.5 20.1 777.5 2
3.9 74.5 89.4 1.8
2.6 15.2 525.1 1.8
3.6 46.1 361 2.3
2 48 424 2.2
3.1 43.3 898 1.5
3.1 71.6 720.1 1.9
2.9 64.9 73.5 1.6
4 51.3 255 1.7
3.7 46.8 483.6 1.6
1.6 41.4 643.2 1.8
2 68.8 830.6 2
2.8 25.6 685.4 2.4
2 49.9 731.2 1.6
2.6 69.2 870.6 2
3.6 57.1 89.8 2.1
1.1 38.4 302.3 2.2
4.5 25.4 377.6 1.8
1.1 67.3 367.9 2.1
1.2 60.1 298.6 2
4.6 32.9 580.8 2.1
1.1 38.4 893.5 2
4.3 74.1 938.3 1.6
1.1 65.1 475.1 1.6
2.4 29.3 356.4 1.8
2.7 55.3 416.4 1.7
3.3 38.5 237 1.7
1.1 54.3 574 1.6
4.9 36.5 368.6 2.5
1.8 16.5 505.9 1.9
4.2 27 590.8 1.7
3 16.7 347.1 2
2.5 53.3 243.2 2
2.9 41.5 948.5 2
4.1 74 866 2.3
4.8 47.9 472.1 2
1.8 69.4 846.4 2
4.3 73.8 830.2 1.8
1.8 67.9 601 2.3
1.1 47.5 284.1 2.4
3.4 59.4 175.8 1.8
2.4 62.9 872.2 2.3
3.3 72 530.8 1.8
1.9 69.8 798.4 1.8
4.8 29.9 670.7 2.5
4.3 33.8 793 1.7
1.5 38.7 270.1 2.5
1.4 53.5 868.4 1.7
2.3 28.4 640.4 1.6
3.8 66.7 106.9 2.3
1.8 40.7 611.3 1.8
3.5 42.7 773.7 1.6
2 44.8 829.2 1.7
2.1 47.7 272.8 1.6
3 47.5 734.9 1.7
1.8 72.8 822 2.5
2 23.6 882.8 1.7
4.1 67.2 274.1 2.4
1.7 62.6 797 1.6
3.4 37.3 158.4 2.5
4 21.2 334.2 2
4.8 60.9 50.1 1.7
2.5 37.7 882.5 2.2
2.6 61.7 580.2 2
2.4 28 476.3 1.5
4.4 57.2 522.5 1.9
3.6 34 685.3 2.1
3.7 44.3 99.7 1.6
2.2 42.2 301.4 2.2
1.6 63.6 883.5 2.1
4.6 47.1 404.1 2.4
4.5 42.4 533 2.3
4.1 60.6 191.7 1.8
3.9 67 447.3 2.1
3.9 29.1 895.5 2.5
4 29.2 839.8 2.1
3.8 15.4 440.9 2.2
3.5 41 316.3 2.4
2.3 44.7 520.5 2.4
4.7 29.2 855.8 2.5
1.2 24.5 330.2 1.9
2.6 44.3 148.5 2.4
2.7 62.4 196.4 1.8
1.9 24.2 928.4 2.2
1 44.3 503.7 2.2
5 62.5 807.1 2.2
3.8 16 883.3 2
2.3 64.2 447.5 1.8
3.9 58 420.5 2.2
2.2 57.5 405 1.6
4.1 26.8 839.2 2.2
3.5 51.1 765.9 2.1
4.9 64.8 358.6 2.4
1.6 20.5 154.6 2.1
2.8 33.2 396.8 1.5
2.5 29.3 94 1.9
3.8 58.1 917.8 2.2
2 72.5 866.6 2.3
2 65.8 659.2 1.5
4.3 16.8 720.5 2
1.8 25.4 765.9 2
2.2 47.4 384.3 2.4
2.3 21.7 754.7 2.3
4.3 64.7 888.5 2.1
4.4 60.6 786.1 1.6
2.4 62.1 520.5 2.3
2.9 32.3 945.4 2
2.4 57.4 790.9 1.6
4.8 30.3 417.4 1.8
4.6 59 468.1 2.4
2.6 59.7 413.2 2.2
1.3 56.7 140.4 1.8
4.3 23.5 223.6 2
1.5 21.5 596.7 2.2
4.4 58.7 912.5 1.6
4.7 40.6 493.2 2
1.5 67.9 113.5 2.1
1.9 74.2 172.8 1.5
2.9 39.3 726 2.4
4 36.3 937.1 2.1
3.8 29.2 477.3 2
4.1 28 602 2.4
2.3 51.5 465.2 1.7
4 74.7 172.3 2.1
3.9 39.7 412.7 1.7
4.1 45.2 712.5 2.5
3.8 41.6 435.4 2.2
3.8 56.4 199.3 2.1
4.4 64.8 103 2.1
4.8 34.8 666.6 2.3
1.8 22.6 647.8 2
4.6 43.5 679.3 2.4
1.7 62.1 197.5 2.5
2.1 55.7 266 1.9
2.4 34.1 491.9 2
2.5 24.3 820.9 2.2
3.7 64.6 617.2 2.2
1.5 53.2 91.3 1.9
1.9 39.9 916 1.7
1.6 21.6 377 2.4
4.9 27.6 370.9 2
1.5 45.3 142.4 2.1
3.4 66.7 639 1.5
4.5 41.7 525 1.7
2.6 74.4 254.9 1.6
2.6 46.6 385.5 2
1.9 38 545.6 1.6
3.6 69.5 630.1 1.7
4.5 43.4 493.7 2.1
4.9 37.2 428.4 2.1
4.5 67.7 760.8 1.5
1.7 32.8 746 2.3
4.6 74 144.8 1.8
4.8 46.4 305.6 1.7
3.1 33.4 223.9 2.1
4.6 29.8 428.2 1.7
3.8 40.4 881.4 2.2
1.7 49.7 642 2.4
4.8 19.6 533.2 1.5
2 30.3 719.6 2.3
3.9 44.1 299.7 2.4
1.6 41.3 226.2 2.3
1.2 72.7 55.1 2.2
2.6 68.2 420.7 2.1
3 39.5 149.9 1.8
1.1 42.3 835.5 1.8
3.5 55.6 508.6 1.7
1.9 74.6 947.4 1.8
1.7 43.6 273.7 1.6
3.8 15.4 299.9 2.1
4.7 16.9 277.4 1.6
5 57 603.6 2.3
2.9 19.1 313.9 1.8
4.3 21.5 791.9 2.1
3.1 55.4 121 1.6
4.8 33.6 686.4 2.3
4.3 49.3 749.1 1.9
2.7 30.5 908.9 2
2.5 60.9 444.9 2.5
1.6 38.2 926.5 2.2
3.4 59.6 920.4 2.2
3.5 72.4 442.2 1.8
3.4 54.4 476.4 2.3
1.3 23.7 763.2 1.9
2.5 72.4 295.6 1.7
1.6 71.8 215.3 1.8
4.2 71.6 755.4 2.4
4 37.6 717.9 1.7
2.7 24.9 505.9 2
1.4 33.5 256.1 1.6
3.6 26.6 594.7 2.2
2.3 49 661.7 2.4
2.8 26.4 908.9 2.2
3.5 62.8 404.7 2
3.5 54.7 381.9 2.3
1.4 42.3 779.7 1.7
1.2 51.6 382.9 1.6
3.7 66.1 160 2
3.3 57.3 155.8 2.3
1.2 49.4 261.7 2.5
3.1 65.8 711.5 2
3.6 67.9 546.8 1.7
4.5 73.6 601.3 2.5
2.2 23.9 302.4 2.4
2.3 44.7 674.3 1.7
2.7 73.7 475.8 1.7
4.4 60.7 901.8 2.2
2.1 69 553.3 2.3
2.8 25.5 595.6 2.4
4.3 71.2 524.7 2.2
4.5 43.9 360.3 1.9
3.5 51.2 196.8 1.9
2.8 34.7 95.2 2.2
3.9 33.4 618.1 2.3
3.2 39.8 871.2 2.4
2.6 52.6 727.6 1.6
1.8 60.9 783.5 1.9
2.9 34.3 331.6 2.5
1.3 47 572.5 2.3
3.3 47.2 357.1 2.5
1.9 57.3 554.2 2.3
3.3 20.4 297.4 2.1
5 47.7 238 1.9
3.7 37.3 777.7 1.6
3.5 64.3 483.7 2.4
1.4 60.6 389.7 1.9
3.2 64.6 365.7 1.8
4 58.7 168.2 2.4
0.2 0.4 0.4 0.4 0.4 0.3 0.3 0.2 0.4 0.2 0.3 0.3 0.3 0.3 0.2 0.4 0.3 0.2 0.2 0.2 0.2 0.3 0.3 0.3 0.3 0.3 0.2 0.4 0.3 0.3 0.3 0.2 0.4 0.2 0.2 0.4 0.3 0.4 0.4 0.3 0.2 0.3 0.2 0.3 0.3 0.3 0.2 0.4 0.2 0.4 0.2 0.4 0.3 0.2 0.3 0.3 0.3 0.3 0.4 0.3 0.2 0.3 0.3 0.3 0.2 0.3 0.4 0.2 0.4 0.4 0.3 0.3 0.3 0.4 0.3 0.3 0.4 0.4 0.2 0.2 0.4 0.2 0.3 0.4 0.2 0.4 0.3 0.3 0.2 0.2 0.3 0.2 0.4 0.3 0.4 0.3 0.3 0.2 0.3 0.4 0.2 0.3 0.3 0.4 0.2 0.3 0.4 0.3 0.2 0.4 0.3 0.4 0.3 0.2 0.2 0.3 0.2 0.3 0.4 0.4 0.3 0.3 0.3 0.3 0.3 0.4 0.2 0.2 0.3 0.3 0.3 0.4 0.3 0.4 0.3 0.2 0.2 0.2 0.3 0.3 0.3 0.2 0.3 0.2 0.4 0.3 0.3 0.4 0.4 0.3 0.3 0.4 0.2 0.2 0.3 0.2 0.3 0.4 0.2 0.4 0.4 0.2 0.3 0.2 0.3 0.3 0.3 0.4 0.3 0.4 0.3 0.4 0.3 0.2 0.2 0.2 0.4 0.3 0.2 0.3 0.2 0.3 0.3 0.4 0.4 0.2 0.3 0.4 0.2 0.2 0.2 0.3 0.2 0.3 0.4 0.4 0.2 0.2 0.4 0.4 0.3 0.2 0.2 0.3 0.3 0.3 0.4 0.4 0.2 0.3 0.4 0.4 0.3 0.3 0.3 0.2 0.2 0.3 0.4 0.3 0.3 0.2 0.3 0.4 0.2 0.3 0.2 0.2 0.2 0.3 0.3 0.4 0.3 0.3 0.3 0.3 0.3 0.3 0.3 0.3 0.2 0.3 0.3 0.2 0.3 0.3 0.3 0.4 0.3 0.3 0.2 0.2 0.2 0.3 0.2 0.2 0.4 0.3 0.4 0.2 0.2 0.3 0.3 0.2 0.3 0.3 0.3 0.2 0.3 0.2 0.3 0.3 0.3 0.3 0.2 0.2 0.2 0.2 0.2 0.4 0.3 0.3 0.2 0.3 0.4 0.3 0.3 0.3 0.2 0.3 0.4 0.3 0.2 0.3 0.4 0.3 0.3 0.2 0.2 0.2 0.4 0.4 0.4 0.3 0.3 0.3 0.2 0.2 0.3 0.3 0.3 0.2 0.4 0.3 0.3 0.3 0.2 0.3 0.4 0.3 0.4 0.3 0.4 0.2 0.2 0.2 0.4 0.4 0.4 0.3 0.2 0.4 0.4 0.4 0.3 0.3 0.2 0.2 0.3 0.2 0.4 0.4 0.3 0.3 0.3 0.4 0.4 0.3 0.3 0.2 0.3 0.2 0.4 0.3 0.3 0.3 0.3 0.3 0.3 0.3 0.3 0.2 0.2 0.2 0.4 0.3 0.3 0.3 0.2 0.4 0.4 0.2 0.3 0.3 0.2 0.4 0.3 0.3 0.3 0.4 0.3 0.2 0.4 0.4 0.3 0.2 0.4 0.2 0.4 0.2 0.3 0.3 0.2 0.4 0.2 0.4 0.2 0.4 0.3 0.2 0.3 0.3 0.2 0.3 0.4 0.4 0.3 0.4 0.3 0.3 0.4 0.3 0.3 0.3 0.4 0.2 0.3 0.4 0.4 0.3 0.4 0.3 0.3 0.3 0.3 0.2 0.3 0.2 0.2 0.2 0.3 0.3 0.3 0.2 0.3 0.3 0.3 0.3 0.3 0.4 0.3 0.3 0.4 0.3 0.2 0.4 0.2 0.3 0.3 0.2 0.3 0.4 0.4 0.3 0.3 0.3 0.4 0.3 0.3 0.3 0.2 0.3 0.4 0.4 0.4 0.4 0.2 0.3 0.3 0.3 0.3 0.2 0.3 0.3 0.4 0.2 0.2 0.4 0.3 0.3 0.2 0.3 0.2 0.3 0.3 0.2 0.3 0.2 0.2 0.2 0.3 0.3 0.3 0.2 0.3 0.3 0.3 0.2 0.3 0.4 0.4 0.3 0.3 0.3 0.4 0.2 0.3 0.3 0.3 0.2 0.3 0.2 0.2 0.3 0.3 0.3 0.2 0.3 0.3 0.4 0.3 0.3 0.3 0.4 0.3 0.4 0.3 0.3 0.2 0.3 0.3 0.3 0.3 0.2 0.4 0.2 0.3 0.4 0.3 0.4 0.3 0.3 0.3 0.3 0.3 0.2 0.2 0.4 0.2 0.3 0.2 0.2 0.4 0.2 0.3 0.3 0.4 0.2 0.3 0.4 0.2 0.4 0.3 0.3 0.2 0.4 0.3 0.3 0.2 0.3 0.2 0.3 0.2 0.4 0.4 0.4 0.4 0.3 0.3 0.2 0.2 0.3 0.3 0.3 0.3 0.4 0.4 0.3 0.4 0.3 0.3 0.3 0.3 0.3 0.3 0.3 0.3 0.3 0.3 0.4 0.4 0.3 0.3 0.3 0.3 0.3 0.2 0.3 0.2 0.4 0.4 0.4 0.3 0.2 0.4 0.4 0.3 0.3 0.2 0.2 0.3 0.2 0.2 0.4 0.2 0.3 0.4 0.4 0.3 0.4 0.3 0.3 0.2 0.4 0.2 0.2 0.2 0.3 0.3 0.2 0.3 0.2 0.3 0.3 0.4 0.4 0.4 0.3 0.3 0.3 0.3 0.3 0.2 0.2 0.2 0.2 0.2 0.3 0.2 0.2 0.2 0.3 0.2 0.3 0.3 0.3 0.3 0.3 0.2 0.3 0.3 0.4 0.4 0.4 0.3 0.4 0.4 0.3 0.4 0.3 0.2 0.4 0.2 0.4 0.2 0.3 0.3 0.3 0.2 0.4 0.3 0.3 0.3 0.2 0.4 0.4 0.4 0.3 0.3 0.3 0.3 0.2 0.2 0.2 0.3 0.2 0.3 0.2 0.3 0.2 0.2 0.2 0.4 0.4 0.2 0.3 0.3 0.4 0.2 0.3 0.2 0.4 0.4 0.3 0.3 0.3 0.3 0.3 0.3 0.4 0.3 0.3 0.2 0.3 0.3 0.3 0.2 0.2 0.3 0.3 0.4 0.3 0.4 0.2 0.2 0.3 0.3 0.2 0.3 0.3 0.3 0.3 0.2 0.4 0.4 0.3 0.3 0.2 0.2 0.2 0.3 0.3 0.2 0.2 0.3 0.4 0.4 0.3 0.3 0.3 0.3 0.4 0.4 0.3 0.3 0.2 0.4 0.2 0.4 0.3 0.4 0.4 0.3 0.3 0.3 0.4 0.3 0.3 0.3 0.2 0.2 0.3 0.3 0.2 0.4 0.4 0.2 0.4 0.2 0.4 0.2 0.2 0.3 0.3 0.4 0.2 0.3 0.2 0.2 0.4 0.2 0.2 0.3 0.4 0.3 0.2 0.2 0.3 0.3 0.3 0.4 0.3 0.4 0.4 0.4 0.3 0.2 0.4 0.3 0.4 0.2 0.3 0.3 0.2 0.3 0.3 0.4 0.2 0.4 0.2 0.3 0.2 0.4 0.2 0.2 0.3 0.3 0.2 0.3 0.2 0.2 0.3 0.4 0.2 0.2 0.2 0.3 0.2 0.3 0.4 0.2 0.2 0.3 0.3 0.3 0.3 0.4 0.3 0.3 0.4 0.4 0.3 0.3 0.4 0.3 0.3 0.4 0.3 0.4 0.4 0.3 0.3 0.4 0.3 0.2 0.3 0.3 0.3 0.3 0.3 0.2 0.3 0.4 0.4 0.2 0.3 0.4 0.2 0.2 0.2 0.2 0.2 0.4 0.3 0.3 0.4 0.3 0.3 0.3 0.3 0.3 0.2 0.3 0.3 0.2 0.3 0.3 0.2 0.4 0.4 0.3 0.3 0.3 0.4 0.3 0.4 0.3 0.3 0.4 0.3 0.4 0.3 0.4 0.4 0.3 0.3 0.3 0.4 0.4 0.3 0.4 0.3 0.4 0.3 0.2 0.3 0.2 0.3 0.3 0.4 0.3 0.2 0.3 0.3 0.4 0.4 0.3 0.3 0.3 0.4 0.3 0.2 0.4 0.2 0.2 0.4 0.4 0.2 0.2 0.3 0.3 0.2 0.4 0.3 0.4 0.4 0.3 0.2 0.3 0.2 0.3 0.3 0.2 0.4 0.2 0.2 0.4 0.3 0.3 0.3 0.4 0.2 0.3 0.3 0.3 0.4 0.3 0.3 0.2 0.3 0.2 0.4 0.3 0.4 0.3 0.4 0.3 0.3 0.2 0.4 0.3 0.3 0.3 0.3 0.3 0.2 0.4 0.4 0.4 0.2 0.3 0.2 0.4 0.3 0.2 0.3 0.2 0.3 0.2 0.3 0.2 0.3 0.4 0.4 0.3 0.4 0.3 0.4 0.3 0.3 0.4 0.2 0.2 0.3 0.4 0.2 0.4 0.3 0.2 0.3
25 57 19 55 168 68 65 137 137 83 39 95 50 144 16 43 76 159 129 72 165 24 134 141 63 103 85 137 71 54 149 145 72 148 158 15 93 74 91 64 18 36 127 77 146 155 7 12 149 11 111 99 112 146 170 120 62 107 177 112 87 87 76 85 105 108 75 4 48 47 51 72 44 137 21 128 120 80 123 70 82 25 93 16 58 2 57 54 68 113 139 20 80 98 41 4 63 73 162 18 165 139 116 69 80 113 120 104 88 60 63 178 58 11 7 23 158 97 167 133 83 94 13 15 48 163 124 122 143 60 18 131 170 67 156 120 132 151 137 112 87 111 95 149 79 179 30 135 94 72 167 38 172 112 54 160 70 116 13 32 4 115 57 99 179 77 44 95 71 180 174 75 179 162 99 93 77 2 70 70 159 174 38 18 74 161 132 84 154 76 169 134 46 159 47 34 70 12 113 100 11 148 85 174 77 37 41 123 22 159 113 91 65 124 30 67 120 49 106 99 141 167 37 40 48 94 87 173 15 107 117 50 94 94 75 114 1 137 156 57 75 116 114 67 167 21 163 93 97 108 89 140 38 113 82 28 113 92 39 133 116 20 77 168 47 154 162 85 9 63 105 12 167 113 155 176 47 162 19 164 168 177 43 96 28 174 177 74 141 6 52 21 50 150 12 116 71 22 97 175 90 46 79 104 72 8 73 73 44 130 118 148 59 81 110 50 78 171 131 49 70 113 114 131 37 111 117 139 122 143 29 75 28 16 4 63 64 163 133 136 140 103 31 142 76 106 70 164 99 25 166 163 107 74 48 145 90 21 17 95 146 6 68 15 22 113 69 22 58 111 107 21 143 23 97 76 11 51 90 50 127 38 167 8 112 21 153 162 115 122 24 65 97 60 13 178 163 69 55 135 27 180 147 131 66 93 86 100 147 179 172 111 70 96 39 110 97 128 120 156 131 80 174 123 16 127 127 104 141 28 125 118 59 10 24 100 69 112 2 126 81 141 90 66 22 146 119 116 24 66 161 57 141 153 60 168 175 13 20 127 58 79 68 176 11 168 52 112 73 90 142 28 9 99 154 101 68 8 30 24 139 52 83 144 96 96 59 136 19 29 106 163 91 15 28 117 145 12 22 107 4 21 84 2 90 100 145 168 21 160 102 74 22 40 28 36 170 110 4 16 5 28 61 54 112 80 122 98 174 97 178 160 112 144 5 3 26 57 152 101 27 28 89 168 169 63 35 85 156 57 59 61 89 108 9 98 169 169 146 175 170 63 155 153 158 107 70 177 117 122 67 4 175 50 72 55 164 160 78 75 31 138 33 13 128 40 79 139 47 14 30 152 55 131 42 91 107 166 166 108 48 72 51 98 101 27 155 41 131 31 22 108 63 145 97 139 80 141 34 85 103 165 112 141 63 89 169 25 6 151 150 52 81 66 74 53 73 141 136 8 169 133 83 133 157 168 30 180 167 38 179 96 77 164 167 150 32 132 61 19 58 45 123 37 177 86 113 111 152 37 65 140 135 152 76 135 30 59 36 177 55 23 73 3 19 43 177 86 29 84 35 78 143 23 16 180 27 149 80 109 109 72 118 20 135 94 86 79 51 26 68 157 11 117 150 143 158 169 14 11 119 122 6 105 123 157 87 105 15 37 122 114 33 31 1 122 148 11 55 170 145 135 66 29 143 23 19 154 72 112 62 140 19 70 1 99 132 150 112 39 17 51 144 108 68 74 118 23 120 80 94 123 78 63 41 88 103 14 13 133 133 121 105 139 31 40 89 173 62 143 117 109 149 27 49 69 121 99 170 9 34 11 75 109 9 120 151 18 86 61 126 12 111 177 42 91 176 113 86 90 180 10 20 112 25 138 96 17 116 28 94 158 175 179 91 134 137 180 138 84 168 122 137 113 42 146 168 54 68 100 116 30 20 18 133 141 2 9 10 55 54 39 128 44 59 159 90 133 170 6 170 93 151 125 12 135 122 47 162 90 104 86 141 88 68 69 106 83 96 17 134 100 17 160 30 8 142 174 123 76 170 147 158 130 22 19 86 67 119 97 23 116 180 62 83 22 147 131 42 109 171 145 10 41 26 107 125 93 129 25 76 2 52 130 134 8 172 108 5 1 111 17 114 144 7 48 38 101 16 78 152 129 119 178 48 33 116 142 35 172 22 120 2 144 18 93 11 175 170 20 92 71 137 128 134 59 124 103 22 122 127 55 109 65 158 139 51 6 159 1 19 161 59 52 17 105 166 17 134 66 161 72 62 96 125 141 149 146 147 153 62 26 92 9 96 71 137 159 69 89 144 63 122 144 57 52 55 134 113 111 31 23 144 114 92 180 100 168 166 148 129 88 114 154 6 92 30 48 144 126
101 103 15 49 124 60 30 127 17 163 123 147 49 12 5 17 57 149 24 162 57 101 79 123 115 143 42 14 180 51 103 133 180 55 73 137 72 80 162 55 150 176 55 159 130 86 143 91 127 116 131 98 110 90 71 38 35 180 145 149 34 127 77 176 177 30 118 25 62 36 154 51 135 170 61 60 42 40 62 47 128 51 73 170 6 97 16 13 36 174 92 165 1 38 42 107 45 76 121 24 167 176 66 60 67 176 22 135 82 62 42 121 64 115 48 58 20 49 58 121 147 55 141 64 15 82 147 86 75 53 150 95 155 150 96 168 59 25 62 41 100 10 85 70 135 70 86 172 79 169 167 119 7 109 141 115 39 46 7 137 55 17 145 23 98 14 133 47 23 7 133 91 21 6 48 84 71 9 178 118 160 59 111 38 148 28 14 145 22 102 124 140 48 88 162 102 48 74 147 59 11 165 143 95 154 59 117 133 68 49 99 153 65 102 180 35 57 169 59 7 63 116 133 128 164 48 149 35 140 125 62 78 11 14 163 41 75 158 104 148 107 161 78 101 121 145 106 131 79 25 2 116 1 147 22 24 48 53 105 78 78 148 123 165 133 80 65 152 67 114 176 46 155 147 39 3 5 85 167 89 56 44 111 118 113 66 157 89 133 100 15 166 44 54 43 166 140 75 101 102 114 115 154 71 42 169 149 164 170 83 59 1 113 130 134 129 19 96 95 143 113 119 169 24 34 125 41 64 157 78 5 48 133 153 20 140 10 22 46 55 11 94 160 171 157 135 120 43 151 37 100 91 16 37 145 95 131 178 13 128 12 176 117 14 159 97 26 169 79 132 32 95 116 154 74 16 145 116 44 1 131 143 137 79 32 94 71 53 26 5 61 23 180 161 82 178 164 133 41 157 73 149 33 47 47 113 119 96 39 131 168 27 89 121 108 58 162 173 81 41 114 68 39 134 124 9 46 1 116 14 40 2 32 141 168 127 93 83 6 76 136 105 111 172 65 86 153 12 9 74 117 89 57 132 27 21 150 59 93 90 15 129 146 53 27 5 19 10 130 147 114 40 51 177 18 63 151 83 166 1 21 52 57 11 106 32 110 105 59 36 154 140 141 85 156 53 8 76 151 88 67 83 111 174 172 150 44 80 87 73 81 149 40 90 85 161 74 51 69 46 95 155 153 83 4 133 159 145 111 141 153 18 83 89 19 44 4 71 147 35 98 39 88 146 57 178 103 134 139 147 66 91 31 97 41 102 107 73 155 169 98 42 105 70 67 140 172 84 169 91 96 174 114 60 15 92 38 123 156 108 173 55 4 1 26 162 177 1 11 14 57 122 58 9 166 34 34 91 54 165 103 114 112 59 146 53 93 100 21 80 67 143 82 146 103 106 76 108 62 177 147 116 68 85 48 164 51 173 69 132 132 143 143 123 93 50 111 75 96 161 23 116 66 151 119 95 154 139 22 76 176 99 16 176 62 57 32 45 125 33 91 43 34 145 141 6 50 102 94 3 52 36 149 105 128 27 65 79 137 94 174 145 82 104 160 38 123 105 42 25 123 113 72 130 136 141 16 174 32 18 147 114 17 55 126 23 154 137 81 24 109 1 160 171 12 3 167 131 80 67 135 137 150 52 109 95 68 1 152 172 34 3 35 171 42 157 147 100 146 138 149 48 20 52 29 164 174 47 83 143 92 70 70 41 41 63 173 114 38 79 28 64 63 162 67 147 92 134 173 30 37 19 86 34 12 68 168 83 86 13 110 75 137 126 136 113 88 13 44 149 173 96 98 55 165 51 92 169 149 116 166 118 106 7 82 3 150 4 105 110 94 60 44 154 117 75 143 101 54 158 8 88 28 104 99 124 15 35 41 65 144 161 135 119 64 150 86 39 45 178 154 27 85 31 55 142 135 33 96 112 144 113 107 173 77 49 146 106 136 100 113 79 163 124 10 168 55 144 61 52 78 80 163 169 153 96 29 75 130 155 95 84 41 127 92 40 149 107 106 91 155 145 24 50 56 122 12 4 172 165 114 75 150 35 122 61 57 72 97 56 135 164 4 56 164 79 124 13 7 129 79 111 140 117 109 83 60 60 7 110 99 153 146 120 44 125 14 120 40 138 153 27 25 88 63 19 146 110 2 163 61 56 38 174 140 172 134 112 5 158 149 119 14 95 122 84 35 143 151 119 38 117 56 165 122 109 50 161 129 64 153 45 39 57 92 117 91 15 154 161 60 49 170 74 43 143 76 74 152 61 3 48 56 89 111 88 153 109 58 50 28 56 75 20 116 138 64 101 13 107 137 95 155 157 53 43 57 151 65 73 153 157 128 140 68 34 6 52 27 61 65 50 34 40 170 44 163 103 84 159
19 38 155 4 45 73 112 1 70 102 46 5 177 29 158 23 59 25 123 65 156 97 149 82 31 33 178 31 53 172 16 139 117 80 29 179 93 86 48 155 73 82 32 3 3 144 168 93 110 164 146 33 46 68 108 97 16 179 156 5 116 120 76 88 160 148 179 161 83 143 3 159 80 71 36 1 155 108 155 154 148 138 47 171 164 158 40 138 59 168 91 83 51 60 171 76 177 48 86 63 85 50 78 46 66 95 92 132 11 127 139 22 23 74 174 47 77 155 158 93 120 113 148 62 122 86 102 57 110 73 98 50 37 163 101 4 65 17 153 42 30 41 156 102 99 116 170 105 118 111 100 172 1 87 81 94 134 60 99 4 71 14 39 38 8 144 45 87 153 101 85 60 148 119 126 17 101 56 105 106 133 117 115 131 176 10 29 30 169 66 61 18 99 114 48 100 56 91 6 74 153 147 11 146 65 163 81 48 35 104 47 46 126 72 78 150 60 32 8 100 19 16 69 71 94 132 62 9 63 150 96 118 94 130 86 14 48 150 39 60 137 173 132 155 13 162 162 151 155 26 27 24 19 72 146 82 68 121 51 108 93 141 160 141 23 170 4 30 86 46 56 43 151 127 115 161 103 124 174 76 58 2 2 24 140 14 119 133 59 105 2 2 150 172 175 40 164 170 117 160 2 14 46 171 168 72 86 48 105 73 166 28 104 107 97 145 69 114 101 145 137 21 155 23 157 93 79 50 45 125 82 171 76 104 83 76 149 12 32 172 69 119 110 33 43 134 48 11 68 42 91 136 14 164 156 178 26 36 89 178 54 41 75 5 8 90 27 103 72 155 1 10 164 48 73 91 59 146 38 159 114 125 56 25 177 35 113 11 92 30 175 111 5 112 143 151 166 147 11 170 132 160 126 70 144 160 21 49 115 49 57 120 128 74 25 144 53 160 179 1 114 68 157 63 46 70 58 148 109 20 100 58 25 12 169 85 73 74 95 31 110 106 49 52 90 41 71 44 154 123 108 65 126 89 5 46 131 175 149 5 43 174 20 70 168 169 52 137 82 49 155 3 26 92 148 40 17 99 88 21 43 115 15 14 121 156 42 4 177 87 138 105 16 16 53 105 69 28 56 148 15 148 114 153 10 12 59 115 20 12 89 133 159 70 136 100 161 171 149 56 176 86 145 126 158 90 12 144 56 76 88 138 124 110 11 108 22 68 26 133 48 162 34 13 119 116 163 131 34 28 127 96 157 131 55 110 114 119 172 117 65 76 10 171 127 165 136 159 62 27 43 53 118 51 3 26 163 91 27 64 43 167 22 9 117 107 127 86 29 65 112 133 63 22 158 15 27 118 64 1 167 177 79 31 20 74 1 56 124 169 33 86 26 57 69 74 168 26 123 11 145 113 111 125 109 107 59 35 44 1 108 124 100 144 93 76 51 73 12 161 87 89 72 25 3 120 90 164 134 178 104 91 145 70 35 6 99 56 63 34 126 158 139 168 151 131 37 46 86 29 131 157 135 170 40 175 52 151 87 9 86 163 79 84 42 88 26 61 62 108 155 141 155 114 36 175 45 142 80 43 50 91 99 141 3 22 155 134 106 82 77 8 119 152 33 103 180 86 42 43 52 31 113 128 150 62 78 76 42 124 39 80 163 5 32 163 66 47 129 52 71 143 101 44 16 62 83 159 51 106 84 2 140 110 179 122 115 159 132 113 92 145 116 170 180 21 135 136 142 144 55 143 27 104 134 162 28 105 101 39 134 174 130 13 63 46 130 11 138 62 169 45 119 12 48 93 139 66 111 62 62 1 81 104 44 29 14 47 89 128 150 127 68 33 158 104 74 135 141 140 15 78 135 1 67 65 166 100 142 16 148 70 89 59 65 157 174 40 7 174 9 84 16 14 28 101 63 45 156 136 105 165 64 20 2 70 11 152 44 37 20 44 103 137 171 14 122 52 43 34 17 87 134 180 1 27 130 97 111 121 173 137 64 137 28 65 140 19 93 141 29 153 153 174 88 145 62 19 2 164 73 43 99 38 73 100 125 82 140 93 46 84 1 174 74 49 162 173 34 130 176 82 89 44 69 88 147 41 74 152 163 74 9 139 135 159 151 125 97 152 25 179 135 44 39 35 112 46 177 83 20 74 33 15 1 90 77 114 43 68 51 61 126 33 162 169 79 63 158 39 177 139 153 60 85 175 14 144 164 145 132 77 97 44 2 55 65 162 168 141 173 26 52 161 73 159 80 54 136 1 157 142 98 167 79 50 110 39 94 56 130 55 102 50 168 73 32 93 84 92 92 80 51 51 52 76 60 103 56 47 102 172 106 104 163 113 70 25 164 74 175 50 46 57 23 126 76 154 63 118
179 10 25 146 148 17 180 117 56 32 21 134 17 21 60 106 6 21 46 100 66 53 27 80 8 133 124 87 27 172 48 64 85 5 43 47 115 168 26 87 55 38 52 57 152 120 69 120 67 49 59 78 7 123 21 157 38 121 142 152 126 21 171 85 81 172 74 171 12 163 53 130 135 78 179 49 137 40 147 73 74 113 62 25 41 71 79 74 103 82 170 139 149 93 53 2 60 90 14 73 163 64 172 2 36 20 166 40 91 142 127 14 82 112 66 142 53 111 70 39 172 13 136 17 31 73 4 178 142 167 28 134 70 60 64 81 60 42 57 129 53 128 111 113 101 150 125 90 167 174 72 13 53 113 115 15 40 35 145 179 115 20 175 148 15 78 7 51 18 64 54 111 23 42 156 31 52 35 107 59 46 52 152 113 168 83 154 33 105 165 128 154 60 65 128 33 97 40 36 162 89 174 103 81 180 78 172 24 39 158 76 105 106 178 80 115 2 100 156 108 150 7 12 82 145 55 175 94 59 150 107 148 157 16 124 123 112 174 164 20 32 27 1 94 156 4 29 75 105 165 107 166 149 101 98 158 149 106 78 109 57 140 42 25 74 59 57 159 87 69 16 45 109 149 64 97 121 112 106 133 133 9 78 59 54 160 114 4 10 123 102 39 107 52 92 80 50 102 170 40 34 116 93 3 112 171 60 138 66 4 130 165 135 59 120 115 150 134 74 6 28 116 179 62 34 87 147 102 144 11 27 12 148 118 74 68 93 50 170 128 52 86 44 117 130 29 15 28 66 161 147 81 69 89 151 17 76 46 49 4 84 100 151 148 20 156 180 93 85 150 124 64 134 171 150 70 7 44 110 177 89 10 169 178 10 106 130 82 5 150 117 163 130 26 76 29 126 89 175 141 29 133 169 168 46 32 68 135 142 166 69 124 13 101 135 45 178 44 174 75 109 1 145 80 3 180 110 148 86 132 121 67 101 96 40 4 113 37 35 9 83 90 99 139 60 21 132 5 104 60 16 120 63 123 70 1 94 83 92 95 84 180 153 116 124 55 89 162 39 171 2 65 80 173 57 55 108 14 84 31 107 137 68 29 163 2 123 92 71 115 159 32 140 135 177 41 98 52 126 176 180 86 8 95 67 92 46 124 16 122 98 48 85 66 177 35 178 9 120 149 52 177 92 26 140 107 178 180 87 35 108 7 132 171 65 88 3 114 47 52 100 41 100 58 160 22 105 29 83 69 92 22 75 82 22 107 98 178 109 110 112 2 78 166 96 118 137 130 166 107 108 145 37 122 177 108 112 43 38 24 69 2 155 154 43 177 179 4 30 56 95 55 4 126 15 153 106 38 39 144 112 77 43 21 57 137 84 65 165 104 140 89 91 16 33 26 67 1 92 21 120 89 76 56 95 48 65 51 135 63 44 125 106 84 105 162 134 133 161 171 34 112 97 136 11 76 49 47 156 159 146 45 13 70 131 40 125 109 82 33 93 81 43 106 2 143 54 147 180 69 36 86 90 28 28 145 82 60 3 86 24 102 2 163 139 70 172 178 47 97 81 107 112 112 15 152 101 71 143 138 96 124 138 120 134 150 78 87 124 159 61 44 101 89 97 18 174 97 41 170 112 102 165 56 180 78 8 128 158 99 166 80 145 49 71 151 54 153 124 71 132 64 98 86 52 112 84 157 82 119 158 67 163 3 108 79 39 79 109 13 25 6 40 109 12 50 157 24 4 87 23 72 77 95 162 4 97 84 91 21 109 36 10 146 136 154 86 46 174 103 139 118 24 164 99 166 71 90 176 166 74 34 135 2 22 28 15 16 20 74 66 161 129 158 169 70 110 164 67 154 157 167 14 148 105 95 177 16 163 119 62 104 13 31 172 143 176 170 60 164 14 9 147 180 168 6 64 129 165 39 106 52 109 99 89 47 97 32 88 161 168 150 123 28 29 124 101 40 39 91 94 73 116 164 169 89 59 180 13 89 26 53 178 43 89 117 124 43 146 22 50 8 85 62 131 21 2 77 164 7 50 88 115 164 153 24 82 85 98 73 166 22 5 151 123 20 151 106 103 67 23 9 159 160 31 13 103 41 130 67 64 180 79 80 32 70 92 107 101 99 75 144 164 55 82 24 37 107 44 15 176 24 118 1 157 112 79 15 173 31 113 160 21 110 157 107 50 129 180 39 17 110 10 137 162 75 18 123 153 125 178 178 143 10 124 75 78 140 85 30 119 36 65 39 36 171 46 56 179 82 142 76 63 66 109 34 163 37 87 10 142 38 100 136 96 68 104 137 23 51 55 38 146 60 126 66 155 59 62 154 152 10 144 34 16 72 129 34 35 153 132 93 109 52 121 29 83 39 121 133
48 85 29 22 21 51 134 24 98 141 90 161 156 105 107 69 97 70 162 92 163 69 167 135 119 9 140 72 38 113 75 162 10 135 40 66 98 161 163 74 145 74 116 121 68 59 9 98 74 131 28 153 11 47 39 86 37 54 110 146 131 88 103 60 160 73 92 122 174 119 59 42 178 121 13 144 4 166 126 48 117 104 143 79 160 111 114 136 64 78 152 23 166 177 27 79 4 152 112 48 116 39 80 27 145 94 10 5 165 1 16 121 97 81 153 122 87 167 142 143 160 154 103 177 115 80 85 157 156 177 151 166 25 132 112 3 118 106 167 168 3 161 166 61 159 88 16 126 149 137 98 15 69 94 7 119 50 13 47 163 147 33 109 170 158 155 160 104 14 133 176 137 15 52 25 88 140 79 18 30 80 124 31 74 108 11 2 130 111 156 52 40 109 20 33 94 80 102 17 167 60 56 180 43 62 111 31 14 137 45 40 136 132 34 12 110 137 172 145 170 96 140 50 122 88 150 14 94 152 64 43 48 84 125 124 175 115 124 168 155 92 76 63 177 40 146 51 92 166 158 71 180 138 161 73 31 24 148 151 82 128 133 175 79 168 65 140 14 172 31 17 49 6 149 83 18 114 127 99 130 82 136 169 139 28 135 42 50 73 92 82 67 153 48 83 158 169 119 136 105 176 47 176 165 107 45 167 171 160 143 97 167 81 105 155 137 157 116 144 111 105 74 89 44 96 163 158 134 2 156 95 32 150 19 9 73 101 137 94 107 119 7 160 26 25 8 104 153 10 101 53 93 40 55 103 49 26 118 80 56 13 79 53 126 128 16 95 149 165 145 161 39 124 125 94 94 146 174 58 138 123 55 53 155 114 57 18 29 132 135 88 18 32 73 143 70 127 125 94 169 69 56 81 93 162 60 6 142 155 21 12 143 98 27 81 54 168 2 32 50 89 101 113 96 77 17 6 101 21 153 84 91 109 104 82 105 116 50 56 98 1 130 150 9 69 8 118 70 32 71 92 154 88 50 14 32 167 97 23 18 169 6 18 38 54 172 72 175 153 65 79 167 166 102 121 53 64 68 180 23 89 7 140 124 84 88 93 16 149 157 163 57 19 171 151 101 21 79 176 159 126 127 144 123 29 119 104 130 137 87 120 33 10 108 132 61 142 48 155 95 42 114 146 179 172 64 79 41 93 100 94 79 97 83 75 3 21 4 95 149 151 157 58 106 105 57 117 42 97 68 116 147 74 47 59 142 147 49 90 105 157 99 150 173 50 74 6 96 52 92 13 156 140 47 149 35 9 151 49 109 178 55 4 118 164 76 176 153 106 37 23 72 25 109 179 143 130 68 42 97 165 45 67 35 66 127 172 54 64 112 6 168 61 59 95 164 58 80 150 159 25 87 19 12 177 107 76 50 167 92 32 103 89 180 71 75 95 97 139 149 110 121 71 12 179 33 52 39 6 55 126 72 43 173 107 109 3 145 52 169 63 42 153 97 180 147 17 106 70 8 17 11 173 155 153 128 26 154 41 34 108 4 66 44 119 6 23 12 27 150 143 32 131 138 142 48 120 173 115 155 114 88 113 150 30 80 158 95 140 64 169 160 161 88 98 98 177 80 174 13 73 12 93 52 161 1 140 104 68 111 81 32 40 134 95 107 13 43 60 63 60 89 54 22 5 31 75 151 143 136 87 151 37 131 91 132 24 166 126 116 31 26 19 161 151 126 135 103 115 45 158 16 154 130 147 125 149 179 127 93 151 115 158 82 110 117 166 138 66 31 103 102 161 105 40 88 82 88 46 113 9 39 136 118 103 169 96 130 44 37 4 125 159 37 127 133 18 160 67 45 153 97 22 72 17 40 120 123 89 156 92 21 110 74 1 147 104 94 16 101 85 158 99 19 164 40 56 41 8 115 61 42 73 41 18 143 162 141 179 114 92 151 54 42 179 5 40 27 10 133 87 66 19 12 129 102 64 171 86 4 132 100 20 36 148 82 177 13 120 119 172 157 25 10 95 169 176 113 178 82 71 111 55 6 178 47 1 10 44 101 119 106 116 34 49 70 152 47 115 4 65 56 111 178 134 89 156 5 99 98 123 111 40 53 143 55 58 122 59 105 60 167 173 127 1 40 101 15 67 177 32 91 73 16 130 102 48 161 88 126 80 106 80 98 146 8 152 10 96 162 179 88 103 75 156 44 103 158 172 147 97 31 37 142 147 73 60 154 130 81 69 33 24 12 100 139 82 65 8 53 118 169 127 169 40 167 142 65 120 14 106 173 49 178 51 43 80 3 135 127 125 173 159 1 148 86 87 178 112 85 74 172 67 26 155 42 121 174 62 37 117 148 12 144 159 2 67 24 149 131
155 93 62 15 85 49 178 101 81 152 48 84 39 154 15 41 24 91 131 82 47 64 165 31 119 20 4 108 65 92 52 89 13 123 139 42 70 6 115 103 95 116 17 51 22 38 45 27 17 180 114 90 64 24 30 125 49 64 11 99 121 8 75 152 134 50 3 86 129 160 46 119 175 28 13 105 175 62 168 70 112 125 2 66 97 143 105 119 18 107 9 91 14 126 47 156 4 180 27 168 3 42 64 121 41 175 2 97 96 14 76 127 124 83 26 72 86 71 13 149 71 102 23 127 131 61 17 31 155 65 121 146 165 81 115 121 155 49 144 4 37 130 26 120 133 27 81 26 91 122 100 33 151 156 164 85 22 26 55 84 112 169 33 135 77 39 148 162 152 16 49 58 53 23 43 54 118 99 147 177 29 64 149 111 180 146 30 151 125 103 156 167 178 41 127 49 135 132 151 113 69 2 102 174 88 111 63 77 153 160 71 168 37 70 139 108 45 134 25 51 42 136 64 27 180 78 179 73 140 59 52 19 142 35 50 153 35 105 77 129 84 138 73 1 118 160 32 11 151 146 85 13 152 140 1 150 142 95 44 22 120 135 85 31 86 151 134 106 112 80 41 100 25 129 165 126 111 9 39 56 169 37 155 32 162 75 53 36 65 120 12 76 51 24 50 105 14 160 120 179 34 70 3 173 64 44 165 124 26 58 180 153 163 154 174 98 3 4 64 144 128 11 112 71 17 17 44 96 15 26 58 54 173 25 180 70 104 60 168 147 21 12 101 116 115 97 71 176 124 92 170 115 129 131 164 9 115 150 123 161 29 53 54 163 136 88 28 98 50 42 17 82 18 40 42 45 85 99 126 18 148 95 133 106 70 175 105 115 51 108 140 75 114 150 137 73 28 16 179 101 34 107 51 141 81 23 44 7 23 10 149 41 24 60 101 143 10 57 125 125 87 30 92 78 85 102 109 79 1 73 121 170 38 21 85 72 138 166 169 138 164 6 88 94 26 151 44 109 24 87 131 23 135 101 167 19 48 3 150 108 3 128 132 99 138 140 141 106 136 173 37 173 113 70 101 33 19 174 93 155 122 124 75 11 146 64 38 153 120 62 114 118 55 107 88 62 58 59 88 141 47 139 124 170 42 172 84 60 136 54 15 179 55 139 46 82 93 79 153 78 29 161 96 6 168 23 168 91 24 53 164 132 43 177 164 90 104 157 62 140 83 131 167 83 109 112 17 57 9 55 60 48 48 98 139 150 166 177 6 174 82 82 31 109 81 22 35 171 154 29 146 20 118 149 63 137 46 67 6 21 54 154 179 163 62 21 122 66 104 19 147 66 53 19 124 115 17 161 22 179 15 27 162 163 102 69 132 117 109 84 148 108 27 58 57 27 37 54 148 134 81 56 160 23 176 67 53 96 92 105 91 45 49 46 108 4 34 117 45 79 100 140 91 6 54 127 158 95 71 18 84 20 71 169 87 115 110 175 52 94 164 15 29 146 41 29 83 149 116 172 79 107 109 66 38 125 180 37 86 99 91 137 91 14 64 52 57 86 162 60 145 128 118 29 77 175 156 142 70 122 116 104 175 160 142 80 1 95 112 31 97 85 27 72 174 14 18 111 115 173 36 3 36 61 171 51 133 4 80 178 145 55 21 150 88 114 68 63 18 172 133 171 167 90 162 66 165 88 174 83 120 144 52 154 158 48 163 39 30 102 115 73 111 132 159 99 85 85 125 89 12 56 59 35 93 42 23 114 4 97 134 14 6 178 68 59 53 70 154 139 79 180 26 169 7 40 133 94 75 48 35 144 107 116 170 132 176 79 177 46 64 68 157 156 36 82 100 107 55 88 159 92 63 176 140 129 39 96 115 20 72 144 38 39 97 51 28 130 3 10 21 113 54 118 165 20 110 98 137 118 88 32 84 41 11 39 139 148 111 163 133 20 115 21 111 37 136 125 154 130 11 96 178 39 30 76 126 90 93 175 108 163 76 175 107 20 140 135 115 49 6 5 81 82 141 39 137 49 150 58 14 105 120 137 62 167 27 125 165 143 4 161 15 179 86 140 73 22 53 108 26 110 127 148 52 46 115 115 100 178 67 57 148 152 99 19 110 170 155 19 156 176 72 125 116 160 58 58 74 113 17 151 109 77 61 13 59 13 108 85 42 4 72 122 69 23 75 100 46 177 101 130 109 25 66 117 59 133 156 55 77 2 102 26 36 115 44 51 150 32 159 68 69 79 16 111 108 76 140 21 54 128 136 155 75 65 125 128 137 128 91 17 169 61 92 114 158 27 172 91 140 149 7 46 138 4 136 71 108 45 14 156 47 117 129 28 119 143 162 12 23 50 148 81 8 114 22 108 47 140
96 115 164 15 35 104 20 56 170 72 125 45 28 109 11 81 11 71 108 147 113 134 8 106 138 120 153 145 60 68 86 168 3 169 91 12 14 149 56 137 122 12 170 68 14 154 110 64 59 29 121 67 162 64 156 164 101 16 103 42 130 120 26 71 96 114 107 77 81 40 169 11 142 62 58 93 158 9 97 171 4 102 58 168 63 171 94 39 164 145 133 46 49 158 127 125 114 113 116 87 80 120 72 68 65 71 118 175 49 3 142 112 80 60 154 47 39 72 68 126 106 153 146 68 24 133 16 165 103 112 112 143 117 158 148 108 59 10 179 155 75 60 51 66 69 66 98 75 166 44 16 128 99 17 77 1 125 79 2 18 176 160 26 157 95 11 150 3 40 47 31 32 59 118 142 109 43 45 81 134 26 145 129 117 81 5 137 17 27 51 140 68 94 112 90 85 28 7 171 42 91 1 12 12 3 53 25 43 35 25 64 90 177 49 105 3 7 83 65 17 151 136 123 143 23 8 117 86 34 121 66 168 132 92 36 110 94 43 29 173 48 114 153 85 82 104 165 65 66 180 99 159 142 58 173 154 175 84 65 75 173 69 93 122 162 8 14 180 154 126 126 38 24 64 98 86 123 43 170 73 166 68 159 104 114 170 145 151 123 72 66 39 130 175 128 135 57 129 173 46 30 59 62 26 129 21 174 69 127 124 46 121 137 140 170 81 33 112 64 55 156 91 84 93 91 55 109 13 151 43 116 64 120 135 109 39 27 86 35 163 80 52 108 11 180 16 126 83 175 116 42 67 180 83 12 75 84 53 129 127 101 137 163 95 60 4 11 52 108 161 115 71 99 173 36 48 167 168 164 62 3 66 175 99 108 26 131 18 171 13 106 159 72 85 79 132 142 113 58 92 60 37 102 83 164 161 9 26 57 22 179 29 25 87 48 39 144 65 56 32 77 55 163 55 115 93 112 177 173 48 103 110 66 130 23 77 143 9 45 6 82 83 39 166 176 76 57 45 79 89 68 157 68 58 21 180 14 32 132 111 82 25 107 113 119 55 136 67 68 72 48 8 99 121 82 149 177 39 95 34 63 141 10 87 98 8 165 179 85 101 144 158 1 90 7 99 12 37 180 51 63 108 149 60 142 45 37 170 28 12 171 29 23 171 104 19 139 67 55 171 21 141 31 69 137 131 37 56 94 146 100 46 172 110 39 91 143 85 75 79 98 68 167 50 157 82 115 19 105 37 83 46 104 9 4 119 135 103 141 11 67 49 19 78 143 69 162 108 51 148 40 152 83 76 10 148 2 131 178 108 13 78 99 75 52 178 13 89 172 93 34 58 179 142 147 33 56 112 75 118 85 63 158 54 11 152 43 179 115 94 113 34 128 1 10 86 139 148 86 43 108 107 91 14 92 72 133 67 123 66 94 48 31 159 63 3 58 50 74 70 79 76 26 79 131 88 92 152 10 95 139 38 175 6 139 174 129 75 98 166 86 171 11 167 180 31 113 179 54 113 10 172 66 76 82 113 51 130 109 19 135 115 39 29 41 177 7 101 48 109 26 176 105 149 141 90 3 55 101 166 180 70 54 47 69 111 121 30 80 72 86 114 100 169 95 164 20 170 47 17 19 101 130 13 126 156 167 62 10 81 52 94 4 77 47 158 42 64 103 83 107 178 45 135 22 85 160 114 8 30 149 147 151 159 160 154 144 145 87 52 85 22 31 59 161 84 3 12 15 9 35 142 74 174 180 157 68 79 119 47 148 147 40 120 51 45 10 70 57 172 113 48 179 107 128 56 108 78 59 158 97 98 170 102 29 99 115 180 40 1 69 30 7 112 33 144 100 136 139 129 164 60 28 39 6 3 134 126 11 104 9 146 56 157 113 170 96 9 20 158 77 71 95 131 110 137 92 149 100 171 33 164 144 136 103 2 8 28 68 2 47 132 82 145 102 8 130 56 127 112 58 15 73 167 174 159 53 27 114 126 94 50 105 164 104 19 138 177 37 106 157 19 146 73 129 122 175 37 30 36 139 167 29 31 20 9 43 6 8 165 17 4 44 146 35 8 127 34 135 60 33 11 6 37 8 156 21 49 166 169 25 154 96 126 59 103 139 160 99 115 123 19 147 143 34 163 144 134 31 104 36 111 45 147 32 111 5 52 132 74 120 156 17 25 128 143 15 144 158 152 95 120 134 107 121 113 41 14 136 126 17 2 72 163 64 158 139 17 163 38 173 55 126 92 105 13 35 68 173 2 34 160 96 20 15 54 122 123 146 141 125 10 176 128 126 130 50 149 119 34 104 153 156 127 143 99 96 6 117 177 100 152 148 115 152 1 25 164 33 14 175 172 72 41 156 124 40 77 48 64
177 71 83 22 86 153 72 71 29 129 159 40 137 81 6 67 75 13 43 58 19 3 88 20 104 11 94 45 118 104 178 137 114 32 20 171 95 31 172 105 50 32 47 124 5 126 50 158 108 175 128 131 152 43 66 173 133 171 20 3 9 159 125 3 77 36 89 122 14 51 111 72 69 115 94 23 142 86 92 115 48 13 123 158 98 138 47 42 168 174 31 164 40 6 101 141 127 80 3 24 113 106 121 70 126 58 173 136 170 130 54 18 171 180 144 152 103 147 118 168 70 2 163 72 20 172 36 60 10 24 23 37 94 152 138 96 7 92 67 98 59 50 102 9 89 136 13 88 174 167 1 67 92 2 33 108 37 151 147 148 46 149 59 104 52 41 11 164 165 123 14 45 65 115 83 71 57 114 142 176 165 153 178 60 111 135 47 104 130 104 31 160 64 107 40 15 170 72 162 159 28 3 119 67 11 60 173 41 87 7 82 18 139 159 55 95 34 39 137 168 136 151 99 17 27 179 46 132 7 60 84 97 51 102 122 175 112 134 71 65 40 155 9 45 127 22 164 150 19 80 43 125 115 111 17 72 113 84 26 45 85 1 105 60 150 27 64 3 98 44 41 155 124 24 87 46 152 66 122 106 107 171 33 115 59 164 177 110 108 48 35 30 180 19 20 108 47 157 12 38 85 57 61 11 163 111 126 121 50 29 26 128 161 17 102 179 106 36 161 130 70 136 143 29 41 125 75 54 33 129 87 162 70 55 107 14 132 76 109 82 57 28 41 127 162 52 42 108 110 120 93 49 170 6 28 143 3 65 86 47 21 7 49 165 147 88 86 99 19 32 21 69 131 107 121 24 92 113 76 164 90 167 148 150 73 38 53 127 166 29 55 53 6 80 56 141 155 126 104 173 145 126 9 17 35 7 31 30 30 133 104 152 171 44 74 33 6 106 98 82 53 139 111 8 98 86 2 61 166 84 132 29 122 62 156 67 99 13 89 144 147 180 4 160 134 116 74 21 104 84 46 20 174 51 145 77 95 41 148 56 57 102 124 58 68 92 30 41 167 20 166 152 130 1 5 19 108 70 164 50 103 68 31 87 46 122 74 53 48 80 97 168 105 125 167 27 47 141 109 17 2 13 58 146 30 48 128 168 66 34 67 116 80 90 48 105 161 143 142 176 50 117 112 142 180 20 162 7 152 72 35 136 92 15 38 168 115 70 68 142 121 58 151 173 144 174 50 114 58 8 7 52 32 64 168 63 161 166 8 134 150 127 135 55 171 130 75 179 24 125 73 47 80 141 97 64 158 90 80 67 88 95 63 155 152 145 14 164 112 158 171 157 152 79 99 49 169 50 145 175 42 170 98 52 58 4 21 105 164 128 32 146 160 122 177 149 55 161 47 104 128 84 118 167 115 76 114 172 115 159 8 26 90 127 156 85 115 61 32 140 10 24 36 55 43 17 33 141 144 37 31 102 51 70 81 49 157 149 75 130 106 65 165 59 124 60 1 131 136 27 44 29 57 12 149 145 132 136 106 156 80 174 149 114 142 120 82 65 119 55 3 131 156 93 177 42 68 30 111 102 78 179 165 105 146 104 65 27 1 119 152 99 61 75 153 104 173 131 142 83 71 111 66 77 46 122 75 134 137 15 136 110 97 89 75 17 47 98 139 99 121 160 103 108 90 167 18 15 20 6 19 7 19 16 135 104 44 157 56 34 107 45 27 129 34 76 66 106 96 28 174 69 173 120 27 47 21 17 66 68 74 110 57 34 26 62 16 37 30 126 50 42 156 1 115 119 145 89 98 137 17 99 24 177 28 91 32 100 158 101 143 26 179 123 128 126 151 3 130 174 151 103 39 59 67 23 67 157 64 166 21 37 30 42 76 12 49 159 118 42 23 89 148 132 16 15 1 111 153 152 42 149 73 178 49 97 155 105 81 165 131 108 62 160 56 177 33 136 15 66 78 91 65 23 157 152 69 74 180 115 87 94 12 148 89 57 106 116 103 165 22 72 98 168 172 40 40 13 152 66 132 70 179 136 15 104 69 147 179 6 103 149 154 153 89 16 58 15 41 126 142 66 50 171 86 101 174 24 120 73 166 48 27 106 26 35 45 16 123 105 48 127 54 161 82 94 4 58 53 166 39 51 144 6 136 81 26 51 37 167 45 116 54 8 93 14 122 30 157 179 130 166 141 171 139 139 138 47 45 110 112 109 36 23 9 140 175 8 124 48 105 52 17 171 135 23 34 66 48 48 10 126 11 26 93 158 110 24 167 107 173 148 20 7 138 119 92 50 137 159 45 82 5 139 61 28 169 158 118 36 132 155 91 152 52 118 65 6 20 6 3 65 18 100 153 8 65 36 124 43
45 18 88 122 48 125 116 103 109 72 86 143 94 9 79 99 158 141 130 166 169 103 54 17 75 164 174 10 44 125 21 16 156 113 121 170 59 165 83 106 130 75 33 72 73 22 93 153 136 44 155 28 154 172 149 12 33 71 159 90 48 166 71 135 152 87 80 131 151 60 60 97 6 98 148 105 70 97 27 158 4 179 114 123 142 34 83 84 152 75 40 130 90 54 64 105 75 69 13 8 9 104 55 40 96 89 26 56 28 169 13 73 36 10 159 164 174 126 70 77 112 132 154 71 72 118 20 25 158 54 169 171 88 30 97 48 105 168 155 20 49 88 81 4 24 16 140 63 5 152 116 87 70 94 122 61 120 88 27 150 96 26 114 24 5 11 161 19 90 167 103 95 105 65 18 15 77 139 89 141 174 45 123 14 136 69 74 50 90 89 11 29 125 107 177 156 165 56 76 26 135 125 43 157 41 109 91 10 49 119 4 96 43 160 161 19 158 50 139 168 58 10 28 15 120 96 80 131 170 168 120 71 155 154 111 175 110 16 67 110 36 45 151 28 51 54 124 124 110 22 38 3 27 175 92 177 120 20 106 20 13 70 26 120 42 42 136 135 89 112 46 7 94 43 50 111 100 117 69 126 164 37 157 142 167 37 17 143 150 74 130 45 80 65 78 72 94 83 66 27 128 1 32 85 158 138 19 62 178 7 150 122 58 96 120 141 84 156 149 47 156 160 120 139 87 91 16 134 78 156 7 54 38 95 98 90 130 31 82 143 6 77 7 145 18 44 133 82 93 98 1 43 15 81 35 172 34 153 24 72 133 179 56 159 8 117 61 116 153 101 140 117 145 40 118 140 66 4 147 25 13 161 167 98 146 171 1 57 1 152 23 80 18 66 166 152 137 160 134 109 147 159 50 116 62 137 123 64 137 83 141 145 3 115 128 80 13 62 69 15 59 99 140 70 152 179 65 77 50 146 118 59 1 39 18 115 162 61 146 38 164 152 90 98 171 161 144 151 100 132 103 175 35 42 160 109 70 156 61 59 168 142 115 63 25 87 74 172 173 179 70 168 21 59 16 75 134 172 88 137 54 176 133 166 39 139 129 15 122 21 147 142 163 20 166 12 99 112 115 140 169 180 139 159 176 11 79 16 122 154 141 56 140 147 64 98 178 175 123 148 178 21 9 18 34 10 146 103 13 170 163 19 173 135 151 152 104 84 176 80 73 60 161 91 104 43 34 61 46 104 12 66 53 124 53 7 12 63 142 68 41 26 142 106 33 104 123 9 85 118 173 134 29 77 171 114 84 175 117 94 175 52 46 98 169 29 138 132 145 95 149 145 120 130 117 77 114 167 44 93 61 100 120 101 73 120 128 156 70 54 140 102 59 170 82 146 85 57 114 42 81 160 114 167 158 172 102 83 19 36 164 110 126 68 70 146 169 99 91 74 28 170 142 12 93 100 116 3 19 141 93 143 156 2 58 108 18 149 2 89 88 20 94 101 58 44 2 37 174 86 75 65 31 72 74 159 70 1 11 25 177 142 176 21 103 99 160 70 16 17 59 11 132 168 104 119 141 47 35 21 55 20 169 88 43 163 14 129 179 101 98 146 155 108 136 1 17 159 19 83 109 174 147 95 140 176 64 84 172 43 27 165 168 148 122 9 166 130 92 172 81 126 16 13 28 36 43 141 164 20 116 142 62 159 57 101 84 11 42 43 17 124 123 175 145 34 15 81 138 14 35 24 121 7 159 42 14 97 100 41 17 120 157 84 36 103 32 81 63 46 39 144 146 41 108 22 113 42 94 26 133 161 78 37 92 123 128 120 108 99 49 111 9 40 3 26 172 100 156 164 7 1 69 23 30 149 109 24 174 147 12 91 135 67 66 70 45 112 72 154 163 171 43 43 72 164 163 171 111 138 64 23 103 126 11 41 173 21 35 55 158 41 77 116 105 47 133 131 129 163 36 121 72 43 18 178 111 99 133 165 114 14 171 80 141 54 121 1 91 106 25 3 52 57 117 112 73 176 136 71 105 176 122 144 52 145 140 29 30 152 44 45 178 43 90 104 64 110 124 31 36 122 30 172 81 134 142 96 64 43 163 90 76 2 83 56 121 52 121 45 131 160 69 111 43 63 137 155 162 37 13 149 139 129 32 20 138 62 10 167 120 48 134 96 70 30 175 76 118 156 81 178 97 21 142 28 155 106 72 34 67 48 29 92 66 168 66 83 52 113 139 120 46 107 19 33 4 133 121 138 116 10 97 43 67 4 39 93 165 21 122 56 1 53 49 121 52 101 50 154 60 56 159 14 173 94 69 147 110 24 29 102 7 84 91 56 159 131 50 174 140 126 136 37 120 64 7 64 144 78
157 44 98 51 126 180 171 79 136 20 71 163 77 22 87 169 7 65 22 86 91 161 66 81 156 110 2 68 51 93 13 7 67 41 141 150 15 81 54 136 131 179 83 134 165 126 162 128 129 138 121 92 76 156 174 82 100 175 97 165 162 75 92 173 143 58 44 101 110 34 37 59 35 62 20 138 75 74 14 158 104 48 125 91 8 66 160 32 126 93 105 103 90 96 94 177 144 147 165 116 101 112 127 143 134 69 77 103 112 104 82 132 34 3 2 76 162 137 60 106 31 114 68 99 131 38 40 167 171 74 50 118 141 100 4 160 177 117 164 84 161 138 105 26 154 137 96 135 79 156 97 64 151 22 160 173 171 93 126 75 159 175 120 41 5 50 168 85 42 66 47 34 153 11 10 73 13 15 65 16 159 148 80 48 32 100 24 31 131 144 79 165 108 69 146 105 155 130 44 44 162 115 135 47 32 27 137 44 65 99 72 40 151 54 88 107 106 179 8 155 177 166 167 168 46 27 35 63 99 73 13 47 77 127 123 52 56 86 59 127 131 6 131 96 144 177 148 177 46 76 178 47 121 2 66 43 102 31 28 107 112 52 112 142 163 147 162 55 165 149 22 95 87 100 164 138 146 139 104 144 60 35 53 138 106 28 173 141 157 63 80 102 9 34 55 67 22 167 44 50 2 83 11 52 61 55 97 24 107 70 7 21 63 26 10 139 116 15 178 148 14 80 169 16 17 65 48 150 115 145 14 113 48 163 1 150 142 104 69 29 156 160 107 27 75 82 110 63 77 107 13 129 176 145 77 29 149 152 109 131 62 114 109 37 86 22 25 17 80 145 174 34 38 56 71 105 60 11 55 170 23 110 82 35 148 72 56 69 97 164 64 129 7 11 131 72 153 109 36 97 35 89 152 88 82 139 60 148 180 153 46 168 31 43 32 163 57 137 103 76 175 80 19 146 59 167 50 172 109 143 121 52 109 45 55 149 39 153 44 79 95 120 35 144 103 15 139 58 177 78 146 152 67 73 56 158 161 119 84 115 44 16 79 143 77 54 36 53 55 67 115 52 11 147 100 94 177 118 25 180 160 37 28 83 109 4 137 42 2 128 62 98 84 78 75 134 63 65 119 1 85 133 37 12 133 63 114 59 171 118 14 151 10 97 130 134 31 80 34 27 93 7 171 47 133 137 47 123 70 79 72 112 168 28 90 56 143 88 163 166 9 18 80 149 53 89 21 158 25 111 79 112 45 64 12 66 20 170 26 176 4 110 154 112 29 81 18 24 41 53 153 107 99 9 57 153 8 50 26 136 163 44 125 60 162 168 98 47 67 40 170 107 52 111 117 177 74 40 89 83 170 58 54 29 23 103 168 157 44 6 31 108 128 171 131 165 163 108 134 143 61 82 96 137 148 11 50 105 159 62 156 30 74 124 37 24 57 29 146 52 74 44 133 53 17 125 102 83 156 157 163 127 142 29 96 95 122 48 94 74 49 92 57 142 175 100 150 55 4 33 79 103 52 33 172 47 117 126 13 98 75 50 95 7 178 149 136 146 102 106 69 51 110 64 179 97 155 124 106 169 71 132 38 51 81 16 59 167 82 64 115 130 80 128 60 90 133 65 19 177 67 11 10 58 158 180 12 82 123 127 89 142 153 29 63 5 42 120 163 35 10 97 162 80 78 64 39 111 140 46 116 21 30 81 155 47 140 38 85 169 45 58 147 17 18 17 122 108 35 124 82 135 105 171 22 87 178 103 27 60 83 90 59 146 140 20 138 89 10 60 42 169 164 75 176 27 18 72 29 19 59 130 79 160 108 22 117 180 146 121 38 146 60 76 54 47 89 113 177 15 44 70 36 166 14 93 155 179 111 63 114 28 61 104 174 63 142 159 70 151 136 69 33 82 102 19 92 44 149 133 33 166 77 14 158 95 6 43 43 111 105 55 115 132 68 76 32 167 75 31 32 126 72 84 87 2 154 127 45 76 74 108 61 29 33 99 179 11 53 93 106 147 57 46 52 143 152 40 78 98 156 3 166 102 87 172 5 19 64 78 126 66 177 12 120 7 97 152 117 39 84 79 156 155 147 115 16 152 90 77 94 136 6 74 139 102 135 114 70 101 48 6 130 7 33 67 9 89 80 64 142 58 116 50 173 75 106 61 18 168 138 99 37 42 165 69 55 153 135 161 55 108 3 14 61 72 143 29 52 170 124 122 166 102 136 164 85 16 102 165 26 179 14 112 141 155 41 148 174 92 70 111 92 7 97 99 114 70 42 135 58 135 88 91 105 105 42 94 50 73 151 68 55 153 170 61 132 166 1 80 30 22 9 103 157 137 28 144 160 116 105 64 168 131 159 9 163 111 40 100
120 170 77 149 130 179 82 128 70 113 7 140 1 93 152 40 160 34 94 104 71 1 60 83 23 120 39 172 170 78 31 84 51 78 131 105 14 35 45 161 11 49 102 154 19 58 16 160 13 42 118 72 26 180 99 163 172 123 91 3 106 105 27 49 76 170 9 80 74 82 131 62 134 140 34 168 44 12 104 167 83 5 130 115 23 101 166 25 174 74 110 107 35 80 37 154 150 149 175 35 51 101 126 52 7 146 123 58 80 94 126 53 46 157 108 52 45 71 147 155 34 24 93 78 1 23 104 159 119 34 180 102 12 2 78 124 125 149 118 154 166 103 27 11 58 66 169 21 106 46 52 128 35 145 7 133 108 165 90 95 94 64 59 121 128 95 145 62 64 13 93 83 168 5 10 107 173 10 153 126 71 109 170 80 27 119 129 41 65 54 4 71 151 179 22 102 86 139 47 8 83 152 170 31 70 36 173 81 25 147 130 22 180 18 169 95 22 151 33 35 55 128 80 54 80 83 101 175 55 148 167 175 88 53 24 76 29 12 71 17 37 116 46 135 38 18 177 170 33 41 63 161 17 76 72 175 27 122 61 90 39 22 55 67 50 166 94 13 68 152 108 175 33 179 18 143 114 6 132 131 58 78 49 153 78 136 155 173 62 125 58 170 114 144 77 92 22 85 117 150 135 140 84 99 127 83 4 172 64 45 56 125 167 178 64 157 18 109 36 58 126 133 132 123 38 50 107 84 35 30 180 170 122 25 161 53 111 98 173 144 171 19 154 20 145 75 53 163 33 70 53 98 69 98 92 121 78 147 19 68 102 24 146 103 147 142 165 150 10 131 134 169 168 39 152 42 81 126 32 155 165 119 118 2 9 77 79 37 79 75 99 131 58 3 5 138 14 63 180 170 99 14 102 152 145 149 45 113 160 115 154 138 54 138 141 120 125 11 14 17 57 120 28 27 72 47 172 65 172 19 138 150 122 167 90 101 124 10 21 165 162 170 151 16 13 35 164 84 135 47 30 71 102 154 44 6 33 28 129 162 36 84 32 160 53 57 168 36 29 29 67 164 146 161 43 59 20 22 115 161 58 96 58 20 25 164 4 69 14 174 118 65 79 164 125 151 107 123 142 163 150 94 124 57 122 72 130 38 21 13 138 29 8 36 108 98 120 28 23 18 140 57 27 14 151 105 35 165 8 5 149 128 90 1 88 51 35 67 40 153 139 67 91 171 9 127 17 165 144 151 178 33 32 93 87 112 13 168 34 65 79 150 68 165 169 138 142 15 82 57 73 18 169 80 143 95 123 172 161 166 28 56 73 70 63 165 160 145 21 97 135 98 166 22 80 165 126 1 86 79 22 150 132 59 60 13 25 161 134 20 60 110 139 87 3 137 41 97 160 139 178 8 101 15 67 71 178 13 165 159 86 42 55 130 66 132 141 147 4 112 176 85 44 167 155 63 61 103 56 104 164 31 21 29 58 65 53 2 85 36 67 8 1 164 169 101 168 93 63 119 10 20 175 145 21 157 71 89 178 163 166 144 99 72 76 41 88 23 175 159 97 58 2 54 142 171 20 95 76 107 61 112 70 140 75 47 170 73 32 124 118 120 3 53 97 47 105 142 180 51 12 44 18 177 148 119 56 140 68 47 143 93 154 65 47 115 164 54 115 123 86 80 157 152 85 172 152 162 136 12 146 21 98 12 121 108 62 14 149 1 162 116 116 67 155 15 99 90 98 51 23 13 106 85 177 80 27 128 110 129 126 137 61 152 175 128 40 35 74 1 130 57 141 175 60 14 135 131 143 86 150 161 127 124 94 133 136 93 54 82 143 156 75 57 67 128 3 143 42 100 132 120 3 59 157 75 24 123 142 4 155 165 19 70 130 155 50 66 70 105 15 97 132 68 30 71 83 126 178 10 137 137 172 115 152 172 157 64 159 179 123 164 153 126 65 89 94 124 145 28 62 72 61 157 4 84 28 28 24 121 72 65 89 165 144 60 105 24 174 167 159 5 124 91 17 18 44 117 141 85 6 67 175 108 3 23 126 67 43 88 1 118 123 166 132 92 60 34 128 123 176 160 12 32 61 105 49 121 123 69 46 89 149 53 29 68 26 129 23 136 166 35 1 146 168 90 97 121 57 16 119 34 120 86 162 49 128 21 178 179 10 105 152 129 24 12 119 48 73 165 28 155 38 176 143 147 143 19 6 85 160 16 113 43 37 74 105 38 47 147 11 134 80 168 99 113 11 50 113 44 120 144 37 102 164 10 10 64 62 162 34 34 152 103 1 94 127 65 29 109 26 140 121 143 25 123 154 67 150 76 11 117 141 168 118 138 106 57 105 48 24 111 98 129 106 94 160 58 7 105
82 116 165 169 164 5 29 29 180 149 180 91 135 53 49 113 78 30 170 149 31 163 148 73 17 129 115 158 176 10 146 15 136 84 144 137 129 21 114 32 175 103 179 87 177 52 154 140 62 8 59 24 91 13 114 131 115 58 174 69 154 20 81 142 173 85 88 69 94 98 100 76 5 88 8 134 102 124 35 36 28 171 78 142 31 151 42 101 135 65 66 74 173 107 85 168 39 48 24 63 103 137 119 170 60 5 28 153 56 160 90 27 95 16 9 162 73 114 3 114 82 40 176 100 68 38 74 159 167 57 58 59 10 58 66 18 73 13 70 2 12 41 6 101 60 25 113 132 107 155 64 98 6 10 102 3 99 133 25 137 117 113 64 168 166 165 84 13 165 101 148 13 136 66 32 15 38 176 172 153 120 64 62 104 50 170 102 112 177 67 173 165 88 78 73 79 68 40 88 119 108 12 17 133 9 163 36 148 171 101 139 71 75 1 166 24 114 178 19 81 87 4 1 8 151 139 4 79 162 165 99 106 44 57 96 97 57 120 86 139 64 174 97 156 98 176 121 37 108 13 169 82 2 111 7 101 134 86 148 12 22 113 162 32 40 15 21 8 111 126 113 130 16 178 85 148 145 64 22 118 95 23 161 104 64 43 30 97 95 119 35 64 40 53 152 109 153 94 66 170 116 53 132 54 111 150 126 10 30 99 58 34 79 63 7 16 42 4 86 4 78 17 148 133 159 177 82 118 60 36 145 134 67 41 111 122 59 131 38 84 142 142 32 166 177 99 18 101 66 132 24 132 9 138 54 99 112 121 87 7 90 3 130 120 72 27 70 135 97 102 7 49 147 115 47 60 112 142 13 67 42 180 26 75 67 82 97 123 68 49 53 27 165 59 92 12 62 56 107 120 81 120 86 161 100 114 177 106 113 55 114 31 119 112 141 31 178 142 64 40 68 123 180 65 112 139 14 62 79 19 76 71 13 175 140 14 119 77 56 10 153 178 11 26 148 109 31 37 122 88 166 55 168 105 152 117 148 114 114 5 48 145 174 67 173 49 81 82 111 90 180 9 166 34 50 135 65 179 54 102 130 148 133 104 108 44 164 173 131 130 20 36 98 73 175 55 82 28 107 59 41 29 36 4 31 51 45 136 54 66 48 62 45 142 36 124 37 84 178 20 72 83 97 62 34 119 90 58 56 70 57 22 131 57 102 59 63 156 25 9 1 129 164 28 12 21 46 108 151 55 127 83 11 171 125 87 99 13 51 175 152 113 126 99 113 108 83 37 26 126 112 47 180 105 146 153 176 20 89 165 18 9 33 52 6 171 119 73 59 127 152 55 98 5 175 53 44 157 2 88 107 119 49 88 112 140 163 70 80 33 104 150 19 60 155 88 62 2 102 168 88 20 123 71 178 97 8 102 173 34 119 78 139 109 122 13 141 1 109 71 116 16 91 142 137 137 171 70 170 142 59 64 57 27 45 128 40 133 94 110 76 134 16 25 180 65 106 93 29 53 18 56 89 165 72 4 89 70 49 144 18 59 68 100 142 44 94 100 56 174 121 88 142 152 58 170 140 87 152 62 21 162 164 175 49 33 82 22 98 80 33 131 98 65 90 162 62 86 92 111 55 63 160 177 169 119 23 1 171 20 116 86 67 23 135 29 136 72 67 8 131 104 146 107 69 138 157 47 13 58 50 166 23 3 160 96 148 51 24 92 102 89 78 83 64 99 30 84 58 90 26 14 30 94 88 47 3 177 42 71 106 1 122 8 177 145 81 122 30 69 12 167 93 108 162 72 145 55 17 180 83 75 161 99 39 105 91 129 32 114 159 112 84 73 165 133 148 13 51 78 36 38 101 79 46 156 127 133 100 127 86 72 126 103 117 59 152 170 63 113 15 144 41 68 165 70 79 63 15 58 92 152 19 125 50 30 171 21 33 19 49 126 155 179 60 94 73 175 109 177 18 41 107 29 169 113 58 11 37 101 27 53 26 56 35 132 119 69 97 3 168 2 31 100 6 99 98 177 57 25 180 18 22 131 147 33 164 126 145 115 40 160 47 168 5 101 82 118 139 86 151 56 151 178 30 72 24 8 50 31 73 19 71 82 37 27 88 34 69 24 24 59 123 103 132 52 44 45 53 15 55 44 142 121 96 57 16 89 149 102 173 174 161 82 74 80 98 124 128 96 69 108 137 15 31 31 30 107 15 127 121 149 39 76 154 115 118 58 99 174 31 53 90 90 139 82 147 133 70 133 1 80 119 10 172 93 60 159 70 169 80 67 88 15 96 6 44 5 58 164 3 115 96 178 152 14 30 83 149 128 89 71 176 158 47 135 86 125 141 71 177 67 9 123 66 115 6 58 17 172
0.3
0.3
0.2
0.4
0.2
0.3
0.4
0.3
0.4
0.3
0.2
0.3
0.3
0.2
0.3
0.3
0.3
0.4
0.2
0.4
0.3
0.4
0.3
0.4
0.2
0.3
0.3
0.3
0.3
0.4
0.3
0.3
0.4
0.3
0.4
0.2
0.2
0.3
0.3
0.3
0.3
0.4
0.3
0.4
0.3
0.4
0.4
0.3
0.2
0.3
0.4
0.4
0.2
0.2
0.4
0.2
0.3
0.3
0.4
0.4
0.3
0.2
0.2
0.3
0.4
0.2
0.3
0.4
0.4
0.3
0.4
0.2
0.3
0.3
0.2
0.3
0.4
0.4
0.3
0.3
0.3
0.3
0.2
0.3
0.3
0.3
0.4
0.4
0.2
0.4
0.3
0.3
0.3
0.4
0.3
0.2
0.4
0.3
0.3
0.3
0.3
0.3
0.3
0.2
0.2
