90 12
15
24659
25875
25400
24874
25545
24070
26222
24188
26714
24736
26418
26324
25520
25600
23290
3 21.4 470.2 2.2
2.8 39 706.9 1.5
2.5 26.8 58.9 1.8
1.3 63 495.5 2.2
3.9 47.9 93.6 2.1
1.2 73.5 478.8 2
2.2 20.9 468.5 1.6
3 61.8 668.3 1.6
4.9 68.6 271.7 1.6
2.3 58.3 910 1.9
1 22.5 796.2 1.6
2.9 58.2 542.1 2.3
1.5 73 727.6 2
3.7 36.4 111.3 2.3
2.8 54.8 650.4 1.6
4.9 71 50.7 2.1
1.8 34.9 358.1 1.9
1.7 32.2 622.6 1.8
1.8 36.6 584.5 2.1
2.1 18.2 552.6 1.6
5 16 600.6 1.9
3.4 22.4 927.1 2.4
3.8 20.8 216.4 2
2.7 28.4 617.1 2
2 73.3 387 2.4
2.5 53.1 103.6 2.1
4.3 27.6 50.6 1.8
1 52.5 683.3 2.1
4.9 47.2 205.5 2
4.8 17.4 413.5 2.3
5 27.8 598 2.2
1.5 66 340.7 1.5
3.7 59.4 933.9 2.3
2.7 20 138.7 2.2
1.5 22.2 307.3 1.6
1.9 70 914.5 1.6
2.9 67.3 163.1 1.6
2 38 861.4 2.3
2.5 67.4 843.3 2.3
3.9 34 937.8 1.6
4.7 51.3 899.4 2.1
1.4 74.3 577.3 1.6
3.8 33.2 901.6 1.9
4.5 23.8 708.4 2
3.2 64.7 270.7 1.9
3.9 60.7 314.6 1.8
3.5 50.1 937.8 2.3
2.6 43.9 391.6 1.5
1.8 63 688.7 1.6
3.6 55.3 184.9 2
1.5 64 190.5 2.2
1.3 34.6 257.6 2.2
4.7 48.2 748.6 2.4
1.7 15.9 386.6 2.4
3.8 42.2 855.3 2.3
1.2 69.2 812.1 1.8
3.8 66.1 313.9 2.1
4.7 42.6 915.3 2.4
4.7 29.9 806.5 2.2
2.9 31.3 647.7 1.5
2.5 27 277.4 2.5
2.6 45 641 2.3
1.4 25.7 253.4 2.2
1 69.4 793.2 1.9
2.4 48.9 214.9 2.2
3.4 52.7 611.3 1.7
4.4 60.3 284.6 1.9
2.4 15.3 115.5 1.6
3.7 53.7 710.3 1.9
3.1 33.4 760.5 1.8
4.6 51.2 119.5 1.6
1.1 64.8 190.1 1.8
4.8 65.3 574.2 2.1
3.8 71.1 869.6 1.9
4.7 45 758.8 2.3
4.3 33.5 288.7 2.4
3.6 36.1 509.1 2
4.8 33.6 499.9 1.7
3.9 22.5 157 1.8
3.1 53.7 78.8 1.7
1.1 30.8 347.1 2.2
2.4 49.7 545.4 1.6
2.5 58.9 411.6 1.8
3.4 27.4 732.3 2
4.8 59.6 619.9 2.4
2.4 73.1 235.8 2.1
1.3 72.6 927.7 2.1
2 69.7 659.1 2.1
1.9 47.8 53.5 1.9
4.1 73 718.3 1.5
3.1 38.1 842.7 1.8
4.7 74.4 614.2 1.8
4.5 46 293.7 1.8
3.2 68.4 726.3 1.9
2.1 52.1 267.6 1.8
2.5 21.7 169.7 2
2.9 63.3 812.9 2
4.3 70.6 666.6 1.5
1.1 27.9 623.1 1.5
4.6 65.2 518 1.8
4.4 36.5 909.2 1.5
1.6 53.9 702.9 2.2
2.7 38.8 947.9 2.3
3.7 71.9 860.5 2.4
2.5 39.9 69.7 2.3
2.3 25.6 348 1.6
2.3 61 866.8 2.3
4.6 52.4 488.8 2.1
3.2 17.2 260.2 2.1
3.3 37 693.2 1.7
2.6 46.9 864.8 2.1
3.3 32.5 673.9 1.7
2.9 64.1 570 2.2
2.3 50.4 71 2.1
2.7 71.7 831 1.9
3.2 50.4 721.7 2
1.8 59.5 58.2 1.6
2.7 31.3 947.3 2.4
3.1 38.6 311.1 1.6
2.7 45 442.2 1.8
3.4 43.9 711.2 1.7
4.2 72.1 410.8 1.8
2.8 34.2 753.1 2.1
2.4 16.5 913.5 1.6
4.3 75 412.2 1.9
3.7 52.5 101.4 2
4.7 37.6 828.6 2
2.7 74 700.3 1.5
2.1 22.4 643.1 2
4.2 55.6 287.8 2.1
3.7 53.9 849.4 2.5
3.6 19.2 939.8 2.3
4.2 45.7 105 1.9
1.5 53 352.1 1.5
2.1 71.3 738.9 2
1.2 44.8 759.5 2.1
1.6 22.6 359.7 2.4
4 42 720.9 2.1
4.7 62.1 867.2 2.3
4.1 28.4 742.3 1.8
3.5 62.1 181.3 2.2
2.3 50.4 504.9 1.5
4.1 39.3 203.4 2.2
3.1 33.2 898 1.5
3.7 20.9 324.1 2.3
3.3 44.1 358.8 2.3
3.6 50.1 542.7 1.8
3.1 50.3 565.4 1.6
4.8 67.2 292.1 2.1
2.1 69.3 70.9 1.6
1.3 21.4 596.4 2.3
4.5 35.2 444 1.6
3.8 28.3 269.4 2.5
4.6 69.5 758.4 1.9
1.2 59.8 70.1 1.9
5 52.8 436.2 2.3
1.9 35.2 278.8 1.9
1 72.4 873.1 2.4
3.4 49.5 220.8 2.4
1.1 57.7 624.4 1.9
1.7 21.7 197.2 2
4.7 25 520 1.6
4.8 55.1 323.3 2.1
3.1 62.5 490.7 1.6
3.1 26.2 909.7 1.8
2.3 16 932.8 2.1
4.8 72.4 403.8 2.1
2.2 68 908.3 2.4
2 71.4 439.1 1.6
1.5 23.8 286.7 2.4
3.9 55.6 398.2 2.1
2.1 50.4 569.1 2.1
1.7 64.5 787.9 2.1
2.5 30.7 119.5 1.7
1.9 24.4 865.5 2.2
1.4 55 343.3 1.9
2.7 30.4 284.4 2.5
3.1 60.2 828.4 2.1
4.7 45.3 764.5 2.2
3.1 53.3 836.8 2.5
2.1 23.8 85.3 2.3
2.6 21.7 778.6 2.2
4.4 57.3 642.8 1.9
2.2 17.2 208.3 2.3
1.4 54.8 256.4 2.1
4.9 23.4 697.9 2.3
4.2 29 938.5 2.2
1.1 64.3 802.3 1.9
3.4 59.7 675.2 2
1.6 40.8 289.8 1.7
4.4 56.5 696.4 1.8
2.3 47.3 93.2 1.6
3.6 28.9 813.7 2.4
2.8 26.9 588.8 1.8
1.8 66.1 922.1 2
2 33.2 887.1 2.3
4.9 43.8 102.4 2
1.7 35.7 144 2.1
3.4 25.9 918 2
3.4 17.6 771.3 2.5
1.7 68.4 884.1 2.1
4.2 63 411.9 2.1
3.4 17.8 540.9 1.9
2.2 71.9 847.2 2.2
4.4 23 834.7 1.6
3.5 49.5 355.3 2
3.7 67.5 543.4 1.9
2.1 32.9 484 2
4 17.7 855.9 1.6
3.9 31.5 434.8 1.7
2.4 38.1 288.1 1.6
1.1 60.5 91 2.3
3.4 73.6 586.1 2.2
2.2 70.5 533.1 2.1
3.6 29.4 267.3 2.4
4.6 26.6 577 2.2
3.7 56.8 934.8 2.5
2.1 68.4 372 1.7
4.5 43.6 717.3 2
1.7 69.1 732.5 1.6
1.5 50.4 474.7 1.9
5 38.6 882.2 1.9
3.2 22.9 544.6 1.7
1.3 20.1 475.4 2.5
4.9 19.9 285.1 2.1
4.5 56.2 198.7 2.1
3.1 30.2 655.5 2
3.2 45.4 845.7 1.5
4.4 57.8 647.8 1.8
3 58.3 644.1 2.2
1.7 74 415.6 1.8
1.2 37.9 658.8 2
4.4 72.4 436.7 2.4
1.2 60 818.9 1.8
1.2 45.9 71.9 2.3
1.3 72.8 158.3 2.1
2.3 51.3 459.1 2.1
4 58.9 672.8 2
2.8 44.3 76.6 2
2.9 61.8 414.4 1.8
3 63.5 257.7 1.8
2.6 24.3 472 2.4
1.4 58.7 716.3 2.3
3.1 44 174.4 2.1
4.3 69.7 444.9 2.2
2.6 45.9 343.4 2.4
1.4 26.8 938.2 2.3
3.3 70.3 559.7 2.2
4.3 21.6 107.6 2.4
4.5 55.1 346.4 2
2.8 35.2 523.4 2.3
3.7 42.5 426.3 2.1
4.3 23 658 1.6
3.4 58.9 186.2 2.2
4 52.5 678.8 2.2
1 55.5 908 1.6
1.3 33.5 898.5 2.2
1.3 51.1 372.8 2.1
4.2 45.1 171.5 2.1
2.9 35.3 422.7 2.1
3.4 55.9 500.7 2.5
2.4 43.6 65.5 1.8
4.6 28.4 563.5 2.1
2.1 23.3 150.2 2.1
1 59.6 520.1 2.4
3.1 71.1 548.7 1.8
1.7 31.7 628.4 1.6
2 71.6 347.7 2.1
3.8 60.7 156.9 2.3
1.3 19.7 753.6 2.1
1.6 41.9 271.3 2.5
3.9 50.3 573.9 2.1
3 18 180.7 1.7
2.3 51.5 544 2.3
2 26.1 912.4 1.9
1.7 65.5 839.7 2.5
2.4 57.1 697 2.2
2 63.1 555.9 2.4
1.6 22.6 756.3 1.8
1.8 51.5 359.9 2.5
1.2 44.5 720.6 2.1
2.5 35.7 109.4 1.8
3.5 37.7 111.5 1.6
3.2 56 184.8 1.7
1.6 46.6 201.3 2.3
2.4 63.7 872.7 2.2
2.2 69 944.1 1.7
4.1 45.6 470.2 1.6
3 34.8 439.9 1.7
2.7 50.1 286.9 2.4
4.1 27 91 1.6
3.7 57.7 857.2 2.5
4.1 41.3 816.9 2.2
1.6 66.8 167 1.7
4.6 37.6 53.5 1.6
1.1 47.4 365.7 2.1
4.5 60.9 888 1.7
1.5 18.2 782.2 1.7
1.5 63.1 546.8 1.9
4.9 62.6 828.1 1.8
3 62.2 750.2 1.5
4 29.9 644.1 2.2
3.1 43.2 890.3 1.6
2.5 67.2 632.4 2.3
2.2 43.1 389.9 2.1
2 74.7 611.9 2.4
3 70.3 735.7 1.6
4.3 56.6 613.3 1.8
3.2 20.6 756.6 2
3.3 15.5 256.4 1.8
3.9 57.4 942.1 1.6
3.7 50.7 889.9 1.6
4 36.5 129.3 1.5
4 50.7 320 1.9
3.6 54.6 192.8 2.5
4.5 57.9 271.2 1.6
1.7 61.2 811.1 2
1.5 35.9 88.1 1.9
3.2 69.6 917.4 1.8
1.4 69.5 669.3 1.7
1.8 44.3 815.8 2.3
3.8 62.1 332 1.6
2.2 45.9 943.5 1.6
2.6 61.9 297.7 2.4
3.8 51.7 676.1 2
4.4 42.1 884.4 1.9
1.6 56.7 152 2.2
5 73.5 404.8 1.7
4.2 50.4 358.4 1.5
4.3 70 905.2 2.2
1.3 65.7 181 1.8
3.8 21 604.2 2.4
2.3 71.5 373.8 1.7
4.4 25.5 722.9 2.3
3.3 46.4 252.3 1.8
4.9 35.6 75.2 2.1
2.7 33.2 795.6 1.8
4.8 67.9 154.7 1.9
3.5 33 646.8 2.4
2.3 27.7 441.6 1.5
1.5 55 750.1 2.2
3.4 15.9 508.2 1.9
3.6 69.6 373 1.7
2.3 52.5 427.1 1.5
1.9 20 174.3 2.4
4.8 69.7 694.3 2.2
1.4 26.1 797.8 2.3
3.8 53.6 341.9 2.3
1.5 45.8 93.2 2
2.6 35.4 878.6 2.4
2.1 19.2 655.5 2.1
3.3 24.7 549.1 2.2
4.2 31.9 206.4 1.7
1 20.5 479.3 2.1
1.2 33.5 447.3 2.4
2.5 67.4 817.7 2
2.7 51.7 778.7 1.6
2.9 52.9 418.2 1.6
2.5 46.3 890.2 2
4.4 43.5 838.2 2.3
1.6 19.3 879.7 1.8
4.3 50.8 583.3 1.6
4.8 45.3 849.1 2.3
4.5 23.3 425.3 2
3.3 70.6 600.6 2
1.7 60.8 922.9 2.3
2.7 46.5 380.5 1.6
2.7 43.7 416.9 1.6
1.5 27.9 63.8 2.4
3.1 39.9 375.8 2.2
3.6 25.8 108.3 1.9
3.3 27.3 917.1 1.9
2 43 596.9 2.4
4.2 33.2 382.9 2.1
4.1 35.5 921.6 2
4.7 32.5 523 2.2
3.5 63.7 83.5 2.1
1.9 39.1 483.6 2.1
2.9 69.6 522.5 1.7
3.2 24.1 859.9 2.2
2.3 32.7 750.1 2
2 60.8 368.5 1.6
1.8 55.5 596 1.6
3.7 27 534.2 1.8
4.2 56.5 787.2 2.1
3.6 69.3 826.6 1.9
4.6 45.8 838.8 1.9
1.8 54.6 481.3 1.6
2.6 27.6 67.7 1.7
4.6 64.2 859 2.2
4.7 35.7 321.2 2.2
1.1 27 506.1 2
2.4 57.1 189.6 2.3
3.4 34.8 747.4 2.3
2.3 72.9 756 2.2
3.4 65.6 564.9 2.5
3.5 49.5 215.4 1.7
2.1 27.4 457.1 2.2
3.4 26.2 573.2 1.6
1 31.7 243.9 2.1
1.3 31.5 927.2 2.3
1.4 28.3 86.2 1.8
3 25.5 183.5 1.6
2.7 67.4 766.5 1.8
2 16.8 198.1 2.4
4.9 45.2 508.8 2
4.7 49.5 249.3 1.7
2 60.7 386.6 1.9
2.8 31.9 662.3 1.9
2.3 23.1 760.5 2.1
3.9 64.6 829.8 2.4
2.3 64.9 285.4 1.7
1 73.4 327 1.5
3.6 24.5 780.7 2.3
4.6 38.5 705.6 1.9
2.8 45.3 655 1.8
2.3 53.8 534.5 2
3 62.7 70.6 2.3
1.5 68.1 429.4 2
3.5 17.7 293.3 2
4 23.8 860.6 2.4
1.6 43.2 660.9 1.9
3.5 56.5 381.9 2
4.5 35.8 627.4 2.1
1.5 33.2 233.6 2.3
1.6 16.2 153.7 2
1.1 70.1 113.3 1.8
3.9 46.4 637.3 2.1
3.7 38.9 763.3 1.9
1.3 71.3 736.2 2.2
4.1 16.9 253.9 2.3
4.1 66.5 150.2 1.6
4.9 43.4 213.9 2.1
3.5 21.7 367.2 2.2
2.7 70.6 256.7 2
4.6 23.4 676.1 2.3
2.2 29.9 153.9 2.3
3.1 24.4 880.9 1.6
1.3 64.6 681.1 1.9
1.5 20.1 529.1 1.7
1.8 55.7 774.2 1.6
2.7 58.3 505.9 1.5
2.4 20.3 789.2 2.1
3.5 18.4 742.1 2.2
4.9 33 460.8 1.6
3 54.9 143 1.6
2.5 52.3 427.7 2.2
4.9 42.9 275.8 2
2.1 54.3 427.7 1.7
4.6 31.6 685.8 2.1
2.7 61.7 510.4 1.9
1.2 20.3 402.2 1.8
1.1 44.4 374.6 1.7
3.5 46.8 97.1 1.7
4.8 34.7 494.6 1.9
1.5 54 607.2 2
4.2 59.8 522.5 1.8
3.8 47 425.3 1.6
1.8 32.3 804 1.7
4 22.7 194.7 1.9
3.8 17.1 180.9 2.1
3.5 43 397.7 1.6
4.7 32.7 828.2 2.4
2.7 52.8 702.8 2.4
1.4 57.3 365.9 1.6
4.8 17 455.3 2.1
3.1 54.7 707.6 2.3
3.8 73.2 826.9 1.7
1.7 22.8 182.4 2.5
1.3 31.1 575.2 2.3
3.8 40.5 115.2 1.9
5 32.9 169 2.5
2.5 19.5 150.4 2.2
1.8 49.4 485.3 1.7
1.4 72.8 778 1.7
1.6 39.5 693 2.5
1.7 15.6 895.9 1.5
1.8 50 716.4 1.7
2.4 29.6 843.5 2.3
4.3 35.6 396.9 1.6
1.7 58.4 369.1 2.1
1.5 24.4 113.3 2.5
4 29.6 840.5 2.1
4.4 30.7 534.6 2
1.6 60.4 694.2 2
4.8 68.4 250.6 2.3
3.9 28 91.1 1.6
1.9 19.4 319.6 2.3
1.1 49.6 382 2.2
3.5 39.3 667.5 1.7
3.8 49.9 781.6 2.4
2 22.2 216.3 1.6
3.1 15.7 110 1.6
3.8 62.3 677.8 2.1
2.8 26.2 121.6 2
4.4 52.4 346.6 2.2
4.1 55.1 131.4 1.8
3.6 15.2 468.6 2.1
2.4 29.8 480.3 1.9
1.7 62 282.5 1.7
2 64.7 946.4 2.3
1.7 19.1 293.4 2.2
4.5 22.5 535.8 2.2
4.3 61.7 575.2 2.4
2.3 53 108.6 2.3
1.4 67.7 689.1 2.1
3.1 24.2 524.8 1.6
5 60.3 601 1.6
1.7 41.1 866.1 1.6
3.3 22.6 399 2.2
1.7 32.6 121.2 2.4
2 46.6 465.6 2.2
2.5 19.8 250.2 2
2.1 44.3 712.6 2.3
2.8 51.7 358.3 2.3
2.1 43.9 713.9 2.3
3.8 48.4 498.5 1.8
2.8 39.7 70.8 2.2
1.4 24.1 149.9 2.5
2.7 33.5 659.9 2
4.9 65.7 791.5 2.5
1.4 67.2 508.5 1.9
4.5 58 498.2 1.8
3.8 30.4 348.3 1.9
2 32.6 90.8 1.5
3.3 46.3 120.6 2.4
3.5 49.2 137.6 1.8
2 54.3 712.6 1.6
2.4 25.1 503 2.3
1.7 52.7 795.9 2.4
3.6 65.8 164.7 2.2
3.1 33.5 852.5 1.7
2.3 45.2 83.7 2.2
3.4 30.2 766 1.9
2.1 68.8 928.8 2.3
3.4 43.8 888.3 2.4
4 58.3 846.7 2.1
3.6 72.3 549.4 2.1
2.6 37.9 824 2.3
1.8 52.2 160.2 2
3.7 16.7 643.9 2.5
3.8 67.7 107.8 2.3
3.7 67.3 793.6 1.6
2.3 59.4 269.5 2.1
1.7 54.5 453.3 1.8
3.2 16.9 505.3 2
3.2 48 910 2.5
2.6 70.9 428.2 2
2.4 44.2 750.1 2.4
2.2 29.4 81.7 2.2
2.5 44.5 127.9 2
2.3 56.3 497.2 2.3
2.3 42.3 380.5 1.7
1.2 57.6 833.9 2
3.6 27.7 571.7 1.7
1.2 25.5 60.6 2.4
4.8 74.4 730.3 2
1.4 57.1 277.8 2.4
4.2 36.6 805.7 2.5
3.1 37.5 344.9 2.5
4.2 67.9 546.7 1.9
1.3 70.1 58.9 2.3
2.6 70.5 456.6 1.6
3.6 44 159.4 2.4
3.9 59.7 900.1 1.7
2.2 45.1 868.5 2.3
4.2 30 246.4 2.5
1.4 36.1 548.5 1.8
1.2 60.3 392 2.2
2.9 68.6 471.8 1.6
4.5 44.7 274.4 2.2
5 16.8 537.4 2
4.7 42.5 582.2 1.7
4.9 31.9 308.2 2.4
3.4 15.9 868.6 2
1.6 22.1 754.6 2.2
2.9 16.2 754 2.1
2.2 26.8 504.4 1.8
2.5 22.7 552.5 2
4.8 49.8 461.8 2.3
1.4 37.1 632.1 2.2
1.3 41.5 879.9 1.8
2.6 27 572.7 1.7
4.9 70 222.7 2
4.4 52.7 285.8 1.9
2.4 40.7 193.2 1.6
1.9 22.9 781.5 2.5
3.9 68.3 788.6 1.8
2.3 42.6 545.5 1.8
4.5 52.6 353.4 1.5
4.9 37.4 137.9 2.4
3.2 37.7 169 2
4.7 59.1 367.3 2.4
2.6 18.7 408.2 2.3
2.8 49.4 792.7 1.7
3.9 32.7 59.7 2.1
3.6 31.6 548.4 2.4
4.9 39.5 652.1 1.7
4.4 25 256 1.6
1.5 46.5 316.7 1.6
1.1 63.7 323.5 1.9
1 39.3 310.9 1.8
2.6 29.8 186.1 2.4
2 59.9 690.7 1.6
4.7 56.5 806.7 2.1
2.1 67.3 62.3 2.3
4.9 26.9 499.6 1.5
1.1 16.7 377.2 2.2
4.4 58.6 663.4 2.1
3.9 72 303.1 2.5
3.8 48.4 601.4 2.1
4.3 53.1 122 2.4
4 52.2 168.1 1.6
2.7 36.9 450.7 2.1
3 17.8 97.3 2.5
1.5 51 382.3 2.3
4 19.1 928.3 1.6
1.8 37.4 609.1 2.3
4.7 47.6 675.2 1.8
3.6 53.4 795.9 1.8
2.7 18.3 647.6 2.1
1.4 64.5 237.6 1.9
2.3 39.8 69.9 2
3.8 23.8 344.8 1.8
4.3 20.7 464.8 2.1
4.6 17.4 625.3 1.9
3.4 59.3 836.2 2
1.9 21.9 791.8 1.5
4.1 35.8 250 2.4
4.5 71 442 2.3
4.2 33.8 506.9 1.6
4.2 28.3 940.2 1.6
2.8 60.5 792.9 2.4
1.3 57.3 249.1 2.5
3.9 60.3 200.3 2
4.5 57.5 286 2.5
2.1 32.2 408.7 2.1
1.2 31.3 368.9 1.7
3.8 47.4 235.2 2.3
3.3 23.9 254.7 2
3.8 52.3 542.5 1.7
3.8 51.5 925.5 1.8
2.5 36.2 270.4 1.9
2 54 884.6 1.8
1.5 34.5 872.8 2.5
4.9 23.6 380.8 1.5
1 48.8 738.1 2
3.7 17.5 411 2.1
2.1 51.7 576.8 2.2
2.4 56.3 314.7 2.3
3.4 46.6 574 2
4.8 46.2 691.1 2.3
3.1 28.8 60.8 2.4
3.9 17.5 191.1 1.9
4 32.8 723.8 2.1
1.6 49.5 223.8 1.8
3.3 42 402.7 2.2
3.6 48.1 449.1 2.2
2.6 53.5 401.3 1.9
3.2 20.4 71.7 1.9
2.8 29.5 746 2.4
4.3 72.2 830.3 2.2
2.5 71.2 385.7 2
1.1 25.5 54.3 1.9
1.5 40.7 178.6 2
2.6 30.3 767.7 1.8
4.9 74.7 164.5 1.6
1.3 51.6 762.1 1.6
1 38.4 775 1.5
4.4 47.2 865.7 1.7
4.1 64.3 615.5 2.5
1.9 35.8 650.8 1.9
5 16 343.2 1.8
1.6 45.7 836.5 2.1
4.7 52.5 750.8 2.4
1.3 56.6 743.2 1.9
1.4 74.6 271.1 1.9
4.1 54.5 62.3 1.5
3.2 30.3 598.9 2.2
1.3 21 429.8 2
2.2 28.5 227.7 1.6
2.1 24.3 287.9 2.5
3.2 19.7 767.6 1.5
2.5 64.3 296.5 1.8
1.4 30.2 568.6 1.6
1.2 32.2 78.1 2
3.3 21 946.8 2.2
2.2 45.5 899.7 1.6
4.2 44.5 372.7 1.9
2 63.4 741.1 1.8
1.4 48.9 96.8 1.8
3.2 60.9 91.3 1.8
4.9 30.8 793.6 1.9
2.8 61.2 160.3 2.1
3.3 58 442.9 2.3
3 24.3 858.1 1.7
1.9 63.3 654.8 1.9
4.5 17 438.9 2
2.6 65.2 830.8 2.3
4.1 42.4 209.6 1.7
4.6 42.8 50.8 2.2
2.4 56.9 612.7 2.1
3.8 49.3 95.6 1.9
1.3 20.2 457.3 2.2
2.2 56.1 81.7 2.2
1.3 43 301 1.8
1.9 64.1 335.4 1.7
1.4 71.4 306.8 1.7
3.9 34.1 760.3 2
1.7 29.7 436.2 1.9
1.4 41 561.4 1.5
2.7 31.1 681.1 1.5
2.5 60.6 108 1.6
3.9 37.9 434.9 1.8
2.5 25.2 689.9 2.2
4.9 29.8 655.1 2.1
4.4 43.9 140.2 2
1.7 66.8 694.7 1.6
3.4 26 751.7 2.3
1.7 30.6 638.4 2.3
1.7 40.9 145.9 1.5
2.2 29.8 222.1 2.5
3.2 52 627 1.9
2 28.8 246.5 2.4
3.3 71.8 755.5 2.2
2.1 51.7 690.4 2.1
2.5 18.3 231.6 2.3
2.9 51.7 840.6 2.1
1.9 62 554.4 2
4.3 63.8 235.6 1.9
1.1 39.7 571.8 1.8
3.3 71.3 453.4 1.9
4 75 474.7 1.8
3.3 42.5 468.2 1.8
1.9 34.3 615.1 1.8
1.1 28.5 884.5 1.6
4 55.5 618.4 2.3
3.5 68.7 344.1 1.9
4.7 21.7 561.2 2.4
3 63.9 595.2 2.1
4.3 42 435.5 2.2
3.2 62 691.5 1.7
4.1 51.3 794.9 1.8
2 55.5 419 2.2
3.7 20.7 476.1 2.2
4.2 56.2 711.7 2.3
4.5 26.6 884.7 2.2
1.5 59.3 595 1.7
2.3 50 260.8 1.8
3.8 25.6 172.4 2.3
4.1 21.1 687.5 2.5
4.2 27.6 480.3 1.7
3.7 38.2 227.4 1.8
1.1 33.7 139.4 1.7
4 38.4 466 2.3
1.9 25 90.1 2.4
4.5 29.1 106 1.8
4.3 70.2 846.7 2.3
3.2 69.7 874.3 1.8
3.9 58.6 494 1.7
1.7 49.6 134.7 2
1.1 38.5 352.1 1.8
4.5 45.4 744.1 1.9
4.5 69.5 877.4 2.1
2.1 61.5 605.9 2.5
2.8 63.3 765.4 1.6
2.6 47.4 933.4 2
3.9 45 743.3 1.8
5 27.2 234.7 2.4
3.4 36.7 191.4 2
2.2 38.7 916 1.8
1.3 70.5 640.9 2.3
4.9 56.5 731.9 1.9
3.4 72.6 649.2 2.2
2.8 57.6 489.8 1.6
4.7 43.6 218 1.6
3.9 72.6 519 2.3
4 51 896.6 1.6
2.9 27.9 834.8 2
3.4 63.5 437.9 1.7
5 43.2 172.4 1.8
2.9 27.6 581.7 1.5
2.5 60.4 783.1 2.2
4.2 53.1 163.4 2.1
2.5 15.4 506.6 2.3
2.8 50 699.9 1.8
3.1 31.8 775.6 2.4
3.8 18.5 941.3 2.1
2.1 53.7 74.8 2.5
4 63.5 510.7 2.4
1.5 24.4 244.6 2.4
4.6 15.5 733.1 2.2
3.7 23.2 689 2.4
2.8 71.8 437.9 2.5
1.2 52 403.1 2.1
1.8 41.5 73.2 1.6
2 49.7 394.9 2.5
2.5 58 431.1 2.2
3.9 39.7 70.7 2.2
2.6 31.3 264.2 2.2
1.8 25 161.6 1.8
3.8 39.5 185.3 2.1
4.6 48.9 438.3 1.9
3 57.8 389.5 2.2
4.6 28.6 224.1 2.4
3.2 15.1 293.1 2.3
2.9 60.7 384.6 2.1
1.5 66.8 788.7 1.8
3.5 67.3 798.6 2.1
1.4 42.1 869.4 1.8
1.3 34 947.9 2.5
2 49.2 882.9 2.1
4.3 20.8 807.4 1.9
4.9 48.3 934 1.9
1.3 57.5 464.1 1.7
2.4 47.5 136.2 2.3
4.6 26 310.1 1.9
4.5 52.6 802.2 2
4.1 42.3 449 2
4.6 32.9 183.3 1.8
3.2 69.8 446.6 1.5
4.8 61.2 252.4 1.7
3.5 40.7 928.8 2.2
2.1 19.8 735.1 2
2.6 61.7 915.8 1.7
3.4 55.3 482.2 1.6
3.8 40 485.7 2
1.6 56.6 701.8 1.5
3.5 25 653.9 2.1
1.4 19.3 908 2.3
2.7 20.1 606.2 1.9
3.7 63.1 904.2 2.1
2.2 60.6 253.2 1.9
4.1 38.7 178.5 2
2.2 45.2 831.4 1.6
2 40.3 268.5 2.4
4.1 67.1 808.4 1.9
3.3 19.9 647.4 1.6
4.8 16 940.1 1.9
3.9 44.7 337.1 1.6
2.5 23.1 857.1 2.2
2.9 47.9 760.2 2.1
2.3 69 851.1 1.8
1.8 63.5 597.7 1.9
1.4 28.8 860.3 2.3
3.2 24.5 520.2 1.6
4.4 29.2 823.1 1.7
2.6 72 814.3 1.9
2.8 63.8 278.4 2
2.4 27.4 411.7 1.9
1.1 28.1 460.2 1.9
3.6 43.6 153.3 1.8
1.4 56.7 74.7 2
1.5 21.4 828.2 1.8
3.9 26.1 710.9 1.7
1.3 21 908.6 2.5
1.9 62.6 61.8 1.6
1.7 24.4 270.1 1.5
2.7 38.1 412.8 2.5
1.5 30.6 704.2 1.6
2.9 38.8 730.4 1.9
3.6 44.6 680.9 2.3
2.8 25.9 842.7 2.1
2.1 33.9 350 2.5
1.6 34.7 814.4 2.4
1.1 72.9 793.9 1.7
4.7 69.5 939.3 1.9
3.2 51.7 705.3 2.4
2.5 31.4 197.8 2
2.1 20.5 198.3 1.8
1.5 59.4 465.1 2.5
1.5 42.5 696 1.8
2.9 62.6 75.1 2.5
1.6 18.1 284 2.4
3.1 21.7 578.8 2.5
3.1 30.9 264.4 2.4
4.6 70.6 518.7 2.2
1.3 42.7 236.4 1.6
3.7 66.6 808.8 1.7
2.5 64.4 59.9 1.8
4.4 63.5 522 2.3
1.4 30.1 724.4 1.8
4 34 479.5 2.1
4.2 25.4 221.5 2.1
4.3 71.2 761.3 1.8
2.1 67.4 782.4 2
1.6 65.2 330.3 2.2
3.5 51.9 848.1 2.1
1.4 22.8 840.8 2.5
2 67.1 857.1 1.6
2.6 27.5 279.4 1.8
3.6 33.8 529.4 2.1
3.1 43.7 767.2 2.1
3.8 45.1 467.2 2
1.6 66.1 600.1 1.6
4.3 45.6 97 2.1
3.1 74.8 64.2 1.7
4.6 40.9 621.4 1.9
2.1 43.8 129.3 2.3
3.2 23.3 724.6 2
2.5 22.2 285.3 1.8
2.7 31.3 455.2 2.5
3.1 28.2 369.5 2.3
3.3 69.2 790.8 2
1.1 54.6 247.1 1.7
4 32.2 216.4 1.9
3 15.8 500.6 2.2
4 31.2 692.7 1.7
5 38.4 810.3 1.7
1 22.5 565.8 2
1.8 69.4 643.3 1.6
4 48 829.4 2.2
3.4 26.8 577.6 2
2.9 32.5 470.8 1.6
5 60.5 620.7 2.4
1 70.8 69.9 1.8
5 62.3 885.7 2.4
2.9 47.6 90.7 2
4.2 58.1 506.3 2.5
1.5 59.5 192.4 1.8
3.5 37.8 338.7 2.2
3.3 67.3 833 2.1
4.4 63 161.1 1.9
2.5 35.7 232.8 1.6
2.6 49.5 761.9 2.2
4.2 22.4 405.5 1.7
4.9 57.2 167.4 2
2.9 28.4 839.3 2.5
2.4 20.4 886.9 2.4
1.2 56.1 122.7 1.8
1.9 25.1 488.3 1.5
3.4 43.8 358.6 1.6
1.8 20.3 282.2 2.1
3 18.4 194.3 2.5
1.1 41.7 844.4 2.3
4.3 63.5 190.5 2.1
3 46.5 883.9 1.5
4.7 44.2 259.6 1.9
4.3 43.6 702 2.5
2.3 52.8 120.1 2.2
3.5 43.9 667.5 1.8
1.1 45.6 430.3 1.7
1.8 27.9 226.6 1.6
2.6 58.7 792.4 2.3
2 21.4 574.5 2.2
2.5 16.5 284.7 2
4.9 64.2 387.2 1.7
2 50.4 898.7 2.3
1.5 16.6 796 2.1
5 39.2 495.5 2.1
4 23.8 73.3 2.5
2.7 37.8 146.5 2.3
4.9 33.6 406 1.9
1.7 18.1 535.3 2.1
1.3 65 587.1 2.4
4.6 68.3 385 2.3
4.2 67.8 731.3 1.7
4.6 48.2 340.5 1.8
4.3 38.3 826.8 1.8
3.1 39.5 485.6 2.3
2.8 21.4 504.6 1.6
3.8 68.1 753.9 2.4
2.7 45.1 883 1.8
2.4 49.4 797.5 1.7
2.2 61.9 734.6 1.6
4.3 54.9 308.3 2.5
4 28.7 426.2 2.4
4.8 65.7 56.9 1.5
2.3 57.4 167.7 2
4.4 56.7 880.5 2.5
3.2 72.7 294.4 2.2
1.4 25.6 215.9 1.8
4.6 62 456.8 1.5
2.4 21.1 346.8 2.4
4 60.5 402.8 2.3
1.4 47.4 497.8 2.2
2.2 44.1 371.4 2.2
3.6 29.1 635.8 1.6
4.7 24.3 828.4 1.5
1.2 48 742.5 2
3.9 64.6 885.1 1.8
4.6 27.3 852.8 1.9
2.3 74.1 939.8 2.2
1.4 47.5 135.6 1.8
3.5 60.3 55.4 1.9
3.2 74.5 427.1 2.1
3.3 63.1 883.4 2.2
4.7 70.8 869.7 2.4
2.9 53.5 823.5 1.5
3.9 36.5 913.9 2.2
3.2 29.4 244 2.1
2.5 15.6 640.3 2.4
2.8 48.3 935.3 2.2
3.7 53.7 723.5 1.9
3.8 48 101.9 2
1.3 70.4 828.5 1.5
2.2 27.7 561.6 2
2.1 30.9 941.7 2.2
1.1 28.8 452.7 1.5
1.1 55.8 151.4 1.9
3 35.2 230.2 2.2
3 32.5 311 2.1
1.4 28.6 265.5 1.9
4.9 51 925.1 2.4
4.9 37.3 375.4 1.8
2.9 50 70.2 2.1
2.5 39.5 694.8 1.5
3.6 34.1 848.3 1.8
3.8 43.8 947.6 2.4
2.2 16.5 168.1 1.6
4.7 55.1 623.4 1.8
4 51.7 455.1 1.9
3.9 37.3 282 2.4
4.7 34.8 860.4 1.8
4.8 58.9 218.3 2.2
3.9 72.3 249.9 1.5
3.8 22.8 905.9 2.4
1.6 36.2 631 2.1
2 27.8 537.5 2.4
2 56 186.4 1.9
4.6 55.5 113.2 1.9
1.7 23.4 250.4 2.5
2.6 28.4 648.7 2.1
3.9 32 628.5 1.6
4.6 70.1 864.8 2.3
3 65.3 62.9 2.2
1.3 24.7 201.1 1.9
1.4 61.7 504.2 1.7
3.7 42 508.2 1.6
3.3 64.1 198.9 2.2
2.9 44.6 721 1.8
2.2 31.7 381.7 2
3.4 24.3 870 2.5
3.2 60.8 391.2 2.2
3.3 22.9 510.6 2.4
4.6 38.8 810.1 2.2
3.2 57.6 427 1.9
3.7 17.9 684.4 1.6
3.7 58.1 703.2 1.6
2.6 47 447.2 1.8
2.3 32.7 382.9 2.4
1.9 57.8 74 2
2.4 51 183.9 1.7
4.5 55.3 948.4 1.6
4.5 49.8 134.2 1.7
4.2 48 521.2 2.1
1.6 37.7 70.5 2.5
3.3 32.3 528.9 2.2
2.5 36.8 678 1.9
4.4 66.1 739.6 2.1
2.8 71.8 932.7 2.4
4.6 41.9 483.2 2.3
1.5 33.3 348.9 2.2
1 57.7 307.7 2
4.4 28.5 417.6 1.6
2.2 29.3 509.9 2.1
4.4 28.1 102.4 1.8
3.4 74.3 210.1 2.3
3.4 23.4 117 1.8
4.5 28.3 410.9 1.6
3.5 44 306.4 1.8
1.1 48.6 814.5 1.6
1.6 17.7 215.3 2
4.5 15.7 731.6 1.6
4.6 39.4 362 1.8
1.3 61.4 102 1.7
2.1 48.7 256.9 2
3.1 26.6 120.6 1.8
1.6 24.8 424.7 2.3
2.5 48 906.1 2.5
2 46.9 935.3 2.4
3 64.2 707.3 1.7
3.4 70.4 152.4 2.1
4.1 59.4 104.3 1.8
4.8 22.7 67.6 1.6
2.2 47.1 691.9 2.1
2.4 72.8 456.3 2.4
3.2 61.2 942.2 2.4
4.3 29.6 433.1 2.4
3.9 73.6 488.8 1.9
2.7 34.5 160 1.8
1.7 27.2 833.6 2.1
4.5 68.2 701.1 2.2
2.2 56.3 378.3 2.4
5 24.9 495.1 2
2.8 34.2 518.5 2
1.6 66.3 95.8 1.7
2.8 64.2 308 2.4
1.6 26.7 184.5 2.3
3.2 41.1 223.9 2
3.5 58.5 59.5 1.7
2.3 58 611.1 1.7
3.2 19.6 369.9 2.1
1.5 20.1 52.1 1.9
1 54.9 115.2 1.6
2.1 29.9 119.6 2.5
1.7 33.4 108.6 2
1.5 26.6 764.1 2
2 33.7 460.7 2.4
1.4 16.1 496.3 2
3.3 32.9 102.2 2.4
2.5 58.2 941.5 2.5
1.9 24.8 911.1 1.9
3.2 50.8 750.4 2.4
4.7 24.7 570.5 2.4
3.8 60.6 460.1 1.8
3 40.2 63 2
3.3 54.8 673 1.6
2.7 44 684 2.3
3 52.1 288.3 2.1
3.5 67.5 602.5 2.2
4.9 45.4 397.3 2.1
1.3 64.9 260.7 1.9
1.5 62.6 351.2 2.4
2.2 28.2 683.7 1.9
3.8 68.7 162 2.4
3.3 71.8 584.3 1.8
4.2 51.7 444.6 2.1
2.5 16.1 270 2.3
4.9 56.7 326.3 1.5
4.1 46.3 354.4 1.8
4.7 24.9 112.7 2.2
4.8 65.4 550.8 1.9
3.9 30.3 251.1 2.3
2.2 61.9 118.6 2.4
2.9 39.3 933 1.6
2.6 17.4 865.7 1.6
4 55.9 767.4 2
4.5 51.1 58.6 1.5
2.3 25.5 838.2 1.9
3.1 53.9 213.4 2.1
3.8 29 749.5 2.4
2.5 65.9 114.4 1.6
2.5 68.1 379.3 2.3
1.4 34 558.8 1.6
2.9 70.4 777.1 1.7
1.2 37.5 129.7 2.3
4.9 67.5 790.2 1.5
2.7 26.5 391.2 1.8
4.2 52 676.6 1.8
1.3 62.4 429.6 1.9
2.5 33.4 630.3 1.7
4.5 47.4 847.3 2.2
1.1 70.9 154 1.6
3.6 55.2 579.5 2.1
5 44.6 839.7 1.6
4.5 25 181.6 1.8
1.8 25.5 179.4 2.3
3.8 58.4 243.2 1.9
3.9 36 882 1.6
3.5 39.2 728.8 2.1
4.4 15.9 897.6 2.3
4.7 70.8 645.7 2.3
1.3 74.7 684.6 2
1.5 49.9 314.4 1.6
1.5 62.9 274.3 2.2
4.6 44.1 563 1.5
3.5 52.6 450 1.6
1.8 36.8 564.7 1.9
4.8 32 717.9 2
2.6 60.9 645.4 1.6
3.5 50 384.9 2.4
4 72.5 893.8 1.7
4.3 66.3 341.6 1.9
2.7 47.4 923.8 1.6
1.5 51.6 832.6 1.5
4.6 37.6 471.2 1.7
1.7 34.6 754.8 2.3
3.6 40.8 494.8 1.6
3.2 39.2 308.5 1.8
4.8 50.3 56.6 2
1.3 32.1 534.7 2.4
2.4 21.6 384 2.4
1.5 59.3 400.1 2.3
3.4 32.5 311.6 2.3
2.4 19.6 679.6 1.9
3.9 49.6 431.5 1.8
2.9 35.4 158.9 1.7
2.5 33.8 683.9 2.1
2.3 59.5 539.9 1.6
1.4 48.4 687.6 2.2
4.9 43.5 243.1 2.4
2.2 36.4 800.3 1.7
4.3 27.3 574.3 1.9
2.3 21.5 871.3 1.7
2.4 23 665.5 1.8
3.4 59.4 615.8 1.7
4 16.8 172.1 2.5
3.5 62.2 787.7 2.1
4.7 61.9 897.1 1.5
4 20.3 737.1 2.2
1.5 34.7 864.8 1.9
4.1 53.2 623.2 1.6
3.1 48.1 366.3 2.4
3.6 29.9 447.5 1.9
4.3 23.8 423.1 2
1.8 56.3 187.1 1.5
4.6 20 236.2 2.2
4 21.2 912.5 1.7
3.2 56 189.3 1.9
2.1 55.2 647.3 2.5
3.4 26.1 450 1.8
2.6 15.7 143.9 1.6
2 55.2 203.6 1.8
3.9 30.1 581.5 2.4
3.6 35.6 141 2.4
1.6 45.7 122.3 2.5
4.5 47.9 140.2 2
1.7 40.4 851.4 1.9
3 60.5 403.3 1.7
2.3 34.5 742.4 1.7
2.7 34.4 544.8 2
2.3 70 884.1 2.4
1.7 17.8 402.7 1.7
2.3 57.1 827.9 2.3
1.1 58.9 729.5 2.4
4.4 73 172.4 1.8
3.3 31.7 632.7 1.6
1.3 31.2 537.8 1.7
2 65.8 103.9 1.7
3.3 42.2 297.4 2.3
2.5 63.5 722.4 1.9
4.6 23.8 811.8 1.9
2.6 66.1 164.7 2
4.9 47.5 824 2.3
1.8 37.5 69.3 1.8
1.1 16 378.4 2.4
3.5 29.2 364.4 2.3
4.7 32 242.9 2.1
1.2 39.8 478.3 2.2
2.1 60 357.6 1.9
1.7 55.1 467.5 2
1.2 26.1 946.1 1.5
2 64.1 496.4 2.2
2.2 67.7 607.8 2.3
1.3 25 343.2 1.7
4.2 57.5 281.3 2.4
4.5 59.5 492.4 1.9
3 16.1 313.7 2.5
4.1 70.1 302.9 2.2
4.8 29.4 391.1 2.2
4.2 67.7 77.4 1.6
1.8 69.1 499.9 2.2
4.1 17.1 389.9 2.2
2.4 27.1 88.7 2.1
3.9 46.3 759.7 1.9
1.7 39.6 477.6 2.4
4.2 17.7 725.2 2.4
3.6 61.7 864 1.8
4.5 62.2 666 1.7
2.8 56 130.2 1.6
4.1 49 890 1.5
4.8 41.9 70 2.1
2.2 48.4 843.8 2.3
4 72.4 66.3 1.9
2.3 16 115.3 1.7
3.6 23.7 541.6 2.3
4.7 15.9 789.8 1.5
4 58.3 934.6 2.3
2.7 15.6 487.1 1.5
3.5 63.7 276.4 2
2.7 35.2 908.4 1.7
1.8 28.9 416 2.1
2.5 21 887.1 1.8
4.3 73.1 871.6 2.1
2.8 58.7 813.1 1.7
2.7 43.1 708.7 1.6
3.1 17.6 528.6 2.1
4.5 50.2 933.6 1.9
1.8 56.3 579.6 1.9
3.3 58.7 697.8 1.9
4.5 26.4 337.5 1.9
2.5 51.2 624.3 1.6
2.1 38.9 639.3 2.3
1.5 71.9 404 2.4
1.8 33.3 229.7 1.8
2 42.6 533.7 1.5
3.9 34.5 329.5 1.5
1.5 19.7 299.5 2.1
2.5 22.9 212.3 2.3
3.2 45.5 245.7 1.7
5 42 156.1 2.2
4.9 59.2 940.5 1.8
4.5 60.7 355.8 1.9
1.9 55.9 916.8 2.3
1.8 20.9 52.4 1.6
3.6 61.7 124.1 2.5
3.2 54 175.8 1.8
2.1 45.9 187.5 2
4.3 37.6 453.2 2.3
1.8 28.4 939.1 2.1
1.4 56.7 931.4 1.9
1.6 40.7 712.4 1.8
3.3 28.2 831.9 2.3
1.6 43.6 724 1.8
4.2 17.4 215 2
2.7 72.7 844.9 2.5
3.2 31.8 870 2
2.4 57.9 215.7 1.9
2.2 57.7 204.5 1.9
2.2 36.9 450.5 1.6
1.4 69.9 871.3 2.3
4.1 31.4 751.9 1.9
1 74.6 301.3 1.7
3.5 61.1 585.6 1.8
4.3 33.5 854.5 2
2.1 37.1 467.5 1.8
1.3 52.9 202.4 2.3
1.6 59.2 103.1 2.3
2.7 55 398.2 2.1
2.3 35.1 233.6 2.4
2.3 24.9 190.9 1.8
2.1 44.1 79.8 1.7
1.7 23.4 340.5 2.2
4.6 26.7 733.3 2.1
1.4 29.8 883.1 2.4
1.2 41 412.6 2.2
3.3 51.1 273.8 2
4.8 43.5 924 1.7
3.4 51.8 474.6 2.4
1.7 66 434.6 2.3
1.7 23 604.7 1.8
4.2 47.8 636.7 2.4
4.1 18.8 689.8 1.6
1.8 19.6 437.8 2
2.2 32.9 793.6 1.8
2 68.8 274.1 2.4
4 30.6 797 1.8
1.9 63.6 421.1 1.7
1.5 16.7 55.1 2.1
2.3 70.2 458.2 2.1
3.1 37.1 630.8 2.3
1.4 38.6 517.7 1.6
1.8 19 730.9 1.7
5 22.7 392.5 2.5
1.5 38.7 61.8 2.1
3.5 59.1 588.5 1.9
3.4 21.9 123.2 2.3
3 39.9 440.4 1.8
4 25.9 74.1 2
4.7 24.4 865.5 2
2.6 18.7 578.9 1.5
3.5 65.2 701.3 2
4 31.6 470 1.7
1.2 66.5 766.4 2.3
4.2 72.2 417.7 1.8
4.5 62.9 617.3 2.4
1.2 41.5 316.1 1.9
3.7 22.4 138 1.7
2.7 72 107.1 2
0.3 0.2 0.3 0.2 0.4 0.3 0.4 0.2 0.2 0.4 0.3 0.2 0.3 0.2 0.3 0.2 0.2 0.3 0.3 0.3 0.4 0.3 0.3 0.3 0.2 0.3 0.4 0.3 0.3 0.3 0.3 0.3 0.3 0.3 0.2 0.3 0.2 0.4 0.4 0.2 0.4 0.2 0.2 0.3 0.3 0.3 0.3 0.4 0.3 0.4 0.4 0.4 0.3 0.3 0.3 0.2 0.2 0.3 0.3 0.4 0.4 0.3 0.3 0.3 0.2 0.3 0.2 0.4 0.4 0.3 0.2 0.4 0.4 0.4 0.3 0.3 0.3 0.2 0.2 0.4 0.4 0.2 0.4 0.3 0.2 0.3 0.3 0.2 0.2 0.4 0.2 0.3 0.3 0.3 0.3 0.4 0.2 0.4 0.3 0.2 0.3 0.3 0.4 0.2 0.3 0.3 0.2 0.3 0.3 0.3 0.3 0.3 0.4 0.3 0.3 0.4 0.3 0.3 0.2 0.2 0.2 0.3 0.3 0.3 0.3 0.3 0.3 0.2 0.2 0.4 0.4 0.2 0.3 0.2 0.3 0.2 0.2 0.3 0.4 0.4 0.3 0.2 0.3 0.4 0.3 0.3 0.3 0.2 0.2 0.2 0.2 0.3 0.2 0.3 0.3 0.2 0.3 0.3 0.2 0.2 0.3 0.2 0.3 0.3 0.3 0.4 0.3 0.3 0.2 0.3 0.3 0.3 0.2 0.4 0.3 0.4 0.3 0.3 0.4 0.2 0.2 0.3 0.2 0.3 0.4 0.2 0.3 0.4 0.2 0.2 0.3 0.3 0.3 0.2 0.4 0.4 0.2 0.3 0.2 0.4 0.3 0.3 0.2 0.2 0.3 0.2 0.3 0.2 0.3 0.2 0.2 0.3 0.4 0.4 0.2 0.2 0.3 0.4 0.4 0.4 0.4 0.3 0.4 0.2 0.3 0.4 0.3 0.3 0.2 0.2 0.4 0.3 0.4 0.3 0.3 0.3 0.4 0.2 0.4 0.3 0.3 0.4 0.3 0.2 0.3 0.3 0.3 0.3 0.3 0.2 0.3 0.4 0.4 0.2 0.3 0.3 0.3 0.3 0.4 0.3 0.3 0.3 0.4 0.3 0.3 0.3 0.4 0.2 0.3 0.2 0.3 0.3 0.4 0.3 0.2 0.4 0.4 0.3 0.4 0.3 0.3 0.3 0.4 0.3 0.3 0.3 0.2 0.3 0.3 0.3 0.2 0.2 0.4 0.3 0.4 0.3 0.3 0.3 0.2 0.4 0.4 0.3 0.3 0.4 0.4 0.2 0.3 0.3 0.2 0.3 0.3 0.3 0.4 0.3 0.3 0.4 0.3 0.3 0.3 0.3 0.3 0.3 0.3 0.2 0.3 0.3 0.2 0.2 0.3 0.3 0.4 0.3 0.3 0.3 0.3 0.3 0.3 0.3 0.3 0.3 0.2 0.3 0.4 0.3 0.4 0.3 0.4 0.3 0.3 0.3 0.2 0.2 0.3 0.4 0.2 0.4 0.4 0.3 0.3 0.2 0.4 0.2 0.4 0.3 0.2 0.3 0.2 0.3 0.4 0.3 0.3 0.4 0.4 0.3 0.3 0.3 0.4 0.4 0.2 0.3 0.3 0.4 0.3 0.2 0.4 0.4 0.2 0.3 0.4 0.3 0.3 0.4 0.2 0.3 0.3 0.3 0.3 0.3 0.2 0.4 0.4 0.2 0.2 0.3 0.3 0.3 0.4 0.3 0.3 0.4 0.3 0.2 0.3 0.4 0.4 0.2 0.2 0.3 0.3 0.2 0.4 0.3 0.3 0.4 0.3 0.4 0.3 0.2 0.2 0.4 0.2 0.3 0.4 0.3 0.2 0.3 0.2 0.4 0.2 0.2 0.3 0.2 0.4 0.4 0.3 0.4 0.2 0.3 0.4 0.4 0.3 0.3 0.4 0.3 0.3 0.2 0.3 0.3 0.4 0.4 0.3 0.4 0.3 0.4 0.3 0.4 0.3 0.4 0.3 0.3 0.2 0.4 0.3 0.3 0.2 0.3 0.3 0.3 0.2 0.2 0.3 0.3 0.3 0.3 0.4 0.2 0.3 0.3 0.3 0.2 0.3 0.2 0.4 0.2 0.4 0.2 0.3 0.4 0.4 0.3 0.3 0.3 0.4 0.4 0.2 0.4 0.4 0.3 0.2 0.3 0.2 0.3 0.4 0.3 0.3 0.2 0.2 0.2 0.3 0.4 0.3 0.4 0.2 0.3 0.2 0.4 0.3 0.2 0.4 0.3 0.2 0.3 0.3 0.2 0.3 0.3 0.3 0.3 0.3 0.3 0.4 0.2 0.3 0.2 0.3 0.2 0.4 0.4 0.3 0.4 0.4 0.4 0.3 0.3 0.4 0.3 0.3 0.4 0.3 0.3 0.3 0.3 0.2 0.3 0.3 0.3 0.3 0.3 0.3 0.2 0.2 0.3 0.4 0.4 0.3 0.2 0.3 0.4 0.3 0.3 0.3 0.4 0.4 0.4 0.3 0.4 0.2 0.3 0.3 0.3 0.3 0.3 0.2 0.2 0.3 0.3 0.2 0.3 0.3 0.4 0.3 0.3 0.2 0.3 0.4 0.3 0.2 0.3 0.3 0.3 0.3 0.2 0.4 0.3 0.3 0.4 0.4 0.2 0.3 0.3 0.2 0.2 0.3 0.3 0.3 0.2 0.3 0.3 0.2 0.2 0.4 0.4 0.4 0.2 0.3 0.4 0.3 0.3 0.3 0.4 0.4 0.2 0.2 0.3 0.4 0.3 0.3 0.2 0.3 0.3 0.3 0.2 0.4 0.3 0.2 0.3 0.2 0.2 0.2 0.3 0.3 0.3 0.3 0.4 0.2 0.3 0.2 0.4 0.3 0.3 0.4 0.3 0.4 0.4 0.4 0.4 0.2 0.3 0.2 0.3 0.3 0.4 0.4 0.3 0.3 0.4 0.4 0.3 0.3 0.4 0.3 0.3 0.3 0.4 0.3 0.2 0.3 0.3 0.3 0.3 0.3 0.3 0.2 0.3 0.3 0.2 0.2 0.3 0.4 0.3 0.2 0.3 0.4 0.3 0.3 0.4 0.3 0.3 0.3 0.2 0.3 0.2 0.3 0.2 0.2 0.4 0.3 0.3 0.3 0.2 0.4 0.3 0.3 0.3 0.3 0.3 0.3 0.2 0.3 0.4 0.3 0.3 0.3 0.4 0.2 0.2 0.4 0.3 0.3 0.4 0.3 0.4 0.2 0.4 0.2 0.4 0.4 0.3 0.3 0.3 0.2 0.3 0.2 0.2 0.2 0.3 0.4 0.4 0.2 0.4 0.4 0.2 0.4 0.3 0.3 0.3 0.3 0.4 0.3 0.3 0.3 0.3 0.2 0.3 0.2 0.3 0.4 0.3 0.3 0.2 0.2 0.2 0.4 0.3 0.4 0.3 0.4 0.4 0.3 0.4 0.3 0.3 0.2 0.3 0.3 0.4 0.2 0.2 0.3 0.3 0.3 0.4 0.4 0.3 0.4 0.3 0.3 0.2 0.2 0.3 0.2 0.3 0.3 0.3 0.3 0.3 0.4 0.3 0.4 0.3 0.3 0.2 0.3 0.2 0.3 0.3 0.4 0.4 0.2 0.2 0.3 0.3 0.2 0.4 0.3 0.4 0.3 0.4 0.4 0.3 0.4 0.2 0.4 0.4 0.3 0.3 0.4 0.2 0.3 0.3 0.4 0.3 0.3 0.3 0.2 0.3 0.4 0.3 0.2 0.3 0.3 0.2 0.4 0.4 0.3 0.3 0.3 0.2 0.3 0.3 0.2 0.3 0.3 0.3 0.4 0.3 0.3 0.3 0.3 0.4 0.4 0.3 0.2 0.3 0.3 0.4 0.3 0.3 0.2 0.4 0.4 0.3 0.2 0.4 0.4 0.3 0.3 0.2 0.3 0.3 0.4 0.2 0.3 0.2 0.3 0.3 0.2 0.3 0.4 0.4 0.3 0.3 0.2 0.3 0.2 0.4 0.4 0.2 0.3 0.3 0.4 0.3 0.3 0.2 0.2 0.2 0.3 0.3 0.4 0.3 0.4 0.2 0.4 0.2 0.3 0.2 0.3 0.3 0.2 0.3 0.3 0.2 0.3 0.4 0.4 0.2 0.3 0.2 0.3 0.3 0.4 0.2 0.3 0.4 0.2 0.2 0.3 0.3 0.4 0.4 0.3 0.3 0.3 0.3 0.2 0.4 0.3 0.3 0.3 0.3 0.3 0.4 0.3 0.4 0.4 0.3 0.4 0.2 0.3 0.3 0.4 0.4 0.3 0.4 0.3 0.3 0.4 0.3 0.3 0.3 0.4 0.3 0.3 0.3 0.3 0.3 0.3 0.3 0.3 0.4 0.4 0.3 0.4 0.3 0.3 0.3 0.3 0.3 0.3 0.4 0.4 0.4 0.3 0.3 0.2 0.3 0.3 0.4 0.2 0.3 0.3 0.4 0.3 0.2 0.3 0.2 0.3 0.4 0.3 0.2 0.3 0.3 0.3 0.4 0.3 0.2 0.4 0.2 0.3 0.3 0.2 0.4 0.3 0.4 0.3 0.2 0.3 0.4 0.2 0.2 0.4 0.2 0.2 0.3 0.3 0.4 0.4 0.4 0.4 0.4 0.3 0.3 0.3 0.4 0.4 0.3 0.4 0.3 0.2 0.2 0.3 0.4 0.2 0.2 0.2 0.4 0.4 0.3 0.4 0.2 0.3 0.2 0.2 0.3 0.3 0.3 0.3 0.3 0.2 0.3 0.3 0.2 0.3 0.4 0.3 0.3 0.2 0.3 0.3 0.3 0.3 0.4 0.2 0.3 0.2 0.3 0.3 0.4 0.4 0.4 0.3 0.3 0.4 0.2 0.2 0.4 0.2 0.4 0.2 0.3 0.3 0.3 0.2 0.3 0.3 0.3 0.4 0.2 0.2 0.2 0.3 0.3 0.2 0.4 0.3 0.3 0.3 0.3 0.3 0.4 0.4 0.3 0.4 0.3 0.4 0.4 0.3 0.3 0.3 0.3 0.3 0.3 0.3 0.3 0.4 0.3 0.4 0.3 0.3 0.3 0.4 0.4 0.2 0.4 0.2 0.2 0.2 0.4 0.2 0.3 0.3 0.3 0.3 0.4 0.2 0.3 0.3 0.3 0.2 0.3 0.3 0.3 0.3 0.4 0.3 0.3 0.3 0.2 0.2 0.3 0.2 0.3 0.3 0.2 0.3 0.3 0.2 0.3 0.3 0.3 0.2 0.2 0.4 0.2 0.4 0.3 0.2 0.4 0.4 0.3 0.3 0.2 0.3 0.4 0.2 0.4 0.2 0.2 0.4 0.4 0.2 0.3 0.3 0.3 0.3 0.3 0.3 0.2 0.2 0.4 0.4 0.3 0.3 0.4 0.3 0.3 0.3 0.3 0.2 0.4 0.4 0.2 0.4 0.3 0.4 0.3 0.2 0.4 0.3 0.4 0.3 0.2 0.3 0.3 0.2 0.2 0.3 0.4 0.3 0.3 0.3 0.3 0.3 0.3 0.4 0.3 0.2 0.3 0.3 0.3 0.3 0.2 0.4 0.4 0.2 0.4 0.2 0.4 0.3 0.4 0.3 0.3 0.2 0.3 0.3 0.2 0.3 0.3 0.3 0.4 0.3 0.3 0.3 0.4 0.3 0.3 0.3 0.3 0.2 0.3 0.2 0.3 0.2 0.3 0.3 0.2 0.4 0.2 0.4 0.4 0.3 0.2 0.2 0.3 0.3 0.3 0.3 0.3 0.3 0.3 0.3 0.3 0.2 0.4 0.3 0.3 0.3 0.4 0.3 0.2 0.4 0.4 0.2 0.3 0.3 0.3 0.3 0.3 0.3 0.2
8 27 34 169 159 10 6 21 117 21 121 174 111 68 23 139 109 111 63 95 165 66 103 73 117 92 37 85 175 133 56 40 177 163 46 85 45 117 99 70 152 16 106 163 73 71 1 123 33 1 91 103 156 156 100 170 18 125 117 62 11 52 119 34 106 93 6 73 141 51 37 30 16 5 106 38 23 125 76 145 74 165 4 110 60 2 171 97 171 160 20 1 84 134 88 110 136 138 53 163 48 147 37 73 134 106 116 156 118 76 4 25 35 5 176 46 44 121 165 175 25 100 14 134 176 83 131 31 180 87 137 169 24 32 57 114 93 76 83 100 80 79 45 96 175 85 67 9 18 19 10 49 157 13 85 34 112 180 103 63 13 147 23 90 54 137 160 148 79 19 144 50 96 59 113 127 24 61 59 3 174 10 169 14 33 62 146 86 160 20 8 80 90 123 53 57 162 42 62 127 61 10 165 152 27 17 40 40 162 141 23 22 32 108 120 16 127 91 115 89 137 101 53 165 47 141 63 141 30 142 66 24 151 12 119 16 16 56 104 13 45 135 55 83 96 5 63 135 80 104 44 113 84 145 147 80 125 154 8 138 86 124 150 12 178 106 76 50 154 117 164 60 14 62 88 49 66 65 36 68 140 20 134 90 117 163 94 151 142 109 136 145 176 180 172 166 45 72 162 54 49 91 165 169 15 118 163 169 168 99 69 146 118 34 179 146 95 14 53 84 34 166 145 99 13 10 45 132 130 6 12 1 112 171 73 5 82 115 173 151 42 2 42 54 86 64 64 120 83 158 140 151 77 77 159 3 28 29 83 83 52 76 85 27 101 19 153 139 175 150 126 99 132 180 119 79 120 61 20 126 7 161 128 90 28 26 158 122 73 47 54 160 131 158 146 145 96 40 23 46 13 6 33 157 120 121 90 18 40 129 98 170 51 75 54 119 13 106 105 14 30 125 137 133 156 56 88 41 153 179 112 141 116 9 141 11 83 143 125 119 88 99 90 23 31 113 79 147 155 114 128 119 121 29 82 60 167 76 152 1 93 10 169 138 137 64 150 28 79 62 125 34 49 179 125 168 7 145 175 59 148 100 82 87 175 96 112 180 71 22 36 11 172 170 31 52 11 51 9 138 82 167 37 96 71 104 68 134 53 36 140 174 35 116 142 62 143 104 50 98 63 49 67 30 8 22 72 76 28 29 10 52 81 144 160 180 9 103 174 94 80 61 139 63 172 152 96 12 127 40 123 155 178 141 122 122 154 49 76 3 179 60 51 84 96 82 110 4 166 70 13 63 127 120 176 89 55 152 101 110 121 7 12 98 141 83 71 90 22 115 78 138 59 146 56 154 119 106 57 94 158 174 64 43 163 155 14 170 134 180 33 60 35 49 179 21 148 109 52 22 100 5 11 96 95 66 22 43 17 28 91 41 108 148 174 100 136 116 48 144 177 69 95 170 119 62 23 87 142 141 50 19 127 159 12 83 147 115 73 141 130 96 58 175 167 7 90 3 32 34 57 103 169 11 81 118 150 75 76 33 17 99 92 32 60 175 110 97 110 86 63 154 134 39 1 124 81 126 143 59 29 130 46 139 60 57 69 100 76 30 70 78 2 90 86 125 56 92 25 156 105 107 113 115 56 170 92 89 18 3 54 28 119 159 171 96 103 29 89 112 126 109 114 76 146 2 142 154 158 61 142 7 149 19 7 174 144 151 20 111 38 154 41 109 163 155 70 152 150 175 37 57 107 24 113 175 19 19 36 137 123 17 117 5 3 23 162 105 57 2 11 9 101 93 42 29 16 175 59 49 20 88 19 128 43 36 164 31 32 66 91 110 93 133 25 8 75 33 117 155 132 105 26 130 156 65 165 66 28 135 38 69 90 88 64 38 164 12 36 158 66 37 90 130 65 45 84 37 96 130 140 13 9 162 153 60 29 133 113 116 35 14 115 64 5 77 162 17 49 126 65 124 166 14 20 101 133 102 158 157 121 115 152 31 180 166 56 106 109 90 172 173 126 104 82 98 40 177 66 112 106 93 69 1 87 45 80 117 42 52 135 119 47 179 108 96 3 92 63 120 2 21 36 31 74 1 59 76 3 60 78 30 153 107 141 43 38 1 157 123 125 10 113 147 82 28 169 167 177 34 118 99 106 135 20 152 173 172 167 55 29 165 132 71 151 166 120 71 85 96 114 97 115 101 69 119 63 147 147 92 6 18 73 66 58 144 130 110 51 171 163 79 129 155 78 85 134 15 43 91 155 105 157 17 154 170 16 176 94 159 81 115 34 161 119 2 63 175 61 139 13 128 155 102 53 116 90 148 93 155 156 171 117 22 125 19 143 115 95 105 99 130 4 143 155 47 161 27 53 18 38 70 54 58 127 6 19 70 96 82 162 78 140 121 162 7 143 30 143 20 24 124 44 125 44 123 63 163 55 50 47 114 76 47 5 43 69 88 156 152 99 55 174 1 151 151 70 128 23 144 90 179 24 38 40 178 85 139 2 46 69 136 160 168 152 169 14 25 155 23 117 27 105 63 11 74 151 63 15 88 47 96 151 18 131 72 8 113 14 168 3 140 179 80 13 130 132 169 146 160 22 9 5 25 136 60 8 81 147 102 139 104 81 97 157 166 150 10 55 172 146 65 86 136 38 155 83 157 12 37 137 108 121 120 53 157 143 59 104 57 6 41 61 170 95 38 107 1 107 175 167 87 51 15 34 12 176 87 98 92 86 152 116 167 55 67 40 126 120 34 159 106 92 69 163 146 139 153 60 166 63 71 94 102 32 52 115 142 12 155 15 117 95 47 79 91 109 178 69 84 110 25 80 122 4 154 101 67 142 47 117 119 159 156 165 174 134 98 32 178 16 22 13 162 70 175 30 49 69 130 136 96 156 35 141 19 97 71 131 88 8 15 148 114 164 52 95 96 179 169 24 148 32 64 147 141 80 105 20 152 77 178 28 29 128 89 160 82 46 26 166 167 28 2 179 151 66 33 163 37 72 143 124 105 21 174 32 178 15 1 1 133 60 81 74 159 36 77 112 143
20 161 105 177 101 175 71 106 55 19 178 28 117 58 22 24 91 138 111 29 149 134 71 4 17 7 150 179 170 179 65 7 72 121 94 91 75 156 59 44 4 151 158 175 108 150 123 87 102 49 110 133 128 69 15 55 127 118 3 180 61 8 44 173 40 52 28 39 59 69 96 159 113 87 116 1 54 134 8 79 86 60 173 62 23 121 158 33 46 27 58 168 90 80 149 143 45 106 98 150 117 66 140 17 91 5 173 101 37 77 128 65 115 10 35 102 52 149 40 26 178 130 140 74 116 36 147 132 155 127 23 77 16 141 170 70 155 27 39 91 175 72 84 3 122 2 119 55 43 41 179 78 27 45 143 85 138 85 53 78 165 174 25 173 77 63 65 132 159 8 176 79 30 89 142 19 140 167 177 63 65 22 63 119 49 100 60 94 18 108 162 98 118 91 88 37 25 124 108 66 16 13 66 117 27 141 23 42 8 90 63 24 162 148 68 14 117 161 33 65 15 114 142 61 35 82 61 170 54 134 132 71 62 37 170 26 120 179 9 23 29 17 120 148 24 128 17 109 139 170 145 53 74 114 37 105 151 11 180 156 122 66 1 13 122 122 54 103 103 102 168 91 97 75 100 117 130 156 78 80 43 175 170 4 103 131 47 5 5 3 172 96 98 31 114 93 143 157 151 151 51 49 146 74 92 145 103 100 33 59 50 122 22 95 151 30 177 13 14 133 12 179 175 7 17 50 81 14 146 2 75 119 175 87 3 14 92 148 137 134 36 98 39 137 106 91 26 69 89 60 3 83 105 161 101 46 61 138 60 124 111 102 76 34 9 163 79 76 121 76 133 118 92 13 117 91 58 131 60 122 132 7 164 97 85 77 135 144 95 149 96 152 123 134 62 179 81 37 163 142 136 154 170 5 21 159 107 134 1 174 123 43 168 106 95 78 106 69 160 18 69 131 93 38 126 36 85 157 49 115 2 69 141 22 42 29 132 167 161 32 142 140 176 165 100 176 31 117 102 98 81 91 140 25 56 95 151 35 125 41 177 170 90 102 119 63 150 63 10 29 66 124 119 60 28 173 131 13 23 42 179 21 47 83 110 84 20 136 180 72 14 58 154 22 121 126 153 25 73 29 79 54 62 101 140 87 55 101 163 59 20 126 82 16 45 178 44 54 147 36 62 19 151 82 27 53 128 147 125 109 175 57 178 74 158 54 157 61 86 87 37 30 32 60 51 162 108 116 168 144 94 117 139 8 94 42 151 106 126 145 2 76 178 28 60 167 172 10 67 152 24 68 106 16 14 160 17 37 120 161 94 3 48 23 134 99 172 150 13 64 48 164 13 107 114 42 115 5 159 40 112 91 22 132 129 12 63 91 27 21 159 63 131 18 59 148 108 51 59 73 79 21 85 78 94 134 59 20 90 80 142 98 155 103 20 128 77 98 39 22 57 22 176 72 17 84 12 65 17 147 67 180 12 161 88 28 61 3 65 55 155 115 10 68 14 96 54 90 123 113 163 47 121 3 167 49 66 132 13 157 84 71 82 25 48 120 82 165 165 5 30 160 3 94 168 128 44 90 138 175 74 135 148 50 54 93 13 124 147 153 155 19 19 6 22 30 160 81 166 42 35 88 7 156 14 109 3 8 28 6 91 83 172 81 18 36 80 54 69 24 70 54 103 29 50 156 107 107 30 60 169 43 85 44 70 78 117 64 104 95 43 145 177 88 75 143 76 159 49 87 34 161 107 82 155 29 133 1 14 9 116 82 124 3 79 16 174 66 15 176 21 69 96 85 50 3 51 71 42 104 98 172 79 172 163 91 79 2 95 62 107 125 106 30 33 104 117 107 50 42 38 46 141 113 142 175 177 10 48 16 77 77 91 8 146 31 40 116 123 152 88 133 126 109 159 146 10 79 13 74 150 79 73 35 174 84 136 173 128 150 111 47 179 25 140 75 20 16 26 41 153 34 91 47 136 39 1 42 52 63 67 163 173 70 58 81 79 58 27 115 139 168 78 167 175 37 179 46 77 25 63 14 95 107 41 11 100 156 34 117 9 158 13 111 15 49 129 124 158 176 68 44 23 55 50 66 94 38 158 135 3 134 8 144 49 110 179 24 142 136 106 43 64 178 67 104 171 7 167 94 157 175 30 63 65 27 25 155 126 81 100 133 161 116 147 169 133 24 80 19 95 107 75 44 164 74 25 12 125 109 108 168 60 137 64 89 157 19 70 140 157 10 155 139 146 168 27 27 8 80 14 122 3 153 120 63 77 72 141 42 83 149 68 74 161 155 54 96 67 83 113 50 32 54 147 21 102 75 162 31 144 17 23 6 37 141 91 11 123 115 129 65 180 124 34 1 94 96 95 145 58 47 22 3 122 11 125 79 171 1 169 177 55 7 163 130 7 96 27 113 107 18 61 52 27 16 12 164 101 149 23 108 72 38 76 164 155 102 146 147 64 149 168 152 134 58 113 47 164 130 50 166 82 166 22 117 77 61 155 165 60 24 85 11 23 9 164 46 94 72 134 33 148 144 12 24 123 83 102 168 159 164 180 73 83 62 136 38 68 152 63 147 101 122 61 180 16 134 90 134 172 58 35 131 10 142 32 78 122 46 132 4 137 123 146 108 81 149 72 176 18 89 126 144 136 124 107 59 134 85 128 29 9 122 123 154 52 117 2 176 90 24 145 127 132 58 93 20 76 132 9 134 90 94 145 4 79 142 161 21 179 36 107 104 1 174 23 69 71 147 11 113 121 111 81 48 134 153 4 62 62 90 25 147 4 159 112 4 108 158 59 51 155 20 92 133 34 93 153 103 50 69 20 7 8 41 18 125 116 57 72 116 72 30 96 135 152 3 54 168 40 178 46 30 49 1 129 87 111 54 114 61 119 177 40 132 12 103 4 155 119 167 43 139 119 36 24 98 147 28 121 53 77 89 82 130 6 62 98 16 4 153 180 89 153 51 63 24 28 164 72 133 105 87 87 135 49 140 178 87 157 11 76 101 16 19 23 128 52 130 64 41 22 56 47 176 100 17 130 97
92 155 34 157 151 128 169 31 163 108 91 34 84 57 170 170 66 85 141 51 166 146 161 85 69 180 60 13 123 128 167 112 170 161 32 44 90 22 79 14 21 73 153 65 1 143 179 74 94 46 30 180 150 17 99 115 14 97 35 17 47 18 58 161 152 116 131 172 119 51 80 11 83 158 22 71 171 7 143 40 104 52 13 127 95 36 37 120 10 106 162 8 35 108 148 59 79 152 42 179 98 134 14 147 59 138 2 103 23 118 173 177 120 179 101 144 70 33 160 121 63 108 79 32 79 12 50 46 34 108 132 64 169 46 8 150 160 19 175 109 166 7 134 93 48 32 21 83 115 19 109 86 7 159 116 108 101 28 151 34 80 13 3 151 51 80 74 97 5 76 109 11 41 63 49 25 176 50 38 134 165 58 24 115 71 32 141 120 165 104 22 42 6 30 162 137 98 7 35 156 16 148 118 11 99 87 38 41 130 44 119 15 87 4 169 166 20 89 109 97 45 105 39 71 59 147 138 35 153 116 60 129 115 159 172 141 137 165 44 43 57 145 177 169 153 120 169 3 98 158 146 33 69 134 14 9 63 49 80 74 108 154 179 121 162 162 10 71 9 24 56 52 33 83 24 134 113 45 153 68 77 38 23 17 122 98 121 82 9 1 146 5 60 91 173 112 173 74 96 122 153 154 161 69 100 17 39 138 143 115 121 169 2 146 128 92 130 65 37 64 107 32 87 43 2 46 96 86 119 138 102 112 45 68 180 85 101 14 48 171 9 18 6 160 95 123 68 22 79 171 37 121 22 131 45 19 56 29 53 65 45 120 9 95 65 139 162 115 32 70 99 73 93 69 153 37 140 69 16 35 24 160 172 3 101 137 89 60 34 157 124 54 154 177 44 103 101 147 36 102 14 53 96 173 160 4 62 105 48 108 166 112 106 119 158 1 18 47 144 98 40 13 71 24 78 106 89 32 50 59 16 155 153 127 51 42 88 36 11 125 95 45 174 5 8 118 31 74 97 44 161 8 44 115 175 92 163 179 55 95 90 45 26 81 141 72 7 90 26 109 42 85 122 180 119 173 76 35 24 51 90 111 149 155 152 69 107 50 30 146 112 164 140 144 83 92 66 62 33 2 101 159 179 84 84 169 55 7 164 161 93 99 178 78 116 79 108 117 57 152 33 22 110 33 142 174 176 115 180 67 24 15 20 105 145 73 7 30 26 29 89 154 143 157 26 136 51 68 148 59 128 173 54 95 140 16 60 7 38 155 104 49 175 50 7 144 36 137 169 59 14 159 122 38 116 24 126 55 158 58 87 78 119 70 52 116 133 39 86 152 167 98 150 109 87 156 138 29 80 135 56 79 179 122 130 164 7 83 133 172 168 137 105 86 17 28 110 79 12 41 119 49 160 53 38 105 34 176 140 109 53 91 80 4 71 47 110 180 49 27 100 122 148 67 28 44 122 159 47 81 151 172 151 55 119 29 101 157 26 121 127 108 55 48 26 120 10 51 177 3 179 165 137 29 110 78 48 40 117 178 93 99 49 127 155 154 108 96 41 92 175 9 53 102 70 137 107 140 142 32 134 20 134 96 62 160 11 24 73 38 74 83 79 127 13 8 94 139 140 95 56 21 170 17 100 122 56 6 180 44 165 108 138 143 83 122 68 111 101 151 121 129 168 78 172 163 40 14 14 40 23 173 147 104 31 103 72 108 73 135 121 41 157 35 174 138 43 143 80 170 134 16 75 58 171 169 8 131 130 20 23 47 125 83 120 109 19 166 69 105 136 177 39 19 18 139 14 29 115 53 180 142 71 105 146 163 75 172 68 111 177 54 26 159 22 29 5 125 163 47 19 155 105 56 105 1 172 159 139 114 180 58 66 139 171 67 113 121 134 76 96 38 47 57 17 129 134 117 166 116 11 47 78 168 6 39 133 15 124 115 101 85 82 174 8 50 124 145 128 123 157 112 27 147 57 128 90 161 38 64 176 171 155 173 175 128 7 101 126 45 37 37 162 114 164 176 118 28 3 128 27 113 15 70 111 15 32 101 104 148 177 93 21 124 84 167 166 174 140 66 119 80 172 27 179 73 79 112 152 34 105 39 48 55 112 100 145 160 28 68 132 31 67 134 128 101 42 80 107 114 157 82 78 114 127 106 151 85 95 3 177 9 70 6 99 35 138 47 34 169 13 35 90 11 4 63 39 44 99 22 128 11 12 47 135 53 137 15 40 140 94 155 118 23 68 157 137 8 103 2 35 150 168 87 29 143 109 85 171 50 35 146 87 141 175 165 157 18 129 78 28 49 180 51 33 150 101 149 45 150 59 12 93 134 8 163 55 139 69 139 85 179 57 43 85 157 122 95 85 146 124 106 91 149 105 132 56 147 169 167 158 89 149 161 110 47 106 170 33 128 10 86 115 102 174 58 121 44 60 32 42 94 51 4 44 129 47 131 17 141 150 36 121 96 120 178 151 164 160 12 87 135 171 170 105 6 73 145 91 45 157 18 148 169 97 38 19 103 76 153 55 116 102 124 104 40 135 5 68 137 48 148 128 18 171 96 127 14 33 35 121 147 128 157 171 66 77 88 6 81 47 169 68 180 154 47 109 105 173 148 42 165 5 170 122 137 172 171 163 69 140 9 46 87 127 82 90 15 76 17 80 40 33 89 175 31 48 1 28 78 80 31 7 5 93 155 153 6 16 119 100 94 116 38 70 42 81 94 112 109 102 11 91 44 101 82 176 30 66 101 147 22 180 60 41 39 29 51 136 33 88 143 76 31 138 134 73 71 135 107 109 161 82 61 67 23 145 180 89 76 92 57 127 110 114 127 99 109 32 21 161 51 27 11 99 55 76 157 8 1 166 25 103 65 149 93 19 31 173 60 34 14 56 57 175 161 142 96 29 40 35 160 86 121 165 133 157 64 50 60 75 162 15 86 43 84 69 110 162 37 179 46 162 112 163 63 71 170 169 112 71 55 2 149 78 109 108 62 176 82 72 5 58 172 16 122 59 144 180 149 80 21 27 56 86 93 157 101 39 154
130 125 174 79 58 137 35 41 65 116 72 56 61 19 17 140 5 41 161 86 63 61 55 107 142 142 158 55 52 179 132 173 41 22 59 178 26 43 65 151 11 117 69 145 16 40 94 41 88 4 83 76 5 91 145 140 165 14 155 101 35 104 29 166 88 18 131 27 14 129 92 23 106 63 5 49 87 20 35 46 145 23 72 4 85 135 77 131 45 80 15 16 46 6 82 104 129 40 25 132 178 97 91 34 24 173 26 17 53 124 53 93 3 32 107 74 118 100 118 7 121 95 28 168 76 132 109 103 57 170 27 98 18 53 17 53 60 78 34 141 100 161 61 155 95 2 129 173 60 127 180 99 110 63 83 152 163 41 135 110 129 100 72 159 174 13 131 176 37 102 93 174 46 107 31 21 149 142 56 27 129 6 123 149 177 105 172 95 2 159 14 104 42 54 179 30 112 46 90 71 112 133 30 113 94 167 44 37 122 180 94 52 139 79 42 60 18 175 177 38 105 154 85 77 141 19 33 74 121 58 72 101 71 34 18 93 123 155 100 127 13 173 105 74 101 146 178 160 76 37 74 159 171 13 95 138 45 99 3 106 132 133 119 3 21 95 105 115 2 143 116 161 41 123 113 176 9 160 68 180 17 56 95 125 104 174 36 171 105 30 173 38 53 50 70 67 116 130 164 154 62 176 112 78 175 136 72 141 74 23 60 105 50 107 124 99 39 56 36 139 7 19 90 47 53 122 65 43 104 33 23 38 177 59 139 37 2 23 77 146 102 46 138 169 124 71 140 59 59 126 6 31 12 40 65 174 108 115 65 14 68 134 26 14 79 143 59 2 114 3 18 16 132 12 110 41 12 65 129 83 126 157 115 10 161 167 165 26 47 120 10 128 79 169 46 110 21 110 145 35 100 160 121 66 76 96 37 37 60 64 40 37 111 163 136 148 134 129 149 126 174 105 155 127 106 115 48 172 65 84 36 154 50 62 64 12 157 117 162 120 137 54 107 109 1 48 175 1 30 21 9 37 18 17 6 17 154 129 62 56 51 83 52 158 58 59 22 133 23 135 134 138 179 22 156 121 104 119 128 138 35 131 5 81 49 3 32 168 161 82 74 40 42 147 134 19 114 53 22 95 5 14 122 117 174 116 148 148 98 29 9 54 90 23 124 117 137 133 32 166 42 176 8 115 142 38 47 130 84 53 94 92 29 114 83 179 136 117 8 25 160 28 165 35 95 149 162 24 172 112 91 119 152 72 30 72 116 139 143 24 73 33 118 58 81 51 131 111 22 143 137 35 120 152 173 63 106 152 165 72 6 156 2 81 35 27 101 49 27 89 32 112 22 68 79 39 92 113 110 174 75 108 107 3 157 6 99 68 64 22 151 29 159 163 99 86 45 24 36 164 20 125 82 156 12 122 12 122 8 154 126 25 3 65 77 171 92 83 108 153 154 113 174 75 102 34 28 28 5 15 26 64 12 109 143 71 100 79 103 21 74 74 126 34 29 148 136 33 102 107 143 124 31 140 156 51 6 95 27 103 5 35 8 85 13 79 46 38 170 83 172 100 51 104 125 148 72 172 133 162 31 64 179 112 167 42 139 69 51 70 104 154 131 74 113 29 1 167 178 88 129 136 38 159 79 172 26 99 102 73 64 164 100 69 99 54 105 165 30 136 19 180 167 104 176 79 138 32 143 99 125 158 144 97 117 63 172 179 89 16 151 88 41 54 46 66 88 14 169 17 31 101 5 33 168 144 57 164 89 33 114 79 21 37 169 121 149 67 131 102 152 147 179 175 83 53 122 101 60 109 132 37 10 139 122 15 97 65 75 168 113 3 175 101 21 171 80 9 126 13 146 113 44 5 31 47 20 125 114 180 131 98 74 139 133 85 149 96 76 147 133 180 11 147 136 39 97 61 142 139 17 21 141 93 119 142 78 144 120 92 60 124 81 174 1 91 136 66 73 140 95 62 23 81 73 77 165 54 94 169 179 167 160 78 50 107 160 42 45 150 130 78 161 1 88 98 18 26 126 148 52 60 168 117 80 111 69 36 86 130 129 10 150 8 22 104 57 32 121 137 176 155 51 89 56 1 23 174 167 122 134 68 134 2 104 58 72 124 119 83 24 63 16 116 90 88 116 141 21 151 49 96 25 176 83 7 133 146 30 125 154 104 147 130 149 70 33 78 103 142 135 65 40 112 89 81 71 180 127 127 113 169 164 23 4 75 114 24 30 3 83 15 154 26 69 57 33 43 176 52 45 149 17 162 104 59 81 101 145 154 139 166 52 130 43 130 28 37 60 15 90 112 73 166 91 139 52 3 158 178 2 50 35 11 75 120 67 138 123 13 27 130 41 110 108 47 138 131 164 128 63 2 106 73 10 85 101 127 153 147 75 145 133 13 154 32 12 61 25 149 173 171 81 129 137 20 82 58 32 138 147 142 71 159 52 15 66 111 93 24 50 40 123 113 23 60 1 155 6 166 97 125 4 7 163 173 6 83 56 129 71 125 169 99 103 172 22 53 40 77 54 163 138 22 89 142 154 24 26 172 177 163 147 174 60 127 172 110 164 128 161 23 98 41 104 121 146 174 84 47 53 155 180 22 132 129 28 150 131 68 58 38 113 153 34 151 59 61 29 16 32 88 91 170 1 51 163 88 160 74 113 123 127 49 170 169 42 130 166 135 112 93 15 139 28 12 142 91 89 163 156 109 158 62 148 126 135 122 86 70 56 113 95 177 79 76 41 40 95 51 117 36 20 82 59 61 87 40 70 159 58 139 62 144 54 40 41 168 123 7 42 140 68 144 35 16 108 4 177 48 136 96 18 81 117 137 18 33 173 63 161 128 92 146 32 27 107 36 8 38 46 54 54 176 92 116 97 29 122 23 38 175 39 139 161 29 176 30 34 127 90 145 113 80 39 20 109 56 14 89 74 120 3 131 174 127 29 135 28 177 154 27 33 10 118 92 133 35 129 30 108 1 48 152 167 76 109 93 4 152 126 140 109 80 137 105 32 5 104 78 147 21 41 106 174 28 42 119 117 64
139 29 74 69 69 94 158 4 66 79 180 70 174 39 141 17 9 83 42 25 108 141 41 103 164 128 124 78 26 18 105 167 146 171 9 87 177 54 102 144 67 79 132 105 29 88 25 118 88 136 98 56 108 158 21 137 128 6 155 119 91 178 109 83 64 116 128 104 28 19 101 7 112 141 117 140 117 91 15 27 14 139 66 157 66 5 71 127 79 100 126 111 114 8 138 172 36 135 79 156 34 164 105 41 97 170 159 45 69 150 76 132 110 56 148 56 138 80 162 36 153 69 99 84 161 108 33 146 55 120 110 130 61 14 161 84 168 126 7 92 152 39 38 103 115 38 16 21 111 175 13 93 42 94 51 152 101 25 103 91 9 47 28 61 54 114 107 57 153 161 27 153 133 98 157 4 10 136 114 41 62 175 18 160 71 117 163 171 109 149 84 134 139 37 98 50 171 106 89 78 143 171 68 54 143 12 18 22 71 145 157 147 80 79 46 180 9 161 54 133 102 85 166 112 132 170 110 8 36 173 148 134 134 153 124 126 83 3 13 38 107 32 53 50 176 82 100 79 122 18 56 14 67 73 25 142 177 99 36 128 97 36 91 40 88 153 76 34 151 112 66 170 50 102 87 124 119 46 118 107 34 85 162 12 56 173 34 137 87 87 42 13 164 125 106 121 80 148 34 9 23 154 171 17 149 164 44 14 95 9 43 21 84 167 144 106 95 9 30 4 122 45 98 66 53 34 177 61 59 106 120 14 19 77 103 125 90 128 112 41 176 116 52 27 117 170 171 71 46 106 40 147 178 71 70 53 146 84 40 138 141 26 167 155 103 104 150 89 169 69 98 177 136 14 114 59 124 177 174 86 41 30 91 51 164 104 111 150 162 5 180 161 72 121 27 92 70 159 79 14 119 61 126 46 169 154 2 128 45 167 142 37 82 160 50 108 49 50 87 75 54 167 113 44 132 92 15 128 22 11 113 52 109 17 4 90 62 73 24 25 139 178 158 112 128 42 89 110 100 55 29 45 81 102 3 42 43 35 24 22 15 154 85 25 116 130 37 3 99 165 98 92 36 90 133 24 34 40 21 41 116 14 105 129 153 10 50 50 102 34 126 25 117 143 158 5 165 154 45 124 2 19 22 71 83 122 117 144 136 34 166 40 101 149 86 180 119 151 89 83 62 158 86 129 100 109 85 63 112 143 143 150 176 40 172 141 88 114 39 120 60 139 1 10 136 71 118 81 20 160 101 20 116 71 32 119 19 56 100 4 6 133 58 157 64 169 83 68 17 84 146 121 174 42 115 176 10 97 49 55 21 121 90 122 154 14 154 82 109 22 120 128 21 37 102 150 92 77 32 145 171 34 147 99 67 13 159 42 103 71 58 41 63 117 37 29 2 91 88 142 87 43 159 102 122 4 80 47 28 98 106 119 172 19 10 133 25 36 67 140 52 21 178 123 103 43 12 144 180 134 12 175 171 46 5 47 8 93 169 148 45 33 129 1 120 129 101 156 162 47 57 68 44 112 169 94 29 87 83 35 48 30 4 165 114 81 85 116 162 107 80 176 164 166 86 38 140 132 50 33 94 76 68 59 16 119 167 8 81 116 87 42 50 160 108 58 25 14 146 69 49 20 140 19 55 67 158 176 12 141 144 54 73 69 81 169 145 138 80 119 13 24 53 145 165 50 140 140 48 113 175 180 91 67 25 38 66 63 121 174 89 146 44 165 8 171 54 60 158 130 171 31 24 102 108 152 20 127 149 60 121 46 37 96 99 128 166 177 154 140 20 92 23 30 118 3 123 36 177 120 109 70 10 180 136 88 47 1 25 4 121 95 1 15 23 116 144 167 30 122 147 2 107 1 70 68 41 120 53 145 154 22 127 172 50 45 165 160 105 41 38 36 72 66 58 137 67 119 127 132 38 92 60 55 10 146 48 112 43 50 97 174 37 165 36 6 47 141 135 10 2 124 16 12 110 54 161 78 140 66 172 98 143 112 60 168 169 126 126 123 125 14 107 164 90 99 177 124 90 110 121 150 16 124 94 84 154 86 71 93 151 4 131 99 26 178 14 32 89 75 15 134 20 82 34 169 180 121 52 63 143 53 168 180 82 171 172 77 118 85 136 85 165 154 90 177 92 173 156 82 41 68 165 100 39 78 161 51 50 5 21 142 24 19 101 115 114 9 92 31 74 156 66 23 179 123 63 133 99 41 85 172 33 94 122 54 52 75 55 58 159 172 25 19 128 29 116 171 31 43 64 37 87 133 157 54 50 54 36 177 1 100 29 157 88 138 129 23 65 141 142 5 90 74 117 157 151 57 48 25 44 10 127 157 56 111 139 41 10 120 161 69 33 15 54 145 161 71 171 34 142 176 134 97 173 2 86 167 96 48 89 24 43 59 65 84 6 137 112 14 88 135 94 38 28 164 113 43 73 31 150 154 52 45 71 48 88 23 144 18 161 15 124 127 110 59 177 43 92 123 50 16 20 127 72 168 84 95 82 1 97 54 69 130 33 13 11 139 34 67 7 153 98 139 45 130 116 17 128 63 112 43 168 66 117 171 103 115 10 177 125 113 120 45 177 69 168 133 11 87 11 12 17 157 119 180 148 116 76 46 4 68 107 67 150 7 49 103 15 95 83 82 45 65 109 40 165 155 75 148 112 164 28 97 108 92 138 118 20 140 93 60 117 91 160 150 121 173 160 38 92 152 176 148 116 61 36 6 10 27 144 8 147 45 136 17 144 155 13 47 67 116 157 88 142 9 156 81 173 54 42 89 9 23 149 65 31 118 88 67 118 165 139 33 12 111 4 178 150 19 80 123 122 99 104 69 122 16 110 1 10 68 5 172 60 52 29 31 52 160 94 16 26 1 92 47 88 172 158 50 108 159 135 9 33 94 47 114 92 79 96 69 104 97 147 174 118 79 131 20 22 129 142 68 28 25 166 5 180 42 62 27 145 135 9 144 172 66 76 76 68 101 178 131 153 25 147 34 88 130 126 141 167 49 93 144 91 129 133 11 71 121 19 34 77 8 120 59 131 52
19 114 82 92 175 29 125 162 96 162 21 19 84 97 147 44 127 173 89 141 9 175 83 116 87 146 129 127 141 91 129 43 160 73 177 143 23 112 131 85 76 170 160 41 2 42 157 172 177 52 147 139 46 31 180 97 110 1 135 31 46 84 17 10 61 165 1 99 75 40 20 171 127 136 24 40 9 13 49 29 14 173 111 51 14 75 57 31 100 158 160 30 151 19 83 82 130 134 9 109 94 97 159 178 174 114 144 169 96 99 168 75 148 173 106 21 30 125 152 29 65 39 16 64 175 140 48 65 30 46 71 173 163 17 73 141 155 112 136 102 76 98 173 176 117 97 170 152 6 167 9 123 85 136 87 18 154 113 90 119 174 134 162 45 31 116 36 98 41 161 93 39 114 99 169 33 109 17 125 134 16 36 63 4 80 36 43 62 159 172 108 88 3 4 165 148 101 146 95 45 98 47 101 10 103 88 30 30 85 48 71 155 178 179 67 1 41 49 86 114 176 166 92 9 111 68 48 54 166 79 25 67 155 134 154 172 85 110 139 101 131 137 37 17 158 98 142 83 70 24 146 60 116 111 147 45 101 109 84 140 65 145 164 168 67 155 128 67 61 57 10 114 10 78 119 42 177 66 145 145 83 137 27 157 37 126 104 69 99 73 85 8 94 8 121 62 113 153 129 81 146 173 90 169 55 3 67 64 170 110 39 39 80 1 69 85 62 85 140 158 24 140 7 30 78 17 99 64 140 106 68 71 175 151 29 22 18 120 81 109 95 156 87 58 33 118 132 112 70 100 152 80 22 77 2 47 57 134 88 33 147 33 94 89 30 128 63 18 123 71 179 71 97 156 175 133 87 34 117 43 110 39 100 56 167 114 166 67 93 5 124 76 97 52 107 132 164 94 8 48 31 34 144 127 160 153 49 71 138 107 150 100 111 87 64 104 174 177 55 37 104 112 129 154 109 105 58 34 174 131 114 111 138 118 180 137 125 54 120 158 140 11 83 65 139 15 55 75 26 16 45 146 154 56 134 173 18 78 57 146 137 76 130 13 59 23 32 73 112 47 44 4 61 65 180 63 109 144 171 116 13 87 116 81 143 106 100 70 32 117 36 43 151 83 33 123 54 117 79 108 72 130 140 48 95 13 151 20 103 174 39 50 171 118 14 2 179 118 133 121 46 81 128 117 175 30 77 120 97 53 159 87 171 16 84 26 95 179 169 158 69 72 76 114 124 118 180 173 113 171 28 142 69 12 38 125 73 153 2 127 105 41 22 141 140 86 115 167 142 91 94 98 14 160 168 154 13 8 152 132 100 121 166 171 29 116 58 3 126 19 172 81 51 172 165 54 130 86 159 38 147 38 45 120 134 107 78 144 85 144 14 94 101 86 131 30 115 125 117 33 22 23 72 89 176 33 59 64 129 129 17 91 1 166 75 74 137 15 9 76 19 55 50 15 42 107 96 179 115 27 66 132 132 156 96 143 175 58 177 5 18 153 137 39 129 125 30 122 122 59 112 26 30 35 46 162 115 122 40 15 167 82 96 96 147 26 31 51 158 54 154 137 138 149 101 166 70 79 156 142 2 165 78 169 170 64 99 135 95 17 156 82 48 93 21 19 133 83 130 12 16 102 165 96 33 137 32 92 172 48 26 168 90 116 149 39 22 147 51 115 179 55 165 146 125 163 42 33 121 158 27 174 79 17 122 156 19 167 60 102 3 133 97 52 126 75 7 29 4 159 106 74 43 90 117 121 14 98 136 11 58 59 153 122 122 101 180 77 15 127 155 87 140 14 66 42 180 29 54 159 173 163 1 30 86 166 156 10 105 125 1 83 28 143 120 147 118 147 104 22 179 146 143 17 8 83 146 128 104 125 137 42 52 163 84 120 36 59 175 171 23 42 88 153 106 35 92 63 174 37 62 27 115 71 70 145 117 119 155 148 167 46 51 83 18 133 125 130 175 152 93 150 96 50 3 2 21 59 110 133 88 39 32 32 90 162 78 37 170 6 33 84 113 180 40 152 167 171 78 100 166 8 97 96 14 172 87 52 158 177 22 39 34 105 110 121 150 145 160 148 43 82 111 176 139 93 147 86 79 61 43 112 100 28 37 94 79 176 37 175 54 132 174 22 129 151 25 102 136 168 74 108 70 23 116 58 53 30 146 165 153 138 89 169 157 142 59 24 33 10 7 143 19 88 7 163 44 49 175 105 163 29 16 48 147 170 119 88 119 165 66 137 60 84 71 103 98 133 76 34 8 116 24 150 68 42 143 95 14 167 114 67 94 42 25 2 170 25 91 100 177 93 176 63 168 17 11 4 155 138 57 89 46 99 126 87 73 93 140 22 69 86 55 178 82 105 178 35 119 121 50 16 75 158 87 25 27 39 112 171 115 79 54 87 80 101 91 22 14 114 111 18 91 69 115 79 94 149 96 143 19 164 157 91 5 19 93 134 48 32 138 155 25 158 102 72 134 53 115 121 157 71 55 88 50 21 123 138 158 67 92 87 166 61 173 150 12 37 53 143 114 52 105 63 149 103 44 164 59 144 5 56 152 18 159 112 88 134 23 93 25 78 112 37 176 11 100 76 141 102 91 13 95 33 156 134 179 112 156 156 173 43 9 12 78 22 65 79 135 37 160 31 177 46 174 179 102 136 21 152 36 125 164 155 22 72 107 167 164 57 106 24 77 172 89 52 5 13 58 108 7 112 147 7 61 75 74 123 107 16 174 46 72 113 132 157 124 9 159 140 65 57 108 142 146 95 162 14 105 106 121 129 153 145 173 94 28 160 104 106 145 21 78 59 25 74 8 165 105 50 142 19 13 138 67 136 154 61 26 175 93 67 72 32 16 41 103 177 30 117 73 88 52 125 166 8 56 40 28 27 173 177 118 33 112 14 86 35 76 15 98 53 148 66 1 172 119 119 5 51 53 15 22 1 172 35 151 111 156 61 16 87 78 160 57 4 120 53 148 144 157 106 78 126 98 62 6 24 28 103 21 63 25 152 47 63 41 89 162 175 22 71 168 34 30 77 79 40 93 113
164 58 56 142 19 157 72 127 176 121 12 39 66 12 172 105 20 94 7 16 177 42 34 172 57 98 119 76 153 123 81 24 34 9 117 133 166 158 91 147 20 139 46 173 6 8 155 151 74 48 5 174 166 30 174 38 149 23 56 98 10 64 166 58 99 97 54 67 126 20 35 48 80 177 164 152 6 11 157 6 44 59 1 168 22 80 32 138 99 50 149 54 65 19 106 54 33 179 59 61 131 10 91 25 127 52 55 15 90 144 13 158 15 138 171 127 180 171 50 73 169 58 94 176 168 97 136 13 71 74 80 82 76 100 145 70 49 12 139 142 85 155 106 121 120 176 70 176 153 140 61 3 29 146 19 148 142 43 115 129 30 61 117 155 115 101 90 74 128 11 64 59 25 43 147 110 9 37 167 35 97 2 15 6 77 33 150 100 107 130 67 130 70 178 151 133 165 92 86 92 137 67 60 12 158 29 90 86 10 87 137 164 86 69 11 150 7 172 92 172 148 75 159 20 153 21 109 15 10 64 162 134 49 96 136 38 165 33 139 165 15 160 54 175 34 109 149 14 53 20 31 28 125 125 20 25 148 87 33 116 147 86 42 63 64 20 16 124 125 110 130 132 72 150 12 114 70 22 21 24 28 150 134 61 134 180 178 79 108 166 143 64 169 157 25 127 72 69 20 160 77 154 26 83 145 82 52 144 29 177 152 117 52 85 157 6 3 119 47 83 162 68 90 11 27 129 22 165 83 2 147 124 84 104 5 40 165 26 29 94 90 141 138 40 19 124 114 26 80 105 20 2 125 51 5 97 94 33 157 11 155 78 69 116 143 73 67 79 38 86 99 108 94 2 144 143 152 121 46 85 136 144 146 93 162 12 49 112 85 172 37 41 111 97 179 165 83 137 21 81 37 168 136 136 75 77 108 105 16 19 45 65 103 54 156 45 177 7 21 45 3 102 146 164 135 4 65 100 24 125 35 5 171 92 76 153 38 124 137 155 28 71 176 26 40 164 12 133 7 117 77 147 1 152 56 96 13 44 55 71 148 54 160 80 94 2 100 5 112 30 18 30 26 159 143 61 69 123 14 161 173 55 57 61 90 155 153 102 153 32 36 37 53 118 79 124 124 178 91 95 22 176 22 63 145 71 107 145 178 117 119 110 19 39 42 105 80 64 154 115 131 93 53 135 93 96 78 114 159 169 95 48 16 11 68 153 117 28 3 171 149 174 158 65 51 82 50 107 64 53 169 96 151 40 11 135 10 174 61 114 21 140 147 21 25 65 53 176 66 135 148 37 52 154 154 146 178 135 120 37 32 127 96 21 167 135 117 122 27 180 100 133 162 31 114 121 55 93 49 176 38 5 72 48 9 94 24 156 129 1 7 121 101 72 178 74 1 55 42 123 50 88 30 180 178 36 17 85 86 162 8 172 149 92 59 17 50 168 59 133 176 37 72 109 112 36 171 29 42 113 62 84 112 180 141 77 39 163 27 5 87 133 30 8 176 9 37 15 99 61 137 167 6 87 104 149 103 51 24 112 43 158 46 128 66 162 73 17 179 141 111 91 58 171 126 21 72 10 37 120 45 20 150 90 60 126 46 58 51 73 173 62 130 73 13 126 157 114 77 89 10 135 106 41 36 30 42 90 110 29 171 169 76 119 89 150 17 56 108 2 175 2 74 133 120 9 71 69 7 135 122 35 63 84 96 94 98 96 104 130 175 82 18 103 3 23 34 157 73 64 102 83 102 13 44 51 153 113 107 18 153 37 136 54 89 30 51 54 94 45 140 11 41 91 162 55 143 59 177 24 71 132 80 166 90 98 121 96 133 26 155 21 94 162 127 137 133 124 9 75 136 98 174 134 97 28 134 91 3 56 98 152 54 113 38 57 117 165 29 173 75 179 157 158 25 178 148 93 151 56 132 129 144 75 44 103 136 51 177 12 14 127 14 38 51 170 150 55 26 137 102 85 11 20 146 28 56 3 86 46 60 126 148 4 79 65 126 145 59 43 162 2 98 100 37 68 13 32 48 37 175 59 124 78 6 70 91 105 86 48 13 117 24 149 4 32 140 174 101 160 57 38 109 86 82 177 54 176 127 11 78 96 23 171 29 94 32 165 71 120 166 109 62 158 80 177 35 59 98 69 28 8 34 16 74 17 158 166 131 54 4 135 85 47 56 35 80 62 126 122 107 104 85 139 166 161 146 37 90 150 40 65 120 128 43 120 152 57 120 161 10 107 23 27 179 174 160 160 112 73 173 159 16 92 120 30 2 84 78 81 39 71 140 52 70 139 96 79 41 6 108 70 175 90 111 100 84 137 69 32 93 104 83 165 163 113 180 17 93 93 13 166 35 121 33 161 5 174 100 91 14 145 8 174 89 1 29 6 92 52 28 55 150 82 87 11 26 76 91 96 88 32 11 121 124 89 95 128 20 37 169 40 110 75 120 68 170 179 166 128 1 24 114 82 22 21 37 65 136 135 87 153 33 24 25 18 64 46 131 115 167 60 129 107 46 48 44 127 84 163 19 88 90 91 69 13 130 86 18 34 64 180 179 9 37 13 173 29 62 132 142 82 17 30 166 43 12 57 178 105 100 168 177 47 12 36 41 141 2 110 174 15 90 63 152 171 34 68 14 57 67 41 118 118 66 89 138 46 12 40 103 64 4 102 141 60 64 135 130 11 3 168 88 156 167 46 21 67 174 52 117 10 96 92 44 128 104 95 57 151 6 41 8 16 179 127 57 3 102 63 36 147 124 160 28 51 155 116 175 4 39 70 69 153 13 90 119 109 119 62 150 71 32 151 19 93 105 111 82 148 24 28 63 35 89 158 7 126 135 131 6 134 162 79 22 72 118 73 94 77 134 111 28 100 72 96 154 120 21 5 126 45 39 81 136 175 175 139 148 177 69 101 77 83 64 21 58 140 23 93 171 50 165 55 130 149 90 85 69 86 119 43 108 148 166 115 102 82 22 115 22 116 81 156 94 26 80 164 98 13 136 51 59 96 50 74 28 109 160 116 61 124 31 13 50 4 73 23 157 6
166 77 151 83 54 17 133 32 69 126 75 80 142 49 65 171 106 180 117 115 31 150 43 89 139 154 88 150 98 7 17 124 13 87 46 62 56 132 158 91 160 131 175 168 156 12 65 105 176 108 23 55 115 40 170 58 25 125 86 6 42 103 56 27 42 18 120 32 34 8 19 19 106 140 9 39 110 121 105 128 156 170 172 141 93 20 43 19 113 80 87 1 39 108 4 133 75 155 13 62 70 156 98 178 115 40 99 128 19 157 9 40 8 22 157 164 162 30 60 93 8 170 110 1 117 47 69 28 179 123 135 12 150 11 167 116 41 5 32 124 133 47 63 129 162 103 72 161 52 131 80 139 161 50 85 25 95 176 108 158 56 65 152 177 40 37 8 71 111 106 28 136 133 56 77 65 19 4 47 95 131 91 134 15 85 25 167 24 71 3 104 9 68 95 68 47 104 169 131 121 126 57 113 65 180 161 39 79 4 31 26 116 137 48 140 79 45 138 49 37 110 87 139 22 130 93 44 50 73 66 29 172 131 80 148 173 125 114 13 43 26 169 27 57 35 91 71 68 74 124 86 61 162 19 3 81 116 133 56 171 136 102 129 8 100 164 97 76 83 54 46 72 6 31 29 16 68 25 134 155 17 162 47 132 75 35 154 105 163 126 99 121 136 47 13 157 157 65 130 179 111 19 167 32 32 7 34 176 72 106 175 131 127 94 85 77 42 121 96 138 27 140 16 174 138 3 89 55 152 147 120 86 5 92 130 132 71 178 165 111 100 152 56 22 12 135 1 14 139 10 4 93 95 108 153 69 26 53 125 162 142 22 133 138 21 70 46 106 55 121 104 88 171 55 9 167 170 72 25 116 18 112 11 89 157 62 79 83 112 73 87 83 46 69 81 98 43 126 141 68 128 47 164 59 50 139 173 155 135 109 100 51 2 25 153 159 106 5 145 157 180 51 23 70 130 84 19 90 49 64 90 112 23 142 27 176 75 9 119 140 101 71 175 148 66 75 27 151 20 12 88 9 24 31 42 154 95 138 104 90 135 115 64 11 63 18 137 105 23 21 167 65 70 168 60 118 92 131 140 82 175 17 8 80 43 93 102 12 11 9 174 179 176 129 97 55 30 20 145 133 139 60 174 172 180 176 76 43 103 8 46 112 99 127 45 55 135 91 21 123 122 163 166 40 31 79 53 40 135 23 170 7 89 144 57 163 180 162 122 24 54 78 19 39 82 145 66 43 49 159 167 170 92 104 156 41 140 110 135 25 18 162 92 100 50 153 77 26 81 20 161 124 40 147 175 38 114 170 154 130 110 135 1 142 180 102 34 84 75 95 125 40 81 167 57 48 95 164 119 48 22 89 59 140 172 50 81 83 92 128 98 23 168 75 132 102 5 40 22 51 24 17 143 80 171 145 59 56 7 137 169 164 150 71 169 9 75 127 61 8 55 143 131 179 163 122 121 150 136 59 75 157 27 150 153 109 7 12 29 76 35 44 103 49 54 128 37 105 154 48 174 131 85 22 78 37 141 7 84 86 140 88 120 139 25 103 73 171 168 119 43 15 67 142 74 161 18 132 171 160 4 58 75 72 69 69 143 16 93 169 36 174 87 33 128 2 55 51 70 152 76 59 98 163 179 118 19 93 73 55 79 149 133 173 56 56 40 11 143 33 99 25 164 41 147 99 134 153 8 19 129 61 5 160 49 9 137 124 131 98 52 126 33 132 160 45 111 103 144 99 123 74 36 157 176 30 146 94 14 56 162 146 117 82 43 91 10 79 53 157 116 52 57 38 167 168 130 160 154 177 48 25 173 172 144 129 176 114 8 147 108 145 130 134 60 34 131 159 174 17 27 19 144 109 34 56 23 79 126 109 71 89 70 16 14 140 21 52 165 120 174 84 48 86 36 157 102 140 150 29 145 100 12 16 102 108 103 46 23 3 44 115 118 126 75 137 108 31 144 12 118 23 89 146 101 55 146 16 130 32 112 60 168 15 147 87 95 158 69 93 54 21 167 16 99 171 108 160 64 109 170 102 30 90 110 43 59 38 156 18 74 44 54 75 47 19 175 27 79 71 9 94 125 101 26 26 148 144 94 63 47 48 120 108 166 151 57 67 7 25 80 149 169 154 62 2 132 159 108 35 92 82 75 6 140 58 155 12 89 162 5 55 40 86 139 19 115 52 62 19 176 78 58 23 100 62 64 96 159 176 173 174 23 21 105 55 49 65 148 65 87 151 174 158 110 23 19 51 30 97 91 37 162 144 82 62 59 70 110 130 91 42 55 126 167 103 115 117 8 7 63 23 67 117 132 109 149 159 140 99 55 61 52 55 33 125 180 143 19 14 94 104 18 1 143 128 150 99 52 151 64 167 105 67 110 166 13 143 69 21 34 71 41 94 165 123 137 76 62 154 30 1 82 59 145 68 154 86 167 24 138 3 61 7 33 140 84 11 158 48 40 44 102 23 106 72 95 74 43 146 60 80 22 112 99 152 34 143 9 127 9 134 180 97 57 16 117 92 105 77 17 68 144 91 69 48 41 70 139 127 80 38 90 46 73 35 48 105 172 131 54 154 64 109 119 115 121 43 43 46 130 169 3 124 119 133 109 16 156 99 164 110 147 150 155 83 95 128 56 22 157 45 55 75 18 174 9 140 143 93 34 88 14 62 160 161 46 42 20 149 168 90 6 74 135 33 23 168 40 131 46 20 123 84 96 145 70 50 177 86 22 62 25 21 165 173 81 50 124 4 174 56 92 62 114 71 23 149 109 44 74 111 161 163 63 13 139 125 103 1 132 70 64 140 67 95 138 165 156 171 83 110 23 170 62 29 160 137 56 83 8 45 28 99 141 163 116 81 155 157 139 133 8 86 147 82 87 28 63 67 56 94 152 92 31 92 46 130 76 151 31 144 97 113 137 71 31 68 158 44 72 102 67 79 11 68 134 100 121 36 85 146 96 48 109 149 120 85 165 142 70 66 88 128 93 41 180 175 39 54 167 6 29 168 54 146 26 124 95 129 136 41 80 24 35 109 105 44 107 125
123 100 131 71 77 54 141 118 31 32 41 64 38 23 131 161 51 76 172 81 135 156 50 142 9 82 137 71 103 158 26 18 179 87 163 169 21 107 82 58 17 57 107 45 85 11 155 78 157 122 152 5 50 32 149 9 9 13 103 71 24 158 43 110 37 13 27 37 39 93 91 139 126 171 136 23 53 62 154 65 11 13 95 156 160 26 3 64 2 136 126 30 89 37 29 22 167 171 18 69 7 131 82 65 74 87 47 160 110 178 53 55 29 33 5 148 96 150 160 22 62 120 102 8 172 11 35 33 138 56 117 16 108 159 175 1 52 25 21 105 39 133 101 15 15 52 80 137 94 139 47 74 135 156 134 147 17 164 132 144 167 12 14 5 106 159 60 126 18 114 19 106 102 59 68 121 130 136 119 121 168 150 161 129 51 34 102 135 166 23 11 165 132 42 169 154 37 116 11 64 21 108 151 25 2 136 147 118 133 119 117 49 3 58 146 141 16 157 105 167 69 70 70 31 128 61 160 123 172 61 177 90 117 103 76 169 3 144 139 17 128 39 127 135 142 138 144 58 22 5 67 40 93 127 75 80 164 27 140 169 93 30 56 155 84 8 75 64 92 106 91 66 34 176 119 151 22 47 51 180 42 158 129 94 27 154 153 22 125 169 106 118 24 117 49 105 54 14 83 72 70 178 111 133 48 92 50 2 136 175 83 91 110 92 21 28 28 106 124 140 3 16 71 165 164 140 134 122 122 104 169 52 152 170 148 73 134 177 51 135 129 37 158 97 144 39 140 81 138 87 81 62 79 85 118 124 121 31 59 38 111 98 174 88 171 26 69 96 25 35 143 114 160 74 43 122 157 62 154 47 58 145 139 103 139 149 124 136 53 146 119 93 63 97 58 83 110 84 154 177 57 162 76 126 5 52 34 176 101 12 148 28 66 107 19 172 153 15 93 156 77 57 151 99 120 57 174 33 150 41 8 178 159 89 149 131 2 95 9 114 180 37 54 81 5 101 138 166 88 75 38 24 55 24 9 19 95 132 147 60 5 180 32 14 95 119 126 22 3 17 154 120 129 66 101 3 112 42 68 79 163 99 2 134 59 53 99 120 164 109 172 151 89 86 158 60 136 180 156 82 40 167 122 67 118 85 171 12 52 105 173 67 134 58 27 153 74 87 116 19 7 104 69 71 102 117 162 150 30 18 10 49 139 36 51 95 138 119 25 14 22 68 20 111 69 138 148 76 82 145 116 158 70 131 135 94 150 120 108 99 159 55 71 64 18 98 99 148 101 119 145 27 15 57 66 133 116 45 108 176 19 26 36 75 98 117 176 95 10 66 73 165 109 64 95 179 14 154 100 162 145 105 39 78 81 102 78 180 21 163 39 168 70 55 71 13 40 38 143 77 63 6 66 64 13 41 6 78 15 140 163 55 140 32 11 98 44 65 88 25 12 170 124 56 45 172 21 124 108 25 17 61 104 34 35 115 167 1 102 11 177 140 127 31 102 58 95 58 140 20 119 10 71 44 179 89 76 76 125 16 26 169 71 77 137 72 102 167 146 47 152 12 75 101 61 87 77 18 165 86 14 48 120 26 24 16 141 78 95 158 5 54 146 51 39 97 72 98 39 17 39 31 18 83 5 99 47 5 22 172 11 138 119 123 55 3 167 177 67 39 129 4 6 2 137 52 34 85 79 43 136 60 93 165 18 80 15 84 29 70 91 119 4 113 127 89 97 100 70 155 130 178 87 63 46 84 96 102 151 142 69 148 168 69 42 7 132 34 154 70 35 167 86 118 113 15 158 124 47 28 104 166 77 49 174 12 177 120 118 7 41 97 102 29 176 8 16 18 151 110 72 152 143 134 86 121 161 88 43 18 144 139 116 24 129 87 131 79 56 177 72 98 26 154 73 14 175 11 167 20 43 90 26 124 51 158 96 143 106 123 59 175 57 144 97 78 5 105 173 154 6 52 168 61 118 119 160 159 132 11 11 29 119 162 58 26 128 63 109 59 43 170 42 15 27 53 87 146 91 94 12 28 72 70 36 85 25 145 168 165 33 19 95 140 124 74 22 29 105 69 135 154 119 55 6 37 127 34 129 151 32 26 31 160 141 125 29 112 106 117 110 94 31 148 139 153 151 141 14 46 22 48 71 124 163 37 168 73 126 31 93 76 55 92 131 151 126 97 64 134 28 55 18 11 102 49 39 79 128 62 20 32 93 172 60 31 113 5 127 80 46 40 70 108 61 143 63 86 58 129 96 19 26 113 5 12 104 162 149 23 74 123 119 15 178 105 113 176 100 129 98 97 12 129 3 175 158 76 156 58 46 126 56 45 97 128 41 156 143 168 42 175 17 71 30 16 58 89 27 25 11 2 21 82 44 47 161 77 16 53 5 139 48 105 176 158 58 8 130 47 122 169 57 141 5 42 1 23 38 79 170 63 107 110 105 43 177 131 163 161 167 15 19 59 147 176 152 118 42 175 114 130 157 74 106 98 39 172 86 90 2 180 12 150 20 123 38 71 69 39 165 81 128 64 30 57 8 69 9 166 20 57 76 138 108 100 163 160 94 118 55 145 116 132 101 57 15 161 98 13 47 119 139 67 38 124 78 25 5 28 114 145 152 114 131 75 140 151 2 69 174 169 136 18 81 114 159 140 53 159 51 114 143 43 47 82 6 110 54 48 180 14 18 96 64 49 99 40 45 3 138 150 84 140 35 126 85 76 158 60 180 66 132 33 156 160 81 99 150 178 41 143 59 136 52 2 157 82 29 46 5 153 165 84 159 75 3 115 16 39 57 68 179 50 121 89 29 98 37 150 110 125 53 68 146 13 9 162 62 104 71 160 118 48 111 60 99 128 161 154 162 33 123 16 38 168 95 19 28 123 20 65 115 65 103 34 100 96 61 176 100 110 97 17 37 24 144 166 154 115 87 161 11 101 93 164 90 72 49 35 91 12 107 81 39 172 48 37 178 164 144 177 88 161 142 130 9 53 135 78 56 97 20 61 176 47 166 178 72 172 124 45 55 29 142 179 55 91 144 5
39 54 91 65 107 50 99 157 160 62 149 133 176 35 21 168 107 109 57 111 4 4 151 140 177 176 5 29 124 14 45 141 171 165 66 135 109 87 73 8 86 166 138 124 4 178 140 50 107 52 92 145 133 76 109 115 63 13 154 107 118 24 150 13 84 145 143 178 112 171 31 60 142 149 58 80 163 110 33 2 163 28 64 38 89 145 86 121 166 155 101 95 33 39 89 155 92 34 116 108 110 68 93 68 117 5 119 144 148 13 113 5 13 35 61 161 44 67 31 42 172 168 99 159 8 29 82 22 91 70 147 103 36 139 60 180 99 12 55 124 96 17 124 18 146 164 137 89 56 54 85 162 116 69 77 69 61 98 166 157 43 79 119 138 84 58 145 35 44 138 7 23 83 127 99 92 162 83 6 166 162 71 44 143 14 179 80 151 124 19 132 93 149 105 113 21 108 112 156 111 91 17 14 128 121 92 17 136 71 23 78 89 55 163 157 78 49 33 75 20 165 98 145 168 109 124 91 17 127 66 159 100 59 56 91 124 70 147 78 25 172 147 110 71 81 83 124 47 46 124 158 148 88 114 111 180 95 162 117 100 129 154 11 53 137 68 165 64 12 167 1 179 124 78 60 68 156 88 80 93 40 17 18 82 28 83 100 144 107 41 123 98 19 96 52 4 160 5 154 133 141 97 20 25 19 50 146 145 21 114 119 81 21 169 140 72 177 179 14 88 158 102 140 64 115 53 36 1 81 94 134 148 160 9 43 1 96 12 95 9 99 12 60 164 161 99 129 68 137 149 154 24 103 122 171 75 141 167 82 84 148 109 141 97 146 152 43 60 9 110 180 118 121 139 68 106 39 107 169 56 94 12 66 176 173 96 160 62 38 166 28 142 110 56 123 31 131 28 54 168 34 66 146 117 144 174 59 142 173 106 118 54 15 146 170 111 24 78 161 85 161 8 134 35 86 143 102 1 94 164 141 84 4 168 146 159 137 65 3 138 41 108 37 5 121 74 140 37 36 143 114 73 2 104 145 166 58 48 87 111 157 176 23 127 31 155 9 137 97 104 170 73 82 45 21 74 152 11 103 27 31 115 68 159 75 32 96 134 68 126 167 179 28 133 156 95 144 143 14 22 153 142 33 88 10 142 60 65 100 153 77 121 109 89 115 47 175 55 11 67 139 121 157 90 130 108 159 91 123 45 3 23 141 120 82 106 141 41 157 104 71 65 21 31 1 52 13 3 62 127 159 19 75 171 113 73 143 166 177 23 160 68 130 57 179 120 112 166 104 37 178 167 126 69 135 11 26 160 135 76 93 177 179 161 115 146 114 152 19 21 59 39 93 102 118 179 34 3 7 153 50 171 179 44 145 80 106 63 80 103 143 166 6 120 73 149 82 82 5 20 151 20 168 57 99 146 125 109 81 180 167 129 52 53 96 21 100 30 96 55 146 52 170 69 85 92 6 47 139 161 173 10 47 101 150 41 27 132 26 31 14 176 85 87 176 7 37 168 24 168 18 85 120 144 175 155 78 28 40 84 169 168 106 151 106 1 46 110 139 60 10 31 171 92 13 169 81 56 98 109 56 75 43 161 146 15 75 36 95 4 170 108 80 130 117 177 82 75 171 62 76 134 39 97 82 73 100 116 167 144 101 15 177 101 174 147 48 48 69 48 60 175 63 180 111 179 103 53 69 175 89 1 168 113 7 36 39 140 129 27 45 45 135 43 33 66 36 136 20 17 81 27 124 86 89 89 69 108 134 152 179 114 41 122 107 17 74 144 82 132 11 119 94 7 64 11 32 166 71 165 11 16 140 175 36 109 129 119 95 87 31 118 125 174 49 56 178 143 42 7 41 57 116 8 68 8 119 42 76 23 99 20 76 62 138 23 11 45 142 15 30 77 57 63 159 62 19 113 15 145 157 41 101 173 60 59 43 12 96 132 40 32 20 129 24 8 6 96 61 1 69 61 158 55 143 56 35 145 85 178 13 10 143 143 104 139 124 96 118 52 35 6 156 36 80 111 22 179 14 46 165 58 90 142 174 4 130 139 37 135 159 82 104 155 29 105 118 79 104 75 81 75 87 165 5 168 145 37 124 156 81 124 58 104 173 160 147 19 39 154 69 102 41 150 128 41 94 176 150 134 89 161 99 104 85 164 137 44 28 167 143 153 153 113 94 134 17 117 87 112 162 102 157 128 173 74 130 179 61 157 11 69 159 3 90 43 34 77 132 98 124 94 9 177 70 135 112 120 167 158 143 97 54 106 137 59 96 179 77 119 94 14 72 112 165 66 73 157 56 59 123 25 19 108 70 159 122 163 154 150 47 123 97 138 30 147 178 1 136 78 144 14 11 134 68 115 104 120 68 140 2 163 85 58 66 1 11 166 29 108 79 20 160 125 24 54 65 46 157 135 86 100 137 11 146 126 147 104 119 81 135 55 25 102 44 8 126 119 173 62 60 168 155 33 39 46 21 109 49 65 15 103 112 114 14 114 24 52 25 123 139 168 8 127 171 143 163 126 51 145 77 103 45 112 98 50 125 59 139 36 178 38 109 135 85 84 94 16 71 20 84 102 96 71 104 3 39 5 180 163 170 77 24 33 48 100 121 139 54 21 75 14 150 64 83 126 54 109 51 117 179 72 173 57 155 34 45 74 50 163 1 45 141 176 32 161 172 165 159 51 42 71 93 125 163 132 9 65 39 50 55 56 96 105 103 13 135 103 35 105 146 147 68 97 37 42 22 142 130 113 74 103 162 135 51 9 32 5 5 15 24 73 125 99 175 131 108 66 19 119 57 163 5 98 177 146 15 166 49 59 61 158 49 163 6 67 122 26 105 79 180 139 171 159 75 5 15 29 57 2 100 176 135 28 36 18 101 63 43 3 176 24 53 70 119 14 93 179 40 49 5 14 100 41 158 48 114 150 152 67 53 90 95 54 80 83 162 154 51 99 11 50 177 176 173 98 128 4 107 152 178 26 2 51 48 47 18 117 124 158 11 48 54 35 123 120 180 48 21 132 152 170 83 41 49 20 36 94 8 175
49 30 105 22 157 103 166 168 98 91 113 84 50 5 59 3 9 155 104 122 86 80 80 93 28 102 36 19 111 26 119 151 33 76 20 21 97 79 128 172 54 16 109 18 76 156 17 103 83 149 98 163 133 46 2 127 114 89 165 85 39 32 61 131 155 42 106 147 44 13 30 144 38 84 26 4 144 11 42 108 46 102 81 14 104 103 108 89 72 8 78 171 27 89 39 157 13 52 175 148 50 18 25 159 91 166 94 124 2 120 155 24 24 108 8 13 149 38 41 71 15 38 54 139 159 39 46 179 147 43 117 147 34 90 124 123 41 164 48 128 71 172 84 41 3 62 33 68 37 13 133 52 167 58 116 127 140 24 104 39 80 102 20 128 89 133 149 98 45 18 62 78 7 87 135 143 24 126 151 154 157 13 137 165 136 67 30 116 6 88 101 103 98 180 98 23 6 76 81 151 123 155 142 130 20 52 170 41 124 91 123 139 139 98 165 145 32 95 7 172 121 61 180 37 110 68 165 78 5 18 172 7 82 174 91 8 58 73 109 24 34 128 66 108 135 119 106 92 173 23 45 164 57 162 102 80 155 49 135 110 125 126 153 11 167 3 103 60 178 142 174 3 103 28 19 11 2 6 61 31 153 56 122 10 104 84 137 75 12 90 132 118 97 114 63 7 129 112 123 160 12 87 177 65 112 62 144 104 136 96 62 50 19 47 170 84 172 38 80 124 64 47 118 26 97 7 87 3 139 13 11 56 105 47 176 51 112 166 130 163 87 15 120 49 117 90 170 28 145 43 147 43 34 83 33 59 167 3 133 33 41 113 42 69 147 4 7 12 16 162 19 78 21 87 21 7 55 12 71 29 62 159 38 173 21 119 161 2 1 124 57 113 32 49 96 4 112 43 83 61 4 41 64 162 158 155 16 76 145 23 48 87 53 163 101 89 123 145 109 13 89 133 12 103 127 126 153 61 77 146 124 111 72 17 14 71 98 54 84 83 138 179 56 64 19 103 116 37 60 16 60 59 104 67 123 53 141 72 28 174 107 17 13 152 170 75 165 156 160 131 146 43 101 133 48 176 150 97 131 2 84 124 158 168 164 42 166 144 175 29 20 105 10 16 36 173 62 45 105 56 44 22 49 121 15 124 147 14 34 35 170 111 66 33 122 167 42 138 179 158 6 63 7 51 133 159 97 63 47 9 76 26 133 110 166 51 109 173 56 165 39 74 103 67 98 134 48 13 20 64 147 49 114 153 128 106 118 20 126 98 174 107 178 121 99 121 80 48 7 42 124 113 106 155 69 168 5 47 88 46 49 172 15 43 48 52 149 179 31 149 55 124 83 147 44 97 100 6 110 88 43 91 113 68 103 24 122 168 64 35 164 9 97 51 6 72 102 24 180 84 54 59 146 141 139 121 90 161 114 125 52 120 34 102 105 161 16 143 160 86 7 84 145 8 67 100 129 145 31 170 72 64 136 106 105 98 32 4 118 171 85 147 135 106 30 160 171 94 16 25 50 53 37 29 69 147 75 87 114 110 37 126 31 71 41 149 155 80 102 51 175 140 14 62 177 2 5 24 115 167 145 147 120 160 80 149 115 173 65 83 39 54 124 70 12 106 108 108 15 142 57 3 155 115 108 113 97 145 97 83 120 126 154 151 24 143 13 23 86 131 53 162 176 134 11 33 113 52 109 13 123 6 104 61 104 135 16 16 106 45 11 113 69 124 174 13 113 8 173 52 94 82 175 14 135 24 89 38 23 67 70 70 64 16 155 38 99 100 70 126 140 175 90 53 126 104 17 119 136 175 109 49 47 66 85 127 134 84 127 140 39 116 177 41 80 5 163 173 8 130 136 54 105 125 71 80 154 89 86 24 69 3 112 166 25 36 53 42 67 44 118 56 137 83 120 61 107 111 43 166 60 47 93 73 76 107 27 176 177 137 129 176 61 65 152 137 36 178 47 82 41 137 68 157 100 163 40 118 56 18 61 53 168 111 103 139 54 94 21 66 163 153 24 80 144 69 150 39 71 12 180 173 113 36 59 45 65 83 26 96 127 27 129 148 69 145 147 22 16 32 174 19 58 131 172 159 60 154 40 171 47 53 77 15 115 75 48 161 25 154 19 21 178 139 11 94 12 38 133 65 131 122 30 119 147 71 137 143 59 29 117 177 2 94 155 2 160 73 137 67 175 28 115 70 132 163 57 141 116 172 156 126 132 4 9 35 97 113 8 132 93 153 98 166 116 166 54 111 72 171 35 157 47 97 1 63 122 34 80 131 87 4 44 175 35 139 165 56 9 35 108 123 15 123 137 17 93 10 61 41 162 152 127 129 81 117 69 104 176 173 114 3 112 32 76 135 94 29 2 39 8 38 27 14 68 130 135 32 53 134 117 15 30 90 135 56 180 28 167 111 55 172 38 94 137 172 16 153 95 58 111 91 164 47 169 104 18 179 58 1 6 70 51 77 23 3 147 90 158 83 65 41 39 162 36 55 112 97 17 162 147 79 123 153 98 55 16 68 169 166 91 148 119 9 34 89 49 27 43 80 69 80 100 28 172 18 65 122 105 96 43 37 104 4 99 20 107 31 175 62 86 3 142 88 112 180 84 59 110 54 14 106 64 99 120 5 18 88 54 168 169 49 76 128 10 96 168 149 65 45 148 17 133 168 82 174 133 72 108 110 53 153 81 47 122 48 152 127 160 17 48 179 154 110 123 66 94 44 35 162 90 36 91 143 118 33 69 86 80 54 143 87 51 105 148 79 12 101 6 89 167 69 160 20 72 159 47 156 117 55 53 164 40 122 21 91 179 105 35 28 4 128 18 6 108 144 144 127 116 50 132 74 82 87 144 14 87 36 136 74 158 142 128 82 163 156 124 10 118 67 86 133 117 158 31 40 30 127 122 110 12 60 42 104 43 33 7 2 9 177 141 36 21 46 60 54 149 49 13 19 178 171 9 49 172 28 129 21 12 23 42 118 49 11 151 174 155 3 121 12 61 132 45 4 85 115 126 32 1 170 57 144 129 37 39 169 173 177 41 173
61 21 117 58 144 99 145 41 159 114 167 58 62 73 58 93 48 33 78 114 17 107 49 34 159 62 102 85 34 4 113 109 124 118 62 136 124 43 84 105 2 148 34 131 84 1 38 75 70 125 60 109 41 155 80 6 76 9 128 113 113 10 129 179 151 49 111 116 69 152 15 52 95 173 106 75 77 75 65 9 132 104 152 94 171 26 85 27 137 55 21 5 179 50 152 165 175 75 162 28 162 143 16 123 145 39 5 8 126 137 39 26 38 80 159 36 92 122 58 90 72 21 102 42 77 161 18 119 175 123 119 115 23 1 56 76 90 133 34 118 12 144 121 178 174 86 107 78 165 1 142 85 148 63 17 113 148 101 45 86 41 123 85 33 109 132 84 28 72 9 57 76 102 14 148 86 143 38 44 62 130 87 175 107 57 152 32 44 143 48 89 144 66 74 145 4 113 104 138 170 88 123 116 78 19 156 53 137 158 137 93 86 145 67 162 32 144 23 120 62 135 66 144 98 57 89 108 28 173 113 163 72 83 180 45 18 157 147 176 110 43 121 105 130 126 29 163 137 101 23 180 61 161 135 48 116 112 122 144 169 154 180 19 88 12 114 6 155 155 109 32 167 155 52 80 87 73 163 54 12 135 138 121 2 138 146 28 177 1 11 43 33 58 118 144 59 112 120 135 175 62 30 48 75 177 29 23 120 147 176 14 82 162 95 119 119 23 59 136 127 56 157 173 139 48 56 31 179 33 145 134 120 174 4 16 91 78 38 171 159 158 41 21 99 71 76 80 151 56 138 109 140 63 163 36 65 145 167 111 89 175 118 140 2 85 133 99 13 150 105 102 7 129 150 144 29 152 53 47 165 45 147 172 50 28 65 23 60 155 66 12 43 120 96 87 42 21 68 71 82 55 95 92 60 43 12 65 143 164 130 29 146 5 73 150 136 163 172 28 141 147 10 23 131 84 135 60 36 147 162 2 80 48 105 54 44 79 129 106 96 47 74 6 38 148 29 145 116 52 156 6 4 18 114 153 9 100 124 154 91 80 3 110 159 4 118 31 169 119 26 19 24 97 24 16 10 40 33 130 107 98 6 34 43 30 164 147 61 142 108 9 118 118 136 129 88 145 8 33 58 13 72 41 167 93 91 174 66 61 101 171 53 107 86 118 73 115 72 116 30 165 124 41 8 107 145 9 95 118 94 18 49 42 171 95 66 150 180 24 144 139 16 168 91 69 31 97 88 110 147 87 117 81 108 159 127 19 175 30 63 177 20 106 151 100 40 69 70 56 143 28 70 50 25 115 93 55 57 82 92 180 24 60 134 164 133 1 168 68 45 54 12 41 13 17 1 119 2 106 145 131 57 178 98 147 78 60 144 110 22 25 158 11 146 160 25 36 2 150 171 62 42 37 25 5 134 129 122 9 178 75 174 92 34 96 25 7 150 1 37 106 44 19 25 122 134 27 55 123 3 12 91 107 121 143 117 76 112 144 87 81 131 69 92 71 107 21 89 81 30 148 6 156 150 118 155 33 22 152 126 157 162 114 174 53 168 146 148 177 24 150 107 163 63 96 88 113 82 63 56 120 128 30 73 99 169 130 158 65 83 147 100 57 150 138 176 114 16 55 158 156 88 165 141 153 37 179 42 68 109 63 13 60 116 110 66 41 50 60 94 50 61 82 150 56 157 75 174 24 164 52 151 177 96 153 47 159 86 173 145 70 138 125 180 175 174 178 118 78 5 173 41 23 80 48 105 3 173 37 112 79 130 26 174 28 73 176 90 85 101 44 42 164 94 170 110 2 30 168 178 61 15 135 170 177 27 105 17 125 163 164 83 95 28 28 53 160 60 153 10 118 39 110 74 123 163 95 113 68 7 177 105 91 74 154 118 124 76 119 158 62 9 93 91 108 39 138 142 44 121 131 40 109 34 68 152 105 60 4 57 95 94 7 122 5 128 34 95 99 76 170 21 133 39 37 148 45 13 151 116 69 51 139 178 75 38 2 69 149 83 169 81 39 67 174 135 125 94 165 26 127 66 121 78 108 148 177 46 25 154 98 127 98 60 67 102 109 8 64 122 6 55 67 2 80 57 15 74 78 114 61 55 172 7 30 59 134 27 46 10 68 26 168 154 33 4 147 82 61 49 97 71 28 177 171 97 180 102 88 153 55 88 1 137 39 68 133 55 62 53 142 4 137 5 170 153 140 166 86 139 135 25 108 93 85 23 138 17 156 178 82 159 168 118 112 177 108 178 5 149 152 63 86 25 142 178 138 174 165 42 177 146 6 84 106 142 173 106 81 158 115 111 173 93 145 88 56 165 56 48 17 133 79 50 47 108 62 150 163 7 54 107 170 110 27 151 169 93 90 150 65 16 94 46 40 168 63 46 20 37 37 138 10 164 166 178 145 23 99 176 107 73 104 23 106 4 7 132 160 113 96 46 49 146 70 106 10 80 99 94 156 104 126 157 119 85 119 140 5 18 98 81 60 105 113 99 175 144 21 130 43 98 175 137 108 111 97 26 137 56 92 31 76 102 67 121 37 138 33 113 36 179 78 127 81 17 166 156 162 92 14 21 130 90 73 136 87 32 5 163 94 153 6 44 118 151 117 42 113 5 3 84 43 61 42 78 142 52 70 6 138 36 12 18 67 25 132 136 42 138 92 101 3 130 149 111 163 44 46 150 113 39 151 46 103 80 85 29 160 150 129 161 76 94 70 85 114 35 131 83 130 5 77 170 154 51 56 3 141 99 160 168 146 25 8 73 155 43 106 17 86 115 160 139 6 176 176 65 23 41 91 128 63 165 141 22 127 143 58 160 180 152 59 6 135 171 79 121 104 11 85 72 30 70 164 15 107 23 30 11 21 95 34 156 29 20 62 19 149 77 90 40 12 69 4 2 21 111 65 55 26 130 31 152 63 17 120 144 78 133 94 135 85 57 157 113 143 18 84 174 178 16 122 137 51 175 50 18 113 167 149 3 160 90 25 174 47 115 2 86 42 136 74 29 17 18 175 143 132 136 36 85 100 162 147 103 124 146 87 101
0.3
0.4
0.2
0.3
0.3
0.2
0.2
0.3
0.3
0.3
0.4
0.3
0.2
0.2
0.2
0.4
0.3
0.2
0.3
0.3
0.4
0.4
0.3
0.3
0.2
0.4
0.4
0.2
0.4
0.3
0.3
0.4
0.2
0.3
0.2
0.3
0.4
0.3
0.4
0.4
0.3
0.4
0.3
0.2
0.3
0.4
0.2
0.3
0.4
0.2
0.3
0.2
0.3
0.3
0.3
0.3
0.4
0.3
0.4
0.2
0.2
0.3
0.3
0.3
0.3
0.3
0.3
0.3
0.2
0.3
0.3
0.3
0.3
0.4
0.3
0.4
0.4
0.3
0.3
0.3
0.2
0.2
0.2
0.3
0.2
0.4
0.4
0.4
0.2
0.2
0.4
0.3
0.3
0.2
0.3
0.2
0.2
0.3
0.3
0.4
0.2
0.3
0.3
0.3
0.4
