6 12
6
      1647
      1398
      1648
      1865
      1962
      2154
  2.8  33.2 788.4   2.0 
  1.6  43.6  78.5   2.0 
  3.1  36.6 325.0   1.8 
  2.7  20.3 354.8   2.0 
  3.2  37.4 877.5   2.2 
  3.9  67.0 623.4   2.0 
  1.3  28.5 575.5   1.8 
  2.1  25.0  93.9   2.4 
  1.7  19.3 122.3   1.9 
  1.9  47.2 179.4   2.0 
  4.4  44.7 733.6   2.1 
  2.5  54.2 124.7   2.0 
  3.7  37.7  73.3   2.2 
  1.2  35.6 204.4   1.7 
  1.8  67.6 223.2   2.4 
  1.3  45.6 358.0   2.5 
  4.3  25.5 909.9   2.4 
  4.3  26.6 221.3   1.8 
  4.1  69.1 946.9   1.5 
  1.4  34.5 661.0   1.9 
  2.6  64.7 720.5   2.3 
  4.4  62.0 399.2   2.2 
  4.9  17.6 344.2   1.5 
  3.3  68.9 828.2   1.8 
  3.7  39.1 226.8   2.3 
  4.9  26.8 931.8   1.7 
  2.7  27.8 472.0   2.0 
  2.7  30.0 582.4   1.9 
  3.7  25.3 890.4   1.8 
  4.8  44.3 945.3   1.5 
  2.8  16.2 758.7   2.4 
  4.2  66.7 269.4   2.0 
  3.0  62.3 465.9   2.2 
  2.9  41.5 949.3   1.7 
  4.5  65.7 669.3   1.8 
  4.8  69.0 172.5   1.9 
  0.2   0.4   0.4   0.2   0.2   0.3   0.2   0.2   0.4   0.4   0.2   0.2   0.3   0.3   0.2   0.3   0.2   0.3   0.2   0.3   0.3   0.4   0.3   0.3   0.3   0.4   0.3   0.3   0.4   0.3   0.4   0.3   0.2   0.4   0.3   0.3 
    5    38    76    40   112   152   118   139    92    21    70   105    31     2   111    62   151   169   101     9    65   107   173    79    36     7    32   145    10   166   128    35    63   100   156    18 
  109    47   177    35    71   135    83    67    25   100   105   159    38   149   133    35    42    26     5    75    74    84    98    63    98   115    62   128   105   128     3   161   113   115    97   178 
  114   100   116   162   103   121    46   144    72   110   147   120    32    90   176    55   128   123    48   159   113   179   120    39    46   103    75    50    78    90    84    56    42    45    27   133 
  157    60   108   179    28    98   137   154   155    70    53    42    51   111   105   144    85   169   162   132   137    21   138    35    27    52    67   117   164   101   154   150   141   175   134    41 
  105   130   109   150   144    60   163    86    64   130    72     1   158   146   119   101    32   165     4   137   117   114   103    57   141    38    84    36   116    15   147    12   117    55   130   134 
   21    29    62    37    20   106   168    83   174   117    88   110    57   102    76    26    38    36     0    84    83   127   116    99   136   101   171   100    45   135    23    31   118   159   151   116 
  169    95     9   120   103    48    46    31   132   147    81   117   148    11    52   150   122    80    85   165   101   113    93   138     3    27    79    14    55    70   154    41    33   151   150    13 
  102    56   105    80    23   114    96   164    35    10     4    17   179    71   129   102   141    42   143   146    14     4    23    55   107   176   108   161   171   147    42   172   132    51    19    70 
  159   171   129    85   178    37   101   116    22   176    87   178    76    31   108    72   150    99    83    47    93    67    61    19   170    61    58    21    39    60    22   132   129    25   127    17 
   10   147   165   150    38    94   127   157   171    49   158   112   146    51    71   159   116   107    16    44    59    68   170    39    19   101   149     5    87   124   176   122   165    32   171   177 
   36    50     4    23   110   150    28   144   116   119    61    89    93    99   159    95   124   178    41    77   143    24   161   105   127   155   114    60    57    69    15   117    55    34    79     8 
   72    25    60    95    53   128   102   120    47   150   129    83    71    18    85    49    78    17    36   143    59    11   132    73   158    33    19    80   141   118    63    68   120    49    26   173 

  0.28
  0.38
  0.35
  0.23
  0.40
  0.35
  0.31
  0.35
  0.21
  0.33
  0.31
  0.36
  0.29
  0.35
  0.26