70 12
15
20131
17014
19317
18552
17850
20224
20959
19201
19326
19372
18906
19639
20156
17898
18458
2.2 44.6 758.8 1.7
3.8 16.7 416 1.7
1.8 49.3 727.2 1.6
4.2 37.2 143.4 2.1
2.7 36.5 596.9 1.9
4.4 37.7 704.6 2.5
4.5 34.9 223.6 1.5
4 18.2 219.9 1.6
4 23.1 66.7 2.1
3.9 12 358 2.2
2.2 37.4 231.9 2.5
3.5 32.9 187.6 1.7
4.1 42.8 831.2 1.8
4.1 45 903.8 2.5
2.3 34.9 366.8 1.8
3.5 17 288.7 2.4
1.6 46 108.5 1.7
4.4 38.3 223.6 1.6
1.1 38.4 94.8 1.9
4.2 38.2 192 1.6
4.2 49.2 457.4 1.9
3.5 23 947.3 2.2
1.4 42.7 772.6 1.9
2.2 23.6 554.3 1.6
3.9 46.6 757.7 2.4
3.5 37.1 334.6 2.1
2.2 37.9 680.4 1.7
1.5 34.4 330.9 1.8
2.3 38.3 942.1 2
1.3 26.1 261.1 2.3
4.5 40.8 464.6 1.5
3.7 39.7 621.4 1.7
4.8 42.1 321.7 2.1
2.7 32.1 939.5 2.3
1.1 15.2 436.2 2.5
1.3 34.6 815.9 2
4.1 17.3 913.8 1.6
1.5 28.5 360.6 1.7
4.5 46.2 840.2 2.2
2.6 33 673.8 2
1.7 31.3 59.5 1.8
4.2 42.7 212.2 2.2
3.7 28.9 553.3 1.7
2.9 26.3 130.5 1.5
1.5 42.8 451 2.2
2.2 38.7 198.1 2.3
4.6 38.5 439.1 2.4
4.3 36.8 789.5 1.9
2.8 28.4 262.1 1.6
4.1 28.7 306.5 2.1
1.9 20.4 700.1 2.1
4.5 48.8 130.1 2.2
3 38.3 555.1 2.1
1 15.1 669 1.7
3.7 23 483.1 2.3
3.3 37.9 676.9 1.7
2.5 39.6 612.2 1.6
4.2 17.4 891.4 2.1
2.1 36.3 204.2 1.8
4.1 15.6 550.9 2.4
4.4 33.3 280.8 2.3
1.4 21.7 527.3 1.8
3.6 48.5 637.6 1.6
3.3 24.6 422 2
3.6 30.4 579.7 2.3
1.3 48.5 462.7 2.1
3.9 41.2 141.5 1.5
3.5 34.3 941.6 1.5
3.6 28.6 644.1 2.4
3.3 29 730.6 2.5
3.7 48 533.8 1.9
4.8 14.9 442.7 2
2.5 31.7 327.2 1.6
2.5 19.9 514.4 1.5
2.7 44.3 577.9 2.1
2.3 34.1 478.9 1.8
2 33.1 818 2.2
2.5 17.3 163 1.9
1.6 26.4 679.6 1.9
2.4 33.8 945.5 1.5
1.4 23.4 112.5 2.4
1.4 34.2 657.7 2
4.1 49.3 871.7 1.8
2.4 25.6 626.1 2.4
1.9 25 563 1.7
1.6 11.6 617.3 1.8
2.7 12.7 523.5 1.8
1.5 34.6 436.7 2.2
2.5 27.3 864.6 2.3
3.6 18.8 894.3 2.1
1.6 40.4 433.8 2.2
4.1 10.6 932.5 2.2
2.3 41.6 878.7 2
3.4 46.9 326.7 2.1
3.9 18.2 586.1 2
4.1 10.4 752.2 2.1
2.9 41 473.2 2
1.7 36.2 590.8 2.1
2.2 14 301.4 2.4
2.3 49.2 914.3 2.3
1.1 48 466.8 2.1
3.7 49.8 944.2 2
4.7 11.1 933.7 2.2
3.1 37.4 153.7 1.8
1.4 38 752.8 1.7
4.6 42.5 747.1 2
4.5 43.8 162 2.2
2.9 36.7 127.7 1.6
1.8 49.3 167.2 2.2
2.5 27.2 416 2.2
1.2 14.6 774.2 2.3
1.7 48.3 625.5 2.3
4.1 49.7 825.5 2.1
2.4 24.8 625.1 2
4.4 21.6 304.6 1.7
3.5 25.4 790.5 1.8
2.7 12.4 829 2.3
4 15.3 332.5 1.6
2.9 44.6 409.7 1.7
2 48.9 155 1.9
4.4 39.1 473.2 2.1
3.5 25.6 722.8 2.2
2.8 23.1 369.1 2.2
3.2 48.6 660.7 2.3
1.5 14.4 706.1 1.7
3.7 19.1 520.7 2.3
1.6 28.7 441.6 1.6
4.7 14 607.1 2.1
1 36.9 446 1.6
2.7 17.4 637 1.7
1.9 45.6 398.5 1.9
2.1 11.1 294.6 2
2.8 17.9 188.2 2.4
3.4 27.2 464.5 2.3
1 49.1 545.7 2.2
2.3 15.3 931.5 2.2
2 13.8 183.3 1.6
3.9 30.8 893.8 1.6
1.5 30.2 291.8 2.3
2.3 20.6 732.6 2
1.4 20.6 161.7 1.8
3.1 39.2 352.7 1.7
1.5 43.6 482.5 2.1
4.7 25.6 399.8 2.5
2.1 29.2 864.5 1.9
2.6 32.1 536.7 1.8
3.2 13.8 774.4 2.2
4.1 15.9 458.6 1.6
3.3 43.5 804 1.7
3.9 36.9 748.4 2.4
2.5 30.9 610.1 2.2
2.5 12.3 615.9 2
2.8 39.1 864.6 1.8
2.3 15.1 112.3 2
2.2 46.4 100.2 2.4
2.3 23.8 453.1 2.4
1.2 22 321.4 1.7
2.8 32.2 232.7 2.3
2.7 45 768.9 2
3.9 46.1 826.5 1.7
1.1 35.2 725 2.2
3.7 12.5 795.3 1.7
1.3 31.1 886.8 1.9
3.1 41 101.9 1.6
4.8 20 734.1 2.3
1.4 32.8 736.4 1.9
2.5 48.4 152.8 1.9
2.9 40.4 600.4 2.4
3 41.1 907.5 1.7
3 22.2 233.2 1.7
2.3 34.3 137.3 2.4
1.4 27.8 302.7 1.9
4.5 31.3 630 2.3
3.6 39.6 900.5 2.3
4.1 38.9 880.3 2.1
3 12 277.8 2
2.1 36.2 352.5 1.5
4.9 12.9 318.3 2.3
3.6 33.2 150.5 2
4.7 22 234 2.3
4.5 48.5 516.8 2.2
2.6 21.5 95 1.8
4 33.5 291.8 2
4.6 29.4 180.2 2.5
4.5 45.9 457.9 1.7
3.1 44.3 424.1 1.6
4.1 39.4 444.7 1.8
3 23 579.2 1.7
2.9 18.9 116.1 2.2
4.6 37.6 613.6 1.8
1.9 48.3 407.4 2.1
3.2 27.1 546.8 2.1
2.5 18.4 428.9 1.9
3.7 23.4 911.9 1.6
2.7 44.8 173.8 1.7
4.1 32.9 851.2 2
2.9 49 476.1 2.1
1.3 10.4 184 2
1.1 14.6 144.8 1.5
1.3 16.9 881.4 2
1.6 39.4 603.5 1.8
2.7 44.8 408.6 2
4.5 11.4 300.1 1.6
3.7 33.8 732.1 1.9
4.6 12.2 248.1 2.5
4.7 34.3 892.1 1.6
1.6 44.8 733.7 2.1
1.4 23.4 309.4 2.4
2 32.7 180.8 1.6
1.5 30.9 610.6 1.5
1.7 47.8 159.9 2
1.9 38.5 800.7 2.3
4.3 26.2 276.5 2.5
4.1 42.7 855.7 2.3
2.9 16.7 122.2 1.9
2.3 44.4 846.4 1.7
2 42 406.4 2
1.9 16.2 840.2 2.4
1.2 10.3 142.6 2.3
2.2 43.6 688.8 2.4
3.9 20.1 459.1 1.7
2.8 45.6 345.8 1.8
1.8 38 947.1 1.6
1.7 37.8 715.7 2
4.1 44.8 248.2 1.7
3.5 41.1 913.3 2.3
3.1 43.1 709.5 1.7
1.9 17.5 301.4 1.7
4.2 19.1 380.5 2.4
1.5 33.6 843.2 1.8
1.9 31.2 915.1 2.4
1.7 26 369.8 2
3 43.1 797.5 2
3.2 44.6 142.8 2.3
1.5 21 340.5 1.6
2.6 23.7 924.2 2.1
1.6 22.1 55.4 2.1
1.1 26.9 715.7 1.7
2.4 25.2 392.1 1.8
4.4 10.6 222.7 1.8
4.7 13.1 272.4 1.8
3.3 40.3 774.1 2.1
2.7 47.9 386.9 1.8
1.9 34.7 110.9 2.4
2.5 47.9 435.9 2.2
3 28.4 562 1.6
1.8 40 458.1 1.5
2.9 26.6 634.9 2.2
1.8 34.4 441.1 1.8
2.5 37.1 444.9 1.6
2.3 21.4 370.6 1.5
3.1 23.4 304.4 2.5
1.4 47 800 1.9
1.2 36.6 265.5 2.5
3.9 33.9 770.5 1.5
3.1 10.8 683.5 1.8
4.1 14 214.3 2
4.4 48.5 347.6 1.7
1.3 15.2 742.1 2.3
3.9 12 195.1 1.7
1.5 27.3 414.6 2.1
4.4 46.4 749.5 2.4
2.8 47.8 489.5 1.6
3.7 12.3 746.1 2.2
4.1 34.6 429.7 2.3
2 11.8 136.4 1.9
4 16.2 551.1 1.5
4.1 30.1 344 2
4.4 15.1 805.3 2.3
1.7 20.7 238.2 2
4.9 31.3 51.5 2.5
4.3 48.1 594.8 2.1
3.4 17.7 677.5 2.3
3.4 14.1 263.3 1.8
3.6 23 217.8 1.5
2.8 29.9 537.3 1.6
4.4 25.9 677.7 1.8
2.2 31.1 240.6 2
4 18.3 819.1 2.4
4.1 45.8 630 2.3
2.4 23.4 364.8 1.5
4.1 22.9 119.7 2.1
4 45.4 839.8 1.6
2 41.1 838.1 1.7
4.7 14.5 103.8 1.7
1.5 43.8 207.5 2.1
1.3 31.7 350.2 2.1
3.1 15.3 843 2.1
4 27.9 187.5 1.6
2.9 36.5 735.6 2.5
1.4 33.5 925.5 2.1
4.7 33.9 616.7 2.2
1.2 36.9 302.4 2.3
1.5 27.5 274.7 2.5
2.9 45.7 456.5 2.1
2.9 20.6 489 2
1.9 27.7 943.5 2.3
3.9 47.4 268.7 1.6
4.9 42 120.4 2.1
4.2 21.9 886.9 2.3
2.6 43.6 726.9 2.2
4.6 48.3 149.5 1.8
1.1 44.7 332 2
3.2 17.3 850.6 1.8
1.8 26.1 360.6 1.9
1.9 35.8 573.5 1.9
1.3 11.9 949.4 2.2
2.4 15.6 215.2 2.4
4.9 18.1 213.8 1.7
1.2 28.7 92.6 2.1
3.1 13.8 949.3 1.9
4.4 11.4 502.2 1.7
4.3 10.6 425.9 2.2
4.5 12.8 892.4 2
2.3 11.6 176.3 2.2
1.5 11.6 286.6 2.5
1.5 19 444 1.8
3.2 37.3 699.5 2.3
1.2 45.5 126.9 1.6
2.3 40.8 827.5 2
4.7 15.7 693.1 2
1.7 18.1 713.7 1.6
4.3 49.8 815.5 2.2
5 14.5 220.7 1.9
4.1 17.9 740.4 2.4
3.2 46.5 442.3 1.9
4.7 27 296.8 1.6
3.6 32.2 535.7 1.8
3.5 18.9 950 1.9
3.3 20.3 529.2 2.1
2.2 20.6 457.5 1.8
1.4 19.1 830.9 2.3
2.4 13.7 804.1 1.7
2.7 33.3 165.9 2.1
2.5 33.8 92.7 1.7
1.4 41.1 672.2 1.8
4.3 44.6 749.2 1.8
1.9 29.3 682.9 2.1
4 10.5 376.5 1.5
1.6 20.5 155.9 1.6
4.7 22.1 291.2 1.9
3.4 32 70.7 1.5
4.7 37.2 906.8 2.3
1.7 44.1 740.6 2.1
1.2 43 179 2.4
2.3 48.6 776.1 2.1
3.2 32.2 430.8 1.9
2.7 43.5 343.4 2.3
4.5 27.7 722.9 1.7
1 14.9 224.4 1.5
4.4 27.3 474.4 2.2
4 47.7 431.3 2.1
4 22.9 734.8 1.7
3.1 13.9 887.9 2
2.2 28.9 935.2 1.7
2.7 35.9 845.6 2.5
4.2 15.5 619.6 2.4
3.2 21.6 649.9 1.8
2.7 27.5 437.3 1.6
1.5 16.7 132.4 2.2
3.5 31.3 236.2 1.9
4.9 39.9 724.1 2.4
3.9 47.7 646.9 1.6
2.2 17 671.5 1.8
3.8 25.4 832.7 2.4
1.2 31.7 747.3 2.2
1.4 30 169 2.1
3.6 13 833 1.7
3.4 15.9 151.8 2.1
4.2 36.7 881.4 2.4
2.6 46.6 535.8 1.6
4 14.3 524.2 1.6
3 43.2 491.6 2.2
1.6 19.4 437.1 1.8
2.5 11 394.3 1.8
1.7 49.7 736.4 2.5
1.8 44.3 172.5 2.4
3.8 39.9 420.9 1.7
2.6 45.6 758.3 2.2
3.1 32.3 538.4 2.1
4.9 39.9 487 2.2
2.1 19.9 319.5 1.9
4 49.4 368.2 1.9
2.7 24.9 368.4 2
3.9 24.7 598.7 2.2
3.4 13 581.9 1.9
2 46.9 432.7 2.2
2.6 48.5 440.6 1.9
2 20.1 274.3 1.7
1.2 44.7 303.9 2.3
4.8 12.5 245.1 2.5
2.1 24.2 845 1.8
1.6 39 303.8 1.8
4.4 24 798 2
3.8 48.8 927.6 1.8
1.2 27.6 415 2.1
1.7 30 915.4 1.6
1 18.8 383.7 1.8
2.3 15.9 621 2
3 28.6 550.9 2.1
1.6 11.7 301.6 1.8
4.3 40.3 166.1 2.2
4.8 43.7 497.8 2.4
4.8 28.4 191.1 2.3
4.1 40.8 526.4 2.1
2.6 41.6 719.4 2
4.2 46.4 439.8 1.9
4.2 44.9 78.6 2.4
5 34.4 422.9 2.1
3.3 44.5 188.2 1.9
4.5 22.3 303.1 1.8
4 48.8 306.1 2.4
1.9 17.2 494.8 1.6
3.6 41.3 672.3 1.5
3.4 21.1 629.9 2
3.8 20.3 800.7 2
4.1 23 84.9 2.5
3.3 19 225.1 1.8
4.6 17.8 54.4 2.2
4.9 46.3 492 2.3
2.8 17.4 816.8 2.4
3.5 48.8 581.3 2
4.2 14 724.8 2.1
3.7 14.8 603.4 2.3
3.6 39.7 112.4 2.2
3.1 45.1 512 2.1
4.2 33.7 335.7 1.9
3.2 23.7 374.8 1.9
3.9 30.8 880.3 1.7
4.6 42 111.9 1.7
4 29.6 180 2.5
4.8 43.8 638.4 2.3
3.2 48 709.6 2.1
4.8 37.9 278.7 1.5
1.4 40.6 280.1 2.5
4.4 22.8 271.2 1.8
4.2 31.1 912.7 2.5
2.8 14.7 379.1 2
1.8 19 335 2.4
1.6 26.7 913.6 2.4
3.9 20.6 810.4 2.2
3 36.6 801.4 1.7
1.8 33.7 716.9 2.5
4.7 46 107.2 2.4
3.8 38.4 923.7 2.2
4.5 36.6 904.5 1.8
1.1 27.6 863.1 2
3.6 19.8 84.6 2.4
2.1 31.1 328.4 2.2
4.5 31.9 516.9 1.7
1.3 36.4 544.8 1.9
4.1 32.4 865.6 2.3
2.2 43.8 249.1 2.5
2.5 18 431.6 1.6
2.7 16.3 834.7 1.7
2.7 38.5 444.4 1.5
3.1 29.6 386 1.7
2.9 13.4 194.4 1.7
2.9 37.4 145.6 2.2
3.9 37.9 600.6 1.7
3.8 36.1 514.2 2.1
4 12.1 529.4 2
3.2 27.1 391.1 2.3
4.6 13.1 805.1 2
2.7 22.3 181.7 1.9
1.5 31.3 515.3 1.9
4 46 796.6 1.9
3.8 12.2 691.4 1.9
4.8 40.2 356.7 1.5
2 38.7 491.5 1.7
3.6 14.5 384.5 1.8
2.8 22.1 579.3 2
1.4 38.3 135.9 1.8
3.4 29.9 425.2 2.3
3.7 31.1 89.4 2.2
3.3 43.2 456.2 2
2.5 10.1 51.6 2.4
1.2 46.3 907.3 1.9
3.7 11.4 334.4 2.1
2.3 44.1 718.3 1.7
2.6 47.5 370.6 2
4.7 28.7 544.4 2.4
4 17.7 838.4 1.7
3.8 17.8 479 2.5
4.5 34.2 540.9 2.3
3.9 17.9 756.4 1.7
4 32.9 280 1.9
3.3 43.1 392.9 1.5
1.9 21.1 572.7 1.5
2.8 13.6 586.5 2.4
2.3 26.9 333.5 1.5
1.1 19.3 681.4 2
3.1 14.2 750.5 2.1
4.4 38.4 872.2 1.5
1.7 36.4 661.4 1.8
4 13.1 174.3 1.6
1.7 42.3 383.2 1.5
4.6 39.8 642.3 1.7
2.3 29.6 926.3 2
1.1 11.9 674.6 1.6
4.2 46.2 149.5 2.4
3.1 11 375.4 2
3.9 17.1 921 2.3
4.3 32.8 246.5 2
4.8 42.6 677.9 1.9
4.5 27 850.8 1.7
3.3 29.6 675.1 2.3
1.3 45.3 602 2.1
3.1 32.9 117 1.5
2.2 31.2 518.9 2.1
4.7 11.3 748.6 1.8
4.2 37.9 451 1.6
1.7 39.5 89.3 1.9
1.6 31.6 948.8 1.7
1.9 48.6 257.8 1.9
1.2 46 498.7 1.8
4.8 49.7 608.1 2.3
2.3 13.4 945.3 2.4
1.7 31.3 459.1 1.5
3.5 13.5 764.5 2
3.3 39.2 152.8 1.7
2.7 26.9 867.3 1.6
1.5 20.9 854.9 1.7
1.9 14.9 88.7 2.5
4.1 10.2 580.7 2.1
4.3 20.1 421.3 1.7
2.8 35.4 213.8 2.4
1.3 43.1 70.4 2.2
2.2 39.2 200.1 2.3
3.9 13.4 688.3 2.3
4.8 26 827.9 2.1
3.9 10.5 217.9 2
4.8 43.3 934.8 2.5
2.7 45.7 506.3 2.1
4.6 30.7 61.7 1.7
3.1 49.3 229 2.5
3 35.3 569.9 1.5
4.3 22.9 597.5 1.6
4.7 45.8 788.1 1.6
2.3 33.2 831.4 1.6
2.3 17.3 613.6 1.9
4.4 23.6 457.7 2.4
3.7 30.3 690.2 1.7
3.2 25.2 217.8 1.9
3.1 48.9 383.8 1.8
4 20.6 908.6 1.6
1.6 44.3 195.2 2.1
1.1 28 585 1.8
1.8 49.9 215.9 2.5
4.4 23.5 810 1.9
4.8 10 492.3 1.7
3.6 28.7 241.4 2.2
2.4 46.2 787.6 2.3
2.2 10.2 846.1 1.7
4.1 24.9 600.3 2.3
1.3 24 588.7 2
3.5 17.7 863.3 1.8
2.1 19.2 571.7 1.7
4.7 29.6 471.8 1.5
1.3 11.5 262.2 2.4
4.6 44.6 716.2 1.6
5 24.5 65.9 2.2
3.5 47.7 798 2.3
1.7 15.6 163.4 2.3
3.7 24 786.6 1.7
2.8 41.3 803.8 1.8
3.3 15.2 188.6 2.2
1.9 28.9 235.1 2
4.8 16.9 863.2 1.9
3.2 35 919.7 2.2
2 44.1 327.8 1.6
1.6 17.1 927.8 2.2
1.3 38.3 457.9 2.5
3.2 14.5 863.1 2.1
3.2 29.6 823.8 1.8
2.4 46.1 682.7 2.2
3.6 26.6 211.2 1.8
4.2 44.3 269.5 1.5
3.9 22.4 85.4 2.1
4.3 46.7 303.9 2.3
1.3 16.2 230.3 2.1
1.5 32.8 331.7 2.4
1.4 29.8 876.7 1.6
2.8 45.2 521.2 1.7
1.3 25.7 284.2 1.9
3.1 20.5 390.8 1.7
3.4 29.7 926.8 2.3
2.6 34.2 684.3 2.4
2.8 17.9 263 1.6
5 44.2 826.3 2.3
4.1 26.4 182.4 2.4
1.9 11.8 537 2.4
1.4 45.7 863.3 2.3
3 43.2 631.9 2.5
1.1 24.9 687.7 1.7
3.6 12.6 359.2 1.8
4.6 45.5 659.1 1.9
5 39.2 339.5 2.1
4.5 33.2 153.5 1.6
3 45.9 453.2 2.1
3.7 45.6 499.2 1.8
2 34.3 241.2 2.3
4.6 32.2 617.9 2.4
4.2 35.3 607.7 2.1
3.2 18.6 52.4 1.9
2.8 39.4 334.3 1.8
2.8 47 463.6 1.6
3 12.5 144.8 1.8
3.6 20 689.8 1.7
1.8 16.5 723.4 1.9
3.3 13.6 408.9 1.9
4.3 19.4 90.4 1.6
2.1 28.6 307.6 2.1
4 34 290.5 2.2
3.1 18.5 797.1 1.6
4.6 25.9 933.5 1.8
1.7 31.1 150.7 2.4
2.5 26.2 62.8 2
1.2 39.1 122.4 1.6
4.7 40.6 345.3 2.2
1.5 46.5 233.1 2.4
2.5 27.7 714.2 2.1
2.5 28.8 509.4 2.1
2.1 38.1 162.1 1.9
2.4 23.3 492 1.7
4.4 14.3 554.3 1.5
2.4 29.4 830.6 2.5
1 43.8 694.1 2
3 17.3 691.7 2.2
3.1 44.1 764.1 2.1
2.4 23.4 559.9 2.5
1.8 40.6 414.3 2.1
1.1 12.6 591.7 1.7
1.7 25.8 410.9 1.6
2.5 39.2 587.7 1.5
2.1 37.7 83.1 2.1
1.5 13.4 79.5 2.2
4.9 41.6 453.9 2.1
4.2 44.3 319.6 1.6
2.5 25.8 874.5 1.8
1.8 13.4 568.9 2.2
4.3 20.3 113.4 2.1
1.3 49.9 631.7 1.8
4.5 49.4 924.7 2.1
5 47.2 528.8 2.5
4.3 33.3 606.5 2.2
1.7 11.7 766.7 2.1
1.7 40 207.4 2.2
4.1 12.1 947.1 1.8
4.2 11.8 350.3 1.7
1.6 37.9 414.7 1.8
1.2 40.1 499.7 1.5
4 21.5 180.7 1.8
3 43.8 633.5 2.5
2.1 18.1 386 2.2
1.8 15.4 263.5 2
3.4 39.6 828.8 2.1
4.7 16 281.5 2
4.6 41 751.1 2.1
1.6 18.2 765 2.3
1.4 43.5 654.8 2.4
4.9 20 647.2 2
1.1 47.3 503 1.9
1.3 15.1 440.2 1.8
1.9 39.8 933 1.7
2.9 38.5 260.1 1.5
2.6 46.7 442.6 2.5
1 17 258.5 1.7
1.4 31.8 208.2 2.2
5 11.9 921.9 2
2.4 17.1 352.5 2.4
3.9 35.3 751.3 1.8
3.6 46.9 629.2 2.5
3.6 19.6 703.3 1.8
4.6 39.5 386.6 2.3
2.9 30.3 54.6 2.1
3.9 22.4 200.5 1.7
4.3 33.1 860.4 2.5
4.4 10.1 312.5 1.6
2 46.4 613.7 2.4
4.3 48.1 526.1 2
1.3 35.9 517.7 2.1
4.1 28.8 618 2.3
3.6 39.4 492.8 1.8
3 39.9 369.6 2.1
2.5 26.2 606.8 2.4
4.2 25 297.3 1.9
2.2 10.5 176.6 2.4
4.1 34.1 281.6 2.2
3 37.7 587.9 1.8
4.1 23.8 836.6 2.3
1.3 12.1 458 1.5
1.3 39.6 378 1.9
1.1 32.8 458.6 1.6
1.7 13.1 708 2.1
2.6 11.6 71.2 1.8
4.4 21.3 375.5 2.5
4.2 48.2 245.3 1.8
3.5 21.9 189.4 2.1
4.8 32.9 612.4 2.5
4.3 43.8 402.9 1.7
4.5 46.1 864.9 2.1
4.4 27.2 361.3 1.6
4.6 32.9 446.4 2.4
2.4 19 362 2
4.2 27.2 284.1 2
4.4 35 838.8 1.6
4.7 32.1 602.9 2
4.1 14 379.3 1.8
1.8 49.7 839.5 2.4
4.9 28.6 560 1.7
1.8 34.7 182.9 1.7
2 21 736 2.1
2.9 41.1 154.6 1.9
4.7 31.2 623.8 2.2
1.4 35.5 255.2 1.7
2 36.6 254.3 2.1
3.7 43.7 336.6 2.3
1.4 28.9 441.4 2.2
3.6 37.1 611.4 1.8
1.1 33.2 700 2.2
3.2 31.4 56.4 2.3
3.6 44.5 399.1 1.6
4.9 16.8 736.1 2.5
3.3 27.6 611.9 1.8
2 15.7 625.7 2.2
2.5 37.8 479.9 2.5
1.1 10.7 259.3 2.1
1.2 16.3 52.3 1.6
2.3 41.5 542.9 2.2
2.5 10 76.4 1.9
2.6 47.7 51.7 2
3.6 46.5 774.1 2.4
1.9 19.1 692.4 2.1
1.5 12.9 448.3 2.4
1.3 47.2 824.3 1.6
2.7 32.3 149.3 2.2
3.9 38.2 886.7 2.4
2.3 20.1 133.2 2.4
4 25.9 769.1 2
4.1 39.3 404.3 1.9
2.1 33.7 518.1 2.3
4.7 43.7 922.9 2.4
4.6 36.2 734.2 1.8
4.9 15.1 271.5 2.4
4.8 42.6 289.5 1.7
2.1 17 298.1 2.3
3.3 23.8 697.6 2.3
2.1 21.3 195 1.6
1.6 23.6 802.4 1.7
4.2 20.6 100.3 2.3
2 29.6 475.7 2.2
4.1 49.3 261.3 1.6
1.2 40.6 628.5 2
3.3 43 830.7 2.1
2.4 49.1 451.3 1.6
2.1 39.4 440.9 2
1.4 27.9 710.1 1.7
3.6 34.2 847 1.8
3.1 26.1 471 1.6
3.7 23.2 178.2 1.7
1.8 23.2 631.7 2.3
4.9 35.2 763.7 2.2
2.2 19.4 309 2.2
5 14.8 165.7 2.4
3.8 12.2 655 1.6
1.3 29.8 755.1 2.5
2.1 29.9 466.9 1.6
3.2 42.4 466.3 1.9
3.2 26.9 319 2.1
4.9 23.6 904.2 2
3.6 27.5 905.7 1.7
2.2 37.3 825.2 2.3
3.8 22.6 116.4 2.4
2 35.5 194.8 2
3.1 41.1 790.6 2.2
1.9 19.6 729.1 1.7
3.6 18.9 96.3 1.8
1.9 16.6 139.8 2.4
1.1 11.2 667.8 2.2
4.9 22.4 84.9 2.1
2.3 42.5 506.9 1.8
3.9 47.6 604 2
3.2 14.3 504.1 2.5
3.2 12.5 223.6 2.1
1.5 48.4 690.6 1.7
3.2 43.8 110.6 2
3.9 22.1 327.3 2
4.8 29.3 215.7 2.5
4.7 48.5 518 2.2
1.8 37.6 78.4 1.7
4.1 23.7 529 2.1
1.1 26.8 868.3 2.1
1 19.7 513.1 2.5
4.3 21.4 403.5 2.1
3.3 22.6 320.9 1.6
4.8 21.8 360.9 1.9
4.6 36 554.6 2.3
2.3 46.5 452.9 1.6
2.5 38.4 323.2 2.4
1.2 28.4 654.4 1.9
2.8 44.3 875 1.8
1.6 47.9 292.3 1.6
1.7 16.6 263 2.5
3.4 40.6 380.9 1.9
4 37.2 914.9 2.1
3.8 29.9 296.2 2.1
3 13.6 399.3 2.5
1.7 31.4 795.6 2.3
1.7 42.2 883.2 2.1
2.7 40.7 104.8 1.6
4.2 41.4 804.4 1.5
4.1 30 752.7 1.8
3.7 43.8 125 2.4
2.7 48.3 436.7 2.1
1.1 45.6 125.3 2
4 23.1 611.1 2
2.1 36.5 463.6 2.2
2.3 10.3 908.2 2.5
4.8 40.1 619.2 2.2
5 36 300.5 2.2
2.9 22.4 862.2 2.4
3.6 43.8 126 1.8
4.4 14.9 520 2
1.8 46.7 198.8 1.8
4.9 17.1 668.8 1.8
1.7 10.1 615.6 1.8
1.7 41.2 144.2 1.7
1.5 16.2 797.9 2.4
3.7 22 446.6 2.3
4.3 33.5 615.3 1.6
1.1 17.5 746 1.6
3.2 32.7 901.7 2.1
3.7 11.5 302.9 2.1
4.1 11.1 489.4 1.8
1.5 47.5 919.1 1.9
1.9 19.3 353.2 2.4
1 37 915.1 1.8
3.6 44.7 791.2 1.9
2.7 49.5 312.2 1.6
4.2 10.2 586.2 2.3
2.9 33.9 545.1 2
3.8 16.1 181.7 1.7
1.9 48 793.7 2.4
2.5 40.9 136.4 2.3
2.1 38.8 907.5 1.7
4.6 18.3 252.3 2.4
4.2 15.5 592.7 1.9
4.8 27.1 269.7 1.7
4.5 11.3 156.9 2.2
1.4 20.8 102.6 1.6
3.6 29.5 133.2 2
2.1 45.8 329.3 1.6
3.9 13.2 685.3 2.3
3.7 10.9 61.8 2.5
2.1 15.1 616.3 1.6
4.6 44.3 269.8 2.2
1 47.9 366.3 2.4
1.8 23.3 566.7 1.9
4 40.8 162.8 2.1
1.4 11.6 67.9 1.7
3.7 23.9 479 1.6
1.7 12.4 745.8 2.1
4 45 672.6 1.7
3.8 30.8 622.8 2.1
2.2 15.1 919.3 2.4
3.7 17.8 309.8 2.4
1.6 35.7 660.3 1.5
2.5 45.1 465.1 2.3
4.3 15.6 459 2
3 44.2 292.6 2.1
1.8 34.7 567.8 2
2.2 45.2 949 2.5
3.8 12.2 695.8 1.8
3.8 41.1 594.7 2.1
2.1 11.6 391.6 1.6
3.9 42.2 91.1 1.6
3.7 22.8 699.5 2.4
2.8 23.1 449.4 2.3
2.7 25.2 605.2 1.7
4.8 25.3 689.5 2.1
1.4 10.9 263 2.1
3.2 37.3 664.6 2.4
4.9 40.6 323.9 2.4
4.2 22.1 772.1 2.3
1.3 29.1 462.2 2
2.3 39.5 281.6 1.6
4 21.2 694.6 1.7
2.1 48.2 358.4 1.6
4.4 22.6 941.8 1.6
1.8 12.1 569.5 1.8
2.8 22 765.5 2.3
2.3 31.9 443.9 1.6
3 26.4 756.3 2
5 27.8 611.4 2.5
4.7 32.9 926.3 2.5
2.5 15.3 894.9 2.4
2.3 39.4 105.3 1.7
2.7 19.8 712.3 2.1
3.2 18 225.4 1.7
1.8 40.3 928.3 2.5
5 38.2 473.7 1.6
4.9 19.4 473.9 2.1
3.3 43.7 800.3 2.4
4.7 44 486.7 1.9
4.3 37.4 254.8 1.7
1.5 24.4 602.7 1.8
3.7 17.1 673.3 1.8
1.9 19.6 440.5 2.1
3.4 44.8 602.5 2.3
3.3 29.1 492.9 2.5
1.8 14.5 195 2.2
3 25 90.4 1.6
2.5 11.6 512 1.6
1.6 48.3 868.2 1.6
1.4 26.5 697.5 2.5
1.4 46.1 790.2 2.5
1.5 37.3 943.9 2
4.4 20.1 135.7 1.9
3.2 29.8 410.2 2.1
1.9 36.6 238.9 2.3
1.5 42.2 414.2 2
3.2 32.6 562.3 2.2
4.2 44.4 785.1 1.6
2.8 14.7 456.3 1.7
2.6 40.9 712.5 1.8
2.1 19.6 168.6 1.9
2.7 31.6 433.2 1.6
1 34.6 893.6 2.3
4.5 22.5 515.1 2.2
1.7 24 554.4 2.3
2.9 36.5 757.3 2.5
3.1 32.9 357.9 1.8
2.9 26.3 506.8 1.9
1.4 12.2 241.1 1.5
2.3 16 238 2.1
3.8 24.4 130.2 2.2
4.8 14.2 449.2 2.1
1.4 20.9 670.3 2.1
2.3 25.8 740.6 1.7
2.1 16.5 85.8 1.6
2.9 12.7 127.7 1.7
2 18 873.1 1.6
1.8 41.9 705.8 2.4
4 25.4 544.5 2.4
1.4 43.5 342.4 1.6
3.3 45.6 607.4 1.5
3.4 18.3 127.6 1.9
1 23.1 566.9 1.5
3.2 42.2 165.7 1.6
2.2 39.7 869.6 2.2
1.8 38.9 415.4 1.8
3 23.2 612.1 2.4
4 11.7 904 1.9
1.9 38.1 576.3 1.6
3 28.9 701.9 2.2
4 12.1 818.2 2.2
3.1 23.9 94.8 2.1
5 18.7 302.7 2.4
3.3 38.5 163 2.2
1.2 16.5 686.4 1.7
3.9 30.5 851.3 2.2
1.8 21.8 122.1 2.2
1.9 42.9 248.2 2.4
1.4 21.3 793.6 1.8
2.9 48.4 419.2 2.2
1.4 15.4 358.8 2.4
4.6 49.4 208.7 1.7
4.9 26.2 697.6 1.6
4.2 39 418.2 1.8
3.8 32.9 265.2 2.1
2.4 48.8 171.6 2.2
5 37.2 429.3 1.9
3.2 37.6 240 2.4
2.6 48.4 853 1.9
4.5 30.3 397.7 1.6
4.3 42.7 52.8 1.6
1.1 11.5 767.1 2.1
1.6 46 638.2 1.6
3.2 23.7 225 2.1
1.1 10.9 732.4 1.6
2.1 43.1 771.7 2
3.2 29.2 718.1 1.7
4.9 48.8 664.7 2.1
1.8 29.4 403.7 2.1
4.7 39.2 174.8 2.4
1.4 32.1 690 1.6
3.1 35.1 819.4 1.9
4.4 46.9 67.2 1.7
3.9 37.6 344.4 2.4
2.9 31.2 808.7 1.6
5 39.3 250 2.2
2 28.2 762.4 1.8
2.6 32.9 71.4 1.5
3.9 26.5 349.6 1.5
2.9 19.3 504.5 2.5
4.7 31 685.5 1.8
3.6 36.6 159.4 1.7
2.6 13.3 825.7 1.8
3.3 22.7 803.3 2.2
5 28.4 802.7 2.4
2.3 37.1 340.6 2.2
4.1 29 603 1.5
1.5 49.7 222.8 2.1
3.7 31.2 881.5 1.9
2.3 17.1 334.2 2.3
4.9 23.7 740.3 1.6
1 40.1 708.7 2.5
4.1 27.1 608.3 2.5
4.3 34.3 500.9 2.3
1.5 23.8 171.8 2.1
3.2 47.5 624.2 1.8
3.6 14.3 719.9 1.6
2 21.4 600.9 2.4
1.3 17.6 554.7 1.9
5 37.8 162.7 1.7
2.1 49.7 261.5 2.1
3.3 46.4 249.6 1.8
1.5 22.6 173.2 2.3
2 23.8 113.4 1.6
1.8 50 725.2 2.2
1.7 34 936.3 2.2
3.6 34.9 424.3 1.5
1.4 31 833.7 1.6
2.4 25.1 712.3 2.4
1.7 24.8 142.9 2.3
4.7 13.5 244.1 2.1
2.2 10.8 868.9 2.1
4.3 25 187.7 1.9
3.8 21.7 654.6 1.9
3.9 33.7 667.5 2.2
3.3 10.2 819.9 1.9
1.3 48.4 948 2.1
1.2 17.2 430.9 2.4
3.7 14.9 544.8 1.7
3.9 46.1 235.9 1.7
1.1 20 110.7 2.1
2.7 39.7 170.1 2.3
2.8 48 104.5 2.3
2.2 29.5 897.7 1.9
3 22.2 788.4 2.2
1.4 36.8 174.8 1.9
1.4 41.1 839.2 2.2
3 31.4 473.7 2.3
4.3 48.6 569.2 1.6
1.6 24 62.6 1.7
2.4 11.2 281.1 1.8
3 31.5 318.5 2.4
4 31.4 474.3 1.5
1.6 29.4 199 2.1
0.3 0.3 0.3 0.3 0.3 0.4 0.3 0.2 0.2 0.3 0.2 0.3 0.2 0.3 0.3 0.4 0.3 0.4 0.2 0.4 0.4 0.3 0.3 0.3 0.2 0.4 0.3 0.4 0.3 0.3 0.3 0.3 0.2 0.3 0.3 0.4 0.2 0.3 0.4 0.3 0.3 0.3 0.2 0.3 0.3 0.3 0.4 0.3 0.2 0.3 0.3 0.3 0.2 0.4 0.3 0.4 0.4 0.3 0.3 0.2 0.4 0.2 0.3 0.2 0.3 0.4 0.3 0.3 0.3 0.4 0.3 0.2 0.4 0.2 0.4 0.3 0.3 0.4 0.3 0.3 0.3 0.2 0.3 0.2 0.4 0.3 0.3 0.3 0.3 0.4 0.4 0.3 0.4 0.3 0.4 0.2 0.4 0.2 0.2 0.4 0.3 0.3 0.3 0.3 0.2 0.4 0.3 0.4 0.3 0.3 0.3 0.4 0.3 0.2 0.2 0.2 0.3 0.2 0.3 0.3 0.3 0.3 0.2 0.3 0.4 0.4 0.3 0.3 0.2 0.3 0.2 0.3 0.3 0.2 0.3 0.4 0.3 0.3 0.3 0.2 0.4 0.2 0.3 0.2 0.3 0.2 0.2 0.4 0.3 0.4 0.3 0.3 0.2 0.3 0.3 0.3 0.2 0.2 0.2 0.3 0.3 0.3 0.4 0.2 0.3 0.4 0.2 0.3 0.2 0.4 0.3 0.3 0.4 0.3 0.4 0.3 0.3 0.4 0.3 0.3 0.3 0.3 0.3 0.2 0.3 0.2 0.4 0.3 0.4 0.3 0.3 0.2 0.4 0.3 0.4 0.3 0.4 0.2 0.2 0.3 0.3 0.4 0.2 0.4 0.4 0.3 0.3 0.3 0.3 0.3 0.3 0.4 0.3 0.2 0.3 0.3 0.3 0.2 0.4 0.3 0.4 0.3 0.3 0.3 0.4 0.3 0.4 0.3 0.3 0.2 0.2 0.2 0.3 0.3 0.3 0.3 0.3 0.3 0.4 0.3 0.3 0.3 0.4 0.3 0.3 0.4 0.3 0.3 0.3 0.3 0.4 0.4 0.4 0.4 0.4 0.3 0.3 0.3 0.3 0.4 0.3 0.4 0.3 0.3 0.2 0.3 0.3 0.2 0.2 0.4 0.3 0.2 0.3 0.3 0.3 0.4 0.4 0.3 0.3 0.2 0.3 0.3 0.3 0.3 0.3 0.3 0.2 0.3 0.3 0.3 0.4 0.4 0.4 0.4 0.4 0.3 0.2 0.3 0.3 0.2 0.4 0.3 0.3 0.4 0.3 0.3 0.4 0.4 0.3 0.3 0.2 0.3 0.3 0.2 0.3 0.4 0.2 0.3 0.3 0.2 0.2 0.3 0.4 0.2 0.3 0.3 0.3 0.3 0.2 0.3 0.3 0.4 0.3 0.4 0.3 0.3 0.3 0.3 0.3 0.2 0.3 0.4 0.3 0.2 0.2 0.3 0.4 0.2 0.3 0.2 0.3 0.3 0.2 0.3 0.4 0.4 0.2 0.3 0.4 0.2 0.3 0.3 0.2 0.2 0.4 0.3 0.3 0.3 0.4 0.3 0.4 0.2 0.4 0.4 0.4 0.3 0.3 0.3 0.4 0.2 0.4 0.2 0.3 0.2 0.2 0.3 0.2 0.3 0.3 0.3 0.2 0.2 0.3 0.3 0.2 0.3 0.2 0.2 0.4 0.3 0.3 0.2 0.4 0.4 0.2 0.4 0.2 0.2 0.3 0.4 0.3 0.3 0.3 0.3 0.3 0.3 0.3 0.4 0.2 0.2 0.3 0.4 0.2 0.2 0.2 0.3 0.2 0.3 0.4 0.3 0.3 0.2 0.2 0.4 0.4 0.3 0.3 0.3 0.2 0.3 0.3 0.2 0.2 0.3 0.3 0.2 0.3 0.3 0.3 0.2 0.3 0.3 0.3 0.4 0.3 0.3 0.3 0.3 0.2 0.3 0.2 0.3 0.3 0.3 0.3 0.3 0.3 0.3 0.3 0.3 0.2 0.4 0.3 0.2 0.3 0.3 0.3 0.2 0.2 0.3 0.3 0.2 0.3 0.4 0.2 0.3 0.2 0.2 0.3 0.3 0.2 0.3 0.4 0.2 0.3 0.3 0.2 0.3 0.2 0.2 0.3 0.2 0.3 0.3 0.4 0.2 0.3 0.3 0.2 0.4 0.3 0.4 0.3 0.3 0.3 0.3 0.2 0.3 0.3 0.2 0.4 0.2 0.4 0.3 0.2 0.2 0.3 0.4 0.3 0.4 0.3 0.2 0.2 0.2 0.4 0.3 0.4 0.3 0.3 0.2 0.3 0.2 0.3 0.2 0.3 0.4 0.3 0.4 0.2 0.3 0.3 0.3 0.2 0.3 0.3 0.4 0.3 0.3 0.3 0.4 0.2 0.4 0.2 0.4 0.3 0.3 0.2 0.3 0.3 0.4 0.3 0.4 0.2 0.2 0.3 0.2 0.3 0.2 0.2 0.3 0.4 0.3 0.4 0.4 0.3 0.3 0.3 0.2 0.2 0.2 0.3 0.4 0.3 0.2 0.3 0.4 0.2 0.3 0.3 0.4 0.3 0.2 0.3 0.3 0.4 0.3 0.3 0.2 0.3 0.2 0.4 0.3 0.3 0.4 0.4 0.3 0.3 0.2 0.3 0.3 0.4 0.2 0.4 0.3 0.4 0.4 0.4 0.3 0.3 0.4 0.4 0.3 0.4 0.3 0.3 0.4 0.2 0.2 0.3 0.3 0.4 0.3 0.3 0.3 0.4 0.3 0.2 0.3 0.3 0.2 0.2 0.3 0.3 0.3 0.2 0.3 0.3 0.3 0.3 0.2 0.3 0.4 0.3 0.4 0.3 0.3 0.3 0.3 0.3 0.3 0.3 0.4 0.3 0.4 0.3 0.4 0.3 0.2 0.3 0.3 0.3 0.3 0.2 0.4 0.2 0.3 0.4 0.3 0.3 0.4 0.3 0.4 0.3 0.3 0.4 0.2 0.3 0.3 0.2 0.3 0.3 0.3 0.3 0.2 0.2 0.2 0.3 0.4 0.4 0.2 0.2 0.3 0.4 0.2 0.4 0.3 0.2 0.4 0.4 0.4 0.4 0.4 0.4 0.3 0.2 0.3 0.4 0.3 0.3 0.2 0.3 0.3 0.3 0.3 0.3 0.2 0.3 0.3 0.3 0.2 0.2 0.2 0.3 0.3 0.3 0.3 0.2 0.4 0.3 0.3 0.3 0.4 0.2 0.4 0.3 0.2 0.3 0.4 0.4 0.2 0.3 0.3 0.3 0.4 0.3 0.3 0.2 0.2 0.2 0.2 0.3 0.3 0.3 0.4 0.4 0.4 0.4 0.3 0.3 0.3 0.3 0.3 0.3 0.4 0.4 0.4 0.2 0.4 0.2 0.4 0.3 0.2 0.2 0.3 0.2 0.3 0.4 0.2 0.3 0.3 0.3 0.4 0.4 0.3 0.3 0.4 0.3 0.3 0.3 0.4 0.3 0.3 0.3 0.2 0.2 0.2 0.3 0.2 0.3 0.2 0.4 0.2 0.3 0.2 0.4 0.3 0.3 0.2 0.3 0.3 0.3 0.4 0.4 0.2 0.2 0.3 0.3 0.3 0.3 0.2 0.4 0.4 0.4 0.3 0.3 0.3 0.2 0.3 0.3 0.3 0.2 0.2 0.3 0.4 0.4 0.2 0.2 0.3 0.3 0.3 0.4 0.3 0.2 0.2 0.4 0.3 0.2 0.3 0.3 0.3 0.3 0.4 0.2 0.3 0.3 0.4 0.4 0.2 0.4 0.3 0.4 0.2 0.3 0.3 0.3 0.4 0.2 0.2 0.3 0.2 0.3 0.3 0.2 0.3 0.3 0.3 0.3 0.4 0.4 0.4 0.3 0.2 0.4 0.3 0.3 0.3 0.4 0.3 0.3 0.4 0.2 0.4 0.3 0.3 0.3 0.3 0.2 0.3 0.3 0.4 0.2 0.3 0.4 0.4 0.2 0.4 0.3 0.2 0.3 0.3 0.4 0.3 0.3 0.3 0.3 0.2 0.2 0.4 0.4 0.3 0.3 0.2 0.3 0.3 0.4 0.2 0.3 0.3 0.4 0.2 0.4 0.3 0.3 0.4 0.4 0.4 0.3 0.3 0.3 0.3 0.3 0.3 0.2 0.3 0.3 0.3 0.3 0.4 0.4 0.3 0.2 0.3 0.2 0.2 0.2 0.4 0.2 0.3 0.2 0.3 0.3 0.2 0.3 0.4 0.3 0.2 0.3 0.3 0.2 0.3 0.3 0.3 0.3 0.2 0.3 0.4 0.4 0.3 0.2 0.3 0.3 0.3 0.4 0.2 0.4 0.2 0.3 0.4 0.3 0.4 0.3 0.2 0.3 0.4 0.4 0.2 0.4 0.3 0.4 0.3 0.2 0.3 0.3 0.4 0.4 0.3 0.2 0.2 0.3 0.4 0.3 0.2 0.3 0.2 0.2 0.3 0.3 0.3 0.2 0.3 0.3 0.3 0.4 0.3 0.2 0.2 0.3 0.4 0.3 0.3
17 78 179 50 167 88 164 96 105 151 143 13 99 3 136 141 120 143 155 101 159 143 43 130 117 109 117 107 176 66 1 147 134 49 173 23 150 162 80 124 38 140 32 93 119 51 22 62 47 169 156 119 10 150 116 40 39 150 138 84 176 131 23 171 160 178 150 98 117 152 139 135 174 138 170 127 161 52 99 78 21 111 72 134 23 36 50 45 108 35 61 79 56 29 160 148 85 39 107 173 22 104 143 156 121 168 60 98 54 130 23 19 76 60 40 6 69 90 103 89 119 52 175 12 14 122 45 128 76 141 85 20 114 90 72 35 38 55 92 73 45 49 61 49 68 150 149 144 16 162 121 171 117 164 170 16 118 88 3 97 26 157 46 15 89 91 2 81 104 54 54 4 2 104 156 167 48 150 26 175 86 59 55 81 41 34 52 80 149 144 25 113 74 119 104 180 43 70 11 39 65 101 130 177 16 115 170 51 68 125 97 59 125 37 102 16 177 113 35 71 75 129 67 55 167 133 88 15 49 18 2 176 167 107 63 94 144 127 12 137 33 50 49 128 53 151 52 138 22 110 66 153 53 170 118 53 98 169 38 6 54 31 96 130 3 137 172 112 146 103 66 52 129 121 68 104 127 39 83 159 149 121 92 134 7 153 98 68 149 29 59 25 122 157 154 179 8 104 50 17 154 101 141 12 46 83 29 72 149 86 120 85 70 13 168 130 8 24 64 16 92 174 114 34 87 23 92 3 174 164 11 34 143 139 50 37 64 119 85 12 21 13 24 23 180 45 10 50 177 115 5 142 175 5 54 146 170 14 95 49 43 175 26 168 150 41 97 60 102 68 24 160 173 170 34 179 68 63 31 100 140 63 11 111 37 180 89 27 76 70 38 43 102 177 7 129 25 175 168 84 163 27 136 162 132 158 120 95 144 1 151 77 85 137 109 37 86 74 177 121 140 132 21 3 74 155 148 46 116 87 89 101 47 77 153 55 60 108 66 170 38 136 160 71 103 167 157 31 38 85 126 18 130 25 99 42 115 84 6 163 60 112 170 85 44 43 40 80 177 22 134 82 142 154 45 175 22 157 104 123 40 34 85 41 83 101 158 62 27 35 142 14 19 63 150 4 137 55 88 85 107 132 73 53 175 51 18 102 85 130 135 122 56 95 61 64 123 96 118 55 151 89 137 91 11 93 52 32 63 137 111 47 89 95 103 15 146 160 26 176 47 2 104 60 162 48 145 131 1 86 66 141 82 174 148 167 60 172 58 111 134 113 158 75 173 42 157 20 169 104 18 170 96 147 1 112 9 114 105 1 55 87 95 42 147 25 33 2 47 88 53 22 78 120 68 141 144 3 124 100 155 155 90 19 20 90 67 30 101 150 7 129 130 4 8 107 142 169 14 143 37 160 135 138 52 49 99 21 31 96 119 106 129 95 175 81 46 136 53 180 40 104 140 18 34 19 14 8 137 33 101 98 155 155 170 14 81 132 157 141 7 162 28 16 25 6 155 152 162 111 37 103 62 77 167 118 18 113 119 120 57 114 62 172 153 139 121 87 113 147 113 92 49 5 62 118 77 16 121 109 3 101 89 57 133 62 85 145 103 44 179 111 149 118 133 66 80 145 54 16 32 119 32 57 74 128 99 97 96 75 8 108 30 109 67 116 89 168 54 159 46 83 65 150 86 145 30 25 40 176 96 161 19 168 92 33 103 46 113 137 156 65 39 76 74 103 65 52 142 114 28 60 1 118 101 4 6 12 75 125 48 10 84 70 162 62 174 148 19 152 23 86 107 120 163 148 54 80 138 12 68 39 163 105 35 60 161 142 180 132 139 104 89 146 7 41 115 99 25 121 90 97 47 118 112 54 35 23 168 29 29 159 179 51 169 142 178 24 89 13 164 81 157 134 51 3 79 89 174 175 69 55 143 162 148 130 127 13 39 166 11 34 134 116 174 65 32 107 171 112 118 64 70 130 164 133 133 16 55 47 50 139 111 16 26 28 79 95 71 151 21 146 39 14 68 141 61 39 161 115 86 88 36 35 120 147 39 36 165 74 3 113 52 70 169 125 21 22 147 178 41 90 17 40 47 119 174 138 95 172 96 37 121 15 49 162 143 173 155 36 30 93 137 141 139 129 19 28 41 162 178 8 171 2 68 113 7 42 169 148 2 109 128 74 2 130 172 112 177 137 171 133 42 125 92 107 146 135 58 90 23 122 14 19 15 164 46 179 130 113 107 11 23 28 164 23 9 83 171 37 46 167 92 7 14 45 105 116 52 138 29 78 85 98 2 129 26 134 171 156 151 25 84 39 110 95 155 111 128 155 108 158 52 50 39 106 18 115 170 98 37 91 75 127 18 117 152 173 106 49
2 169 64 34 54 130 98 124 165 66 131 49 144 2 31 9 71 43 126 90 122 65 48 32 85 30 2 33 168 27 101 122 149 169 37 180 112 110 57 77 74 62 51 140 170 68 125 51 177 61 64 25 2 2 56 109 101 162 46 124 44 110 24 82 84 149 130 175 21 120 89 44 26 101 82 57 67 180 122 105 17 44 177 102 158 78 26 22 160 161 40 89 126 169 88 53 33 160 2 60 179 160 85 109 1 156 83 33 109 156 56 95 112 143 153 57 86 127 161 167 66 38 61 75 172 44 119 24 2 4 91 69 173 128 29 79 136 35 38 91 77 46 172 139 153 92 53 141 6 169 107 77 111 99 11 130 30 61 114 131 2 39 115 127 124 127 78 93 9 58 154 62 13 19 68 126 57 72 21 75 129 140 51 164 88 167 49 171 151 147 132 170 100 45 50 101 111 155 144 171 80 120 79 119 41 176 99 5 126 38 73 46 57 7 79 160 176 78 78 86 6 124 135 21 165 142 161 15 148 138 2 9 117 123 156 177 7 124 37 78 27 159 95 176 172 89 165 170 92 92 59 171 133 82 114 41 12 93 34 42 69 37 126 19 84 84 143 134 124 136 75 66 30 35 172 133 63 180 147 161 144 67 62 10 125 135 38 77 58 90 32 152 135 129 28 143 99 22 104 20 135 108 54 103 67 17 63 2 138 7 102 89 13 15 39 51 89 119 6 50 123 99 42 106 27 63 46 61 111 60 145 93 139 39 76 15 24 32 127 41 26 33 81 124 157 35 17 58 85 133 118 95 44 170 34 13 157 33 61 128 167 152 65 121 89 172 146 18 83 75 96 43 15 40 26 117 68 2 160 124 165 177 69 102 147 134 144 76 142 32 120 48 130 6 142 10 156 64 60 58 65 107 81 62 105 3 66 71 10 105 144 79 107 52 64 148 103 154 30 63 15 98 92 104 43 136 159 91 38 52 137 66 34 22 106 34 107 95 97 64 6 106 9 114 76 160 51 124 18 76 77 57 173 88 170 26 11 24 84 175 166 136 42 27 139 166 172 18 48 17 40 153 83 152 122 21 157 45 150 9 126 28 116 142 113 162 125 7 12 44 57 90 36 166 135 152 59 104 104 136 22 108 37 83 106 64 139 136 88 141 27 116 67 63 103 16 94 141 93 139 1 115 110 49 39 96 35 106 137 124 159 53 85 9 110 122 18 164 27 87 40 128 50 38 143 165 157 124 54 170 110 3 20 175 156 35 180 15 105 130 157 14 29 94 82 121 102 22 104 61 174 41 27 125 20 29 27 70 20 172 176 12 109 19 6 5 168 33 158 136 36 56 41 174 117 105 37 101 29 11 16 67 151 91 176 118 35 154 168 78 18 158 156 141 11 68 83 6 123 40 42 78 48 22 70 103 34 99 57 117 94 53 2 86 56 172 148 125 119 178 128 24 69 160 32 99 165 88 110 54 115 115 90 29 109 131 97 135 141 41 87 50 100 8 26 16 62 84 146 107 77 155 66 29 54 154 149 45 141 44 50 147 68 103 134 104 46 103 77 23 138 99 146 103 153 121 122 180 146 176 90 84 65 27 97 145 121 86 141 88 59 2 169 120 167 163 180 17 138 74 57 35 135 161 68 172 2 11 125 98 166 60 103 116 36 148 136 99 64 42 54 152 26 38 126 169 40 136 112 50 67 41 169 3 142 19 141 153 5 104 2 57 168 170 109 138 146 95 20 61 19 63 92 97 30 41 159 170 27 4 1 174 85 157 94 169 123 124 137 60 30 86 78 71 130 86 145 7 6 76 166 170 79 144 113 144 44 32 169 39 115 163 138 79 71 94 130 59 6 161 174 144 21 115 133 139 65 174 89 15 151 178 71 94 82 67 130 76 56 154 96 153 91 1 70 64 137 64 112 37 9 83 1 49 62 92 49 159 148 98 112 179 124 61 34 178 146 103 53 143 100 88 55 80 73 50 86 106 60 105 75 139 136 74 129 161 37 130 101 4 146 52 86 14 120 107 40 65 143 145 159 165 127 35 60 179 96 102 148 91 77 87 129 114 59 169 171 62 120 7 50 8 39 154 6 159 44 116 93 150 31 11 52 107 41 88 143 57 84 116 82 170 56 24 24 35 1 106 53 60 42 25 117 72 165 162 16 80 24 40 22 50 93 96 166 137 167 6 82 29 151 45 93 169 119 12 16 106 174 75 114 167 39 2 32 180 16 96 150 99 157 34 155 52 124 83 107 56 46 121 138 107 57 51 139 19 137 130 91 2 11 68 55 23 87 144 75 27 83 32 98 72 141 86 45 169 21 27 114 177 3 68 13 101 141 163 134 58 98 21 78 104 164 51 114 110 161 27 27 179
12 104 160 66 7 155 23 48 157 30 55 108 118 158 150 17 108 162 98 37 64 26 94 67 56 90 90 146 142 48 124 52 167 150 120 136 96 9 133 165 119 120 57 88 52 124 67 91 90 85 60 28 7 46 97 109 160 116 129 68 90 139 117 108 8 68 11 116 89 178 112 1 10 130 38 77 93 179 109 1 128 127 127 129 32 99 125 103 33 29 113 39 134 159 125 81 60 143 111 121 122 72 151 155 142 121 177 81 34 40 24 73 155 129 39 57 90 80 64 78 149 74 162 66 146 13 11 161 114 91 24 112 18 98 116 161 104 149 68 96 69 2 10 73 77 111 52 155 75 56 125 55 154 6 142 143 30 79 124 25 68 145 166 171 167 62 171 105 94 33 169 7 103 142 99 34 55 110 69 27 54 58 93 135 47 33 149 55 99 67 146 122 93 14 77 66 66 85 161 63 80 51 158 44 137 97 99 120 36 94 141 82 114 173 29 23 136 77 9 120 13 30 26 118 33 148 22 103 85 10 14 34 175 53 35 18 170 20 61 101 167 100 100 61 87 70 175 171 68 68 128 143 165 27 106 46 101 27 162 152 37 91 86 22 177 68 173 146 167 159 53 142 93 115 95 138 40 161 103 66 121 38 15 21 74 147 71 87 168 75 47 175 147 121 4 168 163 93 60 4 54 94 179 160 87 29 41 6 89 48 128 142 44 149 110 159 87 37 16 71 161 128 65 4 122 30 51 173 162 115 97 131 67 110 18 158 97 14 156 114 155 105 40 44 109 129 115 108 160 123 19 1 130 45 79 123 70 106 63 11 149 19 126 92 52 87 132 91 146 9 143 138 147 118 40 103 147 120 146 104 110 104 124 129 148 164 16 136 159 36 147 176 100 132 14 75 82 167 146 126 169 171 131 28 66 165 174 114 106 83 56 69 178 15 144 22 88 54 100 163 59 175 106 154 147 20 169 63 6 125 153 145 67 180 27 90 165 149 5 111 179 168 113 38 175 162 110 127 17 4 118 71 7 119 175 74 44 159 2 97 80 58 152 161 107 171 93 112 37 77 90 21 86 11 180 20 150 28 155 44 131 121 23 158 99 156 19 92 22 31 63 61 20 99 20 154 67 178 163 13 95 18 44 16 83 4 48 97 111 144 17 92 177 87 161 132 38 47 70 35 23 27 26 137 165 47 60 177 179 13 49 93 43 158 155 139 175 173 122 10 12 166 144 139 18 180 77 149 163 131 11 123 119 15 63 61 149 49 91 146 39 144 167 20 155 143 158 59 177 129 34 6 140 45 121 136 38 166 102 41 92 112 169 93 5 57 69 166 179 82 103 29 171 31 167 48 66 139 93 90 34 168 18 54 85 105 96 153 169 159 53 157 174 175 127 13 94 55 54 140 160 145 143 101 91 98 154 35 131 46 163 37 27 92 163 97 128 175 44 175 63 122 70 94 167 81 42 164 180 20 19 147 104 177 170 71 61 6 141 175 44 46 103 125 124 21 48 63 166 137 74 43 166 150 139 48 156 148 76 92 22 84 71 72 88 82 120 115 104 99 171 76 91 178 13 137 103 14 117 155 35 145 91 37 14 5 18 12 85 108 125 3 60 124 108 64 156 24 88 106 49 70 63 76 5 161 10 164 130 133 47 109 116 10 123 151 77 169 85 26 165 55 70 130 2 173 40 159 111 110 115 11 13 65 171 107 54 53 102 124 82 8 176 45 155 57 101 4 86 141 97 104 25 24 164 177 154 163 28 129 32 20 42 168 65 156 105 89 164 178 161 128 15 25 37 162 116 175 166 12 129 173 82 93 134 73 131 69 166 40 36 55 128 17 94 112 15 27 7 94 161 12 52 64 77 52 117 46 115 50 62 3 42 152 8 83 53 97 105 157 33 116 108 114 171 81 98 130 115 90 121 39 90 165 127 155 78 91 96 2 158 5 124 90 147 125 46 111 109 68 63 15 160 68 163 3 159 133 84 101 48 40 173 90 180 12 157 129 170 14 18 133 60 73 2 163 149 116 128 9 163 79 64 150 65 129 50 139 131 144 108 48 42 164 157 11 172 84 102 42 99 137 96 101 160 17 1 20 106 19 92 126 116 47 173 106 88 165 17 125 47 102 76 126 106 149 131 118 90 107 106 27 67 66 121 121 83 55 128 60 93 51 132 103 31 25 8 140 20 33 57 93 126 175 66 142 57 156 21 56 158 44 169 1 147 169 82 7 131 105 61 34 172 124 77 90 5 159 44 176 64 18 102 151 29 156 9 164 167 98 115 110 173 137 151 65 166 1 78 180 84 140 39 79 59 96 41 51 57 22 102 10 132 46 21 170 5 103 65 51 163 180 113 67 26 7 157 42 24 14
19 158 100 38 79 8 22 147 40 131 60 72 107 41 62 30 133 92 36 117 121 70 134 158 137 80 151 159 99 140 42 92 156 32 161 2 129 174 52 16 124 116 45 100 148 173 116 9 12 62 64 129 152 30 82 65 5 60 36 90 3 38 145 115 38 49 155 23 128 84 57 91 120 75 18 107 55 55 33 146 156 54 69 1 156 110 173 110 46 63 175 86 93 31 78 177 124 140 147 83 147 143 68 110 180 147 74 10 133 72 50 36 131 112 4 148 2 42 156 13 161 160 28 54 30 172 12 125 6 71 20 43 147 148 5 122 17 63 18 173 49 57 15 159 109 98 151 118 163 126 72 134 22 10 33 43 143 29 156 43 35 141 111 122 101 119 38 147 59 139 51 151 143 172 43 178 176 93 149 140 175 111 121 87 177 143 44 84 93 23 136 170 46 29 52 70 148 37 147 77 107 96 128 112 89 33 140 141 2 174 97 78 152 151 114 58 3 26 156 116 66 13 138 66 75 61 172 5 85 169 155 58 86 104 38 48 108 123 69 97 71 20 117 102 104 32 92 35 165 67 93 78 101 55 88 139 9 174 129 66 134 47 180 141 74 137 93 143 9 115 68 65 163 89 88 2 46 173 11 23 150 63 44 96 134 23 160 69 145 4 162 60 138 140 142 161 137 104 4 60 111 31 141 66 98 64 125 85 119 12 45 3 5 149 38 70 82 64 54 3 169 174 87 108 29 22 42 36 20 67 116 22 125 108 13 164 101 82 156 138 131 108 48 35 137 4 52 81 164 43 31 69 96 123 101 61 114 26 25 92 28 73 44 22 133 31 114 178 93 94 30 178 64 137 74 2 179 125 94 13 25 119 43 88 169 116 40 145 148 110 136 171 103 133 74 123 119 103 63 125 96 86 9 14 146 52 133 177 122 44 111 156 177 74 175 73 18 95 102 133 165 105 115 6 150 146 64 97 110 36 120 73 3 42 100 169 28 14 170 78 33 96 29 97 87 180 94 120 32 99 128 24 54 170 156 109 115 112 1 169 11 20 144 142 112 12 13 88 136 121 140 81 24 119 26 124 7 128 95 119 81 131 165 165 156 159 47 73 148 48 169 102 130 61 13 161 59 148 66 159 157 163 70 148 6 86 103 90 50 44 180 89 118 85 10 75 30 11 77 106 106 177 91 91 119 41 131 103 98 82 81 75 144 21 76 103 56 139 6 39 178 163 91 133 64 96 79 85 10 140 85 66 90 162 141 79 176 78 17 167 109 47 80 145 82 153 80 29 17 55 127 54 111 142 103 161 169 148 36 60 36 81 105 146 163 168 170 31 135 35 142 172 76 17 51 67 67 83 43 167 36 91 139 154 155 34 123 130 74 46 27 66 11 122 117 67 168 135 80 134 97 110 154 51 40 164 62 122 17 124 47 169 101 135 58 47 130 33 148 171 73 160 20 171 40 47 46 99 176 164 46 166 31 59 103 169 122 148 90 146 162 28 153 88 123 36 32 92 91 145 48 121 97 153 104 105 95 65 5 67 164 84 3 154 28 132 89 148 82 52 49 95 1 163 110 78 73 173 177 173 95 178 152 99 46 79 10 88 124 154 163 42 159 146 36 58 17 18 149 3 11 25 133 17 145 70 36 92 104 8 80 107 102 36 166 170 107 58 67 104 131 18 52 73 49 175 23 111 172 121 36 40 102 72 23 143 150 35 8 148 38 158 28 83 151 160 135 109 52 28 38 177 132 67 151 95 53 19 139 52 87 170 36 155 150 123 138 66 45 101 151 127 37 21 134 86 37 78 50 16 158 55 77 95 24 66 172 171 93 89 160 153 2 148 92 106 34 171 153 16 171 172 159 171 74 46 51 101 81 162 107 29 85 148 65 6 91 178 52 153 38 73 133 4 99 9 25 72 32 121 124 102 33 33 15 67 169 91 148 26 41 17 123 122 150 26 1 169 131 110 68 26 169 132 178 32 132 43 126 10 95 13 119 84 163 157 60 37 44 128 160 9 41 120 168 174 68 109 61 105 51 35 102 76 45 19 97 26 19 169 176 82 44 96 159 84 141 24 1 61 153 67 155 149 7 41 82 157 86 137 50 53 162 59 24 74 4 53 44 126 169 58 72 172 146 166 164 164 127 161 131 23 100 159 129 167 113 152 88 103 53 60 79 68 144 34 178 16 106 146 142 179 68 157 107 3 118 173 19 165 110 169 141 72 78 15 92 54 98 16 55 154 110 66 130 172 151 102 150 41 177 156 105 5 131 164 73 176 55 81 72 50 78 68 150 48 35 140 152 97 53 92 63 42 133 160 72 137 46 140 134 148 29 93 75 82 165 113 178 110 151 112 164 4 170 57 130 112 146 3
1 177 69 132 148 96 24 157 114 156 19 87 162 16 143 134 19 123 77 131 55 83 106 47 102 126 87 6 88 113 98 62 167 177 60 159 172 103 74 68 138 24 31 127 99 173 19 8 115 147 35 161 118 134 6 127 14 2 171 26 153 32 15 110 93 83 153 39 84 55 174 166 135 72 144 26 58 40 120 48 57 165 20 11 45 18 106 175 16 25 2 25 85 84 30 148 57 174 114 24 44 127 1 35 146 150 38 27 173 151 161 27 69 124 48 1 32 169 151 86 112 10 24 177 97 169 174 53 19 2 22 158 9 161 45 86 61 179 167 179 144 86 127 138 20 150 42 66 28 14 134 175 108 149 156 179 141 32 150 24 124 14 12 135 120 160 120 24 70 9 133 152 129 155 105 108 36 80 40 83 180 91 75 164 64 11 179 122 133 175 11 2 178 21 86 142 5 179 169 89 57 139 135 104 108 14 1 42 100 27 95 36 52 100 66 87 145 116 176 25 120 158 110 45 121 136 38 170 128 130 168 40 161 53 57 64 160 20 127 84 68 38 156 171 71 105 90 25 153 75 175 60 112 72 149 4 63 79 112 67 68 178 50 160 111 58 9 106 92 75 162 122 128 121 71 61 175 58 125 24 100 130 93 180 163 34 123 159 135 170 139 19 137 85 120 161 70 37 179 163 147 27 138 168 177 120 164 57 152 29 81 83 10 84 54 78 123 107 175 10 106 41 74 23 149 162 175 37 16 95 67 127 117 170 57 171 19 16 70 162 97 121 86 101 12 110 22 114 161 120 147 34 129 160 38 2 47 29 21 15 58 122 134 76 177 9 108 10 162 101 169 141 69 46 33 86 106 139 132 54 58 43 11 88 103 33 89 148 28 149 42 26 62 109 28 127 58 48 156 72 141 165 36 155 128 49 79 54 56 106 44 117 151 63 113 134 84 151 27 9 87 92 34 118 86 156 96 98 20 117 62 138 4 24 133 6 141 3 52 27 36 165 123 162 124 16 32 8 110 104 134 132 97 2 56 113 2 134 166 88 16 78 167 108 39 62 141 100 169 16 152 148 86 157 124 121 128 21 91 141 137 115 159 136 67 163 78 84 9 67 14 120 14 44 53 92 72 54 173 93 171 17 22 94 31 68 140 76 165 24 84 69 160 118 28 109 128 9 76 143 78 179 130 64 132 130 84 52 151 97 74 177 81 153 12 120 61 71 170 65 25 83 159 22 30 170 13 145 91 83 148 109 157 60 167 109 119 16 24 61 175 117 72 148 55 52 92 113 86 1 91 95 72 177 65 61 41 87 151 19 140 61 44 91 62 9 159 59 97 86 161 67 172 90 87 144 170 155 133 18 114 152 34 94 8 104 129 155 14 143 103 50 116 57 174 17 7 79 160 94 155 145 76 90 174 50 168 157 15 120 76 177 157 1 88 179 54 156 78 91 120 60 20 112 46 57 54 17 76 104 36 20 163 5 12 102 86 14 125 90 24 5 86 73 45 25 66 124 153 162 60 133 26 108 178 93 93 25 42 116 145 118 117 91 64 67 170 88 138 66 42 173 5 177 116 168 41 103 130 154 64 81 132 22 46 44 95 96 57 135 171 147 50 31 175 41 180 128 9 139 25 153 91 100 133 168 168 29 164 11 58 67 168 114 180 29 149 15 123 177 11 4 77 117 5 48 108 69 176 51 145 96 157 165 150 180 164 128 101 23 10 175 82 69 118 79 157 37 36 24 67 142 51 69 100 135 83 102 131 131 30 144 29 145 30 133 178 16 161 22 87 129 116 81 173 156 101 164 138 89 121 176 166 171 15 50 61 175 150 37 162 94 11 72 63 106 170 135 139 156 108 31 131 35 36 67 152 180 133 139 144 84 9 47 81 157 8 146 152 79 92 78 7 20 54 158 177 69 12 109 70 44 71 69 177 88 121 75 17 54 79 178 4 118 59 72 13 63 166 101 80 23 8 111 146 122 113 6 13 69 157 153 91 56 49 172 106 100 44 172 135 123 118 87 11 126 54 78 72 59 44 38 81 114 134 71 119 71 171 36 67 55 29 21 16 177 81 24 131 145 27 42 6 29 46 161 113 27 159 33 116 65 46 67 16 42 175 128 30 55 86 164 106 89 156 29 28 173 37 169 55 172 26 100 180 17 104 148 23 42 153 34 140 86 93 45 67 50 167 47 118 158 137 95 89 83 168 114 170 92 75 1 159 36 63 153 108 65 85 10 43 21 159 123 151 106 151 163 107 171 96 26 16 153 81 44 36 154 158 16 76 42 8 37 29 23 158 128 76 134 40 150 76 62 121 163 135 121 22 4 9 67 171 13 135 32 145 175 134 85 134 178 121 177 113 174 145 87 165 18
159 69 171 92 16 117 178 88 72 125 102 119 8 147 27 178 109 38 103 83 19 21 172 70 141 160 114 64 130 132 75 162 84 52 76 120 150 121 49 112 150 22 180 130 145 38 143 38 1 126 71 165 60 144 95 114 153 158 113 56 162 131 141 5 66 21 158 66 121 53 18 15 84 104 58 52 156 167 2 88 125 93 160 146 110 150 6 95 158 55 47 93 94 92 28 86 56 179 32 29 101 109 43 62 32 168 98 36 177 127 130 76 143 124 59 35 82 31 67 64 26 48 44 9 35 79 153 61 118 30 113 4 58 75 14 172 56 103 4 73 160 41 160 107 132 63 11 116 73 132 47 69 52 2 33 74 61 45 80 146 140 117 84 171 132 135 26 58 81 2 176 84 64 85 62 125 63 32 165 173 84 118 92 19 114 49 13 175 11 151 96 6 22 132 118 157 66 9 61 27 77 31 138 154 146 128 158 89 166 36 43 146 13 54 63 67 49 146 76 25 77 101 92 112 157 137 136 93 168 177 20 52 120 162 69 116 174 95 61 112 161 52 26 31 30 86 70 126 160 179 87 75 90 166 105 136 173 179 61 3 126 158 24 50 55 11 127 16 37 8 163 177 23 47 41 22 32 147 116 92 177 130 180 86 65 128 132 143 150 154 25 1 170 128 136 165 116 176 41 143 73 156 78 116 88 33 109 151 123 53 82 64 9 8 96 97 59 169 139 139 6 72 51 116 99 114 169 104 167 90 45 158 98 143 27 70 127 112 138 82 12 44 19 35 64 118 6 48 30 18 153 104 173 132 72 100 138 50 173 149 174 96 6 39 152 162 16 38 20 89 126 137 93 60 7 51 126 115 15 160 13 172 145 77 12 86 174 21 9 123 27 119 175 121 142 49 114 108 68 180 41 91 132 63 27 46 163 23 29 61 120 87 29 148 90 38 56 21 132 47 74 98 120 55 142 124 13 8 145 2 152 156 74 69 63 105 15 39 175 86 39 121 120 37 120 113 46 75 124 152 158 133 130 87 118 20 131 156 13 105 126 34 39 124 6 179 51 115 165 17 23 86 6 179 152 174 113 77 13 5 81 159 67 168 60 104 67 90 179 65 10 30 87 143 82 6 55 74 86 31 31 169 99 29 62 20 137 36 171 89 135 154 50 141 33 47 165 35 156 13 21 34 31 175 156 137 22 135 11 142 64 124 76 102 63 125 123 2 162 70 87 7 175 4 7 76 52 174 157 80 152 177 139 49 120 54 53 148 84 73 89 161 163 159 70 46 58 144 49 123 170 131 76 122 138 15 155 99 31 161 138 178 120 56 48 107 112 77 139 115 111 135 111 168 33 114 107 159 33 137 178 122 142 27 133 4 112 44 19 121 142 102 46 31 28 172 47 159 92 92 52 151 67 116 110 49 126 95 156 58 18 83 26 179 114 78 110 169 75 124 130 157 28 118 76 68 88 88 134 74 5 141 19 64 176 33 36 154 174 72 169 129 173 147 116 90 101 98 42 73 25 146 64 97 83 125 170 154 113 135 179 31 58 179 60 84 22 92 138 132 57 96 158 159 21 51 75 178 132 131 164 176 158 95 144 24 175 140 67 138 43 129 165 20 159 87 44 105 73 179 114 129 87 11 42 31 10 120 34 172 94 49 18 32 47 101 74 32 51 120 10 133 107 84 111 111 15 66 101 7 99 163 94 17 172 40 29 59 113 163 35 133 103 19 62 72 69 156 64 174 131 97 101 143 124 3 87 109 160 7 76 6 154 19 171 88 35 148 158 67 113 145 23 37 79 98 12 169 2 173 161 117 162 128 126 11 111 125 163 148 109 140 40 156 164 131 75 34 1 72 30 145 12 179 98 160 58 147 53 125 1 168 144 42 178 111 86 87 157 16 30 140 12 132 111 60 176 145 55 45 82 98 91 14 179 71 64 47 71 139 104 92 18 63 28 148 100 91 60 8 6 52 88 123 43 118 71 96 132 54 150 93 89 118 50 170 44 155 70 175 117 127 3 63 119 113 134 133 10 130 65 38 14 138 174 136 104 80 57 94 164 111 64 117 1 132 159 65 179 176 109 164 89 106 104 150 143 165 176 102 77 34 125 110 151 102 36 29 79 28 48 81 163 38 20 108 27 138 53 43 98 158 34 13 63 37 70 110 173 110 111 62 74 105 78 80 36 83 22 169 61 154 49 139 89 148 139 152 89 73 11 18 165 108 138 173 56 102 77 48 93 145 47 22 52 38 42 39 90 145 137 163 86 61 106 1 38 145 36 90 16 112 25 92 145 45 23 26 50 108 44 25 42 152 32 34 178 71 72 146 122 133 50 51 10 11 57 142 74 26 133 165 42 108 86 178 36 102 36 59
160 76 128 31 122 163 82 152 41 147 176 79 25 173 5 63 74 108 79 89 35 141 162 109 46 141 78 120 128 75 135 135 146 114 27 146 90 127 54 131 66 176 1 67 106 178 132 80 40 133 92 39 26 56 64 105 94 21 38 151 164 28 45 166 49 157 121 26 103 94 2 8 74 170 129 78 64 40 44 3 4 47 149 28 125 94 77 91 69 164 47 134 75 139 13 137 151 53 112 117 100 7 66 61 53 74 12 45 135 37 65 144 28 134 163 77 120 133 115 114 113 114 1 65 33 168 22 17 65 126 126 28 86 99 74 115 88 13 90 12 26 162 150 108 168 9 118 39 120 171 23 73 1 58 113 43 2 62 9 173 49 114 37 12 162 56 93 97 143 11 78 126 83 50 167 92 164 166 109 127 50 80 127 174 18 17 60 82 136 104 91 102 149 57 45 100 133 10 90 49 116 53 153 18 130 111 88 178 126 5 22 6 91 35 9 1 140 156 88 64 72 75 150 116 99 180 38 149 124 166 95 136 5 178 58 146 176 124 25 144 148 73 162 88 91 152 152 152 45 125 53 71 70 162 25 138 168 146 43 115 85 158 2 32 161 48 51 40 43 72 43 107 15 164 12 105 149 99 154 131 3 82 87 41 65 130 152 94 55 73 129 78 162 99 114 45 139 41 80 177 125 26 130 71 91 54 73 126 134 110 92 166 145 1 103 141 170 60 151 100 126 56 151 33 85 132 58 41 15 54 108 48 122 7 106 21 179 171 124 3 63 89 2 27 117 153 71 165 143 118 174 76 57 9 96 161 88 34 90 76 3 140 100 50 30 95 28 161 156 15 86 68 156 20 175 14 67 65 2 168 7 132 38 177 162 54 34 143 131 71 66 47 80 41 78 58 17 86 53 90 65 102 99 133 124 29 75 13 83 50 177 167 123 118 157 39 38 87 20 179 152 14 9 163 21 125 148 159 171 55 150 174 97 21 134 168 84 131 108 44 106 143 137 174 45 106 154 26 131 83 10 93 87 58 55 145 10 72 112 43 72 28 99 94 49 83 126 113 135 162 76 36 32 119 54 43 99 168 138 90 122 42 107 103 74 39 62 140 119 48 58 47 6 12 79 72 98 103 29 147 174 141 51 160 86 22 7 10 106 87 122 151 166 151 119 169 172 179 171 22 16 126 137 41 160 74 60 123 31 127 91 88 85 167 42 65 73 66 141 66 176 88 98 54 158 89 42 162 29 178 150 68 145 54 172 65 142 52 155 102 133 134 92 69 109 165 4 98 28 147 89 179 139 149 157 139 128 149 77 120 20 157 160 62 73 115 67 15 28 75 39 36 49 16 9 163 93 82 137 139 171 7 163 164 17 101 64 64 54 166 165 7 102 156 120 173 45 18 33 159 162 120 8 126 111 162 140 171 1 117 107 23 96 80 136 145 130 41 122 13 91 154 177 105 73 86 54 132 163 133 39 99 136 78 129 51 177 175 54 28 129 129 81 36 3 131 7 125 52 6 161 84 95 19 84 74 80 90 120 28 177 92 20 79 7 141 143 132 116 36 66 1 66 114 45 54 87 4 107 31 172 109 165 172 47 171 108 16 11 69 113 111 128 171 45 75 109 65 23 95 37 121 64 49 4 24 141 121 22 84 1 128 106 125 7 176 140 99 89 63 88 113 147 131 14 166 47 3 70 134 27 27 1 136 97 62 11 26 59 131 149 132 129 141 27 78 22 106 87 87 46 44 81 36 70 180 73 76 132 177 136 100 115 173 41 89 73 116 149 37 36 104 14 150 109 84 56 154 46 112 48 179 165 157 25 178 164 16 55 22 12 29 63 93 4 66 44 21 79 131 6 112 39 112 69 112 147 144 6 21 174 32 154 178 36 46 76 116 127 112 9 81 66 42 35 89 146 97 27 68 99 139 146 177 137 44 38 42 148 138 116 54 165 118 134 23 109 1 33 30 172 88 83 26 131 136 43 1 123 168 20 178 50 25 26 32 10 145 66 120 153 30 24 36 155 56 9 165 85 66 10 7 29 164 109 133 94 49 39 59 135 175 112 57 114 127 13 154 95 150 176 130 23 11 41 40 46 167 154 7 94 168 133 117 77 171 19 84 111 3 46 55 117 97 17 4 103 149 28 79 145 24 108 89 111 67 104 99 141 159 3 60 177 61 74 69 96 130 100 83 138 139 140 145 27 94 48 34 131 69 146 164 172 126 64 26 121 28 50 100 89 33 98 83 118 130 160 29 150 108 125 120 173 91 70 140 94 4 8 103 85 112 2 15 36 36 26 53 17 57 157 55 8 176 79 164 135 151 23 119 173 98 133 158 166 165 48 150 97 45 4 32 90 43 17 119 109 49 110 140
77 112 58 79 146 174 15 130 147 36 113 153 15 82 172 136 155 172 135 162 27 91 175 27 40 126 5 38 159 29 86 11 147 69 157 76 166 104 176 74 6 162 98 117 70 167 117 25 10 134 6 15 106 8 96 12 78 72 105 103 77 35 69 82 115 108 58 43 53 38 129 41 44 79 85 75 29 118 145 180 117 73 59 171 151 173 116 74 52 18 150 25 97 29 68 38 105 87 19 59 80 3 27 29 30 42 60 95 137 58 126 165 179 75 160 27 8 136 60 35 51 57 49 52 87 21 120 125 132 166 111 7 99 166 79 129 131 46 164 64 15 14 180 67 165 90 68 66 55 84 105 69 1 53 52 139 150 52 144 176 93 48 7 82 39 161 77 77 21 4 153 36 18 27 112 105 177 18 41 135 23 66 46 12 88 118 153 101 123 94 69 156 81 79 26 161 110 77 73 127 170 137 9 164 46 3 12 77 166 108 152 21 54 120 145 36 42 93 16 161 140 50 34 22 38 33 14 63 111 140 168 92 23 149 49 57 9 70 7 159 179 5 12 18 67 88 58 55 175 8 134 29 152 91 120 18 116 20 124 137 26 121 150 5 24 154 27 169 165 160 40 38 109 108 56 124 41 121 159 94 70 114 71 107 158 46 177 4 98 14 55 100 82 115 96 112 151 44 50 5 158 19 155 54 19 54 82 99 136 178 125 25 100 17 137 94 55 153 77 65 141 162 142 111 26 109 57 6 120 18 5 157 176 32 50 80 179 169 11 17 36 29 25 18 51 95 137 123 5 178 157 86 14 41 127 17 64 21 127 171 82 77 25 58 100 9 75 123 161 145 119 175 20 36 2 13 138 87 105 159 27 94 156 48 151 69 8 178 2 52 10 54 138 116 147 160 97 35 151 4 57 108 51 142 86 137 84 103 88 121 74 60 143 39 4 26 147 50 79 103 51 168 140 84 177 117 57 47 64 105 176 107 117 22 141 131 113 3 161 25 58 1 63 15 169 151 59 172 111 107 147 180 70 8 82 32 120 29 17 96 59 123 49 173 70 84 92 47 40 8 161 57 141 92 130 112 133 50 33 168 25 66 96 116 144 70 122 106 29 147 130 14 26 108 44 56 144 137 39 64 102 65 22 44 79 125 25 134 127 135 85 103 27 25 104 119 115 25 111 11 50 105 54 105 60 129 104 29 54 90 60 45 44 25 95 170 172 125 75 111 98 53 128 66 138 113 149 34 60 160 41 79 96 54 110 158 173 138 129 27 75 144 2 155 57 82 54 137 96 6 38 71 171 99 28 54 62 137 70 99 71 86 92 87 103 142 48 116 13 86 89 122 93 80 83 73 2 85 24 146 22 24 86 13 179 179 85 135 104 94 48 121 109 173 153 11 71 67 28 131 50 20 4 130 18 97 42 138 39 103 130 27 38 73 40 19 56 135 171 9 76 15 47 120 125 15 94 38 99 155 5 179 74 178 24 3 159 163 129 34 10 122 47 151 177 124 32 49 88 159 177 56 15 118 42 11 124 59 150 130 109 120 167 101 128 23 25 20 77 140 27 99 29 29 14 59 131 63 31 167 58 75 40 27 96 14 167 87 153 87 21 105 102 114 81 89 128 54 125 122 122 89 39 31 111 104 142 7 139 163 135 63 135 131 25 136 121 174 18 46 122 25 75 17 74 33 139 163 163 27 55 11 166 48 35 66 110 134 114 176 175 120 62 149 22 94 84 116 32 146 155 89 15 73 80 22 5 164 45 34 117 38 21 39 101 31 99 66 99 16 55 75 77 169 126 49 156 5 146 56 11 56 49 105 148 102 36 112 109 53 178 150 51 178 116 29 17 132 63 25 152 2 152 18 102 142 111 126 6 34 124 141 82 2 7 1 114 136 111 157 106 60 55 167 76 77 151 25 166 44 112 155 73 140 151 120 37 158 23 154 180 59 109 167 60 78 116 37 145 135 3 42 178 131 25 141 171 121 162 35 38 8 14 165 68 34 8 35 43 27 177 110 161 26 150 94 57 33 164 118 137 134 27 152 22 140 175 112 146 50 54 116 59 134 134 48 131 71 127 120 171 40 5 60 173 87 18 14 156 5 95 13 128 114 137 166 109 22 99 72 63 147 128 78 177 169 67 90 96 89 122 37 113 95 36 13 101 121 87 103 22 142 12 45 147 112 3 19 1 124 26 34 101 31 3 35 124 153 38 115 52 44 86 140 80 102 54 144 76 167 55 47 115 68 144 95 92 82 145 136 33 98 149 53 14 171 174 156 85 15 35 97 85 127 99 113 83 117 60 8 143 165 130 55 112 158 74 169 41 2 49 53 94 57 11 21 132 36 124 91 110 36 21 70 63 82 153 145 11 122
54 40 133 65 121 114 82 172 119 112 20 54 112 162 104 149 179 39 124 21 160 131 68 119 117 101 18 96 105 161 87 130 133 98 29 48 65 25 33 9 54 26 106 24 86 70 171 171 102 3 99 180 31 122 159 36 157 47 112 153 162 8 179 122 115 95 19 32 151 94 39 154 3 75 142 167 154 154 167 125 3 140 31 15 157 99 116 177 86 32 116 50 19 22 40 28 4 112 110 72 87 61 123 165 119 69 119 125 173 179 102 116 136 155 60 47 134 131 136 90 70 79 88 80 80 15 177 78 78 1 27 152 112 107 163 151 140 10 123 22 82 159 168 49 18 168 78 76 104 85 36 103 111 17 84 46 136 167 56 83 68 42 20 14 8 143 92 96 45 99 47 76 139 65 51 28 148 117 76 125 120 132 66 147 44 42 164 134 13 54 71 106 94 106 160 9 45 105 149 91 100 149 136 168 80 69 125 53 18 35 31 11 12 28 105 1 130 155 79 43 22 180 83 93 174 125 62 106 180 6 46 8 23 90 167 21 147 178 122 3 64 141 66 179 12 28 105 96 134 87 104 112 16 67 24 30 63 171 49 157 137 38 154 73 125 142 121 16 150 81 48 115 171 42 94 83 47 87 129 70 82 86 150 51 150 169 67 90 125 155 31 58 163 179 115 160 17 5 82 35 63 17 43 2 79 175 176 68 87 180 96 97 109 92 144 86 114 1 52 171 13 15 117 80 86 109 124 174 57 51 96 66 101 79 33 148 154 121 2 169 49 41 45 112 130 43 60 101 7 5 37 67 27 144 79 14 115 56 118 99 173 160 78 53 51 70 170 71 83 104 96 88 158 134 33 31 109 98 78 178 160 58 40 24 54 148 96 17 40 121 149 146 50 180 67 8 85 19 22 144 89 61 51 51 143 165 61 108 28 88 125 114 100 88 119 54 70 161 31 151 5 114 9 71 84 22 167 107 28 73 121 45 38 117 14 28 59 105 29 80 133 86 17 80 166 107 21 145 104 170 114 6 84 174 163 51 68 22 136 14 39 107 173 107 143 36 84 130 11 89 105 76 95 114 83 148 160 72 82 73 146 85 15 81 33 89 19 109 62 30 21 36 88 16 33 23 55 24 7 162 32 97 14 13 156 26 67 174 47 5 27 165 148 141 93 154 133 24 16 10 158 112 83 38 129 86 109 148 18 21 56 65 127 92 143 87 21 122 86 128 114 89 96 22 79 6 60 39 80 89 43 55 87 43 170 41 154 178 114 103 178 177 70 110 36 66 80 163 99 37 57 178 4 4 74 161 92 89 107 141 159 163 115 117 158 144 134 82 91 129 141 62 167 164 87 114 50 34 97 85 176 5 102 142 44 140 116 149 111 11 116 58 28 62 74 151 13 5 136 138 72 2 53 108 119 127 143 178 34 49 66 108 50 140 109 128 128 136 166 123 102 114 69 1 88 105 9 51 79 137 41 1 45 161 115 48 5 67 21 144 41 40 115 151 180 91 88 42 139 22 160 167 40 27 81 144 55 32 44 64 35 63 129 97 25 60 39 170 119 125 32 81 46 28 149 163 127 180 59 3 19 168 101 78 103 81 76 37 142 115 124 84 20 63 131 57 117 130 15 51 153 18 178 115 156 122 13 63 11 25 59 11 85 96 166 112 71 119 33 75 64 91 107 180 156 7 35 159 56 148 97 164 98 62 22 31 50 134 2 137 10 8 2 150 93 139 52 130 82 156 125 156 119 93 49 71 144 2 126 15 111 64 32 136 156 91 168 169 97 16 167 90 165 46 37 60 122 36 123 110 66 28 62 179 26 51 92 130 171 156 113 8 81 64 28 30 161 38 42 15 171 48 32 35 127 64 134 106 104 100 170 143 99 117 138 1 119 132 179 91 93 62 143 169 145 141 132 122 139 73 42 61 91 165 130 2 5 147 13 178 35 163 19 107 104 176 132 149 162 36 112 166 39 100 65 21 104 12 20 108 180 130 159 114 60 144 67 52 110 71 38 140 124 89 93 37 71 107 114 7 99 33 116 149 44 162 35 162 164 130 46 94 90 110 151 131 36 59 38 62 62 27 158 123 133 140 16 23 40 47 31 4 133 36 167 114 142 178 32 110 77 139 3 29 49 46 34 156 21 92 67 105 58 81 3 23 85 6 157 47 143 62 172 100 175 85 64 135 143 76 151 50 22 90 151 73 149 67 95 124 44 5 64 160 27 169 160 125 167 88 30 162 44 53 14 79 56 107 115 149 71 64 53 24 105 164 104 135 21 5 47 88 16 141 61 101 33 57 1 125 122 65 93 103 15 31 141 64 140 42 139 99 115 76 53 98 170 96 83 154 4 140 67 74 113 110 99 152 46 106
58 153 153 28 48 23 102 79 170 106 36 2 151 52 67 16 76 152 151 12 126 8 62 152 112 59 32 16 12 20 8 99 23 48 61 115 161 33 58 91 27 150 59 83 69 71 33 65 157 93 130 133 31 161 2 73 121 66 118 30 124 110 137 70 154 116 146 115 55 32 60 53 15 77 136 90 71 48 140 9 90 6 131 36 60 87 20 139 160 61 140 34 58 77 72 139 170 92 147 129 17 108 19 79 13 44 129 43 12 112 177 119 168 31 113 51 159 50 104 137 160 107 31 69 33 73 26 73 74 174 15 11 63 9 94 86 80 137 17 143 28 136 176 48 3 35 106 59 46 149 154 33 5 141 74 102 134 69 70 93 50 104 108 109 40 25 88 91 145 39 110 162 170 116 158 174 37 43 146 21 173 178 169 63 42 159 11 176 14 72 168 73 93 112 69 57 26 124 10 77 62 73 5 166 173 131 22 151 156 78 52 65 122 115 104 115 51 126 17 134 52 77 104 10 83 5 13 109 71 129 172 40 154 152 123 109 105 46 6 79 71 151 145 38 80 152 133 18 129 138 126 159 144 32 76 88 19 142 83 103 131 179 178 161 96 174 119 157 8 59 175 102 92 104 89 157 168 109 84 106 58 89 90 117 27 82 156 113 161 156 26 51 56 13 170 26 143 57 94 72 148 9 67 72 39 127 178 137 103 152 150 48 117 109 5 145 45 157 168 55 117 179 162 48 63 75 81 107 11 67 164 85 73 176 119 120 102 173 174 13 73 39 73 17 156 163 152 156 57 97 55 128 128 174 86 74 136 3 20 87 122 171 77 167 19 124 106 91 92 21 129 53 170 28 37 114 144 29 95 30 71 82 87 83 69 118 111 103 173 125 147 12 9 56 61 72 35 130 159 119 11 27 119 71 8 180 43 56 91 7 133 143 106 118 13 41 59 60 164 15 35 42 124 30 155 33 148 113 14 38 18 69 3 23 90 75 134 136 101 94 51 66 56 153 108 155 124 15 109 131 120 93 137 36 164 74 134 74 74 15 5 133 133 49 175 83 125 84 147 73 25 134 172 60 135 95 53 97 169 101 24 138 47 149 19 110 86 86 117 164 22 172 141 178 153 18 174 24 178 110 160 62 164 84 130 133 37 165 178 78 48 156 117 2 119 171 25 84 129 176 71 50 77 166 171 148 22 103 19 141 115 6 171 120 12 145 165 59 54 159 23 15 6 21 177 3 74 95 12 161 124 29 178 104 143 146 168 129 89 6 49 129 62 174 29 99 72 127 110 7 127 116 142 154 50 127 14 75 89 11 21 74 35 141 7 98 131 95 94 42 178 32 97 46 112 160 91 18 172 171 4 146 75 99 70 178 63 116 37 130 162 102 9 179 107 69 62 147 112 18 39 18 105 75 109 163 87 153 88 73 127 76 52 90 45 54 137 148 144 4 176 165 41 46 43 24 90 30 155 146 100 171 171 20 156 163 24 30 173 74 157 142 140 79 59 18 149 121 76 81 160 75 77 93 97 19 146 38 72 129 131 166 120 155 55 13 153 87 145 18 64 70 65 84 46 2 121 117 66 134 85 173 88 95 51 87 20 122 59 61 16 23 89 42 89 174 170 2 26 163 3 13 139 78 21 155 13 54 149 56 53 71 21 2 84 63 139 152 16 10 112 25 5 38 178 87 133 14 77 5 136 124 57 85 31 124 17 87 152 157 40 175 37 67 11 7 128 106 17 179 59 21 98 46 153 116 109 100 150 92 11 176 163 120 138 56 123 167 134 40 84 171 81 67 78 103 120 120 150 90 86 74 74 32 13 23 168 148 169 79 149 126 20 33 14 74 128 64 91 70 115 72 156 134 153 113 11 27 178 155 160 168 158 132 89 80 80 153 43 70 113 10 161 45 14 122 152 80 129 147 142 82 117 164 89 147 144 46 110 132 52 45 116 36 119 21 32 17 163 158 19 28 33 25 26 17 172 171 75 37 168 105 19 11 85 179 26 129 52 22 47 171 46 9 129 167 47 76 51 97 111 168 93 11 4 142 39 101 161 161 83 41 166 148 124 122 147 16 176 71 160 148 145 56 36 86 178 67 70 14 166 85 80 88 81 123 55 53 94 26 77 34 179 79 116 155 175 156 40 135 159 69 45 125 178 88 174 117 58 67 176 47 67 99 6 115 78 34 19 107 51 18 179 68 79 143 122 125 147 13 93 140 51 69 128 126 4 180 151 114 102 12 179 20 172 126 165 146 128 32 126 168 162 158 31 39 178 53 31 137 75 77 179 84 37 115 93 158 75 134 86 94 61 172 80 120 155 160 9 32 1 34 37 25 10 132 56 133 120 70 117 156 61 168 38 39 35 29 107 14
101 148 76 61 8 157 100 65 126 48 57 12 19 23 152 28 26 148 166 115 81 11 104 148 154 2 74 143 133 97 119 16 2 176 42 133 139 10 135 59 26 117 4 48 100 166 174 120 121 1 139 142 69 31 110 2 161 25 84 92 123 36 129 61 11 125 41 68 163 178 147 153 24 146 12 99 73 40 30 131 132 156 5 111 95 155 28 55 4 55 76 76 157 162 55 165 148 179 16 92 134 117 158 40 113 172 106 46 74 114 47 175 153 112 166 109 141 6 117 80 95 153 82 81 139 163 168 2 152 45 59 180 13 10 107 123 53 118 104 117 176 124 161 87 36 109 156 92 5 14 81 25 174 42 65 106 120 92 159 104 18 104 7 22 93 154 122 154 1 18 113 156 90 41 31 115 66 163 177 100 150 73 6 73 170 180 158 96 105 54 126 119 54 90 16 132 94 15 122 56 31 128 52 125 173 43 153 172 126 115 44 87 45 44 70 114 81 47 126 50 82 86 148 46 68 161 95 147 119 55 20 46 119 84 154 126 21 26 40 57 61 128 179 33 99 36 80 89 131 100 149 115 143 151 23 91 171 119 62 111 108 16 4 9 23 95 84 95 15 1 90 55 171 58 53 99 75 91 23 164 110 76 64 98 53 131 19 106 18 11 150 9 17 4 101 96 2 34 15 89 20 165 139 50 50 156 87 117 54 103 162 71 115 165 108 138 9 96 170 39 54 158 6 129 82 53 104 137 140 101 67 41 100 78 31 10 164 176 61 178 84 24 9 154 100 105 27 112 176 26 96 43 172 88 6 3 119 11 117 83 97 83 66 87 101 146 155 127 33 176 75 146 84 34 40 122 4 156 81 95 152 3 13 18 144 77 141 69 144 59 169 170 161 4 138 18 61 131 8 152 2 151 6 121 131 6 31 91 104 27 120 178 72 123 147 85 119 90 176 14 174 58 167 164 24 123 159 57 125 116 114 78 48 56 157 96 74 74 23 23 136 103 56 111 146 33 150 45 40 159 75 153 79 155 164 168 57 96 88 137 111 59 33 156 47 24 64 25 5 168 36 177 156 163 174 175 110 101 170 84 108 121 151 167 3 154 159 67 130 70 47 132 39 93 4 138 123 65 136 124 32 48 90 51 75 63 97 19 92 133 5 69 148 71 44 175 117 156 179 44 99 111 20 86 61 113 123 96 138 34 64 54 1 11 22 11 2 104 103 173 138 8 180 3 122 148 51 140 20 35 26 83 149 121 141 151 10 74 64 149 126 54 20 4 90 124 167 12 13 61 113 51 37 59 84 76 47 149 76 67 144 27 26 160 141 72 153 88 170 139 22 80 31 51 170 89 73 27 125 77 52 175 112 168 144 171 78 127 136 86 81 85 56 170 158 23 157 143 171 118 28 85 94 173 56 23 174 4 34 143 4 8 64 164 32 13 104 96 18 80 91 69 168 89 2 148 178 71 49 171 22 164 62 104 103 168 128 12 152 171 106 125 44 152 121 97 114 21 76 29 112 84 134 169 108 54 110 140 118 96 22 167 93 58 17 117 170 45 84 151 144 55 140 10 54 2 16 83 48 168 24 36 10 161 35 56 156 48 146 29 12 70 9 133 131 45 52 167 136 28 153 69 31 148 141 122 96 163 176 63 168 115 90 11 66 141 113 15 109 60 38 31 19 146 156 2 54 56 71 129 157 114 44 14 67 121 153 98 36 31 153 67 166 170 173 47 56 7 101 31 25 60 37 49 111 45 46 45 17 164 112 130 146 22 161 101 60 103 159 152 139 149 98 52 61 176 45 57 167 35 125 37 72 55 136 178 158 102 130 130 11 38 131 34 92 83 51 46 108 161 49 178 67 78 7 139 67 26 62 160 122 83 115 80 175 10 162 40 28 133 146 169 125 154 110 17 143 144 178 95 85 166 139 65 92 62 35 131 46 140 153 155 116 134 94 156 130 120 144 132 131 94 85 166 159 72 179 139 165 24 142 78 62 143 106 137 131 93 74 39 10 139 152 55 132 81 175 19 132 70 111 108 78 134 156 102 55 94 162 68 115 123 179 60 80 19 123 53 76 84 54 152 37 82 61 39 138 70 122 144 122 7 161 84 55 30 115 133 170 29 102 27 162 5 120 162 57 67 30 5 25 129 117 164 113 23 180 50 35 94 127 94 105 178 157 74 57 163 46 142 75 63 149 70 36 141 134 9 176 120 111 165 147 94 111 132 111 156 139 122 24 155 53 110 127 18 39 114 84 88 82 122 53 108 4 34 162 20 65 73 56 78 27 99 177 102 114 77 141 5 37 152 100 88 9 114 159 79 38 79 141 161 65 10 120 42 162 83 123 138 120 171 101 20 32 7 155 5 114 156
31 37 41 138 92 152 39 103 60 134 92 35 144 152 5 87 108 22 170 7 81 157 160 82 61 12 59 148 135 21 99 3 92 179 100 33 8 96 134 151 18 117 62 90 159 63 179 127 127 172 127 118 140 175 93 38 172 74 115 170 18 96 52 155 35 109 72 144 41 176 12 29 122 135 103 104 180 18 130 41 156 22 159 73 99 103 18 32 87 92 2 153 166 60 147 145 164 146 177 43 162 74 51 126 52 117 133 131 134 140 174 7 82 30 126 119 130 122 151 102 24 1 43 73 67 109 143 45 53 2 169 50 166 65 88 120 6 176 160 70 99 114 101 92 166 150 95 17 128 172 75 113 9 166 43 154 150 36 50 173 2 51 2 148 83 88 111 114 131 46 155 175 19 65 76 147 60 171 108 124 68 146 112 63 174 13 143 178 169 113 151 104 40 175 122 150 60 76 49 66 106 9 98 88 172 148 30 86 65 177 23 94 152 2 16 81 19 75 133 120 67 83 69 163 13 93 128 164 50 3 121 103 78 94 17 158 177 142 3 177 76 134 33 85 161 157 74 107 93 174 155 131 31 130 38 47 73 40 148 110 165 1 127 94 52 51 56 42 35 49 100 96 138 98 10 120 157 87 179 171 85 54 119 113 8 60 70 24 135 117 71 84 128 142 151 136 153 142 141 11 81 74 124 30 90 132 66 163 136 77 140 130 161 131 67 160 157 17 38 117 1 161 68 34 173 27 14 8 84 122 95 178 89 152 5 132 88 46 27 80 161 116 33 11 24 91 34 89 133 99 34 58 91 90 106 146 151 9 128 173 164 107 42 145 180 166 151 150 41 28 163 29 45 69 46 31 106 157 18 174 104 82 90 166 46 157 130 164 169 98 55 127 110 79 130 29 139 175 146 104 33 27 113 58 114 76 79 114 58 131 160 125 63 175 170 3 147 73 2 176 159 120 80 3 75 7 116 48 153 139 156 102 22 28 23 109 1 92 23 30 103 56 78 77 177 25 167 21 152 102 70 178 175 154 28 164 149 20 172 93 131 110 142 114 96 24 44 109 164 22 27 112 132 143 32 55 115 12 58 159 77 69 67 56 158 151 12 145 90 62 70 95 124 105 108 56 68 72 60 19 74 125 121 24 137 46 174 11 14 116 138 137 83 9 79 172 94 179 21 99 76 3 145 23 158 176 102 78 55 23 141 128 79 32 68 111 49 15 96 20 10 65 180 26 137 54 21 158 57 111 180 145 65 146 14 127 68 91 120 154 73 30 166 73 141 44 149 123 131 126 122 119 29 102 37 176 49 146 36 6 33 60 136 149 171 58 56 101 9 31 76 112 46 26 1 13 86 17 84 40 18 22 122 121 37 53 13 74 56 113 127 71 166 90 118 55 127 83 22 146 151 12 35 75 31 105 172 149 162 16 28 159 43 30 86 105 18 93 165 150 160 114 112 62 129 167 60 10 132 76 136 94 143 52 161 125 112 4 175 101 56 8 165 44 177 163 24 103 2 151 122 80 14 102 92 111 163 119 27 56 54 57 136 30 125 16 47 151 167 70 125 36 130 77 83 95 35 45 52 51 78 129 156 97 53 38 90 88 160 84 102 13 58 118 45 67 126 89 58 167 116 116 43 74 178 24 14 180 76 63 90 50 157 163 127 90 176 129 108 86 104 112 154 108 163 132 21 16 116 25 22 167 29 38 2 5 167 176 168 27 78 150 158 110 105 128 143 99 21 89 76 73 71 134 153 147 2 104 115 39 175 2 117 89 133 125 3 153 32 148 104 138 136 20 120 139 102 143 92 132 25 121 130 47 42 103 136 38 71 165 120 123 131 57 6 53 113 172 109 166 148 128 164 138 12 14 2 93 64 129 88 1 25 120 45 93 137 74 125 53 32 111 55 78 116 2 110 96 138 88 114 128 3 163 163 92 172 42 174 65 156 104 80 31 5 33 147 61 68 2 177 172 111 110 129 71 30 100 2 106 6 2 53 124 71 9 36 106 75 62 57 126 123 106 6 141 6 48 110 19 142 159 13 166 86 121 94 2 171 97 63 45 166 58 45 57 82 36 147 28 40 119 131 63 100 126 93 116 148 151 21 53 67 82 15 157 75 154 180 142 13 48 161 56 27 74 151 150 136 122 30 148 157 16 128 147 153 46 110 99 47 128 113 40 33 141 29 42 120 21 163 141 168 116 149 79 139 55 139 79 116 60 103 24 145 87 114 122 51 116 59 37 155 148 27 113 162 19 54 91 50 118 171 36 5 54 178 174 99 156 53 140 50 149 118 160 133 164 119 75 64 37 175 159 165 101 77 157 148 64 160 35 40 26 32 135 12 136 103 84 125 159 58 109 77 119 139 115 103 175
0.3
0.2
0.2
0.4
0.2
0.3
0.2
0.3
0.2
0.3
0.3
0.3
0.2
0.3
0.2
0.4
0.3
0.4
0.3
0.3
0.4
0.3
0.2
0.3
0.3
0.3
0.2
0.2
0.4
0.3
0.2
0.3
0.3
0.2
0.3
0.4
0.3
0.2
0.3
0.3
0.4
0.3
0.4
0.2
0.2
0.3
0.3
0.3
0.3
0.4
0.2
0.2
0.3
0.3
0.4
0.3
0.3
0.2
0.3
0.3
0.3
0.4
0.4
0.4
0.2
0.3
0.3
0.3
0.3
0.4
0.2
0.3
0.3
0.3
0.3
0.3
0.4
0.2
0.3
0.3
0.3
0.3
0.3
0.2
0.3
0.3
0.4
0.3
0.2
0.4
0.3
0.3
0.2
0.3
0.2
0.3
0.4
0.4
0.2
0.3
0.4
0.3
0.4
0.3
0.4
