90 12
15
24262
23522
25678
24188
25387
25742
22605
24535
25559
24040
23993
25158
23686
24476
24845
3.4 16.3 563 2.4
1.5 13.4 847.4 1.7
3.3 45.7 52 1.8
3.3 42 805.8 2.3
1.2 48.6 630.8 1.5
3.2 11.7 524 1.7
4.3 33 166.4 1.6
3.6 41.6 802.1 2.4
3.1 32.1 341.5 1.6
1.7 48.8 237.3 2.4
4.2 35.5 199 2
4.8 30.5 702.2 1.9
2.5 19.4 702.8 2.3
2.8 39.7 249.8 2.2
1.4 20.4 615.8 1.6
4.9 26.5 524.7 2.1
4.5 46.1 129.5 2.5
3.7 23.5 458.7 2.2
3.6 18.4 297.4 2
4.3 12.1 72.8 1.9
2.5 35.3 141.7 2.1
1.6 30.6 216.5 2.3
2.5 17 454.3 1.6
4.1 45.6 114 1.9
4.1 42.5 496.9 1.7
2.3 18.9 93.6 2.1
2.8 28.2 258.6 2.4
4 24 799.9 2.3
4 29.7 155.8 2.1
1.9 34.2 381.6 1.6
1.8 19.2 651.9 2.3
1.6 27.4 98.7 2.1
2 15.3 615.9 2.1
5 42.5 205.1 2.2
3.7 31.4 659 2
4.4 34.8 756.8 2.3
4.8 24.5 506 2.1
3.4 17.3 147.7 2.2
3 19.7 936.2 2
2.3 31 287.1 1.6
2.1 15.4 618.7 1.8
3.3 18.4 360.4 1.7
1.3 19.1 727 1.9
2.1 46.3 768.2 2
2.3 38.8 836.7 2.1
3.4 25.1 753.9 2
1.9 35.9 738.8 2.3
1.6 10.8 624.9 2.2
4.7 43.3 815.1 1.9
3.9 10.7 433 2.3
4.7 14.8 834.6 2.4
3.2 20.6 480.4 2
1.5 16.2 125.7 2
1.4 47.4 862.1 2.2
3.2 44 370.4 2.3
4.8 38.2 496.2 1.9
2.4 13 476.5 1.8
3.6 21.8 763.9 2
4.5 26.4 921 1.5
1.1 37.8 851.5 1.5
2.8 34.4 701 2.1
3 30.8 440.6 2.2
2.5 23.4 94.6 2.5
1.3 37.4 687.6 2.1
2.2 31.6 382.8 1.9
1.7 10.7 409 2.2
3.7 15.7 822.2 2
3.4 10.3 537.9 2.1
4.9 18.5 420.5 1.8
3.6 48.3 540.9 1.6
3.3 44.2 895.9 2.3
2.4 49.4 317.4 1.7
2.9 39.5 631.4 2.4
2.1 31.8 744.4 1.8
1.8 39.9 751.6 1.9
4.5 22.5 901.8 2
2.4 35.3 949.7 2.5
3.7 25.5 351.8 2.4
1.2 41.5 330.8 1.6
1 21.2 739 2.3
4.3 40.9 920.3 2
1.4 18.1 415.2 1.7
3.6 29.5 708.3 2.5
2.1 40.2 136.9 2.4
3.6 21.1 124.5 2.2
3.9 46.2 820.6 1.7
1.1 49.2 916.7 1.9
1.5 25.6 154.9 2.3
1.8 49.9 744.2 2.5
2.9 33.9 513.1 1.8
1.5 50 923.4 2.3
2.2 41.1 696.3 2.3
4.9 36.1 503.2 2.2
2.4 36.7 105.2 2.2
2.6 39.2 581.2 2.2
3.1 44.6 554.1 2.3
4.9 26.3 473.8 1.9
1.3 21.1 339.5 1.6
5 48.2 184.3 1.8
2.1 41.3 521.4 2
3.9 27 896.4 2
1.3 38.5 595 2.3
4.8 46.1 736.4 2
1.9 32.9 496.6 2
3.6 34.9 659.7 1.9
2.1 42.7 695.2 1.7
1.4 10.1 533.3 1.9
3.5 46.3 803.5 2.2
2 22.1 384.6 2.2
2 45.6 465.7 2.2
3.5 47.8 71.5 1.6
2.6 15.3 103.8 2.1
3.7 20.2 891.4 1.6
5 10.1 443.6 2.2
5 40.5 231.4 2.1
2.5 38.4 869.8 2.1
2.7 35.7 755 2.4
4.1 15 606 2
1.8 48.3 947.1 2.4
2.3 45 711.2 2.5
2.3 38.7 71.9 1.7
1.2 10.6 93.6 2.4
1.3 35.1 922 1.8
2.7 14.9 71 1.6
4 46.4 852.6 1.8
4.9 27.9 65.9 2.1
4.3 48.8 262.1 1.6
4.6 35 252.2 1.6
5 22.6 237.4 1.7
2.9 16.1 135.4 1.6
3.2 46.5 686.8 2.4
4 31.4 777.2 1.8
2.7 14.6 233.1 1.8
3.8 38.5 676.8 2.3
1.5 29.8 496.7 2.4
4 14.6 936.1 2.2
3.7 26.2 759.9 2.4
1.5 18.4 68.9 2
1.4 18.1 838.8 2.2
3.9 12 144.4 1.6
4.8 46.9 508.7 2.1
4.9 34.7 388.6 2.5
1.9 20 936.9 2
4.6 44.4 319 1.7
1.7 23.2 250.5 1.7
2.5 11.9 628.9 2.4
1.5 27.6 224.5 1.6
1.2 12.3 763.1 2.1
3.7 21.4 221.1 1.9
4.3 38.7 797.6 2
2.7 19.9 379.1 2.3
1.1 45.3 672.7 2.4
1.3 37.4 202.1 1.6
1.1 45.5 385.2 2
3.9 24.6 650.1 2.2
2.4 33.3 658.6 2.1
1 31.5 484 1.5
1.1 21.5 882.1 2.1
3.8 35.4 389.3 1.9
4.8 47.8 327.3 2
1.7 24.6 406.3 1.8
2.9 40.1 414.6 1.6
4.7 44.2 840 2.1
4.7 13.6 227.3 1.5
4.9 22.2 928.5 2.1
1.9 42 601.4 1.6
3.4 42.8 749.2 2.4
3 32 772 2
2.9 29.1 90.7 2
1.3 38.6 644.7 1.6
1.4 45.6 766.1 1.8
1.6 47.2 737.5 1.7
4.4 49.3 795 2.4
2.2 49.6 679.1 2.5
3.9 49.9 700.4 2.4
1.1 38.1 750.6 2.3
3.7 26.5 708.2 1.9
1.8 48 260.4 1.8
3.4 10.6 477.7 1.9
4.7 38.4 190.9 2.2
1.4 43.5 158.4 2
4.8 49.3 68.9 2.3
4.1 30.5 218.1 1.8
4.1 33.9 312.7 1.9
4.2 22.3 257.8 2.5
4.6 25.8 908.1 2
2.7 26.5 543.2 1.7
1.4 34 658.3 1.8
3.8 18.4 863.1 1.9
1.9 49.6 363.1 2
2.9 41.5 177.4 1.5
2.8 33.3 688.7 1.8
2.7 35.8 158.6 2.4
1.3 33.6 755.8 1.9
4.1 21.5 222.8 2.1
4.6 36.3 518.1 2.2
2.1 22.3 453.4 1.9
4.8 47.1 896.4 2.3
2.9 30.1 710.1 2
1.6 13.6 65.2 1.7
5 33.9 899 1.7
1.2 36.8 165.3 1.7
1.9 20.7 274.1 2.2
2.3 13.6 319 2.3
1.9 25.7 736.4 1.7
1.5 42.5 605 1.5
3.4 21.9 238.3 1.7
2.1 34.1 387.5 1.6
3.1 28.8 105.9 2.4
1.2 47.5 269.2 2.5
4.9 46.3 540.8 2.4
4.9 33.8 247.5 2.1
4.3 14.5 381.3 1.8
2.8 35.9 536.7 1.9
3.3 49.9 390.8 2
3.6 25.1 273.2 2.4
1.5 26.5 822.3 2.3
4.9 22.1 240.4 1.7
4 19.2 849.8 2.1
3.7 21.6 528.4 1.6
3 20 451.7 1.6
4.3 18.6 640.5 2.1
4.6 42.7 629.6 2
2.9 45.3 295.7 1.7
3.1 25.2 907.7 1.6
4.5 24.9 869.3 2
2 35.6 854.9 2.5
1.9 21.4 626.7 2
3.3 29.6 868.1 1.7
2 11.2 288 1.7
3.9 35.1 181 1.9
4.9 36.9 314.9 2.5
4.5 16.5 394.1 1.7
2 14.5 128.5 2.2
1.9 30.5 667.7 1.6
3.9 16.9 459.8 2.1
2.8 43.8 161.5 2.1
4.1 32.8 631.9 1.6
2.8 12.8 259.8 2.2
2.5 29.6 407.2 2.3
3.1 39.8 641 2.4
3.4 30 849 1.8
4.6 49.6 87.2 2.5
1 35.6 664.9 1.8
4 22 367 1.9
4.6 24.8 633 1.9
2.6 43.2 835.3 1.7
2.5 35.2 904.3 2.2
1.2 47 456.4 1.6
4 32.2 567.3 1.7
3.4 28.6 73.4 2.2
1.5 28.8 546 1.7
3.2 45.4 641.8 2.1
2.8 46.7 380.6 2.1
1.2 14.8 321.4 1.9
5 19.6 68 1.5
4 36.5 267.7 1.7
4.7 34.9 714.9 1.8
1.1 42.4 834.2 2.2
1.1 45.8 365.4 1.8
3.5 44.8 314.2 1.8
2.7 44.9 636.9 2.2
3 48.4 115.2 1.8
2.5 49 291.3 1.9
3 49.2 384.2 1.6
2.1 47.1 86.4 2.2
3.5 12.2 741.5 1.9
3.9 22.2 930.9 2.5
4.5 32.3 756.8 1.9
4.5 11.1 242.1 2.5
2.2 10.8 261 1.9
2.4 18.7 674.7 2.3
2.6 19.6 485.4 2
2.1 44.9 722.9 2
5 22.6 590.2 1.5
3.2 10.9 529.4 2.3
4.3 44.3 428.7 1.7
4.8 11.7 61.1 2.3
2 30.4 763.3 1.8
3.8 35.7 343.6 1.5
2.6 44.9 712.1 2
1.4 45.3 576.5 2
1.3 36.2 152.6 2.4
4.9 41.1 495.6 1.8
3.1 44.9 283 2.3
2.1 37.3 764.7 2.5
4.4 42.1 512.8 2.3
2.7 13.5 552.1 2.3
2.8 23.4 298.9 2.3
2 42.1 562.5 2.4
2.2 37.5 698.4 2.2
1.5 45 853.1 1.7
2.9 30.7 305.5 1.9
4.9 40.6 621.6 2.1
4.3 20.7 576.5 2
4.9 43.4 616.8 1.7
3 12.8 227.6 2
4.5 43.4 367.4 1.9
3.8 27.8 775.7 2.2
1.4 43.4 716.6 2
3.1 24.6 253 2.3
2.8 41.4 476 2.3
3.4 44.2 744.4 1.9
4.1 18.7 272.1 2.4
1.6 40.8 704.2 2.4
2.3 44.1 163.7 1.9
3.7 31.9 339.4 2
3.8 49.1 481.1 1.5
4.3 17.8 269.3 2.2
1.9 28.4 418 2.4
3.4 37.4 316.7 1.8
1.4 12.4 135.6 1.7
3.5 12.7 641.7 2.1
4.2 10.9 947.3 1.8
1.2 29.8 60.7 1.8
2.1 33.8 569.8 2.3
4.5 20.1 812.4 2.2
3.7 30.6 793.9 2.4
3.4 31.7 634 2.4
4.8 35.8 404.3 1.9
2.8 29.7 614.5 2.1
3.5 18.2 706.4 2.4
1.6 12.4 527.3 2
2.1 18.1 251.2 2.3
2.5 39.6 914.9 1.8
4.8 16 911.3 1.9
1.8 42.6 209.6 2.3
4.2 16.2 517.7 1.6
2.9 32.1 122.5 2.5
2.5 38.7 462.1 2.5
1 17.8 476.8 1.7
2.3 37.6 394.8 2.3
1.6 40.9 662.4 1.6
1.9 14.2 198.8 1.7
1.5 22.3 210.7 1.8
3.1 20.6 758.9 2.3
1.5 47 451.1 2.2
3.5 39.8 87.8 2.3
1.4 22 461.1 1.5
1.6 32.5 398.9 1.5
2.9 16.6 204.8 1.7
1.2 21.1 276.7 2.2
1.8 43.8 408.8 2.2
3.9 27.8 302.2 1.8
3.2 34.7 578.6 2
4.7 34.3 193 2.5
4 33.5 381.6 2.1
1.3 22.4 585.6 2.3
2.1 34.5 914.9 1.5
3.8 13 63.5 1.6
1.9 30.5 376 2.3
4.1 12.5 536.9 1.8
1.3 26.8 411.8 2
4.2 41.8 216.6 2.3
1.7 31.8 663.9 2.2
3.9 19 102.1 1.7
1.1 10.4 464.6 2.4
4.3 12.3 865.8 1.8
4.7 36.2 299.5 1.9
4.5 28.4 308 1.7
3.6 26.3 546.8 1.6
3.9 24.3 255.4 1.6
1.3 33.1 644.4 1.5
2.6 43.8 879.2 2.5
2.9 25.1 100.6 1.9
4.8 45.6 209.6 1.9
1 14.3 382 1.5
1.6 35.6 254.8 2.3
4.9 33.6 351 2.3
2.6 22.1 507.9 2.5
4.9 47.5 657.8 1.8
4.6 32.6 906.4 2.1
1.7 42.9 539.3 2
4.2 40.1 123.5 2.3
2 12.2 284 2.1
3.7 18.3 457.7 2
2.3 11.4 778.9 1.9
4.9 32.9 880.3 1.8
3.1 41.5 326.9 1.7
2.1 25.9 752.5 1.8
2.6 44.1 151.7 1.9
4.5 34.6 775.1 1.9
2 16.2 536.2 1.7
2.3 40.3 409 1.8
4.2 19.9 672.4 1.6
4.7 49.5 570.9 1.7
3.8 47.5 420.3 1.9
4.1 44.9 709.2 1.6
4.5 31.1 835.3 1.7
2.3 44.4 810.3 1.6
3.8 47.6 478.5 2.4
1.2 42.6 546.5 2
3.5 15.3 697.7 2.3
4.5 29 831.3 1.6
1.1 44.4 61.3 1.7
2.8 43.9 939.1 2.1
2.5 20.9 783.2 2.1
1.7 27.6 393.9 1.6
3.2 46.1 916 1.9
2.8 36.3 578.4 1.9
3.6 28.9 128.4 2.4
1.1 27.9 121.5 1.9
4.2 30.9 698.1 2
3.4 13.3 883.5 2.2
2.6 48 433.1 2.4
4.1 36.6 518.7 1.9
4.3 37.1 542.3 2.3
1.9 11.4 779.7 1.7
1.2 26.6 448.5 1.9
2.5 21.7 91.1 2
3.6 22.4 392.7 1.6
3.4 14.4 916 1.5
3.2 25.8 235.6 2.3
2.9 44.2 274.9 2.5
2.6 33.9 102.9 2
3.6 31.9 153.5 1.7
4.1 10.9 217.8 2.3
3.6 33.8 565.8 2.5
4.2 32.1 469.1 2
4.7 49.5 375.3 2.4
3.4 19.4 221.7 1.5
2.4 43.1 291.3 2.3
4.9 19.5 686.4 2.2
2.1 30 535.6 2.5
4.1 41.1 846 1.8
4.4 26.9 347.5 1.7
3.4 41.3 58.6 2.2
3.4 22.7 889.7 1.6
4.8 11.6 779.4 2.2
4.8 33 107.2 2.3
2.9 31.5 429.3 1.8
2.2 29.1 289.8 2.1
1.6 34.5 69.6 1.9
1.8 17.6 54.6 2
2.2 20.6 707.3 2.3
2.7 40 829 1.7
3.6 29.3 790 1.8
3.4 38.5 643.5 2.3
1.9 21.5 574.1 1.8
3.7 42.5 118.2 2.5
1.5 39.5 740.2 2.4
1 27 475.9 1.6
2.7 29.2 214.6 1.9
2.3 34.1 881.9 2.2
3.8 45.1 630.1 1.8
3.9 27.3 907.3 2.3
3.9 30.6 210.1 1.7
3.6 44.9 436.2 2.3
3.5 25.6 929.7 1.8
3 18 434.8 2.4
4.4 17.5 244.5 2.1
3.5 42.8 254.9 2
4.3 22.1 175 2.4
4.7 23.4 75.1 2.1
3.8 32.8 277.1 2
3.6 42.2 835.7 2.1
3.8 24.5 630.7 1.9
2.7 12.9 245.2 1.8
1.4 13.6 552.5 1.8
3.6 35.4 108.1 2.3
4.4 18.2 619 2.2
3.1 15.3 70.6 1.6
4.5 23.9 69.3 2.4
2.2 18 770.3 1.8
2.5 34.5 688.3 2.4
4.4 23.6 620.8 2.5
1.9 11.7 729.2 2
1.1 29.1 201.5 1.7
3.8 13.7 618.4 1.7
3 10.4 876.3 2.3
2.4 43.9 191.4 1.8
1.7 14.8 491.2 1.8
2.2 21.3 864.7 2.3
2.9 41.6 678.3 1.7
4.8 42.6 258.3 1.6
2.7 14.1 841.5 1.8
3.6 16.3 204.7 2.3
4.5 29.1 367.1 2.1
4.9 43.3 586.3 1.7
1.9 21.1 765 2.4
4.9 48.7 603.2 2.3
4.3 19.2 538.9 2
3.5 47.3 141.7 2.1
3.3 12.9 918.5 2.4
4 23.4 212.3 2
4.4 32.3 56.5 1.6
1.6 17.4 501.5 1.6
2.4 43.6 414.5 1.6
4.4 34.8 722.8 2.1
3.7 24.6 940.3 1.9
3.9 44.3 330.2 2.4
3.9 43.6 567.9 2.5
4.6 13 602.1 1.5
4.1 29 737.7 2.3
1.5 46.2 583.2 2.5
3.5 11.3 664.8 2.1
1.4 46 880.3 2.3
2.8 11.2 541 1.8
3.6 33.5 359.4 2.5
2.9 23.2 234.5 1.8
3.4 42.8 698.8 1.9
2.8 41.1 472 1.5
3.2 20.9 711.9 2.4
3.3 30.7 295.6 2.1
3 21.1 389.3 2
1.7 26.5 83.4 2.1
3.9 16.5 608.3 2.3
2.4 11.8 92.8 1.8
3.3 21.4 911.3 1.7
2.8 42 147.8 2.4
3.2 27.4 482.4 2.4
2 20.7 850.3 1.7
2.3 34 274.6 2.4
2.5 32.8 200 1.8
4.3 35.2 832 2.1
2.3 39.7 419 2.2
1.1 26.7 77.9 2
4.6 47.7 659.6 2.4
1.7 43.9 911.8 2
4.9 34.9 629.9 1.6
3.4 38.9 235.4 2.3
4.2 24.5 292.6 1.9
3.6 21.7 241.7 2.4
4.6 44.5 870.6 1.7
2.6 11 817.1 2.2
3.5 16.1 137 1.8
4.7 26.7 200.8 1.7
3.7 49 613.3 2.2
2.7 23.4 423.8 1.7
1.1 13 276.1 2.4
3.3 39.3 899 2.3
1.2 10.2 945.8 2
4.4 33.3 749.1 1.6
3 44.3 57.5 2.1
1.2 36.4 51.1 2
2.3 10.9 165.3 1.9
4.6 21.7 346.3 1.7
3.2 33.2 930.2 2
2.1 41.5 880.1 2.3
2.2 19.3 873.2 1.6
4.3 32.4 55.3 1.6
3.8 13.1 122.8 2.1
4.1 25.5 69.8 2.4
4.7 43 823.1 2.4
3.7 46.3 365 1.9
1.3 47.1 442.2 1.9
2.4 33.6 932.2 2.2
2.3 43.9 262.6 1.5
3.2 19 834.3 2.3
3.4 25.5 411.8 1.5
1.1 10.3 658.2 1.6
2.1 13.4 447.6 2.2
1.5 11.1 370.5 2.5
1.2 37.3 204.7 2.4
2.3 36.8 306.9 2.2
3.2 48.6 183.8 2
2.1 40.3 608.9 2.4
2.2 45.9 273.4 1.8
3.6 19.1 381.9 1.6
2.6 20.1 226.9 2.1
3.2 46.3 244.1 1.6
1.5 18.6 76.9 2.3
1.3 14.8 755.4 2.2
2.2 15 659.3 2.5
5 33.6 181.2 1.6
2.9 10.8 700.8 1.6
3.9 13.6 288.6 2
2.3 12.3 727.9 2.4
1.2 25.4 873.4 2
3.4 18.4 379 2.1
4.7 14.3 815 2.4
2.6 40.1 328.3 1.6
2.6 20.1 109.5 2.2
2.7 49.8 613.2 1.9
2.4 48.7 756.4 2.1
1.8 20.9 612.3 2.4
3.5 41.8 356.3 2.1
3.4 30.6 138.1 2
3.3 35.6 847.1 2
1.3 36.6 946.7 2.2
1.9 38.6 588 2.4
1.4 40.9 713.4 1.6
2.8 49.2 512.8 1.6
4 25.4 674.4 1.6
1.7 45.9 230.9 2.3
1.5 39.7 219.6 2.3
3 17.3 415.3 2
2 11.9 930.9 2.3
3.2 43.7 81.7 1.5
4.3 44.5 816.7 1.6
3.5 27.8 746.4 2.5
1.2 45.2 174.1 1.5
1.2 20.2 704.9 1.6
3.4 38.5 187.5 2.5
3.6 21.5 70.9 2
1.2 34.7 257.7 1.8
4.5 27.1 453.2 2.4
4.6 16.7 254.7 2.1
1.3 22.3 509.6 2.3
2.4 47.1 680.5 2.4
1.7 11.8 879.3 1.8
2.2 39.1 53.1 2
2.6 15 242.3 2.3
3.1 32.6 502.4 2.4
2.3 46.8 537 1.5
3 17.2 76.6 2.2
4.7 27.8 386.2 2.4
1.7 38.3 711.3 2.2
1.6 42.5 287.9 1.9
3.1 42.2 594.2 2
3.9 11.9 933.1 2.5
2 26.6 703 1.8
4.4 18.2 678.1 1.5
2.1 40.1 193.5 2.1
4.3 13.9 502.6 1.7
4.4 36.6 499.3 2.1
3.7 23 426.5 1.6
1.4 26.2 319.6 2
4.3 40.6 948 1.9
3 25 229.7 2.1
3.4 13.1 844.8 2.2
1.5 12.3 702 2
4.1 39.6 153.1 1.8
2.7 49.7 292.6 2.4
3.6 21.9 868.7 1.8
4.9 36.2 754.4 2.3
4.1 12.7 646.1 2.2
1.7 21.7 296.5 2.4
2.3 35.1 831.8 2
2.4 34.3 345.8 2.3
2.9 44.7 807.5 1.6
4 15.3 799 2.1
2.2 17.5 251.5 1.8
2.9 34.1 908 1.9
2.1 33.5 581.8 2.2
4.5 15.3 296.8 2.1
2.1 41.6 330.3 2.3
3.3 12.3 478.4 1.6
1.5 10 122.5 1.8
1.4 21.4 172.8 2.4
2.6 18.6 360.9 2.1
3.5 10.6 933 2.2
3.4 37.4 911.2 2.1
1.9 13.5 941.9 1.9
4.6 26.8 71.7 2.1
1.3 25.7 524.8 2.2
4.3 46.9 738.3 1.9
1.6 41 440.6 2.3
4.9 20.4 276.6 2.4
3.6 39.3 292.4 1.6
4.4 31.4 516.7 1.8
3.8 42.4 74.2 2
4.1 18.1 644.3 2.3
1 47 223 1.9
2.1 33.5 609.6 2.5
3.7 21.4 340.4 2.5
2.6 40.7 449.3 2.1
2.2 45.9 120.9 2.3
3.3 40.4 651.8 1.8
1.6 34.8 203.9 2
4.8 43.6 81.8 1.7
3.7 16.5 294.7 2.4
3.2 42.8 735.4 2.4
4.7 45.4 540.9 2.2
1.2 34.1 250.8 1.7
2.4 48.3 435.4 2
4.3 35.9 252.1 2.4
2.8 21.5 551.9 1.6
3.6 11.9 593.1 1.7
1.6 44.9 784.6 2.4
1.7 49.8 723.4 1.6
2.8 18.6 403.3 1.8
4.4 27.3 412.5 1.7
4.9 19.8 611 1.9
3.7 32.4 555.5 2.4
1.2 30.1 271.6 1.9
1.4 42.2 273.7 2.1
1.9 42.4 664.8 1.5
2.3 26.6 357.3 1.5
3.5 13.8 359.2 2.2
1.6 42.6 560.9 1.6
4.5 14.4 550.1 2.3
4.7 14.9 110.8 1.9
3.5 24 714.9 1.7
4.6 31.2 751.5 2.1
1.2 44.2 856.8 1.9
3.1 28.4 322.8 1.5
2.9 33.5 288.5 2.5
3.7 17.2 381.7 2
3.1 11.1 196 1.7
2.9 37.4 99.4 1.9
2.9 34.8 861.1 1.8
4.7 18.2 514.2 2.4
3.3 15.3 688.5 1.8
4 32.8 614.1 2.3
1.2 30.3 437.2 2
3.1 14.9 156.4 2.5
4.9 38.7 450.1 1.9
2.3 13.9 663.6 1.6
3.3 49.9 166.5 1.6
2.3 16.5 520.9 1.5
1.7 38.4 314.1 1.6
3.6 32.2 797.2 1.6
1.9 34 458.7 2.1
4.2 24.7 893.8 1.6
4 43.4 715.2 1.9
3.3 27.5 686.8 2.4
2.7 45.7 330.6 1.5
3.8 41 937.8 2.1
3.9 17.2 500 2.2
1.6 26 886 1.6
2.2 45.6 468.5 1.7
1.6 31.7 418.3 2.4
2.2 35.5 891.2 1.8
1.6 17.4 256.9 2.3
2.1 42.9 186.3 2
3.5 23.7 838.8 2.1
1.5 34.5 598.2 2.5
4.5 31 773.3 2
4 31.6 87.6 1.8
2.6 42.8 938 1.8
3.8 14.1 165.8 2.1
4.2 41.3 259 2
4.9 24.1 696.7 2.3
3.1 20.6 904.6 1.7
1.9 21.9 526.8 2.3
3.2 24.2 580.4 2
3.2 26.5 811.6 1.9
1.7 47.2 878.9 1.9
1.3 16.6 757.3 1.7
2.8 34.2 349.5 1.9
4.1 44.3 233.9 2
1.6 32.3 477.3 2.3
4.6 17.7 830.3 2.2
4.4 30.6 599.7 1.7
1.3 13.2 776.5 1.5
1.4 14.2 458.7 1.9
4.9 18.5 263.6 1.5
2.3 14.7 191.1 1.6
2.1 22.2 498.9 1.8
4.1 17.8 171.4 1.5
3.2 36.3 893.6 2.3
1.8 37.5 786.6 2.1
3.2 40.8 416.4 1.6
1.7 19.1 285.4 2
3.8 23.1 261.1 2.4
3.5 49.5 198.7 2.4
4 23.1 774 2.3
3.9 40.2 523.2 2.3
3.7 27.1 816.8 2.4
1.3 37.7 906.8 2.3
4.6 31.6 555.7 2.3
4.1 49.3 399.9 1.9
4.2 16 893.2 1.8
3.9 49.3 544.7 1.8
4.7 41.6 885.1 2.4
2.9 31.5 898.6 1.5
2.3 22.2 633.1 2.5
3.5 12.2 256.3 1.7
4.6 25 407.1 1.8
1.3 46.8 574.6 1.5
3.3 30.8 56 1.6
4.5 44.4 172.8 1.7
4.8 12.6 204 2.4
3.9 46 403.8 2.1
3 32.2 333.9 2.2
1.2 32.5 827.7 1.8
4.1 35.2 263.9 2.2
2.6 40.8 93.5 1.7
3.6 37 775.4 2.4
4.2 12.7 711.5 2.2
1.2 22.2 443.8 2.1
1.3 26 413.1 2.3
4.9 39.9 309.4 2
1.4 23.3 862.3 2.1
2.5 44.1 363.3 2.4
3.8 45.7 678.1 1.8
3.6 21.9 696.5 2.4
1.8 25.7 278.3 2.3
3.8 21.4 708 2.3
4.8 10.6 210.7 2.2
3.4 16.9 692.5 2.2
4.6 45.5 787 1.8
3.6 44.9 254.3 2
3 39.1 585.1 2.4
2 17.5 183.3 1.9
3.2 37.4 865 2
4.7 43.9 366.5 1.7
5 45.7 86.1 2
2.5 31.3 882.3 1.9
2 36.8 290.6 2.3
4.3 33.4 181.8 1.7
3.5 22.9 206.1 2.1
4.6 30.6 450.6 2.3
4.1 15.7 231.3 1.8
3.3 22.1 886.5 1.7
3.3 25.5 511.4 2.5
2.7 44.1 790 2.1
1.4 24.7 157.4 1.8
3 24.3 548.2 2.1
2.2 27.3 271.1 2.1
4.6 16.5 512.6 2.2
3.9 27.7 207.2 2.1
1.5 40.1 240.6 2.1
3.9 38.5 653 1.6
3.4 27.5 594.4 1.6
1.4 29.7 562.6 1.5
1.8 48.5 301.4 2
5 36.5 167.4 1.5
4 28.7 177.5 2
3.3 12.5 260.8 2.4
2.4 33 233 1.6
2.6 29.4 180.9 2.2
1.8 36 425.6 2.1
4.3 13.2 170.9 1.7
2.5 39.7 110.3 1.9
1.2 30.6 252.3 2.2
2.7 42.5 535.3 1.7
4.8 19.4 200.7 2.3
2 40.4 413.7 2.4
2.5 17.5 675.7 1.7
4 20.6 158.6 1.8
4.9 47.4 340.4 2.4
4.7 38.5 143.5 1.8
2.2 42.2 924.8 1.7
3.1 48.7 311.1 2
2.1 19.1 292.6 1.7
2.8 34.4 305.6 2.2
4.2 26 74.7 1.8
1.9 24.8 160 1.7
3.9 49.8 297.3 2.1
3.8 28.6 182.1 2.3
4.1 44 444.5 1.9
1.4 27.8 176.2 1.8
4.1 24.9 189.7 1.6
2.9 33.6 671.1 1.7
3.2 32.8 309.2 2.1
3.4 10.7 843.8 1.5
4 44.4 715.6 1.7
3.8 38.3 811.2 1.9
4.6 44.9 817.9 2.4
2.7 29 188 2
1.4 45.6 764.7 1.6
3.3 34.2 570.6 1.9
1.7 24.1 88.1 2.3
4.7 40.4 265.7 2.1
2.9 36.3 382.7 1.7
1 33.3 445.3 2.4
1.6 49.1 381.7 2.4
4.6 29.1 453.4 2.1
2.3 31 666.8 1.8
1 41.9 843.2 2.3
4 13.7 709.1 1.9
2.1 45.1 797.5 1.6
3 49.8 507.5 1.9
2.9 42.4 736.6 2.4
3 16.2 497.8 1.6
2.7 23.4 75.5 1.5
2.6 12.4 86.4 1.6
4 28.5 373.2 2.1
3.7 21.8 767.6 2.3
1.8 20.2 564.7 2.1
3 40.4 613.2 2
1.8 22.2 756.1 2.4
1.4 37.6 277.4 1.9
3.5 19 503.3 1.7
2.4 11.3 873.6 1.9
2.2 27.8 109.3 2
3.2 21.5 688.6 2
2.8 20.6 352.7 1.9
4.7 33.4 161 1.9
3.9 40.2 615.9 1.9
3.5 39.7 783.5 2
3.3 48.5 156.5 1.7
1.7 26 115.9 2.3
2.6 14.6 250.2 1.9
2.1 41.2 492.3 2
4 14 378.4 1.9
2.7 25.9 550.9 2.2
1.6 46 102.9 2
1.8 23.6 184.4 1.6
3 17.8 632.1 1.9
2.3 15.1 858.9 2.4
3.4 39.8 348.6 2.4
3.7 34.6 918.8 2.4
4.6 28.4 796.2 1.8
4.5 37.4 719.6 2.2
3.7 35.3 919.6 1.8
2.8 40.3 669.6 2.1
2.3 19.8 379.4 2.5
3.4 16.9 56.6 2.2
2.9 27.3 684.5 1.7
2.6 20.8 676.7 1.5
3.5 41.5 889.8 2.5
4.3 39.2 419.8 2.5
1.7 37.7 644.5 2.2
1.3 22.4 153.6 2.3
3.7 38.3 485.4 2.3
4.2 37.2 762.3 2.1
3.4 28.8 283.4 1.9
1.4 27.3 412.1 2.2
4.3 11.1 215.6 1.7
3 30.8 586.2 2.4
3.4 47.2 391.9 1.8
1.2 29 545.3 1.6
4.3 35.7 164.9 1.6
3.7 34.1 64.9 1.8
3.1 27.8 428.8 2.4
4.9 38.8 494.4 2.3
2.2 11.8 826.6 1.8
2.5 27.8 723.1 1.8
4.1 35 484.2 1.5
3.9 35.3 917.2 1.9
3.6 22.1 155.9 1.8
3.6 10.5 782.3 2.3
3.9 49 394.6 1.7
1.1 43.7 832.1 2.5
4.9 42.9 910.1 1.8
1.9 44.8 641.3 1.9
2.6 13.1 601.3 2.5
1 22.7 530.6 1.7
3.2 26 829.6 1.5
2.4 28.6 717 2
4.9 10.8 222.6 1.9
1.5 45.8 259.2 1.7
4.7 44.4 419.1 2.4
3 13.2 592.9 1.8
2.6 48.2 260.7 2.4
3.5 45.1 414.4 2.5
4.2 38.6 615 2.2
2.3 26.7 727.6 2
1.2 39 469.4 2.3
5 19.2 335.2 1.8
2.6 41.3 455 2.1
1.4 10.6 179.4 1.8
3.1 32 330.9 1.6
2.1 46.1 656.7 2.2
1 30.7 590.4 2
2.8 23.6 731.3 1.7
3.7 18.3 636.6 2.2
4.6 40.9 330.6 2
4.6 27.2 638.3 2.1
2 43.5 883.9 1.9
3.2 18.5 517.3 1.8
3.7 32.3 253.4 1.9
4.4 38.9 264.5 2.1
1.1 11.7 152 1.6
4.4 49.9 204.3 2.3
4.1 31.2 512.2 1.6
3.8 18.1 528.4 1.5
3.3 10 135.7 2
2.2 27.6 889.4 1.5
4.4 13.8 702.3 2.3
1.5 15.6 908.8 1.5
4 34.3 371.1 2.2
1.8 34 673 1.9
1.3 11.3 211 1.5
2.5 49.4 86.1 1.6
3.2 24.7 588.1 1.9
2.7 24 900.1 1.8
3.6 34.6 554.8 2.4
2.5 31.9 188.2 2.2
3.5 31.9 907.8 1.7
3.5 36.5 518.9 1.8
3.1 21.7 757.5 2.1
2.9 30.6 885 1.7
2.3 17 267.1 1.6
3 33.3 458.6 1.9
4.3 19.5 570.4 2.5
3.5 30 873.9 1.6
1.9 49.3 698.9 1.9
4.7 17.9 319.9 2.2
4.4 28.5 578.1 1.8
3.2 18.6 413.7 2.3
2 40.3 281.6 2.2
3 48.5 800.8 2.2
3 16.3 841.4 2.5
4.5 30.3 176.4 1.8
1.6 19.8 545.9 2
4.1 23.8 556.6 1.8
1.4 49.5 811.5 1.9
1.7 42.3 525 2.4
4 11.6 151.6 1.8
2.7 10.2 182.4 2.3
2.2 19.2 442.4 2.3
1.3 21.9 874.9 2.4
1.5 37 323.3 2.4
4.1 48.8 678.7 2.2
3.4 13.4 281.4 2.4
1.9 23.1 556.5 1.5
2.3 27 471 2.2
2.4 19.8 605.2 1.9
2 14.1 539 1.9
1.5 17.3 708.7 2.3
1.8 25.7 710.8 2.2
4.5 13.5 803.9 1.9
4.2 30.7 617.4 2.2
1.8 20.2 853.2 2
4.8 46.7 244.8 1.6
2.6 15.8 72.2 1.7
2.5 14.7 77.6 1.6
1.2 12.9 555 2
4.9 32.7 100.2 1.9
2.3 34.9 463.2 2.1
1.9 30.8 596.7 1.8
1.6 37.9 814.9 2
3 14 723.6 2.1
2 13.7 608.4 1.9
2.1 37.2 52.9 2
3.7 29.1 547 2
3.1 30.4 933.8 2.4
1.7 49.3 776.1 1.9
4.5 15 277.7 2.1
5 41.1 918.4 2.1
2 25.7 871.7 2.2
3.8 46.3 376.1 2.4
2.3 47.4 474 2.2
1.7 11.8 202.1 2.4
4.4 49.8 344.1 2
4.6 35.6 413.5 1.9
1.7 22.6 309.8 1.9
4.8 46.1 791.6 2.1
2.6 49.7 76.2 2.2
2.7 33.9 455.7 2.5
4.5 18.4 224.5 1.9
3.3 23.3 317.7 1.5
2.2 40.8 915.9 1.9
3.4 25.9 528.3 1.6
3.2 39.6 215.4 1.6
2.8 25.5 379.6 2.2
4.4 38.5 292.4 1.5
3.5 13.6 947.3 2
4.4 46.1 125.8 2.2
1.1 41.7 557.6 2.3
4.2 36.7 370.3 2.3
1.4 11.6 681.8 1.7
2.7 21.4 709.4 1.9
4.9 38.2 110.9 2
3.2 13.2 661.5 1.6
2.3 16.9 773.6 2.5
2 30.4 588.1 1.8
4.1 35.7 596.2 1.9
3 30 61.1 1.6
3 34.2 349.5 2.4
3 32.5 591.4 2.2
5 17.1 153.8 1.9
2.3 32.5 859.6 1.6
2.7 17.6 227.8 1.8
1.4 15.9 844.7 1.7
3.6 26.4 397.3 1.8
2.1 21.7 940.3 2.2
3.7 48.3 791.6 1.9
4 31 833.1 2.1
4.2 33.5 485.8 2.2
3.7 48 488.1 2.4
2.8 25.7 130.2 2.5
3.5 14.8 495.6 2.5
1.8 46.8 720.1 2.3
4.4 15.1 493 1.5
2.6 36.1 819.5 1.5
1 45.2 853.8 1.6
4.5 46.1 593.2 2
3 26.6 433.6 1.7
1.1 17.7 307.9 1.7
3.6 47.2 830.7 2
3.7 24.3 448.9 2
3.8 19.5 601.1 2.2
4.8 13.4 91.4 2.4
2.2 25.6 257.5 1.6
4.7 27.2 709.2 2.2
1.3 41.3 468.4 2.3
4.3 11.9 669.2 1.8
4.4 12.3 759.3 1.5
4.1 41.4 661.4 2.1
4.3 33.5 344.1 1.5
4.4 36.7 701.8 2.4
3.6 36.7 96.7 2.4
4.8 28.2 391.4 2.5
4.4 17.1 833.8 2
1.1 19.5 302.2 1.7
4 42.3 406.4 1.7
2.7 22.8 149.8 1.8
2.7 28 319.2 2.5
4.1 48.2 940.5 2.4
4.8 29.2 144.6 2.3
1.4 31.4 309.6 2.2
3.8 18.3 581.1 2
2.2 26.3 934.8 2.4
4.2 34.1 278.4 1.8
2.6 48.1 355.9 1.8
2.8 47.1 525.6 2.1
2.3 21.9 260.3 1.7
2.8 12.4 789.8 2.4
3.7 40.3 55.4 2.3
2.9 16.6 249.4 2
4.2 29.4 712 1.8
2.4 29.2 194.8 1.6
1.6 38.2 165 1.8
1.8 16.1 800.6 2.1
4.5 29.2 534.9 2.3
4.8 43.2 520.4 2.4
1.8 26.9 732.3 2.4
1.6 22.9 703 1.8
1.7 15.9 259.2 2.4
4.9 34.8 287 1.9
4.9 15.4 83.2 2.3
1.1 36.7 157.3 2
1.1 46.5 427.7 2.2
4 40.6 54.6 1.9
1.6 11.2 272.4 2.5
3.8 32.5 610.2 2.4
2.4 43.6 127.7 2.1
1.3 15.6 494.9 2.2
4.6 37 867.1 1.8
3.5 38.1 696.7 1.6
2.7 15.2 357.8 2
4.7 34.7 278.3 1.7
2.2 21.5 914.6 2.1
2.1 33.6 174.6 1.9
1.8 33.3 270.9 2.3
2.4 35.3 403.2 1.5
1.6 48 274.3 2.5
3 30.5 846.7 1.9
2.9 14.8 818.1 1.7
2.8 15.3 771 1.8
2.2 33 540.8 1.5
3.7 28.3 876.6 2.3
2.5 22.1 311.1 1.5
3.1 17 354.6 2
4.2 11.8 178.6 2.5
1.6 23.9 373.3 2
4.5 12.2 765.9 1.8
3.6 29.3 744.3 2.2
1.6 32.7 320.8 1.8
5 49.8 538.9 2.3
1.6 44.9 597.8 2.1
3.1 40.3 506.6 2.3
2.9 33.4 722.4 2.1
3.9 37.3 507.4 2
1.4 38.9 871 1.6
3.4 47.3 802.5 1.8
4.7 41.2 266.2 2.1
1.9 24 446.3 2.1
1.6 30.8 657.2 1.9
4.1 32.4 396.8 2.4
1.2 36.4 567.5 1.6
1.7 24 854.1 2.4
4 35 517.9 1.9
4.4 37.6 137.7 1.5
3.6 18.6 533.8 2
2.1 45 116.4 2
2.5 11.7 187.2 2.3
1.9 37.2 794.7 2.3
1.2 22.3 820.2 1.7
4.2 37.9 844.8 2
1.8 33.6 415.8 2.2
4.9 21.9 524.6 2.2
4.2 10.8 855.5 2.4
3.2 39 304.2 2.4
2.9 30.9 465.5 1.9
2.6 26.5 449.5 1.6
1.8 41 790.5 2.3
3.4 29.4 485.5 1.9
3.1 17.2 834.8 2.3
1.3 13.3 181.4 2.1
4.5 22.9 582.9 2.5
3.4 24.4 892 2.2
1.3 27.6 675.1 1.6
3.7 29.6 311.2 1.5
2.4 21.7 425.8 1.9
4 40.9 560.6 1.8
1.5 17.9 835.2 2.1
1.9 12.7 863.5 2.2
2.7 22.7 473.2 2
4.7 38.1 760.9 2.3
2.4 26.9 713.5 1.9
3.2 46.2 478.5 2.1
3.6 44.2 403.9 1.6
2.7 41.5 345 2.2
2.7 26.6 242.9 1.7
2.7 40.4 581.9 2.1
4.2 11.1 421.7 1.8
3.4 21.5 386.8 1.8
3.2 25.3 586.6 1.8
2.4 21.3 791.8 1.7
1.7 49.5 726.4 1.9
3 48.2 424.9 2.5
1.5 16 259.8 2.3
3.7 38.4 758.1 2.2
4.5 13.3 81 2.3
1.3 47 941.5 2
4.1 29.7 563.7 2.3
2.4 23 124.5 2.5
2.5 35.5 392.1 2.5
1.7 48.4 495.4 1.7
2 33 100.9 1.6
3.6 35.6 76.5 1.8
3.4 29.5 929.7 2.4
2.1 47.7 904.5 1.5
1.5 49.5 322.6 1.8
3.7 43.7 884.6 2.3
4.5 42.6 559.2 1.9
2.6 42.9 423.1 2.3
1.7 49.4 69.4 2.2
3.3 26.3 542.8 2.1
2.8 34 734.2 2
1.4 45 697.8 2.1
3.1 32.3 702.9 2.2
4.9 39.5 395.7 2.3
4.1 27.4 484.4 1.9
1.4 31.8 315.1 1.8
1.1 46.4 526.8 1.5
3.3 46 910.8 1.8
2.1 48.9 815.9 2
3.7 32.2 453.5 1.8
2.3 24.6 121.9 1.5
1.7 45.4 948.5 2.4
4.6 25.7 812.6 1.8
2.3 46.5 506.7 2.2
3.6 43.9 733 1.5
3.1 42.2 131.7 1.6
1.9 45.5 550.6 2
4 36.5 350.6 2.2
2 28 496.6 1.9
4 44.9 666.9 2.3
4.3 10.3 201.1 2.2
1.5 20.1 218.9 1.6
4.9 17.7 260.4 2.5
2.9 10.3 910.3 2.3
4.1 48.7 604.7 1.5
3.8 45.5 417.4 1.7
4.8 15.4 265.5 2.2
4.7 31.5 584.8 1.9
3.2 43.9 741.5 2.4
3.3 16.8 784.8 2
1.5 39.7 576 2.3
2.1 44 456.9 1.7
2.1 35 92 2.1
4.3 24.6 223.5 2.1
1.7 24.3 239.1 1.9
3.8 35.4 592.2 1.9
4.9 46.5 604.2 1.7
1.4 37 945.8 2.4
4.4 23.8 656.8 2
2.4 31.1 228.3 2.5
2.1 49.1 841.8 2.1
1.6 47.5 747.6 2.1
4.7 42.9 514.5 2.5
4.3 17.9 847.6 1.7
4.5 24.9 530.9 1.6
4.3 43.7 817.9 2
1.1 46 106.9 2.4
2.2 23.4 927.9 2.5
2.2 20.3 676.6 2
1.8 12.5 830.2 2.2
2.3 45.9 187.7 2.2
3.4 12.7 276.1 2.5
2.9 47.3 558.5 1.7
3.9 36.2 912.2 1.8
4.2 16.8 838.6 1.6
1.5 41.8 644.2 2.2
4.9 19.4 661.6 1.6
3.6 47.3 599.5 2.3
3.2 20.7 801.5 2.1
2.8 23 384.2 2.5
2.5 33.4 180.1 1.9
3.8 39.6 438.8 2.3
3.6 23.1 623.8 2.3
4.6 21.9 61.6 2.1
3.9 32.4 63.3 1.8
4.4 46 444.5 1.8
4.9 37.3 77.4 1.6
2.8 21.9 470.6 1.5
4.7 27.3 202.1 1.9
4.1 47.7 832.3 1.5
1 33.9 859.4 1.6
4.1 16.3 465.9 1.6
2.2 19.9 402.8 2
3.8 49.6 391.6 1.8
2.9 42.4 432.4 2.2
1.9 10.8 320.6 1.7
4.6 31.3 851.7 2.5
4.3 41.2 532.9 1.6
4.1 34.9 213 1.6
2.4 37.1 918.5 2.3
3.2 39.9 398.9 2.1
2.9 34 277.5 1.5
3.5 22.3 526.2 1.9
2.1 13 497.4 1.6
1.7 29.6 867.5 2.3
3.9 17.3 890 2.4
3 49.3 803.4 1.9
1.1 23.8 506.3 2.2
3.8 47.5 377.7 1.8
2.1 17.5 794.5 1.8
2.1 29.6 516.5 1.6
2.3 24.5 387.4 2.4
2.6 19.6 810.3 2.4
3.1 29.3 659.8 1.6
3.6 45.9 687 1.6
2.5 11.4 133.5 2.2
4.4 14.6 514.3 1.7
2 28.5 906.9 2.1
2.3 43.7 913 2.1
3.8 35.6 942.3 2.1
4.1 23.7 910.6 1.5
4.1 27 381.1 2.3
3.1 39.6 634.4 1.6
1.2 12.7 208.9 1.7
4.5 36.2 295.9 2
3.2 47.4 373.7 2
2.9 14 625.2 2.3
1.4 38.9 766.9 1.9
4 36.7 874.1 1.6
4.7 10.8 753 1.6
4.7 33.5 517.1 2.3
4.2 16.8 700.6 1.5
5 37.7 713.5 1.8
4.2 37.1 728.4 2.3
1.6 47.8 740.5 2.3
1.4 49.7 203.8 2.5
1.9 27.7 51.5 1.8
2.9 23.9 884.3 2.5
1.2 31.2 937 1.6
1.8 32.2 284.3 2
1.5 32.6 645.5 2.5
2.7 38.4 741.9 1.8
2.1 43.5 240.2 1.6
2 11.3 940 1.8
1.6 20.3 501.3 2.2
4.6 34.7 600.8 1.8
4.5 49.9 286.4 2
4.2 14.3 175.3 2.3
4.5 39.3 72.7 1.7
3.2 11.5 121.7 2.2
1.2 15.2 843.3 1.8
4.2 20.4 406.4 1.9
1.3 16.1 398.8 2
1.8 24.2 169.8 2
4.8 36.1 693.2 1.9
1.5 47.5 184.5 2.1
3.5 13.8 657.8 1.6
4.9 25.5 319.4 1.8
2.4 16.9 794.9 1.8
2.1 13.9 155.5 1.7
2.7 45.5 716 1.8
4.7 42.3 128.4 1.8
1.7 21.3 366.4 1.9
2.6 31.7 600.8 1.6
5 39.6 223.6 2.1
0.4 0.4 0.2 0.3 0.2 0.2 0.2 0.2 0.4 0.2 0.2 0.3 0.4 0.2 0.2 0.4 0.3 0.3 0.3 0.2 0.4 0.2 0.2 0.3 0.3 0.4 0.2 0.2 0.3 0.2 0.3 0.2 0.4 0.4 0.3 0.2 0.3 0.2 0.3 0.3 0.2 0.3 0.4 0.2 0.2 0.3 0.4 0.3 0.2 0.3 0.3 0.3 0.2 0.3 0.4 0.3 0.4 0.2 0.3 0.3 0.3 0.3 0.2 0.2 0.4 0.3 0.3 0.4 0.3 0.3 0.3 0.3 0.2 0.2 0.3 0.4 0.3 0.2 0.2 0.3 0.3 0.3 0.3 0.2 0.3 0.3 0.3 0.3 0.3 0.2 0.3 0.2 0.3 0.3 0.4 0.3 0.3 0.2 0.3 0.3 0.3 0.2 0.3 0.2 0.3 0.2 0.2 0.3 0.2 0.3 0.4 0.2 0.3 0.4 0.4 0.2 0.2 0.3 0.4 0.4 0.3 0.3 0.3 0.2 0.3 0.3 0.3 0.3 0.4 0.3 0.4 0.3 0.2 0.2 0.4 0.3 0.2 0.3 0.4 0.4 0.3 0.3 0.3 0.3 0.3 0.2 0.4 0.4 0.3 0.3 0.4 0.3 0.2 0.2 0.3 0.3 0.3 0.3 0.4 0.4 0.3 0.3 0.2 0.2 0.4 0.2 0.3 0.3 0.2 0.2 0.3 0.4 0.2 0.3 0.3 0.4 0.3 0.4 0.4 0.3 0.3 0.2 0.3 0.3 0.3 0.2 0.4 0.3 0.3 0.3 0.3 0.2 0.3 0.3 0.4 0.2 0.3 0.3 0.4 0.3 0.4 0.3 0.2 0.4 0.3 0.3 0.3 0.3 0.3 0.4 0.2 0.2 0.4 0.3 0.3 0.2 0.2 0.2 0.2 0.3 0.3 0.3 0.3 0.3 0.3 0.3 0.3 0.3 0.2 0.3 0.2 0.3 0.2 0.4 0.3 0.4 0.2 0.4 0.4 0.3 0.4 0.3 0.3 0.3 0.4 0.3 0.4 0.4 0.3 0.2 0.3 0.2 0.3 0.3 0.3 0.3 0.4 0.3 0.3 0.2 0.3 0.3 0.2 0.4 0.2 0.4 0.3 0.3 0.3 0.2 0.4 0.4 0.4 0.2 0.3 0.3 0.4 0.2 0.3 0.3 0.4 0.4 0.2 0.4 0.3 0.3 0.3 0.2 0.2 0.3 0.2 0.4 0.2 0.3 0.4 0.3 0.2 0.3 0.3 0.3 0.2 0.3 0.4 0.2 0.4 0.3 0.3 0.3 0.3 0.3 0.2 0.2 0.3 0.3 0.4 0.2 0.2 0.2 0.2 0.3 0.3 0.3 0.4 0.2 0.3 0.2 0.2 0.2 0.2 0.3 0.4 0.2 0.4 0.2 0.3 0.3 0.3 0.2 0.4 0.3 0.3 0.2 0.2 0.2 0.2 0.4 0.2 0.4 0.4 0.3 0.3 0.3 0.3 0.2 0.3 0.4 0.2 0.2 0.4 0.3 0.3 0.4 0.4 0.3 0.4 0.4 0.2 0.2 0.3 0.4 0.4 0.4 0.4 0.3 0.4 0.3 0.4 0.4 0.3 0.3 0.4 0.4 0.2 0.3 0.3 0.3 0.2 0.2 0.2 0.3 0.3 0.2 0.4 0.2 0.2 0.4 0.3 0.4 0.3 0.4 0.3 0.3 0.3 0.2 0.3 0.3 0.3 0.2 0.3 0.4 0.3 0.2 0.2 0.4 0.3 0.4 0.3 0.2 0.3 0.3 0.3 0.3 0.3 0.2 0.4 0.4 0.2 0.3 0.2 0.4 0.3 0.3 0.3 0.3 0.3 0.3 0.3 0.3 0.3 0.2 0.2 0.3 0.3 0.3 0.2 0.4 0.3 0.4 0.3 0.3 0.3 0.2 0.3 0.4 0.3 0.3 0.3 0.2 0.3 0.3 0.4 0.3 0.2 0.3 0.3 0.3 0.3 0.2 0.4 0.3 0.3 0.4 0.4 0.4 0.3 0.3 0.4 0.4 0.3 0.3 0.4 0.3 0.3 0.2 0.2 0.4 0.2 0.4 0.3 0.3 0.4 0.3 0.3 0.3 0.3 0.2 0.4 0.3 0.2 0.3 0.2 0.4 0.4 0.4 0.3 0.2 0.2 0.4 0.3 0.3 0.4 0.2 0.3 0.2 0.3 0.4 0.2 0.3 0.3 0.3 0.3 0.3 0.3 0.3 0.3 0.3 0.4 0.4 0.4 0.2 0.2 0.3 0.3 0.4 0.4 0.3 0.4 0.4 0.3 0.3 0.3 0.4 0.4 0.3 0.3 0.3 0.3 0.3 0.3 0.3 0.2 0.4 0.2 0.3 0.3 0.4 0.2 0.3 0.2 0.2 0.4 0.3 0.3 0.3 0.4 0.2 0.2 0.3 0.4 0.3 0.2 0.2 0.3 0.3 0.2 0.4 0.2 0.4 0.2 0.3 0.3 0.4 0.2 0.4 0.3 0.3 0.3 0.2 0.3 0.3 0.3 0.4 0.3 0.2 0.3 0.2 0.4 0.4 0.3 0.3 0.2 0.3 0.3 0.4 0.3 0.3 0.3 0.2 0.2 0.2 0.2 0.3 0.3 0.2 0.2 0.3 0.3 0.2 0.3 0.3 0.4 0.2 0.2 0.3 0.3 0.3 0.3 0.3 0.2 0.3 0.2 0.3 0.2 0.3 0.2 0.2 0.4 0.3 0.2 0.3 0.4 0.4 0.3 0.3 0.4 0.4 0.4 0.2 0.3 0.3 0.3 0.3 0.3 0.2 0.3 0.3 0.4 0.4 0.2 0.3 0.3 0.2 0.3 0.3 0.2 0.3 0.4 0.4 0.2 0.3 0.2 0.3 0.2 0.4 0.3 0.3 0.3 0.4 0.3 0.4 0.4 0.3 0.2 0.3 0.3 0.2 0.2 0.4 0.4 0.4 0.4 0.3 0.4 0.4 0.2 0.3 0.2 0.2 0.2 0.3 0.2 0.4 0.3 0.2 0.3 0.2 0.3 0.3 0.4 0.2 0.2 0.3 0.4 0.4 0.3 0.3 0.2 0.4 0.2 0.3 0.2 0.4 0.3 0.3 0.2 0.3 0.3 0.3 0.2 0.2 0.2 0.4 0.3 0.3 0.2 0.3 0.3 0.3 0.3 0.3 0.2 0.2 0.3 0.4 0.3 0.4 0.4 0.4 0.4 0.3 0.3 0.3 0.3 0.2 0.4 0.2 0.3 0.2 0.4 0.2 0.4 0.2 0.2 0.4 0.2 0.3 0.4 0.3 0.4 0.2 0.4 0.4 0.3 0.3 0.2 0.4 0.4 0.3 0.3 0.3 0.3 0.4 0.4 0.2 0.3 0.4 0.3 0.4 0.4 0.3 0.3 0.2 0.3 0.2 0.3 0.4 0.3 0.4 0.3 0.3 0.3 0.3 0.2 0.2 0.2 0.2 0.3 0.2 0.3 0.3 0.4 0.4 0.3 0.3 0.2 0.3 0.3 0.3 0.3 0.3 0.2 0.3 0.4 0.4 0.3 0.2 0.4 0.4 0.3 0.4 0.3 0.3 0.3 0.4 0.3 0.3 0.2 0.3 0.3 0.4 0.3 0.4 0.3 0.2 0.3 0.2 0.4 0.3 0.2 0.4 0.3 0.4 0.2 0.4 0.4 0.3 0.2 0.3 0.2 0.3 0.3 0.3 0.3 0.3 0.4 0.3 0.4 0.4 0.2 0.4 0.2 0.3 0.3 0.2 0.3 0.3 0.3 0.3 0.2 0.3 0.3 0.2 0.3 0.2 0.2 0.3 0.4 0.3 0.3 0.3 0.3 0.4 0.2 0.3 0.3 0.3 0.3 0.3 0.3 0.4 0.2 0.3 0.4 0.3 0.3 0.4 0.2 0.3 0.4 0.2 0.3 0.4 0.2 0.3 0.4 0.3 0.4 0.3 0.2 0.3 0.4 0.4 0.4 0.3 0.4 0.2 0.3 0.3 0.4 0.4 0.4 0.4 0.4 0.3 0.4 0.2 0.2 0.3 0.3 0.3 0.3 0.2 0.3 0.3 0.4 0.3 0.3 0.3 0.3 0.3 0.4 0.2 0.3 0.2 0.2 0.4 0.3 0.3 0.3 0.2 0.2 0.2 0.3 0.3 0.4 0.4 0.3 0.4 0.3 0.4 0.3 0.3 0.4 0.3 0.3 0.3 0.3 0.3 0.2 0.3 0.3 0.3 0.2 0.4 0.4 0.3 0.4 0.3 0.2 0.2 0.2 0.2 0.3 0.4 0.3 0.4 0.3 0.2 0.3 0.3 0.2 0.2 0.2 0.3 0.2 0.3 0.4 0.3 0.2 0.3 0.2 0.2 0.3 0.3 0.3 0.3 0.3 0.3 0.3 0.3 0.4 0.4 0.3 0.3 0.4 0.2 0.2 0.4 0.4 0.4 0.2 0.4 0.3 0.4 0.3 0.3 0.3 0.3 0.3 0.3 0.3 0.3 0.3 0.2 0.3 0.3 0.2 0.3 0.4 0.4 0.3 0.4 0.3 0.3 0.3 0.2 0.3 0.3 0.3 0.3 0.2 0.3 0.2 0.3 0.3 0.4 0.2 0.4 0.3 0.3 0.4 0.2 0.3 0.2 0.2 0.3 0.4 0.3 0.3 0.4 0.3 0.3 0.2 0.3 0.2 0.3 0.2 0.3 0.3 0.3 0.4 0.2 0.3 0.3 0.3 0.2 0.4 0.2 0.3 0.3 0.4 0.2 0.2 0.2 0.2 0.3 0.3 0.4 0.4 0.3 0.4 0.3 0.4 0.3 0.4 0.3 0.2 0.3 0.3 0.4 0.4 0.3 0.3 0.3 0.3 0.3 0.3 0.3 0.3 0.4 0.3 0.3 0.3 0.4 0.3 0.3 0.3 0.3 0.3 0.3 0.4 0.4 0.3 0.2 0.4 0.3 0.2 0.4 0.3 0.3 0.2 0.3 0.3 0.3 0.2 0.4 0.2 0.4 0.3 0.2 0.3 0.4 0.2 0.3 0.4 0.2 0.3 0.3 0.3 0.3 0.3 0.2 0.3 0.4 0.4 0.3 0.3 0.3 0.3 0.3 0.4 0.2 0.3 0.3 0.3 0.3 0.3 0.4 0.3 0.2 0.3 0.3 0.3 0.3 0.3 0.3 0.4 0.4 0.2 0.3 0.3 0.3 0.2 0.2 0.3 0.4 0.2 0.3 0.4 0.2 0.4 0.2 0.3 0.3 0.3 0.3 0.3 0.3 0.3 0.3 0.2 0.4 0.3 0.3 0.3 0.4 0.3 0.3 0.4 0.4 0.4 0.3 0.4 0.3 0.3 0.4 0.3 0.2 0.4 0.3 0.3 0.3 0.3 0.3 0.3 0.3 0.3 0.3 0.3 0.2 0.3 0.3 0.3 0.4 0.3 0.4 0.2 0.4 0.4 0.2 0.4 0.4 0.2 0.4 0.2 0.4 0.3 0.4 0.4 0.2 0.3 0.2 0.2 0.4 0.2 0.3 0.2 0.4 0.2 0.2 0.3 0.3 0.4 0.3 0.4 0.4 0.4 0.3 0.3 0.3 0.4 0.2 0.3 0.2 0.3 0.4 0.3 0.3 0.3 0.2 0.2 0.2 0.3 0.3 0.3 0.3 0.2 0.3 0.3 0.3 0.3 0.2 0.2 0.2 0.3 0.2 0.3 0.3 0.3 0.3 0.2 0.2 0.3 0.3 0.3 0.3 0.3 0.3 0.4 0.3 0.4 0.3 0.3 0.4 0.3 0.3 0.2 0.3 0.3 0.4 0.3 0.4 0.3 0.3 0.3 0.4 0.2 0.3 0.3 0.2
180 37 12 176 48 172 60 135 111 59 154 149 108 41 110 85 47 111 130 174 124 162 17 3 180 148 74 29 127 127 48 168 36 173 153 26 97 23 41 39 166 63 25 37 147 143 141 116 74 170 85 76 78 143 139 29 164 139 25 76 179 110 116 87 104 13 137 66 106 37 11 170 10 147 172 21 40 156 151 96 108 176 150 97 132 53 170 38 158 21 113 170 55 121 93 51 105 36 91 31 70 59 4 98 47 103 68 63 1 99 102 148 111 40 67 76 90 65 7 136 175 116 177 96 106 45 22 82 171 82 91 89 153 173 122 110 60 13 120 26 101 85 51 88 22 17 13 44 101 65 92 70 23 112 111 78 83 48 5 76 119 32 1 158 64 24 71 73 24 99 30 7 28 144 126 44 81 115 47 39 70 154 139 62 145 50 180 136 43 125 164 179 75 76 109 74 84 94 69 50 163 26 156 119 68 103 128 127 14 87 41 33 92 50 119 126 131 43 129 139 99 58 95 91 131 115 156 144 160 115 46 117 149 50 24 140 150 113 79 50 19 38 141 111 10 62 27 11 117 89 143 33 47 118 71 10 22 146 100 75 167 65 74 112 167 145 21 179 46 43 84 157 140 101 160 175 37 162 86 8 69 141 166 81 26 160 13 144 70 127 108 131 4 107 32 138 52 149 167 28 158 161 162 164 98 59 115 78 9 74 62 179 114 173 162 77 173 14 56 161 167 141 180 33 179 72 5 78 141 119 120 29 51 142 17 145 113 79 109 88 92 146 119 77 97 146 152 121 121 13 53 8 117 17 65 79 43 99 79 16 30 137 119 126 30 125 51 5 82 102 71 102 180 125 154 161 179 75 138 129 137 14 29 118 80 166 33 127 66 31 10 55 137 97 100 83 28 163 69 49 79 154 118 124 23 56 179 150 135 173 129 39 71 87 150 53 28 83 11 110 35 106 90 172 10 90 77 11 163 157 101 70 1 151 111 103 10 6 27 107 158 138 132 180 70 25 10 64 15 81 37 111 38 114 104 6 143 11 73 108 87 135 73 77 158 154 98 31 89 155 173 8 100 81 54 62 111 158 68 22 61 83 63 40 171 171 104 26 143 48 56 2 4 95 151 41 153 87 120 98 72 95 77 48 52 141 133 163 123 38 2 84 27 110 60 108 70 161 31 127 38 64 40 88 168 125 179 16 123 2 155 101 98 56 103 147 76 85 178 110 78 106 26 85 108 125 146 72 25 122 56 60 149 70 81 99 2 53 132 136 62 18 59 40 85 41 4 100 118 55 178 82 131 50 165 44 57 131 46 147 64 17 154 167 43 119 43 75 55 24 100 11 132 133 59 113 114 35 1 42 141 33 145 68 27 130 100 143 132 5 82 116 101 15 141 164 139 76 90 18 132 161 129 58 176 40 95 80 112 68 14 82 142 136 53 92 84 117 40 10 134 174 52 114 4 103 180 82 116 170 95 151 113 51 74 38 51 52 7 39 58 158 162 160 152 101 130 110 151 162 164 140 36 24 132 156 57 110 2 80 18 80 170 154 124 177 7 104 170 139 151 95 35 29 62 109 57 79 137 109 94 1 6 127 94 52 3 7 112 107 8 145 67 58 105 172 162 128 133 101 61 63 42 24 145 33 147 138 163 171 112 78 136 116 4 32 151 42 47 172 156 124 25 115 54 76 140 82 16 108 97 51 92 71 74 68 101 85 30 135 124 173 97 131 172 139 5 132 95 147 145 21 104 152 124 93 144 97 171 61 117 87 59 61 19 12 36 65 113 2 52 22 139 68 94 51 154 10 107 90 137 116 44 79 66 72 15 79 22 136 174 172 6 45 22 7 82 81 80 152 148 42 51 53 69 69 154 144 110 140 85 84 146 76 96 2 75 137 32 4 156 89 67 3 125 11 88 27 32 101 178 4 37 53 105 153 99 2 100 66 135 17 115 125 39 110 79 29 104 33 93 64 167 28 33 99 161 93 91 93 4 12 131 110 36 50 120 113 171 108 7 26 128 40 111 23 110 96 167 173 124 164 108 26 15 140 103 38 103 114 174 175 95 180 66 85 25 26 89 172 44 16 150 136 73 123 48 55 109 112 7 76 45 46 30 83 101 6 138 42 82 6 6 29 6 134 119 57 68 151 51 150 111 66 99 72 63 54 137 98 9 130 174 118 136 96 79 122 13 21 69 40 106 145 28 120 126 95 161 42 103 64 95 26 33 132 106 86 172 72 39 1 16 157 176 45 60 132 87 44 112 82 111 18 70 104 139 141 79 121 144 57 78 160 39 83 124 103 104 95 136 94 126 82 128 142 13 173 30 137 29 107 61 63 18 66 101 92 39 21 102 149 30 154 21 42 90 21 126 148 83 164 58 136 71 138 100 173 61 40 39 159 104 58 82 143 95 105 65 151 125 121 32 72 85 29 116 136 60 119 9 52 58 87 121 15 127 82 39 41 159 9 108 106 75 138 135 27 139 119 115 168 35 107 124 78 143 58 103 75 48 175 124 128 175 17 101 166 50 138 105 122 100 69 58 32 126 32 81 18 73 12 8 156 56 67 155 125 174 140 165 155 148 109 99 150 104 128 151 89 25 14 102 43 154 112 35 145 159 111 93 84 54 180 74 174 121 13 47 85 64 160 166 1 58 74 96 76 136 149 119 58 119 96 130 110 25 23 36 54 15 106 61 36 87 48 4 67 169 21 58 175 80 52 101 170 144 79 60 43 48 148 106 131 81 140 125 51 172 147 173 22 113 163 124 62 10 47 131 40 90 158 132 135 49 173 179 58 84 107 18 141 67 123 46 125 143 57 82 6 159 133 15 153 60 157 148 47 21 40 42 165 15 178 1 25 77 10 128 21 61 59 12 145 95 87 102 2 132 82 108 22 36 58 132 7 156 108 44 141 4 66 61 162 152 49 160 159 55 21 59 84 63 17 160 61 88 43 6 107 135 111 99 129 95 30 93 171 143 70 119 108 2 174 178 19 16 152 26 12 60 33 150 29 35 69 157 155 119 4 6 24 169 38 28 54 178 66 133 123
134 155 126 81 10 73 170 106 169 151 103 104 73 174 127 168 85 143 9 99 64 178 24 55 109 147 50 31 26 20 48 26 127 161 32 89 153 108 78 123 4 164 66 134 151 156 101 10 141 118 144 123 150 78 110 155 66 121 55 57 86 38 158 75 129 10 169 53 53 134 105 141 155 91 7 128 47 133 71 125 46 172 91 37 13 43 64 44 55 167 105 64 37 26 30 49 130 159 113 14 164 148 171 150 141 91 110 8 92 168 22 10 18 10 102 52 17 71 26 91 133 97 112 124 119 27 11 53 23 26 109 24 78 122 93 52 1 129 92 128 42 119 55 85 135 62 11 114 100 144 5 141 9 167 143 109 26 15 27 28 81 77 29 92 21 109 88 11 166 130 106 167 159 110 147 158 93 35 178 153 133 134 128 18 99 67 7 88 152 120 31 123 57 171 1 19 40 3 112 92 129 127 78 92 167 149 89 110 169 95 15 120 30 140 24 66 31 26 68 128 69 13 43 38 87 112 36 157 58 7 130 163 40 172 117 97 162 167 7 165 94 5 14 128 65 76 109 134 77 73 29 97 136 85 102 29 13 163 162 132 122 147 167 107 33 13 27 95 150 15 16 160 154 83 16 40 61 148 149 11 9 29 141 13 175 171 121 132 114 80 14 148 57 148 168 176 41 28 179 164 114 97 111 54 137 159 19 134 137 94 83 166 53 57 94 67 116 63 85 28 159 79 94 109 128 172 44 132 134 159 119 10 151 144 64 143 154 72 98 145 40 151 76 146 2 157 46 144 118 7 150 57 127 149 2 34 10 162 91 131 3 176 162 62 123 74 110 63 27 112 115 59 175 179 44 170 135 15 41 167 78 37 109 54 5 107 4 7 35 24 46 170 55 61 7 109 94 136 110 74 91 138 44 136 44 173 96 140 154 24 165 137 126 170 34 23 97 38 51 142 119 120 101 33 13 142 119 151 31 38 89 86 161 29 100 3 139 165 174 6 131 51 138 66 103 127 169 5 146 27 84 146 30 149 18 30 159 148 178 100 53 152 54 62 19 172 148 65 178 7 61 112 130 85 73 77 134 4 170 111 72 173 142 73 51 25 150 50 4 159 114 168 169 113 119 63 104 47 147 70 151 98 106 120 155 68 165 159 176 122 81 91 60 56 138 99 165 86 165 79 77 17 47 37 2 43 79 54 147 115 162 92 46 91 56 46 30 99 30 82 77 138 112 142 63 34 13 1 141 147 37 62 146 19 69 42 155 117 69 82 133 43 20 21 86 43 162 138 59 29 59 112 10 2 17 106 140 136 152 86 146 70 22 42 140 82 93 150 63 73 74 56 74 102 80 71 120 148 47 157 17 84 86 179 176 117 158 150 146 116 127 60 1 36 66 101 94 29 113 123 126 82 44 135 152 138 137 164 9 71 25 3 108 16 14 151 46 17 68 34 110 76 157 102 97 127 152 167 110 139 3 123 94 167 162 158 36 155 123 20 146 178 42 93 132 73 103 116 120 66 136 160 94 100 106 136 58 41 176 20 24 159 51 141 91 160 54 40 105 84 100 27 15 149 162 90 167 153 147 45 99 101 56 19 163 52 160 86 22 128 39 95 165 68 97 149 132 109 168 154 55 59 77 99 81 140 56 11 159 6 60 23 158 34 36 23 5 121 32 170 83 119 100 88 36 154 79 140 11 25 176 12 157 150 34 31 46 175 69 101 14 111 66 174 134 127 151 53 2 151 158 119 132 133 103 56 66 113 19 141 17 97 178 74 49 134 56 89 27 125 49 13 44 156 76 46 84 143 80 53 134 120 50 82 180 68 135 49 103 123 66 149 156 55 133 96 45 104 163 70 59 174 17 30 122 166 117 80 124 29 92 161 74 32 171 79 9 42 71 72 71 90 90 79 59 10 109 55 102 94 142 124 47 54 18 106 113 67 110 3 48 155 169 73 61 27 88 69 164 127 7 53 91 17 68 99 103 126 165 92 141 167 9 41 14 128 95 47 84 123 158 60 66 139 157 157 79 74 176 34 36 80 24 87 70 85 49 10 25 165 39 40 75 18 53 19 14 55 71 84 17 51 179 69 156 31 3 95 95 83 27 139 113 44 58 115 52 90 68 23 24 12 160 23 159 96 45 69 31 68 154 118 144 54 72 125 86 68 15 47 86 118 1 170 99 34 147 132 78 6 118 62 132 95 109 83 150 42 173 164 102 151 99 50 88 1 50 123 90 15 159 134 81 4 88 12 113 141 80 168 180 152 167 56 3 4 139 151 129 22 84 9 137 118 1 129 136 168 87 142 164 156 152 155 137 89 150 170 9 28 28 40 23 141 7 131 79 152 98 77 14 10 120 122 44 53 139 97 174 37 170 180 6 39 65 51 118 148 71 168 22 107 177 128 103 28 166 69 51 126 106 43 129 28 64 52 103 145 56 73 102 80 18 43 155 73 98 124 59 51 155 50 2 134 164 100 43 144 114 113 84 63 59 73 120 157 98 30 51 179 75 133 138 68 137 104 8 35 154 149 110 74 78 109 145 34 96 70 98 46 60 120 155 31 68 136 169 114 158 172 4 123 89 39 110 120 137 36 130 176 97 151 132 50 130 52 120 72 155 103 155 156 28 41 141 123 136 141 153 138 147 151 5 31 144 13 8 88 92 47 114 143 68 58 101 171 152 111 50 34 6 23 93 63 103 135 147 1 2 103 93 73 43 26 112 173 151 75 75 134 132 53 15 40 87 8 77 92 176 173 122 121 32 156 152 16 141 11 166 111 127 101 102 8 34 10 21 24 77 119 169 143 5 128 121 61 148 17 51 45 51 121 147 99 49 38 7 75 104 84 118 169 14 21 86 131 83 23 164 7 165 34 74 29 96 97 141 140 102 72 50 177 93 48 77 127 59 10 85 132 169 140 136 155 30 19 39 149 94 136 163 109 1 147 101 75 175 124 66 80 98 98 135 60 46 62 177 154 47 121 84 11 32 164 51 78 119 148 99 169 65 155 122 178 62 155 158 132 5 79 75 53 132 77 23 104 3 162 26 178
84 19 75 35 119 15 20 61 125 69 73 1 82 162 72 176 120 71 94 127 22 47 72 19 84 179 17 101 19 173 45 80 34 118 166 142 133 154 102 119 160 45 57 14 65 166 45 151 57 115 134 114 8 77 117 24 159 142 90 122 136 175 33 14 156 147 162 175 173 161 144 96 20 37 34 150 127 4 179 59 55 109 57 40 64 56 163 96 134 38 175 120 21 170 125 90 150 17 95 124 84 152 95 22 96 14 126 18 66 29 128 106 45 9 49 123 128 20 8 17 65 73 132 110 64 169 100 129 128 107 85 25 38 161 125 91 176 141 47 73 149 54 39 180 110 147 39 44 135 4 116 163 84 28 131 141 66 106 82 64 170 30 114 106 29 106 138 35 173 55 104 83 6 147 111 137 33 25 133 116 69 99 3 120 112 64 4 16 58 145 170 148 127 168 100 42 14 20 71 130 123 170 162 169 104 68 141 146 146 21 143 87 75 23 33 76 112 150 109 69 146 37 114 128 149 68 142 4 37 23 123 166 65 121 28 170 108 70 79 77 139 165 8 109 82 18 85 6 113 97 144 57 136 166 116 174 112 123 56 95 160 89 85 87 31 49 119 80 123 54 52 80 91 73 105 103 84 24 90 7 141 112 131 165 118 42 83 36 89 31 79 169 70 16 26 105 43 139 153 97 52 123 155 49 42 13 21 111 149 105 121 133 166 128 5 115 134 74 159 15 66 158 68 156 123 74 165 133 66 63 145 76 62 23 155 126 10 127 170 16 152 180 83 3 157 135 116 163 91 80 32 31 32 129 41 61 117 154 123 8 90 155 64 164 171 35 2 43 159 66 53 32 91 176 131 50 62 158 101 170 179 8 86 176 105 142 25 87 86 22 137 145 63 127 6 161 39 126 125 99 153 94 141 3 75 9 174 97 10 79 167 95 84 155 84 38 27 84 137 125 106 133 124 48 60 148 73 137 64 63 132 177 62 48 176 7 151 136 128 152 89 103 76 54 16 141 52 87 128 122 63 9 90 148 178 22 41 14 175 105 169 55 158 97 30 141 46 152 125 9 149 171 179 58 114 122 137 126 73 96 33 52 148 168 167 100 115 121 132 1 78 118 170 79 180 49 53 180 79 52 136 58 15 123 90 176 64 14 149 85 17 150 141 35 48 54 164 22 77 59 91 78 21 83 63 11 137 76 18 133 151 27 123 123 23 35 78 40 160 23 35 46 36 113 9 25 151 9 14 14 158 45 128 104 165 81 141 6 9 99 103 129 3 31 59 95 1 2 127 42 96 16 111 169 83 149 18 143 165 108 33 63 58 20 33 111 117 145 75 97 78 96 37 52 48 169 59 2 20 51 78 138 117 102 75 89 150 124 169 38 98 142 75 57 11 32 9 88 139 161 179 169 72 131 101 81 122 20 26 116 111 20 32 147 157 20 118 152 60 39 171 128 155 22 132 45 2 101 5 42 49 134 120 54 50 94 43 107 123 113 81 97 31 30 57 78 94 5 165 126 175 163 36 49 5 14 75 51 25 174 92 83 7 124 52 69 139 122 111 129 149 22 119 114 110 91 80 54 34 75 47 131 10 82 7 130 171 156 84 24 3 143 125 69 53 62 99 167 19 171 32 145 28 55 120 127 58 170 85 40 121 131 71 72 179 166 62 154 14 131 94 37 47 84 47 149 27 94 164 108 70 101 8 98 73 134 147 23 123 123 6 139 149 116 96 127 92 173 15 92 66 145 168 149 53 19 1 35 60 63 109 22 71 33 63 99 42 74 167 99 37 74 164 48 113 116 117 78 121 135 87 97 142 156 74 32 29 145 170 19 166 73 89 12 1 121 90 20 51 77 8 54 10 72 70 27 119 99 166 12 29 89 114 6 52 25 99 86 52 96 117 33 95 48 140 10 35 173 78 30 131 96 81 86 123 115 12 150 144 61 101 6 178 36 153 42 128 19 101 167 133 113 94 82 82 85 93 81 23 43 55 164 137 143 150 108 162 146 155 137 105 128 19 148 43 13 85 13 125 114 161 148 98 64 70 60 11 62 15 3 158 37 114 106 16 102 58 81 87 8 53 169 144 64 120 37 138 88 71 91 104 121 115 65 19 14 14 11 128 134 64 99 42 52 63 150 128 106 139 8 44 89 17 176 94 52 106 162 88 112 167 179 60 119 177 2 70 142 103 4 175 173 115 77 79 73 77 68 65 45 145 12 31 60 133 31 101 11 158 125 89 58 147 148 17 51 80 158 137 155 84 4 78 148 156 62 89 38 77 16 60 51 40 38 12 54 8 159 51 123 6 176 173 28 91 44 21 178 79 179 12 142 129 70 49 19 78 138 74 110 131 99 106 38 162 128 45 60 41 131 82 159 85 1 172 27 150 77 65 35 19 162 99 99 19 74 108 121 20 137 72 114 112 71 103 75 67 13 138 91 8 48 49 19 122 97 51 95 18 41 76 10 111 159 145 139 114 60 14 113 94 68 168 157 81 20 4 48 46 139 153 42 174 119 108 44 62 132 59 83 99 23 158 133 3 73 28 175 96 69 61 136 39 113 111 37 12 105 116 22 62 94 86 110 70 67 101 176 36 173 131 119 13 62 43 19 64 101 74 109 167 69 173 147 140 2 4 77 77 65 165 91 106 62 174 112 149 78 160 21 141 127 20 111 30 159 44 148 102 96 19 99 40 130 158 116 36 74 135 170 32 113 59 72 126 127 40 114 76 138 39 38 54 44 63 2 4 58 10 50 106 144 59 131 66 11 175 42 115 93 35 116 21 3 84 45 33 157 27 156 122 63 157 180 154 145 68 116 22 130 176 13 169 171 9 132 66 129 121 180 21 151 129 116 141 16 58 107 122 7 131 118 3 24 171 62 177 7 71 136 74 74 40 157 100 166 168 3 173 8 28 97 69 56 16 104 123 120 57 72 51 21 127 32 157 51 15 120 113 60 88 32 87 76 25 56 26 131 166 92 84 129 52 21 127 115 57 45 71 125 97 162 98 33 37 44 25 125 64 116 118 3 28 112 83 18 129 157 2 130
179 82 73 13 49 58 131 107 91 35 10 88 89 43 59 169 26 139 45 159 123 63 1 117 162 57 140 28 9 104 59 76 171 62 164 4 37 80 1 58 170 51 4 85 131 31 71 142 106 158 64 58 119 26 6 165 158 37 152 156 114 82 132 166 53 113 104 39 28 161 27 174 14 153 13 113 68 165 179 112 116 82 178 119 134 172 27 55 76 127 23 115 16 158 36 165 31 146 170 38 175 12 116 29 2 164 117 180 86 18 23 139 167 135 172 173 75 131 73 154 6 141 7 23 94 110 165 60 92 75 128 66 157 157 75 126 70 116 20 46 16 140 49 29 145 140 4 56 155 47 145 109 167 70 124 106 160 9 176 53 1 4 119 52 96 40 68 130 98 91 168 73 74 33 5 46 158 39 37 157 53 92 102 103 36 177 92 60 4 129 12 89 114 86 109 54 74 70 107 6 68 134 91 75 14 92 168 107 54 60 104 62 17 16 127 66 98 142 30 13 98 11 163 90 107 16 159 41 87 160 43 112 165 88 87 50 112 36 60 20 112 84 59 63 119 70 125 1 60 25 79 92 148 83 48 161 82 40 26 88 150 86 106 166 147 131 145 32 59 137 19 101 148 160 177 27 150 76 16 25 160 60 67 37 54 102 26 149 176 157 121 78 62 141 136 43 84 80 114 33 54 117 138 47 22 172 72 21 35 95 25 47 132 164 83 108 162 70 170 168 107 160 59 158 86 154 81 145 9 112 177 28 123 168 11 119 148 151 27 85 78 90 17 122 114 111 134 82 151 78 160 125 139 167 126 98 172 69 117 49 49 97 47 53 42 27 151 127 85 1 133 7 25 41 118 111 117 6 34 56 44 26 148 131 30 160 127 27 120 101 86 45 67 96 22 87 75 79 30 81 28 54 145 121 110 109 136 22 171 100 100 56 130 159 32 115 150 166 95 157 124 12 53 8 52 146 72 78 157 83 134 13 88 13 80 78 149 83 136 172 94 27 17 6 25 98 126 103 152 154 28 100 167 153 51 30 7 47 176 155 45 11 30 153 30 126 118 104 75 89 85 102 151 31 26 59 163 39 163 56 124 44 76 75 126 18 88 6 52 152 19 71 99 92 93 17 173 27 66 95 32 147 140 167 12 34 108 140 44 24 67 87 120 160 56 170 69 174 146 83 123 134 90 143 91 24 65 13 76 143 15 19 94 162 1 10 137 110 93 68 140 7 84 158 92 12 129 152 160 20 149 42 19 150 45 128 138 152 31 119 51 114 82 69 139 69 63 60 52 26 113 117 97 169 48 161 20 133 94 13 178 12 156 129 172 145 39 172 178 45 40 129 132 70 139 27 121 99 133 158 134 64 26 44 105 110 94 155 9 76 173 95 16 144 49 150 58 79 175 70 166 99 22 36 150 63 43 92 8 43 78 147 134 93 144 21 2 24 7 103 151 43 23 141 152 165 125 73 70 73 6 85 69 149 81 52 5 76 126 136 88 127 55 119 69 165 17 78 111 25 67 13 125 100 120 71 80 106 98 138 48 42 129 138 56 28 75 71 148 118 83 17 91 11 125 134 79 7 73 161 171 54 179 168 78 107 50 59 22 105 177 62 178 59 14 49 144 112 12 25 163 36 18 58 180 54 79 48 72 169 12 60 62 121 9 102 20 71 27 55 155 178 31 82 97 90 42 29 3 4 4 3 64 98 6 89 121 104 141 82 106 180 167 128 86 65 70 134 111 168 141 26 16 110 94 150 40 180 54 141 143 75 50 88 41 174 42 53 134 64 170 59 176 108 80 131 118 11 169 58 155 63 60 118 125 176 59 66 179 113 31 99 25 179 92 150 148 104 37 145 146 174 58 62 21 73 62 14 79 137 55 125 18 31 79 176 171 55 93 71 87 5 46 38 133 44 71 126 95 136 131 115 68 91 136 82 30 44 125 124 11 178 169 18 163 57 35 43 69 12 143 92 80 130 96 135 149 75 160 27 141 69 170 11 150 151 40 165 107 52 43 14 119 140 11 151 43 84 100 14 14 66 94 144 113 61 78 110 153 18 51 136 165 104 166 93 99 176 151 153 170 85 130 159 5 68 86 24 154 125 47 137 130 100 148 136 130 14 137 136 21 174 37 95 114 159 174 84 11 85 56 162 66 75 129 14 46 72 179 94 71 126 40 72 29 58 104 102 173 122 61 47 97 121 56 38 70 50 79 123 60 50 23 42 103 128 41 67 53 115 125 70 146 128 84 74 21 144 52 64 146 27 141 135 139 117 65 126 21 45 160 79 62 9 103 158 70 122 113 69 45 158 74 1 30 151 27 60 120 15 65 9 36 169 89 28 139 167 172 156 54 149 113 180 37 53 40 52 29 69 6 17 133 166 10 132 57 40 160 71 14 105 37 40 124 88 72 16 144 161 81 153 9 86 26 11 174 177 67 134 90 28 173 96 37 171 47 122 25 63 50 61 61 62 108 168 131 164 141 169 119 4 107 42 118 26 112 111 28 61 100 4 135 1 145 102 109 3 106 76 102 154 89 133 107 150 31 98 146 102 78 37 153 66 78 6 168 51 61 125 155 34 52 76 53 36 62 60 24 6 95 112 39 96 135 46 56 132 127 169 161 136 50 150 36 98 37 169 4 95 24 173 6 116 136 38 170 112 123 173 79 156 112 92 117 130 23 26 142 44 7 84 104 158 4 15 89 72 175 86 83 130 138 55 25 150 151 105 97 168 140 81 113 117 45 107 27 133 143 161 100 13 122 160 18 87 102 117 37 44 47 87 155 9 136 50 37 28 129 40 21 5 157 47 91 45 75 63 121 75 178 57 10 120 3 172 139 38 33 148 12 57 130 39 37 142 128 71 160 61 67 10 92 115 80 2 52 142 130 31 26 155 46 16 59 148 102 164 148 71 104 23 165 15 118 109 35 146 115 64 64 177 132 91 132 107 119 106 152 44 133 146 78 36 25 100 125 84 135 35 146 98 162 27 40 35 160 144 104 32 124 119 56 129 64 15 60 5 67 113 166 104 95 119 109 158 26 3 19 170
60 18 47 73 59 40 1 7 99 172 143 102 145 34 16 79 156 81 180 148 129 5 30 157 163 157 52 124 63 81 39 180 39 129 99 25 107 108 47 15 17 179 59 29 138 118 66 148 58 5 134 64 112 42 179 150 61 106 38 28 56 57 175 151 165 5 70 59 48 116 57 92 58 137 117 124 128 171 63 108 167 74 40 170 172 96 4 30 33 119 9 82 49 134 138 155 58 166 33 169 35 57 172 177 21 42 116 43 46 29 161 95 17 133 100 132 131 29 159 121 82 10 41 94 167 38 88 28 62 101 31 24 57 165 19 88 132 48 80 163 12 81 134 176 90 133 107 138 70 170 158 142 98 33 10 25 152 176 92 114 159 105 150 44 146 48 151 134 169 21 60 126 81 97 121 59 19 126 66 138 84 172 87 70 54 121 44 38 104 129 154 89 113 15 86 144 19 131 169 158 40 69 85 168 38 124 81 57 156 92 165 157 6 143 36 95 64 90 157 97 159 177 152 107 50 138 111 87 20 104 115 77 127 150 142 146 53 20 22 167 36 79 142 153 81 178 88 37 43 87 9 128 152 78 150 175 41 7 148 9 168 54 22 92 131 160 142 21 128 118 1 17 103 84 89 130 14 52 74 168 160 34 59 47 134 133 120 68 64 121 57 163 8 150 157 119 80 77 119 42 19 87 31 111 85 103 143 151 27 104 171 161 151 55 8 2 44 38 107 91 151 162 151 82 8 106 58 14 113 15 116 53 74 154 80 132 45 100 33 113 86 175 153 84 118 80 114 60 138 123 171 21 66 36 117 177 40 85 115 36 157 147 69 17 101 26 9 57 159 92 55 130 38 9 144 134 3 146 51 22 28 4 15 130 34 169 164 83 104 153 102 98 137 145 59 167 17 142 65 167 160 175 73 63 67 54 23 69 117 134 113 139 75 40 98 92 122 69 7 61 120 17 39 43 24 38 134 44 38 164 150 25 67 98 57 89 173 86 163 161 168 149 161 14 117 79 151 167 4 67 173 166 4 112 17 31 42 20 93 127 56 103 50 151 83 92 149 61 55 171 37 124 178 41 10 12 107 110 13 82 119 38 47 170 130 2 121 68 108 111 84 124 39 63 3 109 177 9 157 179 64 124 103 106 133 114 174 18 50 32 71 114 24 124 30 58 162 180 15 131 180 59 85 141 62 57 83 27 119 153 138 117 53 134 73 74 75 175 32 21 131 156 1 36 84 134 140 76 150 99 25 22 119 149 81 171 132 2 134 153 19 36 41 16 38 59 109 153 81 16 8 24 42 140 56 53 62 162 8 123 161 174 38 13 126 79 83 113 91 93 15 178 96 74 36 103 174 11 61 55 40 76 75 180 139 161 159 21 6 61 65 113 151 66 71 124 107 147 180 176 26 128 8 143 168 97 142 143 49 13 152 147 155 124 162 102 84 78 172 76 39 79 114 163 114 77 72 36 101 165 84 144 46 26 15 167 38 45 46 148 68 15 156 70 1 112 4 47 163 108 47 147 55 67 93 27 50 151 23 24 19 95 67 28 128 162 139 167 180 137 90 6 17 104 76 35 119 78 147 153 106 130 126 139 27 140 158 159 136 23 36 165 84 156 36 19 60 88 125 14 30 179 83 180 137 25 108 6 159 91 96 109 7 24 56 103 105 136 24 131 6 59 1 1 169 178 171 130 153 57 6 148 115 15 66 40 74 2 15 82 153 117 91 98 7 134 175 124 58 135 108 167 173 94 144 171 62 27 62 53 150 18 75 28 14 110 125 152 172 18 60 140 36 102 151 36 171 74 86 49 109 114 139 137 66 75 101 128 128 49 4 175 58 42 29 12 65 45 6 140 110 103 92 168 10 143 106 28 78 83 152 8 149 112 86 92 107 176 43 178 13 51 126 119 168 123 20 176 162 2 169 111 169 150 53 113 15 154 170 53 122 179 110 144 31 56 84 63 111 9 52 24 89 18 176 141 176 99 40 122 125 25 96 139 27 135 115 4 124 163 153 132 180 25 173 80 23 109 94 169 61 119 180 115 105 81 74 44 102 104 143 176 132 149 87 82 19 171 98 136 13 66 123 93 63 96 54 58 176 15 23 97 45 106 90 110 171 130 91 28 158 100 57 130 158 116 129 144 112 55 44 168 77 40 163 150 163 115 123 158 120 94 7 38 57 27 38 166 164 32 96 73 151 127 73 65 172 89 114 20 109 10 169 167 153 9 174 97 22 104 86 153 100 138 1 112 13 108 130 92 28 168 177 48 44 63 75 60 174 12 144 133 158 77 56 27 47 59 19 91 123 30 132 179 129 74 99 63 31 109 13 30 119 31 74 98 111 143 30 115 7 67 131 3 135 160 123 2 99 132 84 60 135 41 48 136 114 172 70 165 19 93 93 19 154 58 152 32 9 158 70 133 28 166 85 130 179 141 134 48 39 3 151 7 163 120 31 131 125 150 50 122 107 39 38 10 175 41 74 64 136 84 83 131 124 12 135 169 49 9 115 4 4 132 143 45 139 44 96 76 64 42 89 159 112 75 144 45 140 163 64 46 86 145 111 125 125 113 159 173 76 5 35 178 168 63 167 159 116 107 143 22 88 175 93 1 67 104 179 14 79 109 167 124 29 132 4 148 71 73 167 105 93 108 129 177 91 6 87 90 140 128 101 132 179 169 168 164 22 29 2 173 177 3 170 86 150 58 177 74 50 135 109 28 46 101 48 45 64 67 180 117 96 113 122 169 111 115 44 88 170 61 61 150 114 120 175 72 113 73 95 132 132 137 20 114 165 161 147 117 28 144 12 8 170 168 17 174 117 31 84 45 179 18 51 161 150 57 87 120 156 10 78 62 154 76 159 5 44 5 121 135 127 94 6 20 149 69 15 9 164 78 142 145 68 74 74 76 171 29 29 68 109 36 118 180 2 112 52 119 156 91 114 51 168 15 97 8 108 24 138 159 29 97 100 57 40 107 39 142 33 74 32 167 69 113 5 101 36 24 68 61 67 150 127 141 41 125 134 47 87 180 67 115 142 21 169 82 139 100
42 131 135 20 60 110 121 131 136 88 128 111 77 94 167 130 133 58 142 49 33 155 85 51 158 126 83 70 91 76 31 97 88 47 54 30 151 2 123 27 28 34 124 49 38 160 10 22 25 141 142 43 132 71 26 42 153 116 152 100 136 1 87 170 141 87 63 10 103 76 127 153 72 47 158 52 41 175 66 105 5 130 34 152 167 104 84 58 66 173 40 38 27 170 122 37 79 27 25 99 142 157 43 167 98 89 171 64 5 68 165 157 79 11 26 80 86 138 82 68 108 47 114 5 18 14 174 149 136 95 39 127 122 87 13 140 148 131 74 29 163 22 4 133 176 42 79 137 163 99 26 82 174 24 34 60 67 119 38 83 128 84 58 124 12 73 166 91 43 177 175 170 16 119 19 30 175 28 61 17 147 20 83 112 34 151 149 132 31 123 25 115 42 122 21 179 46 102 47 95 167 82 135 73 18 162 120 29 41 147 46 61 131 145 114 25 124 16 50 40 102 67 83 68 34 77 174 135 106 38 80 99 14 13 52 61 87 122 170 37 98 106 82 91 66 60 26 170 123 118 99 5 72 60 174 169 68 117 133 171 114 6 130 84 67 73 49 120 101 137 132 29 97 130 164 8 122 147 80 104 36 158 117 152 40 131 152 67 151 30 98 127 93 66 55 121 122 19 7 15 154 163 110 151 47 126 96 25 59 83 91 37 61 8 49 80 152 83 51 54 20 96 174 60 6 26 9 63 28 155 90 49 127 173 8 83 109 15 68 55 1 50 95 136 134 66 132 94 143 156 62 133 158 166 13 140 93 148 55 52 178 38 17 96 93 5 142 69 28 143 116 75 135 168 91 136 108 154 105 92 159 63 77 2 162 110 35 147 23 57 33 50 107 180 51 146 113 95 153 99 154 79 38 174 134 50 51 136 43 170 41 96 154 95 33 24 39 52 3 140 180 163 16 19 158 3 142 147 91 63 120 156 45 89 139 94 145 153 160 69 107 71 145 166 96 71 117 58 147 60 100 72 101 49 137 30 96 154 126 80 27 112 65 107 122 46 33 175 67 134 83 102 81 71 157 79 179 70 9 19 170 82 93 141 5 82 75 87 76 94 84 60 124 154 13 153 74 108 20 72 9 59 9 133 121 20 101 8 165 116 107 157 10 22 13 11 172 53 14 118 53 68 39 62 73 109 141 66 27 64 36 27 156 127 43 42 150 24 40 133 138 111 18 115 73 14 120 116 45 29 115 164 129 176 134 97 53 64 66 147 61 136 97 176 136 112 137 145 46 53 135 149 70 128 151 108 146 119 27 145 120 102 45 103 33 125 47 77 153 125 100 72 153 160 169 26 8 31 80 82 14 47 101 63 75 42 16 127 53 99 155 59 40 92 136 104 96 44 68 150 5 64 19 79 2 96 51 21 143 148 100 61 102 116 7 140 79 43 125 126 79 40 77 82 81 7 153 112 173 91 97 112 43 6 32 62 160 40 65 167 166 111 67 130 37 57 118 20 140 97 18 78 100 151 88 140 7 58 46 51 33 131 89 32 37 146 123 10 149 115 168 37 176 28 141 157 175 127 127 29 83 6 123 50 43 44 52 15 64 57 1 17 113 173 108 61 120 118 142 21 114 11 155 94 71 98 38 84 83 113 26 146 36 77 135 164 12 64 173 133 34 72 59 20 116 57 95 172 102 161 124 42 101 176 114 40 164 10 93 16 125 141 18 143 109 19 41 31 20 157 117 112 71 43 81 74 109 168 116 68 93 11 77 96 150 79 44 51 176 59 137 77 72 37 12 101 61 110 52 44 71 158 21 133 40 82 162 73 42 53 94 67 174 179 43 168 119 91 37 38 138 103 158 76 152 25 159 65 87 118 117 135 180 66 90 17 91 133 134 122 13 148 38 128 34 42 52 88 17 38 27 4 106 160 81 25 152 144 76 66 81 129 155 88 34 60 169 22 147 156 113 53 39 101 69 37 65 69 71 37 14 89 78 98 108 48 143 16 23 51 17 138 116 47 124 169 121 24 16 159 101 109 2 99 68 39 140 178 89 95 130 31 58 54 161 9 56 143 2 114 58 40 89 38 90 118 36 92 44 99 153 162 127 91 133 113 105 64 161 81 6 139 114 86 13 39 51 95 29 112 77 143 119 51 18 161 114 151 53 19 13 21 108 136 89 78 9 126 74 26 167 45 107 176 67 101 37 54 62 37 100 93 44 155 105 44 26 81 88 62 99 69 174 135 104 128 80 71 7 127 113 99 107 84 124 125 127 148 116 11 79 115 99 130 119 109 90 68 29 171 161 159 3 102 154 106 148 156 115 103 166 147 179 34 102 120 44 132 33 126 24 20 166 76 3 146 120 21 142 123 118 157 165 27 65 138 34 37 160 149 98 23 144 29 153 69 3 135 120 104 151 5 80 47 1 153 62 55 85 64 104 85 121 129 147 131 51 113 2 35 124 168 112 55 166 81 109 33 108 51 93 69 148 11 6 118 145 171 12 158 170 87 62 157 89 114 52 112 152 42 16 145 115 114 10 59 99 133 155 94 37 178 88 132 157 53 127 145 110 26 97 14 44 82 121 74 10 32 118 47 116 153 180 156 39 71 92 16 69 151 116 127 32 93 76 149 21 165 74 33 84 4 50 35 174 172 51 37 8 13 21 101 130 177 5 173 69 124 109 152 36 21 121 21 95 40 155 111 114 134 76 155 179 13 77 168 5 85 109 85 140 162 29 53 16 142 103 95 45 82 1 168 10 132 169 71 50 8 63 141 122 29 18 69 26 91 88 20 65 98 174 3 93 116 51 128 178 112 166 142 165 102 155 97 130 165 136 162 20 14 100 31 36 48 21 160 126 22 62 19 110 58 45 102 59 36 48 83 92 10 118 136 26 142 38 83 146 26 39 118 144 171 138 163 75 179 74 61 162 65 35 143 20 59 101 61 61 45 36 12 65 51 153 65 9 66 93 83 20 163 84 85 84 142 154 24 72 29 28 55 178 97 43 100 74 114 93 72 103 36 85 131 24 83 56 101 52 176 6 45
98 105 121 66 79 33 66 72 77 45 169 59 48 6 74 167 160 63 79 12 108 44 140 2 65 160 97 98 83 3 1 95 118 169 41 81 77 57 92 107 22 86 11 91 38 125 143 92 76 5 129 107 20 56 127 72 98 147 23 46 175 103 67 147 131 166 75 139 66 111 59 7 63 69 72 77 110 5 104 87 104 105 145 87 141 8 115 149 64 56 111 41 63 111 60 67 56 143 158 43 135 85 107 54 129 27 62 93 99 175 8 163 70 109 80 110 158 144 149 19 179 166 116 86 37 19 94 20 141 120 27 19 108 88 35 68 13 120 77 143 54 55 114 148 55 141 80 118 139 164 108 91 92 126 34 68 3 170 27 58 133 9 59 174 89 36 62 59 57 129 73 180 13 129 149 63 46 5 134 152 166 161 56 132 22 69 119 166 100 108 24 115 137 27 79 165 7 42 117 31 146 122 157 125 152 166 93 46 164 118 21 1 68 127 166 19 6 175 7 130 140 19 98 79 154 143 31 5 31 62 14 129 80 102 175 96 136 13 67 53 147 29 144 147 140 89 132 61 30 13 94 99 35 6 129 113 96 123 17 148 74 60 73 36 25 162 95 85 139 99 95 164 135 173 55 49 154 4 85 45 141 115 26 144 159 21 68 47 55 144 99 166 50 156 83 136 125 103 110 131 144 136 84 73 59 42 12 74 7 29 55 39 7 140 127 10 83 102 2 67 28 25 77 23 39 47 144 112 172 180 120 173 153 45 8 123 53 6 27 159 57 37 139 9 13 134 4 159 93 28 157 26 30 155 56 99 177 135 14 69 163 170 73 57 145 51 4 97 149 89 173 148 155 17 91 64 120 12 147 82 163 120 113 111 110 106 4 56 141 80 178 153 73 44 158 104 124 33 177 147 43 91 49 78 150 93 171 157 146 33 23 107 139 12 76 93 111 86 145 47 65 16 146 72 94 25 63 70 36 78 110 156 51 129 120 57 33 76 36 121 19 44 158 75 100 2 94 135 142 162 55 74 96 44 46 137 58 1 44 10 147 142 112 123 167 94 92 55 68 113 120 16 112 66 172 96 19 116 179 109 83 13 83 14 35 68 50 18 68 108 36 144 180 74 97 68 121 171 153 27 105 67 24 68 118 180 157 153 5 178 16 92 146 89 179 56 95 88 169 55 101 156 139 152 34 15 154 140 130 75 81 83 179 125 84 87 14 159 15 138 110 53 94 86 43 150 98 106 135 63 9 26 164 125 66 8 148 130 119 104 38 2 133 166 104 156 140 1 180 81 58 112 120 80 119 53 5 145 87 55 84 68 69 172 76 48 148 132 114 113 82 177 39 129 133 164 74 23 96 71 144 136 57 2 7 164 18 152 58 105 86 40 10 9 53 161 120 24 62 7 137 123 144 17 102 18 40 123 174 151 40 21 12 60 64 141 74 78 62 105 152 68 5 151 175 101 122 161 77 128 138 27 141 95 34 109 78 159 104 75 1 95 16 56 25 155 132 6 51 77 132 131 62 24 131 78 13 101 159 20 38 75 103 79 43 139 101 143 37 109 62 157 30 56 73 70 33 160 178 69 45 2 171 79 1 175 158 173 59 116 52 99 166 131 175 13 27 144 19 11 3 150 176 105 47 4 148 15 144 52 141 129 129 27 133 164 26 147 75 105 104 27 70 127 19 33 50 126 137 45 66 79 42 43 65 149 88 164 177 3 170 79 147 130 13 173 13 153 84 88 172 14 54 49 32 167 105 21 9 42 178 136 177 80 108 87 2 165 177 3 152 94 118 117 91 47 157 96 13 92 124 9 142 165 133 114 9 170 119 22 21 119 13 75 8 176 120 28 153 116 94 2 33 58 36 112 153 124 106 75 87 129 151 127 61 129 60 21 52 57 125 112 153 117 33 117 25 86 48 30 59 105 22 30 94 161 43 123 79 103 39 159 105 67 90 152 128 130 66 166 10 93 22 2 37 14 99 15 115 171 81 168 148 141 110 123 117 63 136 138 178 96 125 107 7 95 115 174 77 39 48 55 125 102 19 65 137 75 129 58 8 14 138 172 104 73 172 153 85 37 13 60 116 133 24 17 15 16 144 156 63 154 168 18 46 131 45 1 155 179 81 20 17 51 79 78 173 47 138 1 52 119 82 140 30 70 158 12 94 39 82 127 14 58 79 149 60 31 116 25 170 164 127 148 71 78 30 179 113 125 46 64 38 167 169 14 155 96 158 115 28 113 66 172 4 173 26 22 69 83 83 66 91 78 154 162 92 17 179 172 52 25 99 159 148 168 11 71 165 15 38 156 89 162 83 9 9 155 148 157 23 72 55 22 99 115 14 58 72 27 179 10 30 22 143 120 75 176 2 136 29 98 93 80 178 171 36 167 145 30 116 77 82 29 104 148 160 42 169 12 84 55 174 17 175 106 122 141 45 47 152 129 100 3 170 2 140 55 56 153 86 63 77 34 89 88 98 56 39 56 56 51 148 33 140 37 143 79 169 34 165 142 29 18 110 123 69 132 12 49 84 98 30 17 111 126 164 23 120 62 52 79 93 151 133 101 83 122 71 59 138 72 65 166 95 91 53 71 134 86 29 106 173 64 40 26 14 125 105 49 154 16 47 12 169 79 53 38 96 116 63 37 168 53 86 47 50 75 37 28 29 46 146 60 163 100 80 101 83 171 8 175 106 46 161 12 84 36 59 90 63 88 168 166 114 118 84 127 126 102 56 103 166 132 131 54 39 37 30 48 87 147 151 57 38 51 18 115 142 151 89 109 99 104 75 3 131 10 15 128 70 87 19 29 36 118 112 172 166 13 72 52 19 76 102 33 133 14 121 72 94 116 111 158 69 45 131 138 58 60 145 7 170 1 42 28 158 101 91 138 46 55 25 13 63 50 162 84 113 135 138 25 47 72 72 98 89 29 92 14 144 133 42 172 13 15 34 83 139 144 28 86 162 143 73 157 139 43 130 164 40 150 5 134 163 153 5 18 9 176 51 128 14 52 176 130 166 113 47 105 12 37 128 79 102 1 4 26 88 74
33 51 61 110 78 89 149 32 102 54 179 99 98 78 42 109 14 28 163 178 174 131 88 58 91 47 74 135 43 147 142 79 152 168 120 47 152 57 118 149 155 162 65 151 86 105 11 11 142 90 130 114 97 69 127 6 69 169 62 34 124 88 103 93 29 87 139 154 149 93 111 179 137 13 36 44 49 6 37 25 37 106 70 63 142 122 129 68 101 35 139 159 49 67 123 133 132 4 17 27 126 13 64 34 51 93 160 98 126 32 40 20 157 157 6 39 70 62 107 4 151 28 77 83 80 119 162 59 7 146 75 58 34 177 153 7 97 32 12 58 28 54 115 148 11 88 36 122 38 17 136 126 134 107 117 132 93 118 49 97 32 92 93 3 172 83 1 51 147 49 82 63 54 11 18 109 119 21 72 179 111 23 36 14 34 17 36 115 155 93 24 28 18 152 167 85 91 57 180 46 177 14 41 43 144 119 112 69 48 52 93 130 55 16 14 151 157 96 146 41 35 27 95 69 90 38 114 79 135 26 93 96 13 121 31 159 29 150 1 168 88 133 109 46 26 10 57 179 54 138 121 64 113 175 10 166 141 92 166 138 162 148 160 89 77 152 38 117 78 82 151 175 173 107 42 169 101 147 112 172 47 171 93 64 62 150 17 58 145 72 78 46 153 21 137 171 13 45 153 32 62 82 173 134 131 112 46 39 149 179 3 148 40 148 46 167 49 114 96 130 16 111 74 133 16 6 96 8 137 44 154 165 41 176 91 66 47 91 170 109 53 4 47 175 23 81 125 173 176 172 6 131 23 91 137 16 166 82 78 75 98 11 57 159 114 30 47 49 60 80 180 131 165 98 13 119 110 46 128 105 67 83 102 123 142 65 68 91 167 175 95 18 74 13 54 101 65 180 62 120 98 170 158 64 82 88 99 113 132 168 39 74 118 99 113 162 162 36 126 159 2 71 66 176 77 81 8 88 103 33 15 13 144 12 165 111 127 43 9 113 123 167 141 4 87 111 165 33 152 129 177 136 146 95 137 43 65 11 8 22 86 7 178 165 31 6 135 60 133 112 157 119 159 138 128 77 93 28 75 51 147 176 174 50 114 14 22 39 33 112 14 176 168 125 60 177 170 44 55 94 121 24 152 86 95 28 138 14 151 26 62 17 114 157 125 176 87 79 83 174 115 42 178 18 26 41 41 108 178 77 56 120 120 113 13 130 91 112 137 103 75 88 169 30 162 4 170 138 31 108 56 157 40 147 2 93 42 99 172 51 123 77 69 63 132 44 142 7 60 144 114 99 138 116 117 165 107 85 163 70 27 24 94 178 165 142 127 66 105 100 60 23 73 180 133 55 81 77 38 2 42 177 56 132 54 45 28 97 97 152 78 177 52 79 84 77 13 60 114 149 14 109 45 16 141 78 132 41 115 35 64 110 38 109 123 9 127 33 149 148 81 112 103 46 61 110 42 122 14 20 180 123 90 145 80 60 179 162 5 147 123 120 118 99 60 111 31 122 39 15 124 161 75 124 12 24 80 48 108 82 91 61 175 1 157 12 97 7 149 151 117 154 148 114 73 130 1 135 82 28 178 1 93 65 87 102 79 155 66 85 45 42 144 118 96 7 99 159 161 152 15 62 75 153 49 142 164 58 2 26 104 85 134 103 12 129 2 33 164 138 65 133 123 105 9 93 12 17 154 154 22 122 100 2 102 100 43 34 47 14 12 21 20 86 180 84 138 91 61 10 177 58 84 28 105 164 102 95 43 149 44 67 8 176 133 180 71 13 11 40 123 157 50 34 177 68 85 164 8 64 138 17 59 76 31 101 3 50 161 3 123 157 163 26 87 162 134 27 122 22 37 118 49 135 133 64 52 9 75 145 61 59 93 55 6 110 169 165 83 132 162 38 91 85 129 125 154 99 106 144 135 114 146 126 32 25 27 10 176 176 63 60 4 11 171 177 64 137 36 33 54 62 26 124 107 130 55 108 5 73 156 140 114 123 3 27 37 6 41 160 87 136 40 68 7 33 1 46 125 35 66 168 152 63 17 147 117 25 11 94 46 105 175 125 69 23 151 134 85 42 68 116 58 81 74 178 136 39 104 56 8 158 110 100 87 168 94 99 146 68 76 174 18 57 125 13 54 111 76 105 54 170 95 104 83 6 160 38 71 62 32 114 96 109 71 78 23 55 11 49 61 110 150 37 43 138 14 19 171 54 42 87 98 87 125 63 128 106 111 72 16 115 91 126 144 38 130 110 98 63 156 73 30 50 160 92 10 51 61 117 141 17 158 165 107 45 96 77 114 25 178 6 71 52 34 91 38 160 22 30 55 62 133 116 106 163 101 81 158 96 17 166 13 95 1 101 79 2 52 173 111 151 158 99 5 51 16 147 25 171 123 44 28 57 163 91 140 30 30 44 48 152 138 47 14 17 139 133 49 151 32 10 39 86 175 31 134 11 74 145 41 158 37 158 12 4 39 147 90 71 179 115 60 15 15 13 36 113 89 94 73 16 95 101 158 84 150 38 119 15 57 68 97 81 95 103 163 120 11 85 7 125 11 35 59 61 69 63 84 171 104 118 158 111 39 155 161 142 115 85 8 125 137 146 155 21 37 167 144 33 12 137 176 99 16 103 146 144 80 82 105 167 64 70 78 164 166 144 99 158 138 151 123 57 83 163 18 170 29 53 25 10 67 136 129 99 132 97 166 150 24 145 101 77 139 107 28 146 72 174 101 88 131 18 10 122 145 56 120 1 164 91 19 93 143 126 14 150 122 73 19 176 7 169 50 127 87 84 99 151 77 178 156 57 74 41 130 81 12 165 24 72 154 132 63 30 68 70 44 161 4 126 171 176 161 67 108 109 17 32 43 170 177 153 39 92 71 53 57 41 151 67 162 49 64 88 34 1 151 119 180 16 48 140 4 146 131 90 158 106 87 178 30 85 109 139 55 150 154 111 10 4 150 11 144 101 126 142 171 42 157 57 177 169 174 125 137 29 143 94 121 97 108 145 15 73 13 92 65 50 88 59 152 160 143 71 63 180 138 127
47 71 80 42 161 30 4 28 50 132 46 113 107 155 132 169 11 127 88 41 33 157 153 7 40 82 93 67 11 56 73 124 111 134 45 61 21 137 38 27 51 99 96 91 1 30 9 172 93 99 33 79 12 24 19 60 28 48 92 3 41 62 178 176 27 109 172 78 79 152 110 138 44 153 160 91 172 41 58 83 44 130 127 116 111 125 1 46 97 139 119 11 89 29 80 23 125 35 37 101 61 27 6 131 41 123 107 47 54 59 20 65 86 97 94 3 79 9 65 51 177 120 176 41 9 59 54 142 90 1 152 15 126 168 121 43 73 136 157 89 8 96 133 115 62 115 150 32 112 112 20 33 74 14 36 108 69 118 86 123 89 157 65 58 31 166 85 150 141 109 136 123 119 119 61 158 137 180 94 103 121 120 58 168 11 74 143 132 3 156 3 165 162 83 90 114 62 6 45 13 35 166 132 17 130 169 88 77 177 127 53 148 113 119 112 14 129 155 81 102 109 176 74 125 31 12 19 145 180 148 121 82 102 164 49 115 120 40 150 136 6 105 78 23 86 33 128 76 153 140 148 134 60 133 42 142 158 142 75 151 100 73 140 52 18 36 110 107 157 89 180 42 82 48 39 63 148 143 21 122 79 45 29 63 108 76 75 163 33 154 174 163 176 71 121 19 100 162 168 124 1 170 19 94 158 113 163 149 109 25 168 177 81 154 67 171 11 85 142 151 24 168 180 68 5 95 112 37 92 166 11 7 52 90 55 49 40 155 61 106 108 91 123 141 168 124 172 180 59 84 146 102 94 91 26 26 79 69 20 68 23 43 39 101 27 88 72 1 73 135 53 16 104 9 71 68 33 175 143 115 91 17 157 108 139 26 147 26 45 33 8 88 32 111 67 165 90 171 134 10 131 74 72 72 29 60 173 180 117 159 29 3 120 60 14 180 72 111 141 122 44 87 105 28 59 144 46 93 65 2 4 169 96 152 14 133 26 116 83 9 145 110 88 52 152 6 170 51 117 38 80 117 65 131 173 128 87 130 27 15 103 20 112 78 10 8 85 71 157 46 55 120 142 65 31 92 164 144 146 92 80 164 41 115 111 84 63 16 179 40 65 144 90 120 125 153 48 124 120 155 50 176 108 106 96 86 64 21 168 6 143 156 67 140 97 160 108 32 142 74 174 160 122 50 121 151 165 41 169 144 49 174 173 64 2 95 66 54 164 37 95 54 22 53 159 110 167 32 44 23 178 180 80 166 179 94 43 65 43 72 124 12 79 43 49 173 89 135 37 154 16 134 94 39 60 24 9 67 143 174 146 113 132 29 24 110 58 104 177 105 40 96 106 3 73 83 153 125 130 160 139 99 174 128 13 44 119 28 30 180 118 159 77 9 63 75 139 75 101 121 50 38 173 113 176 154 8 54 15 117 84 143 91 123 97 37 114 74 131 80 136 40 39 141 154 30 137 76 145 175 108 173 111 27 91 73 26 42 82 63 12 52 176 51 3 100 150 103 116 123 157 82 117 165 72 95 19 110 32 129 167 162 4 24 55 63 66 55 97 55 68 53 133 1 67 167 34 117 38 109 124 23 132 45 172 114 83 143 114 148 75 37 154 161 56 147 177 35 102 177 102 124 172 36 114 112 175 49 94 138 97 27 21 131 79 151 60 126 175 117 84 96 95 154 17 175 121 168 95 34 92 83 166 15 64 144 78 100 2 40 154 152 124 16 38 33 104 166 116 134 95 117 35 84 94 115 11 137 180 33 39 168 35 41 66 15 152 77 152 22 1 1 5 116 36 14 59 90 3 64 64 135 143 26 158 28 41 124 65 88 23 57 175 137 93 173 93 169 93 129 109 132 2 107 10 145 104 47 113 133 117 134 106 106 25 34 131 98 105 18 87 81 141 138 103 146 129 9 14 77 131 13 110 152 116 4 131 79 147 30 131 3 92 3 70 157 32 168 67 59 52 72 157 175 10 121 75 86 111 2 175 118 87 173 96 117 151 168 147 67 126 170 89 125 63 17 123 70 12 79 117 174 164 76 124 4 118 99 89 18 132 157 107 140 35 160 174 36 84 94 115 81 85 170 89 5 180 27 157 61 61 21 171 2 55 56 116 164 48 58 133 91 63 49 156 109 46 27 26 95 58 14 151 122 12 73 24 156 107 98 130 154 52 137 2 12 103 85 168 42 76 62 45 144 111 102 80 143 112 51 24 98 165 84 53 56 61 72 47 34 166 174 89 176 168 102 5 115 157 100 168 124 28 74 84 10 26 126 71 136 41 69 177 122 76 24 147 89 116 178 154 11 50 132 29 93 90 97 176 80 40 35 128 147 4 126 148 137 34 67 168 95 30 97 5 106 168 110 57 40 71 118 107 14 153 16 29 17 31 56 25 144 44 30 174 129 110 177 74 15 126 155 165 21 6 35 2 83 34 33 33 149 126 86 2 51 89 125 133 10 108 95 138 148 79 118 130 43 13 111 28 180 2 71 122 3 135 2 168 100 91 130 18 111 175 79 111 154 13 106 146 175 178 131 55 125 85 127 137 72 11 1 41 169 113 14 178 13 154 24 61 24 125 159 126 63 132 9 123 48 67 109 121 40 146 12 131 119 170 126 117 50 162 81 139 70 44 107 100 161 29 145 56 122 9 82 6 47 66 146 28 92 105 33 39 170 106 120 21 32 172 175 58 98 130 41 27 21 16 22 170 74 130 80 165 161 131 121 151 93 120 116 17 125 106 18 168 171 2 122 83 95 155 141 172 77 111 134 35 139 10 179 145 59 84 56 72 93 174 177 16 136 45 69 49 35 35 13 50 57 12 84 153 12 169 134 3 97 55 86 10 79 2 118 56 100 134 101 93 47 53 43 110 152 69 160 78 33 12 98 10 8 42 2 149 18 162 52 157 171 179 71 148 114 157 135 83 19 36 9 133 157 87 179 161 29 3 24 7 178 170 165 103 129 35 131 59 132 126 164 105 161 33 172 53 48 19 59 115 85 139 15 106 48 180 69 9 151 135 26 176 178 161 4 177 155 147 61 108 30
132 54 141 130 43 126 89 154 22 81 71 179 151 19 118 126 163 56 47 60 155 13 104 77 91 114 59 135 160 120 18 143 165 14 11 43 53 69 166 100 46 145 106 52 22 167 96 51 68 120 144 70 50 114 131 107 50 114 148 44 76 86 144 168 115 16 172 64 122 117 40 114 90 88 61 161 59 117 6 1 9 46 142 4 117 11 169 168 58 46 162 173 102 7 125 124 90 78 66 77 33 154 141 107 180 85 118 158 74 10 167 81 113 177 94 103 58 127 83 134 116 58 5 164 133 90 166 29 64 82 122 128 177 36 91 87 155 106 163 107 32 138 44 70 88 98 155 16 176 40 168 137 169 34 88 88 62 31 92 130 109 93 168 137 41 26 78 48 146 6 71 55 121 162 45 70 155 120 59 90 68 13 148 80 148 126 134 116 55 65 133 65 87 113 152 163 77 64 177 135 8 79 84 91 179 102 172 131 114 158 153 130 72 136 136 96 162 14 70 164 20 1 91 35 24 14 46 156 79 110 92 56 139 128 159 18 53 60 57 159 165 60 53 43 108 30 106 152 61 83 163 37 169 33 162 157 155 125 171 123 44 30 158 83 147 43 151 180 6 13 171 53 124 123 90 128 69 50 7 12 112 52 94 13 35 166 57 115 59 17 21 84 80 88 180 11 37 163 23 162 89 105 96 94 71 4 178 113 122 81 166 107 49 82 66 93 68 89 157 63 5 85 114 108 51 41 39 164 142 74 35 21 57 57 38 52 75 179 70 164 116 102 83 146 59 141 173 122 134 34 24 99 158 108 70 30 154 150 129 26 94 100 51 174 118 97 159 120 127 39 137 177 144 87 125 139 125 110 67 134 25 103 114 21 173 27 129 82 29 65 79 49 25 80 28 91 132 2 179 56 144 61 37 51 98 52 51 101 18 123 24 149 142 152 37 11 26 160 34 54 111 42 48 162 69 116 21 36 115 126 51 41 171 132 111 65 72 28 67 67 46 89 139 56 99 164 72 83 159 71 76 178 77 29 102 161 38 156 139 89 3 74 48 88 52 29 117 156 169 42 160 5 119 73 109 164 6 23 158 36 71 140 125 150 100 47 48 10 139 123 110 153 149 157 58 126 142 15 137 81 76 38 78 2 39 26 153 35 120 146 70 114 31 151 4 11 35 115 150 91 139 99 180 92 147 97 89 134 156 69 130 152 69 69 49 109 129 66 66 131 125 56 66 125 36 74 32 123 76 1 20 113 164 94 45 72 58 43 68 13 8 76 111 110 43 150 44 42 143 17 129 135 37 25 31 96 81 78 108 127 23 117 43 39 22 160 16 173 101 138 80 105 6 38 40 127 97 9 164 53 142 112 18 112 122 112 167 98 73 49 163 113 46 121 171 31 134 20 145 130 123 106 33 52 84 173 104 132 81 174 90 121 66 42 46 142 38 100 20 171 162 36 9 146 57 56 48 59 86 146 165 116 77 101 33 36 29 64 104 157 78 50 73 173 91 178 177 37 79 26 102 60 40 66 14 138 11 37 71 72 138 121 8 13 142 45 129 18 135 82 39 21 138 102 118 101 37 64 176 154 77 26 153 27 161 45 46 129 61 52 99 121 173 177 113 97 103 108 130 88 151 122 132 72 167 139 58 174 41 83 36 129 36 3 65 154 79 98 149 139 146 132 135 19 15 115 38 178 35 26 8 95 34 87 78 33 70 24 119 110 18 91 21 13 128 16 71 32 149 120 15 116 81 177 172 118 177 106 167 156 14 86 107 117 80 25 13 123 53 104 179 136 170 68 14 56 79 35 54 105 40 139 116 116 5 109 74 36 1 88 139 96 116 148 79 142 71 119 112 122 61 162 96 73 71 116 161 53 27 25 99 56 156 165 78 120 106 81 145 29 101 93 1 67 110 19 132 82 91 35 117 8 43 66 105 8 18 171 175 114 43 167 31 101 107 113 131 166 178 146 157 132 49 153 173 24 50 175 45 2 170 59 70 17 165 42 34 63 167 143 52 1 57 90 171 145 82 138 144 39 161 19 152 10 70 103 77 3 90 58 14 35 33 98 49 168 47 152 94 138 168 38 59 133 141 164 108 176 159 105 9 47 10 102 67 123 72 75 68 56 149 129 146 1 26 2 147 96 11 40 98 78 178 134 18 96 89 8 155 173 50 180 142 120 47 167 135 30 43 158 70 142 155 81 165 167 16 13 100 168 147 64 89 64 42 49 41 166 92 57 54 47 45 32 22 35 158 28 55 173 143 133 141 103 82 81 58 62 148 55 107 48 26 59 48 112 102 69 153 153 102 93 180 84 111 32 75 23 138 94 58 28 119 9 148 124 66 75 142 77 147 36 123 72 77 70 16 110 6 67 20 120 150 98 166 105 34 30 65 61 140 14 161 131 52 130 60 94 87 54 116 2 158 175 24 48 114 130 68 142 117 48 59 136 15 161 46 84 36 3 43 165 152 173 121 43 7 111 78 21 154 60 64 171 91 163 163 32 2 100 17 100 47 88 154 166 45 66 4 66 3 24 102 110 45 35 117 47 76 120 22 123 77 144 14 15 80 129 53 24 114 136 67 108 178 161 74 96 113 8 44 176 129 37 63 158 72 94 69 68 46 148 11 169 133 86 35 8 167 5 14 150 174 106 70 90 119 133 62 71 122 114 8 117 64 39 145 96 38 12 12 177 103 117 165 80 87 89 81 78 62 121 12 73 75 82 5 112 24 85 34 10 29 71 128 156 44 19 92 18 41 179 158 10 56 53 153 148 55 4 7 80 140 95 43 121 106 49 8 179 47 150 132 87 45 70 155 88 27 118 21 140 119 42 30 122 29 87 121 101 35 53 100 67 102 71 167 37 157 147 155 22 61 133 165 65 163 61 60 109 20 96 148 52 176 48 74 180 128 54 52 160 12 161 25 75 150 16 164 85 152 131 17 151 20 131 171 41 9 140 136 56 11 93 60 15 154 125 158 127 12 165 102 169 4 109 180 20 49 28 15 27 68 128 114 132 106 50 68 125 119 94 134 121 80 82 166 159 115 20
25 56 4 135 66 107 52 168 101 59 89 170 100 157 36 93 24 80 49 37 82 60 52 144 1 149 126 99 72 51 126 22 74 101 86 44 4 103 159 12 83 49 76 116 104 117 151 124 10 3 169 74 135 91 159 145 174 19 22 117 170 69 160 18 168 43 34 147 113 180 8 42 135 55 70 27 137 96 45 145 16 147 103 35 137 99 138 130 103 150 127 103 176 49 55 149 95 88 154 69 66 23 123 161 51 157 48 107 105 57 42 42 69 128 25 165 157 154 107 13 17 121 88 12 124 56 33 122 75 115 91 92 91 91 147 118 23 86 24 69 77 59 119 54 176 120 144 11 34 70 103 59 79 10 31 77 75 143 49 93 38 16 108 90 167 46 17 141 146 123 125 12 53 44 102 127 60 51 5 180 6 79 11 77 44 120 8 70 99 42 4 164 150 34 36 51 9 66 165 134 112 25 178 166 54 98 94 102 134 81 118 143 34 173 137 130 126 172 113 138 164 96 78 140 119 58 33 25 98 167 150 88 167 109 122 164 2 6 97 93 37 4 22 144 25 3 73 29 59 25 173 61 66 41 70 12 91 45 178 103 131 122 7 22 153 79 81 140 17 54 78 26 145 143 48 17 54 29 63 68 42 83 18 3 54 14 29 84 40 61 179 105 69 94 87 144 54 95 43 92 99 5 17 12 155 87 115 87 15 129 153 152 150 34 70 77 149 7 59 158 152 152 90 70 89 130 158 108 94 26 118 31 101 107 115 53 167 128 75 53 1 128 22 77 29 121 83 59 174 50 1 34 109 6 91 141 58 68 29 106 156 135 103 173 73 1 4 147 104 55 88 33 76 84 7 117 142 135 74 163 96 116 26 41 94 96 20 25 36 170 119 32 172 39 74 156 154 142 140 103 113 37 55 141 152 9 10 85 41 16 119 56 100 48 121 15 67 26 32 13 137 108 168 152 47 109 92 95 126 49 78 154 178 29 53 105 102 159 93 63 128 88 119 2 173 85 12 50 119 118 18 28 23 74 75 61 23 99 76 100 157 31 3 26 108 71 165 117 145 94 81 150 153 90 121 4 7 159 15 64 178 56 167 157 50 145 126 144 8 114 82 151 55 28 54 51 161 26 163 30 105 55 91 121 66 139 137 110 42 67 64 14 109 12 174 119 32 107 164 89 114 105 172 49 68 172 59 100 83 33 143 144 130 95 13 29 93 110 66 54 77 68 59 14 100 45 46 82 123 46 93 67 133 82 96 173 128 113 79 41 59 7 75 36 139 146 94 143 108 52 54 85 2 107 42 3 141 32 30 124 43 9 8 110 156 124 80 16 15 70 79 17 176 107 93 52 27 43 1 163 127 126 103 61 64 167 124 121 26 10 95 86 56 168 124 57 103 173 109 52 65 62 148 70 49 85 3 75 172 147 129 171 73 52 67 3 151 105 143 51 81 2 70 176 178 70 72 105 24 40 54 163 48 33 133 11 48 128 18 152 61 170 138 80 8 105 117 13 160 53 130 168 130 151 112 97 133 85 171 102 105 138 16 149 29 40 135 106 119 68 74 101 72 92 66 36 64 170 51 179 160 106 65 125 1 109 141 36 115 96 71 73 103 29 177 60 96 43 39 1 92 65 138 173 39 27 70 111 98 42 135 18 167 9 30 54 152 101 37 166 86 128 110 126 164 63 53 61 79 23 63 26 18 63 179 58 84 95 98 32 138 98 148 96 22 57 106 82 39 149 158 81 122 155 74 74 69 50 21 166 151 115 3 173 101 117 31 107 33 51 89 48 136 25 92 179 44 47 164 18 64 176 44 144 78 165 22 62 126 12 77 145 166 92 78 109 46 72 111 169 110 60 10 144 91 34 51 171 54 170 80 21 54 43 73 131 103 4 104 132 98 5 45 140 77 22 87 172 84 70 123 62 105 71 143 54 7 148 59 177 43 29 136 62 163 25 54 134 176 28 40 18 98 89 80 23 37 177 11 121 128 73 71 87 14 139 91 149 161 163 53 30 82 96 79 33 128 51 162 129 20 73 63 94 3 117 25 19 107 170 20 131 66 118 131 53 158 112 177 161 162 4 117 14 56 4 83 145 112 14 86 65 127 133 94 96 39 48 7 94 177 18 40 53 91 8 153 50 170 49 68 87 168 180 59 105 93 81 162 11 127 48 117 53 91 22 61 151 154 133 167 67 167 173 139 118 112 124 151 140 34 156 94 108 6 81 23 179 166 11 26 58 157 98 105 1 107 164 73 6 143 125 52 177 150 97 75 85 61 135 157 118 72 73 49 30 77 89 102 37 143 1 10 1 53 32 144 3 90 34 153 134 160 159 5 113 51 55 72 165 150 161 84 47 95 111 14 98 89 84 96 91 65 55 59 95 101 62 61 52 115 156 92 141 150 113 101 140 120 81 96 156 125 25 75 63 114 120 43 109 23 71 145 140 168 155 149 7 67 51 143 92 48 159 1 2 31 72 128 70 6 85 176 97 102 37 155 23 41 105 103 143 83 86 131 107 15 36 93 92 156 163 126 80 89 42 18 101 146 107 130 163 58 7 99 141 118 116 179 92 20 156 26 93 152 56 61 13 25 84 128 174 88 57 40 123 100 88 23 143 99 51 31 142 15 7 92 169 180 118 81 36 36 98 133 89 111 17 164 30 138 86 49 69 98 174 27 80 112 94 116 62 132 142 100 168 106 33 132 171 18 100 6 55 160 55 36 114 163 176 36 1 67 29 85 179 85 103 114 163 156 31 128 119 21 95 166 73 90 180 56 30 57 62 75 75 149 176 61 154 10 42 4 129 8 4 162 6 15 11 33 58 99 158 64 97 129 32 42 122 13 1 67 140 83 42 25 30 159 161 153 74 123 78 128 131 50 179 16 153 4 45 75 94 23 74 128 132 118 177 21 157 99 86 49 57 167 104 61 41 50 87 6 37 147 53 101 130 49 143 158 133 127 149 47 162 1 5 134 112 85 155 162 100 76 115 1 69 90 33 19 65 90 35 5 136 52 179 27 118 98 7 85 1 80 163 78 171 32 125
141 95 16 37 116 142 97 158 7 10 99 149 13 154 138 108 109 40 21 152 90 139 88 25 58 78 128 168 169 38 93 25 143 115 143 41 59 130 113 171 144 145 110 149 91 7 92 42 161 143 12 110 36 58 20 21 97 25 99 59 109 124 125 135 161 51 180 17 83 22 99 155 175 54 107 16 149 159 106 111 16 49 116 37 23 161 79 147 118 146 72 31 36 74 179 100 160 118 7 25 8 119 118 111 133 78 127 60 144 17 99 16 67 50 140 118 27 105 5 162 64 112 44 117 50 150 163 68 6 177 79 81 175 97 175 76 116 67 125 77 180 12 4 91 124 111 92 119 146 102 22 38 37 55 122 50 110 30 179 16 106 116 61 43 94 79 5 108 145 87 130 22 96 149 34 14 95 30 146 2 158 110 49 21 28 114 177 17 101 127 145 14 85 44 23 171 131 154 30 46 144 171 157 102 64 108 111 11 18 132 152 146 29 136 64 28 99 62 8 141 33 43 11 166 58 45 157 84 86 20 128 129 166 63 160 141 18 112 120 76 57 50 155 176 160 87 173 117 64 178 64 86 115 143 96 150 108 122 180 146 18 12 147 117 45 151 141 97 160 68 77 117 74 16 39 79 98 79 155 91 81 157 127 115 102 167 59 173 69 132 104 43 101 47 41 90 18 44 165 75 43 73 116 137 32 75 144 134 26 31 165 70 127 115 80 162 99 46 163 126 107 82 141 152 170 26 71 128 21 64 66 24 45 50 132 140 121 110 37 42 20 50 174 20 110 37 73 56 116 53 35 146 176 93 131 75 41 89 64 79 86 176 109 133 131 102 159 168 31 154 132 6 133 20 178 123 143 41 124 124 131 84 49 104 81 79 150 106 135 144 97 103 37 67 3 108 6 49 1 151 3 76 105 137 161 17 7 180 171 22 93 87 10 112 9 54 50 74 97 105 101 87 85 18 90 48 39 121 1 80 63 65 133 163 78 111 159 86 134 142 145 138 11 34 163 29 168 11 43 132 52 78 141 16 137 163 169 36 88 124 65 177 153 13 56 34 175 156 158 4 74 75 175 120 76 107 12 127 92 17 108 63 7 50 144 9 149 48 35 85 10 86 18 158 26 55 118 39 98 123 24 40 130 173 109 5 15 129 12 65 3 180 75 64 147 171 17 76 139 48 46 90 180 54 63 106 161 118 39 19 6 31 105 32 112 148 132 23 144 18 105 116 74 55 148 26 89 180 170 23 80 102 35 98 85 68 29 131 133 35 156 115 147 172 8 167 121 157 115 17 168 167 138 42 104 108 166 17 65 54 76 109 144 60 81 59 137 9 13 58 163 136 170 125 16 63 147 173 89 164 26 74 27 156 172 36 97 105 112 116 118 136 132 10 123 48 20 53 6 93 76 137 27 65 56 174 18 177 151 50 112 60 57 42 172 115 130 146 90 180 145 93 77 105 118 42 11 116 25 149 82 168 164 84 59 61 51 80 94 163 122 9 95 11 35 29 46 72 83 145 54 65 78 128 51 33 76 103 115 54 138 165 76 7 137 43 164 88 150 71 4 13 170 175 67 76 160 109 81 2 112 153 150 147 135 28 84 166 139 35 60 21 122 90 173 128 140 62 136 174 137 92 133 40 151 51 143 85 114 104 78 120 151 149 90 94 56 118 75 54 6 31 150 82 134 66 53 108 53 81 51 55 160 127 152 157 133 76 66 172 120 42 84 121 125 108 10 146 5 143 169 48 111 40 29 58 58 163 129 17 29 79 80 110 11 19 29 24 38 9 143 43 23 150 20 65 100 103 15 7 127 121 180 59 4 75 121 43 160 112 1 13 118 79 26 24 133 85 162 115 96 42 90 105 174 49 170 39 103 121 136 6 53 29 150 123 178 126 34 105 150 30 8 6 126 37 103 176 10 95 136 27 172 175 70 44 30 92 115 89 134 1 159 17 9 172 25 35 123 68 79 30 135 43 76 171 101 18 29 95 118 49 147 25 65 145 35 79 58 98 135 101 132 9 170 68 165 120 135 54 44 116 7 132 148 82 72 162 70 2 25 46 120 22 127 154 137 7 78 142 173 113 153 23 24 92 60 26 82 2 90 41 146 111 113 129 87 69 15 145 54 4 148 24 138 21 23 90 65 66 52 42 29 150 45 7 100 1 109 85 17 106 116 136 174 26 149 3 121 1 113 161 160 134 125 90 97 104 50 161 92 119 48 153 41 90 163 59 54 116 30 168 136 45 65 81 44 144 50 40 174 32 76 128 147 15 126 87 120 85 73 130 132 50 23 107 45 36 21 162 17 75 31 176 170 31 57 145 141 36 56 156 6 154 46 117 12 15 178 62 131 32 12 127 160 52 167 66 74 107 6 170 12 139 75 28 14 180 98 14 74 167 125 111 123 143 48 95 28 150 177 7 52 180 120 156 165 82 168 24 179 70 144 154 39 95 138 6 89 87 57 134 29 19 5 149 28 44 68 117 97 167 61 170 145 93 51 168 176 83 34 22 166 46 179 137 32 162 52 112 114 53 51 72 38 92 11 76 50 57 138 143 38 31 58 117 8 62 49 16 53 85 41 173 166 144 78 19 36 117 173 131 70 53 57 147 160 145 116 62 53 168 12 60 36 15 96 142 51 25 169 173 124 14 146 109 161 124 102 48 60 26 55 77 37 123 58 97 12 75 25 133 150 74 24 108 108 122 166 47 43 41 135 167 40 84 142 19 33 63 170 43 65 142 79 63 74 138 23 177 144 143 56 68 2 14 36 136 166 144 46 162 121 77 169 76 93 17 86 63 129 14 137 120 57 67 21 91 144 170 63 134 68 106 21 125 135 98 161 99 121 83 139 101 104 57 131 70 168 17 177 112 37 8 61 116 164 29 60 6 33 101 91 47 91 115 158 50 83 51 20 169 24 156 80 160 150 159 40 152 138 82 172 134 176 88 171 152 45 5 30 50 160 108 30 65 31 14 101 81 21 128 50 133 23 80 171 171 101 172 105 60 19 9 101 46 130 4 27 158 160 170 113 169 158 89 158 68 8 152
0.3
0.3
0.4
0.3
0.3
0.3
0.3
0.4
0.2
0.3
0.4
0.4
0.3
0.2
0.2
0.3
0.4
0.4
0.4
0.4
0.3
0.3
0.3
0.4
0.3
0.3
0.3
0.3
0.3
0.4
0.3
0.3
0.3
0.3
0.3
0.2
0.2
0.2
0.3
0.3
0.3
0.2
0.3
0.2
0.3
0.2
0.4
0.2
0.4
0.3
0.3
0.3
0.3
0.3
0.3
0.3
0.3
0.3
0.2
0.4
0.2
0.3
0.3
0.3
0.3
0.4
0.3
0.4
0.2
0.3
0.2
0.4
0.3
0.4
0.4
0.3
0.3
0.4
0.3
0.3
0.4
0.2
0.4
0.3
0.3
0.4
0.3
0.2
0.2
0.2
0.3
0.3
0.2
0.4
0.2
0.2
0.4
0.3
0.2
0.3
0.3
0.4
0.4
0.2
0.3
