50 12
2
     12406
     13182
  2.4  17.4 594.7   1.7 
  1.5  27.4 195.1   2.5 
  2.4  47.8 803.5   1.7 
  1.4  48.4 302.9   1.6 
  2.0  15.5  77.2   2.5 
  1.5  19.2 652.2   2.5 
  4.1  29.1  93.3   2.3 
  2.4  29.2 794.9   1.8 
  1.6  13.0 879.3   2.5 
  3.2  45.4 468.0   2.1 
  2.0  35.7 371.1   2.1 
  3.5  17.7 568.1   2.1 
  1.9  43.9 785.1   1.6 
  3.8  14.0 629.0   1.7 
  3.2  17.5 634.1   2.1 
  3.4  34.9 253.8   2.3 
  2.8  21.5 751.4   2.3 
  4.6  35.1 910.8   2.0 
  4.2  29.2 701.9   2.3 
  3.4  34.1 763.5   1.7 
  2.7  40.8 365.8   2.0 
  3.2  43.7 602.8   2.4 
  1.1  41.6 147.3   2.4 
  1.0  36.2 826.1   1.6 
  1.4  32.4 793.6   1.5 
  4.9  17.3 832.8   2.2 
  3.5  23.0 616.2   1.6 
  1.4  30.4 946.9   2.3 
  2.4  12.0 256.0   1.8 
  3.6  18.1 510.5   1.6 
  4.5  18.3 141.6   1.7 
  1.1  28.7 364.7   1.9 
  3.6  31.1 291.6   1.6 
  1.0  29.3 160.6   2.5 
  3.6  39.0 223.9   2.0 
  1.3  20.4 110.9   1.9 
  1.3  12.4 893.4   2.5 
  1.3  39.0 201.0   2.0 
  1.7  10.6 605.6   2.4 
  2.3  13.8  86.9   1.9 
  3.1  41.7 597.6   1.7 
  2.9  48.2 301.4   2.1 
  3.1  26.9 581.4   2.4 
  4.7  46.5 621.5   2.1 
  3.8  40.5 378.0   2.2 
  1.8  41.8 367.1   2.5 
  4.9  14.5 165.3   1.8 
  2.1  18.5 452.3   1.8 
  3.3  40.3 175.6   1.9 
  4.6  14.9 805.3   2.5 
  4.8  28.8 574.1   1.7 
  5.0  29.1  99.7   2.2 
  5.0  39.1 438.6   2.0 
  4.2  14.9 351.7   2.2 
  1.6  44.7 153.2   1.6 
  2.5  40.6 773.7   1.8 
  1.4  22.9 428.0   2.3 
  3.5  38.4  72.2   2.0 
  4.6  38.9 356.6   2.5 
  2.4  46.8 600.0   1.7 
  4.2  27.8 258.0   2.3 
  3.3  26.6 456.6   2.5 
  3.9  18.5 440.4   2.2 
  2.7  37.9 643.6   1.7 
  1.5  29.9 756.5   2.0 
  2.6  12.1 241.4   2.2 
  2.0  38.9 663.8   2.4 
  1.6  42.5  69.5   2.4 
  3.1  15.9 781.8   2.5 
  2.8  40.4 148.5   2.3 
  1.6  40.2 174.0   2.3 
  1.0  29.5 348.2   1.9 
  4.4  40.2 708.7   1.8 
  1.2  27.8 458.6   1.8 
  1.0  44.4  72.1   2.4 
  4.2  39.9 846.8   2.3 
  3.2  25.9 397.5   2.5 
  1.1  48.9 397.9   1.9 
  2.5  45.8 554.7   2.1 
  4.8  46.4 567.9   1.8 
  4.0  35.9 276.4   1.7 
  1.3  48.8 573.0   2.5 
  2.4  49.6 540.1   2.1 
  1.1  34.6 132.0   1.7 
  1.4  17.6 639.8   2.5 
  2.0  48.7 363.4   1.5 
  4.3  16.4 558.4   2.2 
  3.4  33.9 792.3   2.3 
  3.7  21.0 517.0   1.9 
  2.0  24.0 780.7   2.5 
  4.7  32.3 831.9   2.1 
  4.7  40.5 452.4   2.2 
  2.9  41.1 666.1   1.6 
  3.5  27.3 551.8   1.7 
  4.5  50.0 485.5   2.2 
  3.0  38.1 728.2   2.5 
  2.4  27.3 503.9   1.5 
  4.5  46.7 438.8   2.4 
  4.4  19.9 911.8   1.9 
  2.1  46.0 625.2   2.2 
  0.2   0.4   0.3   0.3   0.3   0.3   0.3   0.4   0.2   0.2   0.3   0.4   0.3   0.2   0.2   0.2   0.2   0.3   0.4   0.3   0.3   0.2   0.3   0.3   0.3   0.4   0.4   0.4   0.4   0.4   0.2   0.4   0.3   0.2   0.4   0.3   0.2   0.4   0.3   0.4   0.2   0.3   0.2   0.3   0.4   0.4   0.4   0.2   0.2   0.3   0.4   0.2   0.3   0.4   0.3   0.2   0.2   0.3   0.2   0.2   0.2   0.3   0.2   0.2   0.3   0.4   0.3   0.3   0.2   0.3   0.3   0.2   0.3   0.4   0.3   0.2   0.4   0.3   0.3   0.2   0.4   0.3   0.4   0.4   0.2   0.3   0.2   0.2   0.4   0.3   0.3   0.4   0.4   0.2   0.3   0.3   0.3   0.2   0.2   0.2 
  115   172   131   146    58    55     6    56    75    90    98   151    19    47    99   115    89    68   123   134    86   106   115   108     6    99   133    56   170   168 
   28   178    84   143   172   121   139    29    26   136   113   102    16    67   132   158   107   120   146    66    46    98    83   113    82    16    41    72    56   127 
  152   116    34    58    15    19    93   119     0   169    97   128   113    30    70   144   103    74    62    49    60    79    94   131    72    68    68   156    30   106 
  107   172    16   120    39   127   176   141   149   141    59   157   124    97    16   125    10     3   152     6    73   174   110   138   114   128   176   107    49   177 
  177    77    84    53    25    42    54    89    41     9    32   157    46    12    43   147    15    27   104   141    67    38   120   170   145   141    70    62   178    13 
  169   124    49   150   128    75    47    19    56   142    14    28   103   157    84    30    41    92    87   149    15   156    60     7   164    87    69    52    42   100 
  105    87   120   170   179   147   161   113   149     2   150    91   106    53   143    63    40    31   172    17   151   163   160    81    10    95   166    28   106   107 
  137    87    21    13     7    70   178    75    91    66   176    21   121    92    59   133    61     6   114   129     9   102    19    59    51   104    67    82   160    70 
  112    90    17    19   176   179   157    41   154   106   167    56    63    85    17    86     4    80   125    61   147    49    74    74   158    32    42   117    13    73 
  178    68    35     0   165    68    88   159   133   104    98    77   111    86    65    85    18   171    56    24   148    15    34    28    35   157   169     0    89    98 
  152    16    26    92    55   108   131    23   135    16    18    21    52     7   167    47   170   121    92    97    37     4   132    17   172    25    68    36    13   140 
   81   171   144   133    69   179    21   143   164    15   125    81   137   163    48    44    97    96   108    26   163   156   102   103   134   136     0   143   167    77 
    5    91    83    33   128   158   104    86    13   125    53   111    54   141    87    49    85   148    71    52   103   111    54    83    68    16   125   115    20   107   125    57   178   108   119   174    52    86    80   165   126    50    87    34   122   168   160   121     3    18    28    37   171   148   149   177    84   145    39   106   156    88   166    94   166    52    61    52   105    41 
  108     3   110    52   160   176   144    54    51    36   152    18    64   165    82     6    93    35    92   119    35    23   149    11   177    17   157    28    29    19   118    48    15    43    93     2   137    50    40    38    62    28    95    41    96    20    87   120   125   108    22    58    80   130   163   147   126   179    48   163   134   115    97    39    26    51    59   158   148   107 
   50   131   177    93    37    48    96     4   148    69   135    41    82    38   143    97    19    75   104   100    10    45    80    53    25   177   160   121    80    47     8    91   116    33    32    26   140   171   128   126   128    45    89    64    11    36    24    64    44    74    16    94   171    23   166    64     5    57    63    39     1   161   147   107    49   116    54    35    59   132 
   65    88    59    59    33    28   102    39   157    78   129   126    62    39   165     1   124    41   136   106   171   107    63   153    42    76    18    74    82    27   106    73   111   138   144    59    83    43    54    73    68   177    23    39    66   131    10     6   135   173    19    72   115    79   134    27    97    43   107    61    22    26   116   119   129    58    64   133     1    64 
  111   141    21   133   147    57   177    73   103    60   120   155    55   166     8    52   127    70    66    65    54   104   101   138    30   147   109    17   176   103    19    53    19   143   138   165   116    55    96   157   111    95    51    32     0    60    91    31    92    81   109   171    43    86   103    65   133    73    62   133   128    67   146    80    40    58   133    32    39   106 
   38    11    23    59   145    12    52   149    48    13   148    84    94   156    48   110    93   101   127     4    12    77   169    26   163   100   146    19   150   167    86   142    41   159     7    42    54   177    54    94   138    64   125   116   111    74   159   126   123   169    41    39    68   118    51    88     9    20   150     5    32   125   111    64    86    30   100   171    39    64 
   27    45   126   108    32     3    84   145   126   155    81   105   159   171   176    67    23   139   171   173    18    57    73    39   150   111    88   158    49   161   140   105   143    59   155    44    83   179   107    20   130    25    20   107    88    59    87    53   100    61    54    28    43   105    78   108    59   146    23    59   106   159   154   116    58    42   173    69   136    98 
  172   122    76   165   158    48   122   133    92   178    57   156   161   135   117    65    13   163    71    62   170   107    27    22    78    43    26   156    98    25    23    62   106   168     8   110   151    85   130    86    30   171   128    17   143   177   113    39    35    93    12   149    49    80   102    31   178    96   109    38   151    70   101   117    49   177    17    60     4   142 
   28    52   120   172    17   172    34     6    34   145    83   172    74   127    33   132    66   134   109    25   105   111   158    53   140   122   168    16    73   158   158   120   165   102   170   115    83   118    25    92   138    99    64    25   131    33   150    72    59    44    92   156    67    76    12   109   104    48    95    99    78    98    74    91    91    65    98   144    36    39 
  149   110   109    78    65   146   170   127   110    89   108    54   166   116    18    78   138   126    95   157   110    45    63    94    22    70    49   117    73    99   150    45   139    47   126   155    35   143   159    88    76    19   109    46   127   108   175    53    82    28     3    81    35   155   104    54    69    74    92   130    24   146    58    39   134     6     4   110    18    97 
   78    77    85   105    30    73     5   125    42   122    69    92    90    81   152    70   117    24    99    54   165   173   127   176   102    29   157   161   140    71   146   136    92    28    49    95    38   124    90   143    12    70    40     1    98   144    68    85    77    64    70    31    61   136    74    40   145    44   113    61    80   119   110   141    82    58    37   148   135    57 
   70    51    70    70    67   116     4   105   141    77    60    27    60   153     8    81    40   151    21   140   104    69    97   119    33    84   103   152   167     7   114    28   120    75   143    18    29     3    59    90    49    31   152    30    13   162    85    83   113    52   178    14   146   106   114   102    28    71   104   162    66   121   148    70     2    61    85    83   133   171 

  0.26