25 12
6
      6969
      5628
      6111
      6402
      5933
      7100
  1.4  13.9 644.8   2.0 
  1.1  43.7 175.0   1.7 
  2.4  20.9 945.1   2.3 
  2.9  14.7 635.7   2.3 
  2.3  44.5 700.9   1.8 
  2.6  42.8 229.5   1.7 
  3.8  14.6 504.6   1.6 
  1.7  28.0 587.7   2.3 
  4.7  21.2 177.2   1.8 
  4.7  29.3 164.5   2.2 
  3.6  27.6 811.9   1.5 
  1.2  44.4 380.1   2.2 
  4.0  37.7 253.1   1.6 
  2.8  43.8 873.0   1.7 
  1.8  35.2 545.4   2.0 
  4.1  29.9 553.4   2.1 
  1.3  43.1 902.1   1.7 
  4.3  49.4  86.5   1.5 
  4.1  44.4 196.8   1.7 
  1.9  34.6 561.5   2.2 
  3.2  46.5 192.9   2.3 
  3.1  30.0 377.3   1.8 
  4.7  41.9 484.1   2.1 
  2.8  33.1 631.7   1.8 
  4.8  40.1 226.0   1.9 
  2.9  40.4 162.7   1.8 
  1.6  12.7 767.9   2.3 
  2.2  32.3 212.7   2.1 
  2.5  39.6 837.1   2.2 
  2.7  28.8 491.3   2.2 
  1.2  30.7 344.7   2.2 
  1.8  43.7 815.8   2.2 
  1.0  39.1 857.6   2.3 
  3.6  47.5 280.2   2.0 
  2.6  18.6 873.9   2.1 
  1.8  32.9 423.1   1.8 
  1.1  32.2 200.6   2.2 
  3.4  48.5 737.6   1.9 
  1.9  28.8 700.8   1.7 
  2.5  24.2 188.5   1.7 
  4.6  32.7 742.0   2.0 
  1.6  42.4 897.5   2.2 
  4.9  30.0 749.0   1.6 
  2.4  24.5 881.0   2.4 
  1.7  22.4 534.1   1.5 
  2.8  49.4 794.9   1.7 
  1.2  17.0 320.1   2.4 
  4.5  25.1 754.7   2.1 
  2.1  34.7 274.9   2.5 
  1.7  11.0 741.7   1.8 
  2.2  44.6 948.0   1.7 
  4.2  26.5 653.5   2.4 
  2.4  16.4 172.6   2.3 
  1.4  36.1 152.3   1.9 
  3.5  49.6 238.6   1.9 
  1.5  17.2  78.6   2.4 
  1.6  35.2 365.6   2.1 
  3.7  15.3 911.0   1.6 
  3.4  36.3 915.4   1.6 
  1.1  21.7 434.2   2.4 
  1.3  42.4 821.4   1.6 
  2.9  25.3 417.1   1.8 
  2.5  49.7 786.0   2.2 
  4.1  28.2 313.4   1.7 
  2.7  44.1 171.7   1.5 
  2.1  22.3 935.0   2.3 
  3.5  21.6 144.4   2.4 
  2.9  24.5  58.3   1.6 
  3.6  46.1 455.2   2.0 
  2.1  25.3 622.4   2.2 
  3.8  31.3 907.4   1.8 
  4.9  32.1 515.2   2.0 
  1.2  47.6 319.3   2.2 
  4.8  35.7 843.9   2.3 
  2.4  37.1 918.2   1.8 
  1.1  18.4 639.8   2.1 
  3.3  21.7 945.6   1.5 
  4.5  11.9 674.0   2.4 
  4.3  45.4 414.0   1.8 
  2.2  36.0 710.1   2.4 
  1.4  21.9 672.4   1.8 
  4.5  48.4 694.7   1.7 
  3.4  18.2 503.1   1.7 
  3.3  16.2  56.9   1.7 
  2.2  27.8 752.2   2.0 
  3.9  11.3  50.9   1.7 
  3.9  46.1 645.0   2.3 
  3.7  14.8 286.7   2.1 
  1.7  33.1 535.6   2.4 
  1.2  45.8 515.3   1.9 
  2.7  15.5 727.3   2.3 
  3.0  25.2 856.3   1.8 
  3.2  47.4 299.4   2.4 
  3.8  39.2 709.0   1.5 
  1.5  30.9 692.6   1.7 
  4.2  11.6 455.3   2.3 
  4.9  12.1 589.9   2.1 
  2.0  27.9 395.5   1.9 
  4.3  14.6 946.6   2.3 
  1.6  43.1 222.4   1.8 
  1.9  30.8 287.9   2.3 
  1.2  33.3 520.8   2.3 
  1.9  22.5 636.3   2.5 
  4.7  33.2 537.7   2.3 
  2.1  20.6 787.2   1.9 
  2.5  22.6  87.4   2.5 
  1.3  38.4 447.3   2.0 
  3.0  45.0 776.7   2.2 
  2.5  40.7 683.5   2.3 
  4.2  25.0 680.6   2.0 
  1.8  28.5 734.7   2.3 
  2.7  15.6 896.7   2.4 
  2.9  37.1 730.2   1.6 
  3.0  21.9 728.7   1.5 
  1.9  44.0 146.2   2.2 
  4.2  12.5 354.4   1.7 
  1.2  48.9 792.0   1.7 
  1.8  47.1 893.5   2.4 
  4.4  17.4 298.2   2.4 
  1.3  27.4 875.7   2.2 
  4.5  14.4  51.5   2.2 
  1.0  49.6 133.1   2.5 
  2.6  13.8 408.6   1.6 
  1.8  20.6  89.3   2.4 
  3.3  21.1 167.0   2.4 
  1.1  14.6 823.6   1.7 
  3.4  18.5 396.2   2.1 
  4.1  33.6 323.4   2.5 
  3.0  49.9 241.7   2.2 
  4.7  28.9 737.7   1.7 
  5.0  31.1 382.0   1.7 
  4.0  37.2 103.7   2.4 
  3.4  30.4 910.4   1.9 
  3.9  28.5 721.7   2.2 
  3.6  10.4 530.3   2.0 
  4.4  19.3 582.5   1.8 
  1.4  35.5 398.5   2.1 
  1.6  36.3  53.5   2.4 
  3.7  27.4 723.5   1.7 
  4.1  19.5 479.2   2.1 
  4.3  25.9 623.0   2.4 
  1.3  48.1 301.7   2.0 
  4.9  23.5 594.2   1.8 
  2.1  12.5  75.6   2.3 
  3.5  48.1 545.0   1.7 
  3.6  14.6 921.1   2.0 
  2.8  12.0 398.6   2.4 
  4.5  10.7 396.6   1.8 
  3.8  13.0 326.5   2.0 
  2.1  14.0 514.8   2.4 
  0.2   0.4   0.3   0.4   0.3   0.3   0.2   0.3   0.4   0.4   0.2   0.3   0.3   0.4   0.2   0.3   0.4   0.2   0.4   0.3   0.3   0.2   0.3   0.3   0.3   0.2   0.4   0.3   0.4   0.2   0.3   0.2   0.2   0.3   0.3   0.3   0.4   0.3   0.3   0.2   0.2   0.3   0.2   0.3   0.4   0.4   0.3   0.3   0.4   0.3   0.3   0.4   0.3   0.3   0.3   0.3   0.2   0.2   0.3   0.2   0.3   0.4   0.2   0.3   0.3   0.2   0.2   0.3   0.3   0.3   0.2   0.4   0.3   0.2   0.2   0.3   0.3   0.3   0.3   0.2   0.3   0.3   0.4   0.4   0.4   0.3   0.3   0.2   0.3   0.2   0.2   0.2   0.4   0.2   0.4   0.3   0.3   0.3   0.3   0.4   0.4   0.3   0.4   0.2   0.3   0.4   0.2   0.2   0.4   0.3   0.3   0.4   0.2   0.2   0.3   0.4   0.3   0.2   0.4   0.2   0.3   0.2   0.4   0.3   0.3   0.3   0.3   0.2   0.2   0.3   0.2   0.4   0.4   0.2   0.4   0.3   0.3   0.3   0.2   0.3   0.4   0.3   0.3   0.3   0.4   0.4   0.4   0.4   0.2   0.3 
   80   149    16   154    13   114   167    37    66    40    13   144    53    41    90    49    15    10   179    49    67    14   153   139   175    96    57   151   115   146   107    28    10   101    38    70   149   101    60    90   132    20   118     3   175    55    99    66    71   141    70    22   175    40    83   107    63   136   117    65   156    16    66   110    80    35    40     9    34   121   164    97    87   107    89    15   169   149    58    62    23   150   177    88    51    65    36    64   128   129 
   49    56   157   132   148    87     9    43    70    86    13   101   153    12    30    10   151    29    44    57   170   120   162    27    39    85   173    64   108    49   154    23   175    64    61    34   149   165   144   119   159   139   151   130   120   150   140    86    52    17    58    88    98   143    95   159   108    17     4   112    96    73    99    99    48    55    76    67   131   149    50   110   102   125    25    79    66   132   101    37    39   172    16    96    57    89    44    12   160   151 
   42   135    95   173   145   128    84   129   104   141    68   141   139   110    48   149   117     3   105    36    57   166    54   165   163   128   150    76   143   124     5   136    14    22    66   139    53    13   108    59    76    88   165    66    56   125    31   178   129    73    31    59    80   152    16   139    50    90    54    27   152   104   167   158    93   111    45   174    54    58   136    15   141     1   146   109   178   132   100   115   127    77    15   146   147    78    60   153   157    45 
    3    79   103    29    57    20    10    94   138     2    81    82    88   149   121    84    17   141    56    58   140    41   159    48   114    21   157    10    84   130   150    33   107    37   163   155   109    89    34    40   124   119   111    31    30    90   100    38    20    63   109   109    85   109   174   144    23    86   162   149   156   132   153   176   176    96    28    64   110   152   111    28   115    42    48    95    48   102    88   142   105    20    37    73   150    28    74    14    33    65 
  135   111   105   163    35    38     3   142    19   103    60    82    83    46   114   139   125   130   140    95   108   109    62   144    71   177    76    47   126   156    94   130   177     7   121   142   146   109    11   139    72    41     2   168    88   144    41   102    65   126    15    40   120    98   118    70    90    41   176   153   165   135    56   142    34   165   113   161   117    11    75    59    89    68    70    33    91   111    88   112    95   113   125    31    16    84    48   115     7    62 
  122    77    54    28    90   156    75   179   100   128   110    27   157    20     3    92   120    44   126   137    14   174   103    21   116    52    58    38   117    86    35    92    25   125   156    31    57   125    61    82    43   130   103    82   156    13   104    88   146    52    51     3   168    18    62    92   137    87    31    19    65   103    96    65   141    75    67   151   142    88   118    36   176    94    40   178   172    21   100     4   119   156    60    55   164   101    76     2    73    17 
  111   173   148    14   106   118    75    24   173   146   173    69    80   167   156    39    79   150   159   178   103    39    18   140   126    58   178     0    80    15   139    97   111   159    19    16    11    22    46    49   140    47    69   110   145    80   142    76    43    66    65    91   167    25   126     7    33    20    74   178   173   171   162    20   114   105    60    70    26    88   136    29    39   113     7    63   109    12   125    86    34    42   179    90   135   176    18    82    47   102 
  144   114   125   152    33    49     1    33   100     6   129    23   164    40    99   158    70    95   173    37   174     0    99    91   149    47   120    89   166    79    42    62   174   115   129     8    84   102    58    78    60   100    75    43    10    97   123     7    11   125   130   114    15   117   167   135    80   121   141   160    29    78    93   151   145   122    56    92    13    68   179    16   145    48   156    11   179    65   150    28   157   131   102   154    17    64   161    95    41    69 
   41    30   148    57    99   146    46    37    93    68   146   119   177    67   115   128   165     6     0    15   138    25     4    52   117    78    21    52   117   179   103    99    51   164     2    38   163   164    18    21   146    16   158   105    15   108    36   137    33    13    84     2    65   140    98    17    62    45    17     1    75   161    72   133    59   179     0    74    59    47    14   162   166   142   177   124     6    88     5    37   103    59    79    90    78     8    12   135    32   170 
   51   109   117    42   154    61   163    72   179    15   127     1    48    60   157    94   148   167   105    20    57    15   174    61   147     0   177    56   101    88    27     4   139   104   167   118   133    69    37   134   156   104    69   128    78   170    45    36   125    79   114   148    42    27     2    79   151   148    93   148    27   141   111   150    60    43   166   179    20    58    71    19   104    95   166   179   122    38    94    95   116    53   168   137   151   127    30    21   140    34 
  120   143    56   172   140   117    60    36    77   105    22   124   143    29    82    86     2   124    14   153    46   122   118   129   146   149   160    13   173   154   158    28    20   121   127    25   114    43   126   179    91   177   122   109    38   115    80    95    34     2   153   175   120   144   113    28   103    85    82    67   141    86    75    92    75   164    25   131   174   172    64    48   164    28    19    46    75    12   117    32    88    49    64    50    97    74    32    41    25   111 
  129   158    11   102   174   164   154    25    61    46    30    44    60   109    88    92    21   141    70   136    64    88    60    74     5   176    17   161   159   105    77   146    18   177    56    73   141     5   109    61    86   144   135   122   148    40   104   145     8     7   141   121    55   165   174    14   131    40   119     7    79    32   173    51    59   152    25   106    37    39    80   179   126    32   155    65   152    90   126    64   100     5    69     1    71    51    14    94    24   124 
   29   159     1   110   162    18   177   120    41   139   176   120    54   158    93   139    79   160    65   126    45    53    34   142   153    57   100   104    37   121    60   139    84     1    77    79   156    60    77    72    86    94    35    19    41     7     3   100   175   113    19    16    76    44     1   100   144   163    52   144 
   33   144   179   134    50   116    13    12    98   131    83   159    20   126   141    63   114    34   163     3   133    17    49    62    16    90   161    29    89   145   179   114     5   160    78    92   139    35   169     0    81    19    82    54   154   121    98   117    11   102   162    56   113   131    79   161    74    24    75    41 
   20   111    63   141    17   134    87    63    87   145   152   157    31   125    89   112    60    85    53   102    68    98    72    26   123   126   137   100   153   161   168    33   132    49   133    14    13   124    74    75    20    67   127   120    30    64    32   130    76    47    88   143    17    11    85    33     4    12    64    14 
   63    32    17    16   168   137    55    92   131    25   108   173    33    80    92    76   149   179    28    96   174   131    46    93   117    81    86    94   107   166    40     0    20   122    99    16    23    31    27   155    30   111   179   116    83   165   128    86    94     9   165    62     2   150     9   168   108    47    79   172 
  111    43    65    86    82    52    85    82   131   172   160   149    11   177    29     1    69   121    24     2   118    48    49    38    49    12   128   155   147   148   108   140   110   179   160    40    99     8     1    69   110    44   150    70    61   163   142   144    45    16   101    37   178    56    13    49   100    35   174    72 
   28   105   120   159     4    81    56   150    25   151    53     3    43   108    32   142    29    45   160    56    25   166    94    57    20   138   150    52    50   140    30    78    89    96    19   122   154    41    71    81    46   142   169    92   169    17    17   103   163   150   137   152   100   121   170    33    93   145    12    88 
    6    32   174   105   160   110    36   154    40    65    25   170   144   120    47    74    61    22    77   114    11    36    17   174    28    50     5     6    25   125    27   121    67   173   126   110    47    79   130    35     8   173   171    43   142    10   177   162   141     0     9    74   121    50   155    59    48    78   162   146 
   29   131   156   178    88   176   159    81    38   105    34    67    84     7   174   145    59   141   148   149    80   176    98    11    95    66   124   168    73    13   134    90    45   109   110   135   119   175    60   172   170    28    98    91    17    24    28   152   179    76   105   145   133   113   120   116   114    62   164   116 
   23    16   124   160   158    72   171    94    31   155   138    46    12    44    11   107   179   176    84    67    88    21    33     4   146    27    13   162   154    11   174   101   109    35    31   104   140    16    11    36   104    17    64    20   178    64    54   174   130   132    62    26   149   166    84    61    56   172    50   120 
  178   155    40   157   148    10   104    99    92    91    55    46   172   108     7     2   179   125    91   136    52   140   113    85   112    22   157    88    71   123   157   119    63   153    35   167    54    18    80    82    25    77    45   129    49     3    35   144    64   125    77   150   132    84    22   165   153   159    22   120 
  106    58     5   144   126   125   100   167   166     1    17   113   165    91    75   108    63   114    44     3    31     4   158   110    85   134    55   146    45   133   117    53     9    91    25    78   170   178    12     0    15   122    11    90    54   121   175   163   137    29   104   159    56    65    42    94    85    89   110   117 
  161    62    90   163    81    20    66    83   101    59    47    98    47   129     2    87    60    61    39   113    60     9    26   107   168    30    65   167    14     1    53   149    30   153     7    43    30   164   124    41   138   164   161    26   122   177   150    79    89   172   104    14    56    66    37     1   155     2     5    91 

  0.21
  0.35
  0.32
  0.29
  0.38
  0.27
  0.26
  0.39
  0.29
  0.27
  0.26
  0.23
  0.23
  0.32
  0.33