90 12
15
26763
26827
24848
25203
24182
24751
23490
24213
25888
26370
24927
23801
26188
26127
26123
2.5 51.1 35.1 2.2
1.9 22.6 21.2 2.3
4.9 21.9 25.9 1.5
5 62.9 12.3 2.5
2.9 70.9 44 1.7
3.8 37.7 79.9 1.7
3.6 46.6 38.5 2.4
2.3 32.5 62.4 2.2
2 43.3 42.7 2.4
1.3 27 58.1 2.1
2.2 42.4 19.7 1.8
3.2 71 87.3 1.6
3.3 62 14.4 1.6
4.9 20.6 17.4 1.7
5 28.3 78 2
4 35.2 21.8 1.9
3.1 27.3 52.4 2.3
3.7 53.9 30.3 1.5
3.6 68.2 92 2.1
2.4 70.4 32.5 1.8
1.2 71.7 85.5 2.3
3.1 39.1 83.3 2.4
3.9 67 56.7 2.1
1.7 62.3 91.1 2
4.1 52.3 49.3 2.3
3.4 16 57 2
4.1 54.7 19.9 2.3
2.4 46.7 19.1 1.5
1.1 58.3 38 2.3
3.6 74.2 49.4 2.1
3.9 15.5 78 2
3.6 62.9 34.9 2
4.9 48.1 24.4 1.8
2.4 61.9 48.1 2
2.5 18.6 52.9 1.9
2.9 28.7 94.7 1.9
2.5 15.2 15.6 1.6
1.3 55.8 56.9 2.2
3.7 25.1 34.8 1.6
4.1 72.5 11.7 1.5
3.3 20.9 50.3 1.7
3.9 16.7 82.1 2.2
4.8 54.8 92.8 1.9
4.5 72.5 46.4 2.4
2 20.3 84.4 2.3
4.2 74.4 25.5 2.5
2.6 19.7 84 1.8
3.5 59.6 89.3 1.6
3.2 28.6 51.8 2.2
2.7 40.5 57.2 2.2
1.8 52.8 6.7 1.8
3.5 30 33.9 1.6
1.8 72 92.5 2
2.1 58.6 74.8 1.6
4.6 25.7 14.4 2.5
4.3 24 31.1 1.8
4.2 35.2 69.9 1.7
2.5 20.8 29.5 2
1.9 21.5 52.3 1.8
2.5 20.6 22.5 2.3
3.9 39.4 32.1 2.2
2.4 69.8 6.2 1.9
3 69.6 36.8 1.8
1.9 27.8 33.5 2.5
4.7 60.1 28.5 1.7
2.5 44 52.1 1.9
4.1 38.9 50.2 1.9
4.5 72.1 18.5 2
4.5 56.3 56.7 1.7
1.1 66.3 5.8 1.5
4.6 73.3 80.7 2.4
3.1 26.3 9.3 1.8
2.4 69.7 82.3 2.4
4 43.3 71.3 2.3
3.6 53.3 59.7 2
3.9 56.4 72.7 2.1
4.8 33 71.9 2.3
2.6 28 81 2.4
1.4 54.3 87.3 1.9
3.4 68.1 35.6 2.1
3.8 64.9 20.3 2.3
2.5 45.3 22.6 1.5
2.3 74.9 49.5 1.6
3.3 40.5 66.1 1.7
1.2 66.5 50.9 1.9
2 53.7 81.2 2.2
4.6 47.2 67.4 1.6
3.7 49.6 7.8 2.3
1.9 62.1 32.5 1.9
1.3 58.4 48.7 2
3.6 17.1 36.7 2.3
4.3 25.2 50.1 1.5
2.7 20.5 23.3 2.5
3.2 18.4 55.7 2.2
2.2 43.1 47.5 2
3.8 34.1 78.4 2.4
3.6 50 90 2.4
1.7 35.7 90.8 1.6
1.2 33.1 20.5 2.4
4.1 23.9 36.3 2.3
2.1 40.3 87.8 2.2
2.5 49.7 24.3 2.3
4.8 43.5 33 1.9
2.6 47 14.4 1.7
4.7 34.8 87.2 2.1
1.1 29.6 64.9 1.5
3.2 18.6 19.4 1.7
3.7 24.8 72.2 1.9
1.7 33.5 78.4 1.6
4.8 40.4 51.9 2.5
2 74.2 77.2 2
3.3 16.8 81.7 2.2
4.3 73.8 56.6 2
2.4 46.8 21.4 1.9
3.5 24.4 35.8 2.5
3.5 61.5 59.6 1.9
4.4 19.4 38.6 1.5
4.5 67.2 38 2
4.1 44.9 17 2
3.6 70.1 83.6 1.9
3.8 60.7 77.1 2
4.2 19.2 39.7 2.2
4.9 44.5 13.9 2.5
1.6 41.7 67.4 1.5
1.9 65.1 21.7 1.7
1.4 55.7 87.5 1.8
2.2 37.4 69.9 2
3.7 32.6 7.7 1.7
2.5 25.9 44.5 1.8
5 62.3 69.8 2.2
2.3 22.3 37.8 2
1.7 24.3 29.5 1.6
3.2 57.1 49.2 1.8
4.3 48.9 45.9 1.6
2.1 44.8 85.1 2.2
3.5 61.6 59.2 1.6
2.5 35.1 39.2 2.4
3.5 70.2 74 1.5
4.2 17.1 36.5 1.9
2.9 28.4 39.5 1.9
3.5 53.7 80.1 2.5
4.2 40.4 11.7 1.9
3.3 60.4 55 2
1.2 67 20.5 2.1
2.2 35.2 74.3 1.6
1.7 54.6 43.7 2
4.3 55.9 50.3 1.7
1.6 62.1 78.3 1.7
1.1 69.7 47.3 2.5
3.4 70.4 26.6 2.3
4.6 59 28.6 2.4
3.9 57.2 72.5 1.8
1.1 20.8 42.7 2.2
4.2 71.3 84.9 2.4
4.4 34.8 57.2 1.6
2.8 39.1 65.5 1.8
2.1 68.6 63.8 1.6
3.3 32.9 17.2 1.9
1.8 66.6 31.4 2.4
3.3 19.8 46.7 2.4
3.8 36.2 71.6 1.8
1.2 17.7 54 1.9
2.7 61.3 34.6 2.1
2.4 27.6 15.6 2
2.1 37.4 53.2 2
3.3 31 52.3 2.5
3.9 23.6 84.3 2.2
2.8 64.4 79.7 2.4
1.8 74.1 66.6 1.8
1.7 26.3 79.7 1.8
2.2 50.6 23.2 2
4.7 50.7 35.5 2.4
4.5 31.5 17.6 1.7
4.6 31.6 68.5 1.5
3.5 37.7 29 2
4.2 55.3 62.6 2.5
4.4 40.5 69.8 2.4
4.6 25.4 47.2 1.6
1.1 28.3 12.9 1.7
3.6 35.6 8.5 1.8
4.3 66.8 77.6 2
1.9 51.8 38.4 1.6
2.8 57.4 28.5 2.4
1.3 24.1 10.6 1.8
1.3 22.2 94.8 2
1.9 42.9 58.3 2.2
1.8 29.6 76.5 2.4
3.8 51.4 40.6 1.8
1.8 70.8 66.9 1.6
3.3 63.7 79.2 2.1
3 65.4 92.1 1.7
4.1 20.5 76.8 1.7
1.6 30 80.1 1.7
2.8 60.8 71.8 1.8
2.3 31.7 19.8 2
3.3 73.8 25.6 1.9
3.3 32.9 49.8 1.6
1.7 68 41.8 2.3
4.9 72.8 8 2.1
1.1 66.9 50.7 1.8
2 33 45.3 1.9
2.9 46.9 79.3 2.1
5 51.7 24.8 1.5
4.1 44.6 81.2 1.5
1.2 23.6 49.5 2
3.6 62.2 5.3 1.7
3.4 26.4 79 2.1
3 33.7 62.8 1.7
1.8 54.4 74.2 1.6
3.2 36.3 16.8 2.3
3 22.9 90.6 1.9
3.2 54.9 53.2 2.4
2.7 52.3 48 2
2 17.1 9.4 1.6
4 17.1 73.8 2
1.2 19.2 58.9 2.3
2.8 67.4 55.1 1.8
1.1 46.2 49 2.1
2.6 61.6 68.2 1.5
1.6 63.8 79.7 2.4
5 18.8 66.5 2.1
2.2 50.4 73.7 2.1
4.1 73.4 41.4 2.2
3.2 35 69.7 2.5
2 65.9 59.2 1.6
1.9 31.5 62.2 1.7
1.5 61 14.6 1.7
3.8 47.5 75.1 1.7
4.7 69.9 39.6 1.7
1.6 34 61.4 2.5
4.2 64.1 78.5 1.8
1 65 82.6 2.2
3.9 55.8 19.7 2.3
2.2 42.5 93.4 2.1
4.7 67.2 28.2 2
3.3 62.6 66.8 2
1.5 69.5 93.3 2.5
3 70.1 35.8 2.4
2.8 43.5 33.3 2.1
1.2 53.8 29.9 2.1
3.7 60.7 71.3 1.9
3.5 61.3 39.6 1.7
3.1 17.3 62.6 1.6
4.5 15.8 36.8 1.9
1.6 37.3 57.6 2.2
4.5 48.8 73.6 1.5
4.2 57.1 91.5 1.5
2.1 24.7 89.1 2.3
1.9 67 11.3 1.9
3.1 50.2 21.4 2.2
4.4 38 64 1.8
3.4 64.5 62 1.9
3.6 28.1 16 1.6
4.3 16.3 27.7 1.5
4.3 57.8 82 2
1.5 25.2 77 1.5
1.4 40 90.8 2.1
4.1 38.3 27.3 1.7
5 46.4 14.9 2.3
1.9 42.9 10.6 1.8
2.4 19.6 31.3 2.2
4.7 68.4 17.8 2
4.6 70.9 49.7 2
2.4 51.3 13.6 1.6
1.1 64.9 9.2 1.6
4.8 22.6 31.9 1.8
2.1 63.3 31.8 2.1
2.8 40.8 56.1 2.4
3.5 26.7 34.3 2.4
3.6 23.8 72.6 2.3
4.1 21.8 87.3 1.8
1.6 53.9 88 2
1.2 19.7 40.1 2.4
1.9 31.6 61.9 2.4
1.7 62.1 9.7 1.6
1.8 55 59.5 2.3
4.3 73.5 79.4 2.5
3.2 22.3 70.7 1.6
2.6 24.8 36.5 1.6
4.5 63 20.4 2
3.1 53.7 57.6 1.7
4.6 51.1 40.7 2.3
3 18 45.4 2
1.6 71.7 74.7 1.6
4 38.7 9.8 1.6
3.5 67.8 64.2 1.6
4.5 24.2 40 2
2.3 65.9 56.2 1.5
4.9 26.5 23.3 1.8
2.7 64.6 35.1 2.1
3.1 17.7 38.9 2.2
2.5 67.7 16.2 1.7
1.6 42.8 36.1 1.8
3.4 18.9 84.8 1.7
3.1 63.4 82.3 2
2.9 15 24.5 2.4
4.2 63 18.5 1.7
4.6 48.8 80.7 1.9
4.9 58.7 91.8 2.1
4.5 58.7 50.6 2.2
1.9 66.5 14.3 1.7
1 68.7 91.8 1.7
1.8 65.3 33.2 2.5
1 20.8 18.2 2.2
3.2 65 12 2.4
4.9 36.7 62.1 2.3
5 32.7 85.2 2.4
5 41.9 54.8 2.1
2.2 16.2 60.9 2
2.2 43.4 33.6 2.3
4.4 71.5 71.8 1.6
4.9 34.4 76.4 1.7
3.5 26.6 91.6 1.8
1.4 72.1 91 1.9
1.5 74.8 51.8 2.1
1.5 54.7 22.4 1.5
1.4 45.9 62.7 2.4
1.7 68.6 57.7 2.1
2.2 64.2 69.6 1.9
2.7 46 94.2 1.7
2.5 43.4 66.1 1.5
1.2 70.1 59.3 1.9
4.7 26.9 90.2 2.5
2.2 59.2 11 2.1
3.7 74.5 68.7 2.3
4.1 25.8 88.4 2
4.8 26.9 28.8 1.7
3.8 24.7 6.9 2.3
3.5 39.3 18.3 1.6
1.9 65.1 23.9 2.3
3.2 71.2 27.6 2.5
4.9 71.5 74 2
3.5 55.7 12.6 2.2
4.4 60.1 85 1.7
2.5 54.2 67.2 2.3
2.5 48.7 89.5 1.7
1.6 54.5 82.1 1.6
3.9 62.5 41.7 2.1
5 30.4 52.3 2.5
1.9 33.5 37.6 1.8
3.6 36.3 68.4 2
2.9 18.9 77.7 2.4
4.1 71.2 26.9 1.8
4.8 24.8 85.1 2.4
2.4 55.8 87.4 1.9
1.6 62.6 19.2 2.5
1.1 24.7 73 1.9
1 41.1 33.9 2
1.8 61.5 17.6 2.1
1.4 25.4 27.5 1.9
3.2 56.6 41.8 1.9
1.6 17.5 16.6 2.5
3.4 73.7 6.3 2
1.4 23.5 67.5 1.9
1.9 27 62.6 2.2
1.1 44.5 82.1 2.1
3.9 15.7 21.7 1.8
3.3 57.6 24.2 2.2
1.7 73.2 24.2 2.2
2.8 74.8 43.3 1.6
4.2 56.4 60.7 2
4 52.1 30.3 2.5
3.2 63.8 25.7 2.1
4.2 22.1 32.8 1.8
4.1 47.3 79.4 2.4
4.4 42.1 59.1 1.9
3.3 61.8 21.8 2.3
3.6 62.5 17.9 2.2
1.2 37.6 16.3 1.8
3.3 33.7 5.5 1.7
2.7 42.3 28.2 2.3
1.7 33.3 57 1.9
2.4 74.5 90.7 2.1
3.8 34.2 77.5 1.8
1 58.3 38.7 2.4
2.3 63.2 89.4 1.5
2.9 53.6 28.7 2.3
1.5 26.2 67.8 1.5
2.7 71.4 41.8 2.4
3.7 59.6 27.9 2.3
2.2 25.7 22.5 1.6
4.3 40.5 81.1 1.8
1.3 42.1 24.7 2.4
2 74.8 46.9 1.8
2.3 54.1 92.4 2.1
2.5 61.2 73.6 2
3.7 55.1 91.2 2.4
4.2 20 84.8 1.6
3.3 42.7 25.3 1.6
1 15.2 93.3 2.1
1.6 67.1 52 2
2.9 56.1 70.3 2
1.5 27.3 83.2 2.5
2 66.6 71.8 2
4.9 47.6 12.6 2.3
3.4 45.3 64.5 2
3.1 52.6 19 1.6
1.7 73 81.4 2.3
2.8 73.1 88.5 2.1
2.5 72.1 70.4 2.5
2.3 18.7 54 2.3
3.4 42.4 65.8 2.3
1.2 61.2 67 1.7
3.6 28.8 29.8 1.7
2.3 73.8 54.1 1.9
1.1 48.5 10.5 1.6
1.2 69.5 33.1 2.5
4.6 17.1 68.7 2
4.7 59.1 13.5 1.7
2.8 64.2 12.2 1.9
2.6 37.7 81.1 2.1
1.3 50.3 14.9 1.6
3.3 52.8 9.1 1.8
4.2 49.2 16.3 2.1
1.6 45.9 14.7 2.3
1.8 70.4 72.9 2.1
2.5 68.8 11.5 1.8
2.2 27.7 52.1 1.7
3.3 19.5 5.6 2.5
4.4 19.4 66.3 2.4
1.9 26.1 43.4 2.1
4 57.7 44.8 2.5
3.7 23.4 45.3 1.7
2.9 51.4 57 1.5
3.8 73.1 29.3 2.2
3.2 37.7 73.5 1.6
2.5 40.6 12.2 2.2
3.8 52.8 6.9 2.2
2.3 16.8 69.3 2.1
3.9 28.2 5.9 1.6
1.5 46.2 86.9 2.3
1.1 47.3 17.8 2.2
1.6 24.2 12.4 1.8
1.8 47.2 29.1 1.9
3.1 62 70.6 1.8
4.2 55.1 10.1 1.7
1.1 58.4 71 2.2
2.7 53 59.4 1.9
4.5 17.1 67.1 2
4.5 23.9 9.5 2.5
4.7 23.5 61.2 2.2
3.5 39.5 91 2.1
1.2 54.1 35.1 1.8
4.2 33.8 85.1 2
2.6 41.7 28.6 1.8
4.7 66.4 46.4 2.2
3.3 22.7 34.2 2.3
3.9 32.2 37.4 2
2 17.4 40.5 2.4
1.7 37.2 49.6 2.1
1.2 61.7 36.9 2.4
4.5 20.4 80.6 1.8
3.7 65.6 54.9 1.5
3 71.7 57.8 2.3
3.8 26 69.6 1.9
4.5 19.5 17.9 2.4
2.4 16.3 24.7 1.9
3.7 15.6 9.3 2.5
3.7 36.3 83.3 2
1.3 74.9 64.8 1.6
1.7 59.5 79.4 1.8
4.6 51.7 34.9 1.5
2.7 30.5 62.5 2
4.5 20.3 86.7 1.6
2.8 30.5 93.5 2.1
2.7 17.9 49.2 2.5
2.5 44.6 28.1 1.6
2.3 25.7 8.9 1.5
1.8 54.7 78.5 1.7
2.3 48.4 66.7 1.7
3.7 48.2 31.2 2
2.2 55.7 68.7 2.1
1.4 28.7 24.6 2.3
2 24.7 89.8 1.5
4.1 51 48.8 1.9
2 36.2 18.3 2.1
4.9 41.2 55.8 2.3
2.4 18.5 49.2 1.9
1.1 30.7 25.7 2.3
3.3 62.9 77.2 1.7
2.1 45.4 70.5 2.5
4.9 41.5 26 2.2
4.7 68.1 6.6 1.7
1.8 24 26.8 2.1
4 43.4 52 2
3.7 26.3 86.2 1.5
1.7 43.2 18.3 1.7
2.2 42.5 49.6 1.8
4.2 36 82.9 2.5
2.3 49.1 68.6 2.3
1 41.6 82.2 2.3
1.8 16.6 80.2 2.3
2.8 56.4 46 2.2
4.5 26.2 91.3 1.8
2.3 64.5 46 1.7
3.6 37.6 22.2 2.1
4.2 46.8 59.9 2.1
3.6 71.4 78.8 1.7
1 21.9 25.4 1.6
4.3 60.5 77.5 2.4
2.2 29.2 8.8 1.8
4.2 38.8 72.5 1.7
1.4 39.3 34.1 2.1
3.2 56.2 63.3 1.9
1.9 24.8 53.7 2.4
2.2 29.7 94.1 1.9
3.2 15.4 66.2 1.8
3.6 19.8 5.9 1.9
2.8 27.2 75.3 2.1
5 31.1 29.5 1.9
1.5 65.1 74.8 1.6
2.8 37.4 66.7 2
1.7 25.9 24.8 1.9
1.2 65.2 20.6 2.1
4.1 25.3 69.5 1.9
1.8 18.5 18.8 2.4
1.1 28.9 85.1 1.6
3.7 50.1 18.3 2.2
1.5 66.4 31.4 1.8
3.4 65.9 94.1 2.2
3.9 32.1 22.3 1.6
4.7 40.6 42.6 2.1
1.6 15.5 53.1 1.7
1.1 29.7 34.9 2.3
3 50.6 44.6 2.3
2.1 47.7 54.3 2.4
1.4 74.1 41.2 2
3.5 60.4 76.4 2.4
3.4 35.9 69.6 2.3
1.9 20.9 24.1 1.8
2.8 55.3 28.9 2.1
3.3 75 53.6 2.3
4.3 65.2 71.9 2
3.1 68.7 36.3 2
4.8 50.1 22.5 2
4.5 21.4 13 1.8
4.9 22.5 81.7 2.4
4.6 22.7 5.1 1.7
2 62.2 72.2 1.9
1.2 25.7 23.1 1.9
2 55.9 78.8 1.7
4.4 23.4 70.4 2
4.9 48 55.7 2.2
1.1 60.4 53.3 2
3.3 18.5 32.6 2
2.3 50.6 86.1 1.7
1 18.8 16 2.1
1.9 41.5 9.8 1.8
4.5 26.1 89.5 2.1
2.1 48.9 61.9 2.1
4.9 72.1 34.2 1.7
3.2 36.3 57.8 1.7
2.6 24.5 82.5 1.8
1.5 61.5 40.8 2.1
3.5 70.8 43.3 1.5
1.7 64.2 80.6 1.7
2.9 51.1 28 2.2
4.1 44.5 80.6 1.8
2.3 37.2 86.1 2.2
1.9 43.3 33 1.9
3.2 16.5 31 1.8
1.7 21.4 8.7 2.2
4.9 60.5 86.9 1.9
3.1 67 42.4 1.6
1.2 28.3 44.2 1.9
3.4 31.7 38.5 2.2
1.5 42.8 38.2 1.8
1.1 36 64.1 2.1
2.2 43.3 57.6 2.2
3.8 23.1 17.8 1.9
5 41 68.2 2.3
1.1 26.3 58.3 2.4
3.3 50.3 75.1 1.7
1.5 49.3 11.7 1.9
3.2 19.2 90.1 1.8
1.5 33.4 39.7 1.8
4.6 61.5 19.9 1.9
2.3 67 57.4 2.4
2.1 20.4 47.3 2.1
2.9 43.9 76.7 2.3
3.8 38.1 46.3 1.7
2.7 23.3 48.7 1.9
2.4 40.3 67.8 1.7
1.1 49.2 53.1 2.1
1 44.1 39.8 2
1.6 53.5 35.9 1.9
1.9 45.3 16.9 2
2.5 55.9 86.8 1.7
3.8 73.4 74.4 2
2.1 43.5 33.4 2.3
4.9 22.3 6 1.6
1.6 61.6 31.5 2.4
3.1 54.7 36.4 1.9
4.7 34.4 74.5 1.7
1.7 55.9 64.3 1.8
4.8 67.4 10.6 2.2
1.4 66.2 9.9 1.9
2.4 24.2 30.2 1.9
3 71.7 57.2 2.4
4.8 36.2 27.4 2
4 55.3 36.6 1.6
1.5 69.9 84.9 1.8
4.3 42.8 84.6 1.6
1.1 19.5 79.9 1.5
1.1 17.9 80.8 2.3
2.3 31 82.4 2.4
4.1 20.3 16.7 2.2
3.7 65.9 16.8 2.2
1.3 21.6 30.8 2.2
3.2 36.5 57.1 1.8
1.5 35.7 85.6 1.9
1.7 46.7 47.1 1.9
1.3 19.1 22.6 1.7
3 16 42.6 1.5
1.3 72.6 59.4 1.9
3.6 23.8 94.9 2
3.8 74.6 56.6 2.2
2.4 68.3 72.1 2.4
2.9 57.5 51.5 2.3
3.6 30 39.3 2.2
3.5 45.3 6 2.5
3.5 33.3 13.5 1.6
4.7 20.1 74.3 2.4
1.4 39.1 86.2 1.9
3.4 67.7 13.2 2.1
4.8 35.2 62.4 1.6
2.9 58 26.9 1.7
2.9 45 86 2
1.8 26.6 14 1.8
4.9 41.5 51.9 1.5
3.2 60.8 57.5 2
3.2 53.5 81.4 2.1
4.1 19.5 11.4 2.4
4.7 34.2 42.8 1.6
4.3 43.2 33.1 1.8
4.7 56.3 31.8 1.6
2 43.2 44 2.2
2.3 53.7 11.9 2.3
4.3 50.4 81.5 2.2
1.9 39.7 74.1 2.3
2.1 55.8 75.7 2.1
4.1 34 62.9 1.9
2.9 59.5 22.2 1.7
1.5 28.7 44.9 2.1
1.1 18.5 65.6 2.2
1.3 57.7 34.4 1.9
2.4 48.7 68 1.8
2.3 71.8 86.8 1.7
4 39.1 73.8 1.9
3.3 46.9 69.9 2.5
1.3 28.5 91.9 2.3
2.1 36 41.3 1.8
3.6 56 35.7 2.3
1.9 21 73 1.8
2.7 45.3 8.9 1.8
3.4 27.5 89.3 2.4
3.9 68.7 70.3 2.4
3.7 65 31 2.2
1.4 60 82.1 1.6
4.3 37.6 8.5 1.5
2.1 58.5 26.9 1.8
4.5 61.7 59.3 2
1.4 50.8 69.2 2.3
2.6 45.4 19 2
2.3 68.5 91.2 2.3
1.1 57.7 76.2 1.6
3 72.6 57.8 1.9
4.3 21 68.8 1.9
1.2 70.5 36.1 2.3
3.1 41.9 88.9 2.1
2.7 33.1 63.7 1.6
2.8 59.2 33.3 2.5
4.9 55.6 56.1 2.3
2.2 27.2 25.3 2.5
1.4 25.8 64.9 2
3.6 52.3 80.8 2.3
1.2 18.1 54.2 2.2
3.9 20.6 39.5 1.9
3.4 34.2 50.1 1.7
1.3 17.4 53.4 2.1
2.5 62.6 66.7 1.7
3.3 45.4 50 2.2
1.5 37.8 37.1 1.8
4.6 61.6 59.2 2.2
3.7 31.5 61.8 2.4
3.9 16.9 89.8 2
1.3 57.9 18.9 2.3
3.1 51.2 51.4 2.4
3.9 34.8 78.4 1.9
3.8 45.1 49.9 1.8
1.6 34.8 85.3 1.7
3.7 23.4 20.6 2.1
1.2 59.3 49.8 1.9
1.7 44.2 27.2 2.1
4 71.3 80.2 1.9
4 72.2 88.7 2.2
1.5 71.6 15.3 2.1
2.7 36.7 6.6 1.8
1.5 31.3 67.1 1.7
4.4 72.9 35.7 2.4
3 26.5 19.1 1.6
1.8 18.4 5.9 1.9
1.5 54.7 26.5 1.6
2.6 65.4 28.1 1.6
3.1 17.5 68 1.6
4.5 41.5 92.1 1.7
1.9 32.6 16.7 2.3
4.8 19.9 82.2 1.9
1.9 66.3 78.4 2.4
3.8 35.8 82.3 2.1
4.6 70.9 88.3 1.6
1.2 46.6 20.4 1.6
2.3 27.3 89.9 2.3
3.7 51.2 32.6 2
4.5 33.9 32.8 2
1.7 65.2 69.1 2.4
4.3 69.6 52.6 2
2.8 40.1 47.4 1.8
2.5 16.3 46.8 2
2.2 50.2 11.2 2.4
4.3 52.7 36.8 1.7
2.5 28 68.8 1.9
1.6 56.2 51.6 2.4
4 74.3 10.5 2.5
2.9 48.1 56.1 2
1.9 47.4 56.1 2.2
4.7 35.1 36 1.8
2.6 62.9 11.4 2
4.4 73 56.9 2.4
2.9 22 51.5 2
4 69.3 66.1 1.5
3.1 64 55.9 2.1
5 32.9 23.8 1.7
1.1 44.6 50.3 1.5
4.2 55 56.6 2.1
4.7 54.9 56.3 2.3
2.3 38.1 16.2 2.4
2.5 62.3 73.8 2.4
4.6 74.9 76.3 2.3
2.9 64.6 38.7 1.8
1.3 57.2 27.5 1.7
3.1 23.5 48.5 1.8
4.4 52.6 78.5 1.9
2.2 68.4 45.5 1.5
2 72.5 48.8 2.5
1.2 34.7 16.8 2
2.9 24.2 6.6 1.6
2.1 48.2 6.3 1.5
2.9 69.8 17.5 2.4
2.8 66.5 70.9 1.9
2.3 60.9 58.1 1.6
1.2 58.9 89.5 1.7
4.8 59.6 21.1 1.9
4.3 22.2 62.3 1.9
2.2 22.5 47.4 1.5
3.1 57.3 70.8 2.5
4.4 30 7 1.7
3.8 52.4 37.5 2.3
1.7 64.1 14.9 2.3
4.3 24.6 86.5 2.5
2.3 30.9 19.6 2.5
1.6 74.1 52 1.8
1.9 63.2 10.5 2.4
3.9 74.7 67.5 1.5
1.3 27.8 48.8 2.1
3 69.2 35.2 2.5
2.5 29.6 28.7 2.4
1.2 25 53.1 2.2
3.8 34.6 45.3 2.4
1.5 68.2 21.6 1.6
4.1 60 48.8 2.4
3 52.9 90 2.2
4.9 71.7 64.9 1.6
3.1 55.1 69 1.5
4.3 58.9 76.4 2.5
3.6 54.8 24.7 2
1.1 46.9 24.3 1.8
4.3 47.4 41.5 2.1
3.7 60.8 72.4 1.8
1 33.1 74.4 1.6
4.1 62.8 44.4 2.2
1.2 41.2 7.1 2.4
4.1 15.8 49.3 1.5
2.7 38.5 34.4 2.3
4.4 58.7 93.7 1.8
4.9 18 35.3 1.6
2.7 46 13.8 2.2
3 51.3 54.8 1.8
4.1 69.8 39.4 1.9
4.7 50.6 77.3 2.3
1.3 47.4 60.4 2.4
1 48.1 21.6 2.3
2.8 35 52.1 2.2
1.8 18.5 78.9 2
3.5 59.7 32.2 2.3
2 32.5 40 1.9
4.2 45.6 16.5 2.2
2 63.8 15.2 1.8
3.6 35.4 49.3 1.7
1.9 32.3 60.2 2.2
2.8 25.4 34.8 1.8
4.1 63.9 84.6 2.1
1.2 68 19.2 1.6
2.8 64.5 6.9 1.7
2.7 32.8 84.2 1.6
3.4 16.6 35.9 1.8
4.6 17 86.6 2.4
3.2 34.9 37.6 1.5
1.8 60.4 43.6 1.6
2.6 43.6 28.5 1.8
2.6 23.5 34.6 2.2
3.3 54.8 61.1 2.3
4 73.4 29.2 1.7
3 29.1 45.4 1.6
1.6 34.2 30.7 2
4.5 25.3 93.9 1.8
2.9 51.7 42.1 2.3
2.9 15.9 78 1.8
1.6 66.8 83.2 1.8
4.5 28.4 89 1.6
2.4 38.6 19.9 1.7
2.8 38.4 89.8 1.5
2.4 31.4 37.6 2.2
3.6 69.2 85.2 1.9
3.5 31.1 14.5 1.8
4.2 42.2 65.1 1.6
1.1 67.3 36.1 2.2
2.1 64.6 36.9 2
1.9 44.3 14.2 1.9
1.4 31.3 90.2 2.4
4.8 54.5 39.5 1.6
1.2 67.9 65.3 2.1
3.3 15.5 21.6 2.4
3 68 69.3 1.9
3.5 54.6 79.3 2.4
3.3 72 79.2 1.7
4.2 56 37.8 1.7
2.9 19.9 53.7 1.5
1.1 52.8 24.9 1.7
3.7 26.4 19.5 1.6
1.7 18.3 48.9 1.8
4.9 49.5 27.5 2
3 56.6 20.7 2.4
1.2 49.9 19 2.3
3.6 74.8 69.1 2.4
3 67 94.1 2.4
3.3 46.9 82 2
4.8 31.9 75.4 1.6
4 58.9 20 1.9
4.5 54 77.4 1.7
1.8 16.6 87.8 2.1
3.9 28.6 56.8 2.3
5 71.1 15.2 2.2
5 39.6 31.1 1.6
1.4 69.5 45.1 1.9
1.7 72.1 16 2.3
1.5 25.9 16.3 1.9
2.4 61 61.7 2.1
3.9 66.4 73.9 2.5
2.8 34.4 54.6 2.1
2.3 68.3 8.1 1.5
2.9 15.4 67.1 1.7
4.5 47.4 42.2 2.1
1.5 36.3 53.2 2.3
4.7 48.5 57.4 1.9
2.5 62.1 68.3 2.1
2.6 36.1 49.6 2.4
3.1 61.8 12.7 2.4
1.9 60.1 15.8 1.6
1.2 18 82.1 2.3
3.9 15.3 37.6 2.1
4.7 54 53.9 2.1
3 37.3 70.4 1.9
2.5 15 54.2 1.7
4.5 57.5 82.4 2.2
4.1 32.5 10.5 2.2
4.7 68.7 78.4 2.2
3.3 64.1 21.4 1.5
4.9 52.1 37 1.5
2.3 59 88.5 2.1
3.3 72.4 65.6 2.4
1.8 57.2 83.9 2.1
2.2 37.9 88.8 1.6
2.5 58.4 69.5 1.6
5 32.7 50.7 2.2
4.2 71.8 15 1.5
2 18.9 24.2 1.8
3.1 69.6 80.1 2.1
4.3 65.1 87.3 2.3
1.7 61.3 43.1 1.8
3.4 29.8 57.6 2.2
5 74.2 54 1.5
3.6 69.2 70.4 2.5
1.9 73.4 28.6 1.6
5 54.3 87.3 2.1
3.6 43.3 36.8 2.2
1.4 58.4 56.3 2.4
3.9 17.4 28.9 2.2
1 51.8 46.9 1.8
3.5 49.4 49.5 1.9
2.5 21.9 21.4 1.5
3.5 16.2 60.7 1.8
1.8 35.4 31.2 2.2
4.6 66.7 18.9 1.6
1.3 66.6 26.5 2.3
1.4 56.2 54.1 2.1
2.4 46 73.3 2
1.3 59.3 28.4 1.8
4 16.6 20.5 2.2
2.4 25.2 25 1.5
4.2 74.1 10.2 1.9
2.1 24.6 72.9 2.2
3.3 25.2 24.1 2.2
4.9 59.9 65.8 1.6
3.8 52.4 81.2 2.3
4.4 46.1 84.5 2.4
3.4 37 46.2 1.9
2.3 67.7 46.6 2.3
4.4 32.3 78.6 2
4.5 46.9 78 2.2
1.9 66.7 64.7 1.7
2.6 34.5 20.8 2.1
2 55.6 23.7 2.4
4.4 39 84.7 1.9
2.1 69.4 89.8 1.9
3.3 57.1 39 1.6
2.9 73.9 93.1 1.7
1.1 50.9 78.7 1.9
3.1 24.5 12.3 1.9
1.5 57.6 74.6 1.9
3.5 28.3 27 1.8
1.2 25.2 25.2 2.1
1.4 39.5 92.8 2.2
2.7 17.6 68.8 2.3
3.8 67.9 86.2 1.9
4.2 35.6 26.3 1.7
2.4 69.3 87.8 1.9
4.7 21.4 83.5 2.3
2.4 40.8 65.8 1.8
3.7 52.4 42.4 2.2
3 64.1 63 2.3
2.7 38.4 9.6 2.2
2 58.9 92.5 1.8
2.5 26.7 5.3 2.2
3.7 72.7 71.8 2.2
4.1 42.8 15.5 1.9
4.5 23.6 12.9 1.6
1.9 21.9 53.6 2.3
3.8 23.8 18.1 2.3
4.7 44.8 86.6 1.8
2.4 19.9 65.5 1.6
1.2 51.4 27 1.6
4.2 35.9 51 1.8
3.7 59 22.1 1.8
1.4 28.7 70.8 2.1
4.3 72.3 33.8 1.8
4.4 59.6 13.7 2.4
2.8 37.1 76 2
2.9 38.6 74.8 2.4
3.8 54.2 32.3 2.5
3.4 18.6 12.3 2.4
4 65.1 62.9 2.2
2.1 15.6 62.4 1.8
1.3 47.6 12.7 1.7
4 43.6 74.6 2.4
1.4 59.1 11.6 2.1
1.9 37 69.6 1.8
5 46 74.5 2.1
4.7 35.1 23.9 2.3
2.4 64.9 66.6 1.7
1.9 58.8 63.4 2.1
2.1 56.9 23.3 2.5
2.3 52.9 34.3 2.1
2.7 54.8 81.8 2.4
3.8 46.7 67.2 2.4
1.1 58.1 87.7 1.7
1.8 73.2 93.2 2.1
2.5 31.3 65.8 2
3 73.1 83.1 1.6
2.3 26.1 65.2 2.4
4.3 37.8 53.6 2.3
1.9 31.1 90.7 2
3.9 21.9 33.7 2.3
4.1 42.7 47.3 1.5
1.1 68.1 88.5 1.7
1.4 21.1 49.4 1.9
3.3 43.3 67.8 1.6
1.8 59.7 21.2 2.4
3.1 42.4 85.7 1.6
4.2 22.3 25.9 2.5
1.8 64.4 79.7 2.4
1.5 69.1 45.4 2.1
4.1 20.9 29.1 2.2
2.6 34 9.8 2.2
1.7 43.2 89 2.4
2.3 50.5 57.6 1.5
4.3 17.7 55.3 2.1
1.2 22.6 29.1 2.2
1.3 16.7 26.7 2
3 71.6 14.2 2.3
4.1 55 30.2 2
4.2 52.9 92.3 1.6
3.4 63.2 77.8 2
1.2 64.8 65.3 2
2.7 68.4 87.9 2.2
4.5 71.4 8.4 1.6
2 41.8 84.7 1.9
2.5 29.7 58.7 2.1
2.1 53.1 58.5 2.4
2.4 46.3 17.4 1.9
4.9 55.6 57 2.2
2 16.8 32.3 1.8
2.7 45.2 94.8 1.9
1.1 46.7 23.7 2
2.5 33.8 88.7 1.9
1.9 42.4 6.8 2.4
4.6 17.5 74.5 1.6
2.1 54.1 57.4 1.9
1.2 19.5 38.7 2.1
1.1 72.9 78.1 2.1
1.1 50.1 23 2
3.7 73.1 30.2 1.9
3.4 26.3 77.5 2.3
4.4 20.4 28.6 2.1
4.3 42.9 36.4 2.5
3 73.3 50.3 2.4
2.6 38.3 20.3 2
1.4 35.2 64.7 1.9
3.7 59.5 63.3 2.4
2.2 24.4 66.4 2
2 23.1 50.3 1.6
3.1 72.2 48.3 2.4
1.8 74 32.7 2.2
2.8 37.8 83.5 2.1
2.9 44.4 58.6 1.8
2.1 44.2 14.1 1.5
3 39.7 28 2.2
2.8 34.6 92 2.4
2.5 26 81.3 1.7
2.9 50.1 17.1 2.2
3.3 40.5 35.3 1.6
3.8 15.3 62.1 1.5
3.9 72.2 40 2.3
2.7 30.5 44.6 2
1.2 20 49.3 1.7
3.2 23.7 92.3 1.5
2 36.5 36.7 2
3.4 22.8 20.4 1.9
3 62.4 54.4 2
4.2 63.4 10.2 1.7
1.2 70 37.8 2.2
4 57.4 74.1 2.3
2.8 72.4 38.2 2.3
4.6 56.4 38.4 1.6
1.1 28.8 21 2.4
4.1 49.8 23 1.6
1.4 45.1 35.1 2
4.4 37.8 51.1 2.2
2 74.1 64.2 2.3
4.9 73.4 12.1 2.2
1.8 60.3 30.1 1.7
3.4 23.6 37.6 2
1.4 55.6 30.3 2
1.6 29.4 52.5 2
3.6 19.3 87.6 2.5
1.9 28.8 74.6 2.3
4.2 39.5 66.6 2.3
1.6 42 87.1 2.1
3.5 70.1 61.6 1.9
4.7 58.1 66.8 2.4
4.4 71.9 62.4 2.4
5 67.8 37.3 2.1
1.2 44.8 19.3 2.2
4.9 41.8 83.9 2.2
3.6 46.8 86 1.9
2 28.9 83 1.9
2.7 37.1 64.5 2.2
5 59.5 70.6 1.8
1.3 32.3 75.5 2.3
1 44.7 8.8 2.1
3.9 43.5 30.5 1.7
2 33.2 94.3 1.9
4.3 62.9 29.5 2.5
1.3 32.5 55.6 1.8
4.8 29.4 45.8 1.9
1.5 67.5 20.2 2
2.7 17.7 37 2.1
2.9 69.7 27.2 2.3
2.1 35.1 22 2
4 17.6 63.8 2.4
2.8 62.2 46.4 1.7
2.3 73.2 80.3 1.7
3.3 30.7 77.5 1.8
4.7 62.7 21.2 2.2
4 59.1 25 1.9
4.8 70.1 39.9 1.7
2.2 56.1 10.1 2.2
4.1 39.7 73.2 2.3
2.5 53.5 33.1 2.2
3.1 73.7 83.3 2.1
1.3 18.8 16.1 1.6
1.4 17.8 29.2 2.1
1.9 66.5 33.2 1.6
1.1 64.1 27.1 1.7
2.5 22.7 59.5 1.9
4.8 31.2 85.8 2.4
1.3 64.4 43.1 2.1
4.9 33.6 15.8 2
4.4 25.8 70.6 1.7
1.2 41 18.4 1.7
4.7 18.8 61.8 1.8
2.9 45.7 79.6 1.6
3.6 23.1 22.2 1.7
2.9 62.5 28.1 1.7
1.7 63.4 88.1 1.9
2.6 60.4 76.7 1.8
1.1 48.7 12.5 1.8
3.9 68.7 36.5 1.7
1.7 24.2 35.3 2.1
4 15.4 46.3 2.3
4.2 68.3 57.5 2.5
4.2 70.7 20.9 2.4
3.6 23 88.8 2.2
3.7 20.4 76.3 1.7
3.7 58 66.7 2.3
4.7 66.2 20.3 2
1.7 22.2 89.7 2.3
4.8 16.9 32.6 1.6
3 61.2 90.1 2.1
4.9 50.3 5.7 1.8
4.9 47.4 67.4 1.9
3.7 56.3 88.4 1.7
4 33.3 45.5 1.7
3.3 31.5 34.7 1.7
2.4 68.6 94.9 2.1
2.6 67.1 30.8 1.5
2.5 67.1 43.3 1.5
3.5 44.1 26.6 1.5
4.9 66.9 91.3 2.1
1.1 38.5 21.7 2.5
3.1 62.9 12.2 2.3
3.9 29.8 79.1 2.3
3.1 17.1 71.4 2.2
4.2 55.1 86.5 1.6
3.6 50.3 69 2.2
1.4 67.7 51.3 2.1
1.1 48.2 88.5 2.4
3.5 72.1 88 2.5
2 55.1 8 1.9
1.5 65.4 65.8 2.2
2.5 73.9 60.5 2.1
2.8 50.7 86.8 1.7
4.6 42.8 58.4 1.7
2.5 29.2 90.5 2.4
3.7 24.3 44.8 2.2
3.4 20.3 56.5 2.3
4.1 30.6 57.9 2.2
4.1 21.5 30.1 2.2
1 47.1 47.8 2.4
2.5 66.3 33.5 1.6
4 40.8 56.1 1.5
1.1 31.6 76.6 2.4
4.3 40.9 53.7 2.2
1.3 24.4 37.5 1.6
2.3 66.1 86 2.5
4.9 53.1 9.3 1.9
3.9 15.6 18.6 2.5
3.3 31 28 1.5
1.3 63.2 13.6 2
4.4 55.5 85.5 2
3.5 60 49.3 2.2
4.5 17.2 43.4 2.4
2.2 59.6 27.3 1.6
3.5 15.6 42.4 1.8
1.9 29.8 27 1.8
1.2 32.6 47.4 1.8
2.3 56.9 28.3 1.6
1.2 45.8 94.8 1.7
2.3 35.7 18.8 2.5
4.4 33 55.6 1.8
1.3 38.7 82.6 2.3
1.3 64.9 14.4 2.5
3.4 49.1 78.9 2.1
2.7 23.3 28.4 2.1
1.4 68.7 80.3 1.6
1 42 85.3 2.1
1.5 20.4 46.6 2.1
3.7 67.5 32.6 1.9
2.3 23.3 64.2 1.8
4.3 64.5 8 1.5
2.8 74.1 93.3 1.5
3.7 74 19.6 1.8
3 18.2 82.2 2.2
4.6 72.1 81.9 1.6
3.8 42.4 12.8 2
4.7 70.9 90 2.1
4.2 19.3 60.2 2.1
2.1 70.1 89.7 2
3.4 56.4 18.6 2
1.8 17.2 75.5 1.6
4.9 33.5 89.9 1.8
3 16.5 81 2.5
4.5 62.2 85.8 1.5
1.7 71.1 73.4 2.1
3.4 69.1 80.5 2.3
1.3 40.2 80.9 1.9
1.3 39.9 88.5 1.5
3.6 25.3 85.4 2.3
4.5 27.1 88.9 1.7
3.8 68.7 87.9 1.8
4.9 56.5 66.3 2.2
4.7 42 84.9 1.7
4.7 16.5 93.9 2.3
2.5 48.1 88.6 1.7
2.4 59.7 28.6 1.6
1.7 31.5 12.2 2.4
4.9 56.6 15.3 2.4
3.9 70.7 29.6 1.7
4.8 25.6 35.3 1.6
2.6 29.3 60.6 2.4
3.6 19.5 29.3 1.7
3.3 28.8 39.6 2
1.3 21.1 93.5 2.2
3.7 40.7 47.1 1.9
2.1 58.1 24.4 2.2
4.7 25.6 91.1 2.2
4.8 30.9 58.9 1.9
1.1 69.8 94.2 2.1
3.6 39.8 65 2.5
4.7 37.4 23.2 1.6
1.5 18.4 14.5 2.4
1.8 70.1 89.6 1.8
3.5 25.8 10 1.7
1.7 23.1 54.5 1.7
1.4 39 66.5 1.7
1.1 71.8 47.8 1.8
3.9 57.9 92.8 2.3
2.7 58.7 59.6 2.2
4.1 68 89 1.7
4.1 28.7 58.7 1.8
4.8 52.8 8.6 2.3
4.7 19.3 10.1 2.1
1.9 23.5 66.4 2.4
1.4 57.8 93.6 2.3
4.1 67.6 39 2.2
4.1 37.9 93.2 1.7
1.1 45.8 47.5 1.6
3.7 28.2 94.7 2.1
4.3 23.3 10.4 2.4
4.7 71.3 61.1 1.6
2.1 55.1 50.4 1.7
4.5 39.7 29.2 1.6
2.9 23 84.4 1.6
3.5 57.2 25.5 2.4
3.4 71.3 78.3 2.2
1.8 48.6 49.8 2.2
4.2 56.5 44.6 2.2
1.7 53 63.3 2.4
2.1 37.7 20 1.7
4.7 22.6 12.6 2.2
3.7 74.4 70.8 2.4
2.2 68.3 13.4 1.6
3.3 34.1 5 1.6
3.9 69 11.3 2
4 38.1 41.3 2.5
3.6 44.2 66.3 1.8
4.2 48.4 78.9 1.7
3.4 59.9 37.2 2.2
3 43.6 11.4 2
2.4 29 39.8 2.4
3.3 49 48 1.6
4.7 54.3 29.9 2.4
2.5 20.2 55.5 2
3.3 70 57.6 2.5
3.2 31.8 6.5 1.6
1.3 27.1 74.6 2.1
2.3 32.2 7.4 2.3
2 65.1 60.1 2.3
3.7 65.5 34.1 2.3
3 35 88.2 2.4
1.6 23.1 18.4 1.7
1.8 54.3 19 1.7
4.2 44.2 89.2 2.3
4.9 40 26.8 1.7
2 68.4 82.7 1.7
3.5 48.5 57.5 1.6
4.7 73.8 44.4 1.6
4.2 66.8 78.8 1.6
2.5 70.9 88.8 1.8
1.8 46.2 44.6 1.9
1.8 51.2 8.7 1.8
2.2 30.3 77.9 2
1.7 43.8 39.4 1.6
2.9 26.8 75.8 1.8
1.2 17.5 19.7 2.3
1.4 33.5 36.5 1.8
4.3 23.1 34 1.8
2.1 63.8 82.9 2.1
2.3 34.7 89.8 1.9
3.9 55.3 56.7 2
2.4 62.8 60 2.4
1.2 47.6 5.8 1.6
1.9 15.5 23.7 1.8
1.3 17.3 51.5 2.3
4.7 28.6 10.5 2.1
1.9 50.3 63.8 2.2
4.2 28.5 40.7 1.6
3.7 71.3 85.6 2
4.2 50.7 15.1 2.1
3.3 48 35 2.4
4.7 37.1 12.2 2.5
4.1 68.1 52 2.2
1 15.5 93.3 2.3
1.5 64.7 14.9 2.5
3.4 53.8 94.4 1.6
2.7 57.7 64.1 1.9
2.1 35.6 68.8 2.4
1.9 36.2 51.2 1.8
3.3 73.6 63.1 1.6
1.4 21.4 74.1 2.5
2.3 59.2 87.1 2
3.6 40.2 84.4 1.6
2.4 45.8 35.5 2.1
3.4 35.9 87.1 2.3
4.8 41 27.4 2.2
4.4 57.1 31.6 1.6
4.7 24.7 80 1.8
4.5 61.4 86.6 2.1
2.6 59.9 43.4 1.9
4.3 25.1 5.3 1.6
4.5 56.5 76.3 1.9
1.2 59.4 26 2.2
2.2 41.7 68.7 1.5
2.2 54.6 73.7 1.8
3.9 55.7 18.4 2.4
2.4 61.8 82.2 1.7
3.6 41.9 28.5 1.7
1.7 49.2 91.3 1.8
4.8 74.5 77.5 2.1
2.3 24.2 30.6 2
4.9 32.4 35.7 1.7
2.9 58 95 2.1
1.2 39.6 90.5 2.3
3.6 51.3 41.3 2.3
1.4 15.2 25.8 2.2
4.8 57.9 9.4 1.5
3.6 51.8 30.6 1.8
3.5 64.8 19.1 2.2
2.4 62.1 47.6 2
4.9 67 28.7 1.6
0.3 0.3 0.3 0.3 0.3 0.3 0.3 0.3 0.4 0.4 0.4 0.2 0.3 0.2 0.3 0.3 0.2 0.2 0.3 0.3 0.3 0.3 0.3 0.2 0.3 0.4 0.2 0.3 0.4 0.2 0.2 0.3 0.3 0.4 0.3 0.4 0.3 0.3 0.3 0.3 0.4 0.3 0.3 0.3 0.3 0.4 0.4 0.2 0.3 0.3 0.2 0.2 0.3 0.2 0.2 0.3 0.2 0.2 0.4 0.3 0.3 0.4 0.3 0.4 0.4 0.3 0.4 0.4 0.4 0.2 0.4 0.3 0.3 0.3 0.3 0.3 0.3 0.3 0.3 0.2 0.3 0.3 0.3 0.2 0.3 0.4 0.3 0.4 0.3 0.4 0.3 0.2 0.3 0.4 0.3 0.4 0.3 0.3 0.3 0.4 0.4 0.4 0.3 0.3 0.2 0.3 0.2 0.2 0.3 0.3 0.3 0.2 0.4 0.2 0.3 0.4 0.3 0.2 0.2 0.2 0.3 0.3 0.3 0.4 0.2 0.3 0.2 0.2 0.3 0.2 0.2 0.2 0.2 0.2 0.3 0.3 0.3 0.2 0.3 0.4 0.2 0.4 0.4 0.3 0.3 0.2 0.2 0.3 0.2 0.3 0.4 0.3 0.4 0.3 0.3 0.3 0.2 0.3 0.3 0.4 0.2 0.4 0.4 0.2 0.4 0.2 0.4 0.3 0.4 0.3 0.3 0.4 0.3 0.4 0.3 0.4 0.2 0.2 0.3 0.3 0.3 0.2 0.3 0.3 0.3 0.3 0.2 0.3 0.3 0.2 0.3 0.2 0.3 0.4 0.3 0.3 0.3 0.2 0.2 0.3 0.4 0.2 0.3 0.3 0.3 0.2 0.4 0.2 0.2 0.3 0.4 0.2 0.3 0.2 0.4 0.4 0.3 0.3 0.4 0.4 0.4 0.4 0.2 0.3 0.3 0.3 0.3 0.2 0.3 0.4 0.4 0.3 0.4 0.4 0.4 0.4 0.2 0.2 0.2 0.4 0.2 0.2 0.3 0.4 0.2 0.2 0.3 0.3 0.3 0.2 0.3 0.4 0.4 0.3 0.2 0.2 0.4 0.3 0.4 0.4 0.3 0.4 0.4 0.3 0.3 0.4 0.2 0.2 0.3 0.3 0.4 0.2 0.2 0.2 0.3 0.3 0.3 0.2 0.2 0.3 0.3 0.2 0.3 0.3 0.3 0.3 0.3 0.3 0.3 0.3 0.2 0.3 0.2 0.4 0.3 0.4 0.3 0.2 0.2 0.3 0.3 0.2 0.3 0.3 0.4 0.4 0.4 0.4 0.3 0.4 0.2 0.3 0.3 0.3 0.3 0.3 0.3 0.3 0.2 0.2 0.3 0.2 0.3 0.2 0.2 0.3 0.3 0.3 0.3 0.3 0.3 0.3 0.3 0.2 0.2 0.3 0.3 0.4 0.3 0.3 0.2 0.2 0.2 0.4 0.3 0.3 0.2 0.4 0.4 0.3 0.3 0.3 0.3 0.4 0.2 0.3 0.3 0.3 0.2 0.4 0.3 0.4 0.3 0.2 0.3 0.2 0.3 0.4 0.2 0.3 0.3 0.3 0.3 0.3 0.2 0.3 0.3 0.4 0.3 0.2 0.4 0.3 0.2 0.4 0.2 0.3 0.4 0.3 0.2 0.4 0.2 0.3 0.4 0.3 0.4 0.2 0.4 0.3 0.2 0.2 0.2 0.2 0.4 0.3 0.3 0.3 0.3 0.3 0.4 0.4 0.2 0.4 0.3 0.4 0.3 0.3 0.2 0.2 0.3 0.4 0.3 0.3 0.3 0.3 0.4 0.3 0.3 0.2 0.2 0.2 0.3 0.3 0.3 0.3 0.4 0.4 0.3 0.2 0.2 0.3 0.4 0.4 0.2 0.3 0.4 0.2 0.4 0.4 0.2 0.3 0.3 0.2 0.3 0.3 0.4 0.2 0.3 0.2 0.3 0.3 0.3 0.3 0.3 0.3 0.3 0.4 0.2 0.3 0.3 0.3 0.3 0.4 0.3 0.2 0.3 0.3 0.2 0.3 0.4 0.3 0.4 0.3 0.3 0.3 0.3 0.4 0.3 0.3 0.2 0.3 0.2 0.2 0.2 0.2 0.2 0.3 0.3 0.3 0.3 0.3 0.2 0.4 0.3 0.2 0.3 0.2 0.2 0.3 0.3 0.3 0.4 0.3 0.3 0.3 0.3 0.3 0.3 0.3 0.2 0.3 0.3 0.3 0.3 0.2 0.2 0.3 0.4 0.4 0.3 0.4 0.3 0.2 0.2 0.3 0.3 0.4 0.3 0.3 0.3 0.3 0.2 0.4 0.4 0.2 0.2 0.3 0.3 0.3 0.2 0.3 0.4 0.3 0.4 0.3 0.2 0.2 0.2 0.4 0.2 0.4 0.3 0.4 0.3 0.3 0.2 0.4 0.3 0.4 0.4 0.3 0.3 0.3 0.3 0.3 0.3 0.3 0.3 0.4 0.3 0.3 0.4 0.3 0.3 0.2 0.2 0.4 0.3 0.3 0.2 0.2 0.4 0.4 0.3 0.4 0.2 0.2 0.4 0.4 0.4 0.2 0.4 0.2 0.2 0.4 0.3 0.4 0.3 0.2 0.3 0.3 0.3 0.4 0.3 0.4 0.4 0.3 0.3 0.3 0.3 0.3 0.4 0.4 0.3 0.2 0.3 0.4 0.3 0.2 0.2 0.2 0.3 0.3 0.3 0.2 0.2 0.4 0.2 0.4 0.3 0.2 0.3 0.4 0.4 0.4 0.3 0.4 0.2 0.3 0.3 0.4 0.3 0.3 0.2 0.4 0.3 0.3 0.2 0.4 0.2 0.3 0.3 0.4 0.4 0.3 0.2 0.4 0.3 0.2 0.2 0.3 0.3 0.4 0.3 0.3 0.4 0.2 0.3 0.3 0.2 0.3 0.2 0.3 0.3 0.4 0.3 0.3 0.3 0.3 0.2 0.3 0.4 0.3 0.2 0.3 0.3 0.2 0.4 0.4 0.2 0.2 0.2 0.2 0.3 0.3 0.2 0.2 0.2 0.3 0.3 0.3 0.3 0.3 0.2 0.2 0.3 0.3 0.2 0.3 0.3 0.3 0.4 0.2 0.4 0.2 0.4 0.3 0.3 0.2 0.3 0.4 0.3 0.4 0.4 0.3 0.3 0.3 0.3 0.3 0.2 0.3 0.3 0.2 0.4 0.2 0.2 0.3 0.3 0.2 0.2 0.3 0.4 0.3 0.3 0.4 0.3 0.4 0.3 0.3 0.4 0.2 0.2 0.3 0.3 0.3 0.3 0.2 0.2 0.4 0.3 0.4 0.3 0.3 0.3 0.4 0.3 0.2 0.3 0.4 0.4 0.4 0.3 0.3 0.2 0.3 0.2 0.3 0.3 0.3 0.4 0.3 0.4 0.4 0.2 0.3 0.3 0.4 0.4 0.2 0.2 0.4 0.4 0.4 0.2 0.2 0.4 0.4 0.2 0.2 0.4 0.3 0.3 0.4 0.3 0.3 0.3 0.4 0.3 0.4 0.2 0.3 0.3 0.4 0.3 0.3 0.4 0.3 0.3 0.2 0.3 0.3 0.2 0.4 0.3 0.4 0.4 0.3 0.3 0.4 0.3 0.4 0.4 0.2 0.4 0.3 0.2 0.4 0.3 0.3 0.3 0.4 0.3 0.4 0.4 0.4 0.2 0.3 0.3 0.3 0.3 0.4 0.3 0.2 0.4 0.3 0.3 0.2 0.3 0.4 0.4 0.4 0.2 0.4 0.3 0.3 0.3 0.3 0.4 0.4 0.3 0.3 0.3 0.2 0.3 0.2 0.2 0.3 0.2 0.4 0.2 0.2 0.3 0.3 0.3 0.2 0.4 0.3 0.4 0.2 0.2 0.3 0.4 0.2 0.2 0.3 0.4 0.3 0.2 0.3 0.2 0.2 0.2 0.4 0.4 0.3 0.2 0.3 0.3 0.3 0.4 0.2 0.3 0.2 0.2 0.4 0.3 0.2 0.3 0.3 0.3 0.2 0.4 0.4 0.4 0.3 0.2 0.2 0.3 0.3 0.3 0.2 0.3 0.3 0.4 0.4 0.3 0.4 0.3 0.3 0.3 0.3 0.4 0.4 0.3 0.3 0.4 0.3 0.3 0.3 0.2 0.3 0.3 0.2 0.4 0.4 0.2 0.3 0.3 0.3 0.3 0.2 0.4 0.2 0.3 0.2 0.3 0.3 0.3 0.3 0.3 0.2 0.4 0.3 0.4 0.2 0.2 0.4 0.2 0.2 0.3 0.4 0.2 0.4 0.3 0.4 0.3 0.4 0.3 0.2 0.3 0.3 0.4 0.3 0.4 0.2 0.4 0.2 0.3 0.3 0.2 0.3 0.2 0.4 0.3 0.3 0.3 0.4 0.4 0.2 0.2 0.2 0.3 0.4 0.2 0.2 0.3 0.4 0.2 0.3 0.4 0.2 0.4 0.3 0.3 0.2 0.3 0.2 0.2 0.3 0.3 0.3 0.3 0.3 0.3 0.3 0.4 0.3 0.3 0.4 0.3 0.3 0.3 0.2 0.4 0.2 0.3 0.4 0.4 0.2 0.4 0.4 0.3 0.3 0.4 0.3 0.3 0.4 0.3 0.2 0.3 0.2 0.4 0.3 0.3 0.3 0.4 0.3 0.2 0.3 0.2 0.4 0.3 0.3 0.2 0.2 0.2 0.3 0.4 0.3 0.3 0.3 0.3 0.3 0.4 0.3 0.4 0.2 0.2 0.2 0.4 0.2 0.3 0.3 0.3 0.2 0.2 0.2 0.3 0.4 0.3 0.3 0.3 0.3 0.3 0.3 0.3 0.3 0.4 0.3 0.3 0.2 0.4 0.3 0.3 0.2 0.2 0.3 0.4 0.3 0.2 0.4 0.4 0.2 0.2 0.3 0.3 0.3 0.4 0.3 0.4 0.3 0.3 0.4 0.3 0.4 0.3 0.3 0.2 0.2 0.2 0.3 0.3 0.2 0.2 0.4 0.4 0.4 0.2 0.2 0.2 0.3 0.3 0.3 0.4 0.3 0.3 0.3 0.3 0.4 0.4 0.2 0.2 0.4 0.2 0.4 0.4 0.3 0.2 0.3 0.2 0.4 0.4 0.3 0.3 0.3 0.2 0.4 0.4 0.3 0.3 0.3 0.4 0.2 0.4 0.2 0.3 0.2 0.4 0.2 0.3 0.3 0.3 0.3 0.3 0.3 0.3 0.3 0.3 0.3 0.4 0.3 0.4 0.2 0.3 0.2 0.3 0.2 0.3 0.4 0.4 0.4 0.2 0.3 0.3 0.2 0.2 0.3 0.2 0.2 0.3 0.2 0.3 0.3 0.3 0.2 0.3 0.2 0.2 0.2 0.3 0.2 0.3 0.3 0.3 0.3 0.2 0.3 0.4 0.2 0.3 0.3 0.2 0.4 0.3 0.2 0.4 0.2 0.3 0.4 0.3 0.4 0.4 0.4 0.4 0.3 0.4 0.3 0.3 0.2 0.2 0.3 0.4 0.3 0.4 0.3 0.3 0.3 0.3 0.4 0.2 0.2 0.4 0.3 0.2 0.3 0.2 0.2 0.3 0.4 0.3 0.3 0.3 0.2 0.2 0.3 0.3 0.3 0.4 0.3 0.4 0.3 0.4 0.3 0.3 0.3 0.4 0.4 0.3 0.2 0.3 0.3 0.3 0.2 0.3 0.4 0.4 0.3 0.2 0.4 0.3 0.2 0.2 0.2 0.2 0.2 0.4 0.2 0.2 0.3 0.4 0.3 0.2 0.3 0.3 0.2 0.3 0.4 0.3 0.4 0.3 0.3 0.3 0.2 0.3 0.3 0.4 0.3 0.2 0.4 0.3 0.3
49 51 112 65 68 13 53 69 144 175 55 108 52 69 11 5 33 94 18 89 72 135 86 63 46 145 38 55 166 78 57 154 80 110 24 150 127 156 68 85 105 150 177 47 3 132 74 115 173 53 176 5 41 113 155 66 54 33 121 30 16 127 81 85 32 134 84 136 55 43 135 3 28 114 73 135 128 41 65 105 157 151 120 179 78 73 37 86 161 73 94 93 16 150 36 61 109 101 71 130 38 152 169 137 6 139 88 102 136 54 32 159 176 166 158 84 36 17 21 109 172 140 94 151 14 146 148 145 67 15 59 11 21 83 105 63 132 66 128 19 39 179 114 120 80 55 26 85 62 86 167 152 15 108 7 11 75 106 34 69 130 168 126 76 3 126 131 154 159 2 102 97 160 62 80 104 4 133 112 11 112 103 2 139 42 84 95 101 164 68 87 101 90 109 101 164 76 88 130 68 122 166 61 87 18 82 176 102 58 14 65 76 17 139 113 112 152 135 33 7 170 131 4 25 73 104 39 104 117 73 132 164 57 52 176 9 38 127 34 113 127 47 84 84 36 166 35 24 111 34 43 17 22 63 136 86 93 105 23 157 15 11 44 23 145 100 136 101 107 14 57 60 46 168 1 23 137 152 130 92 89 78 68 9 19 166 96 160 142 133 54 156 8 123 160 131 166 64 8 145 72 85 2 13 179 41 11 97 74 28 148 67 59 122 61 73 166 157 39 56 100 145 62 65 102 8 20 64 102 23 43 80 116 152 59 122 118 43 95 47 94 88 143 133 44 28 55 27 134 73 72 136 147 34 151 159 6 34 174 30 81 160 69 28 151 73 112 126 138 21 70 96 51 150 17 75 154 12 148 81 113 61 148 46 136 180 12 33 140 81 79 98 11 122 4 178 144 81 50 84 96 65 143 133 143 24 176 73 166 109 152 3 50 92 104 151 175 153 76 13 45 11 132 14 162 80 19 15 118 155 13 168 70 113 147 80 53 85 95 31 150 122 112 97 133 91 157 80 143 41 132 139 69 133 97 132 123 16 153 115 85 42 126 174 82 176 80 139 136 111 131 168 161 125 87 103 13 163 95 161 153 26 33 141 79 136 83 168 45 152 23 39 76 29 112 108 166 169 129 75 77 161 145 97 158 155 94 123 55 124 147 66 42 177 7 16 73 135 149 144 8 11 46 127 54 34 55 180 81 46 17 1 169 100 23 140 129 56 6 93 167 15 76 20 180 153 107 113 42 180 78 143 132 177 90 119 52 60 41 156 14 39 109 72 61 58 84 102 1 107 166 146 143 121 28 54 88 29 103 79 132 71 19 119 97 157 141 86 160 60 167 115 99 120 32 82 120 53 123 66 162 58 174 51 45 80 77 115 63 74 163 55 142 26 13 137 40 108 59 113 139 107 150 21 84 64 135 48 15 6 39 128 13 151 74 57 169 98 41 165 65 108 176 133 28 163 111 125 74 144 75 52 78 135 48 31 29 45 100 45 106 146 39 78 153 16 179 177 178 52 150 126 125 30 89 158 60 175 22 152 28 110 166 161 114 163 110 64 76 180 90 147 109 91 13 18 30 166 15 174 82 122 20 161 156 134 159 116 110 29 126 162 4 84 95 32 159 174 153 41 20 9 1 177 20 95 180 162 115 96 65 21 62 134 29 71 54 6 121 172 2 123 129 161 75 127 99 4 110 112 10 51 148 145 150 25 51 180 18 21 46 13 73 155 130 49 85 122 41 21 167 36 62 54 72 130 176 44 175 125 60 69 134 38 142 71 132 90 92 79 143 124 89 175 6 157 11 60 144 104 54 48 52 47 21 179 135 52 62 67 180 15 167 85 82 25 125 166 108 43 162 115 100 63 56 15 94 28 149 43 84 175 78 103 169 12 54 27 160 161 142 122 2 110 180 63 125 34 135 155 32 5 67 19 163 171 61 50 67 115 61 7 8 120 115 67 153 57 8 88 144 141 158 25 173 42 12 89 87 146 78 107 142 87 166 56 100 141 150 50 134 24 169 92 44 51 159 59 175 126 117 155 121 111 155 122 158 99 38 179 85 84 77 50 20 13 159 135 16 38 146 170 146 1 69 42 81 62 164 119 16 176 6 75 86 112 78 169 150 35 30 70 142 98 157 81 18 113 131 135 113 90 91 152 145 57 10 97 23 172 39 123 169 102 3 36 98 80 55 27 168 151 72 79 75 64 67 55 12 175 123 26 102 163 78 53 57 106 109 56 14 59 50 110 171 89 27 116 171 54 12 24 66 171 85 143 43 150 132 145 112 107 20 74 139 144 121 98 161 32 5 99 45 86 133 73 113 157 11 91 139 120 142 34 173 48 125 98 142 49 140 161 93 63 112 68 113 169 27 69 51 5 17 141 65 62 141 142 28 104 26 90 8 65 64 36 145 9 42 44 147 158 112 78 149 28 90 88 97 162 49 86 53 83 28 157 56 152 98 84 2 7 8 174 99 49 154 163 14 5 45 65 83 106 22 120 76 23 47 19 83 120 19 167 47 26 70 102 162 103 117 42 109 62 133 173 29 125 38 73 156 35 174 76 3 26 39 120 39 17 10 103 90 150 64 62 56 65 52 119 128 36 18 57 180 100 31 176 122 43 160 115 93 85 10 37 137 13 101 67 118 88 44 172 173 41 21 159 105 160 113 87 151 91 126 43 140 10 31 72 80 31 128 67 158 159 49 160 49 2 33 128 22 70 116 113 13 111 57 89 17 88 95 53 121 9 97 78 162 139 1 103 94 142 132 55 177 170 141 18 56 78 82 120 122 111 109 116 148 96 91 54 95 18 106 50 111 25 14 130 117 137 157 151 4 136 40 155 65 46 154 18 63 157 153 39 135 44 104 6 25 71 133 3 63 77 11 116 38 92 24 102 6 38 84 60 148 135 70 21 165 168 11 167 105 80 37 142 5 6 69 170 120 157 161 81 82 74 95 96 145 38 60 39 95 7 164 161 9 153 135 157 83 88 154 58 117 87 136 98 44 31 59 129 150 10 162 78 5 156 84 99 12 38 144 122 9 117 42 35
67 149 12 111 58 36 22 82 28 123 14 18 54 137 95 108 101 91 57 96 55 112 108 120 86 66 18 63 163 115 2 108 94 135 108 144 30 172 99 163 38 112 172 91 174 50 122 102 96 25 123 153 14 80 149 28 55 105 78 133 180 60 173 163 68 15 148 169 27 82 101 162 6 26 166 92 144 121 113 55 164 148 88 55 44 171 117 97 173 132 162 171 135 138 72 130 143 74 3 84 63 167 125 136 59 54 149 45 147 107 25 132 109 71 20 51 140 175 159 148 141 90 48 174 100 18 84 159 54 112 26 30 62 165 7 54 143 15 177 179 164 130 131 107 61 9 140 49 111 126 28 37 48 2 119 75 159 122 136 109 174 176 159 176 174 136 35 129 125 66 64 20 11 72 12 4 28 73 122 16 175 16 105 167 7 111 67 108 27 11 172 83 140 106 58 69 167 58 101 169 91 21 57 169 148 76 118 63 118 75 54 102 128 33 46 47 157 154 52 139 130 131 128 129 18 145 127 162 60 121 2 123 111 9 38 8 92 174 26 111 144 150 4 133 22 39 28 172 6 146 54 11 109 36 22 123 171 5 29 68 64 81 78 114 128 12 116 75 71 121 145 152 112 147 172 176 125 40 162 99 79 112 94 142 167 134 39 59 4 29 169 123 117 116 50 147 93 102 27 1 61 54 29 171 30 121 179 19 179 47 45 137 126 105 73 158 33 143 89 164 167 135 10 105 159 93 79 104 45 135 4 15 118 77 23 74 52 77 57 177 134 92 82 95 62 169 62 11 105 85 86 123 126 5 126 3 46 41 57 90 73 95 119 68 111 166 51 20 79 94 82 43 39 132 12 27 104 64 16 69 96 156 155 58 37 170 31 8 76 67 1 117 4 48 19 48 14 73 50 32 123 92 63 85 14 170 180 67 23 88 104 133 136 42 122 134 16 8 96 37 123 20 126 86 171 93 178 53 4 26 64 135 151 61 16 83 82 5 7 128 89 55 29 41 179 86 130 40 125 71 41 142 18 173 136 72 99 121 58 134 15 28 83 104 149 138 15 87 88 51 35 97 77 180 137 50 151 86 147 55 15 34 117 155 13 81 58 162 42 27 104 42 25 47 140 40 122 139 40 49 22 56 155 73 88 86 87 161 150 97 19 25 98 47 151 59 130 95 142 106 61 79 109 17 56 115 160 171 134 126 55 159 165 174 135 73 62 95 163 74 154 112 81 167 58 174 94 116 8 102 64 137 127 114 29 89 5 31 91 75 33 156 169 171 32 116 112 33 177 104 78 156 178 131 34 107 138 166 74 135 62 141 28 156 30 107 59 70 15 116 39 55 40 31 49 152 51 65 67 21 147 173 16 74 145 179 172 41 97 44 39 176 170 56 33 6 92 89 31 16 91 41 117 41 44 72 61 40 101 119 29 176 85 158 150 51 142 160 48 79 69 125 150 172 139 72 144 44 69 127 100 56 132 30 78 16 99 111 118 132 133 115 90 10 44 111 145 68 65 80 79 90 28 48 67 58 89 8 136 97 43 171 83 13 141 56 90 116 3 151 173 150 67 33 65 113 157 32 154 72 108 178 28 164 71 53 69 39 166 163 177 102 151 144 93 146 100 101 137 141 60 109 5 57 112 5 50 112 33 151 85 157 169 175 130 176 169 139 171 79 120 108 178 117 1 17 102 142 32 70 106 22 56 83 12 48 67 56 145 130 29 4 73 59 109 164 173 81 63 119 173 152 92 97 55 152 160 128 161 79 156 131 111 8 25 70 148 135 127 151 177 127 163 70 136 25 138 84 110 62 139 59 14 134 128 36 125 64 39 115 109 48 103 168 151 161 57 108 75 142 56 141 59 168 86 57 104 176 56 16 29 86 24 97 139 63 85 78 33 116 49 83 32 60 140 45 89 36 80 69 159 133 10 141 129 2 133 166 130 66 136 58 139 59 169 143 23 9 111 89 42 160 130 39 3 15 174 50 71 103 4 128 72 128 7 10 118 5 2 44 176 9 52 74 144 44 28 44 84 55 169 32 138 118 15 7 37 8 45 137 57 49 85 44 92 139 158 103 77 108 74 92 151 69 6 173 23 76 138 71 73 32 120 180 100 21 149 134 129 158 116 94 49 24 99 20 152 106 30 59 35 164 62 46 97 165 56 65 136 167 81 43 104 63 100 22 142 34 6 124 71 125 87 136 87 135 66 44 112 27 90 180 8 114 37 83 177 172 180 151 16 37 21 175 177 55 174 37 121 103 111 120 24 9 170 56 42 170 98 74 94 56 67 40 92 70 10 20 131 101 97 176 83 63 110 99 5 151 52 16 111 16 162 27 35 175 57 77 149 7 169 64 5 138 61 65 107 107 22 137 99 124 2 6 39 171 103 152 43 21 83 42 159 120 54 95 68 92 91 7 21 91 6 64 167 150 10 66 121 42 56 90 113 117 127 88 33 131 50 14 55 153 62 119 141 61 112 26 34 99 24 21 5 64 58 23 74 147 147 104 51 137 89 11 169 16 123 7 158 17 39 167 174 47 112 150 23 57 9 177 64 155 31 25 170 108 164 74 140 58 50 41 98 176 113 98 72 49 148 94 96 140 42 129 101 68 99 111 156 63 62 118 11 132 100 179 26 87 154 64 109 81 85 34 10 141 123 29 110 97 104 54 178 64 163 19 83 172 162 176 105 89 43 59 8 61 107 162 58 14 135 173 42 50 58 68 3 133 114 168 107 1 64 39 67 44 101 53 18 129 25 35 100 45 126 139 137 106 173 135 32 158 22 68 153 84 75 39 35 47 123 70 63 146 10 39 89 88 48 104 172 112 41 81 5 94 111 39 34 138 61 87 118 166 139 42 8 90 156 130 166 14 146 12 31 98 16 18 11 143 40 112 27 160 106 25 9 116 9 29 165 162 112 79 23 53 23 153 158 1 22 67 83 66 48 180 163 90 118 98 109 147 89 148 88 109 39 20 87 4 57 44 68 136 93 135 112 88 124 161 23 106 101 16 12 129 1 11 61 30 145 174 162 152 125 10 119 58 24 26
58 102 136 70 160 84 2 142 35 141 48 26 10 180 90 110 143 89 7 169 47 132 74 19 137 177 136 180 25 169 147 138 43 154 83 39 46 123 34 4 3 78 122 100 165 98 76 63 53 55 24 160 35 104 102 75 121 13 147 165 132 49 89 142 41 131 150 126 69 125 131 38 111 110 1 68 77 6 68 122 99 167 157 9 46 138 81 159 178 105 144 123 177 75 17 174 22 62 86 83 19 92 94 157 28 125 50 50 29 132 151 129 177 163 88 173 161 140 176 75 99 106 6 16 10 9 134 46 65 51 24 176 171 35 123 61 5 129 2 136 66 70 56 52 139 80 71 174 72 178 121 55 148 19 166 34 104 140 100 176 8 148 108 150 51 95 144 76 112 8 31 112 25 69 6 180 14 82 101 150 171 73 142 154 79 102 106 12 4 46 138 68 109 94 152 138 10 160 111 131 17 110 46 147 24 61 83 133 138 59 165 40 56 107 169 161 16 160 180 60 175 77 168 35 73 51 63 37 147 6 174 93 111 4 78 174 60 52 116 37 11 12 9 105 48 180 47 15 48 94 85 147 57 46 67 42 6 10 79 135 71 88 7 175 116 116 36 98 160 54 50 8 173 113 90 108 2 179 21 76 15 148 112 70 96 75 88 58 121 85 56 160 88 111 8 73 34 20 51 4 89 141 116 32 82 64 79 152 1 15 126 166 88 100 139 21 38 90 142 133 112 145 40 167 51 33 180 118 157 127 1 43 64 132 93 25 9 110 130 81 151 171 12 155 24 37 16 86 12 111 69 13 93 20 92 47 70 19 113 93 78 36 108 90 86 149 20 132 170 147 91 10 105 147 159 7 63 88 117 104 54 165 101 95 107 66 54 168 48 162 135 99 76 69 94 52 45 107 97 170 132 160 166 164 72 123 162 143 107 36 124 11 107 27 122 38 117 133 133 101 72 19 70 140 126 92 138 70 96 170 86 121 79 10 110 87 91 125 102 3 172 152 91 31 52 169 76 64 14 35 179 169 168 147 24 132 171 21 106 130 114 67 81 33 25 118 169 73 66 17 156 92 140 152 73 24 58 70 82 26 35 94 137 125 5 5 177 22 146 120 67 153 64 11 141 67 16 81 99 145 170 114 111 77 57 115 10 35 175 152 11 6 77 148 106 61 51 44 49 155 6 92 54 129 12 100 123 11 47 118 46 27 27 150 78 35 57 133 94 172 138 45 40 159 102 106 178 159 47 153 105 49 81 134 52 106 130 64 107 11 172 115 171 56 71 55 140 148 177 25 56 79 104 32 77 1 151 130 160 27 67 16 7 158 158 26 35 34 7 66 158 143 98 95 129 94 131 34 35 106 84 178 14 33 178 167 54 4 37 10 22 179 16 147 114 104 98 109 126 152 38 138 153 50 142 16 38 143 132 108 64 71 125 96 20 15 55 29 110 64 99 61 141 105 53 43 66 142 158 145 147 49 31 172 176 104 161 102 27 30 21 66 63 36 102 108 69 38 108 11 127 175 9 13 148 31 141 134 101 153 9 51 79 112 133 24 38 6 103 100 138 49 114 153 67 116 93 120 69 14 88 40 92 56 153 50 176 105 45 21 26 29 50 117 122 112 113 69 157 52 35 140 64 65 121 36 62 29 171 174 102 135 134 89 22 120 168 79 69 18 135 12 13 105 85 122 127 129 111 77 157 6 168 10 27 162 77 168 76 68 87 170 97 70 156 177 156 106 30 105 165 55 61 105 53 85 149 109 87 92 143 14 95 93 159 12 57 72 104 28 135 67 178 41 112 140 113 51 46 31 10 130 49 59 146 78 30 41 95 123 3 44 28 33 51 57 157 33 13 44 175 65 7 74 154 104 83 74 19 32 153 67 28 20 5 14 119 73 81 115 98 80 76 96 112 40 87 31 66 155 157 104 64 120 156 15 136 118 4 129 92 149 110 53 33 133 89 15 163 140 135 108 15 140 9 55 48 109 179 148 11 168 99 161 157 116 149 67 105 73 99 88 144 153 20 96 162 8 2 175 159 157 111 168 171 101 65 93 151 139 60 175 179 79 102 151 124 25 98 1 6 23 61 176 138 115 128 101 72 63 179 71 120 29 134 88 29 65 166 57 86 21 49 130 42 42 119 34 62 102 97 169 166 125 141 1 155 98 143 52 149 133 142 158 135 26 121 122 27 146 115 4 35 64 33 25 18 136 160 165 163 151 17 118 143 13 161 65 98 82 23 13 59 138 92 100 34 174 85 161 112 83 176 159 133 157 115 117 140 118 163 54 175 131 75 2 24 20 99 168 98 86 88 8 128 30 131 38 5 142 126 152 70 92 168 3 46 61 63 68 33 12 121 14 76 135 161 64 105 63 66 126 121 151 170 173 178 11 80 177 82 81 26 39 59 148 121 174 1 104 56 68 177 175 59 153 19 55 67 23 1 94 98 144 2 166 154 84 12 110 7 126 79 68 26 1 20 43 64 68 138 100 93 28 160 180 123 164 116 174 11 52 171 44 117 47 145 129 36 142 88 159 116 89 65 117 127 160 66 149 172 8 56 22 40 149 120 15 34 57 64 66 85 9 88 133 52 79 9 159 134 97 71 119 32 45 111 113 163 151 107 171 29 43 75 69 88 89 67 27 26 168 35 172 137 143 156 13 92 25 151 67 6 24 160 123 27 109 172 38 69 97 95 162 116 18 56 52 51 9 37 59 29 14 12 142 101 10 172 139 178 149 88 36 179 139 30 112 1 173 86 104 164 89 58 38 51 108 69 125 12 16 131 126 35 156 65 166 22 159 12 132 129 14 17 61 140 82 15 170 59 60 73 85 71 138 97 149 48 45 64 90 155 40 175 166 98 107 145 136 16 152 45 57 77 108 82 133 169 69 42 180 134 151 15 29 167 154 119 130 155 117 142 16 129 41 47 38 157 158 96 92 18 49 125 63 129 133 108 49 116 52 97 143 46 102 118 159 130 23 83 26 81 148 133 143 149 156 48 66 122 33 130 52 62 166 174 13 60 1 144 27 41 13 86 32 5 133 105 96
28 77 63 58 131 92 127 93 140 87 178 26 97 134 161 38 114 129 159 142 132 81 122 129 108 84 11 54 161 2 109 58 39 103 89 140 99 126 135 146 123 13 79 27 112 43 179 83 149 75 142 106 18 131 105 135 135 114 40 71 152 69 7 158 99 90 18 161 158 133 28 15 179 151 6 130 144 101 9 116 118 42 33 88 134 77 109 63 31 177 158 143 130 132 130 46 92 66 68 157 48 165 74 2 15 156 3 169 118 48 127 174 29 50 165 169 71 49 9 151 82 143 92 58 54 161 78 116 88 161 10 39 107 179 153 42 49 159 108 23 134 158 18 107 29 4 174 107 95 133 77 94 80 9 168 20 1 50 97 4 33 143 88 40 57 95 50 140 177 154 175 129 128 75 49 171 46 47 116 94 145 107 44 146 82 145 25 64 12 125 134 10 59 178 145 113 144 1 8 77 28 67 12 41 46 158 134 42 65 34 40 114 50 177 45 64 7 71 122 37 40 59 15 171 148 138 99 120 109 23 106 92 105 7 95 16 73 75 163 90 173 116 89 79 136 17 180 178 57 86 123 2 64 55 127 81 176 8 29 9 48 149 106 67 114 101 95 79 69 66 55 159 148 112 8 19 137 86 177 160 22 179 140 127 151 3 107 33 20 3 109 126 47 31 113 69 56 149 17 21 4 42 102 91 139 118 167 101 89 145 154 146 41 118 151 116 11 86 110 66 95 105 134 122 4 102 171 125 29 119 26 47 19 37 137 100 46 138 135 58 35 23 105 49 133 19 71 10 157 174 50 41 38 77 15 28 130 54 117 156 173 82 144 10 117 96 7 32 154 136 145 22 71 30 111 68 155 78 86 17 139 167 171 11 101 139 142 159 52 25 109 124 138 22 20 141 74 60 177 77 75 105 144 79 177 69 142 141 176 8 39 40 13 22 21 12 162 87 19 169 7 18 50 145 22 170 2 139 53 8 1 99 172 30 86 173 81 167 105 87 174 99 170 84 24 21 49 121 135 126 156 145 115 164 175 41 86 26 27 32 110 90 15 81 127 131 96 154 83 152 110 170 12 97 91 62 136 102 132 111 81 159 162 160 85 89 148 55 95 117 172 154 139 118 54 118 127 135 69 12 91 117 51 111 151 96 102 59 94 2 115 119 12 112 3 142 171 159 80 121 82 41 128 88 160 11 176 78 8 43 154 29 104 99 84 32 15 21 37 107 24 35 55 97 122 96 109 145 91 32 49 151 35 117 43 159 51 171 99 29 63 174 132 152 24 86 165 134 142 108 3 113 10 19 48 65 13 151 30 174 148 38 12 11 115 168 168 95 111 154 26 100 31 48 164 99 100 77 135 125 97 67 49 28 94 76 41 14 123 98 73 102 89 178 69 163 42 4 123 126 133 175 22 171 56 150 81 38 31 37 135 113 45 45 56 152 175 127 54 18 92 36 119 163 93 20 16 121 74 119 122 84 23 108 131 5 108 143 20 70 100 125 109 41 102 2 51 66 111 37 174 21 91 179 150 40 177 177 43 74 39 122 137 85 178 125 27 56 98 123 48 98 141 121 59 140 31 41 67 44 56 77 106 69 3 57 160 133 67 73 77 102 166 175 20 167 151 102 143 127 148 22 82 27 78 46 114 135 80 85 7 60 29 16 11 130 161 102 111 154 86 20 16 138 115 58 145 72 15 112 100 90 15 117 29 133 75 89 81 128 115 3 162 92 46 149 110 49 103 76 83 138 45 176 54 114 75 136 116 73 5 68 135 79 51 139 147 79 129 71 158 172 158 54 152 153 42 128 106 155 11 73 56 171 133 41 117 16 156 123 113 130 70 101 70 175 178 124 69 172 19 165 144 50 156 45 39 176 22 93 116 128 85 126 120 43 76 139 18 46 6 44 106 13 174 73 30 146 113 74 48 109 111 161 38 9 95 97 61 130 87 147 112 31 42 23 92 9 112 123 155 35 153 34 114 179 73 11 102 180 163 65 153 111 162 40 114 90 153 172 106 167 30 79 160 39 171 132 61 49 175 81 121 157 76 20 170 162 5 86 56 117 12 166 22 24 102 77 32 81 75 113 172 77 115 110 148 126 30 138 103 59 92 155 101 45 159 94 74 16 73 31 89 107 36 161 17 161 8 21 57 162 17 147 128 19 70 110 151 124 14 50 112 47 2 123 60 89 95 8 127 105 81 146 85 19 17 54 170 54 89 122 175 23 44 9 61 13 106 121 84 38 74 178 7 74 47 170 63 101 99 103 36 156 32 149 51 146 155 52 141 43 145 101 78 111 94 121 55 11 172 94 116 114 142 90 151 6 107 128 166 115 102 54 18 172 179 179 115 10 175 113 19 81 129 131 8 110 157 154 172 113 74 162 54 25 88 165 47 171 81 101 23 17 55 33 55 97 131 141 20 81 176 34 90 152 125 161 127 35 109 36 110 45 110 154 43 148 7 141 87 160 96 88 34 140 155 16 148 96 166 161 61 128 101 57 137 95 112 158 169 118 44 46 80 57 106 93 152 121 108 138 22 4 59 145 25 111 19 31 136 126 33 31 129 31 145 44 168 44 132 169 106 24 8 66 65 58 137 62 159 108 117 50 85 153 67 118 121 150 169 122 64 1 153 171 89 163 99 97 35 19 91 152 172 47 92 129 175 55 53 123 148 98 107 101 52 86 34 28 131 44 118 77 124 115 69 113 102 65 122 107 36 55 135 66 79 5 166 142 132 72 59 24 109 154 53 38 79 178 121 87 180 90 126 69 59 119 134 32 118 97 118 42 158 88 179 62 50 74 119 46 151 135 111 107 121 69 114 48 41 163 34 114 149 29 157 122 153 70 150 23 85 100 162 33 163 142 11 125 99 86 7 128 58 22 138 173 86 57 38 172 126 32 137 28 97 130 91 76 116 132 6 62 37 59 166 178 109 18 2 136 30 103 58 98 92 170 95 118 17 94 33 156 143 150 111 168 42 41 56 36 48 107 108 166 125 12 173 51 22 120 68 92 110 55 155 102 115 101 104 57 95 166 107 86 24 153 163 23
80 57 117 164 84 66 33 22 23 178 116 9 128 35 82 123 163 44 174 143 179 48 48 16 87 28 40 139 173 2 155 58 162 26 86 114 85 126 4 58 129 50 47 125 16 108 19 88 69 132 24 132 42 128 73 56 161 18 1 92 6 23 40 174 105 96 143 87 7 82 129 107 130 119 144 81 86 139 129 20 165 180 55 55 168 69 4 95 66 53 151 147 67 74 105 12 155 48 121 171 36 138 141 8 55 130 139 147 175 38 166 26 78 101 152 34 83 42 57 78 96 161 70 79 115 11 17 161 122 134 125 62 150 111 152 31 1 9 12 175 5 1 60 35 114 142 152 45 127 23 57 174 91 145 165 145 24 62 51 109 48 21 16 65 144 136 29 76 136 123 93 115 124 18 154 4 73 29 172 85 61 115 28 86 157 92 39 83 180 166 145 109 139 26 32 86 85 128 56 178 134 13 98 120 98 171 114 58 168 27 65 30 72 168 178 124 39 22 173 60 151 46 100 168 103 126 99 105 39 62 134 42 150 123 50 122 84 65 130 57 173 134 112 149 120 7 45 139 171 139 175 132 87 112 66 26 3 74 50 35 140 66 39 137 41 40 101 3 165 35 116 102 167 38 28 155 12 179 105 130 53 138 140 145 139 48 116 80 31 63 47 112 66 17 161 169 83 152 30 173 59 176 2 156 18 98 127 121 131 91 23 23 154 29 51 43 37 75 170 98 147 149 1 45 114 8 98 143 100 119 133 3 15 24 128 139 69 106 64 6 72 24 63 171 35 96 109 103 108 27 127 78 115 107 163 173 142 147 149 9 109 33 97 145 88 163 158 8 2 146 103 151 93 179 91 135 152 158 155 170 29 89 166 2 22 108 74 51 36 95 41 8 47 131 80 3 42 105 16 85 155 143 4 113 1 117 177 21 166 16 129 37 136 18 44 75 52 59 41 33 52 54 43 62 17 128 96 2 146 105 111 61 170 171 118 128 38 3 108 131 112 173 125 96 107 88 9 22 23 162 173 121 103 162 93 45 135 31 54 165 45 78 17 121 180 55 124 77 4 175 65 122 166 178 158 135 166 54 120 10 57 76 8 103 19 31 79 42 96 130 14 162 66 163 162 150 60 161 99 69 33 103 9 18 94 15 153 75 91 138 140 32 25 146 140 62 87 172 132 101 167 43 100 161 116 131 113 103 98 64 119 158 80 73 125 167 87 119 52 147 104 113 9 168 42 38 79 95 126 154 65 143 149 171 171 16 118 120 2 93 149 160 32 159 50 31 141 140 57 100 112 119 127 67 103 79 2 132 33 132 7 4 20 131 57 144 15 43 22 130 90 133 142 75 158 55 168 18 73 31 33 166 12 6 44 168 40 86 84 156 24 83 18 53 118 84 4 155 180 118 116 10 119 149 60 5 108 107 76 7 60 90 49 13 22 152 87 163 36 142 154 55 101 104 25 33 79 91 10 62 48 146 12 40 115 6 57 135 141 142 105 61 11 71 77 111 118 2 84 176 106 179 166 165 98 40 128 2 120 101 95 69 135 1 174 60 92 25 77 77 34 174 87 170 48 93 40 143 76 161 45 162 80 101 166 80 138 36 25 80 87 35 125 153 174 56 54 16 106 3 105 38 176 142 14 83 31 38 88 178 94 7 177 97 9 129 17 78 110 56 122 67 73 112 78 45 64 75 48 78 173 71 75 13 50 71 171 87 34 178 29 20 178 1 101 129 107 175 12 1 158 137 78 22 148 159 44 19 122 60 22 72 109 139 178 36 21 21 8 28 28 28 149 162 78 115 132 31 130 25 21 99 167 80 167 127 137 41 104 45 104 5 174 92 15 160 167 99 60 120 66 46 174 127 102 53 128 49 178 167 55 31 134 10 27 120 131 106 145 137 152 125 54 59 31 113 153 173 165 156 51 147 87 10 60 12 61 82 146 44 5 30 63 58 68 31 56 27 140 136 118 14 64 180 13 164 177 150 101 54 87 4 27 81 45 128 57 54 138 151 3 146 130 29 50 72 169 22 22 35 179 21 119 153 94 27 121 146 104 2 169 63 16 7 121 62 24 92 171 152 104 114 6 85 111 134 115 83 176 133 72 63 94 12 66 30 167 68 98 44 60 12 48 101 54 53 3 98 81 134 136 20 177 60 98 31 177 84 52 118 116 179 34 86 87 64 41 127 122 93 59 6 40 180 22 125 159 76 49 61 71 75 132 147 38 94 24 32 29 23 67 101 63 165 52 8 77 174 69 56 9 52 122 11 173 54 33 147 30 77 153 135 111 101 24 71 37 108 113 41 114 69 48 62 69 15 92 147 114 147 59 7 177 158 180 177 168 102 54 165 150 90 93 7 25 155 4 6 161 71 20 139 163 92 112 32 25 5 55 86 48 147 133 44 54 170 13 75 103 86 9 123 109 19 29 128 80 165 33 39 49 112 23 133 105 57 153 162 174 79 16 86 78 63 78 66 25 34 153 51 104 32 157 21 174 115 103 7 6 49 36 174 33 69 35 24 136 33 101 52 170 145 99 113 41 4 172 43 156 113 31 154 76 31 14 112 40 15 40 173 75 134 113 20 150 37 74 50 21 172 114 135 30 98 17 63 8 136 99 131 119 35 145 174 172 60 174 161 8 107 13 136 31 27 50 93 179 175 125 97 4 138 157 52 89 21 129 135 117 64 175 151 21 7 140 32 37 172 163 157 151 61 120 101 56 14 137 129 71 9 129 94 176 142 88 84 40 47 152 138 76 51 37 12 18 83 16 121 139 21 123 110 100 41 24 19 11 136 165 38 138 118 141 106 94 19 118 147 146 90 108 19 28 43 151 53 137 52 125 108 113 163 67 134 115 33 173 55 58 164 78 60 57 59 174 169 176 152 38 28 63 180 94 84 36 91 49 24 150 77 144 136 174 151 26 105 104 156 46 3 80 74 151 151 73 40 70 175 110 3 41 97 93 143 3 84 122 39 30 12 137 28 35 15 141 75 95 172 144 19 156 162 51 137 58 116 57 32 36 128 57 11 55 76 94 99 134 47 88 84
54 23 148 45 35 100 173 39 81 115 79 143 9 6 176 119 168 141 69 83 142 42 4 86 49 45 105 62 39 106 145 159 167 47 36 87 133 48 120 13 180 69 64 165 157 118 104 51 137 130 26 109 86 37 178 156 109 74 171 131 60 164 178 73 105 171 17 172 49 51 116 77 75 142 24 118 141 115 165 48 14 44 147 107 110 129 17 167 89 73 32 139 135 107 69 41 93 141 134 20 143 135 68 169 94 113 158 36 47 166 35 2 140 138 134 2 131 136 53 160 71 19 158 75 94 85 56 77 78 116 109 171 141 77 166 133 66 103 116 39 140 27 136 106 121 106 97 12 125 116 81 72 48 177 149 100 48 97 52 73 74 63 16 76 159 80 78 110 116 106 87 159 42 113 131 177 140 174 114 122 39 11 97 79 115 96 18 168 58 98 25 169 117 92 97 53 79 164 84 57 36 50 78 134 6 101 21 133 33 162 37 83 165 162 1 6 88 16 97 147 129 19 107 146 112 117 179 35 98 165 79 113 79 80 161 156 144 81 141 54 112 156 162 44 53 9 72 138 130 22 8 150 61 35 45 113 130 94 153 16 101 8 122 120 72 139 87 9 174 153 49 113 150 115 23 112 69 115 133 172 109 42 115 144 73 79 97 35 135 141 16 66 102 107 91 93 80 2 41 103 40 23 43 121 61 152 173 55 35 177 126 45 27 15 166 144 41 39 122 66 22 33 46 125 44 21 110 74 141 54 119 119 56 151 146 124 138 43 105 62 15 130 126 139 163 166 61 152 154 51 178 53 39 139 140 33 51 175 80 125 102 53 1 102 48 145 111 1 61 117 174 170 15 120 75 1 109 139 97 113 8 166 61 105 158 121 24 139 136 103 154 122 27 155 144 21 150 82 119 54 53 42 91 165 22 29 4 79 48 137 26 30 179 36 54 82 108 126 145 147 30 39 1 138 60 160 41 177 83 22 24 133 103 51 125 84 7 110 16 107 21 37 34 154 78 3 145 93 31 77 125 133 58 169 152 75 85 74 4 165 3 61 148 15 79 111 118 44 170 73 72 171 151 155 63 120 118 57 124 142 75 46 25 51 169 90 112 15 47 16 102 78 136 158 157 6 52 58 35 48 160 128 170 167 173 173 94 136 33 174 87 43 144 30 50 179 151 113 173 19 173 43 144 57 127 117 19 49 47 95 121 43 122 152 24 66 162 93 162 177 158 1 17 174 152 50 167 44 123 49 88 89 16 136 51 106 23 64 59 26 59 91 75 66 128 121 177 5 48 30 117 14 73 115 66 67 72 22 69 111 84 32 156 17 20 152 59 117 99 89 64 70 46 68 71 155 116 110 14 24 74 76 105 42 81 77 65 64 127 12 83 72 41 161 48 20 49 151 54 42 162 32 20 65 44 6 55 11 46 128 107 163 20 56 52 148 147 140 79 180 130 76 158 133 169 157 134 162 59 84 19 62 87 43 18 171 124 165 1 56 70 177 111 117 143 64 105 167 32 24 175 80 78 122 30 74 83 7 106 57 117 40 10 40 61 175 64 176 48 11 96 107 65 109 5 103 5 87 110 107 114 26 96 33 25 34 140 126 47 55 76 135 105 41 159 87 161 42 31 152 36 180 110 65 9 171 127 42 23 30 119 155 103 83 71 52 48 158 51 59 141 77 114 88 33 20 15 28 85 82 32 157 72 27 39 43 166 97 46 36 23 75 132 164 18 129 6 26 56 8 65 176 76 112 2 152 160 23 138 25 122 161 163 60 180 46 165 113 162 39 71 8 2 107 110 27 23 58 175 18 175 68 145 148 52 164 145 5 174 45 137 3 60 92 9 121 8 169 69 179 40 137 26 155 121 34 73 90 124 166 69 114 143 86 171 100 123 86 121 159 179 148 150 41 37 47 22 163 85 174 4 73 21 113 19 2 153 22 95 25 129 98 107 155 134 37 131 66 63 105 24 156 129 100 81 128 66 66 32 61 102 135 99 35 72 91 49 148 167 29 100 99 167 128 174 20 66 174 168 25 115 49 47 130 174 10 139 36 13 180 30 56 99 121 180 156 117 49 31 138 136 84 52 125 175 139 136 170 161 159 44 126 19 73 61 154 3 51 121 49 153 162 31 58 170 121 143 26 69 119 42 111 127 81 24 73 141 78 2 158 86 109 172 84 91 108 64 20 161 108 59 79 137 37 176 74 26 125 152 14 146 4 41 19 51 43 126 59 130 84 165 47 164 143 146 3 123 167 119 158 52 34 158 39 1 134 167 152 134 6 46 110 97 11 80 167 22 140 170 107 98 162 12 66 118 43 94 84 12 167 8 120 169 174 21 137 179 128 80 10 16 50 109 114 52 131 60 153 38 138 23 171 49 121 19 175 180 103 14 175 110 146 178 125 179 176 87 35 8 58 10 160 72 101 109 37 157 4 156 52 120 102 46 68 72 57 81 168 142 151 135 131 139 122 93 80 44 131 3 178 106 10 159 107 30 115 42 26 15 165 38 13 9 146 12 120 160 52 112 145 111 99 19 28 113 173 54 126 98 80 116 80 30 6 101 120 23 34 89 123 168 36 119 168 132 166 68 111 79 139 151 37 178 21 142 55 55 32 171 167 80 23 15 136 127 92 33 85 174 50 145 180 133 81 124 175 19 147 48 76 146 80 44 9 140 67 77 32 75 59 97 142 154 63 11 124 149 64 162 143 72 161 33 168 1 1 106 88 10 18 37 106 89 72 19 83 73 91 63 126 44 148 173 85 74 143 117 145 34 138 80 171 81 170 71 92 138 42 35 19 6 38 23 87 38 102 18 123 84 51 92 79 53 169 113 152 162 113 134 48 112 122 8 12 59 22 141 50 88 123 140 125 45 9 144 19 20 42 43 22 53 73 83 18 180 19 59 4 153 146 177 23 20 86 41 6 117 101 42 107 152 169 78 66 33 81 73 177 140 36 149 108 23 60 72 70 57 135 38 111 29 128 158 83 106 8 20 40 96 78 167 150 70 124 177 112 135 28 168 167 7 10 115 5 98 20 174 105 156 139
169 137 66 153 60 122 101 126 102 7 82 96 96 63 10 118 24 63 156 65 111 19 7 51 31 42 85 45 29 63 175 144 56 50 99 106 16 152 131 160 40 13 35 165 35 91 106 7 101 146 10 41 123 7 42 119 160 90 52 96 119 92 68 54 121 38 77 109 125 5 169 124 9 73 120 86 102 164 30 102 39 166 136 155 101 153 97 170 57 25 96 9 103 98 90 47 113 164 166 149 47 88 51 139 23 163 121 54 19 105 59 131 78 67 62 152 4 59 91 173 54 133 23 105 162 102 49 179 173 34 128 45 168 23 135 122 53 65 157 112 102 142 62 96 31 151 135 109 140 180 82 135 125 82 21 34 93 79 109 19 66 132 138 61 176 28 43 91 80 59 131 3 54 155 96 171 90 83 95 9 80 57 123 138 83 120 41 77 5 176 178 27 61 25 79 103 58 34 167 169 52 129 61 134 177 81 76 81 167 107 146 72 121 91 63 139 155 138 60 108 123 39 9 106 107 129 15 130 40 10 34 109 113 145 20 123 12 28 52 147 145 111 102 58 154 45 141 5 23 64 101 180 126 172 67 139 91 68 160 176 83 52 45 29 109 82 32 58 103 158 174 46 91 76 2 158 99 34 127 63 36 45 84 122 36 71 170 159 178 32 81 22 170 1 166 147 84 73 29 102 59 177 81 1 15 68 33 98 123 86 59 81 84 160 3 91 100 109 83 143 64 102 37 113 10 82 174 40 101 167 30 95 147 86 175 134 115 170 96 172 175 14 13 161 147 179 88 23 59 158 2 19 13 150 83 127 170 86 134 30 126 163 10 139 140 5 14 109 44 51 140 169 118 12 117 42 170 13 23 33 3 1 91 162 139 80 167 174 142 35 154 86 81 66 175 91 67 49 145 32 58 99 115 127 107 98 68 76 144 140 112 165 85 42 69 21 13 7 180 56 63 1 95 180 157 34 177 51 105 83 71 174 82 107 24 46 107 13 125 79 34 1 95 106 69 11 104 159 164 168 143 127 171 80 137 40 167 118 34 102 48 16 14 95 88 134 179 24 80 66 84 166 7 41 123 74 26 71 107 137 179 52 117 13 98 15 103 73 143 119 137 81 164 33 134 90 162 171 5 74 52 72 147 37 166 14 51 8 29 5 138 72 32 157 91 57 49 78 95 151 12 139 110 139 135 84 125 150 1 142 179 94 123 134 49 178 35 159 14 6 54 75 178 166 83 110 16 153 63 24 179 175 104 16 174 95 55 52 38 85 60 53 38 134 82 161 84 109 140 78 46 71 85 167 127 91 30 51 26 74 122 139 49 10 83 63 42 168 92 147 148 46 140 131 102 63 24 8 112 139 106 45 23 29 119 159 94 64 93 41 169 63 57 42 141 14 158 78 58 110 7 79 24 52 120 126 168 51 34 150 20 91 82 7 95 122 21 89 109 38 70 3 73 76 9 157 110 9 89 9 151 62 143 3 142 24 55 105 75 19 38 23 111 178 47 150 97 138 136 39 67 114 80 9 73 101 64 6 158 9 73 92 138 101 60 63 75 53 42 28 30 99 135 98 121 51 163 38 144 132 86 28 38 9 111 3 126 95 115 149 27 142 135 52 95 73 43 96 167 93 12 149 141 25 36 72 132 151 35 86 139 166 98 11 169 27 82 65 7 49 156 48 119 79 177 35 63 161 25 147 136 107 49 153 4 25 14 24 132 5 127 74 79 106 160 26 149 88 93 24 118 160 65 117 35 44 82 30 8 112 139 73 94 68 125 162 121 112 90 126 4 45 91 131 116 161 105 133 163 22 79 79 64 67 69 94 51 22 22 8 162 71 121 25 41 41 179 135 79 73 18 170 119 168 112 41 124 24 128 98 150 115 136 158 155 11 80 153 178 116 6 96 44 136 155 109 14 71 103 67 152 150 40 96 31 65 42 129 174 107 163 16 41 125 154 23 63 1 53 3 126 43 126 139 36 113 149 28 3 165 120 95 91 23 167 90 85 158 69 87 135 31 62 23 165 92 159 166 39 77 4 121 41 44 99 170 44 160 169 50 130 115 168 71 89 33 58 122 97 145 177 36 35 38 166 36 158 123 164 158 45 116 80 96 145 120 20 6 134 66 62 40 176 58 164 119 155 123 163 153 15 75 34 71 67 57 4 78 19 34 109 123 158 128 30 60 107 123 10 62 26 40 140 149 92 156 125 126 31 166 17 169 60 17 107 92 128 99 40 170 48 78 34 161 16 69 166 162 126 57 120 103 114 32 99 115 85 167 2 62 147 9 154 163 67 58 17 54 53 108 37 49 145 143 140 36 94 52 62 20 21 19 26 179 14 37 68 28 173 68 110 162 149 1 30 14 55 19 55 9 43 29 56 56 38 173 133 104 109 55 73 81 155 152 33 121 119 82 112 159 78 27 90 131 129 170 100 46 129 166 166 155 79 37 179 87 61 75 118 95 10 124 58 171 6 158 106 146 120 179 115 74 112 150 51 156 87 141 92 161 44 112 116 60 6 159 151 113 115 98 127 55 119 60 56 4 92 156 58 1 97 109 65 104 97 64 54 25 159 91 173 126 3 84 156 78 111 119 63 36 10 55 77 109 70 89 173 12 178 148 48 93 107 55 113 9 157 134 160 77 105 133 95 95 30 148 74 3 123 156 171 93 169 93 98 95 31 64 74 83 15 42 72 130 137 111 101 167 12 12 130 85 57 94 9 129 35 17 53 36 136 170 26 120 132 151 9 43 105 32 25 56 137 66 143 22 94 159 26 66 176 92 24 93 132 88 10 118 130 115 102 142 141 148 23 78 115 74 145 129 38 132 163 101 135 135 162 149 44 79 165 143 160 146 172 80 138 45 14 23 91 3 79 153 167 138 68 139 42 116 80 100 90 91 12 26 59 44 26 57 55 105 160 133 109 79 123 34 40 30 17 90 127 34 151 114 10 23 167 13 18 120 141 164 35 91 38 144 154 162 49 131 136 92 136 42 25 42 167 75 19 10 7 159 120 6 94 136 140 47 37 35 146 178 12 92 163 120 2 157
119 21 171 1 10 144 43 135 129 95 102 167 28 8 18 13 87 75 87 66 89 37 55 99 94 149 171 70 82 34 65 78 99 13 72 134 107 75 116 10 104 73 138 37 42 41 160 145 98 100 108 90 132 78 46 44 160 138 11 109 166 139 61 97 91 8 120 133 170 20 114 103 123 123 32 105 159 161 153 104 176 38 154 94 54 14 114 149 45 121 133 12 41 118 52 91 124 161 153 111 51 64 8 127 62 109 156 7 158 162 156 134 124 176 93 58 43 62 20 133 133 126 80 83 32 88 70 90 179 115 171 5 15 71 117 59 158 52 33 117 155 178 55 14 90 63 110 173 122 77 93 151 102 135 141 152 162 81 32 139 46 167 88 24 158 89 59 90 102 108 103 75 24 49 145 13 95 43 109 90 18 81 176 161 11 34 158 142 118 165 173 146 171 24 98 176 82 117 10 40 152 81 58 68 122 33 50 114 76 125 87 62 91 178 79 134 56 172 6 179 4 157 51 25 29 176 158 158 107 34 149 74 58 113 145 128 7 21 79 74 85 29 136 80 60 123 147 34 94 102 24 97 65 70 178 148 32 84 53 70 15 149 114 128 72 8 4 21 28 131 63 43 172 34 146 164 126 138 7 151 168 168 18 5 119 114 90 161 3 128 108 138 149 56 117 92 107 80 25 179 93 54 123 159 20 71 67 88 71 77 12 67 75 108 13 129 132 130 89 147 109 134 174 152 69 161 176 11 168 175 42 177 36 127 52 79 54 85 125 122 73 130 82 67 41 44 49 2 15 77 44 105 5 158 83 10 89 18 31 76 13 40 103 3 95 34 80 98 35 93 146 100 54 101 76 31 172 99 122 22 53 83 10 116 148 61 85 9 14 128 79 120 87 16 86 65 114 162 112 64 142 42 8 11 149 120 30 128 156 36 25 104 46 61 92 126 106 8 13 11 163 38 52 18 162 169 69 99 135 43 71 175 119 88 92 36 78 119 154 95 8 137 64 66 155 77 92 150 11 33 141 110 5 124 45 56 102 112 17 142 117 2 158 163 173 38 63 147 3 179 56 97 3 153 109 85 17 129 177 31 13 82 147 83 96 31 4 26 70 58 133 34 72 51 96 108 173 31 31 64 56 23 103 173 138 108 142 33 97 53 106 150 119 154 128 173 160 25 72 103 163 37 124 1 176 76 167 148 96 49 148 25 108 167 174 96 24 97 164 100 85 158 84 45 145 156 8 105 82 35 147 49 8 82 95 91 119 118 84 52 116 68 84 148 175 133 164 49 84 29 156 106 15 104 91 135 45 105 51 131 115 143 103 133 73 39 119 79 91 53 74 66 99 27 63 79 127 109 127 33 46 50 135 150 84 76 125 16 155 75 54 147 179 75 142 66 56 176 4 72 110 138 143 46 12 179 144 56 122 40 118 173 97 68 176 54 50 177 6 67 34 112 163 127 2 117 72 150 165 60 14 91 32 165 23 109 71 113 7 146 23 53 53 95 11 132 158 101 68 176 147 174 34 100 28 126 104 155 83 141 75 117 86 11 66 175 123 5 30 86 138 166 85 80 30 178 168 33 84 80 143 5 4 86 179 40 104 122 17 9 104 138 45 57 42 17 128 128 168 123 48 69 164 134 15 9 4 45 6 105 78 103 12 47 73 132 14 160 61 149 154 173 56 99 177 102 96 149 102 77 105 22 110 144 28 115 91 137 10 127 135 176 81 41 110 136 144 17 66 33 141 83 13 148 38 89 5 180 169 85 46 129 143 78 5 67 114 53 116 117 124 128 163 170 3 147 160 71 108 35 60 44 155 71 13 109 162 82 112 108 143 46 116 42 33 145 158 1 138 171 51 103 67 47 136 25 113 47 116 132 106 48 48 71 84 1 88 93 164 126 98 155 122 100 10 145 91 57 126 77 174 146 5 79 129 14 150 97 47 68 54 172 38 38 147 158 22 179 125 172 28 26 56 104 2 152 140 16 48 36 85 69 97 12 91 119 1 30 128 31 148 103 115 109 170 162 132 40 8 85 158 68 56 3 38 86 6 8 30 39 161 53 70 163 160 41 50 50 137 89 14 34 140 25 18 153 128 140 126 79 58 31 176 30 105 81 167 102 127 61 175 26 13 47 31 16 87 7 149 122 153 33 95 45 54 130 114 34 145 45 8 84 3 163 122 139 7 107 175 68 140 52 26 99 54 86 23 53 51 176 6 84 67 148 11 129 87 41 26 153 75 150 68 119 147 23 98 97 154 20 6 99 102 11 118 159 8 165 65 66 4 36 68 120 110 87 74 122 60 140 152 60 61 46 157 160 140 7 131 18 92 10 15 52 170 107 19 94 36 69 38 74 136 68 24 155 43 37 50 179 139 7 12 87 19 76 85 166 23 155 60 172 21 70 143 133 24 26 40 180 121 168 10 121 14 130 18 30 22 48 123 172 153 64 158 111 152 128 177 90 33 45 45 179 89 109 6 139 118 95 6 53 144 139 165 68 67 58 83 124 4 39 56 165 94 66 21 172 73 153 116 53 7 116 58 180 73 112 168 144 83 150 172 105 25 108 67 4 140 51 125 113 100 104 97 117 69 66 155 19 88 45 10 57 124 113 172 128 154 140 1 31 94 78 161 179 170 163 40 109 121 67 50 47 71 180 67 152 61 167 37 98 137 101 106 32 115 168 117 31 105 74 24 59 100 38 16 47 2 104 176 72 84 4 3 169 33 175 31 123 31 141 99 35 26 133 76 179 39 90 137 125 121 178 104 128 30 144 3 108 81 69 143 73 7 15 158 162 113 97 148 20 23 154 92 113 65 106 56 57 74 134 32 68 109 33 144 41 65 133 103 28 93 18 85 152 179 19 154 160 25 22 66 27 127 112 113 107 129 94 5 65 79 106 108 140 179 155 23 170 24 65 172 73 109 19 74 66 111 159 19 70 35 33 84 96 3 5 46 160 168 164 119 73 153 13 27 126 16 33 148 139 116 13 117 103 87 69 69 35 77 5 134 13 137 158 45 74 101 51 57 45 131 122 60 87 105 141 70 14
117 98 153 92 12 4 56 45 25 156 41 142 105 48 6 83 121 149 4 149 106 96 160 140 11 52 152 106 10 139 110 33 69 171 137 53 40 143 52 87 170 3 136 87 22 129 27 77 27 123 95 12 175 126 92 87 99 73 178 132 1 32 140 16 107 68 64 171 6 142 64 152 133 64 20 76 132 85 127 141 48 34 4 128 71 62 53 169 150 31 148 119 173 120 56 8 128 120 1 125 126 93 102 172 27 137 128 128 146 40 133 84 130 9 98 25 41 126 44 175 15 65 127 36 14 107 100 136 104 66 144 47 53 64 34 75 34 29 141 72 30 112 51 168 86 57 121 1 98 130 50 155 104 10 46 129 85 133 55 169 67 131 32 148 90 125 159 97 119 125 85 136 147 76 45 64 36 15 144 83 6 65 154 173 59 79 149 68 23 99 106 31 100 174 38 21 75 167 159 109 103 57 30 84 5 179 44 134 105 19 50 26 180 59 9 103 21 87 132 107 58 79 117 69 37 96 28 175 125 65 48 18 52 43 26 85 172 79 55 156 133 62 158 115 176 7 154 41 124 166 123 124 64 25 149 45 99 124 9 96 126 112 165 104 119 172 17 34 128 141 15 109 97 14 65 159 170 79 122 54 129 109 120 146 158 84 133 50 175 92 5 33 1 108 59 34 31 140 21 27 4 150 5 138 55 107 31 129 115 103 172 55 60 111 97 145 174 64 162 126 11 15 99 111 120 73 100 73 76 13 3 95 39 74 18 52 149 164 7 27 20 73 62 55 88 79 140 134 104 31 63 44 122 69 121 123 16 175 158 75 138 158 159 88 113 47 171 25 133 113 23 79 13 163 85 127 115 8 31 32 17 172 16 18 86 43 20 43 72 32 108 54 71 158 117 175 94 71 180 168 19 103 138 3 68 100 32 101 49 77 180 40 152 128 21 89 93 136 58 80 45 147 47 108 58 48 38 112 132 10 171 142 25 59 96 93 171 9 20 44 176 126 59 103 7 11 159 89 32 17 150 123 124 83 144 57 38 171 129 144 171 172 170 86 23 111 166 19 93 71 67 115 9 152 12 165 51 59 163 176 78 121 41 48 75 53 98 82 12 91 84 146 129 165 163 14 14 57 80 66 73 130 34 9 122 149 150 66 35 140 158 101 3 1 21 54 44 4 100 157 14 6 65 5 163 23 39 78 30 99 31 81 67 147 71 147 4 144 74 105 105 152 148 170 61 41 176 123 134 131 164 109 109 61 75 1 175 153 150 156 131 6 43 23 48 53 159 50 179 176 157 112 175 46 164 31 96 98 3 93 64 167 3 78 162 97 98 74 51 6 131 139 1 15 129 113 155 62 55 125 123 46 129 43 59 153 75 29 93 2 65 9 149 152 106 74 140 20 26 175 62 124 124 52 95 171 135 132 134 50 134 51 37 53 111 104 49 105 86 50 47 90 90 70 140 72 110 124 139 61 116 173 138 122 6 180 18 36 141 7 52 76 124 18 117 30 172 95 19 120 22 132 67 65 7 81 53 41 19 39 45 47 18 18 101 62 39 106 178 39 175 154 177 82 118 134 97 52 129 92 71 16 167 25 127 100 147 156 10 106 21 139 106 92 118 122 64 12 12 9 6 120 82 55 16 91 156 19 133 136 1 107 64 167 51 107 86 83 38 163 97 138 81 152 105 129 58 126 12 168 164 156 142 154 164 176 103 166 127 35 20 125 61 177 176 109 3 133 15 33 100 118 127 101 171 157 26 67 17 142 148 73 109 50 175 67 35 12 139 33 25 110 53 75 70 156 146 49 172 18 63 121 122 99 144 176 141 134 89 17 141 178 63 172 119 133 4 32 160 80 134 85 143 52 54 136 144 48 180 156 122 112 5 170 129 63 84 28 20 28 6 156 93 174 15 81 101 49 48 148 101 80 71 63 134 141 107 70 59 175 13 67 82 122 146 91 16 167 94 36 65 56 74 62 108 70 37 151 43 41 6 96 36 118 34 67 159 47 150 158 117 177 169 91 46 127 17 26 20 155 28 85 152 109 114 165 8 39 8 64 24 8 132 81 153 19 19 116 64 160 158 80 32 73 53 90 159 104 5 97 4 124 34 169 10 57 44 43 54 178 176 177 175 157 75 46 153 2 126 109 102 52 158 177 103 91 50 34 17 129 116 137 74 97 91 86 108 105 138 133 47 123 165 103 14 55 180 150 109 77 95 51 88 111 74 36 179 41 150 8 89 53 60 124 153 30 142 42 147 111 58 54 14 10 180 54 29 172 42 29 44 95 99 150 77 156 164 52 114 76 26 16 95 145 15 115 95 79 149 115 11 72 142 101 95 17 10 55 13 117 83 109 143 70 75 15 34 55 56 113 94 142 22 72 108 73 15 49 137 69 119 32 128 33 48 67 8 54 170 147 26 123 55 167 27 80 113 24 115 160 7 174 169 56 28 143 99 3 17 86 55 12 56 149 81 48 4 88 125 175 20 73 155 103 128 52 35 140 51 110 134 76 13 74 64 163 65 11 160 165 159 9 119 167 76 49 134 150 90 142 20 134 25 37 51 150 49 95 121 14 56 96 8 132 7 86 48 99 12 25 77 50 133 128 104 100 11 178 24 173 109 55 90 113 88 71 2 103 62 93 24 13 23 146 4 170 78 104 100 157 172 138 153 167 42 145 19 159 156 169 119 85 16 107 41 137 179 159 143 53 79 76 2 128 39 60 166 47 149 25 89 177 62 113 58 28 179 73 132 133 134 169 59 12 16 106 57 36 144 85 68 84 27 34 61 148 90 155 39 55 106 129 95 111 77 149 76 169 150 141 74 148 73 51 133 58 118 47 167 131 133 22 171 111 6 100 95 179 114 33 152 161 126 77 9 167 152 97 178 154 78 40 72 159 86 37 163 129 115 97 157 87 129 119 52 108 94 119 33 167 37 138 80 139 43 176 105 119 117 135 67 15 47 24 156 152 93 179 14 11 43 175 94 17 137 120 14 150 115 90 32 130 85 92 103 59 76 164 148 160 145 23 13 149 85 77 153 109 113 28
87 35 54 26 28 111 48 110 109 133 137 142 17 41 159 28 158 80 118 172 27 86 156 60 86 73 107 134 112 102 153 152 168 77 173 98 90 25 146 114 66 94 82 86 149 84 96 26 141 144 130 45 1 174 49 93 116 117 164 63 100 153 14 158 165 96 53 88 159 65 27 96 87 52 28 133 89 110 173 119 64 3 143 178 83 155 27 75 23 24 170 139 53 17 148 129 156 102 75 153 157 154 132 71 161 68 80 174 99 80 65 17 81 112 46 63 120 104 160 101 110 167 80 131 128 168 180 43 111 135 80 81 79 19 99 115 98 153 45 18 90 122 128 18 19 167 40 23 13 160 44 147 98 155 150 110 148 62 53 146 173 124 57 16 57 136 151 153 179 102 165 47 125 44 163 125 70 125 125 166 99 66 138 121 123 67 84 61 80 132 109 79 85 157 133 158 177 170 2 67 156 109 146 42 125 164 116 116 87 140 77 104 55 107 132 75 148 166 54 98 163 113 126 167 5 134 110 31 70 18 173 149 86 99 22 27 132 11 137 107 10 179 7 15 69 94 15 37 6 1 75 83 63 112 180 92 40 12 5 152 57 156 171 21 122 62 63 125 104 83 92 169 33 113 105 20 143 110 81 168 163 127 80 52 144 43 134 161 127 149 101 54 132 87 90 1 178 138 58 32 111 149 134 28 33 69 41 101 45 48 117 8 153 9 94 33 106 151 62 90 161 160 136 78 162 149 111 64 80 118 49 36 131 63 149 35 34 82 163 172 123 102 75 15 101 76 51 62 145 77 154 8 130 157 5 167 74 176 163 62 88 3 45 36 86 9 72 175 65 81 105 170 35 98 172 4 122 20 163 30 1 119 49 124 171 169 137 96 99 84 85 83 87 114 160 160 116 44 140 121 154 135 109 101 80 104 1 172 130 89 152 151 53 15 36 35 112 68 112 118 80 46 35 80 84 86 56 47 72 4 64 159 146 157 30 168 114 12 17 83 123 41 150 76 130 38 27 53 146 92 131 152 34 24 124 27 11 96 41 128 26 154 19 26 131 154 117 129 173 4 139 40 18 119 102 100 177 145 113 117 92 32 18 135 58 102 91 30 154 54 49 68 19 78 77 45 106 51 7 139 160 124 101 89 103 19 162 173 115 136 125 134 141 35 57 102 138 145 156 137 77 139 79 163 45 27 140 113 167 98 49 55 3 105 159 161 164 141 146 26 120 60 85 161 12 107 16 80 38 22 49 1 46 7 95 103 65 153 101 152 72 68 25 52 82 54 82 3 141 136 175 142 144 56 146 68 71 65 83 165 111 14 14 101 171 57 23 112 133 99 110 93 45 11 98 40 23 34 14 105 119 107 154 15 170 141 53 179 43 40 11 177 105 65 166 85 5 75 119 23 16 28 157 120 80 170 45 84 28 109 55 80 91 15 179 35 14 114 93 92 146 137 11 94 150 180 112 140 13 153 116 95 99 64 33 86 60 117 170 147 141 67 165 64 113 79 53 121 64 112 29 27 98 131 25 145 162 17 138 84 35 121 62 18 71 174 75 168 76 153 154 146 76 94 117 139 82 57 26 72 62 38 71 45 57 45 139 163 178 54 114 29 113 127 67 44 177 142 152 86 83 9 109 66 34 165 4 99 11 8 72 158 9 114 66 58 51 10 126 35 55 30 28 109 102 166 3 27 179 153 6 140 52 44 122 150 174 78 96 39 113 71 43 18 115 78 76 8 134 9 178 76 68 111 118 160 24 71 153 121 170 167 65 174 138 137 48 157 34 66 65 86 171 104 153 107 73 14 129 141 67 9 158 151 177 98 35 147 134 178 39 85 155 123 71 92 60 157 166 52 20 47 146 31 46 167 89 23 97 136 159 161 153 1 160 39 56 121 27 139 98 107 151 109 69 31 35 164 31 51 46 3 170 33 137 35 143 142 11 38 146 89 171 18 34 109 176 165 35 58 120 23 39 85 122 76 51 66 73 17 169 175 29 25 132 102 37 152 42 142 79 114 22 43 90 79 133 65 57 171 85 50 97 80 141 144 15 128 72 87 132 66 147 151 28 26 151 80 37 135 68 84 23 3 32 142 132 6 82 27 144 75 99 169 33 39 159 4 151 74 143 43 7 67 118 94 163 162 173 125 99 108 148 3 108 5 18 50 100 87 87 31 135 20 36 87 18 37 80 17 86 32 73 63 52 164 51 105 58 95 38 47 61 162 96 115 17 35 176 110 80 129 8 136 50 126 50 99 23 78 134 13 155 53 26 23 97 139 109 76 144 55 85 53 124 1 73 110 156 149 157 24 27 25 49 30 16 137 126 3 55 128 55 33 117 4 28 25 170 86 122 165 173 104 154 156 39 66 171 148 114 55 149 84 12 89 153 134 178 9 80 72 118 104 51 60 141 10 151 108 150 134 4 111 30 147 170 108 8 64 158 116 24 71 132 98 39 91 65 9 85 168 107 121 34 96 7 9 16 100 171 139 49 134 16 177 158 65 137 170 66 104 31 86 79 112 82 33 118 144 123 164 180 13 25 110 4 127 37 107 133 25 10 52 101 57 119 69 150 64 69 143 91 170 40 110 54 40 68 84 48 111 80 104 97 6 49 43 26 71 156 163 9 70 172 131 122 180 70 77 5 107 12 143 127 160 78 167 155 4 27 158 102 37 83 145 131 161 3 167 93 81 33 84 161 61 179 70 99 25 68 68 99 100 59 125 121 176 179 45 115 14 55 27 145 146 114 2 93 117 40 11 81 87 43 108 80 136 152 42 68 93 22 136 112 74 25 162 118 112 2 124 159 62 72 162 43 172 65 140 39 105 107 138 58 116 126 117 13 24 129 71 34 164 151 10 159 105 89 116 143 23 56 36 54 64 93 97 167 177 42 172 172 44 61 34 36 80 165 154 115 62 111 85 121 110 19 135 113 90 146 80 108 9 143 64 63 170 5 84 71 54 158 123 54 95 154 74 41 3 162 157 76 164 149 92 59 34 40 8 58 33 11 109 157 157 142 44 122 180 34 100 180 120 116 124 67 147 79 11
70 84 113 6 53 1 39 163 173 145 125 149 12 14 149 174 5 123 172 155 74 176 35 171 126 174 75 35 51 28 61 94 125 110 50 38 91 62 72 66 47 146 134 122 94 73 148 28 98 71 125 152 16 152 165 146 63 31 122 140 25 177 157 166 141 81 37 92 38 159 41 89 36 33 48 33 44 98 134 143 90 110 170 118 11 94 134 64 14 91 115 144 88 146 36 173 53 124 96 158 177 81 115 98 142 178 30 134 34 29 134 166 1 106 107 146 132 161 49 93 22 126 9 17 26 27 110 135 168 75 140 174 171 170 53 70 72 164 9 85 127 34 1 57 114 169 16 77 132 8 18 147 159 139 27 52 33 64 5 7 162 61 65 80 47 96 96 120 171 36 172 176 157 68 40 34 144 63 105 22 10 15 128 75 173 3 144 35 34 159 133 161 81 107 27 129 160 91 79 71 76 7 111 112 56 3 7 129 36 54 15 38 64 37 2 104 134 53 132 88 163 58 175 110 45 22 15 156 89 30 76 2 124 115 139 138 178 89 40 116 72 130 97 170 141 131 155 127 4 113 12 57 110 96 95 144 68 117 24 64 157 53 19 103 162 43 179 139 76 72 10 152 18 17 9 135 71 161 115 79 168 48 44 31 72 47 146 113 70 36 69 150 104 19 49 128 35 23 152 178 7 145 162 45 159 48 91 95 73 133 92 125 28 101 120 47 169 18 25 129 77 158 137 138 37 178 94 91 122 99 124 162 172 129 57 80 3 166 136 112 173 99 173 95 23 109 75 164 92 147 55 97 146 73 98 64 115 77 45 167 42 63 11 124 27 100 167 7 115 117 119 124 6 68 96 110 154 147 5 111 156 89 151 29 44 19 45 107 14 162 86 64 74 71 88 63 75 121 120 169 85 76 5 88 143 60 8 156 99 75 133 152 107 113 49 41 118 174 170 9 179 151 25 91 138 97 28 81 126 40 94 148 141 25 130 180 43 30 159 104 143 39 94 49 151 135 107 56 168 2 71 59 122 114 53 83 95 9 79 86 141 162 47 56 172 177 115 84 93 144 176 115 120 5 30 73 141 152 98 165 141 27 159 68 22 108 131 69 170 176 136 88 47 102 107 101 11 94 169 103 2 123 127 107 95 41 76 135 82 158 166 59 31 141 138 51 27 111 36 124 75 109 9 22 61 21 86 27 96 166 34 61 157 34 115 51 151 59 13 81 106 36 180 159 178 92 153 16 117 2 63 13 33 124 116 15 37 174 55 40 66 108 158 51 116 2 57 49 138 74 6 79 18 15 114 12 178 38 147 71 40 140 166 41 98 33 124 66 23 50 173 31 170 135 126 117 86 69 60 146 8 68 133 123 108 103 124 123 52 9 31 25 143 161 95 36 18 105 63 109 26 111 90 60 146 121 31 56 148 173 60 64 31 158 86 54 150 172 141 120 142 179 102 112 166 1 27 167 84 132 119 117 93 167 165 17 157 151 132 154 110 114 6 170 44 9 53 3 54 180 9 168 76 22 30 141 174 138 134 82 28 79 85 98 40 11 90 168 122 9 146 163 6 119 157 75 1 31 26 179 57 24 59 132 107 39 99 149 112 132 53 26 9 33 146 17 67 38 117 67 170 79 136 128 156 32 78 170 102 24 144 63 29 20 102 104 139 15 29 157 143 72 76 109 94 30 117 27 62 114 23 142 159 50 100 26 111 21 16 51 91 157 53 93 46 108 84 30 178 124 82 29 179 91 172 1 170 29 161 73 169 22 52 36 53 178 55 120 3 6 61 158 9 21 73 161 136 122 91 133 122 110 94 35 38 96 119 166 149 77 38 38 64 177 97 94 52 124 8 42 25 131 54 157 123 99 145 47 140 113 165 124 81 2 76 147 32 98 133 130 5 60 69 58 105 92 45 21 65 111 67 126 144 96 121 41 48 16 128 50 141 84 32 132 19 136 65 7 44 51 17 113 5 18 42 147 131 2 66 37 134 143 126 147 73 60 49 37 57 66 84 149 123 12 172 160 9 133 20 63 125 145 44 122 174 10 125 119 166 170 22 100 159 100 52 52 171 77 167 53 78 56 52 53 33 116 128 52 97 64 121 53 11 118 46 19 175 122 127 140 34 109 40 38 30 45 16 116 115 132 43 47 96 91 9 20 162 167 180 115 130 74 71 2 100 23 17 132 124 177 123 125 82 177 33 31 123 12 111 112 163 105 131 118 161 127 44 41 151 149 115 156 161 42 126 94 168 67 151 8 169 101 34 57 155 39 14 28 104 4 8 116 106 60 55 5 16 80 37 72 79 85 15 13 28 68 128 122 7 99 70 88 157 76 176 86 108 105 121 14 67 77 26 19 177 8 58 160 137 50 166 70 97 50 160 94 117 98 146 127 43 25 179 175 8 89 30 127 15 27 81 136 78 151 120 25 157 50 25 13 18 10 19 177 11 155 160 173 150 163 14 87 143 64 144 178 89 75 167 22 176 111 41 179 157 171 62 24 94 140 84 73 89 134 64 66 59 106 79 175 89 138 126 76 36 110 13 53 109 53 144 10 168 58 93 33 164 77 70 72 140 121 49 154 32 11 125 90 93 55 68 152 129 160 95 75 54 2 178 43 52 50 103 31 4 23 3 90 168 137 150 176 93 15 44 33 158 60 135 150 91 170 128 110 38 67 15 162 55 78 137 82 46 133 82 74 168 142 131 85 117 21 156 8 124 56 156 162 83 179 48 45 104 34 72 84 74 42 43 163 158 130 56 23 116 119 84 147 79 160 82 102 40 137 53 57 65 134 123 73 178 171 54 156 121 78 49 53 34 172 132 164 70 89 123 150 176 179 179 22 155 81 106 138 83 66 14 32 136 149 16 29 66 147 174 116 43 134 61 161 157 129 107 45 57 77 122 59 27 171 156 122 96 130 15 54 123 167 138 49 166 60 166 162 74 162 58 162 177 172 4 146 127 133 104 159 32 13 81 41 92 156 8 175 91 65 56 151 71 108 153 169 174 67 102 99 176 32 92 104 99 4 117 90 11 88 76 150 19 34
85 61 153 109 65 131 140 131 47 49 39 29 54 71 5 8 66 104 83 50 79 21 96 85 60 153 136 151 30 44 90 97 51 63 24 100 41 30 10 179 125 144 169 24 58 96 90 5 130 2 64 141 71 169 106 87 114 177 124 33 1 75 8 139 73 14 97 137 5 133 22 125 75 5 110 111 67 113 23 106 16 81 173 38 54 37 70 62 11 36 73 89 94 65 53 45 179 90 76 59 65 99 90 145 63 126 10 66 70 62 180 124 36 45 46 89 90 104 80 10 127 94 78 40 107 17 161 93 122 29 35 112 116 180 93 140 43 141 77 138 145 101 24 19 103 125 8 29 46 64 173 113 67 23 11 92 15 23 106 2 166 74 171 1 15 137 30 44 72 19 101 137 106 68 148 14 8 109 168 79 8 15 16 35 166 146 115 5 127 33 132 142 178 100 147 164 166 142 42 88 13 88 101 126 10 146 17 5 170 109 62 116 53 37 126 158 46 152 127 21 61 99 70 151 24 50 134 4 178 121 158 84 135 130 117 148 91 108 77 140 127 38 73 95 13 69 62 101 10 52 73 121 125 96 97 94 89 23 95 147 117 7 180 113 93 98 144 124 131 71 49 90 41 113 38 23 107 47 39 66 142 150 144 137 97 126 29 47 100 154 32 149 118 30 33 172 50 77 113 104 174 80 38 177 128 94 49 80 31 36 109 11 133 170 4 169 74 151 73 63 87 61 29 26 60 162 5 109 133 125 83 21 90 39 63 124 156 6 29 62 43 41 151 111 160 166 143 42 83 15 148 153 166 43 111 27 12 125 157 159 145 113 169 152 3 105 8 12 123 98 167 153 7 102 24 51 151 124 56 142 79 143 58 60 73 83 69 94 18 17 115 173 43 119 138 118 67 110 164 93 124 166 86 93 36 78 23 31 92 87 30 43 16 132 54 126 144 123 125 146 153 69 26 165 170 9 71 159 41 78 113 147 109 52 136 147 166 89 164 135 31 13 162 60 165 20 85 90 130 6 97 38 17 130 164 152 43 2 108 148 9 75 10 71 18 35 157 66 130 36 59 136 98 20 166 173 125 104 92 76 83 59 11 127 24 134 95 45 106 58 28 45 166 120 12 80 14 21 41 137 16 28 75 84 138 150 64 19 99 51 65 124 4 155 27 151 145 120 75 47 29 59 32 167 40 43 76 101 48 26 141 77 92 33 139 104 23 31 53 135 164 71 101 66 21 127 43 22 95 100 26 113 71 168 95 125 98 38 149 73 128 111 79 149 173 131 135 57 68 116 174 24 103 34 125 66 144 149 7 135 1 64 100 94 149 41 78 157 44 165 179 163 100 10 98 120 22 166 88 132 119 132 38 139 88 149 131 59 173 47 87 78 57 73 12 159 143 162 177 18 125 60 128 175 158 149 180 170 86 140 165 15 106 57 115 106 164 165 50 57 167 30 60 151 36 129 65 156 21 78 131 70 94 58 58 86 153 141 74 3 84 34 43 81 68 139 49 23 53 164 39 34 96 111 167 53 19 27 37 43 12 10 123 14 15 159 91 21 125 149 23 14 14 131 112 32 166 145 31 14 109 100 47 29 113 119 19 34 158 3 83 72 143 18 67 62 146 129 5 56 110 119 72 104 48 172 150 168 160 109 106 90 144 12 150 128 107 64 72 152 146 157 102 9 75 169 168 86 101 121 24 164 33 83 29 134 37 175 161 64 127 73 104 116 76 18 114 63 64 142 141 121 177 116 38 24 21 154 105 27 120 100 179 53 168 90 68 84 21 91 105 160 19 171 170 134 106 10 89 162 3 106 99 2 19 7 76 4 72 111 100 180 43 160 149 13 134 87 142 78 68 175 10 146 147 160 101 84 60 49 177 30 1 33 9 124 147 42 158 10 37 142 6 149 70 104 19 47 3 169 73 117 31 86 65 160 34 173 33 105 107 148 169 41 54 122 167 47 133 59 8 100 179 152 47 49 67 27 57 25 93 65 102 25 153 6 141 109 23 174 38 93 38 51 43 36 176 152 41 69 169 73 12 26 4 76 73 136 130 87 97 24 9 67 67 52 177 113 98 21 146 140 180 100 92 49 173 85 81 161 93 95 97 162 92 174 31 164 150 152 7 17 95 178 64 30 108 81 17 53 174 97 35 47 75 90 132 25 120 38 32 60 145 47 67 133 100 116 37 82 176 33 46 97 176 177 168 41 174 132 152 29 162 13 41 64 153 64 92 46 132 157 80 13 12 108 169 35 60 52 72 127 36 180 157 13 52 136 137 41 135 160 68 131 129 22 60 55 142 139 87 85 166 118 114 45 38 106 149 8 138 51 142 144 4 127 41 128 151 29 11 151 73 173 112 177 174 143 129 48 37 125 161 57 104 54 117 141 92 9 72 22 137 8 123 141 124 165 54 75 167 83 167 50 128 14 152 126 70 136 144 67 64 112 14 90 76 56 12 70 39 154 137 173 132 34 64 33 149 108 17 33 116 125 104 63 28 177 85 46 78 80 174 122 39 109 169 148 30 136 87 55 19 57 112 4 140 122 102 149 125 166 128 17 114 55 53 52 93 136 6 137 167 89 175 117 91 87 95 101 160 180 15 37 140 176 18 80 177 170 150 80 32 13 24 45 128 68 9 36 77 4 67 64 77 36 169 22 171 145 127 59 135 28 156 164 154 13 71 121 172 97 56 108 12 73 125 21 88 94 41 180 11 33 146 105 22 164 54 68 74 152 25 169 40 68 45 19 48 117 5 16 90 153 83 11 69 72 89 169 118 170 104 90 9 159 110 93 91 9 41 123 92 100 52 10 157 87 150 65 44 168 21 6 48 127 119 149 119 140 170 68 80 167 82 123 154 96 151 113 86 19 133 102 61 100 3 18 151 172 2 175 38 157 97 174 74 38 177 50 102 60 30 148 57 71 108 140 4 93 179 60 66 40 82 10 13 107 126 106 175 8 17 166 138 173 84 121 59 17 100 17 76 47 23 170 115 110 135 142 169 139 20 90 153 49 160 158 14 81 106 40 149 141 90 157 67 110 63 74
0.4
0.4
0.3
0.3
0.3
0.4
0.4
0.3
0.2
0.2
0.3
0.3
0.3
0.4
0.2
0.3
0.4
0.3
0.3
0.4
0.3
0.3
0.3
0.3
0.3
0.4
0.4
0.3
0.2
0.3
0.4
0.3
0.4
0.3
0.2
0.2
0.4
0.4
0.3
0.2
0.4
0.3
0.4
0.3
0.3
0.3
0.3
0.2
0.3
0.2
0.4
0.3
0.3
0.3
0.4
0.4
0.3
0.2
0.4
0.3
0.3
0.4
0.3
0.3
0.4
0.2
0.3
0.2
0.3
0.3
0.2
0.3
0.3
0.3
0.3
0.3
0.3
0.4
0.2
0.4
0.3
0.4
0.2
0.3
0.4
0.2
0.3
0.3
0.3
0.4
0.4
0.3
0.3
0.3
0.3
0.2
0.2
0.3
0.2
0.4
0.3
0.3
0.3
0.4
0.3
