80 12
15
22054
23611
21541
23646
21868
23769
23314
22358
22169
21394
21253
23268
22642
22021
24226
3.9 65.7 79.7 2.1
4.3 42.9 13.1 2
4.8 57.9 60.5 1.6
1.3 41.6 6.8 1.9
3.6 59.6 26.1 2.3
2.7 29.5 29.5 1.7
2.8 61.2 10.8 2.5
3.9 26.9 41 1.6
4.6 39.6 23.3 2.4
4.9 55.9 37 2.4
1.1 17.6 74.7 1.6
3.1 47.7 39.3 1.6
4.3 57.6 20.1 1.8
1.1 40.3 45 1.7
2.9 65.9 65.9 2.5
3.7 42.8 40.5 2
1.5 55 87.6 2.1
4.2 48.5 45.6 2.4
1 50 77.6 2
4.4 60.2 57.7 1.6
3.1 68.2 29.8 2.2
4 44.3 31.6 2.4
4.1 20.5 42.3 2.4
3.5 46.5 74.1 1.7
2.1 47.1 91.6 2.5
4.9 31.5 71 2.3
2.3 60.4 82.6 2
4.8 37.5 77.8 2.5
3.3 67.3 24.1 2.3
1.5 15.6 6.5 1.7
1.7 56 79.9 2.5
3.4 72.3 7.9 2.4
3.2 52.8 23.2 2.3
2.5 16 56.8 1.7
2.6 70.1 63.2 2.1
3.7 36.9 48.2 2.2
4.5 23.3 21.5 1.8
1.4 15.2 27.4 2.4
1.9 30.5 22.6 1.5
4.2 52.9 9.2 1.9
3.2 63.9 68.9 2.3
1.5 67.3 58.2 1.9
1.9 26.4 45.3 2.1
4 30.3 65.1 1.9
2.4 72.3 80.1 2.4
2.4 49.9 44.2 1.9
1.9 50.4 19.8 1.6
2.2 67.9 67.3 1.9
5 72 30 1.8
1.7 73.6 65.7 2.1
2.8 18.2 56.2 2
2.2 24.6 73.1 1.5
2 70.3 29.3 2.2
3.4 70.6 12.9 2
2.1 39.8 78.2 1.9
1.7 56.9 91.6 1.8
2 38 78.4 1.7
3.2 28.3 26 2.5
4.9 33.6 16.2 2.2
2.7 69.6 31.7 2
2 31.7 79.6 1.9
1 38.6 76.8 2.2
3.8 45.6 21.9 2.4
2.6 50.9 85 2
2.3 22 81.2 2.2
4.6 35.5 34.5 2.2
3 18.8 29.7 1.8
3.5 44.8 90.5 2.5
1.4 42.1 54.5 2.4
4.3 64.7 79.5 1.9
4.2 63.6 70.7 2.2
3.3 27.8 76.4 2
3.2 19.3 86.7 1.6
1.9 45.9 21.6 2.4
1.1 62.8 37.2 2.3
1.9 34.5 67.2 2.5
2 19.9 66.8 1.9
2.1 63.4 60.4 2.2
2 46.8 65.4 2
1.9 68 87 2.1
4.6 46.4 89.2 1.9
1.1 34.1 85.1 1.5
3.3 46.9 14.7 1.8
4.4 48.8 12.3 1.8
2.4 45.8 69.6 1.8
3.6 70.2 13.1 1.9
3.8 60.5 55.9 2
2.8 50.9 35.6 1.7
1.5 56.9 17.5 2.5
1.9 40 23.1 2.4
1.9 21.1 75.9 2.5
1.6 29.6 83 2.2
1.2 45.9 69 2
4 68.5 9.6 1.8
1.7 47.6 38.1 1.7
4.4 28.2 38.5 2
1.4 26 56.8 1.7
2.4 69.4 61.7 1.6
1.8 18.9 88.7 2.3
4.8 36.9 67.8 2.5
4.4 21.6 76.5 2.2
1.1 19.8 55.5 2
3 38.3 60.8 2
2.7 48 68.1 1.6
4.8 66.4 37.4 1.8
3.8 33 49.7 1.7
2.1 63.2 34.2 1.5
4.8 26.6 29.2 1.8
4.8 49.1 14.8 2.5
4.7 25.6 44.8 1.6
4.1 43.4 17.1 2.2
2.5 74.3 72.4 2.4
2.5 56.2 25 2
2.7 21.1 32.7 2
2.5 23.8 47.7 1.9
3.8 50.6 62.7 1.7
2.6 55.3 46.9 1.7
4.6 29.6 22.5 2.3
1.6 39.5 88.6 2.2
4.8 57.4 32.2 1.9
4.2 41.5 39.4 1.7
1.1 64.1 77.6 1.9
3.1 18.7 16.6 2.4
3.7 36.9 37.8 1.8
1.8 65.4 67.1 2.2
4.1 40.6 22.5 1.5
2.8 46.1 74.4 2.3
3.6 64 88.7 1.9
2.6 39.2 94.6 1.9
2.3 28 13.9 1.9
2.6 67.8 26.6 2.4
3 74.5 65.7 2
1.1 42.2 9.9 2.1
3.3 60.6 68.2 2.1
4.3 37.2 68.6 1.8
2.2 28.5 52.3 2
4.1 70.2 52.4 2.1
2.8 57.3 11.4 1.7
3 27.4 10 2.4
1.9 20.2 94.2 2.5
2.6 29.5 86.5 2.3
4.4 53.2 18.3 2
2.8 71.6 59.7 2
4.9 38.5 13.8 1.5
4.9 23.5 82.5 1.9
3.5 70.3 85.1 2
3.1 34.9 29.9 1.7
4.6 62.6 23.4 1.9
4.4 25.8 43 2.5
4.2 64.2 30.9 1.6
1.6 33.6 52 1.8
4.5 23.1 51.3 2.2
1.7 71.6 76.2 1.7
3.1 73.4 75.6 1.6
1.8 23.5 46.8 1.6
1 60.5 93.7 2.3
3.1 34.5 42.1 2
4.4 50.6 25.7 1.6
3.3 19.9 53.2 2.4
3.2 48.9 22.9 2.3
4 34.4 8.4 2
4.8 66.2 76.8 1.7
1.3 30.6 34.7 1.8
3.8 50.7 53.5 2
2 31.3 71.1 1.6
4 44.1 26.4 2.2
2.9 24.1 9.9 2.4
3.1 33 42.5 2
4.9 35.6 82.4 2
4.7 73.7 87.5 1.7
3.7 25.9 29.3 1.9
3.2 50.7 67.3 2.4
1.5 32.4 53.4 2.1
2.8 28.7 88.6 2.4
2.5 58.2 44 2.4
4.2 35.5 94.7 2.1
2.2 46 20 2.4
1.6 47.7 78.8 2.5
3.3 18.4 62.2 2.4
2.1 35.1 61.1 1.9
2.3 54.6 49.9 1.9
4.4 51.8 65.6 1.8
1.2 46.9 84.3 1.7
2.3 57.4 27.1 1.8
4.4 31.7 33.4 2.4
3.9 62.4 72.5 2.3
3 70.5 6.2 1.7
3.5 34.8 25.4 2.5
1 30.6 26.2 2.1
2.1 37 21.6 1.6
4.6 60.1 68.9 1.8
1.3 33.6 10 1.6
1.2 20.4 77.3 2
4.7 52.9 87.3 2.1
2.4 41.8 69.1 2.1
3.5 24.6 90.4 2.4
4.5 15.2 47.9 2.1
1.4 56.9 78.1 1.9
4.1 24.9 89.9 1.5
4.2 29.5 71.2 2.3
1.5 70.3 48.9 1.6
2.6 16.2 71.4 2.3
2.8 71 30.9 1.7
1 47.7 55.6 2.2
3.7 50 48.8 2.1
2.9 34 52.5 2
1.9 24.1 65.6 2.4
4.2 42 72.7 2.1
4.3 37.1 43 2.3
2.1 58.6 75 2.3
4.9 27.4 70.5 2.2
3.4 58.7 93 1.6
1.3 66.2 91.7 2.4
2 64.8 9.5 2.2
2.5 34.9 46 1.6
3.5 38.3 16.1 2.1
1.1 62.7 23.6 2.3
2 61.7 12.1 1.6
1 22.8 58 1.7
2 41.4 27.5 2.2
3.8 74.9 60.6 1.5
3.8 42.4 51.4 2
2.4 39.7 65 2.3
4.4 37 20 1.5
3.2 40.4 92.7 1.6
4 28.4 24.3 1.7
3.6 44.6 61.6 1.6
2.1 37.9 69.7 1.6
1.4 68.4 65 1.8
3.2 36.6 73.4 1.9
2.2 29.7 14.5 2.2
1.7 70.5 12.3 2.5
1.4 23.1 45.3 2.3
4.9 41.3 39.8 2
4.9 45.9 12.9 2.3
2.2 41.6 52.3 2.3
1.6 41.3 36 1.9
1.5 71.4 44.4 1.8
2.4 16.6 17.3 2.5
1.3 54.5 67.7 2.5
4 66 83.5 2.4
2.5 25.6 56.9 1.5
4.5 71.3 33.5 2.1
1.4 18.4 31 1.8
3 63.6 33.8 2
4.4 65 60.4 2.3
4.5 61.7 83.7 1.9
3.9 58.4 83.4 2.4
2.2 52.2 47.8 1.5
4 34 86.2 2.3
4.4 43 38.8 1.6
2.6 40.7 36.9 2.1
2 39.7 7.5 2.4
1 64.4 29.5 2.5
1.4 29.3 30.8 2.2
1.5 29.3 81.1 1.9
3.5 69.9 80.2 1.7
3.4 59.8 44.8 1.6
2.8 35.9 64.3 2.2
2 37.6 55.2 1.6
2.1 57.1 41.3 2.2
1.9 35.6 65.4 1.8
3.6 68.5 75 2.2
3.1 43.2 25.1 1.8
3.9 59.7 34.4 1.8
3.6 72.6 39.8 1.8
2 19.1 36.9 2.3
3.1 19.8 76.2 1.6
1.1 17.7 83.8 1.6
4.9 20.8 43.3 1.8
4.2 34.3 15.5 1.9
3.1 39.8 29.9 2.3
4.9 53.8 92.5 1.7
3.5 16.1 21.2 2.5
1.8 55.3 60 1.7
3.6 67.9 22.5 1.8
1.9 69 57.8 2.3
1.4 41.5 92.1 2.1
4.9 36.2 19.4 2.3
3.8 72.5 38.9 1.7
2.8 54.1 69.2 2.1
4.8 62.9 5.5 1.8
5 20.4 45 2.4
4.8 66.5 75.4 2.5
4.2 19.1 55.9 1.6
2.2 15.3 27.5 1.7
3.4 25.5 84 1.9
3 70.5 84.6 2.4
3 17.5 84.1 2.1
3.8 30.9 60.4 1.5
4.2 66.5 5.3 1.9
1.1 33.9 76.7 2.4
2.2 61.7 46.6 2
3.7 57.3 36.5 1.8
2.7 52 71.9 1.9
4 51.5 28.9 1.6
4.5 49.7 31.8 2.1
3.8 53.4 71.5 2.5
2.2 26.1 49.6 1.6
4.2 37.9 81.9 2.4
1.5 61.8 30.8 2.2
3.1 59.2 72.6 2.5
2.9 31.6 77.9 1.9
1.7 39.9 87.4 1.9
4.6 73.6 94.8 1.7
4.5 34.3 34.1 1.8
2.1 44.6 72.2 1.7
2.8 43.6 90 1.8
3.2 60.2 13.5 2.1
2 24.3 46.6 2.2
4.3 22.7 65.3 1.8
5 68.3 7.6 2.4
1.9 31.1 71.6 1.9
3.9 59.4 61.3 1.5
4.8 52.5 11.2 1.8
2.9 18.2 85.9 2.1
4.4 35.8 37 1.5
2.8 53.6 39.7 2.3
3.3 44.9 29 2.1
2.7 17.3 54.9 2.4
4.5 26.2 43.1 1.8
1.1 27.7 55.1 2.4
4.2 37 55.6 2
2.3 15.1 56 1.9
2.9 30 9.4 2.5
4.7 25.4 45.2 2.1
1.6 36.9 46.4 2.2
1.4 19.6 49.3 1.6
1.1 73.1 72.8 2
2.4 33.7 83.9 2.2
2.3 24.9 75.7 2.2
3.2 31.5 91.4 2.4
1.7 20.1 40.4 1.7
3.3 39.9 81 2
2.1 59.4 8.4 2.3
4.8 72.5 22.6 2.1
4.3 45.4 16.7 2.1
3.7 19 87.9 1.8
2.1 21.3 62.6 2.4
1.8 43.2 8.2 1.8
4.3 54.9 5.6 2.1
1.5 26.2 42.4 2.1
2.1 70.5 48.8 2.4
4.7 33.7 84.5 2.1
2 57.8 62.3 2.1
3.4 28.4 62.9 2
3.3 49.4 6.9 1.8
1.6 43.2 68 2.1
2.7 44.3 12.8 2.1
3.2 47.6 64.4 1.8
3.7 56.7 32 1.7
4.2 51 18.7 1.6
3.7 33.3 46.3 2.4
4.8 46.4 17.8 1.9
4.1 52 68.3 2.3
2 41.7 29.2 1.7
1.2 60.3 60.4 1.7
4.5 38.6 50.8 1.8
1.9 34.6 71.6 1.7
2.5 42.2 63.2 2.1
1.8 68 41.3 2.4
3.8 29.4 90.8 2.1
2.1 52.1 83.7 1.8
3.1 37.9 21 1.7
1.5 66.7 29.1 1.9
3.6 70.2 57.6 1.6
3.6 29.7 11.2 2.5
1 59 28.4 2.2
3.2 19.1 71 1.5
1.5 42.4 24.9 1.5
1.2 64.4 34.1 1.9
4.3 23.3 37.9 1.7
2.9 59.8 78.7 1.6
4.7 37.5 93.3 2.3
1.5 62.6 38 2.2
3.9 43.4 30 2
4.3 39.4 87.2 1.6
1.5 39.5 7.7 2.2
4.8 49.4 16.8 1.7
1.3 38.3 17.3 1.8
1.8 41.1 61.7 2.1
2.2 26.3 22.7 1.7
4.6 28.8 86.5 1.8
1.5 57.1 46 2.2
2.9 42.8 39.8 1.5
3.2 29.2 11.9 2.3
4.9 66 94 1.9
4.6 54.1 85 2.2
2.7 25.4 36 2.2
1.7 21.3 85.1 2
1.2 15.5 12.9 1.9
1.1 34 82.3 2.5
4.9 45.3 33.6 1.7
4.7 39.7 86.9 2
4.9 33.7 35.1 1.8
4.8 29.4 87.1 2.5
1.4 23.7 51.2 1.9
4.2 21.8 55.5 1.6
2 64.1 85.7 1.8
1.2 68.6 5.1 1.7
4.4 75 48.1 2.4
4.9 53.9 63.2 1.8
4.1 41.1 28.5 2.3
2.8 65.6 77 1.5
1.2 26.2 30 2.1
2 73.9 46.9 2.5
2.5 20.5 64 1.6
3 27.6 73.1 1.9
3.7 34 51.3 1.6
2.9 64 91.3 2.3
1.7 47.4 37.7 2
4.1 21.4 20.2 1.6
4.2 34.4 52.6 2.4
1.8 47.4 32.6 2
1.9 61.5 33.3 1.6
4.6 64.4 60.6 2
4.4 70.7 45.7 1.6
3 61.2 94.3 2.2
2.8 52.6 42.8 1.8
4.2 23 71.3 1.9
2.7 42.1 71.8 1.5
2.7 60.1 24.8 1.7
4.7 47.2 63.1 2
4.4 49.4 93.3 2.1
3.2 74.2 29 1.8
1.3 64.2 33.4 1.6
3.5 48.3 10 1.5
3.5 28.6 93.2 2.3
3.6 40.8 50.6 2
4.5 41.7 15.4 2.1
1.3 49.1 31.9 1.6
1.3 69.9 5.7 2.1
3.1 50.7 77.1 2
2.3 72.4 80.4 1.6
1.5 60.9 46.8 2.2
4 63.2 74.6 2.4
3.5 58.4 30.6 2.3
4.2 51.8 54.6 1.8
2.6 72.2 58.6 1.9
1 50.4 25.6 1.8
3.3 54.5 14.5 1.5
3.2 66.8 63 1.6
1.1 45 45 2.5
1.1 45.9 45.7 1.6
2.4 74.1 59.8 1.8
3.1 53.1 15.5 2.4
2.9 26.9 75.8 2.1
1.8 66.9 44.1 2.3
5 56 49 1.7
4.2 44.3 15.5 2
1 59.7 69.4 1.8
1.5 40.9 80.1 1.6
4.9 39.8 80.6 1.8
3.7 72.7 14.9 2
2.6 60.5 53.9 1.7
2.2 25.4 41.6 2.4
3.7 45.8 12.7 1.9
1.3 25.6 60.5 2
3.7 69.8 67.8 1.9
1.4 21.3 33.7 1.8
4.5 17.7 71.3 2
3.7 30.3 32.7 1.7
1.1 70.3 6.5 2
1 60.8 24.2 1.8
1 52.4 40.4 1.8
4.5 44.3 62.1 2.1
1.8 66.6 46.3 1.7
4.4 21.4 88.6 2.5
3.2 16.2 42.8 1.6
4.3 25.9 35.9 2.3
2.7 18.1 44.9 2
1.3 26 67.7 1.8
3.9 25.7 27.4 2.1
3.7 45.2 16.1 1.8
1 17 20.6 2.1
4.1 52.7 25.6 1.7
4.9 73.1 62.7 2
3.8 58.7 82.5 2.2
2.4 20.1 20.3 1.7
3.5 43.7 88.1 2
4.5 71 51.4 2.3
2.6 17.4 29.6 2.2
1.7 57 46.8 1.5
1.5 33.6 92.3 1.8
1.6 52.5 14 2.2
4.2 30.7 73 2.5
1.7 59.2 11.6 2.3
2.7 38.6 88.9 1.5
3.9 35.3 87.6 2.2
2.2 15.8 92.5 2.5
2.5 19.3 40.4 2.3
4.8 40.8 23.5 2.1
3.2 26.9 51.1 1.9
2 63.2 39.6 1.9
1.1 55.7 69.8 2.1
3.5 34.1 33 1.9
4.4 45.7 71 1.8
3.1 42.6 12.3 2
2.3 64 18.7 1.9
2.8 17.5 47 1.5
4 71.4 69.6 1.8
2.4 62.1 66.4 2.4
3.2 34.3 50.1 2.3
2.5 61.2 50.6 1.8
3.8 29.9 28.7 2
3.1 71.8 34.6 2.4
3.4 52.9 37.7 2
4.7 51.4 81.2 1.6
4.1 49.5 70.8 2
3.7 18.4 65.3 1.6
3.5 58.1 42.3 2.1
3.6 63.3 71.1 1.8
1.7 60.2 69.5 2.1
1.1 33.4 69.2 2.4
2.5 68.6 91.9 1.5
2.5 60.2 91.8 2.5
3.8 41.8 46.5 1.9
3.2 67.3 38.6 2.1
4.3 23.4 73.9 1.6
1.4 25.9 55 1.9
1.9 25.2 86.6 2.4
3.6 35.7 66.6 2.3
4.3 17.1 35.7 1.7
2.5 51.2 41.8 1.7
4.3 56.7 28.2 1.7
3.9 62.4 85.3 1.5
2.5 32.7 50.3 2
4.1 19.2 78.2 1.6
1.5 18.4 88.6 1.9
1.9 58.5 12.1 2.5
1.5 43.2 15 1.9
4.8 64.6 49 2
2.1 58.4 84.8 1.9
3.5 70.5 43.3 1.8
3 39.2 63.3 2.4
3.3 46.4 31.4 2.5
2.5 34.2 8.2 1.5
4.1 40.1 76.7 1.7
3.2 70.6 32.7 2.5
1.9 48.1 77.7 1.6
3.9 51.6 72.3 2.5
1 18.1 76.8 1.8
1.2 23 87.8 2.4
3.4 70.7 38.8 1.6
2.4 73.4 91.1 1.6
1.8 57.7 20.7 2.5
4.5 15 13.7 1.9
2.1 41.4 25.8 2
2 49.3 5.4 1.9
4.5 32 46.1 1.7
2.9 53.9 34.7 2.3
2 56.4 86 1.5
3.8 72.4 7.1 2
2.8 68.1 10.4 1.8
1.1 25.8 69.3 2.2
4.7 59.9 49.4 1.8
4 74.6 62.6 1.6
4.7 45 48.6 2.5
3.4 28.2 23.5 1.9
4.9 20.1 60.2 1.5
1.7 71.2 9.3 2.3
1.4 29.1 82.1 1.8
3 55 17.6 1.6
3.3 55.9 67.7 2.3
2.6 24.7 12.8 2.1
2.4 74.6 67.7 2.3
4.7 67.3 17.3 2.2
1.6 63.1 41.9 1.6
4.4 69.3 33.6 2.5
3.5 51 62.3 2.5
1.2 39.3 18.5 1.8
4.3 23.7 74 2.3
3.8 32.3 81.5 2.5
4.3 38.3 48.8 1.6
4.3 51.1 63.4 1.7
1.8 47.2 11.3 2.1
1.8 43.3 24.9 2
2.1 15.9 41.9 1.8
4.5 34.5 93.6 2.2
2.1 74.9 68.8 1.6
3.9 54.6 12.4 2.1
1.4 64 61.5 2.2
3.8 49.9 90.3 1.8
2 19.5 43.8 2.5
2.1 22.9 82.6 2.2
4.9 45.9 28.2 2.3
4.1 16.9 41.5 2.1
1.3 43.2 94.4 2.1
4.9 19.4 20.4 2.3
3.2 70.5 37.7 2.4
4.7 40.6 48.9 2.3
2.7 55.1 33.2 1.9
4.9 37.6 28.2 2.3
1 64.3 87.2 2
3.2 54.6 39.8 2
2.1 54.2 17.9 1.8
2.8 28.5 21.1 2
2.9 52 94.7 2.5
3.6 17.2 86.5 2.3
1.9 48.7 92.2 2.3
3.2 20 23.2 1.6
2.4 20 22.5 1.5
5 55.9 89.8 2.2
3 22.2 79.1 1.8
2.7 26.3 25.6 1.6
1.9 38.1 93 1.6
3.4 18.1 92.1 1.7
4.9 73 29.8 2.2
1.7 33.5 61.3 2.3
4.4 51.9 70.1 1.9
1.9 29.6 10.9 1.7
2.1 35.6 49.1 1.8
1.7 41.2 42.3 2.5
1 64.3 30.3 1.8
1.3 47.9 24.4 2.5
3.5 20.1 59.3 2.3
2.9 72.2 24 1.8
1.1 73.2 46.9 2.1
4.2 16.8 59.4 1.7
4.1 64 84.8 2.3
4.1 16.1 36 1.9
3.7 28.7 64 2.1
3 22.8 72.8 1.9
1 44.3 87.2 1.9
4.3 32.2 56.6 1.7
1.3 24.1 76.6 1.7
1.9 68.8 15.5 2.2
2.2 73.7 45.5 2
4.6 16.2 16.9 2.1
3.1 40.6 53.9 1.9
1.5 47.9 24.8 2
2.5 22.2 46.4 2.1
3.9 61.4 51.7 2.1
3.1 69.2 91.3 2
4.4 41.7 86 2.5
3.2 30.3 76.5 2
1.6 37 76.7 2.1
1.2 68.7 57.6 2
4.7 31.4 70.5 1.8
4.3 39.3 25.1 2.3
2.5 74 91.8 2.4
3.3 46.3 59.3 1.7
4.1 44.4 39.1 1.6
3.3 40.6 61.7 2
3 59 56.3 2
1.5 55.4 19.3 2.3
3.2 58.4 52 2.1
2.7 53.5 35.9 1.9
3.2 21.2 94.6 2
2.5 19.4 33.4 2
1.3 48.1 58.5 1.8
1.2 26 9.3 2.1
2.5 15 34.5 1.6
1.3 34.9 28.5 1.5
4.4 52.2 66.6 2.1
4 68.2 14.6 1.9
5 53.8 36.9 2.4
1.5 70.5 26.5 1.9
3.6 39.3 56.1 2.3
2.3 19.7 92.1 1.7
4.6 60.9 47.4 1.9
3.8 25 6 2.2
3.6 20.5 21.2 2.1
1.5 17 19.3 1.7
1.6 51.2 20.8 2.3
1.8 74.7 47.5 2.1
3.8 56.2 35.2 1.6
4.3 25.4 35.4 1.8
3.3 49 17.3 2.5
3.7 51.4 67.3 1.8
4.4 52.6 50.3 1.7
3.5 72 37.1 2.2
2.6 71.3 65.6 1.7
1.3 71.5 9.6 1.9
1.8 58.7 82.7 1.9
4.6 52.5 74.8 2.2
4.3 44.5 69 1.8
4.8 30.9 31 1.7
4.8 73.3 84.3 2.3
1.4 46 18.3 2.1
2.2 19.6 20.4 1.9
4 17.4 6 1.8
4 69 13 1.6
2.5 61 59.5 1.5
3.5 48.7 23.2 2.1
3.5 66.5 45.4 2.2
3.5 34.7 19.4 2.3
4.4 58.7 34.8 1.8
3.1 52.5 75.7 2.4
4.4 18.2 54.1 2.4
4 30.1 84.8 1.5
3.6 42 79 2.3
1.1 19.3 94.8 2.1
1.4 53.3 7.3 1.8
1.1 67.7 91.8 2
2.1 72.1 50 2
1.5 59.9 80.2 1.9
1 29 69.1 2.5
1.2 66.5 59.2 2.2
1.2 68.3 77.9 1.6
4.1 53.2 90.4 2.3
2.6 39.7 18.2 1.6
2.1 17.9 44 1.9
1.3 71.6 50.7 1.9
4.4 53.1 29.7 2.3
4.3 49.2 61.9 2.2
1.8 60 35.5 2.4
2.2 42 64.7 1.7
1.8 20.7 30.5 2.4
1.1 41.8 28.9 1.6
3.9 39.5 69.4 2.5
1.1 74.4 12.1 2
3 67.7 33.8 2.1
2 60.2 40.5 2.1
4.9 26.2 39.4 2.3
3.7 46.7 70.4 2.1
1.2 27.1 55.6 2.3
2.8 43 51.7 2.3
3.3 68.2 55 2
1.7 36.8 50.1 2
3.3 57.2 86.1 2.2
2.3 38 35.7 2.2
4.4 46.8 58.4 2.3
2.8 65.2 6.4 2.2
4.1 66 50.7 1.8
4.8 16 83.9 1.7
2.2 39.8 24.5 1.6
3.7 26.4 51.7 1.8
2.4 59 57.4 1.9
2.8 33.3 94.7 2.1
4.5 31.7 62.3 1.7
3.5 61.5 13.4 1.6
2.6 27.1 38.8 1.8
1.4 71.1 69.9 1.9
1.8 67.7 21.1 2
2.4 18.7 86.6 2.4
3.8 19.8 12.5 1.7
3.3 37.9 28.8 1.6
2.4 51.6 22.5 2.2
3.9 55.1 61.5 1.5
3.2 20.3 67.5 1.5
1 69.5 90.9 2.2
1.7 22.6 50.7 2.3
1.6 30.8 88 2.4
1 59.2 50.7 1.6
3 69.2 45.9 2.4
2.7 47 42 2
4.9 28.7 13.2 2.4
1.6 43.1 38.4 1.9
2.5 28.3 43.4 1.5
3.4 22.9 13 1.9
2.3 61.3 80.5 2.5
1.5 42.8 53.3 1.8
3.1 63.7 11.4 1.7
4.3 33.9 50.9 1.6
4.2 63.6 25 2
3.9 24.7 89.8 1.5
3.5 66.1 29.6 1.6
3.3 68.5 9 2.4
2.8 27.8 64.5 1.7
1.6 56.2 29.2 1.6
4.2 30.6 9.5 2.4
1.4 22.2 60.2 1.5
2.4 61.8 7 1.7
1.2 33.3 32.2 1.7
2.8 43.7 30.4 1.6
2.9 42.3 55.4 2
2.2 55.5 17.2 2
1.2 23.4 94.8 2.5
2 38.1 39.8 2.2
4.5 45.5 6.7 2.5
4.3 29.3 35.4 2.1
3.2 59.9 41.1 2
1.2 36.8 57.8 2.4
2 32 31.5 2.3
4.8 31.3 89 2.3
1 42.8 92.8 1.9
4 47 19.9 1.6
1.3 55.9 32.2 2
3.2 43.6 22.2 1.7
2.8 38 69.9 1.8
4.2 71.4 45.7 2.2
3.7 46.2 13.8 2
3.1 43 53 1.5
2.9 57.9 26.3 2.4
3.4 36.7 35.2 2.2
1.5 63.3 25.9 1.6
1.3 73.3 52.3 2.3
2.2 15.4 91.5 1.7
2.2 60.5 87.6 2
4.4 18.1 36.8 1.8
2.7 25.3 38.7 1.5
1.7 20.2 83.1 2
2.3 17.1 80.6 1.7
1.1 54.7 40.1 1.6
4.5 62.4 91.3 1.7
2.6 67.3 53.7 1.5
1.3 21.7 66 2
1.6 66.2 58.1 1.7
3.9 28.3 16.3 1.7
3.2 74.2 55.2 1.8
1.9 72.4 18.7 2.3
1.4 26.1 13.1 1.6
4.1 18.5 67.4 1.7
3.6 71.5 40.4 1.8
4 65.1 27.5 2.4
4.6 59.9 60.9 1.8
4.5 41.8 12.6 2.4
4.9 51.7 41.1 2.2
4.6 20.7 62.1 2
2.9 54.1 57.5 2.4
2.7 53.8 38.1 2.3
4.2 44 79.3 2.4
3.8 19.9 7.4 1.5
1.4 31.6 77.3 2.4
1.8 60.8 71.3 1.8
1.8 54 91.3 2.3
1.8 27.6 58.7 1.5
1.6 45.9 30.7 1.6
4 18.7 6.7 2.2
3.1 57.9 39.6 2.4
3.8 53.1 26.1 2.2
3.8 43 72 2.4
1 58.1 10.2 1.5
2.7 31.7 50.6 1.7
1.7 18.8 82 2.4
1.3 52 82 2.3
1.8 19.9 35.6 1.6
1.5 47.2 26.9 2
1 48 81.8 2.2
4.3 30.7 10.2 1.8
4.8 27.4 30.2 2.2
4 28.5 86.4 1.7
1.4 74.4 83.5 2
2.3 68.7 18 1.9
1.9 54.6 7.7 2.2
2.3 47.9 53.5 2.3
3.6 23.2 29.4 1.9
3.6 30.4 43.8 1.5
1.9 40.1 26.5 1.7
2.8 39.3 40 1.6
2.6 16 50.9 2.3
2.7 20.2 12.6 2.1
4.2 44.1 79.3 2.1
2.8 51.5 15.9 2.4
1.5 29.2 68.4 2.2
4.5 30.4 77.8 2.4
2.4 51.3 61.6 2.2
1.3 23.1 35.2 1.9
1.4 38.5 90.1 1.7
3.7 56.3 48.5 2.2
4.6 42 31 2.5
3.3 56.2 13.6 1.7
1.7 52 69.4 2.5
2.4 35.9 22.6 2.2
1.2 61.2 35.9 1.9
4 45.6 18.1 1.9
3.3 53.9 20.8 1.7
2.5 29.4 44.3 2.3
3.4 47.6 38.4 1.6
2.6 51.5 54.1 1.5
2.7 58 48.5 1.9
2.8 37.7 13.5 1.8
3 52 88.7 2.4
2.8 24.2 46.5 2.2
2.6 27 87.1 1.7
1.4 17.7 66.1 1.7
2.3 62.3 72.3 1.7
3.8 28.7 53.6 2.4
4.4 30 46.8 1.7
1.5 62.2 40.7 1.6
4.6 44 35.2 2.2
1.9 54.1 93.7 2.2
3.2 38.8 60.9 1.8
3.2 25.9 88.8 2.2
1.1 65.1 24.8 1.5
1.9 50.2 56.9 1.8
3.4 51.3 44.2 2.2
1.1 18.3 30.5 1.8
2.1 52.9 25.8 2.1
4.2 34.1 90.1 1.7
1.8 26.5 81.6 2
4.1 44 63.6 1.8
4.9 45.6 79.4 1.9
3 63.3 73.9 2.1
2.8 62.9 36 1.9
3.9 51 56.8 1.6
2.4 41.2 13.1 1.9
4.5 47.6 32.9 2.5
4.9 23.2 41 1.5
5 42.8 54 1.9
1.2 15.5 24.2 2.4
4.1 59.4 65 1.6
3.4 65.3 7.2 2.3
4.4 16.2 59.8 2
4.8 16.3 42.9 2.4
4.9 53.1 27.9 2.1
2.7 22.4 6 2.1
4.8 20 87.4 2
4.4 48.1 83 1.5
2.5 63.3 38.2 2.3
4.6 21.4 77.6 1.7
3.2 51.7 36.7 2.4
3.6 60.5 30.5 1.7
4.3 20.3 15.5 1.9
3.8 64.7 66.4 1.9
2.7 20.2 59.7 1.8
1.6 45 34.2 2.5
4 61.4 65.4 2.5
1 60.8 88.7 1.7
3.1 41.7 75.8 1.9
2.4 67.4 78 1.6
3.2 28.7 88.9 2.5
3.3 20.4 92.3 2.4
3.2 73 14 2
2.6 63 50.6 2.5
3.9 68.1 41 2.2
3.2 47 74.4 2.2
4.6 59.8 25.9 1.9
4.9 67.2 29 2.4
3.6 32.3 87.6 2.1
4.9 21.9 60.1 1.5
1.5 34.8 66.9 2.1
4.6 51.4 82.8 2.5
1.2 34.6 29.4 2.1
2.8 71.6 23 1.7
4.7 30.2 60.7 1.6
1 37.7 11.7 2.4
3.7 53 63.2 1.5
4.4 23.6 19.4 1.9
4.3 70.4 52.7 1.7
2.5 21 88 2.4
2.2 19.3 54.9 2
2.2 24.3 24.6 2.1
1.2 56.2 66.1 2.2
1.3 58.3 28 2
1.2 16.5 74.7 2.4
1.1 68 86.1 2.4
2 61.9 91.6 2.1
3.4 60.4 12 2.4
2.4 35.6 23.1 1.7
4.9 54.5 6.8 1.6
3.8 36.6 15.2 2.2
3.7 57.8 71.8 2
1.1 39.5 29.5 2.5
4.2 57.3 29.6 1.9
1.9 71.1 27.9 2.5
2.5 29.2 70.2 2.2
3.2 34.8 75.3 1.6
3.5 44.2 53.6 1.8
4.9 44.1 26.4 2.2
1.9 24.6 87.8 1.7
2.5 73.8 20.9 2.1
1.2 19.3 79.1 2.2
1.7 65.4 48.7 1.8
2.5 16.8 20 1.6
1.5 22.3 82.1 2.3
2.6 32.4 32.9 2.1
2.3 61.5 70.2 2.2
2.7 51.1 16 1.8
4.8 16.5 84.1 1.8
4.3 23.8 11.7 2.1
2.1 47.3 59.2 1.8
3.8 46 23.4 1.9
3.7 31.6 28.6 1.8
3.4 53.5 36.1 1.9
2 50.6 60.8 2.2
2.1 39.6 90.2 1.9
1.1 16.7 81.2 1.9
3.6 51.5 94.4 1.8
3.4 42.8 12.7 1.8
4.7 35.9 71.5 1.6
3 17.5 64.4 2
3.8 30.3 51.6 1.8
4.3 55.1 54.3 2.4
2.8 48.4 80.3 1.8
4.8 68.6 34.3 1.6
4.5 22.3 44.2 1.9
4.1 21.4 57.4 2.3
1.9 52.6 60.3 2
1.3 60.7 75.2 1.5
3.9 30.9 93.7 2.2
4.1 40.7 21.9 1.6
2.7 21.8 57.5 1.6
4.6 72.9 76.8 1.6
3.2 56.3 71.1 2.2
1.8 65.8 17.5 2.4
3 23.5 6.7 1.8
1.3 67.2 16.6 1.5
4.8 42.6 82.5 2.2
3.6 37.5 11.2 2.1
2.9 35.6 58.4 2.1
4.3 69.9 42.5 1.6
2.1 64.6 5.1 1.7
1.4 42.4 91.7 1.9
3.3 28.9 24.1 1.5
3 18.8 11.2 1.9
1.5 30.8 26.8 2.3
2.2 72.7 21.6 2.3
1.1 69.7 21.7 2.5
4.1 55.7 42.1 1.6
3.6 44.8 45.6 2.4
4.8 18 74.6 2.5
1.3 45.5 74.9 1.6
2.4 45.7 87.6 2.2
1.1 40.6 76.9 2.1
1 33.7 73.5 1.7
1.9 16.7 89.3 2.2
3.4 61 48.5 1.9
1.5 20.9 77.5 2
2.9 46.6 93 1.9
3.5 33.8 36.4 1.6
4.7 45.3 32.4 2.3
3.2 25.6 43.7 2.4
2.4 69.1 60.1 1.7
3.7 62 13.4 2.1
2 61.1 51.1 1.9
1.3 59.4 60.5 2.1
2.9 65.6 58.6 1.7
3.2 35.1 51 2.5
3.6 31.4 62.1 2
4.2 18.3 13.5 2.4
2.6 17.1 83.4 1.7
1.2 40.1 94.1 2.3
3.7 23.5 94.2 1.6
3.7 15.4 93.9 2.1
2.5 64.7 35.7 2.5
2.8 19.3 74.2 2
2.9 32 29.4 2.5
3.4 70.5 85.1 1.8
2.6 57 26.2 2
4.6 18.7 14.6 2.2
4.5 45.5 53 2
2.3 33.7 14.5 1.8
3.5 67.8 64.2 2.2
1.6 31.9 89 1.8
2.8 53 9.6 2.3
1.9 19.5 75.9 1.8
3.8 34.6 49.9 2.3
1.8 63.5 47.8 1.8
1 69.9 71 1.8
3.7 44.3 45.2 1.7
1.3 35 59.9 1.8
3.9 69.3 89.2 2.3
2.4 20 15.6 1.5
1.3 59.6 5.9 1.8
3 63.3 75 2.3
3 57.8 39.6 2.4
4.6 72.6 92.7 2.5
1 60.8 31.4 1.8
1.8 65.2 86.3 2.4
3 37.9 43.5 1.9
3.9 51.9 20.1 1.8
2.5 26.9 32.3 2
3.3 63.5 17 1.6
3.8 47.3 82.6 2
1.8 64.6 94.2 2.1
3.5 36.3 30 2
3.1 40.7 79.5 2.4
1.2 27.5 66.8 1.6
2.7 72.6 39.8 1.8
2.2 64.8 41 2.4
3.2 42.9 6.7 2
1.2 43.5 62.8 2.1
4.1 57.1 50.6 2.4
3.5 73.8 45.4 2.2
1.4 35 14.1 2.5
2.3 39.4 56.8 1.7
1.4 50.7 73.4 2.1
3.1 51.4 92.7 2.2
3.4 69 17.6 1.5
4.6 34.9 67.7 2
1.8 19 11.1 2.1
1.4 46.8 88.6 1.9
3.5 41.2 38.3 1.5
3.2 20.4 64.6 1.8
4.5 37.4 25.1 1.6
4.9 22.4 49.2 2.4
1.8 61.7 87.3 2.1
4.1 56.9 82.2 1.6
3.1 30.9 87.5 1.9
3.1 63.4 14.8 2.1
1 21.4 20.8 2.5
1.1 45.6 28.2 2.1
4.6 45.9 11.2 2.1
2 63.4 69.6 1.7
2 26.8 57.9 2.3
3.4 30.2 37.2 1.9
1.4 32.6 8.3 1.6
3.1 37.2 87.6 2
1.1 54.8 42.7 2.2
3 63.5 60 1.7
1.8 26.1 13.8 2.3
3.7 48.3 94.5 1.9
2.1 62 66.9 2.1
4.5 49.8 50.3 2.3
3.8 43.1 44.7 2.2
3.9 58.4 64.7 1.5
2 74.8 67.5 2.2
3.8 23.3 52.3 2.1
2.9 62.1 89.2 1.7
2.8 58.4 28.2 1.9
4.8 58.6 28.2 2
3.4 75 89.3 1.6
2.4 45.6 18 2.3
1.1 55.8 32.6 1.9
1.7 55.3 28.6 2
3.9 28.6 20.4 2.4
4.9 43.9 93.1 1.6
2.9 39.7 58.9 2.5
4.1 56.2 65 2.3
4.4 59.8 61.8 1.8
3.1 36.2 56.2 2.4
1.7 28 74.7 1.6
4.9 49.9 50.7 2.3
3.6 64.2 19.3 1.5
1.7 24.1 41.3 1.8
3.2 27.6 12.1 2
1 66.7 53 1.6
4.5 21.4 49.8 2.3
4.9 39.3 22.8 2.1
2.6 59.9 65.1 1.7
2 70.4 16.5 2
1.2 69.8 37 2
3.8 57.2 38.7 2.2
2.9 32.2 19 2.4
1 60.8 34.6 1.9
1.4 62.3 62.2 1.7
5 31.3 89.1 1.7
5 30.4 36.2 1.5
3.3 38.7 52.2 2.3
2.2 25.6 66.2 1.7
4.1 72.2 44.8 2
2.7 59 49.9 2.2
1.9 60.2 22 2.2
4.5 68.1 62.1 2.2
4.7 60.8 22.2 2.3
3.6 21.5 36.9 1.8
2.3 18.7 74.9 1.6
2.3 23.1 33.9 1.9
2.8 47.4 67.1 2.2
4.7 47.5 42.1 2.4
4.1 24.6 16.7 2.3
3.8 18.6 23.4 1.5
2.8 37.7 60.5 2.4
1.7 31.4 94.9 2.1
4.4 38.5 5.6 2.2
2.2 55.6 82.5 1.8
2.7 46.5 88.1 2.1
1.3 20.8 20.3 1.6
4.8 29.7 72.6 2.5
4.9 35.3 91.3 1.9
3.4 66.9 20.4 2.4
2.1 30.5 81.5 1.7
3.5 50.2 87.6 1.6
2.8 30.9 38.3 2.2
1.6 41.5 70.9 2.1
3.4 54.5 51 2.5
2.3 28.4 41.4 1.8
2.4 59 42.9 2.4
3.1 47.5 78.2 1.6
4.8 24.2 40.5 2
4.8 43.5 94.1 2.4
4.8 34.2 58.1 1.5
3.1 26 76.2 1.7
2.8 60.7 7.5 1.6
4.5 20.2 87.6 1.8
1.5 62.1 35.2 1.5
4.1 32.4 28.4 1.7
4.7 34.3 31.3 2.5
3.2 54.5 91.3 2.1
4.7 35.5 31.6 2.3
3.5 65 50.4 2.2
4.3 58.1 65 2.3
2.3 16.2 57.4 1.6
1.9 42.9 89.2 2.1
3.4 43.4 72.6 1.6
1.6 32.6 55.7 2.3
1.7 15.1 11.3 1.5
1.6 36.1 24.4 1.6
3.9 52.7 9.4 2.2
1.9 16.5 57.6 2.5
2.6 27.8 84.6 1.9
3.8 21.4 13.3 1.8
4.6 70.6 37.7 2.5
4.1 46 60.7 1.9
3.5 19.8 78.3 2.2
2.9 46.2 80.1 1.5
2.1 39.4 58 1.8
4 17.1 16.5 2.3
4.5 56.2 47.6 1.7
4.7 63.3 35.6 2.1
1.4 73.4 40.1 2.4
1.5 37.7 80 1.6
2 63.7 89.2 1.6
3.8 51.5 70.3 2.1
3.3 47.5 83.8 1.7
4.1 56.2 38.9 2
3.6 61.7 6.5 2.2
4.9 69.1 55.6 2.3
0.3 0.2 0.3 0.2 0.2 0.2 0.3 0.4 0.4 0.3 0.4 0.3 0.2 0.3 0.3 0.3 0.3 0.3 0.4 0.4 0.3 0.4 0.3 0.4 0.3 0.3 0.4 0.3 0.2 0.3 0.3 0.3 0.4 0.4 0.3 0.3 0.3 0.2 0.3 0.4 0.3 0.4 0.3 0.3 0.4 0.3 0.3 0.4 0.3 0.2 0.2 0.3 0.4 0.3 0.3 0.2 0.4 0.3 0.4 0.3 0.2 0.3 0.3 0.2 0.2 0.3 0.3 0.3 0.3 0.2 0.2 0.4 0.3 0.2 0.3 0.3 0.3 0.3 0.3 0.3 0.2 0.4 0.2 0.3 0.3 0.2 0.2 0.2 0.3 0.3 0.2 0.2 0.3 0.3 0.3 0.2 0.2 0.4 0.3 0.4 0.3 0.3 0.4 0.2 0.4 0.2 0.3 0.2 0.2 0.4 0.4 0.3 0.2 0.2 0.2 0.4 0.3 0.2 0.3 0.4 0.3 0.2 0.3 0.3 0.3 0.3 0.2 0.2 0.4 0.3 0.3 0.4 0.2 0.3 0.2 0.4 0.3 0.4 0.4 0.3 0.3 0.4 0.2 0.3 0.4 0.3 0.3 0.2 0.3 0.3 0.4 0.3 0.2 0.2 0.2 0.4 0.4 0.2 0.4 0.4 0.2 0.2 0.4 0.3 0.3 0.4 0.4 0.3 0.3 0.4 0.3 0.2 0.4 0.3 0.2 0.2 0.2 0.3 0.2 0.2 0.4 0.3 0.3 0.4 0.3 0.4 0.3 0.3 0.4 0.3 0.3 0.4 0.3 0.3 0.3 0.4 0.4 0.4 0.3 0.2 0.2 0.3 0.2 0.4 0.3 0.2 0.3 0.3 0.3 0.4 0.3 0.3 0.4 0.3 0.2 0.3 0.3 0.3 0.3 0.3 0.2 0.3 0.3 0.2 0.2 0.3 0.3 0.4 0.4 0.4 0.3 0.4 0.2 0.3 0.4 0.3 0.3 0.2 0.3 0.3 0.2 0.3 0.4 0.3 0.3 0.3 0.4 0.4 0.4 0.3 0.4 0.3 0.3 0.3 0.3 0.3 0.4 0.4 0.3 0.3 0.3 0.2 0.3 0.2 0.3 0.4 0.2 0.4 0.3 0.2 0.2 0.3 0.3 0.2 0.2 0.4 0.2 0.4 0.3 0.4 0.2 0.2 0.2 0.4 0.4 0.3 0.3 0.2 0.2 0.3 0.4 0.3 0.3 0.2 0.3 0.2 0.3 0.3 0.3 0.3 0.2 0.2 0.3 0.2 0.3 0.4 0.2 0.3 0.3 0.4 0.4 0.3 0.4 0.3 0.3 0.3 0.3 0.4 0.2 0.3 0.3 0.2 0.4 0.4 0.2 0.3 0.4 0.2 0.3 0.3 0.3 0.3 0.3 0.3 0.3 0.3 0.2 0.3 0.2 0.4 0.3 0.4 0.4 0.4 0.4 0.2 0.2 0.3 0.2 0.4 0.2 0.2 0.4 0.3 0.2 0.3 0.2 0.2 0.3 0.3 0.3 0.2 0.2 0.2 0.3 0.2 0.3 0.2 0.3 0.3 0.4 0.2 0.3 0.2 0.3 0.2 0.3 0.3 0.3 0.3 0.3 0.3 0.3 0.4 0.4 0.3 0.4 0.3 0.4 0.4 0.2 0.3 0.2 0.2 0.3 0.3 0.2 0.2 0.4 0.4 0.4 0.3 0.3 0.4 0.4 0.3 0.3 0.4 0.3 0.2 0.3 0.3 0.4 0.2 0.3 0.3 0.3 0.4 0.4 0.2 0.2 0.4 0.3 0.3 0.3 0.2 0.4 0.3 0.3 0.3 0.4 0.3 0.2 0.2 0.3 0.3 0.2 0.3 0.3 0.4 0.3 0.4 0.3 0.3 0.2 0.2 0.3 0.4 0.4 0.2 0.3 0.3 0.4 0.2 0.2 0.3 0.3 0.4 0.3 0.4 0.3 0.4 0.4 0.4 0.3 0.4 0.3 0.3 0.3 0.3 0.4 0.4 0.3 0.4 0.3 0.2 0.3 0.4 0.2 0.3 0.2 0.3 0.4 0.2 0.2 0.4 0.4 0.4 0.3 0.2 0.3 0.3 0.3 0.2 0.3 0.2 0.3 0.2 0.3 0.2 0.2 0.4 0.3 0.4 0.2 0.3 0.3 0.4 0.3 0.2 0.3 0.3 0.4 0.2 0.3 0.2 0.3 0.2 0.3 0.2 0.3 0.3 0.3 0.2 0.3 0.4 0.3 0.2 0.4 0.4 0.2 0.2 0.3 0.2 0.4 0.4 0.3 0.2 0.3 0.3 0.3 0.3 0.3 0.4 0.4 0.3 0.4 0.3 0.4 0.3 0.3 0.3 0.3 0.3 0.4 0.2 0.4 0.4 0.3 0.4 0.3 0.3 0.4 0.2 0.3 0.2 0.3 0.2 0.2 0.3 0.4 0.4 0.2 0.3 0.4 0.3 0.4 0.4 0.3 0.2 0.3 0.3 0.4 0.2 0.3 0.2 0.3 0.3 0.3 0.3 0.3 0.3 0.2 0.2 0.4 0.4 0.4 0.3 0.4 0.2 0.3 0.3 0.4 0.3 0.2 0.4 0.2 0.3 0.3 0.2 0.4 0.3 0.2 0.3 0.3 0.3 0.3 0.3 0.3 0.4 0.4 0.4 0.4 0.4 0.2 0.3 0.3 0.3 0.3 0.2 0.3 0.2 0.2 0.2 0.4 0.3 0.3 0.3 0.4 0.4 0.3 0.4 0.3 0.3 0.4 0.3 0.2 0.3 0.2 0.3 0.4 0.3 0.4 0.3 0.4 0.4 0.3 0.3 0.3 0.2 0.2 0.3 0.2 0.2 0.3 0.3 0.3 0.3 0.4 0.2 0.4 0.4 0.4 0.2 0.4 0.4 0.3 0.4 0.4 0.3 0.3 0.2 0.3 0.2 0.4 0.3 0.3 0.2 0.3 0.2 0.3 0.4 0.3 0.4 0.4 0.3 0.3 0.3 0.4 0.3 0.4 0.3 0.3 0.3 0.3 0.4 0.4 0.4 0.3 0.2 0.3 0.3 0.3 0.3 0.3 0.3 0.2 0.2 0.4 0.4 0.3 0.4 0.4 0.3 0.3 0.3 0.4 0.4 0.3 0.2 0.2 0.2 0.2 0.2 0.4 0.2 0.3 0.3 0.3 0.4 0.4 0.3 0.3 0.4 0.3 0.4 0.2 0.3 0.3 0.4 0.3 0.3 0.3 0.2 0.3 0.4 0.3 0.2 0.3 0.3 0.3 0.3 0.2 0.2 0.4 0.2 0.3 0.4 0.3 0.3 0.3 0.3 0.4 0.2 0.3 0.3 0.4 0.2 0.2 0.4 0.3 0.3 0.2 0.3 0.2 0.2 0.4 0.2 0.3 0.2 0.4 0.2 0.3 0.3 0.3 0.3 0.3 0.4 0.4 0.3 0.3 0.4 0.3 0.2 0.3 0.2 0.4 0.3 0.2 0.4 0.3 0.3 0.3 0.2 0.3 0.3 0.3 0.2 0.3 0.3 0.3 0.4 0.3 0.2 0.4 0.4 0.3 0.2 0.4 0.2 0.3 0.4 0.2 0.3 0.3 0.3 0.2 0.2 0.2 0.4 0.3 0.3 0.4 0.2 0.3 0.3 0.3 0.3 0.3 0.3 0.3 0.2 0.4 0.3 0.2 0.2 0.4 0.2 0.3 0.2 0.2 0.4 0.3 0.3 0.4 0.4 0.3 0.3 0.4 0.3 0.3 0.3 0.2 0.4 0.2 0.4 0.2 0.3 0.4 0.2 0.3 0.3 0.2 0.3 0.4 0.3 0.3 0.2 0.3 0.2 0.3 0.3 0.3 0.2 0.3 0.3 0.3 0.3 0.4 0.4 0.3 0.4 0.3 0.2 0.4 0.3 0.2 0.3 0.3 0.4 0.2 0.4 0.3 0.2 0.4 0.2 0.3 0.4 0.4 0.2 0.2 0.3 0.4 0.2 0.3 0.4 0.3 0.4 0.3 0.2 0.4 0.2 0.3 0.3 0.2 0.2 0.3 0.2 0.4 0.4 0.3 0.3 0.3 0.3 0.4 0.3 0.2 0.2 0.4 0.4 0.2 0.2 0.3 0.4 0.4 0.4 0.3 0.4 0.2 0.4 0.4 0.3 0.2 0.3 0.4 0.3 0.4 0.3 0.2 0.3 0.4 0.4 0.4 0.4 0.4 0.3 0.4 0.3 0.3 0.4 0.4 0.3 0.3 0.2 0.3 0.3 0.2 0.3 0.3 0.4 0.2 0.3 0.4 0.3 0.4 0.4 0.2 0.3 0.3 0.2 0.3 0.3 0.4 0.3 0.3 0.4 0.4 0.3 0.4 0.3 0.3 0.3 0.3 0.4 0.3 0.2 0.4 0.4 0.2 0.2 0.3 0.4 0.3 0.4 0.4 0.3 0.2 0.3 0.2 0.2 0.2 0.3 0.3 0.3 0.3 0.3 0.3 0.3 0.3 0.3 0.3 0.4 0.3 0.3 0.3 0.3 0.3 0.3 0.4 0.4 0.3 0.2 0.4 0.2 0.3 0.4 0.3 0.3 0.3 0.3 0.3 0.4 0.4 0.3 0.4 0.4 0.3 0.3 0.2 0.4 0.4 0.2 0.3 0.3 0.3 0.2 0.3 0.4 0.2 0.4 0.4 0.3 0.3 0.2 0.3 0.3 0.3 0.3 0.4 0.3 0.3 0.3 0.4 0.2 0.4 0.3 0.2 0.4 0.3 0.4 0.3 0.2 0.2 0.3 0.2 0.2 0.2 0.4 0.3 0.3 0.3 0.3 0.4 0.4 0.3 0.3 0.2 0.2 0.4 0.2 0.2 0.3 0.2 0.3 0.3 0.3 0.2 0.2 0.2 0.2 0.3 0.3 0.3 0.2 0.3 0.3 0.3 0.3 0.3 0.2 0.3 0.4 0.3 0.3 0.3 0.4 0.2 0.2 0.2 0.4 0.3 0.2 0.2 0.2 0.3 0.3 0.2 0.3 0.4 0.4 0.2 0.3 0.3 0.3 0.3 0.3 0.4 0.4 0.3 0.3 0.3 0.4 0.2 0.2 0.4 0.3 0.3 0.4 0.3 0.4 0.2 0.3 0.3 0.2 0.4 0.4 0.3 0.3 0.2 0.3 0.3 0.3 0.3 0.3 0.2 0.2 0.4 0.3 0.3 0.2
175 108 171 98 14 37 17 103 172 146 180 151 135 45 15 42 63 132 116 172 133 78 75 167 148 170 23 153 31 172 162 34 106 79 96 35 129 39 80 52 115 63 6 22 4 127 21 76 107 147 76 125 144 154 61 108 143 93 120 92 130 55 137 157 104 82 13 35 157 71 25 119 90 31 113 154 12 170 64 109 70 163 140 3 147 17 51 179 124 104 154 3 42 86 144 156 119 161 18 27 64 13 61 173 96 102 25 177 121 151 50 163 149 69 28 125 178 153 73 180 73 107 50 98 98 54 16 68 23 138 41 55 102 57 42 145 103 113 69 36 157 51 109 67 33 66 84 144 6 77 32 72 31 15 180 134 59 20 40 114 20 14 129 117 111 166 57 20 54 69 100 163 66 174 11 81 18 129 46 84 159 121 116 178 93 166 129 141 34 77 140 116 161 28 130 7 53 95 104 61 65 87 96 133 49 87 157 30 32 154 91 63 48 74 47 176 53 138 55 47 125 127 45 149 179 170 168 88 118 153 125 160 99 14 5 30 76 177 144 97 69 178 148 90 93 23 137 106 153 84 30 52 139 172 26 44 79 173 174 123 23 180 15 71 101 68 71 46 5 170 151 31 79 129 146 150 174 22 85 50 171 106 160 84 151 30 95 10 169 106 180 177 44 134 69 10 12 22 43 149 2 48 148 76 45 123 86 109 155 60 6 89 75 95 179 132 3 73 111 172 32 118 109 11 131 68 5 105 22 179 103 173 125 108 14 177 25 71 75 44 69 11 136 1 153 28 102 24 139 143 27 19 155 116 121 29 147 116 129 164 56 27 165 157 177 154 180 149 47 124 77 30 126 113 74 157 2 10 22 76 72 157 139 96 88 93 44 57 57 175 130 139 12 28 73 143 4 89 67 140 79 138 117 155 92 52 160 125 129 44 111 65 86 36 169 8 14 16 66 65 69 54 27 151 100 46 178 7 120 51 66 61 94 71 7 134 8 150 121 175 135 129 33 69 129 178 129 142 23 155 166 158 155 178 30 126 57 49 97 99 47 28 136 104 25 94 103 146 138 126 124 67 151 162 60 60 48 101 98 131 68 23 22 32 56 21 178 83 100 80 14 149 102 97 90 149 95 133 149 112 78 137 151 132 55 178 163 78 48 2 28 135 43 126 124 38 39 141 59 76 92 20 69 73 53 162 119 1 12 91 153 177 112 167 31 122 142 118 149 99 160 76 20 20 64 58 62 81 50 132 78 57 23 163 73 135 114 114 53 143 155 113 16 56 64 99 120 173 116 45 10 25 21 134 55 103 34 160 143 89 106 157 163 144 174 174 22 67 11 62 97 92 133 21 87 116 134 102 129 149 149 149 77 161 50 99 155 57 32 22 16 40 163 99 145 61 3 60 28 5 96 143 130 11 29 24 22 171 119 41 164 60 81 108 71 28 135 98 116 13 159 141 177 2 60 45 56 126 155 106 91 86 159 41 37 27 128 7 21 55 174 97 118 94 104 61 30 37 61 7 37 28 86 73 98 155 152 179 67 165 53 62 76 122 111 146 59 176 101 54 49 167 172 95 90 21 51 52 116 105 90 100 41 133 170 144 84 51 132 152 154 148 41 149 170 173 135 113 163 85 43 139 87 74 89 15 19 87 67 78 134 150 74 9 81 71 159 17 163 32 104 30 54 48 171 102 156 107 60 24 115 56 156 5 135 104 22 171 145 28 81 164 33 159 121 149 71 143 179 180 106 24 157 148 93 143 100 44 119 100 174 10 87 137 90 113 94 169 93 152 136 121 9 13 161 19 55 171 134 158 107 99 79 179 60 87 73 1 133 174 58 34 151 58 100 64 132 154 173 31 53 69 97 58 33 20 102 12 151 73 38 123 93 165 66 52 25 171 111 5 27 23 106 115 130 131 48 112 95 87 4 134 10 134 145 38 68 178 120 174 85 52 40 31 93 131 5 56 77 153 170 151 26 52 80 108 30 21 10 56 155 69 37 85 29 88 153 127 20 14 87 66 154 122 172 127 62 115 41 94 96 175 68 59 97 70 156 59 143 53 29 47 34 104 104 127 170 79 29 97 123 104 55 124 138 57 3 6 119 51 79 63 73 86 169 7 5 99 61 142 173 73 171 65 125 167 95 131 170 103 10 170 55 176 128 2 8 58 62 29 138 82 119 46 71 115 168 20 169 83 177 111 90 125 5 92 53 7 25 2 5 43 9 69 105 60 117 26 134 15 97 122 102 2 36 48 18 104 115 8 73 156 88 50 168 6 128 143 67 151 22 63 154 94 1 144 27 177 99 128 136 127 83 154 25 28 109 116 10 95 8 167 148 119 168 3 17 152 32 74 4 154 144 69 67 68 122 99 54 116 33 84 168 167 138 69 6 164 113 3 55 111 22 148 56 103 6 66 52 179 128 49 130 56 138 89 91 9 30 46 59 28 142 171 137 75 180 37 13 86 122 24 35 57 116 76 99 29 144 4 59 56 33 61 140 51 55 73 108 98 96 166 115 23 52 82 160 123 123 124 158 151 78 55 114 162 78 64 31 100 94 144 130 163 22 44 46 24 33 123 33 75 45 154 92 82 121 86 65 125 163 45 18 58 50 178 135 149 151 27 141 62 123 101 3 55 31 42 4 7 179 73 88 7 88 134 19 19 129 174 64 53 127 175 177 78 179 160 61 129 176 168 123 8 12 44 103 42 152 57
28 162 128 60 29 11 5 147 109 80 152 69 93 12 103 124 114 27 84 38 174 2 93 114 138 42 84 8 177 122 102 109 158 140 121 85 180 180 63 46 62 21 167 102 92 144 21 112 115 10 112 158 145 70 85 127 6 160 26 3 58 16 3 165 41 67 93 150 175 103 12 48 70 84 77 42 70 173 157 176 82 156 34 13 102 3 117 135 168 170 9 6 135 11 49 171 110 42 79 95 148 17 138 172 105 91 153 72 39 21 120 84 6 16 135 53 8 25 39 13 179 62 88 160 102 55 158 6 118 180 82 120 51 86 107 113 15 180 166 168 21 63 121 19 32 19 83 141 150 133 178 78 169 1 73 110 52 43 17 127 118 100 146 19 38 160 123 150 174 44 108 167 71 35 178 37 175 143 53 99 31 143 118 74 110 8 8 110 171 120 91 158 124 149 144 17 99 72 52 91 67 139 76 100 7 23 40 29 6 22 42 161 144 9 43 31 64 131 14 53 30 47 156 11 69 78 92 77 146 24 38 155 7 18 99 138 88 113 7 38 85 69 72 167 142 71 166 63 177 159 89 56 95 57 101 100 55 105 29 55 138 138 77 65 28 172 30 75 99 8 95 10 26 128 157 28 28 21 4 154 176 107 111 107 33 166 45 79 138 130 117 142 165 96 129 174 55 160 117 9 148 119 124 39 62 98 16 179 59 105 163 180 143 106 166 170 70 174 38 76 176 16 104 53 156 63 111 157 124 103 96 98 72 85 32 29 108 15 26 119 115 121 124 143 14 29 156 61 159 106 111 69 134 21 91 87 27 114 71 35 79 73 112 126 33 138 28 32 64 100 107 75 178 103 85 41 170 102 5 91 103 153 47 102 92 150 12 67 92 87 102 26 119 8 87 105 141 80 23 71 154 105 34 12 173 125 158 59 13 48 57 171 177 135 134 69 60 48 70 76 23 163 115 35 55 10 129 139 28 176 180 14 22 121 69 106 112 110 166 127 39 61 135 17 10 62 148 136 54 174 101 171 62 21 173 158 85 35 109 50 165 73 144 107 129 12 126 146 108 169 48 119 100 7 77 61 83 93 62 65 70 121 124 151 22 46 94 172 133 137 97 145 53 58 80 163 16 58 179 123 92 59 68 73 149 71 18 1 148 24 97 82 84 150 12 175 139 59 96 98 73 153 148 104 155 96 11 91 62 124 72 38 58 175 167 136 123 108 127 79 61 23 143 62 77 18 150 97 44 94 53 126 133 156 120 89 180 110 69 10 112 161 39 151 21 128 87 142 170 32 85 126 103 20 141 157 125 86 34 69 18 138 26 12 71 69 132 33 78 8 53 76 142 80 84 166 163 143 171 125 159 153 108 104 87 76 169 74 11 67 180 134 114 35 177 52 171 89 86 19 34 80 99 36 107 40 57 109 178 153 72 166 66 42 47 45 153 173 84 77 31 63 48 178 55 136 81 45 6 174 115 94 52 161 173 10 54 124 71 19 58 111 55 50 83 138 136 81 11 77 145 25 166 175 38 96 105 39 159 52 120 15 20 99 126 33 176 154 110 54 117 166 81 22 146 27 42 141 85 172 72 53 120 164 79 105 75 21 146 46 51 159 113 18 25 60 90 64 3 167 104 107 3 66 60 91 160 14 159 102 167 50 45 1 52 42 106 141 144 109 32 5 155 131 46 43 70 32 10 79 55 110 35 82 138 11 12 170 55 110 36 86 107 64 39 5 61 136 8 122 16 93 92 175 98 60 80 160 72 137 42 76 123 5 31 168 89 152 98 29 78 131 118 168 164 145 35 161 45 3 31 32 30 61 147 120 152 132 142 45 88 16 73 25 17 11 19 69 33 35 179 107 149 24 114 4 89 176 42 68 125 163 125 18 57 144 41 176 68 148 48 130 23 110 26 142 139 137 85 128 66 144 135 96 38 7 22 147 9 80 18 171 160 43 89 148 7 151 115 132 103 41 152 30 94 60 53 135 142 12 60 109 71 25 101 149 139 102 115 151 143 43 172 103 82 38 76 118 70 76 26 68 114 141 40 45 75 24 43 58 113 115 94 157 46 129 124 155 178 44 80 138 58 52 155 97 117 25 68 18 77 65 35 128 152 152 9 127 75 130 36 156 124 62 76 91 91 132 177 132 1 88 81 86 139 46 42 32 153 22 110 169 15 175 148 159 60 43 147 142 114 51 29 105 67 171 78 30 166 140 99 171 150 179 73 63 121 140 60 59 40 7 1 155 54 78 61 61 11 74 108 87 109 125 93 16 153 90 35 165 174 100 24 113 138 83 21 118 141 173 93 68 51 36 118 103 73 156 2 76 80 41 46 89 110 68 24 151 125 84 44 71 23 165 61 26 79 4 156 121 117 125 115 6 47 58 1 37 179 32 17 169 144 78 13 9 141 95 156 107 42 102 35 136 28 88 11 70 171 79 21 138 86 119 29 153 6 111 146 137 19 28 44 161 18 48 146 82 169 122 69 144 179 172 48 16 116 4 121 88 26 83 179 58 33 77 123 136 152 105 45 16 173 73 73 51 5 63 1 155 83 180 5 10 41 154 1 158 155 40 32 2 29 8 144 135 44 104 164 171 35 26 96 47 33 99 81 117 104 135 163 25 118 25 55 48 21 73 51 130 165 137 91 7 44 45 80 89 116 107 31 158 122 141 180 51 29 12 58 175 49 56 37 49 68 137 159 64 17 142
88 98 60 53 180 161 91 132 43 94 52 149 23 144 129 26 123 92 66 22 86 136 49 80 43 142 42 159 93 155 159 24 53 43 19 154 63 38 24 160 113 129 88 92 131 157 89 96 5 152 51 40 55 63 109 152 170 16 164 118 59 71 129 54 133 74 33 58 135 112 131 24 118 89 88 64 11 57 9 35 167 127 121 81 171 119 74 11 148 94 44 15 85 68 92 49 14 85 37 79 47 83 2 66 86 15 77 4 110 1 161 79 33 87 30 153 143 169 136 25 164 158 11 111 75 141 9 154 106 77 148 167 69 49 43 125 51 50 33 94 159 79 43 68 165 148 113 38 52 153 174 83 99 9 24 170 174 91 84 50 91 18 165 128 17 170 161 146 69 44 97 120 167 170 80 180 99 74 145 60 53 39 51 38 150 133 126 168 106 150 143 68 48 105 145 124 58 90 111 32 16 33 101 168 79 116 89 128 52 160 85 53 6 68 40 46 89 10 51 55 131 83 117 45 64 21 7 96 114 26 160 109 60 147 91 165 68 126 121 41 75 50 45 43 102 147 74 160 24 78 167 70 162 18 45 100 83 97 4 26 138 137 124 119 63 124 9 152 19 174 41 83 9 59 46 112 38 10 54 158 23 134 14 106 100 177 107 167 20 122 99 105 57 88 98 21 60 27 144 106 20 42 129 110 116 115 121 107 102 9 146 3 21 171 33 3 11 5 8 121 16 51 119 129 159 1 45 151 110 32 50 55 134 114 97 150 4 17 5 44 126 86 117 129 170 145 173 81 171 100 168 61 10 78 132 159 96 110 70 25 109 67 44 152 172 87 84 156 90 6 145 80 62 25 82 151 49 117 90 83 19 160 79 178 179 109 45 57 128 6 100 159 165 27 123 119 112 67 17 172 15 54 103 165 58 74 136 40 49 105 107 168 84 98 56 141 121 162 112 105 2 124 50 60 42 114 20 179 144 67 20 57 109 42 1 78 39 44 164 15 105 127 159 147 78 1 71 62 3 129 41 110 139 119 139 178 155 59 142 122 87 47 22 28 108 54 150 157 132 141 148 69 176 104 34 170 141 147 27 173 141 153 163 166 31 122 174 58 23 25 118 65 102 57 35 104 14 134 179 29 95 57 114 2 150 6 105 119 36 178 31 119 40 22 35 4 146 158 152 61 139 145 45 90 137 80 103 126 176 158 117 19 113 154 177 4 176 142 53 88 104 120 26 106 138 62 137 174 71 172 27 144 124 69 89 164 170 61 147 152 72 142 7 39 144 130 76 93 47 168 113 56 100 93 99 180 105 108 44 79 126 58 141 54 26 100 70 84 103 115 148 132 125 131 131 2 76 84 115 74 131 155 98 94 83 129 170 99 85 56 8 47 91 57 165 37 50 19 131 101 164 5 106 83 47 10 53 7 50 70 152 170 149 35 170 2 62 54 115 88 174 25 26 54 47 72 37 132 48 133 151 134 130 70 53 132 18 109 33 12 33 160 19 161 139 173 32 10 158 168 15 53 57 92 43 18 16 16 20 168 72 125 92 117 56 41 61 164 20 65 101 57 90 13 149 156 141 140 88 112 169 70 64 170 10 74 142 119 66 134 97 69 99 25 149 157 147 176 122 155 141 134 50 27 178 43 156 144 24 70 155 146 118 150 156 178 77 156 8 51 166 98 113 93 134 18 160 1 178 120 151 105 107 44 40 108 140 101 13 127 45 117 2 141 125 25 135 81 173 72 169 100 152 83 44 158 79 146 38 95 96 97 75 69 128 4 165 146 13 142 167 44 127 33 63 16 143 134 146 172 2 167 97 58 130 138 70 11 175 52 171 115 8 106 179 30 18 31 175 151 13 71 138 93 29 143 92 66 93 40 52 179 158 7 1 175 129 23 9 42 52 2 160 148 119 22 171 26 23 90 164 66 160 24 118 153 70 28 60 96 98 159 173 68 49 30 82 177 60 71 140 123 172 163 29 124 122 153 30 172 22 77 151 105 52 147 56 6 61 126 70 133 13 32 31 25 15 100 7 23 3 91 50 150 13 20 29 79 130 170 34 151 115 6 164 94 30 50 125 157 143 154 136 157 145 168 62 4 52 151 49 152 140 34 163 19 144 39 51 73 115 4 2 40 13 113 153 57 119 16 163 110 169 66 124 152 105 137 69 102 144 60 147 107 27 121 8 29 57 73 26 132 103 64 106 47 103 31 156 99 25 132 138 15 60 50 48 55 148 18 112 114 38 59 48 71 18 59 83 13 94 120 169 120 42 179 152 89 91 168 179 71 98 146 110 132 174 14 135 6 79 89 33 174 147 154 130 165 115 121 178 180 104 151 59 167 20 57 67 100 124 28 161 149 55 121 114 14 39 137 151 110 103 158 40 65 31 129 51 42 177 21 122 157 160 52 15 87 150 18 45 34 43 162 67 177 14 161 23 85 135 116 78 13 21 110 136 146 17 67 104 110 176 46 104 51 46 175 93 145 168 48 23 76 137 95 10 41 172 34 87 66 42 114 80 70 180 132 172 130 34 25 149 132 88 63 12 48 159 2 33 91 41 60 169 110 126 21 101 41 63 175 65 124 3 57 84 84 60 99 24 134 47 151 36 115 93 97 9 59 114 24 172 14 108 175 70 142 66 74 41 19 69 55 134 13 25 149 129 157 57 149 84 70 59 112 165 10 79 148 115 54 86 21 161 57 178 118 147 72
162 166 180 4 78 173 161 178 175 5 106 88 119 161 54 138 108 22 76 13 88 122 68 130 158 148 118 122 153 105 51 93 96 105 175 64 69 28 80 108 147 96 95 76 146 149 173 20 25 78 23 7 152 173 169 126 26 52 41 146 136 4 159 22 179 122 3 5 104 12 171 136 6 42 31 49 178 57 26 66 173 138 23 54 27 19 64 3 58 107 85 169 33 81 61 77 170 69 20 45 85 143 10 83 21 35 54 92 143 123 89 100 74 107 15 2 153 120 65 6 137 131 131 123 69 132 82 23 11 157 63 33 26 171 87 172 57 40 148 179 42 145 116 70 169 161 162 168 106 154 146 159 65 10 59 116 84 39 47 46 137 150 109 1 14 12 123 165 89 122 78 89 106 34 73 2 56 6 23 3 60 69 179 13 160 126 96 4 16 38 38 118 104 2 157 123 80 37 124 113 135 127 48 38 77 38 179 109 61 180 100 28 128 156 78 46 140 157 61 30 17 46 86 101 65 152 35 9 24 133 111 44 9 91 166 127 173 42 154 114 62 146 69 130 80 20 4 81 164 49 41 34 40 81 106 168 33 106 73 37 123 62 105 85 84 73 5 90 92 67 25 97 121 31 86 84 8 9 7 104 87 138 135 128 24 64 165 70 173 17 110 61 144 24 5 80 97 7 177 12 40 65 65 12 166 16 3 148 25 82 154 162 172 176 9 3 84 129 36 26 53 85 90 58 108 180 161 34 13 63 136 50 74 46 102 172 100 95 21 40 89 40 168 23 133 177 101 150 78 36 31 40 18 179 118 166 156 178 125 17 17 171 49 101 12 73 10 112 19 178 123 94 106 75 22 51 128 17 72 3 102 170 85 113 5 169 101 104 78 80 55 138 175 88 72 66 131 139 136 115 107 29 173 139 38 112 139 163 29 99 28 66 61 112 102 47 21 75 87 142 135 56 94 71 115 158 165 168 173 110 103 117 122 171 92 119 140 3 160 28 179 116 150 124 119 52 161 66 115 81 168 105 124 115 3 11 102 83 19 142 131 43 145 66 17 101 175 6 66 158 142 170 9 132 90 134 103 124 68 58 99 80 48 113 58 8 94 114 143 94 41 19 3 46 112 73 10 153 114 138 137 7 87 89 5 60 139 32 102 109 131 139 117 20 140 88 136 37 145 34 18 52 7 139 137 51 36 170 109 141 19 158 48 3 106 167 144 35 104 101 33 70 19 120 44 134 57 50 64 44 118 152 54 141 159 180 13 149 122 46 159 61 158 89 150 144 116 27 166 60 94 110 125 89 113 62 47 120 108 105 10 80 147 37 60 69 58 147 85 130 74 138 160 105 31 73 2 89 102 102 54 172 64 76 71 119 81 152 165 115 71 16 32 179 169 60 156 56 116 130 163 32 66 156 16 169 41 13 146 3 151 56 42 2 149 44 177 10 66 87 88 174 64 105 37 158 33 156 37 41 45 34 62 105 74 18 45 65 61 129 36 158 144 25 88 179 82 129 178 173 98 139 130 166 23 130 37 49 148 47 69 172 66 157 114 38 42 145 127 117 173 82 39 11 126 62 144 34 17 111 62 171 165 155 137 125 6 172 144 9 25 88 118 107 91 149 176 31 9 171 19 24 23 171 63 157 76 138 71 108 176 137 64 30 154 49 168 46 143 58 68 94 170 180 11 30 96 93 113 105 137 174 86 110 151 17 1 152 136 134 18 56 74 70 65 136 111 88 88 109 57 175 28 165 53 110 140 163 92 175 127 110 31 58 72 150 100 86 96 66 170 139 140 122 19 161 164 29 79 127 76 88 66 141 90 42 105 109 41 140 118 16 46 69 134 122 25 166 78 52 103 4 73 14 7 8 142 52 168 74 142 109 103 72 106 61 40 144 101 45 14 138 104 176 45 7 31 35 119 14 161 144 133 46 66 85 157 133 155 129 38 54 32 40 23 37 50 146 62 134 68 48 30 171 122 121 15 173 125 37 180 65 41 162 164 15 132 85 67 16 64 25 68 96 3 40 48 155 166 152 97 96 58 179 98 166 124 106 1 13 15 150 146 89 121 165 61 116 15 135 146 92 78 96 21 41 107 173 175 137 79 9 52 16 88 4 73 98 47 178 46 2 1 43 23 39 145 69 158 7 20 71 93 82 159 64 64 100 61 150 26 150 64 133 87 94 102 34 146 134 109 101 42 41 98 43 35 90 88 15 13 161 41 124 173 30 93 10 59 30 50 176 1 66 175 36 87 66 117 167 68 59 20 43 14 137 91 154 127 133 168 100 166 137 34 139 36 90 164 14 82 100 4 95 155 45 65 150 43 100 20 168 178 14 136 38 32 173 130 113 120 116 23 106 130 175 61 125 55 63 162 120 34 87 120 50 24 70 135 161 154 82 59 54 1 58 9 99 178 163 6 54 162 20 121 55 6 111 180 9 130 132 37 153 62 54 161 90 170 44 179 75 103 139 1 169 95 47 148 54 160 25 113 53 96 149 13 147 109 147 3 161 100 33 172 78 69 76 114 36 160 43 101 114 123 13 91 30 97 119 89 138 161 65 110 138 156 34 170 54 127 175 87 155 170 124 91 127 125 11 180 97 73 73 152 137 51 30 57 53 3 126 96 143 69 114 160 7 127 109 21 4 143 59 172 129 88 110 92 105 23 149 68 120 154 52 44 95 78 111 82 157 95 175 29 21 155 14 17 77
167 79 171 63 70 109 138 120 40 58 64 106 38 98 83 158 86 166 95 134 15 51 177 159 115 47 86 24 20 105 24 39 177 20 108 171 9 68 92 97 16 44 175 43 82 174 1 121 180 71 178 31 164 83 163 121 77 174 168 76 39 150 121 57 72 93 119 26 31 118 161 140 166 82 101 88 151 31 86 23 26 143 49 133 153 170 153 69 92 176 135 127 44 74 135 52 89 7 132 116 94 40 99 99 111 41 47 114 72 116 68 80 134 46 75 90 155 101 4 176 2 37 85 161 20 31 149 71 148 38 137 154 63 115 122 167 144 29 133 88 50 79 150 58 127 133 7 89 172 171 19 125 58 18 72 38 42 16 162 137 31 82 97 121 25 32 88 39 20 82 159 141 169 77 62 144 9 9 112 106 39 118 102 119 14 75 179 87 89 127 141 16 21 107 179 171 2 89 77 79 153 151 57 50 84 10 173 113 161 19 44 28 2 27 23 48 162 13 151 144 159 21 55 97 153 46 102 66 159 64 151 174 35 10 138 85 122 80 165 58 139 85 49 140 80 92 66 56 127 47 93 70 149 133 87 139 123 38 24 25 59 80 148 20 140 142 179 38 172 19 15 91 139 35 2 158 69 92 173 156 115 71 129 144 77 23 8 76 142 95 132 30 73 157 45 19 115 45 75 10 136 121 58 167 150 5 48 103 109 82 89 161 64 124 95 116 120 61 55 41 100 118 165 112 12 23 54 37 12 85 149 98 112 44 22 176 80 67 76 48 160 85 74 79 124 40 115 139 97 106 117 156 52 139 91 86 148 98 170 110 138 4 50 59 90 148 22 52 82 107 144 134 67 143 103 86 80 28 139 86 109 116 96 168 5 1 114 174 50 73 134 19 157 76 92 60 132 152 166 29 38 42 17 92 90 120 171 159 115 4 101 139 135 18 113 106 35 76 118 6 107 42 134 111 137 27 130 91 156 31 13 166 138 165 61 76 137 175 43 8 89 9 42 100 86 35 59 167 154 135 44 63 84 120 101 159 111 99 96 132 171 77 78 65 37 70 79 136 113 177 119 59 65 100 11 38 98 174 131 136 173 80 113 79 53 180 39 163 105 4 70 69 16 11 133 163 60 5 99 12 111 11 92 166 7 53 71 29 92 15 86 98 170 134 73 52 121 20 169 12 11 118 3 178 112 36 77 4 176 67 163 149 150 38 142 34 56 112 13 137 41 81 37 76 79 18 35 61 61 28 172 12 125 174 92 131 154 100 128 61 53 74 75 48 106 39 37 103 46 80 66 150 34 126 169 60 179 80 25 131 63 164 159 79 3 34 131 125 169 156 55 152 88 14 169 120 69 132 29 58 132 135 101 44 153 1 142 142 62 28 105 13 137 167 128 80 100 131 62 132 125 71 151 2 82 77 81 123 68 90 9 141 174 25 19 37 120 118 90 48 112 51 70 64 168 50 175 151 31 10 21 121 4 93 157 157 104 9 45 36 95 143 101 49 40 123 11 121 63 55 35 71 86 40 102 35 48 53 48 76 170 56 12 36 40 125 68 74 81 129 100 166 77 47 95 170 102 116 175 117 158 163 100 128 161 25 136 137 100 2 80 118 31 124 63 130 12 16 42 37 125 17 101 143 73 37 35 55 2 24 123 172 139 95 116 64 28 47 176 74 35 89 83 83 127 124 4 14 15 171 94 93 29 36 17 60 85 99 114 13 49 79 156 91 106 23 143 29 175 178 144 40 162 113 149 76 3 162 89 148 64 25 148 142 79 115 24 126 72 117 50 38 22 27 36 2 25 164 65 86 53 47 88 94 99 171 170 129 128 129 164 103 26 45 174 180 110 170 47 137 23 170 126 174 130 36 167 48 159 52 109 131 92 176 92 115 50 57 71 76 6 139 124 73 34 77 163 64 173 122 107 176 91 7 88 16 154 130 162 109 167 116 160 54 167 18 138 151 136 102 139 89 79 17 68 76 75 180 71 61 19 22 40 85 129 17 164 138 4 26 140 66 153 176 79 100 143 164 118 57 90 38 71 2 84 24 24 27 140 117 8 161 91 60 89 50 37 123 121 101 39 8 94 58 98 65 41 180 69 68 178 7 48 129 46 67 161 51 106 33 145 132 92 1 4 125 148 66 122 148 113 160 65 124 47 35 6 170 20 14 164 17 166 33 23 16 179 117 89 120 134 144 118 149 100 97 106 179 39 92 29 138 180 172 59 38 79 21 9 53 138 8 66 160 6 175 39 53 72 69 65 176 137 50 7 85 154 150 129 123 161 119 100 118 161 176 100 154 138 95 121 173 57 93 39 149 109 131 4 35 151 140 127 145 117 135 61 91 128 101 41 93 61 116 125 118 100 124 127 85 26 1 145 120 59 28 165 160 58 122 59 160 2 160 126 54 140 88 122 71 119 69 42 61 55 110 62 176 148 171 124 75 154 1 105 105 121 164 40 113 83 168 176 162 29 71 24 126 108 50 47 97 128 111 87 108 85 128 128 126 27 17 141 129 113 140 135 178 161 129 73 113 12 31 110 49 18 88 78 6 17 24 50 157 132 146 120 76 20 106 119 91 64 9 114 169 104 177 114 1 137 131 85 152 37 34 32 148 70 127 129 31 159 104 26 131 77 50 63 128 143 1 111 39 124 161 180 24 22 69 151 138 64 65 60 155 15 69 91 3 134 112 153 159 23 82 153 114 60 43
52 136 127 81 29 63 43 18 32 146 48 97 127 2 33 17 115 141 69 75 4 123 148 124 111 26 70 67 4 109 112 151 110 170 179 97 86 116 28 23 157 22 72 28 130 15 17 118 152 17 7 50 29 39 174 159 115 15 88 104 12 109 169 141 120 145 60 46 50 108 13 40 23 134 140 99 34 126 59 65 110 116 124 124 39 163 153 153 70 128 99 50 131 146 108 22 164 113 115 13 77 107 108 113 50 162 174 71 73 115 49 125 3 60 59 121 15 56 153 40 175 4 106 50 9 38 154 23 95 122 122 138 177 44 80 160 29 40 159 60 57 125 42 132 150 166 172 131 161 42 74 53 177 12 34 168 63 167 114 61 51 52 76 134 82 79 60 13 55 9 139 42 108 138 157 148 1 141 9 77 179 162 80 14 135 65 151 54 99 88 171 167 32 81 90 45 161 30 176 38 130 83 62 41 43 27 158 163 8 163 178 132 33 148 122 167 145 42 63 66 90 137 178 138 51 44 86 44 168 65 159 59 107 138 69 30 147 4 132 49 155 68 109 139 97 178 165 144 154 45 126 56 98 167 143 65 9 159 59 126 99 72 85 154 66 29 33 12 93 30 43 44 69 118 140 60 23 179 15 93 164 141 113 29 39 156 23 94 108 112 106 37 128 95 89 84 12 106 143 59 152 138 33 78 132 57 8 127 134 39 91 4 141 87 129 52 149 13 158 122 75 149 167 17 71 72 176 94 34 7 126 26 85 53 85 60 131 119 34 148 110 165 110 38 63 128 69 116 39 46 7 126 14 101 18 124 164 179 87 78 95 1 72 81 148 169 162 12 171 119 121 23 41 89 134 150 82 175 20 178 19 36 139 77 145 42 132 146 73 21 109 115 68 151 27 64 106 23 35 172 73 34 71 138 131 63 115 1 16 106 34 180 133 68 154 51 90 155 11 103 90 9 38 170 174 116 69 138 123 127 171 154 58 64 44 169 31 59 134 87 108 43 134 99 40 169 133 126 8 99 70 8 28 76 138 58 35 169 14 4 30 147 135 4 1 100 114 56 57 172 173 40 180 5 116 160 35 133 18 130 7 155 48 75 114 171 106 7 4 139 56 144 72 57 123 133 160 152 162 51 177 77 124 162 61 63 1 30 103 67 102 30 145 30 176 23 74 27 57 67 126 97 48 130 73 95 85 142 45 142 160 120 122 38 122 109 102 168 16 78 71 49 119 163 27 165 31 55 140 117 53 67 170 86 86 179 159 80 56 8 101 150 19 87 68 176 65 83 145 148 5 86 167 68 73 90 39 120 149 90 49 164 57 163 77 132 142 132 55 164 58 169 87 15 19 63 110 114 19 51 80 32 158 48 39 162 171 128 169 166 134 50 144 121 59 36 96 103 35 59 155 54 39 175 137 149 26 9 115 96 122 58 96 46 96 3 17 32 95 63 102 114 123 61 41 36 103 132 128 34 112 128 101 20 125 28 6 8 58 37 60 123 161 9 110 97 177 130 18 41 163 35 133 20 111 145 73 116 53 136 20 119 14 4 126 123 1 48 110 132 121 134 153 103 108 8 92 127 163 20 11 123 56 122 53 49 172 5 75 118 117 64 15 91 165 136 140 156 124 84 152 61 148 3 113 23 152 2 97 41 171 115 119 108 102 47 79 36 158 19 74 115 56 147 44 154 25 25 106 23 153 166 84 133 3 153 128 19 164 96 139 40 69 95 104 95 167 141 42 176 154 121 56 47 14 72 154 97 124 68 107 37 57 32 34 6 28 173 35 48 47 147 154 149 35 17 30 26 43 127 126 8 72 64 90 20 98 24 47 81 49 172 170 19 132 132 32 58 78 122 173 86 13 97 115 16 55 145 127 180 143 26 144 8 153 113 147 52 107 136 31 83 167 48 175 117 97 23 30 156 57 141 67 138 178 14 143 20 85 4 78 63 7 106 133 124 174 2 22 12 111 129 96 116 5 115 161 73 57 106 113 59 139 53 164 116 115 25 149 85 112 53 27 39 6 13 167 166 100 75 72 70 72 117 87 114 56 102 149 87 171 152 61 126 29 39 32 18 110 61 33 72 12 155 46 44 134 77 16 4 59 166 64 153 63 174 13 156 169 116 167 136 70 91 12 125 124 138 120 11 150 123 157 163 43 130 119 7 11 165 114 65 42 98 7 89 166 80 1 68 11 69 155 81 158 137 30 139 100 115 34 20 89 92 140 19 134 118 41 120 172 59 2 7 148 40 164 82 65 145 21 94 87 168 123 76 7 180 36 150 40 24 112 34 72 157 142 176 155 72 88 107 179 15 92 153 92 65 133 116 16 23 100 15 5 130 10 136 36 9 32 96 20 67 23 49 177 117 105 135 14 98 9 45 172 83 135 141 34 131 6 167 59 29 63 26 164 143 75 173 134 35 68 104 165 159 43 2 176 90 78 52 150 138 152 4 47 42 140 74 163 115 142 160 149 63 98 59 3 37 141 2 86 59 163 54 18 13 123 161 7 41 25 109 18 120 6 150 127 13 44 80 53 129 169 98 169 154 111 30 131 163 113 61 16 109 153 168 54 62 150 156 84 171 161 7 16 143 20 104 29 43 127 70 141 62 10 105 32 175 96 44 46 63 95 69 22 64 24 56 26 163 61 5 55 132 29 39 52 106 173 165 173 139 104 180 5 24 142 174 15 113 61 171 156 1 170 95 125 150
85 50 82 103 95 137 157 14 86 10 49 6 80 23 176 97 66 143 124 93 61 35 156 68 159 18 169 145 9 173 55 165 85 144 66 160 78 117 106 85 28 26 99 59 60 46 29 29 15 62 52 134 130 86 172 126 20 104 31 136 67 139 49 163 163 35 44 29 18 124 87 64 52 112 67 135 61 11 81 85 106 161 159 154 179 55 6 36 79 72 106 22 82 113 63 135 51 178 60 40 57 107 163 92 42 133 107 73 27 57 120 130 113 44 31 74 25 18 135 151 178 173 63 16 14 42 171 103 94 130 88 168 104 5 129 147 108 127 131 146 132 133 74 165 50 138 34 31 22 158 165 161 117 60 141 31 136 110 46 50 14 57 79 122 58 128 125 41 162 130 123 159 33 95 88 29 143 132 65 42 169 176 14 106 175 63 64 92 61 158 153 123 2 125 22 83 97 42 1 104 150 173 39 6 63 29 45 118 144 149 76 27 30 43 74 123 41 141 87 21 179 13 16 67 107 80 137 141 117 161 35 51 13 32 3 159 64 104 136 11 94 176 120 128 177 1 110 18 123 21 114 4 139 98 138 24 44 5 103 57 22 104 146 7 37 18 121 149 157 84 140 139 70 111 54 78 32 41 5 134 62 95 7 167 29 65 84 117 97 137 151 73 94 39 171 73 171 74 139 143 140 180 40 114 152 112 26 13 57 46 129 140 153 130 76 56 27 154 112 154 25 179 172 60 24 120 104 15 97 178 1 160 98 165 48 115 100 121 133 30 141 161 63 71 159 8 101 47 27 173 137 177 178 168 7 6 25 56 56 146 69 44 150 81 19 168 125 179 2 28 117 31 103 131 36 90 117 176 102 70 98 4 127 145 171 9 107 22 164 72 78 34 64 80 44 159 36 175 96 30 10 122 11 36 157 178 154 167 155 47 55 57 66 44 45 145 109 65 72 13 48 131 136 109 165 92 1 11 41 15 64 140 5 171 47 18 4 169 98 135 134 149 127 29 146 91 93 101 57 96 25 138 95 58 81 171 38 141 159 177 102 143 17 51 17 106 155 141 61 33 98 100 106 3 163 61 171 82 151 27 89 75 22 63 138 155 149 99 133 17 70 140 106 127 29 164 128 100 130 124 117 13 133 79 92 83 147 53 95 53 116 165 98 10 64 44 77 11 147 124 76 94 151 57 129 45 38 88 71 176 137 45 26 48 148 65 104 22 20 100 69 27 18 91 68 169 118 149 30 36 64 157 146 171 19 73 180 30 121 153 1 159 152 179 89 34 41 54 141 72 26 37 87 44 137 30 142 4 122 77 2 84 163 41 119 21 134 140 17 111 60 55 112 43 94 108 97 39 62 16 164 147 65 163 122 75 75 163 140 60 41 71 175 29 62 174 120 2 112 40 116 36 62 31 5 82 98 25 102 12 9 135 9 106 119 94 141 160 147 72 174 41 58 142 165 45 44 102 29 126 116 68 117 114 42 117 150 162 156 138 106 138 14 3 21 93 126 105 129 68 61 101 126 51 125 73 177 26 6 176 140 105 14 174 98 152 77 7 48 28 108 123 73 60 33 85 9 70 171 134 114 40 3 92 152 125 119 171 76 67 143 17 134 107 123 153 169 135 132 47 179 157 23 125 122 124 172 116 1 171 121 92 133 38 35 98 34 24 102 126 8 157 169 129 9 117 164 163 47 50 150 118 35 61 126 175 112 122 139 76 50 149 151 28 129 149 21 10 128 129 106 153 141 11 4 40 142 141 141 114 94 101 111 50 180 32 97 36 114 64 96 129 76 79 152 143 101 124 160 68 86 96 48 176 92 43 110 82 40 55 37 153 57 82 154 92 88 77 38 23 29 135 62 27 150 33 7 114 150 22 25 43 164 74 96 27 177 91 171 153 109 14 35 121 41 33 120 176 28 147 36 124 106 143 137 14 94 167 15 44 133 142 112 3 140 66 152 79 93 34 47 120 168 12 24 152 130 80 116 142 20 112 97 57 130 106 135 82 51 47 12 74 56 175 172 128 141 64 107 16 117 101 144 61 35 44 178 96 33 70 39 86 1 1 78 101 70 30 97 138 92 44 10 15 55 169 140 32 162 146 177 49 164 66 2 96 32 131 180 143 21 101 95 32 64 91 131 115 118 140 168 153 24 36 43 43 66 75 1 102 22 108 103 46 168 126 56 153 83 10 24 93 105 36 85 162 158 176 115 45 38 78 9 59 39 14 54 82 100 148 68 21 10 74 89 45 138 26 24 170 149 53 44 139 70 143 70 31 30 164 169 104 55 137 173 93 11 54 159 75 100 59 122 89 5 121 103 66 152 177 16 63 59 172 123 47 62 150 77 172 57 122 127 105 60 48 113 47 97 54 2 83 134 103 93 105 15 80 78 124 4 147 122 123 180 155 99 65 41 101 83 33 18 140 173 100 130 3 73 139 40 178 92 44 40 70 121 73 123 159 15 179 10 11 175 159 44 168 176 177 169 41 21 57 177 112 69 77 82 70 170 22 102 80 61 104 66 51 161 106 130 114 169 124 62 103 108 105 56 108 118 139 9 90 166 11 166 173 39 20 37 55 156 130 172 174 158 98 38 89 150 154 77 22 127 101 87 69 45 122 179 144 27 125 129 117 114 64 155 128 29 124 167 132 81 62 16 172 128 62 64 147 94 64 87 27 85 155 22 38 119 110 13 133 23 103 65 108 140 117
15 36 17 168 144 105 115 113 154 140 72 95 29 5 55 136 51 149 125 84 140 123 54 114 70 153 67 70 69 165 118 148 151 108 17 137 36 138 6 30 40 153 163 107 43 1 18 88 143 42 144 122 60 123 145 13 108 139 15 55 136 152 63 76 60 96 11 144 99 19 127 120 70 144 70 162 146 19 177 12 161 152 23 139 15 45 131 130 174 177 122 80 10 52 30 24 93 152 141 170 163 21 154 20 16 118 48 87 107 151 2 2 178 41 20 167 80 166 90 58 95 11 157 27 51 87 38 113 28 138 20 69 127 178 80 103 58 166 108 93 88 55 118 68 45 17 116 86 5 171 169 114 123 13 121 32 39 66 106 66 169 26 1 49 119 28 60 159 76 106 175 86 54 145 89 72 10 71 80 106 160 115 118 100 23 11 27 111 86 139 1 78 158 157 158 67 22 146 94 83 151 134 168 18 49 172 63 37 69 48 152 78 161 66 108 132 132 162 29 109 121 65 31 137 30 5 117 35 174 67 45 180 8 19 108 91 28 138 14 77 30 156 46 149 27 69 138 160 102 59 46 180 44 115 180 97 91 146 94 25 132 107 134 74 4 166 109 129 114 131 51 27 35 151 92 139 12 156 63 17 155 71 35 3 169 48 180 141 156 163 68 44 104 11 23 107 97 128 154 68 19 146 98 20 22 99 129 24 40 111 54 141 126 58 43 152 21 81 106 62 84 59 37 46 33 63 48 160 151 38 159 60 128 29 102 106 1 173 148 73 62 170 135 4 88 137 126 129 13 91 18 73 37 45 166 15 134 138 13 16 91 51 71 38 55 58 29 175 8 122 25 146 47 18 5 163 115 78 124 34 102 108 13 151 61 2 120 146 169 67 56 41 177 31 40 167 141 7 163 92 165 78 80 84 165 29 129 161 146 5 127 17 9 95 68 134 2 177 74 78 131 143 158 63 180 4 175 114 49 119 109 119 69 1 127 130 53 106 110 80 128 38 51 102 3 70 56 147 6 153 83 160 147 37 163 23 114 5 171 55 73 177 129 159 114 177 169 169 154 154 109 73 150 5 175 3 160 152 40 172 48 75 137 58 69 148 27 128 68 80 161 76 124 118 110 150 116 84 139 104 14 156 85 60 145 98 64 115 41 111 58 148 116 149 53 128 31 9 78 163 49 40 132 99 9 62 149 132 58 108 172 104 49 96 91 149 144 141 124 61 16 108 37 33 36 84 162 75 145 173 16 177 47 12 174 158 91 4 46 22 31 93 135 58 68 119 140 175 45 23 19 50 25 12 157 105 106 169 46 51 136 134 171 152 143 124 108 23 28 25 100 131 159 120 38 179 121 86 173 127 134 159 150 169 73 23 141 117 128 94 3 69 17 22 100 137 164 148 153 72 134 27 109 57 147 150 18 42 48 91 164 49 47 110 17 130 103 164 36 155 73 128 119 24 87 150 39 136 141 60 66 29 124 101 142 3 80 103 38 103 13 111 161 118 130 129 128 161 54 72 136 61 113 49 89 12 125 170 153 91 55 112 131 21 150 156 71 60 134 15 136 135 25 136 39 180 113 147 106 61 169 30 130 175 47 114 162 167 170 1 139 133 79 3 49 77 101 105 26 169 140 50 6 155 179 48 101 141 62 103 167 53 114 70 30 81 127 38 89 147 51 145 19 62 151 49 130 77 67 93 163 124 177 12 92 47 60 82 68 57 51 178 96 30 100 55 117 97 143 37 56 25 128 75 51 147 47 89 153 132 80 153 20 139 177 125 112 25 90 4 111 40 178 89 92 108 56 151 109 4 16 39 70 130 78 31 39 64 158 20 156 9 120 57 102 145 86 162 27 169 86 169 130 171 71 68 115 94 70 99 170 93 44 14 66 63 105 18 151 42 63 142 14 99 118 91 166 19 164 131 144 100 82 137 43 12 68 41 156 9 170 20 21 92 53 31 120 8 158 136 13 109 82 10 151 135 79 52 129 178 28 32 112 154 105 12 173 41 108 85 55 44 124 170 60 118 149 28 176 12 65 60 180 44 65 102 94 159 115 100 126 54 72 68 73 143 177 33 124 36 142 15 75 122 84 8 142 20 1 44 109 109 106 33 109 60 166 63 55 166 89 166 86 55 69 144 86 133 144 106 76 5 40 139 124 87 177 7 122 140 53 34 144 16 49 14 126 111 44 66 74 5 14 169 173 152 61 39 138 173 147 173 40 120 68 34 144 171 68 114 69 156 42 72 141 7 178 17 111 87 22 24 19 66 141 145 70 85 135 168 108 47 78 37 157 144 65 39 32 84 108 99 56 124 169 69 121 171 105 89 180 106 86 46 64 35 127 100 118 107 161 106 129 127 139 129 129 128 166 160 33 27 160 32 102 124 76 162 106 43 125 165 14 172 145 31 15 61 59 57 54 149 122 24 166 177 39 155 36 174 81 14 142 180 82 83 106 140 180 31 68 76 12 89 112 112 134 123 39 33 27 139 53 61 137 50 90 2 64 108 7 97 53 141 13 162 41 160 84 35 44 146 105 3 77 168 91 138 141 169 61 118 79 99 174 84 40 126 17 64 174 86 33 31 1 125 64 167 61 164 128 89 46 130 100 46 101 163 30 40 100 169 62 29 169 22 37 67 112 71 157 97 146 126 10 153 131 78 124 119 46 81 47 90 21 165 133 169 111 40 159 25 174 45 11 73 155 180 61 14
52 109 138 78 89 169 104 121 57 48 55 162 5 127 161 41 90 72 22 126 57 163 158 109 153 58 131 42 56 124 4 132 44 85 162 21 6 71 35 93 21 26 34 43 143 96 114 30 102 110 44 137 179 28 102 162 158 19 106 62 115 120 168 79 121 20 152 72 51 135 1 28 20 18 131 1 88 109 133 7 116 118 162 14 82 75 153 145 178 11 160 68 82 87 134 145 140 76 163 170 156 126 40 4 137 96 112 78 52 152 70 175 130 93 100 32 41 98 132 166 140 155 42 103 2 71 105 17 161 21 136 29 174 153 43 72 46 177 2 104 81 179 78 92 102 30 108 172 124 63 49 178 105 89 56 158 77 128 21 32 174 116 113 170 109 118 124 80 17 130 70 150 13 73 163 135 97 106 76 80 52 81 147 42 108 106 74 51 90 160 102 141 151 76 173 134 165 147 161 138 43 37 9 150 89 39 112 101 29 83 12 148 67 99 97 55 30 24 137 114 74 60 74 51 135 32 82 83 22 124 2 60 43 144 2 63 80 148 141 18 134 121 143 171 160 89 96 1 101 64 36 26 80 38 153 68 163 38 144 170 3 140 134 157 51 15 33 85 97 144 77 87 46 157 142 66 115 87 145 73 88 24 168 83 5 67 146 30 115 137 75 59 122 180 54 122 24 122 14 154 168 90 179 58 90 34 92 36 141 65 137 141 6 99 12 4 52 135 135 14 50 75 170 49 31 109 112 178 130 48 110 142 167 23 156 20 106 112 126 79 95 108 176 161 32 6 99 33 81 165 160 87 47 76 60 61 19 172 21 81 98 30 173 14 136 54 97 59 30 72 78 24 20 122 121 107 65 175 2 99 80 123 61 88 28 151 85 65 98 75 24 9 21 155 32 174 49 73 111 130 50 4 77 20 12 154 44 170 143 26 50 157 111 62 63 15 144 149 93 133 169 18 37 126 124 4 98 102 38 55 111 86 1 70 20 148 31 94 34 41 156 81 2 59 45 58 150 37 51 16 172 53 147 104 88 141 136 110 18 150 156 133 161 50 109 62 135 89 154 31 117 88 120 179 57 65 149 165 28 117 173 38 40 170 37 51 94 160 81 171 53 114 154 97 39 34 127 2 101 62 23 111 94 103 173 137 164 80 104 53 59 93 142 168 108 121 74 105 128 63 14 95 158 162 45 36 176 96 8 6 121 33 74 170 110 71 159 111 147 128 23 13 108 136 1 48 158 147 169 122 94 86 113 73 61 20 58 80 13 174 96 139 88 85 41 89 100 128 173 64 144 63 174 73 40 142 169 112 122 69 173 130 143 24 138 51 53 98 81 114 89 145 47 62 21 4 27 85 70 26 148 134 111 40 112 76 140 89 118 162 64 35 165 81 58 177 90 111 102 9 34 30 57 180 85 106 90 46 142 97 53 151 84 63 8 97 104 123 105 4 114 111 69 24 117 78 119 170 147 156 8 53 25 153 40 103 24 10 83 173 152 88 40 97 38 42 130 37 59 172 95 111 124 83 71 148 6 18 156 2 81 81 43 1 121 99 4 12 20 178 142 144 49 57 51 53 165 64 16 102 79 125 19 12 105 135 30 45 161 79 115 21 8 15 73 80 20 165 63 170 12 59 174 101 84 100 160 133 180 157 17 55 22 108 27 97 135 106 96 86 112 134 52 92 72 57 14 2 62 43 155 38 90 56 114 116 44 124 179 97 102 9 179 110 77 52 166 89 168 114 18 62 10 122 179 103 79 141 80 149 85 13 152 86 53 177 108 127 167 112 143 30 7 179 96 86 39 20 143 41 167 49 154 170 97 123 68 60 32 42 18 176 56 28 23 83 17 173 70 69 68 27 61 121 20 72 101 156 76 48 49 177 42 164 176 26 40 125 34 176 129 45 126 157 23 100 110 87 47 4 34 35 95 163 85 98 76 83 102 23 149 84 139 179 142 129 44 94 89 45 50 152 175 164 48 173 177 53 128 125 19 9 52 66 2 131 47 175 42 165 142 45 153 167 30 54 16 82 64 156 154 71 42 124 42 9 142 121 59 22 177 55 172 168 129 18 58 160 43 153 59 171 38 142 176 23 174 155 35 163 57 89 104 2 146 72 159 25 39 16 81 120 157 99 52 40 7 35 128 53 142 74 60 177 55 88 142 56 93 110 156 150 157 177 80 147 102 111 97 141 30 140 42 158 110 144 45 66 5 104 74 180 78 35 33 143 86 71 149 173 133 122 85 175 18 131 139 2 90 161 59 96 73 67 126 173 10 77 179 152 60 72 120 52 175 85 42 106 165 130 14 150 75 118 90 96 180 55 88 174 52 159 24 66 113 148 139 149 180 118 11 123 10 28 65 99 98 98 2 10 29 27 1 36 23 49 41 20 87 144 77 165 118 12 40 168 157 125 98 40 160 82 119 180 6 62 151 85 95 44 103 115 51 129 4 108 73 12 36 154 61 139 53 5 99 84 121 161 167 78 59 164 17 116 62 149 174 161 81 73 73 23 2 162 160 49 32 133 91 10 99 97 156 125 122 125 26 172 137 133 45 138 87 101 136 138 160 107 8 2 150 144 75 117 95 92 180 138 138 28 155 160 2 60 14 125 23 55 34 151 79 179 152 91 61 104 26 123 70 168 143 57 126 106 105 141 89 66 177 12 94 36 75 152 38 91 134 161 103 173 103 31 93 6 114 99 18 53 72 174
127 158 103 175 112 139 70 2 9 23 18 6 13 53 49 146 175 34 112 68 47 149 40 72 153 53 175 68 138 165 127 11 108 98 96 5 42 58 58 99 33 135 116 120 142 5 8 23 123 39 162 150 71 94 163 124 143 1 74 19 120 46 73 4 45 39 153 180 119 70 8 125 165 54 47 47 74 135 117 112 125 55 158 7 103 18 162 20 32 65 83 89 121 174 102 155 117 109 112 169 148 149 112 112 10 90 179 95 172 143 113 33 29 108 23 85 151 27 151 2 21 12 126 41 134 139 67 178 129 45 20 104 58 174 33 151 132 68 60 72 163 84 145 111 5 146 170 129 113 170 118 151 154 39 2 150 15 39 160 63 84 129 154 48 59 86 125 164 175 121 84 176 69 158 158 15 69 99 125 68 73 114 70 98 111 124 58 50 146 123 76 179 64 35 134 129 61 76 28 60 77 24 161 94 110 98 6 68 96 140 138 57 18 159 159 123 33 3 128 174 107 21 175 144 90 156 174 71 174 120 75 75 5 50 35 11 36 20 31 118 57 62 90 74 28 11 18 106 21 114 17 43 6 32 24 62 82 109 24 109 38 171 37 72 114 63 24 32 27 118 101 151 174 138 144 10 177 98 29 68 165 123 80 44 134 97 51 55 142 143 73 28 28 143 5 128 159 168 141 74 109 83 20 77 179 78 38 72 138 114 38 86 78 25 56 163 179 38 131 169 27 35 66 5 107 45 71 113 166 163 108 84 141 45 98 15 59 38 65 54 130 13 2 155 6 142 30 30 20 27 83 165 106 27 145 167 47 33 144 75 135 109 117 105 113 179 145 105 125 8 119 6 179 161 57 147 115 152 131 74 138 15 63 49 122 121 35 149 26 37 99 171 147 89 165 22 89 91 50 73 122 26 41 72 47 126 100 88 179 116 164 162 67 12 48 81 117 137 75 49 72 30 59 57 135 106 6 46 120 87 22 112 16 90 50 180 93 37 150 9 29 116 66 101 62 24 18 99 143 88 148 20 153 168 45 105 106 90 125 174 86 39 75 108 43 6 142 33 106 130 163 122 128 109 156 111 131 39 40 173 71 4 63 51 76 121 171 105 11 58 51 53 162 41 145 39 178 70 40 4 132 32 106 18 125 38 82 131 159 82 154 120 89 26 31 3 139 51 158 144 85 148 81 81 131 72 69 138 97 111 49 93 55 178 44 17 52 6 74 98 44 26 115 75 31 128 64 122 174 163 83 115 91 84 30 92 45 29 54 43 174 166 124 2 1 2 87 142 165 52 26 174 148 17 130 133 10 50 153 109 13 47 12 39 130 64 170 5 138 108 113 30 11 95 13 80 136 41 25 43 115 162 135 172 113 118 67 151 155 129 29 85 41 64 140 176 119 60 172 162 91 75 151 43 74 77 152 133 45 108 135 48 2 19 127 116 72 52 72 16 44 1 113 74 88 109 130 132 51 159 92 19 172 128 111 118 127 157 168 121 152 114 87 87 168 72 79 128 114 125 168 150 46 102 145 91 28 159 30 140 119 118 61 62 73 162 55 90 1 31 72 9 77 122 112 60 9 163 110 14 12 102 56 176 37 133 17 1 8 119 134 64 3 22 158 127 123 7 130 14 129 123 135 154 24 145 25 52 15 149 12 142 78 143 16 125 78 96 109 62 64 21 115 33 177 54 76 148 170 44 129 45 104 30 101 50 123 135 93 114 19 91 27 119 114 16 165 175 92 33 50 40 68 113 61 154 119 155 40 21 63 58 65 110 114 10 31 142 34 50 31 172 74 60 6 146 175 5 94 119 122 100 112 48 65 62 43 175 88 16 59 32 65 59 92 56 70 123 160 9 46 113 32 139 83 150 142 134 60 52 83 61 125 28 109 149 101 40 165 163 103 42 43 51 96 149 148 165 118 42 63 42 169 167 167 180 135 51 92 122 37 118 152 96 15 15 94 81 104 58 51 32 126 89 74 100 133 5 169 44 86 78 77 122 154 109 124 164 115 52 7 168 33 29 163 79 3 121 162 94 137 48 139 109 168 94 11 161 175 78 101 31 139 95 104 72 84 120 167 16 143 93 177 99 15 129 168 38 81 4 21 48 176 105 162 167 45 27 119 58 53 178 55 60 36 135 167 2 52 17 163 172 130 74 173 39 84 179 15 151 33 165 2 104 30 177 11 120 48 36 58 119 92 129 93 99 103 84 68 123 66 134 141 104 156 105 91 55 20 39 39 76 175 169 106 121 17 90 16 68 162 69 123 169 140 125 132 52 159 47 134 84 84 151 120 151 151 20 125 50 112 63 120 57 61 125 72 29 160 115 84 125 30 85 148 94 76 100 137 95 61 88 37 113 14 74 154 64 103 75 133 34 49 115 45 112 139 105 60 42 42 21 4 5 172 89 64 121 134 130 122 93 45 172 85 97 160 77 160 169 5 122 38 103 147 147 65 157 92 114 59 18 89 171 62 67 159 55 138 121 28 130 124 159 17 53 45 37 82 46 4 23 27 130 98 56 153 172 176 17 174 141 134 63 30 132 56 59 37 14 101 51 113 16 80 15 101 158 117 47 172 173 59 82 84 25 154 105 35 31 71 130 16 31 37 166 167 146 34 127 167 132 4 1 77 2 10 119 160 170 102 32 148 106 78 132 180 55 161 109 68 132 177 125 161 173 6 2 73 162 114 1 167 144 91 3 52 160 89 106
106 98 75 1 109 161 124 49 177 35 116 155 136 167 139 41 170 4 45 15 85 119 83 49 59 30 117 99 54 32 30 166 153 21 24 72 2 173 153 120 88 83 98 35 174 133 38 172 79 88 19 157 60 158 168 4 86 123 139 102 142 49 130 169 38 130 140 157 170 92 68 148 40 101 101 70 27 173 81 2 16 130 130 22 140 141 82 90 120 60 37 15 146 42 87 149 16 173 56 169 161 33 106 80 145 98 61 170 100 163 60 4 178 44 3 151 139 77 112 54 169 87 85 133 116 122 125 87 77 92 48 79 77 121 43 130 68 119 125 164 90 92 99 94 126 48 97 54 18 158 141 139 151 157 46 118 90 161 173 81 114 10 80 57 145 158 164 77 110 140 49 31 27 54 138 164 96 24 159 69 131 166 107 136 97 122 117 7 97 91 65 16 59 179 91 28 74 122 47 178 110 7 105 83 147 118 15 143 98 100 44 62 52 139 121 81 22 98 135 74 174 31 139 131 138 135 88 78 88 165 66 13 28 103 63 36 83 136 156 128 144 96 69 134 117 32 70 120 169 94 111 91 110 136 55 63 140 55 90 16 73 15 27 81 36 38 174 34 29 88 63 27 34 12 68 114 57 137 47 19 77 126 74 5 139 130 65 6 119 139 155 75 143 144 62 97 72 2 171 180 180 25 161 101 69 18 73 50 71 111 177 56 85 12 43 174 168 157 68 170 21 5 82 77 163 67 157 143 95 75 97 65 79 2 143 116 153 90 93 137 114 41 44 55 25 126 36 167 40 37 24 89 164 131 115 85 125 51 142 100 177 78 49 164 97 109 109 130 85 134 35 93 102 177 150 180 14 41 119 18 60 54 166 90 142 134 82 173 95 19 40 90 44 39 138 116 46 25 67 99 153 175 155 78 66 162 178 22 54 124 92 95 178 97 148 94 44 57 95 78 27 174 135 90 31 89 112 117 147 170 49 142 82 117 78 26 73 84 22 122 24 79 164 29 13 22 133 48 162 65 171 104 128 52 33 67 152 38 167 79 73 33 115 119 102 110 147 17 144 6 164 124 28 30 11 68 166 101 88 112 177 83 116 25 61 34 62 59 72 27 24 164 82 114 114 81 123 134 82 59 39 151 27 61 168 35 83 41 41 148 48 117 30 147 178 96 14 139 58 160 173 25 164 160 58 95 104 68 174 45 44 139 103 168 176 70 113 141 46 26 161 156 172 173 78 91 18 179 146 73 67 62 175 29 142 56 54 53 12 12 154 176 83 58 104 59 77 107 92 139 70 66 10 70 22 8 144 65 102 162 40 93 115 159 152 39 176 69 117 35 20 44 112 162 78 175 6 109 144 42 60 44 126 20 123 17 143 5 21 120 4 32 163 147 167 36 155 59 73 118 155 135 4 32 120 30 52 115 125 77 36 129 179 7 144 141 62 89 55 73 130 124 15 130 173 40 161 128 155 29 83 120 19 157 92 18 157 1 135 83 64 123 162 28 122 154 88 173 48 151 3 173 95 51 151 118 99 8 170 64 147 14 73 179 146 136 94 131 144 75 19 31 108 153 84 62 10 81 48 44 159 52 50 31 115 152 130 62 5 94 111 121 77 120 163 39 81 114 171 102 54 100 156 73 144 130 37 176 26 180 76 23 80 140 79 36 137 97 141 160 48 42 109 112 133 62 16 162 119 124 177 114 19 78 1 86 81 126 109 171 15 36 101 46 79 148 136 154 103 112 23 4 89 73 100 132 141 63 154 109 36 71 85 69 5 117 43 41 143 54 62 111 66 47 10 54 71 121 155 70 174 26 125 86 121 180 49 105 94 178 149 15 125 77 80 47 17 54 167 144 14 83 122 169 64 77 124 86 16 164 8 107 80 128 60 16 129 116 92 120 156 137 91 90 45 68 14 34 2 121 72 75 68 107 178 42 110 84 38 114 14 50 125 172 158 71 47 3 33 126 31 55 154 4 126 138 37 12 108 71 39 107 135 109 77 36 115 119 137 156 1 129 177 117 81 135 145 169 165 64 113 74 47 24 154 140 56 178 111 148 80 126 30 135 62 2 90 156 153 5 78 82 52 9 171 135 40 38 168 141 100 83 91 101 135 165 27 142 105 74 145 112 109 82 159 171 144 20 13 153 131 76 10 35 74 78 114 15 9 42 44 178 162 165 154 129 169 118 143 60 81 72 28 115 142 143 129 25 100 176 88 9 175 133 7 74 11 21 97 147 71 40 89 50 152 43 60 78 110 23 27 7 49 47 152 79 64 94 39 107 33 42 13 26 159 49 41 77 84 153 63 50 119 114 174 122 128 102 132 65 71 70 73 119 124 175 35 60 15 13 9 172 112 82 11 176 98 73 1 104 102 86 35 14 155 49 16 98 34 50 82 132 43 28 36 49 81 90 172 115 137 177 67 54 66 172 58 168 82 107 23 162 134 18 124 156 97 65 144 130 131 170 162 147 101 18 144 164 53 84 65 142 123 85 6 121 22 159 151 71 150 116 105 46 95 41 103 180 13 109 28 72 81 106 175 180 92 47 97 50 7 38 123 26 36 140 145 174 129 7 31 169 20 24 63 151 7 149 136 29 67 68 101 172 166 55 114 154 95 111 30 143 94 129 99 111 116 67 141 169 67 54 24 94 136 47 177 91 76 56 79 8 92 46 97 78 19 39 179 67 34 175 100 127 151 158 178 58 65 41
155 44 92 167 35 78 55 174 65 148 21 21 82 104 162 133 146 60 30 12 96 114 97 124 7 143 174 139 30 27 67 38 128 83 71 44 56 129 175 4 148 108 34 149 26 145 167 171 91 39 114 60 119 72 163 8 164 128 11 90 167 168 17 35 24 1 51 134 107 70 104 157 10 143 125 140 113 163 161 166 61 85 124 35 176 25 73 23 144 150 116 140 92 113 10 35 10 164 50 128 56 6 4 10 135 52 27 134 110 116 53 106 85 67 180 62 108 142 125 66 2 65 40 90 97 153 110 95 111 80 49 128 109 44 88 9 28 150 13 124 25 136 132 27 105 49 145 16 2 68 61 149 76 165 82 140 99 146 21 8 136 51 40 36 121 135 145 1 76 112 137 84 160 85 2 146 84 40 9 156 104 6 150 56 122 70 132 69 94 60 20 9 72 86 49 10 91 125 124 38 155 108 160 113 51 27 156 98 36 76 141 18 69 70 98 62 85 109 112 95 148 135 114 26 68 2 74 105 28 86 118 11 17 151 72 32 21 116 25 67 76 26 108 104 79 36 88 45 125 20 95 139 8 63 127 154 111 57 162 139 125 18 115 159 109 137 59 117 174 130 81 77 135 96 2 150 69 4 112 103 65 73 39 111 126 119 42 54 79 120 75 142 120 72 15 93 179 113 7 150 131 46 116 128 93 19 105 121 106 50 21 161 24 92 6 107 54 96 86 122 162 63 128 102 7 119 15 111 20 24 131 87 130 80 107 92 119 122 46 122 28 151 141 128 5 19 132 157 6 85 175 78 86 155 46 161 178 53 153 146 152 78 171 137 48 164 171 177 62 82 105 40 97 51 45 41 62 157 27 138 171 172 43 35 39 21 41 160 30 160 100 123 45 167 93 15 139 140 118 75 144 40 70 125 114 31 117 35 159 82 178 11 59 114 32 103 123 160 35 180 151 4 180 154 164 128 149 169 136 146 93 176 164 49 138 20 21 75 124 141 14 123 167 148 143 176 69 21 109 120 148 116 92 42 41 153 116 30 125 64 14 177 155 91 159 59 17 60 105 121 147 104 31 171 164 164 138 103 66 15 166 180 155 93 142 21 128 90 63 131 143 93 72 80 37 68 118 93 81 34 123 47 179 152 107 128 89 94 154 46 9 154 76 92 80 107 37 157 13 17 102 120 118 176 79 160 100 155 73 159 4 140 122 119 94 126 179 22 31 146 136 48 76 148 170 153 68 146 11 17 141 29 121 137 144 91 131 164 105 64 3 126 141 141 3 131 165 35 46 95 52 53 60 82 156 176 1 37 96 110 58 59 147 95 51 34 133 29 44 142 28 123 80 50 34 60 129 74 56 101 10 24 30 162 39 31 97 96 171 99 43 2 165 51 32 85 120 104 132 164 154 132 48 165 2 97 149 14 39 118 85 45 131 178 37 76 104 118 35 139 127 126 44 17 24 49 35 62 92 157 50 167 83 144 144 63 99 141 25 127 136 16 20 21 56 152 114 29 64 144 36 155 174 94 105 180 130 161 18 107 97 106 32 125 95 72 91 2 34 86 99 107 124 106 125 10 47 133 18 51 103 158 19 128 8 123 170 29 152 166 138 170 173 81 130 82 26 6 56 70 57 75 126 141 90 81 101 8 64 143 59 27 115 59 14 75 119 113 109 118 158 108 155 108 156 99 13 139 86 74 78 54 34 8 67 111 98 26 8 162 126 30 41 112 81 12 172 86 98 60 10 30 71 135 93 153 136 174 177 45 103 39 63 44 88 29 106 9 43 127 108 103 28 72 92 132 61 150 80 76 88 92 147 37 103 114 142 14 133 35 92 144 172 87 125 133 157 35 95 28 15 179 5 106 69 149 89 150 52 77 165 142 1 144 91 173 54 65 51 5 133 113 117 51 124 1 99 120 138 49 133 39 92 114 97 29 25 1 175 35 84 94 135 44 147 75 38 6 131 138 155 112 80 132 51 134 149 121 36 81 126 92 87 86 18 71 13 62 13 126 153 121 178 178 90 85 10 170 141 90 44 10 61 140 14 179 95 105 73 174 105 2 86 174 80 178 62 104 49 24 65 10 19 39 123 90 26 147 169 15 31 66 144 79 80 98 102 143 64 14 36 34 127 56 168 133 21 12 2 146 34 136 141 121 54 99 150 27 49 104 17 34 130 150 40 97 137 100 9 105 28 14 97 9 112 14 68 180 33 108 137 5 93 165 111 71 81 50 78 132 11 53 151 142 64 127 125 174 60 3 10 173 34 80 106 78 103 46 22 173 55 46 44 106 111 67 85 59 124 132 147 125 125 63 173 69 8 66 48 6 125 177 144 4 25 6 67 85 27 162 145 161 81 44 74 20 18 93 23 52 58 8 81 137 56 63 77 96 118 77 131 99 56 97 178 28 70 49 3 29 81 86 126 169 119 90 84 65 126 125 122 170 96 89 75 113 28 94 25 108 179 176 35 71 92 49 112 114 167 146 174 171 62 173 146 130 30 138 34 171 68 86 88 173 177 99 106 69 54 145 5 138 144 100 71 25 24 57 119 94 44 116 174 6 96 33 20 129 88 153 8 76 67 81 52 42 101 179 62 22 137 152 125 114 42 109 46 74 86 21 57 26 106 54 122 42 56 67 115 159 117 62 64 18 64 168 72 175 67 73 40 143 38 14 154 126 122 63 36 142 137 103 15 35 142 3 175 141 109 35
0.3
0.3
0.3
0.4
0.2
0.4
0.3
0.3
0.2
0.3
0.3
0.3
0.4
0.2
0.3
0.4
0.2
0.4
0.4
0.4
0.2
0.3
0.3
0.2
0.2
0.3
0.4
0.3
0.3
0.4
0.3
0.3
0.4
0.3
0.2
0.3
0.3
0.4
0.3
0.3
0.4
0.4
0.3
0.2
0.4
0.2
0.2
0.2
0.3
0.2
0.3
0.4
0.3
0.2
0.3
0.2
0.2
0.3
0.4
0.3
0.2
0.4
0.3
0.4
0.3
0.2
0.4
0.3
0.2
0.3
0.2
0.3
0.3
0.2
0.3
0.3
0.3
0.3
0.4
0.3
0.2
0.2
0.3
0.3
0.4
0.3
0.4
0.3
0.4
0.2
0.3
0.3
0.3
0.3
0.4
0.3
0.4
0.2
0.4
0.3
0.3
0.4
0.2
0.2
0.4
