70 12
15
19707
18998
19931
20854
18271
18430
18274
17477
20702
19926
18639
18328
19866
19250
18233
3.6 38.1 30.9 2.1
2.4 46.1 9.6 1.8
3.8 33.5 47.4 1.8
3.9 11.9 62.3 1.5
2.3 16.4 63.9 2.3
3.2 25.1 18 2.3
3.5 13.1 55 1.9
3.2 43.7 14.3 1.6
4.2 45 60.2 1.7
3.6 35.2 49.4 1.6
3.6 47 40.7 1.6
2.1 40.2 12.1 2.2
3.9 37 91 1.5
3.7 27.7 27.1 1.8
2.4 41 11.6 2
3.3 39.1 52.8 1.6
2.9 14.9 35.2 2.2
2.3 20.4 31.8 1.9
2.4 47.1 9.4 2.4
2 37.6 30 1.9
2 27.6 80.3 2.1
2.2 42.8 26.2 1.6
2.5 32.1 13 1.7
2 13.2 89.9 1.8
4.2 20.4 15.9 2.1
3.7 35.1 61.5 2.4
1.9 12.2 37.6 1.7
2.1 45.6 28 2.2
4.8 48.2 88 1.8
2 18.9 52.1 1.7
4.6 23.5 46.3 2.2
2.7 22.4 83.6 1.6
2.5 15.7 64.8 1.9
2.5 25.8 67 1.8
4.4 10.5 54.7 2
4.6 44.8 32.5 2.1
3.2 44.1 79.6 1.6
2.6 13.6 65.4 1.6
1.8 19.7 68 2
4.3 19.9 14.5 1.7
3.2 30.2 53.3 2.2
4.6 39.4 27.3 1.8
4.8 11.8 70.3 1.5
2.9 38.2 49.7 1.8
1.8 31.3 53.3 1.8
4.8 18.9 58.2 1.5
3.1 45.5 59.3 1.8
3.9 22.1 85.5 2.1
4.3 27.8 24.8 2.4
1.5 23.6 7.5 1.8
1 41.8 93.9 2.4
3.8 28.8 79.7 1.9
3.5 49.1 61.8 2.5
4.7 15.8 9.8 2.2
2.3 13.8 45.8 2.2
1.3 42.3 29.9 1.7
4.8 42.8 59.1 1.9
2.3 37.1 6.9 1.6
2.4 35.4 56.4 2.2
1.7 33.6 36.2 2.3
1.6 11.9 60.9 1.8
2.4 28.2 48 1.6
1.3 29.5 79.7 2.1
4 10.6 23.2 2.1
2.2 12.3 58.3 2.3
3.8 35.4 73.2 1.7
4.6 38.1 57.5 2.1
1.8 20 91.2 1.7
4.9 37.2 55.3 1.8
1.8 29.3 14.3 2.3
2.5 49.3 8.4 2.3
1.6 30.6 47.7 2
3 49.6 64.2 2.2
2.7 26.4 30.2 1.6
3.9 46.2 74.6 1.5
1.1 13.5 24.6 2.3
4.7 37.5 51.7 1.9
2.4 18.5 76.2 2.1
4.8 28.3 38.6 2.2
4.8 28.7 58.5 1.6
3.1 25.2 10.3 2.2
3.5 10.3 62.6 1.9
4.2 24.4 56 2.5
1.9 41.2 25 2.1
1.7 13.6 26.1 1.7
3.2 10.4 9.9 1.6
3.7 17.3 43.9 2.5
2.1 25.8 44.7 2.3
2.4 17.7 40.4 2.3
1.2 15.4 92.8 2.5
4.9 14.7 60.5 1.6
4.4 43.4 45.8 1.5
2.4 21.2 63.7 2.3
2 11.2 69.7 2
3.2 17.6 62.3 1.8
1.2 24.3 59.2 2
4.1 37 46.8 2.3
4.8 36.1 15.7 2.5
3.5 34.9 14.9 1.8
2 48.2 32.9 2.5
2.6 27.2 32 2.4
1.5 39.3 39.7 1.8
2.7 16.8 11.4 2
3 31.9 64.5 2.2
2.4 50 84 2.4
2 22.3 25.6 1.5
2.4 11.4 38.7 1.8
3.6 11.4 91.7 1.8
1.4 19.3 45.6 2.5
2.3 48.1 79.9 1.6
4.3 23.7 14.1 2.2
1.5 13.7 64.5 2.3
2.5 12.7 63.3 2.3
4.5 21.7 33.1 1.6
4.3 27.6 27 2.2
3.8 38.2 92.3 2.4
4.7 27.1 71.1 2.1
3 12 15 1.6
4.5 18.2 68.8 1.8
1.2 46.8 72.9 1.9
2.9 10.1 33.4 1.7
3.3 34.6 7.5 1.9
1.4 38.4 41.2 1.8
2 25 72.8 2.1
4 35.8 34.1 2.1
4.8 32.9 61.9 1.9
4.7 46.8 13.5 1.6
4 26.8 56.6 2.2
3.9 34.4 9.2 2.2
2.8 30.4 94.2 1.8
2 38.3 78.6 2.5
4 15.5 36.4 1.7
4.8 45.5 78.9 1.6
2.1 11.4 65.3 2
3.2 36.2 68 1.7
4.6 35.8 82.1 2.2
4.4 39.3 20.6 2.1
1.4 10.2 77.8 2.5
4.2 37 14.1 2.2
1.1 13.4 69.7 2.1
1.1 43.2 75.5 2
3.6 14 70.8 2
3.5 20.7 73.4 2.4
2.8 41.8 58.9 1.5
4.6 36.5 83.3 2.3
1.3 14.5 6.5 2
3.4 39.2 88.7 1.6
4.5 49.2 77.5 1.6
2 12.7 52.9 2.3
2.2 29.7 14 1.9
2.7 35.4 8.1 1.8
2.4 36.2 79.2 1.8
4.7 43.5 66.2 2.4
1.6 47 17.5 2.3
1.8 11.4 7.6 2.3
3 15.4 83.6 2.1
4.8 45.6 20 1.6
4 37.3 74.1 1.6
1.9 31.2 13.8 2.2
2.9 47.9 81 1.5
2.7 17.5 6.7 1.8
2.1 46.1 41.8 2.4
2.7 10.5 31.8 2.5
3 28.3 29.6 1.9
1.1 27.9 59.7 1.9
2.5 43.9 15.3 1.9
3.4 28.5 53.9 1.8
1.2 43.2 28.2 2.4
1 24 84.9 1.7
2.5 47.1 44 1.9
2.7 32.2 83.5 1.6
2.9 19.9 53.9 1.5
3.6 38.3 72.2 1.6
3.5 14.3 61 2.2
3.8 20.3 13.5 1.9
1.4 19.3 59.5 2.3
3.4 29.1 18.1 2.2
4.8 18.1 43.1 1.9
1.7 45.7 82.3 2.2
3 15.2 80.8 1.9
3.7 37.1 37.3 1.6
3.3 10.5 57.9 2.3
3.1 38.7 21.9 2.4
2.9 29.4 34.4 2.4
1 35.1 74 1.9
3.7 32.6 76.4 1.7
1.4 40.2 39.3 1.5
4.7 30.9 64.3 2.1
4.8 39 74.1 2.3
3.4 14.9 8.6 1.9
4.5 24.1 60.5 2.2
4.4 48.7 11.1 1.5
4.6 37.1 89.9 1.9
1.2 48.4 54.6 1.9
1.4 20.8 90 2.1
4.2 49.8 50.1 2.2
4.9 45.5 33.4 2.2
3.1 39 50.7 1.8
3.9 23.7 23.6 2.1
2.5 31.8 77.6 2.4
1.6 34.6 71.9 2.2
1.3 36.5 46.3 2.1
3.9 19 24.1 1.7
4.4 37.2 18.9 2.4
5 43.6 52.8 2.4
1.5 45.4 43.9 2.3
4.3 30.2 55.6 2.1
3.8 29 69.5 2.4
4.8 31.5 12.6 1.7
4.2 19 54.6 1.6
4.3 21.1 54.2 2.5
3.8 12.5 30.5 2.1
3.7 25.5 10.2 2.3
2.9 34.1 52.7 1.6
2.9 16.2 91.3 2.1
3.5 44.3 21.9 1.8
1.7 36.2 48.8 2.3
3.7 19.6 74.2 1.7
4.5 46.7 69.7 2.5
4.8 39.1 56.3 2.1
4 24.6 67.9 2.1
4 41.6 94.6 1.9
1 44.4 41.3 2
4.3 48.7 87.4 1.9
4.6 35.4 74.1 2.1
3.6 36.6 49.3 1.9
1.1 48.1 88.6 2.3
4.8 41.6 61.6 2.2
4.2 28.6 55.1 2.1
4.3 10.1 93.6 1.9
3.2 33.6 31.4 1.6
4.3 34.5 58.9 1.9
4 20.2 84.2 2.3
3 21.1 93.2 1.7
1.3 16.2 42.5 1.9
3.7 48 36.7 1.5
3.1 20.1 6.7 1.9
3.9 10.2 6 2.3
3.9 13.7 52 2
1.2 49.1 75.4 2.1
2.3 20.2 81.1 1.8
2.6 32.7 60.4 2.4
4.9 26.2 67.8 2.3
3.6 14.2 14.8 1.7
3.1 32 6.9 2
4.3 38.8 36.3 1.9
3.8 47.7 22 1.9
4.9 46.1 42.1 1.6
1.6 26 72.1 1.5
3.9 37.3 53.4 2.1
2.3 48.3 33.3 2.4
2.9 31.5 76.5 1.9
4 22.1 50.9 2.3
2.9 19.9 78.1 2.1
2.1 26.4 42.4 2.1
2.3 16.1 89.4 2
2.1 25.7 93 1.9
1.1 36.1 26.8 1.6
2.7 44.1 65.3 1.8
1.1 32.6 27.1 2.5
1.4 17.1 62.7 2
3.8 25.9 64.9 1.8
3.3 24.5 75.9 1.8
4.1 35.8 54.1 2.2
2.1 20.4 65.8 2
1.1 26.2 51.9 2.1
4.2 22 41.8 2.3
3.6 44.5 29.1 1.8
3.2 47.9 16.4 1.7
4.1 20.3 56.6 1.7
3.8 24.4 21.2 1.9
4.5 10.1 20.2 2
3 39.4 13.2 2.4
3.5 37.4 89.3 2.5
4.8 40.9 49.9 1.9
4.4 48.3 55.9 2.1
4.9 16.9 40.9 2
4.8 34.1 85.8 2.3
4.8 23.4 81.1 1.6
2.9 23.2 52.9 1.9
1.2 45.2 64.8 1.8
3.6 31.6 40.7 1.7
3.1 47.7 85.8 2
2.1 19.8 60.2 1.7
3.3 37 22.1 2.4
3.5 16.1 40.8 2.5
1.7 35.3 5.9 2
3.5 41 89.6 2.2
3.1 40 77.7 1.6
2 49.3 87.1 2
4.6 45.9 14.5 1.8
3.7 30.2 62.2 2.1
4.2 41.1 62.7 2.4
2.3 35.7 21.7 1.7
1.6 34.2 21.2 1.7
3.8 38.2 14.6 2.5
3.1 45.7 57.7 2.5
2.1 43.2 65.2 2.4
1.8 28.8 33.5 2.3
3.5 29 19.7 1.8
4.5 13.3 54.6 2
3.4 35.1 35.2 2.5
4.4 31.1 66 2.1
2 11.2 8.1 2.4
2 42.4 24.1 2.1
2.2 37 23.9 1.7
3.4 14.5 17.7 1.6
2.2 44.1 40.2 1.8
2.5 23.5 52.4 2.3
4.3 41.9 34.2 2.5
3.8 45.1 79.1 2.5
2.7 33.5 54.7 2.4
3.3 39.1 85.9 2.3
3.8 24.9 69.4 2.2
4.8 41.4 33.1 1.6
1.4 28.9 44.1 1.6
3.1 47 48.9 1.6
3.6 48.3 22 1.7
2.5 15 70.9 2.1
1 34.7 70.1 2.1
3.1 22 46.2 2.1
4.8 13.4 41.2 1.9
2.2 22.1 92.3 2.2
1.9 44.5 69.9 1.6
4.5 19.6 75 1.8
1.4 11.7 89.6 1.6
4.5 12.7 14.2 2.2
1.1 17.1 91.3 2.1
5 17 43.2 1.7
1.6 32.1 34.9 2.4
4.3 21.2 55.4 1.7
5 13.8 37.9 2.4
2.1 33.9 78.5 1.7
4.2 47.8 81.7 2
4.5 35.1 90 2.1
1.6 24.1 29.4 2
2.7 27.3 41.2 1.7
2.3 22.2 7 2.3
4.4 15.5 50.7 1.7
1.1 41.8 79.7 2.1
3.2 38.4 8.7 2
1.2 15.4 89.4 1.7
4.1 21.2 92.2 1.6
4.3 13.6 59.6 2.4
4.7 23.8 68.9 1.9
4.4 25.6 35.7 2
1.3 13 85.2 1.9
3.2 16.7 54 2.2
3 17 14.2 1.9
1.2 18.6 80.3 2.4
2.9 41.6 6.5 1.6
1.8 24.1 29.1 2.4
3.5 40.9 58.5 1.8
4 49 89.9 1.7
4.4 45.6 69.4 1.6
1.4 36.7 89.4 1.9
4.1 12.7 31.1 2.5
3.2 22 54 2.1
4.9 22.3 8.2 2.1
3.5 46.6 14.8 1.5
2.5 24.4 7 2.3
4.6 34.4 77.7 2.1
2.6 41.8 58.3 2.5
1.7 41.6 25.1 1.7
2 23.7 71.6 2.4
1.1 15.5 7.1 1.6
2.9 15.8 68.3 1.7
2.6 42.6 63.6 2.1
1.2 17 73.1 2.4
2.5 12.3 56.9 1.7
1.3 35.5 62.2 1.9
4.1 26 21.7 1.8
1.7 28.8 89.1 2
2.9 24.3 94 1.9
4.2 17.2 57.8 1.8
2.6 21.4 58 2.4
1.5 19.7 33.7 2.4
3.7 28 43.6 1.7
2.7 18.9 63.4 1.8
4.3 49.1 65.4 2.1
2.6 23.2 44.4 2.1
1.2 35 92 1.5
2.3 19.3 8.6 2
1.6 14.7 78.9 1.8
3.2 40.4 27.8 1.6
2 10.4 25.4 2.3
4.1 41.2 10.9 2.5
1.7 17.2 27.3 2.4
4.9 15.2 77.3 1.5
1.3 16.7 51.6 2.4
5 24.6 19.9 1.7
4.2 24.6 31.3 2.4
1.9 45.1 9.3 2
4.2 17.5 77.4 2.5
1.9 23.2 11.5 2.2
2.2 14.1 94.1 2.1
4.3 30.1 5.7 2.4
3.3 25 16.2 1.8
4.7 21.2 12.4 1.9
2 46.1 17.1 1.6
4.3 24.2 39.2 1.5
3.5 41 34.6 1.7
2.8 27.3 76.8 1.7
1.5 45.2 42.8 1.5
1.4 36.1 19.2 2.3
3.8 31.4 63 2.2
1.2 22.3 87.2 1.9
4.8 16.5 60.3 1.9
3.7 16.3 57.4 1.9
1.1 36.8 32.5 1.7
1.8 34.1 60.1 1.7
4.5 19.6 58.4 2.1
4.3 27.8 45.4 2
2.2 17.4 60.2 1.8
1.5 44.6 40.1 2.4
1.2 23.1 7.1 2
4.3 26.3 25.3 1.6
4.8 45.7 22.5 1.7
3.7 49.2 7.1 1.5
1.6 27.2 35.5 1.9
1.3 24.4 36.3 1.7
1.2 13.9 29.4 2.2
2 32.6 21.3 1.6
2.5 16.5 5.3 2.3
2.3 36.3 60.4 2.5
5 38.1 11.7 1.6
4.4 19.7 16.6 2.1
2.7 44.3 85.1 2.2
1.1 44.8 88.5 1.9
1.7 24.1 64.8 2.3
1 20.8 9.1 1.6
1.5 33.4 48.9 1.5
4.2 32.9 88.8 2.2
3.3 44.6 11.3 1.5
4.3 17.2 63.2 1.5
1.6 34.6 44.3 1.6
1.2 43.2 37.2 1.6
2.2 22.2 40.2 2.1
2.8 32.1 66.4 1.6
4.7 21 77.8 1.7
1.5 16.6 52.6 2.4
1.8 16.5 15.3 2.5
4.4 37.9 61.3 2.1
2 17 58.8 1.8
4.1 16.4 87.7 2.4
1.9 47.9 17.6 2
2.3 27.3 42.3 2.2
4.1 29.4 13.4 1.9
1.8 21.8 82.4 2
1.7 14.2 9.6 1.5
4.7 23.2 57.7 2.3
3.6 35 94.6 2
4.8 49.8 68.8 2
1.2 46.5 80.5 2.5
2.4 33.9 94.1 1.7
2.2 22.3 63.3 2.2
1.1 43.4 16.1 2.2
3.4 31.1 43 1.7
4.6 24.1 54.9 2.4
2.9 45.6 31.6 2.2
1.7 37 40.3 2
1.8 44.3 52.2 2.1
1.8 40.2 35.8 2.4
4.8 38.8 88.8 1.6
2 41.8 12.5 1.7
4.6 46.1 34.5 1.7
3.4 10.8 52.2 2.2
3.6 17.1 36.2 1.9
4.3 48.1 87.3 1.9
2.5 19.2 11.9 1.7
3.3 48.5 78.8 1.6
1.4 21.3 31.7 2.2
2.5 19.6 33.5 1.7
3.9 34.9 37 2
2.4 47 49 1.7
2 17.7 23.6 2.3
2.4 23.6 57.4 1.6
4.8 38.8 59.4 2.5
1.1 16.4 90.1 1.6
1 23.1 83.3 2.1
3.2 49.9 51.3 2.4
1.2 47.1 77.7 1.8
3.7 30 64.7 2.1
4.7 28.7 22.2 1.6
2.2 41.4 44.9 2.4
3.3 19.7 79.9 2.3
2.9 46.9 84.8 2.4
4.3 49.1 20.9 2.5
2.6 11.8 47.6 2.1
2.9 22.5 28.1 1.9
2.9 49 54.5 1.8
3.9 19.6 77.1 2.5
4.8 24 71.9 1.8
2.2 43.5 50.2 2.3
3.7 10.9 90 2.4
1.9 32.5 71.3 2
4.1 28.4 77.3 1.7
4 34.2 10.2 2.5
1.4 25.5 47 2.4
2.6 46 82 1.5
1.3 28.3 80.5 2
2.4 47.1 37.4 2.4
2.7 26.2 60.6 1.9
3.4 22.8 26.4 1.9
1.9 34.7 7.1 1.8
4.4 29.1 17.3 1.5
1 17.8 54.6 2.2
4.2 48.5 69.9 2.3
3.4 22.7 72.6 2.4
2 18.7 72.2 2.4
3.8 26.9 70.2 1.6
2 27.3 89.6 1.9
2.2 15.7 43.1 1.5
1.6 16.2 77.4 1.9
2.5 24.6 32.5 1.7
4 34.7 9.6 2
3.1 19.1 54.9 2.2
2.5 36.9 71.7 2.3
1.7 46.2 68.6 1.6
1.7 24.9 67 2.2
3.9 11.4 8.7 1.7
2.2 21.4 71.6 2
2.5 40.4 40.1 2.3
4.3 42.6 92.9 2.5
2.7 14.5 66 1.9
2.8 35.2 23 1.6
1.9 27 86 1.8
4.5 17.1 56.5 1.5
3.6 33.1 75.2 2.5
1.7 46.8 31.8 2.5
2.1 38.1 36.2 2
2.2 35.3 56.4 2.2
3.6 13.1 80.3 1.6
4.6 23.3 36.4 1.5
1.8 24.8 13.2 2.5
2.2 45.4 62.4 1.7
2.8 41.2 26.8 1.9
3.9 24.9 45 2.1
2.7 34.2 29.1 2.3
3.1 31.9 57.4 2
1.5 44.4 25.4 2.1
3.4 43.7 87.3 1.9
3.3 41.3 8.4 2.4
3.5 20.4 44 1.6
2.5 33.3 19.9 2.1
1.5 17.8 58.2 1.6
5 20.5 9.1 2.1
2.8 37.7 62.7 2.4
2.5 36 22.1 1.8
3.7 11.9 42.2 2.1
3.4 38.4 46.4 2.1
2.4 26.4 65.7 2.4
1.6 33.9 33.2 1.9
2.7 22.3 73.2 2
1.2 39.2 32.7 1.5
3.1 11.3 87.3 1.8
4.4 47.8 86 2.2
3.6 47.5 20 1.7
2.9 29.1 48.5 2.4
2.5 24.1 94.3 2.5
3.2 23.7 15.2 2.1
3.5 15.4 68.5 2.3
2.1 12.5 52.9 2.5
4.1 14.4 19.9 1.6
4.8 48.2 25.9 1.6
3.5 16.5 22.3 2.1
5 21.8 82.1 1.7
1.2 31.2 56.8 2.2
4.6 41.2 43 2.5
3.5 48.1 11.2 2
2.9 32.4 35.3 2.5
4.3 35.6 46.8 2.3
1.3 41 5.3 1.7
2.9 26.8 30.9 2.2
3.2 41.1 58.5 2
2.3 46.9 16.4 1.9
4 24.5 88.9 1.6
4.6 34.5 42.9 2.4
4.1 19.8 70 1.9
3.8 28 49.4 1.7
4.5 45.4 85.2 2.2
4.6 41.2 11 2.1
4.3 34.8 77.4 2.3
4.9 15.1 18.7 1.8
1.3 23.3 49.2 2.5
1.5 30.3 93.7 1.7
4.6 31 18.1 1.6
4.3 45.9 66.4 2
3 32.5 10.6 2.1
3.2 18.7 85 2.1
2.3 39.6 29.9 2.3
1.4 30.7 89.2 1.6
4.4 29.9 8.4 2.1
2.7 40.4 47.5 1.6
2.7 42.9 35.8 2.4
4.1 30.4 57.8 1.9
2.7 30.1 22.4 2.3
3.5 30.7 22.5 1.5
4.4 32.3 79.4 2.1
1.1 22.1 54.6 1.9
1.9 31.7 54.5 1.9
4.8 20.7 43.3 1.6
3.3 39.5 60.7 2.4
4.9 14.2 83.6 2.5
4.2 13.3 30.6 2.1
2.6 28.9 42.2 1.6
2.8 44.5 87.4 1.6
2.8 18 28.1 2
2.9 11.2 55 2.3
3.8 36.8 83.7 2.4
1.9 24.6 37.1 2
1.8 30.2 41.1 2.4
4.4 20.1 85.7 1.9
4.4 42.1 83.9 2.2
1.4 10.5 20.9 2.4
1.8 32.5 41.1 2.5
4.7 14.8 72.7 1.6
1.4 10.4 28.6 1.6
4.8 44.3 11.6 2.5
3.9 41.8 29.8 2
1.8 35.3 46 2
2.9 24.1 76 1.7
2.2 49.9 87.4 2.2
3.6 40.8 47 1.6
3.2 47.5 11.5 2.4
4.3 38.9 22.5 2.5
1.8 10.1 11.3 2
1.7 41.6 86.4 1.7
2.7 37.9 28 1.8
3.7 15.8 70.6 1.9
2.3 10.3 71.3 1.9
1.9 33.9 15.4 1.7
1.7 41.3 84.5 2
3.6 34.3 16.3 2.3
3.9 30.7 81.7 2.2
2.8 27.7 68.2 1.7
2.6 28.7 60.3 1.6
2.7 27.8 31.7 1.7
2.6 43.6 45.5 2.4
3.3 33.4 28.4 1.7
1.5 10.4 38.5 2
3.5 44.2 27 2.2
3.3 24.3 65.7 1.8
1.9 49.1 30.6 2.4
4.5 28.9 59.4 1.6
2.3 23.2 7.5 1.6
4.6 28 46.7 1.9
4.6 18.9 37.2 2.3
4.5 38.5 36.8 1.6
2.2 44.3 51.2 1.8
4.4 49.8 50.1 2.1
2.4 22.5 14 1.7
2 39 80 2.2
1.9 33.4 57.3 2.4
3.8 42.9 45.6 2.4
5 26.2 66.3 2.5
4.9 23.5 77.6 1.9
1.6 42.2 66.2 1.9
1.5 10.3 65.9 1.9
2.1 33.6 57.8 1.8
4.1 45 72.3 2.5
4.6 39.3 59.6 2.3
3.3 35.6 27.4 1.8
4.9 48.2 22.4 1.6
1.7 14.5 40.1 2
3.4 40.4 46.1 2
3.9 33.7 33.9 2.2
3 25.5 28.4 2.3
4.7 35.2 23.3 2.3
4.3 43.2 79.7 2.2
1 47 47.4 2
3.3 49.6 79.5 1.6
1.5 48.9 64.8 2.1
4.8 16.6 83.2 1.8
2.8 31.5 23.2 1.6
4.3 17.5 68.8 1.6
2.3 28.2 17.3 1.6
1.3 23.8 34.3 2.1
1.1 47.1 17.9 1.6
4.4 22 37.6 2.4
3.8 29.9 49.8 2
4.9 45.6 89 2.3
2.4 28.7 8.4 2.2
1.5 22.9 77.3 1.7
4.5 20.4 7 2.5
3 16.4 53.1 2.5
3.2 45.4 15.4 1.7
3 17.4 35.4 2.1
2.8 33.8 54 2.2
4.4 11.7 55.6 2.1
1.7 43.5 76.8 2.5
1.1 13.5 16.9 2.2
2.6 12.2 42.4 1.9
4.5 45.8 79.2 1.9
2 41.5 93.9 1.6
1.3 28.9 29.3 2.1
4.2 15.5 25 2
3.1 28.2 9.7 2.4
1.5 42.8 82.1 2.1
4.5 31.5 36.2 1.8
1.5 16.3 38.4 1.6
3.1 49.4 62 1.6
3.3 15.4 83.3 1.7
3.3 31.4 15.2 2.4
2.2 34.6 87.8 1.5
3.5 16.9 8.7 2.5
2.2 17.3 71.3 2.2
2.2 46.1 25.8 2.5
3.6 18.4 26.5 1.6
1.7 40.7 82.7 1.7
4.5 20.2 27.5 1.7
1 44 84.2 1.8
3.6 12.4 56.4 1.8
2.7 36 33 2.1
1.4 32.9 69.8 2.5
4.7 31.2 84.3 2.3
1 15.2 93.1 2
4.2 46.5 12.2 1.9
1.9 33.7 7.3 2
4.3 11.8 74.8 2.4
3.5 27.5 22.5 1.7
1.7 10.6 6.1 1.9
4.1 28.3 70.7 1.9
1.8 12.4 77.8 1.7
3.7 21.3 65.4 2.1
1.6 15.9 84.5 1.5
2.1 19.8 31.4 2.4
2.9 33.1 52.6 2.4
1.7 11.7 19.8 2.5
4 45.2 59 2
1 13.5 90.8 2.3
4.7 37 9.8 1.5
1.2 21.3 68.1 1.9
2.8 39.4 24.9 2
4.4 31.1 8.9 2.5
4.2 15.3 8.6 2.5
3.2 33.3 86.5 1.5
4 41.9 16.6 2.3
3.6 48.1 35 2.5
1.8 40.2 71.1 1.6
2.7 26 49 1.7
4.2 20.1 90.7 1.6
1.4 40.9 61.6 2.3
3.5 27.8 81 2.1
3.7 15.5 42.5 2.4
3.5 34.9 48.3 1.8
3 30.1 28.2 1.5
2 26.8 32.9 1.5
2.5 47.3 85.7 2.2
1.9 10.9 37.5 1.7
4.7 18.9 70.2 1.8
4.2 12.2 40.2 2.4
2.4 40.3 12.7 2.2
1.8 18.8 52 2.5
2.2 45 70.6 2.3
1.3 32.5 27.6 1.7
3.7 17 23.1 1.9
4.3 36.6 22.4 1.6
4.7 16 91.9 1.7
2 17 84.4 1.8
2.8 41.1 8.6 1.5
5 27.5 32.6 2.2
4.8 18.1 74 1.8
2.8 44 84 2.1
4.3 18.1 12.3 1.8
1 30.5 39.2 2.1
2.8 17.5 34.7 2
3.7 32.7 61.3 1.9
2.8 41 44.3 1.9
1.7 28.1 66.7 2.2
2.9 11.7 81.8 1.6
2.4 22.3 89.6 1.6
1.5 20.2 57.1 2
1.8 33.9 17.4 1.8
4.8 33.1 50.4 1.7
2.6 47 17.7 1.7
3.2 11.7 87.5 2.4
3.3 15.4 71.4 1.6
2.3 35.4 50.7 1.5
1.1 49.1 23.9 2.2
1.4 12.3 73.5 2.2
1.1 37 25.6 1.6
1.1 24.1 45.4 2.1
3.7 41.2 13.8 2.1
4.6 29.9 41 2.1
3.7 22.5 68.5 2.4
5 45.5 84.5 1.9
1 30.4 47 1.7
2.6 13.6 10.1 1.8
1 22.4 9.3 1.6
1.3 19.8 36.1 2.1
1.7 35.2 72.2 1.6
3.8 15.4 6.5 1.8
2.5 34.8 88.3 2.3
4.9 47.9 57.2 2.3
2.1 41.4 25.8 1.6
1.8 21.9 32.6 1.8
4.3 24.8 14.5 1.9
4 16.7 50.3 1.9
3.9 22.2 72 1.9
4.7 25.6 30.7 2
4.8 36 52.3 1.8
3.2 36.4 46.2 2.4
2.9 37.8 94.2 2.1
1 49.2 48.7 1.7
4.1 26.2 80.6 1.8
4.3 10.4 18.5 2.4
4.2 37.9 69.1 1.6
2.6 35.7 57.7 1.7
2.7 48.7 12.4 2.3
3.2 17.7 71.9 1.8
3.6 24.9 40.4 2.2
1.2 46.3 80.4 2.1
1.9 37 64.1 1.8
3.8 15 68.9 1.9
2.6 40 55.7 2.4
1.7 43.9 17.3 1.9
2.5 16.1 36.3 2.2
3 19.4 23.4 2
3.1 28.5 81.9 1.5
2.2 20.2 74.7 2.2
2.4 49.8 31.8 2.5
4.1 43.6 6.1 2.2
3.4 48.8 34.9 1.7
1.5 15.5 34.6 1.8
4.2 20.7 66.1 2
1.6 10.3 5.6 2.3
3.5 32.1 32.6 1.6
2.8 16.4 55.9 2.4
2.6 27.6 20.5 1.5
2.8 40.2 59.1 2.2
2.3 48.8 19.4 1.9
4.9 34.2 62.9 1.8
4.2 49.6 50.9 2
2.4 17.1 72.4 1.8
4.6 25.8 34 2.2
4.4 29.1 79.1 2.2
4 39.4 6.3 1.7
4.2 21.3 6.1 1.8
1.1 19 15.6 2
3 16.4 8.6 1.9
4.1 49.2 36.4 1.7
3.9 22.5 89.9 2.1
4.6 24.5 38.2 1.9
4 45 65 1.5
4 21 84.9 1.8
3 34.9 24.9 2.4
3.5 10.5 22.6 1.5
4.1 43.5 7.2 2.3
4.5 19.5 29.1 2.3
1.5 32.3 76.3 1.9
3.5 35.5 76.7 2.2
3 22.4 40.1 2.3
4 15.9 17.8 1.7
2.3 41.6 84.8 2.1
3.1 24.2 34.8 1.8
4.5 50 93.5 2.3
2.8 36.1 89.9 1.9
3 37.1 50.9 2
1.6 12.3 90.2 2.5
2.1 42.3 72.5 1.6
2 21 42.4 2.2
3.6 30.8 51.6 1.5
1.9 29.2 67.6 1.5
1.7 30.8 70.4 1.8
3.2 42.6 88 1.7
2 32.7 37.5 1.6
3.9 44.2 24.9 2.4
4.1 12.8 24.6 1.9
1.8 14 42.7 2
3.5 41 35.9 1.9
3.6 16.1 49.1 2.5
3.7 45.8 11.9 2
4.8 10.6 83.7 1.6
1.3 49.2 21 1.9
2 14.3 71.3 2.3
2.7 36.1 36.5 1.6
4.1 34.9 57.8 2.1
1.2 37 91.5 2.4
1.1 28.5 61.1 2.3
2.4 42.8 6.7 2
4.2 13.7 15.8 2.3
4.6 43.3 39.4 2.5
2.9 45.2 23.8 1.9
1.6 36.3 9.5 2.5
3.2 26.7 12.5 1.6
2.8 26.5 70.4 2.1
1.8 20.9 90.1 1.6
1.7 25.8 81.5 2.2
2.4 30.7 63.8 2.3
2.7 25.3 69.7 1.7
3.7 23.6 75.5 1.8
3 26.8 68.6 1.6
2.5 17.7 48.4 1.8
3.6 42.1 8.5 1.5
3.4 39.3 13.1 2.4
2.2 42.2 84.3 2.4
2.2 15.4 58.7 1.8
1.5 16.7 38 2.3
3.4 28.6 86.6 1.6
4.7 25.6 70.5 2.4
4.5 44.9 41.8 2.2
3.4 22.2 43.1 1.9
4.7 24.9 92.7 2.2
2 30.8 79.1 2
2.9 48.1 86.5 1.7
3.1 25.3 27.5 1.6
4.4 37.5 19.3 2.1
4 45.5 20.3 1.6
3 22.7 22 1.7
4.3 22.2 66.6 2.4
2.3 46.7 26.9 2.4
1.4 28.2 17.9 2.4
4.8 35.9 61.3 2.2
2.1 16 47.1 2.3
3.9 26.9 72.1 1.8
2.7 26.5 8.4 2.5
4.6 13.8 81.2 1.6
3.5 38.9 14 1.6
4.9 25.7 37.6 2
2.5 47.5 65.1 2.4
2.8 24.7 39.1 1.9
2.4 33.7 51.8 1.8
1.8 14.9 6.1 2.5
3.3 19 41.5 1.9
1.5 42.6 57.7 1.7
4.4 42 86 1.5
3.7 28.3 26.5 2.1
4.5 47.8 16 1.9
2.7 39.1 53.8 1.9
2.3 45.9 44.7 2
3.9 42.8 93.5 1.6
2.8 38.8 83.7 1.6
1.2 19 33.4 2.3
4.2 47.3 61.4 2.4
3.6 30.6 89.9 1.5
3.3 25.8 61 2.1
1.6 28.7 94.6 1.7
3.7 40.9 61.9 2
4.7 43.7 67.2 1.6
3.5 12 21.5 2.3
2.6 46.3 85.8 2
1.5 17.4 52.5 1.9
2.2 22.4 68.2 1.8
2.3 45.8 48.7 2.4
3.7 42.4 69.7 2.3
3.3 39.6 39.6 2.3
2.8 30.8 69.5 2.1
1.1 19.4 81.5 1.5
1.8 45.1 15.2 2.4
1.7 14.3 87.7 1.6
1.5 25 94.4 2
4.1 19.4 13.9 2.1
4.8 28.7 86.1 2.3
2.5 33.3 13.6 2
3.2 13 13.8 1.9
1.9 44.9 34 1.5
4.1 41 68 2.5
4.2 33.7 60.7 1.5
4.7 15.6 79 2.3
3.2 44.8 76.5 1.8
3.5 28.5 19 1.5
4.9 46.7 7.2 1.7
2.8 22 65.2 1.9
2.6 37 68.8 2.4
2.4 48.6 66.4 2.1
2.2 11.4 74.7 2.5
2.1 20.1 54.3 2
3.4 30.7 92.7 2.4
4.5 50 94.8 2.3
3 44.1 5.5 1.7
4.3 40.9 48.7 1.9
5 27 91.1 2
4 36.8 57.1 1.7
2.6 10.9 30.2 2.2
4.7 19.5 11.5 2
2.2 10.4 77.4 2
1.9 45.1 29.3 2.2
1.1 21.2 8.2 1.9
3.9 29.9 81.6 2
1.2 46 47 2.4
2.3 30.2 30.2 1.6
4.3 21 22.9 2.3
1.7 16 11.2 1.5
1.4 26.1 12.7 1.8
1 32.3 79.6 2
2.3 47.1 71.7 2.3
4 41.3 50 2.3
3.5 31.3 66.2 2.3
1.7 10.3 44.9 1.7
2.9 28.3 62.6 2.4
4.6 48.1 37.8 1.6
2.2 42 77.1 2.1
4.6 16.8 45.3 2.1
2.2 19.8 83.6 1.6
4 36.5 38.3 1.6
3.5 26.7 26.2 2.5
1.1 20.4 28.8 1.6
1.2 38.9 70.5 1.6
4.7 40.9 53.6 2.3
1.9 35.7 31.5 2.3
4.5 22.3 19 1.6
4.4 40.3 28.7 1.6
3.1 25.6 19.1 2
3.1 28.9 30.1 2.2
3.9 24 54.3 2.1
1.3 32.7 89.8 1.6
2.3 19 82 2.2
1.2 28.7 23.8 2.1
4.5 23.7 59.5 2
1.7 43.6 6.7 1.8
3.9 23 25.3 1.5
3.2 10.1 32.6 1.6
1 41.8 17.7 2.3
3.4 27.1 52.8 2.3
2.7 42.1 65 2
3.6 49.4 86.1 1.9
1.9 47.4 74.3 2.2
4.2 19.5 67.3 1.9
4.7 47.9 51.2 2
4.5 18.1 81.2 2.4
1.9 42.9 34.9 2.3
3 48 38.1 2.4
1.2 39 41.8 1.7
4.2 23.7 46 2.4
1.8 30.2 22.5 1.6
2.8 27.1 17 1.9
1.4 41.9 89.8 2.5
3.2 37.8 41.4 1.7
1.9 33.3 24.1 2.1
2.1 13.3 41.7 2.3
2.1 40.1 80 1.8
3 28.3 74 1.6
1.1 21.3 81 2.4
2.7 42.1 21.2 2.4
2.5 24.2 37 2.4
2.8 39.6 83.9 1.5
1.4 13.3 93 2.3
4.9 14.7 25.8 2.1
2.2 35.5 80.3 1.9
4.3 42.8 64 2.4
2.3 47.1 38.1 1.8
3.5 35.3 50.7 2
1.7 13.1 67.1 1.8
2.6 36.7 69.7 2.5
4.5 44.4 64.8 1.5
2.6 11.9 60.6 2.5
3.2 43 78.9 1.9
2.4 45.6 25.6 2.2
2.7 37.5 52.8 1.7
0.3 0.2 0.4 0.4 0.2 0.4 0.3 0.2 0.3 0.2 0.3 0.3 0.3 0.3 0.2 0.3 0.3 0.2 0.3 0.4 0.3 0.4 0.3 0.4 0.3 0.2 0.2 0.4 0.4 0.3 0.3 0.4 0.2 0.3 0.2 0.4 0.2 0.4 0.3 0.2 0.2 0.2 0.2 0.3 0.3 0.2 0.4 0.2 0.4 0.3 0.3 0.4 0.3 0.3 0.3 0.3 0.4 0.4 0.3 0.2 0.3 0.2 0.3 0.4 0.4 0.4 0.3 0.3 0.2 0.3 0.3 0.2 0.3 0.3 0.2 0.3 0.3 0.2 0.3 0.4 0.3 0.3 0.2 0.3 0.4 0.3 0.3 0.3 0.3 0.4 0.3 0.3 0.4 0.4 0.3 0.3 0.2 0.3 0.3 0.3 0.2 0.3 0.4 0.3 0.3 0.2 0.3 0.3 0.3 0.4 0.3 0.3 0.4 0.2 0.2 0.3 0.3 0.3 0.3 0.2 0.4 0.2 0.4 0.2 0.3 0.2 0.4 0.3 0.3 0.2 0.2 0.2 0.3 0.3 0.3 0.4 0.2 0.3 0.3 0.3 0.4 0.4 0.3 0.3 0.3 0.2 0.3 0.2 0.3 0.3 0.2 0.2 0.4 0.2 0.2 0.3 0.2 0.4 0.4 0.3 0.3 0.2 0.4 0.2 0.2 0.3 0.3 0.3 0.2 0.3 0.2 0.4 0.4 0.3 0.2 0.3 0.3 0.3 0.2 0.2 0.4 0.3 0.3 0.3 0.2 0.4 0.3 0.3 0.4 0.2 0.2 0.4 0.2 0.2 0.2 0.4 0.3 0.4 0.4 0.3 0.3 0.4 0.3 0.4 0.3 0.3 0.2 0.2 0.3 0.4 0.2 0.2 0.2 0.4 0.4 0.3 0.2 0.3 0.3 0.4 0.3 0.3 0.2 0.3 0.3 0.3 0.3 0.3 0.4 0.3 0.3 0.4 0.4 0.2 0.4 0.3 0.2 0.3 0.4 0.2 0.2 0.4 0.3 0.3 0.2 0.2 0.4 0.2 0.4 0.3 0.3 0.2 0.3 0.2 0.3 0.3 0.2 0.2 0.4 0.4 0.3 0.2 0.2 0.3 0.4 0.2 0.2 0.3 0.4 0.3 0.4 0.4 0.3 0.4 0.3 0.3 0.4 0.3 0.4 0.2 0.3 0.3 0.3 0.2 0.3 0.4 0.3 0.4 0.3 0.4 0.2 0.3 0.3 0.3 0.3 0.3 0.2 0.3 0.2 0.4 0.4 0.3 0.2 0.4 0.4 0.3 0.3 0.4 0.3 0.3 0.2 0.3 0.3 0.3 0.2 0.3 0.3 0.3 0.3 0.4 0.2 0.3 0.4 0.4 0.3 0.4 0.4 0.3 0.2 0.3 0.3 0.2 0.3 0.2 0.3 0.4 0.4 0.3 0.3 0.3 0.3 0.4 0.3 0.3 0.3 0.4 0.3 0.3 0.4 0.3 0.2 0.2 0.2 0.3 0.2 0.2 0.4 0.2 0.4 0.4 0.4 0.4 0.2 0.3 0.3 0.3 0.2 0.2 0.2 0.3 0.3 0.4 0.3 0.2 0.3 0.3 0.3 0.2 0.4 0.4 0.3 0.3 0.3 0.3 0.4 0.4 0.2 0.2 0.2 0.3 0.3 0.4 0.3 0.4 0.3 0.3 0.3 0.2 0.3 0.3 0.4 0.2 0.3 0.2 0.3 0.2 0.2 0.2 0.2 0.2 0.3 0.3 0.3 0.3 0.2 0.4 0.3 0.4 0.4 0.3 0.2 0.2 0.3 0.3 0.4 0.4 0.2 0.3 0.4 0.3 0.3 0.2 0.3 0.3 0.3 0.3 0.4 0.3 0.2 0.3 0.4 0.3 0.4 0.3 0.3 0.3 0.3 0.2 0.4 0.3 0.3 0.2 0.3 0.2 0.3 0.3 0.2 0.3 0.4 0.2 0.3 0.4 0.3 0.3 0.3 0.2 0.4 0.3 0.2 0.3 0.3 0.3 0.2 0.4 0.4 0.2 0.2 0.4 0.3 0.3 0.3 0.4 0.4 0.3 0.2 0.3 0.4 0.4 0.3 0.2 0.2 0.3 0.3 0.2 0.2 0.3 0.3 0.2 0.4 0.3 0.3 0.3 0.4 0.4 0.3 0.3 0.4 0.3 0.2 0.4 0.3 0.2 0.3 0.4 0.4 0.3 0.2 0.3 0.3 0.3 0.4 0.3 0.2 0.3 0.3 0.3 0.3 0.3 0.3 0.4 0.3 0.3 0.2 0.3 0.3 0.3 0.4 0.3 0.2 0.2 0.2 0.4 0.4 0.3 0.3 0.4 0.3 0.3 0.3 0.4 0.3 0.2 0.3 0.4 0.2 0.2 0.3 0.4 0.2 0.2 0.3 0.2 0.3 0.3 0.4 0.3 0.3 0.3 0.2 0.3 0.3 0.2 0.3 0.2 0.4 0.4 0.2 0.4 0.3 0.4 0.2 0.3 0.3 0.3 0.4 0.3 0.4 0.3 0.2 0.3 0.4 0.3 0.3 0.3 0.3 0.3 0.2 0.3 0.4 0.3 0.3 0.3 0.4 0.3 0.3 0.3 0.2 0.3 0.3 0.4 0.3 0.4 0.4 0.4 0.3 0.3 0.2 0.3 0.3 0.2 0.4 0.4 0.2 0.3 0.3 0.3 0.2 0.3 0.2 0.2 0.3 0.3 0.4 0.3 0.3 0.2 0.4 0.4 0.4 0.2 0.3 0.3 0.2 0.2 0.3 0.4 0.3 0.3 0.3 0.4 0.3 0.3 0.3 0.4 0.2 0.3 0.4 0.2 0.4 0.4 0.4 0.4 0.3 0.3 0.3 0.2 0.2 0.3 0.2 0.3 0.4 0.3 0.3 0.4 0.3 0.3 0.4 0.3 0.2 0.2 0.4 0.3 0.3 0.3 0.4 0.4 0.2 0.4 0.4 0.3 0.3 0.3 0.4 0.4 0.2 0.4 0.3 0.3 0.4 0.3 0.3 0.2 0.3 0.3 0.3 0.3 0.4 0.3 0.4 0.3 0.3 0.2 0.4 0.2 0.2 0.2 0.3 0.3 0.3 0.4 0.3 0.4 0.3 0.3 0.3 0.2 0.3 0.3 0.3 0.4 0.3 0.4 0.3 0.3 0.4 0.3 0.3 0.3 0.3 0.2 0.4 0.4 0.4 0.4 0.3 0.3 0.3 0.4 0.3 0.4 0.4 0.3 0.2 0.3 0.4 0.2 0.3 0.3 0.3 0.4 0.4 0.4 0.3 0.3 0.3 0.3 0.3 0.4 0.2 0.2 0.2 0.4 0.3 0.3 0.4 0.3 0.2 0.4 0.2 0.3 0.3 0.3 0.2 0.3 0.2 0.2 0.2 0.4 0.3 0.4 0.3 0.4 0.4 0.2 0.3 0.3 0.2 0.2 0.3 0.3 0.4 0.4 0.2 0.3 0.3 0.4 0.3 0.2 0.3 0.4 0.4 0.4 0.3 0.2 0.2 0.3 0.3 0.4 0.4 0.3 0.2 0.2 0.3 0.3 0.2 0.2 0.2 0.3 0.3 0.2 0.3 0.3 0.3 0.3 0.4 0.3 0.4 0.3 0.2 0.3 0.2 0.4 0.2 0.4 0.4 0.4 0.3 0.2 0.3 0.2 0.3 0.3 0.3 0.2 0.4 0.3 0.3 0.4 0.3 0.4 0.3 0.4 0.3 0.3 0.2 0.3 0.3 0.2 0.2 0.2 0.3 0.3 0.4 0.2 0.2 0.3 0.4 0.2 0.3 0.4 0.3 0.4 0.4 0.4 0.3 0.3 0.3 0.3 0.4 0.4 0.4 0.3 0.2 0.2 0.4 0.2 0.2 0.3 0.3 0.2 0.3 0.4 0.3 0.3 0.2 0.3 0.2 0.3 0.3 0.2 0.3 0.2 0.4 0.4 0.2 0.3 0.4 0.3 0.3 0.2 0.2 0.2 0.4 0.4 0.3 0.4 0.4 0.4 0.2 0.3 0.3 0.3 0.2 0.2 0.3 0.3 0.3 0.4 0.2 0.2 0.3 0.3 0.3 0.3 0.3 0.4 0.4 0.4 0.3 0.2 0.3 0.3 0.4 0.2 0.3 0.3 0.4 0.2 0.2 0.3 0.3 0.4 0.3 0.2 0.3 0.4 0.3 0.3 0.4 0.3 0.3 0.4 0.3 0.3 0.2 0.2 0.4 0.4 0.3 0.2 0.4 0.2 0.2 0.3 0.3 0.3 0.2 0.3 0.4 0.3 0.4 0.3 0.3 0.3 0.2 0.2 0.4 0.3 0.2 0.3 0.2 0.3 0.3 0.2 0.2 0.4 0.4 0.4 0.4 0.3 0.3 0.3 0.2 0.4 0.4 0.3 0.2 0.2 0.3 0.2 0.3 0.2 0.3 0.4 0.2 0.3 0.4 0.4 0.2 0.3 0.4 0.2 0.2 0.3 0.2 0.3 0.4 0.2 0.2 0.2 0.3 0.3 0.4 0.2 0.4 0.3 0.3 0.2 0.3 0.4
34 4 85 124 117 58 71 156 134 141 166 145 139 61 29 64 70 64 95 133 19 162 108 127 71 64 67 31 132 125 148 103 37 61 97 23 33 169 39 86 123 28 22 160 32 118 118 177 35 134 27 94 73 164 83 73 178 87 5 51 163 97 141 153 58 138 96 81 152 100 150 134 40 52 160 69 174 6 110 166 25 30 28 122 179 37 11 124 96 21 61 133 110 82 103 153 174 171 51 55 167 145 98 118 179 7 126 99 175 138 85 63 38 84 33 53 96 172 104 50 126 40 43 32 139 139 75 82 80 18 129 28 136 156 60 71 176 47 148 178 70 22 180 105 27 79 18 99 102 144 167 56 136 78 152 170 128 79 102 83 142 165 147 174 80 60 75 140 1 60 175 127 11 78 167 67 84 66 11 37 149 109 91 81 39 103 98 45 85 166 105 130 177 117 92 69 76 33 62 26 158 91 19 98 113 118 172 163 157 140 91 79 140 34 94 1 165 80 76 39 129 109 34 80 24 15 86 47 43 143 78 98 14 8 20 28 84 128 67 4 38 21 51 109 69 9 88 58 90 81 98 27 104 77 109 20 141 67 162 143 71 45 143 60 99 161 94 7 71 176 148 62 135 151 82 128 162 171 114 33 102 68 118 7 139 27 116 76 112 70 29 171 15 135 165 75 117 161 155 118 21 167 111 8 105 95 101 47 11 169 11 13 153 79 8 11 17 113 154 70 166 13 158 155 118 8 43 5 73 51 31 82 116 70 27 138 58 143 52 102 125 44 58 90 53 176 29 101 41 110 118 154 81 115 122 167 88 84 168 46 175 18 122 177 6 154 51 116 6 54 83 100 140 67 119 87 111 142 160 155 109 9 63 75 163 88 60 99 151 72 102 113 135 54 176 174 174 22 122 149 74 159 94 136 44 46 154 86 133 35 78 114 142 32 175 68 86 11 153 24 115 19 1 172 134 38 179 68 177 141 3 15 135 18 167 115 106 113 149 150 82 176 116 13 39 157 45 63 58 33 89 13 145 77 18 70 87 164 30 126 144 102 156 32 96 83 180 143 65 77 72 129 49 85 38 157 31 149 74 21 136 152 85 117 56 35 105 7 58 163 54 150 74 3 17 157 44 43 18 102 58 142 43 29 82 36 22 20 101 172 115 61 155 3 164 178 25 48 128 1 51 12 52 169 164 19 3 145 153 12 130 23 147 54 92 46 155 31 88 23 139 102 162 74 67 141 154 94 54 166 147 33 29 51 131 40 83 7 113 36 11 116 170 89 11 169 93 142 101 99 6 126 92 157 1 6 74 66 165 63 22 70 13 30 28 180 160 106 22 149 90 98 87 13 98 48 135 31 13 116 59 48 76 30 139 24 155 155 81 3 133 118 29 180 23 25 180 47 162 6 3 72 146 57 112 43 171 169 142 105 149 21 125 154 168 129 140 135 158 33 57 173 141 111 80 30 16 79 25 70 25 38 103 87 162 65 172 96 124 28 12 11 47 143 153 33 39 83 71 45 55 121 94 138 161 1 97 169 141 104 163 105 180 23 36 116 46 97 35 133 47 52 11 111 91 178 2 54 48 40 19 41 4 17 109 59 169 57 94 153 159 118 130 167 20 49 2 65 32 111 71 107 36 168 55 103 169 50 176 2 61 35 147 85 95 134 158 83 82 47 2 16 11 58 66 169 40 125 66 21 73 91 145 73 34 20 73 75 141 18 96 17 104 87 16 123 19 160 26 43 141 100 70 76 136 124 106 149 48 12 100 126 115 18 27 170 173 124 20 67 47 150 44 177 141 13 131 44 137 154 168 162 66 71 63 61 168 97 129 167 19 152 161 46 19 168 9 103 26 24 70 150 38 2 18 66 74 114 106 158 113 162 171 68 49 55 106 155 133 43 85 135 115 56 53 41 160 117 62 97 126 146 101 67 17 60 81 44 47 50 4 147 41 176 131 29 61 157 175 31 87 159 7 45 77 47 108 149 6 107 141 62 124 6 77 173 109 55 156 24 37 178 125 27 159 39 40 130 140 2 128 68 10 82 33 101 68 76 145 15 165 156 66 39 52 88 66 4 7 127 101 37 36 104 89 35 59 93 154 172 169 72 19 133 116 85 123 172 16 18 80 45 15 12 179 160 100 177 107 162 124 135 106 42 85 24 40 38 56 96 175 149 11 59 124 143 109 169 178 46 161 75 72 72 22 73 143 125 24 164 135 91 5 129 44 152 71 134 115 114 110 131 106 118 93 93 58 57 70 120 137 21 22 131 92 12 122 106 20 138 93 154 42 136 42 32 3 70 32 170 84 118 61 92 36 155 24 151 69 149 126 83 54 97 84 161 120 20 91 77 54 155 101 113 142 122 124 56 142 112
6 30 152 96 113 167 125 172 24 41 34 30 157 64 1 128 172 155 8 71 18 124 73 152 158 154 116 131 8 70 88 20 83 60 85 173 115 15 54 152 55 113 39 179 43 97 109 26 104 168 110 53 162 166 156 96 23 162 17 12 55 83 82 13 18 29 165 83 169 96 117 90 93 85 106 92 65 130 131 4 60 179 175 13 98 150 79 91 64 146 26 16 111 15 23 177 119 115 127 168 67 128 70 123 147 89 165 70 5 166 164 108 53 77 17 3 97 144 120 113 12 96 108 142 105 19 172 50 179 17 55 138 96 25 151 158 74 87 152 56 141 137 71 163 74 90 93 29 126 121 53 130 174 64 89 115 41 5 80 85 150 137 22 106 42 117 104 89 17 124 12 39 71 113 91 129 26 93 66 27 30 3 44 142 119 30 115 171 103 99 114 46 89 25 113 84 172 43 139 16 43 95 178 93 170 59 171 4 121 166 161 177 116 58 150 72 151 154 155 136 86 35 58 54 120 134 12 90 127 139 105 12 111 162 53 42 175 160 99 24 121 11 147 15 87 114 106 87 177 49 28 178 130 62 25 13 17 105 52 107 54 76 80 79 62 8 155 168 55 134 170 47 100 131 160 42 30 80 130 35 101 20 34 163 89 87 123 71 26 52 166 7 90 159 81 107 121 110 128 168 23 110 8 73 121 38 32 8 154 17 101 1 130 132 45 37 84 60 99 166 12 55 166 54 55 133 157 133 90 48 31 6 91 110 170 60 81 16 93 77 5 64 107 5 48 34 26 80 66 174 48 102 132 169 122 32 41 77 129 179 164 118 87 97 22 167 173 65 166 110 88 58 48 119 10 81 82 21 162 43 5 116 64 137 146 156 86 5 15 79 125 41 3 110 56 30 68 92 103 88 22 147 105 137 30 115 3 171 60 42 141 166 61 87 60 109 158 105 137 173 146 76 164 97 172 39 149 145 114 31 65 111 53 13 3 165 135 24 71 50 179 44 111 125 54 5 53 68 55 81 123 138 82 177 61 54 101 138 97 13 40 94 9 156 129 176 147 154 32 18 99 81 69 52 21 75 69 79 8 104 81 112 3 160 114 4 147 125 40 15 121 120 74 165 115 72 125 74 143 164 136 91 108 25 17 95 62 117 157 137 29 62 146 161 68 46 52 125 55 1 40 166 150 39 15 172 84 68 88 113 12 104 112 110 92 108 82 66 91 137 37 71 54 171 180 83 145 100 7 80 71 57 17 118 27 155 83 124 74 143 124 173 163 60 77 151 117 59 35 157 173 109 58 29 70 95 69 124 84 89 12 169 164 130 156 56 139 7 138 169 148 101 38 68 154 116 163 99 105 25 72 132 123 79 61 122 108 169 28 40 16 169 59 90 172 114 16 66 175 46 28 78 17 7 63 69 79 21 11 12 75 161 121 46 109 39 105 77 121 141 43 14 61 57 56 142 32 177 45 147 35 41 45 144 25 161 157 43 110 155 134 19 158 159 84 140 118 67 63 41 170 30 84 55 62 71 106 60 173 4 96 83 176 26 97 131 178 68 111 53 86 54 96 92 178 108 20 128 18 106 37 90 81 35 162 71 129 158 87 27 130 100 171 172 104 144 62 140 131 130 18 90 92 154 162 22 116 57 28 82 119 66 140 60 36 28 79 123 128 34 75 140 166 22 42 93 174 65 24 150 168 132 153 103 167 33 94 136 39 129 1 69 124 34 29 98 135 74 170 31 24 11 169 118 123 76 3 18 1 132 116 129 118 137 130 87 107 116 38 34 68 4 106 65 180 58 16 73 105 112 97 62 87 26 99 171 134 64 148 118 70 32 139 3 34 90 170 145 3 3 64 126 11 110 143 151 145 110 20 76 142 88 83 16 179 94 34 65 33 140 126 82 120 59 110 68 82 71 119 75 114 60 29 100 179 165 100 172 94 148 106 113 115 65 114 165 128 105 63 158 144 58 72 174 74 115 46 109 8 57 127 8 76 98 31 128 95 27 105 149 32 63 134 38 44 172 172 17 63 98 168 166 128 127 177 171 178 112 119 131 97 2 12 98 7 112 106 176 140 132 162 35 15 87 34 141 116 74 140 72 120 114 93 128 86 163 46 32 145 121 173 65 64 173 97 162 20 24 140 122 63 62 177 52 49 36 156 144 13 29 57 42 43 109 88 137 153 85 61 20 33 125 42 13 136 19 52 129 109 67 115 170 118 118 132 125 154 105 149 138 87 159 37 22 179 143 115 144 113 109 9 166 65 156 141 54 131 26 5 140 63 136 117 98 143 162 23 2 1 174 63 69 12 114 113 76 115 130 162 154 71 78 46 174 129 134 14 30 171 13 49 165 78 65 88 53 65 20 79 179
83 116 84 37 42 67 152 63 69 37 172 12 123 89 32 168 51 108 16 48 138 5 164 156 164 85 139 41 42 43 89 71 37 100 95 19 4 15 156 91 30 131 87 110 173 160 74 48 52 49 24 134 55 163 41 67 86 163 10 98 8 170 87 118 29 24 133 158 96 114 169 74 68 179 42 42 121 6 133 83 128 161 7 139 101 73 170 141 171 14 155 102 179 137 76 129 154 141 51 9 112 163 63 91 93 19 66 156 40 29 62 99 64 95 114 53 1 61 126 176 170 172 29 57 7 120 78 6 120 3 36 69 73 16 97 91 41 39 152 86 25 46 14 84 111 173 172 175 97 67 89 5 69 28 162 174 159 27 48 56 167 112 147 75 80 91 170 99 132 135 9 46 104 26 140 60 157 49 112 148 3 102 124 47 57 23 122 47 149 117 61 52 98 103 9 63 134 109 32 131 86 25 88 86 131 16 156 88 16 149 141 107 17 3 153 134 88 51 84 41 128 174 131 21 49 49 157 86 68 118 144 100 160 152 88 35 43 111 48 19 81 150 140 146 118 5 48 2 145 122 91 17 166 108 16 2 10 110 70 7 95 51 35 126 166 5 20 26 143 89 41 6 111 90 39 136 165 28 25 124 164 175 104 91 5 151 70 89 100 120 90 61 97 90 141 157 70 28 12 84 54 75 40 115 134 106 44 30 151 153 51 42 126 56 51 33 32 39 85 46 91 74 94 111 154 128 23 179 67 141 132 41 53 137 119 20 67 73 24 92 17 157 134 81 99 28 73 29 103 164 175 121 53 160 78 48 116 145 169 106 43 59 61 140 73 56 22 17 21 33 92 128 11 3 40 116 73 77 112 48 59 164 39 37 87 81 113 32 5 177 162 146 91 156 49 151 36 37 135 11 135 24 126 100 6 171 24 42 128 157 86 71 16 76 141 176 145 46 125 117 58 176 51 172 101 79 81 138 76 126 22 35 88 26 162 61 137 113 78 49 104 108 137 89 145 163 29 157 80 168 53 8 20 108 171 84 28 134 2 87 115 86 125 116 180 119 138 115 147 154 30 67 118 150 2 113 23 44 126 53 174 39 62 149 110 121 113 104 104 81 72 122 116 32 91 115 14 140 135 69 109 111 17 15 50 9 78 96 102 32 87 64 38 172 82 37 151 42 83 33 156 132 4 113 8 4 62 83 20 25 22 26 45 142 76 40 119 48 156 176 52 133 89 107 48 160 166 110 46 41 77 38 2 37 159 8 176 174 131 50 93 109 100 152 137 161 149 15 156 43 71 73 173 137 31 146 35 145 168 53 63 115 53 79 95 162 61 49 55 161 72 89 143 174 157 175 126 1 64 31 140 44 140 112 29 71 180 8 69 35 101 72 121 37 8 82 144 4 140 20 46 162 87 11 131 12 99 162 93 94 120 137 158 66 82 159 19 139 42 131 50 73 16 111 25 11 45 97 84 61 83 100 67 167 113 125 156 130 112 149 33 90 94 82 143 148 173 90 125 178 96 10 115 113 30 142 58 113 77 4 90 110 152 30 148 30 130 75 169 119 62 79 104 164 145 25 140 65 13 156 117 55 176 72 96 118 105 10 86 52 67 105 42 33 144 96 82 59 143 125 12 20 70 1 161 135 9 40 93 92 130 75 20 122 76 37 31 133 24 94 18 64 117 50 134 56 72 167 21 16 148 149 177 85 1 176 115 149 39 108 128 33 140 35 141 171 26 105 47 113 148 65 24 171 72 25 157 20 49 166 158 11 60 26 11 77 88 174 159 161 80 147 79 120 100 79 93 61 85 125 179 35 126 66 45 117 47 89 136 44 6 156 177 156 52 156 166 132 90 70 128 66 68 102 14 62 104 1 91 86 31 152 118 90 162 13 47 127 86 39 80 36 144 45 109 76 38 163 47 133 158 135 163 113 139 60 28 64 41 66 147 32 172 32 147 24 158 87 144 21 160 32 97 11 162 105 13 34 134 16 98 111 111 166 120 51 10 35 78 132 143 16 74 138 135 137 111 131 73 123 8 169 154 3 179 33 6 42 87 128 124 148 25 79 134 173 49 113 47 49 58 46 176 169 16 37 112 47 29 83 80 171 35 27 171 64 100 139 138 88 45 95 158 159 118 18 101 171 104 39 144 111 56 27 178 119 71 76 89 129 172 104 58 157 5 106 58 32 84 5 140 45 15 133 5 158 143 67 124 173 53 42 157 47 32 101 101 98 59 176 91 3 68 146 96 36 77 37 175 175 162 49 108 147 33 122 89 100 39 29 93 75 10 146 25 32 154 82 3 172 169 165 114 155 159 97 68 32 168 156 175 56 32 51 91 117 159 159 13 144 41 13 46 162 64 109 51 23 4 158
104 25 141 83 114 180 37 154 80 45 117 155 154 109 163 160 117 66 178 49 151 13 173 112 64 57 98 72 66 98 124 171 33 179 19 73 21 86 172 148 138 18 168 75 30 127 167 35 118 140 73 87 148 58 15 180 152 79 159 171 43 59 110 107 115 153 10 130 137 87 38 100 56 63 71 89 177 79 148 81 98 101 6 137 17 124 21 158 54 46 142 150 67 138 5 16 69 50 157 61 125 38 131 57 30 164 179 30 70 25 63 147 22 165 153 120 67 124 2 38 139 130 94 176 115 57 122 130 48 73 129 58 180 107 12 167 115 173 79 88 156 178 153 152 114 180 112 45 89 87 63 173 172 97 103 117 76 167 129 39 68 19 9 171 18 86 65 127 102 12 89 11 4 85 103 69 13 155 13 118 71 53 125 93 123 126 105 66 138 88 11 161 108 140 52 39 166 61 48 5 160 23 12 22 178 97 143 86 59 173 174 102 9 128 101 105 116 35 87 84 82 129 108 36 1 157 112 156 52 131 56 155 106 164 121 161 56 157 97 97 128 88 145 55 127 23 46 73 37 118 18 87 34 52 99 76 108 111 145 25 80 171 41 158 103 91 24 74 44 23 21 48 169 157 79 146 37 94 169 117 21 60 175 23 13 116 81 22 107 8 137 38 42 97 27 40 150 66 176 72 82 142 133 12 148 36 38 53 89 110 83 132 137 102 58 15 16 105 149 170 147 52 108 5 23 176 51 160 68 164 71 88 107 89 9 54 152 35 6 114 141 142 125 90 131 79 156 122 74 40 54 18 131 32 30 42 162 121 140 75 33 162 25 57 74 7 128 153 165 54 122 174 44 158 46 179 119 139 31 170 58 38 29 8 114 3 85 114 48 171 18 86 172 74 167 144 177 158 119 133 127 176 171 25 132 74 117 21 172 174 174 150 41 35 160 17 55 70 77 30 74 135 149 58 125 115 117 98 28 100 13 162 176 61 140 74 8 123 56 78 154 171 57 12 146 1 144 69 106 117 85 136 149 124 88 27 147 142 60 32 45 18 41 122 99 86 71 58 137 82 98 50 12 67 169 44 137 50 132 113 48 160 33 121 25 151 104 89 18 81 12 142 131 131 13 70 77 59 46 143 65 69 173 130 2 179 68 127 166 65 115 58 71 44 17 125 131 104 42 29 56 39 98 86 49 17 21 77 61 158 142 77 67 113 58 125 105 41 145 73 97 50 148 148 144 54 123 13 74 71 175 45 50 13 3 137 14 180 15 66 89 163 121 152 68 11 35 82 133 88 116 32 173 100 75 129 117 27 85 12 94 104 118 57 79 24 49 34 134 4 82 15 33 119 62 164 11 39 126 42 165 11 151 73 119 94 59 100 39 5 49 144 134 176 58 78 114 75 7 172 59 130 34 60 122 36 25 164 11 67 115 13 156 25 80 131 69 87 136 75 40 112 64 37 171 94 9 26 92 156 71 40 40 113 38 154 106 101 144 180 158 82 126 52 153 143 88 136 87 73 91 128 165 131 41 91 48 48 30 68 170 105 19 129 177 26 122 176 33 117 44 46 147 40 89 155 2 118 163 78 103 85 170 157 172 41 97 179 77 79 140 42 129 9 46 126 180 160 72 4 122 39 21 38 178 53 96 81 123 36 151 136 163 26 52 111 178 97 151 36 174 132 17 129 25 96 62 116 69 119 11 138 73 52 62 39 77 108 138 104 87 72 118 164 160 82 174 151 15 178 1 20 154 51 42 2 26 180 85 162 122 24 138 147 147 103 169 15 45 111 122 144 101 117 20 132 165 40 125 152 3 88 5 151 57 154 28 94 22 103 114 113 57 164 110 125 90 52 90 11 24 84 161 27 109 145 121 64 66 141 110 132 133 66 133 144 36 176 40 86 79 172 123 93 65 160 12 25 153 46 37 93 35 78 66 156 93 83 158 85 167 137 100 122 161 16 91 170 19 22 165 13 146 71 74 27 10 9 80 86 97 158 33 114 39 15 180 84 78 125 53 54 42 157 54 64 12 61 53 177 44 4 17 38 18 39 60 113 103 29 52 30 96 117 164 68 133 113 71 106 92 17 15 147 33 35 31 168 60 71 133 140 115 177 3 162 117 49 171 25 110 20 163 3 157 98 174 139 46 80 72 15 86 53 17 127 128 12 68 36 53 37 4 76 57 74 53 49 89 171 93 108 95 1 136 5 13 119 95 45 100 59 166 53 144 69 78 46 6 18 74 150 16 161 56 159 12 48 99 145 102 174 101 64 153 129 83 105 154 112 31 68 156 31 53 25 97 108 156 24 56 121 48 98 95 3 39 171 137 115 24 5 24 150 147 152 167 116 54 93 100 57 117 73 138 113 71 68 155 163
86 4 110 89 57 124 4 94 170 21 165 44 155 103 145 124 78 105 60 145 167 101 76 32 132 118 49 143 26 12 142 143 112 157 166 1 24 170 115 154 10 5 86 106 9 169 157 21 140 24 107 82 91 78 146 161 29 23 46 54 138 156 110 16 68 53 130 58 10 78 170 167 147 160 64 5 33 160 29 91 163 20 99 145 98 69 31 128 70 60 165 11 93 96 16 120 60 105 96 30 88 61 148 54 41 156 133 57 171 161 59 143 145 29 35 27 102 168 84 69 20 147 110 41 176 39 23 35 39 177 51 8 119 134 170 31 98 45 120 151 64 140 97 159 163 134 74 133 123 1 97 98 148 180 31 143 115 171 82 11 79 85 91 35 164 26 144 4 54 73 132 157 4 140 42 15 14 44 109 167 106 73 122 48 112 123 119 129 58 71 176 13 87 117 71 30 14 141 124 5 51 156 59 178 35 165 174 37 31 43 69 169 137 165 6 13 163 49 48 57 123 139 36 170 150 34 139 128 98 88 39 100 23 124 160 175 147 14 28 168 57 66 38 37 64 105 10 131 77 47 98 174 106 44 46 69 104 75 77 176 22 84 152 9 48 86 80 11 102 139 92 85 111 6 60 80 142 80 151 84 136 74 57 119 95 18 92 153 127 175 16 82 167 57 51 108 167 90 13 132 41 9 4 127 85 84 3 66 26 38 34 170 106 116 96 11 83 107 174 62 139 56 148 168 15 8 119 135 8 120 3 165 29 140 134 5 102 135 160 109 7 39 47 40 77 54 114 141 137 92 111 8 127 71 148 133 103 143 102 31 21 59 144 124 24 134 29 5 178 108 132 85 41 96 80 84 108 176 112 52 16 46 100 64 38 84 65 122 141 105 164 140 72 57 147 85 121 58 13 106 59 70 176 128 116 111 47 64 143 53 158 162 16 167 63 115 11 62 22 140 160 173 61 41 110 174 103 56 162 127 139 48 115 27 131 134 154 147 77 178 108 46 103 85 20 57 147 180 50 84 109 65 173 48 127 136 58 51 178 76 160 77 45 120 137 9 140 145 155 173 101 123 94 156 110 70 53 81 37 2 1 26 72 93 133 119 44 15 170 110 65 69 21 106 94 140 3 61 42 166 12 15 38 117 143 91 143 56 174 173 1 58 109 1 52 144 139 69 77 3 27 81 9 11 127 135 150 60 7 124 152 127 90 70 14 145 84 127 96 28 31 42 36 10 6 109 14 8 96 87 97 107 144 122 144 60 44 158 58 108 71 123 44 66 68 177 89 168 43 171 8 180 113 113 148 47 85 126 146 118 105 126 135 161 145 13 34 128 128 22 27 99 39 54 110 173 123 38 162 105 38 73 127 118 148 76 147 128 112 173 129 23 49 60 151 95 137 89 169 179 76 72 7 21 1 76 152 168 82 136 114 129 46 64 156 30 23 28 56 57 167 49 174 80 114 91 85 162 90 91 134 133 81 3 110 175 45 159 154 99 56 82 72 110 111 169 40 160 40 3 159 16 129 84 64 72 48 147 180 33 109 21 12 167 64 160 87 33 20 32 86 138 103 159 178 49 94 100 73 155 109 18 97 106 25 159 29 92 52 163 34 83 82 125 42 30 115 77 69 109 141 51 108 142 6 12 92 90 89 40 150 116 84 146 80 60 10 149 75 53 112 51 112 105 163 63 79 75 140 173 174 10 75 171 144 180 97 167 106 95 174 126 113 102 148 166 32 70 71 40 132 41 85 127 130 175 160 33 107 68 161 152 81 53 120 92 121 149 100 75 21 143 81 112 78 56 114 1 87 137 74 29 14 5 121 143 5 41 12 37 141 41 124 67 9 148 11 21 47 18 90 20 115 157 42 162 143 95 171 128 70 97 135 98 32 44 66 53 106 111 157 19 87 73 173 169 110 164 80 79 33 156 176 171 179 103 25 139 25 41 56 142 74 88 99 102 28 14 105 11 78 28 174 166 116 158 178 123 33 89 142 122 151 164 94 175 153 77 165 145 152 124 135 134 67 41 54 171 102 110 46 102 105 21 65 144 73 150 57 169 155 169 100 82 31 15 14 22 158 130 164 143 130 110 158 15 28 82 4 166 11 80 112 64 118 39 108 114 153 8 63 51 151 87 35 178 87 80 52 71 6 38 28 57 128 94 71 67 24 78 140 113 105 29 48 23 61 108 76 142 55 100 20 104 98 62 165 128 118 93 81 44 178 64 160 167 162 71 76 170 63 79 120 49 129 115 80 157 144 148 5 111 30 132 73 126 5 65 46 180 76 15 144 111 149 38 122 143 138 65 155 59 101 69 134 3 120 109 140 109 164 41 104 143 96 147 60 125 166 61 5 113 119 146 61 23 114 56 131 171
125 120 19 97 94 136 170 109 60 44 82 171 76 146 103 138 165 54 116 119 175 13 40 19 154 56 97 34 153 120 165 35 100 155 172 45 115 13 15 102 118 169 24 112 26 167 46 17 105 9 103 130 55 170 84 110 86 35 133 14 2 148 160 81 119 93 121 43 60 13 137 30 109 22 89 166 88 179 23 159 175 132 159 126 42 36 20 69 44 180 49 152 127 2 27 46 58 17 127 169 53 123 55 2 59 88 98 124 77 115 117 88 62 112 43 3 105 53 42 90 75 35 53 99 150 136 65 87 4 103 126 73 66 39 16 74 14 175 148 130 120 76 169 52 159 68 50 81 92 12 37 18 47 37 4 85 135 20 89 127 37 160 95 67 95 146 176 16 85 15 174 172 146 159 10 72 23 81 11 147 76 12 147 105 105 38 94 149 57 161 73 64 18 56 14 55 95 123 153 14 97 107 113 89 107 151 178 82 90 55 154 176 180 63 175 147 60 73 105 170 164 67 33 73 62 36 59 112 179 121 52 42 23 108 45 39 119 59 29 152 155 5 45 175 114 175 108 72 15 108 177 4 91 179 173 133 176 30 9 75 63 129 22 25 165 3 66 108 171 115 144 144 152 113 82 73 92 66 25 4 166 162 26 128 92 34 133 93 177 122 86 138 44 160 87 10 86 84 150 153 170 164 176 177 10 127 83 179 25 94 56 50 24 14 169 35 80 55 23 138 177 79 111 163 71 161 117 81 95 150 48 57 90 115 114 79 54 49 112 142 161 49 141 39 120 7 58 53 8 12 3 35 41 180 117 9 37 46 158 124 121 84 68 131 177 151 131 86 84 140 13 122 138 48 127 99 41 97 118 50 38 174 29 109 46 110 63 64 32 142 93 12 146 169 128 28 96 49 128 86 137 38 45 179 82 111 25 21 48 143 60 171 96 118 22 164 6 159 15 80 53 179 34 17 130 68 163 15 83 27 177 173 147 45 91 39 124 51 83 35 53 45 82 57 173 138 39 139 55 127 177 164 172 94 96 105 172 2 147 112 168 99 28 145 161 69 140 2 61 3 67 157 86 10 175 83 166 164 70 125 114 122 75 69 69 135 177 2 104 174 85 122 158 165 165 30 22 80 33 38 37 22 70 91 46 145 114 7 73 28 29 178 149 107 175 117 9 130 78 121 58 107 72 82 8 144 112 93 80 146 128 173 33 138 80 143 30 103 161 139 37 113 46 21 36 172 17 129 164 60 7 64 58 144 157 143 82 33 124 89 144 92 94 31 80 120 72 8 47 21 168 4 178 163 90 47 118 125 39 104 180 31 12 119 82 124 160 60 63 142 86 168 112 58 90 68 148 109 153 160 5 16 159 59 16 50 147 50 156 21 179 168 111 155 179 24 147 36 124 43 102 148 154 10 55 114 47 36 178 163 87 163 36 167 52 171 29 177 94 85 125 167 97 103 163 85 154 151 118 143 121 97 30 116 14 118 131 18 69 4 170 117 63 48 137 46 174 7 135 96 169 125 60 165 27 14 174 106 154 63 147 175 86 153 166 32 48 165 152 141 129 114 2 8 149 85 36 149 179 156 95 33 4 117 177 105 129 119 115 26 34 129 48 46 138 102 21 129 54 15 109 72 86 170 61 139 139 85 16 113 4 104 14 134 56 19 96 106 131 61 144 81 80 63 145 97 106 111 161 51 6 105 44 87 102 5 124 177 81 4 118 178 165 149 66 82 43 36 76 172 149 98 119 58 86 119 130 131 19 56 104 128 174 70 51 103 108 141 79 58 35 57 119 25 89 29 180 93 171 130 70 80 22 55 81 126 157 125 90 82 73 96 61 121 14 85 94 67 74 162 70 41 110 52 162 73 58 103 2 65 51 31 71 17 173 89 33 12 165 162 66 173 120 72 159 159 133 173 128 144 155 119 125 178 6 105 43 5 116 126 22 173 153 76 39 29 110 23 19 31 83 86 8 18 19 4 64 138 156 12 102 175 133 52 61 16 153 113 77 69 153 34 26 138 8 98 133 47 176 60 56 158 128 76 176 43 117 119 159 1 32 95 80 143 127 2 154 139 104 173 1 142 101 31 94 29 132 27 113 15 45 41 20 105 111 90 55 28 139 64 120 49 29 43 3 113 124 29 166 155 160 69 148 7 47 88 83 172 30 45 50 51 90 11 148 125 115 83 53 165 37 34 133 77 116 161 179 103 161 57 6 85 117 143 114 136 177 177 56 120 35 73 13 63 149 56 74 118 109 163 16 7 88 129 77 156 22 24 121 176 153 165 18 143 50 49 8 153 107 160 6 30 81 20 38 131 57 36 66 40 96 51 2 129 126 73 13 100 24 111 161 38 158 34 138 18 117 36 94 172
71 111 156 36 175 145 63 128 146 35 114 104 150 119 104 123 40 29 160 65 89 63 54 139 123 37 148 53 118 58 166 86 124 48 5 155 43 46 114 74 143 87 80 110 140 151 109 138 155 60 11 15 103 153 85 149 131 95 36 22 39 142 103 41 45 2 109 160 88 90 34 20 149 25 17 25 34 179 6 172 72 46 11 3 176 11 56 92 172 78 93 166 136 139 120 72 52 155 153 79 153 146 76 97 101 72 121 26 132 92 98 20 115 114 48 159 116 65 35 60 90 113 40 175 128 118 138 69 79 34 53 161 90 16 34 172 176 57 148 155 153 82 98 159 133 111 26 135 59 25 30 123 19 9 75 26 57 37 163 20 164 22 61 21 80 163 21 16 79 177 87 166 144 37 95 116 136 37 19 138 2 19 166 116 103 163 95 173 45 138 8 145 142 123 42 152 21 154 5 44 17 150 39 55 167 12 74 35 96 100 26 19 10 85 19 47 68 46 155 116 69 114 3 68 81 47 64 46 161 169 132 27 47 41 29 151 15 85 115 31 49 173 41 122 148 132 13 26 175 177 36 164 23 174 111 96 145 156 89 123 14 33 82 124 36 74 45 106 41 69 21 135 172 12 52 32 72 171 25 4 60 154 128 169 21 156 67 51 158 60 48 55 25 137 29 75 164 101 115 177 129 41 2 82 38 84 165 119 35 127 37 147 147 116 137 53 178 140 30 163 141 105 117 15 169 16 137 136 42 75 76 16 180 163 169 112 23 19 149 83 130 94 2 18 74 109 97 109 87 118 19 129 2 58 14 73 84 102 99 51 160 162 34 54 94 60 132 161 66 71 40 157 40 98 4 110 160 66 83 70 175 63 68 105 4 137 64 163 99 97 64 42 96 39 61 80 150 70 47 137 14 21 111 131 27 124 136 112 125 127 156 50 161 174 15 26 46 69 151 98 123 23 66 144 31 50 16 9 180 1 162 128 90 25 149 69 114 171 132 127 128 148 65 152 169 61 60 13 1 137 97 174 9 60 89 108 157 142 60 174 89 55 54 90 22 157 173 157 61 102 79 169 8 171 53 92 121 175 66 71 79 120 9 6 116 166 60 112 66 138 109 155 50 134 108 93 6 72 45 133 108 39 61 44 97 105 130 146 60 146 74 176 42 102 110 54 126 32 77 115 52 87 121 80 121 74 124 25 159 166 59 30 49 66 79 43 37 139 3 45 156 144 92 44 106 39 115 21 41 165 97 128 72 174 14 34 18 85 116 163 165 54 76 168 131 29 17 143 160 98 69 95 122 157 61 124 16 103 164 118 62 146 152 157 98 63 90 37 30 47 25 6 160 74 32 9 1 54 166 90 150 74 166 48 30 114 162 8 35 142 175 42 134 58 174 4 63 17 91 180 178 140 64 93 112 8 133 34 131 103 90 38 109 143 122 79 172 42 170 34 77 114 43 87 77 30 139 57 77 64 177 66 139 174 166 45 94 146 44 164 129 123 107 68 58 30 37 8 116 65 10 12 153 94 137 55 41 37 104 25 19 89 174 48 45 115 128 6 117 168 51 18 165 59 128 148 66 7 109 96 124 116 151 80 100 154 130 49 60 80 148 178 99 8 146 53 147 126 129 112 134 142 67 5 94 42 132 130 1 14 117 13 141 155 180 3 85 163 6 112 169 100 132 59 69 95 123 140 26 140 60 121 57 88 64 160 25 139 67 142 74 134 150 128 87 144 23 149 109 112 147 103 93 95 116 139 30 137 24 150 124 32 170 88 159 155 34 108 81 10 130 152 16 36 129 26 81 36 51 31 69 73 98 3 77 107 127 36 39 49 48 85 40 7 31 154 105 157 112 1 150 137 61 22 75 169 74 88 15 31 78 7 73 93 29 151 19 3 164 37 107 175 5 97 161 83 63 132 177 89 88 92 49 18 144 124 102 155 60 43 87 54 166 141 44 175 59 56 20 61 8 51 46 31 102 103 78 11 152 86 31 62 93 94 101 109 48 100 154 96 87 93 65 38 41 47 144 133 46 158 163 164 122 96 2 44 132 19 26 54 42 179 49 21 42 4 95 158 162 115 34 58 62 119 131 105 132 106 115 133 29 38 99 56 133 102 83 110 151 57 122 130 173 177 76 141 26 22 112 96 46 175 157 176 103 159 52 109 95 69 1 18 96 119 153 58 6 171 11 121 85 175 156 134 169 118 2 15 178 139 163 124 13 141 106 176 105 127 64 158 72 100 105 133 114 67 118 85 90 129 2 116 141 13 19 142 73 139 153 10 133 19 93 180 45 24 159 14 25 160 114 140 71 68 141 146 61 64 175 116 63 21 61 84 5 83 33 151 135 130 71 93 107 5 41 111 48 101 63 152
113 140 89 139 16 175 96 114 59 170 107 60 113 45 41 15 132 153 69 96 78 58 32 112 117 28 55 95 158 30 31 40 55 166 159 33 90 55 86 2 123 113 156 179 89 74 104 11 35 160 58 74 36 104 142 113 150 112 36 12 12 2 65 114 126 98 68 78 66 144 94 40 56 130 65 120 81 169 179 134 108 39 30 17 34 29 175 164 76 36 134 162 104 88 163 164 122 164 106 29 112 169 67 111 20 144 15 31 124 82 64 71 156 153 84 125 72 174 96 137 60 72 106 25 32 31 32 116 127 27 23 180 20 93 82 19 83 59 90 105 18 142 57 41 119 76 130 101 85 177 82 172 93 86 64 114 136 95 178 37 71 65 31 66 5 42 113 68 108 17 69 163 85 17 23 166 110 158 159 35 147 74 137 172 57 7 125 169 1 63 39 10 108 77 139 24 86 67 43 103 111 27 132 89 152 163 16 176 75 134 77 111 58 85 39 92 161 136 44 54 151 84 58 74 169 51 105 85 178 139 99 14 50 152 91 99 41 143 171 50 142 48 74 42 40 159 164 71 145 50 126 110 125 142 114 26 115 73 53 15 74 160 40 6 147 17 68 113 162 25 176 163 32 122 105 118 121 145 1 158 91 49 11 70 165 124 23 101 94 68 128 47 17 74 135 176 41 1 72 86 115 106 92 133 118 178 147 90 121 28 34 97 93 3 70 123 27 60 30 105 124 52 148 97 56 154 111 124 146 144 47 102 82 67 170 69 14 163 57 72 84 77 7 10 19 164 16 63 34 96 103 55 45 75 25 84 20 116 67 77 170 123 101 86 131 174 172 146 11 126 90 167 166 21 39 101 63 166 120 53 106 40 106 29 90 174 161 148 105 91 179 174 127 106 27 21 29 55 3 125 52 110 96 40 30 141 90 86 73 43 120 24 123 147 111 30 51 49 43 36 162 101 13 103 74 170 3 70 111 175 132 154 88 130 106 129 28 146 113 81 2 93 25 60 169 8 105 77 109 91 163 25 173 63 166 28 142 104 127 110 95 174 155 114 102 38 152 158 25 44 73 74 169 102 164 107 107 97 9 72 122 157 95 61 28 159 138 80 17 99 22 39 160 40 26 109 40 98 114 140 69 76 106 75 6 127 123 26 49 124 46 12 171 110 114 67 23 175 150 120 91 145 119 123 133 118 107 32 37 166 81 7 139 60 170 170 72 16 141 166 9 45 160 7 141 83 106 172 156 51 16 114 112 4 132 179 66 137 20 114 147 117 37 96 96 156 94 25 24 138 174 36 98 56 138 67 10 73 91 15 134 9 24 151 171 26 28 157 124 15 57 152 98 27 83 161 113 128 179 117 97 74 61 165 90 98 2 141 93 64 80 152 120 175 124 27 76 17 142 112 29 96 39 20 104 74 89 111 18 151 33 145 122 7 28 29 58 8 129 96 1 34 119 151 163 105 25 65 168 159 179 88 163 17 127 75 162 74 58 135 86 154 177 10 66 153 21 68 76 35 176 5 102 122 42 168 93 48 168 63 169 59 15 97 48 177 158 98 114 174 16 38 20 43 32 139 112 154 43 14 79 128 170 64 33 13 21 105 90 114 41 16 2 96 171 79 54 152 98 165 153 118 178 87 157 25 103 158 120 80 70 108 99 18 32 101 56 58 96 10 24 161 108 59 163 130 23 32 137 112 40 126 180 82 38 130 157 92 115 17 110 115 170 177 40 148 60 69 173 40 54 15 118 123 81 168 89 93 79 72 130 158 39 58 88 142 43 82 67 78 5 50 66 56 178 129 103 20 58 76 34 161 68 6 85 169 39 152 62 147 141 65 158 35 46 147 96 170 128 18 32 116 48 15 119 61 87 89 105 174 132 111 142 71 25 2 158 25 72 13 9 20 157 136 143 63 175 46 119 116 139 163 156 149 145 36 118 45 133 6 96 177 60 173 88 173 162 134 149 39 17 36 32 59 145 87 143 68 46 104 169 179 59 110 163 31 11 10 119 84 108 56 173 21 8 171 173 59 130 57 137 137 91 102 156 115 138 25 24 14 54 1 37 47 74 136 11 74 90 16 12 104 59 169 136 50 109 115 110 33 157 180 65 73 24 37 158 126 46 146 10 31 108 82 159 40 66 178 81 127 103 18 10 57 56 45 25 20 14 173 25 148 177 83 158 29 131 78 112 2 2 78 69 19 9 94 167 166 167 94 138 163 20 75 108 26 101 78 128 72 118 7 11 33 40 15 124 177 21 8 96 130 5 109 107 101 1 90 102 149 142 158 178 159 41 112 112 140 6 96 62 83 139 4 40 151 167 92 81 53 127 158 48 117 46 7 157 57 16 132 82 70 148 91 65 153 166 53 18 91
39 57 85 141 147 3 162 78 135 112 150 27 13 31 6 9 47 83 117 150 170 123 17 76 163 123 35 17 33 162 55 156 23 50 97 120 120 111 165 90 53 25 38 132 172 148 37 10 41 86 144 29 97 152 21 143 73 174 24 152 128 87 104 3 6 85 28 148 75 128 115 122 14 57 26 140 10 57 44 17 99 166 65 58 133 58 77 156 140 158 168 168 171 42 140 79 37 26 45 46 134 138 75 141 135 52 35 19 64 28 45 96 98 61 131 88 75 153 61 128 26 108 95 35 117 28 96 68 66 117 15 107 60 25 139 4 134 127 139 47 30 96 75 65 70 91 139 168 21 69 40 117 108 140 128 79 128 104 22 119 144 108 103 86 126 134 19 169 38 99 96 13 147 97 135 53 49 86 35 48 106 162 64 72 34 90 158 109 144 27 159 87 116 144 105 16 11 135 166 56 67 19 54 166 125 154 38 150 16 146 71 45 170 25 60 105 50 13 54 2 68 26 55 39 101 114 1 135 85 142 35 175 170 156 119 127 39 67 154 80 82 48 141 137 48 152 174 151 143 178 103 31 134 43 110 112 71 43 163 66 40 67 67 41 141 73 97 131 8 135 173 37 81 24 136 129 144 21 65 146 12 131 19 6 49 3 94 79 28 176 35 139 42 29 75 65 158 70 167 78 5 158 130 74 69 146 86 22 167 28 107 57 29 177 122 12 113 178 131 160 73 109 27 115 169 79 80 109 15 47 164 125 98 176 164 177 85 32 88 35 24 109 109 147 108 123 108 127 5 178 71 99 8 128 79 148 129 118 46 121 144 168 46 14 91 165 94 156 17 59 137 96 101 85 14 31 160 153 114 120 52 30 115 100 35 158 57 40 102 52 63 13 43 95 108 56 113 28 6 123 169 162 163 133 179 115 71 112 55 165 66 74 153 94 11 22 51 170 142 148 94 20 49 147 10 132 47 22 57 151 134 56 6 123 79 103 71 136 18 45 47 176 172 148 94 30 85 74 146 175 119 106 171 161 93 35 70 82 174 157 167 79 177 44 162 56 161 93 89 64 167 106 26 28 113 33 150 33 146 10 91 163 168 115 100 79 78 38 64 131 9 121 149 77 47 65 30 120 150 25 173 49 126 66 59 126 18 122 5 147 126 147 53 72 12 79 20 147 30 126 66 83 95 11 180 50 97 106 79 75 14 167 11 144 110 39 180 27 108 34 97 133 21 168 15 78 171 36 15 91 166 132 3 141 92 130 67 129 112 166 31 46 2 141 168 139 11 155 60 25 67 27 169 144 124 87 99 98 98 150 178 108 81 81 2 74 152 121 171 47 63 4 82 22 153 95 109 53 129 72 80 147 71 179 52 30 56 157 119 119 5 63 17 20 59 141 110 119 111 146 173 39 56 84 87 165 14 12 59 73 178 9 113 8 115 161 77 93 10 153 171 179 83 33 123 78 157 175 115 94 4 65 171 12 57 15 16 149 79 67 138 59 150 61 86 136 98 102 43 32 45 83 47 115 24 4 115 19 124 146 111 40 165 13 5 113 63 127 97 95 141 16 129 145 76 4 63 65 62 114 124 33 56 23 52 30 51 168 149 124 179 38 73 162 44 149 93 87 15 90 10 108 37 4 114 158 93 109 24 25 75 96 82 33 60 80 106 128 116 43 56 29 20 20 124 47 160 68 71 81 137 104 105 45 85 26 134 164 58 45 103 29 145 48 154 74 133 118 15 111 40 59 31 45 12 117 44 85 140 140 118 68 155 37 69 139 16 144 9 21 35 103 89 124 122 95 85 53 112 126 123 66 104 45 35 116 168 23 146 48 58 70 59 10 79 130 139 86 130 137 106 5 150 40 176 80 76 103 85 25 128 180 20 175 53 34 26 7 71 168 152 104 111 126 2 151 65 41 72 80 25 64 142 163 25 160 99 111 129 149 12 32 79 171 82 4 64 82 100 157 16 16 95 173 84 29 25 76 177 46 168 17 149 21 75 52 23 120 52 131 44 99 26 28 44 52 165 8 145 175 72 73 174 13 83 5 114 156 79 144 164 93 89 7 11 13 99 7 132 107 170 88 42 77 64 103 131 177 3 100 44 107 59 148 167 150 149 99 149 47 48 132 60 21 126 15 152 111 51 113 119 115 104 133 8 55 62 78 130 50 180 103 67 119 116 72 130 118 80 22 84 98 82 25 52 102 134 121 119 65 46 52 150 145 2 101 8 132 133 77 91 150 114 174 5 23 5 157 24 168 18 159 122 45 93 8 30 90 62 135 10 120 135 4 81 30 116 30 174 102 64 99 69 93 49 41 162 144 129 61 79 68 133 29 173 32 102 103 172 54 165 139 117 31 129 20 36 76 78 156
158 66 12 152 125 174 119 35 135 120 63 81 110 179 50 49 60 102 7 156 85 21 23 156 146 13 25 5 77 180 169 142 176 176 49 84 17 68 139 95 101 72 60 87 118 113 55 94 51 146 109 106 136 167 101 19 176 80 172 39 101 39 116 44 76 116 22 90 39 136 44 166 37 17 25 165 1 120 158 108 140 141 134 164 94 65 90 106 159 109 169 104 101 15 136 108 101 26 4 175 31 47 101 6 42 97 116 116 152 154 107 88 55 102 42 93 143 152 76 4 124 13 34 160 4 154 163 178 108 162 54 110 177 141 64 52 98 85 118 104 142 140 178 169 42 77 44 65 64 137 16 140 22 171 37 67 37 137 129 109 99 35 60 37 62 162 108 177 142 118 173 7 66 7 3 117 88 53 3 99 36 113 117 176 47 50 14 11 137 109 65 112 114 121 135 37 174 158 45 4 158 5 111 147 125 147 168 77 130 123 59 113 149 134 43 54 81 107 17 76 170 43 159 95 23 23 86 29 7 95 175 69 65 170 57 86 133 153 1 28 141 29 89 106 168 74 142 86 80 124 71 143 168 102 110 36 96 130 25 26 64 61 52 13 153 109 26 52 16 43 109 54 167 149 44 85 88 143 85 75 74 37 164 3 92 51 159 139 25 137 158 9 173 66 60 72 40 108 55 167 87 129 140 39 177 84 7 30 37 32 35 88 67 65 77 78 161 65 67 72 180 19 48 135 80 79 16 45 82 147 34 29 102 172 39 11 63 134 53 72 35 101 170 177 47 165 84 68 11 26 128 72 87 77 67 83 156 104 87 84 168 53 147 41 93 81 28 150 56 162 100 151 107 5 25 154 160 93 87 38 11 83 17 93 10 125 90 92 37 63 41 4 122 35 164 143 104 105 118 180 18 180 75 10 114 52 159 29 112 42 7 68 4 2 53 90 21 4 48 88 127 78 39 70 64 22 34 120 43 124 150 14 76 51 58 154 118 148 124 44 25 21 42 22 2 139 112 49 18 69 180 154 152 177 32 153 156 69 30 123 82 33 63 95 144 7 104 89 142 69 129 62 127 75 139 97 97 153 78 102 85 17 34 127 80 67 149 101 83 160 125 56 145 29 80 132 110 17 95 86 2 84 31 44 10 30 43 162 23 27 119 150 114 90 169 101 100 5 47 157 174 52 24 161 23 56 75 60 75 44 41 95 133 95 106 112 17 148 34 83 41 92 50 153 167 40 161 168 122 117 81 154 15 29 82 76 42 10 43 124 58 147 12 136 70 54 86 15 40 109 38 83 111 156 171 100 13 76 165 155 109 135 171 89 105 12 30 77 49 111 19 122 16 66 165 20 108 143 101 125 11 134 94 154 82 21 130 160 38 50 150 34 109 11 110 110 70 132 11 56 40 3 48 40 170 84 158 46 9 133 25 57 125 44 125 49 40 110 154 115 178 70 148 40 102 41 148 31 95 141 62 65 57 31 179 26 67 173 35 10 132 66 162 118 12 173 99 120 173 65 76 48 134 166 137 145 29 76 68 155 63 14 156 173 92 40 136 2 99 120 5 94 136 44 107 73 3 18 176 16 90 62 10 159 171 24 64 178 83 21 123 71 72 150 35 117 125 50 52 39 25 85 29 26 44 114 106 152 127 91 165 64 83 81 55 21 122 146 12 135 7 180 95 87 47 135 45 87 166 139 158 91 179 152 143 1 89 19 82 157 96 30 129 114 56 41 46 179 126 50 112 159 98 176 16 89 109 94 22 34 12 89 154 6 64 57 155 3 52 136 60 52 142 69 103 169 180 121 139 77 136 3 147 166 7 168 113 62 141 99 38 172 170 163 71 92 167 76 98 61 74 131 75 107 76 10 23 93 101 67 61 35 177 166 139 178 17 77 85 130 54 130 14 7 141 20 125 169 137 114 180 61 96 110 15 65 26 68 177 99 78 63 174 158 101 168 26 127 140 65 60 84 50 52 140 100 127 25 22 83 43 50 133 140 47 166 135 12 129 83 83 49 94 66 47 96 88 13 164 104 96 57 135 175 28 100 148 65 52 178 108 134 66 166 168 10 170 100 162 149 164 35 73 156 47 5 111 17 98 179 153 165 126 30 40 141 25 175 136 63 162 95 26 166 7 45 138 76 63 91 139 81 6 55 107 9 80 169 98 51 141 43 1 37 136 119 139 52 4 139 103 160 124 150 70 141 127 23 61 22 61 75 101 112 117 30 118 42 159 105 170 115 110 50 94 152 94 102 6 47 165 15 91 23 113 110 94 168 68 23 3 137 131 44 177 53 8 8 98 31 3 60 75 139 180 9 97 20 168 173 4 87 62 138 79 5 53 55 113 173 102 178 87 117 94 125 92 27 170 126
177 137 56 51 91 100 177 115 154 88 83 35 12 89 131 130 120 144 143 52 59 137 64 130 15 76 114 41 52 83 162 127 120 13 159 172 67 27 13 52 69 54 14 160 9 66 167 8 35 36 67 130 88 40 119 7 13 174 150 35 89 133 83 75 159 34 21 166 151 61 43 104 89 97 20 119 77 119 94 81 141 156 73 80 95 165 142 23 106 88 154 78 83 163 161 131 12 17 22 88 105 96 165 164 60 41 61 126 73 6 1 115 58 75 78 117 40 7 90 173 116 152 151 32 40 17 70 101 178 22 4 130 78 1 65 172 97 25 23 119 72 12 89 84 133 144 159 42 145 151 75 159 38 162 63 103 101 128 67 87 45 70 66 37 151 141 176 65 120 68 13 102 157 84 178 30 173 125 170 168 3 2 176 155 69 32 70 157 111 72 118 47 9 133 57 10 180 67 74 146 53 57 94 149 86 11 80 77 101 17 153 48 17 177 42 151 18 143 97 52 55 83 3 35 153 156 150 90 69 143 78 53 89 72 72 128 115 33 124 36 74 67 26 53 19 160 166 143 84 8 54 51 66 149 128 85 43 69 161 169 78 48 4 134 48 50 17 154 169 11 134 91 100 69 8 78 175 44 158 69 39 87 61 36 88 90 101 73 65 147 24 67 8 172 24 65 50 85 66 9 102 102 78 116 3 57 108 131 43 77 76 37 8 177 44 95 59 176 9 47 78 28 3 25 55 26 88 97 177 153 40 39 84 86 119 98 91 40 71 30 158 136 1 142 174 122 94 77 31 30 36 91 70 24 52 104 32 160 96 2 150 164 42 69 66 82 56 107 49 80 128 151 112 128 167 22 130 167 38 161 150 94 143 64 55 98 151 92 169 10 18 4 68 34 109 100 56 157 83 133 162 137 109 176 42 84 151 58 92 145 65 79 46 145 110 85 175 63 78 137 27 77 122 150 94 68 176 35 115 14 73 45 93 39 76 17 96 114 88 18 12 32 45 147 21 79 155 144 117 33 62 130 26 178 63 132 150 156 121 129 176 115 34 8 20 18 123 44 109 102 96 142 161 84 172 72 132 164 100 51 6 156 179 17 47 151 143 49 106 21 154 180 161 25 174 140 158 15 167 148 73 69 28 5 17 34 165 53 159 141 121 142 99 163 154 88 75 89 2 141 100 153 100 26 20 175 115 25 155 120 126 61 34 125 142 1 159 25 8 10 180 67 31 95 128 40 125 84 152 132 93 71 68 36 111 36 30 14 10 66 84 165 166 86 67 175 119 153 176 175 57 130 17 104 166 12 137 169 46 1 153 131 27 123 36 174 133 163 180 155 103 29 72 147 60 13 142 28 174 79 130 64 99 70 18 34 109 160 167 133 159 72 19 57 50 112 135 116 33 118 93 44 180 155 125 175 15 176 165 65 23 145 113 30 99 44 35 12 92 89 7 12 35 122 49 96 134 17 102 176 85 118 87 134 63 180 13 43 131 65 117 168 78 127 81 38 142 103 148 20 175 104 152 180 114 82 116 39 112 166 152 112 151 54 44 35 43 53 154 136 158 53 63 106 121 35 177 146 64 175 55 121 52 50 163 65 146 150 175 137 17 147 33 143 142 171 52 13 101 137 128 175 81 56 49 14 2 62 14 94 38 105 59 170 157 79 129 69 108 128 169 109 42 74 154 117 150 166 108 5 61 86 165 39 180 80 96 6 118 24 103 73 96 31 5 177 139 7 66 129 93 136 58 51 79 104 63 52 79 134 105 40 15 74 152 50 110 110 48 117 57 96 130 133 104 150 174 153 141 17 41 123 135 122 124 83 106 64 154 96 177 16 160 41 17 7 180 178 53 6 137 179 91 167 141 80 74 87 138 4 163 47 176 107 58 30 170 129 92 122 156 128 106 127 31 166 175 139 149 126 103 5 146 149 154 125 86 60 43 136 132 111 32 163 125 76 114 76 25 143 139 70 62 173 129 168 129 172 164 100 98 15 81 132 14 57 38 1 6 57 123 16 171 169 55 170 17 129 81 57 156 115 3 108 34 172 69 81 151 172 138 120 4 41 82 165 9 167 141 32 173 22 94 144 63 28 123 139 92 47 173 156 11 35 60 161 166 119 91 27 109 58 124 153 97 169 126 102 45 105 122 82 10 69 15 58 86 94 125 51 171 173 109 149 174 32 79 96 13 152 142 38 171 75 108 91 104 176 50 4 173 82 157 74 133 60 38 88 51 121 20 44 42 160 147 93 125 146 67 49 157 116 17 85 7 125 127 142 139 106 38 84 169 178 72 147 38 82 132 109 120 133 104 33 94 85 70 5 69 125 86 176 171 19 37 107 129 21 29 133 53 123 156 51 15 142 53 122 47 83
175 89 91 179 55 53 156 59 5 97 168 2 103 172 104 49 32 153 113 51 91 23 138 53 93 125 30 92 80 122 102 34 137 63 22 110 81 8 5 2 122 43 158 99 89 161 60 160 162 47 46 93 173 171 115 160 129 158 64 15 13 121 102 136 139 152 55 124 118 14 123 166 60 29 97 26 80 109 43 123 70 14 7 49 178 44 52 6 31 33 98 18 46 44 127 26 21 98 162 112 12 13 112 1 8 39 77 63 21 60 16 56 162 117 93 48 173 164 36 37 86 6 105 23 95 66 171 134 14 64 78 70 53 133 19 128 63 113 92 87 126 60 99 172 162 165 68 102 124 138 85 83 117 154 160 158 93 84 147 110 98 23 24 74 116 54 114 162 54 142 135 114 152 18 163 17 119 106 174 66 74 124 166 131 37 116 38 120 94 167 128 17 154 158 70 32 176 136 73 133 89 168 48 41 120 61 2 132 156 146 49 85 96 50 154 28 121 130 78 129 39 156 97 166 104 21 100 100 117 175 39 154 126 31 29 72 60 27 135 78 140 79 45 49 153 77 115 99 123 148 168 165 11 60 177 67 173 171 142 168 3 177 116 34 101 80 50 32 22 21 159 7 173 127 148 65 129 86 18 180 127 39 52 10 152 72 14 81 2 2 158 93 176 108 116 17 106 170 115 150 91 6 53 176 27 103 63 177 177 84 18 14 112 109 164 154 44 53 43 33 138 173 126 50 109 84 103 120 162 57 101 84 93 172 139 24 168 150 79 84 159 37 34 164 35 98 49 51 174 60 32 124 171 129 179 98 20 157 99 83 139 55 96 62 57 75 12 115 79 50 42 54 58 33 87 2 77 23 40 107 23 83 121 47 164 132 124 157 39 114 72 122 50 123 86 29 106 16 151 35 128 142 163 140 103 56 113 144 93 47 163 168 128 101 116 99 60 30 178 6 100 20 112 46 153 88 135 142 52 18 65 19 30 87 4 132 24 109 136 106 42 26 45 22 97 162 110 80 72 161 97 34 18 132 97 29 140 114 95 51 141 83 12 149 63 61 35 85 121 178 67 169 46 165 132 65 177 57 103 19 129 77 87 150 49 116 170 133 57 178 62 41 29 103 121 98 55 13 156 97 75 30 18 24 115 46 75 13 31 7 168 123 66 123 119 43 100 134 126 161 114 114 140 35 155 62 17 99 175 98 118 38 164 90 129 33 129 73 21 160 94 158 134 122 115 128 136 29 32 55 157 101 11 122 159 64 155 10 121 170 13 154 111 128 138 159 47 24 32 172 140 147 178 25 59 178 25 59 1 149 3 116 50 160 8 49 86 15 161 74 49 92 65 61 73 31 128 45 119 64 144 7 18 85 136 84 146 170 81 122 76 140 165 29 33 127 156 9 46 90 60 143 71 161 169 71 66 3 76 93 176 153 57 91 15 143 177 70 133 130 46 78 150 16 180 123 145 61 51 87 121 170 117 173 14 94 10 120 176 124 104 130 125 53 29 31 114 135 39 89 170 134 132 169 75 77 21 8 147 147 168 68 67 49 70 103 45 91 60 40 70 31 165 178 26 179 178 157 138 18 132 32 159 9 13 45 163 178 179 96 114 157 146 30 145 113 32 17 6 161 127 159 21 94 55 29 95 109 142 65 148 73 2 113 153 95 108 129 153 34 95 174 61 124 78 33 175 132 37 27 162 162 20 76 20 126 3 150 37 111 91 46 95 106 49 78 38 68 162 161 156 162 164 170 8 110 44 31 97 147 131 84 146 153 133 46 95 108 91 155 117 34 98 45 75 85 120 121 114 167 55 144 151 54 161 60 17 110 23 64 2 163 126 127 139 23 153 84 76 5 20 149 79 49 9 56 31 176 116 124 73 22 6 41 152 124 139 130 59 6 142 67 145 76 141 46 6 94 3 117 78 135 101 86 128 32 107 50 115 91 36 21 131 91 53 150 146 84 28 54 28 145 88 177 13 86 36 33 123 130 107 39 159 102 109 172 72 146 69 169 66 66 47 19 145 11 75 179 145 81 104 98 169 147 96 16 74 13 78 135 97 33 164 96 111 107 14 73 174 76 175 123 75 173 50 133 91 84 22 138 149 126 112 27 63 39 12 10 134 110 64 159 99 22 37 100 120 46 25 53 136 79 72 50 82 4 172 76 21 19 65 10 44 66 33 163 126 170 74 39 157 168 41 39 100 56 50 148 177 85 70 13 145 6 133 139 179 87 132 176 55 171 41 123 44 100 81 37 150 88 10 99 20 49 22 110 144 144 153 152 89 147 26 21 131 76 171 57 76 15 97 78 77 136 79 97 68 18 167 145 122 66 34 157 127 17 40 125 124 77 81 130 8 77 48 171 29 8 120 88
0.4
0.3
0.3
0.2
0.2
0.2
0.2
0.4
0.2
0.2
0.4
0.3
0.4
0.3
0.3
0.3
0.4
0.2
0.2
0.2
0.3
0.2
0.3
0.4
0.3
0.3
0.3
0.3
0.2
0.2
0.2
0.3
0.3
0.3
0.3
0.4
0.2
0.3
0.3
0.3
0.4
0.4
0.3
0.3
0.3
0.4
0.3
0.4
0.2
0.3
0.2
0.3
0.4
0.3
0.4
0.3
0.4
0.4
0.4
0.3
0.3
0.2
0.3
0.3
0.3
0.3
0.4
0.3
0.3
0.3
0.2
0.3
0.3
0.3
0.2
0.4
0.3
0.3
0.2
0.2
0.3
0.3
0.4
0.4
0.4
0.2
0.4
0.4
0.3
0.3
0.3
0.2
0.3
0.2
0.3
0.4
0.2
0.2
0.3
0.3
0.4
0.3
0.4
0.3
0.3
