90 12
15
24729
23692
26212
23424
24104
25249
21973
24316
26710
22914
24769
26234
25025
22500
23037
2.6 34.8 75.6 2.3
1.6 40.1 89.7 1.7
1.1 20.4 79.1 2.1
2.6 37.5 72.9 2.4
2.7 23.8 58.2 1.9
3.6 30.7 22.2 2.5
1.4 17.8 6.1 2
4 27.2 20.9 1.6
2.4 43.9 63.9 1.8
3 44.1 74.4 1.7
3.3 50 82.6 1.7
2.2 32.4 87.1 1.7
4.3 35.6 91.8 2.3
4.5 10.7 29.5 2.2
2.7 32.9 91 1.9
4.6 35.3 73.9 1.6
2.4 29.8 38.9 1.7
1.9 39.9 64.4 1.6
3.1 37.1 49.3 2
3.9 45.7 46.1 1.6
1.4 30.9 89.8 1.7
4.5 39.3 24.6 2
2.9 32.5 25 1.9
2 10.9 24.3 2
4.7 49.8 74.8 2
1.2 49.1 65.7 2.3
2.3 44.9 30.7 2.1
3.7 29.3 40.9 2.3
3.6 23.7 32 1.8
2.8 32.4 58.3 2.3
3.1 29.4 20.8 2
4.9 22.7 86.1 1.5
1 48.8 50.8 1.9
2.3 16.1 49.9 1.8
3.1 23.6 52.9 2.4
1 29 92 2.1
3.4 36.2 86.6 1.7
1.1 17.6 41.2 1.5
2.4 20.3 10.2 1.9
3.2 42.1 86.2 2
3.5 31.3 17.7 1.9
4.1 31.2 61.9 2
3.7 34.5 26.3 1.9
1.6 25.2 75.4 1.8
3.1 44.3 49.7 2.5
3.6 17.1 36.8 1.7
4 30.1 17.5 2.4
3.5 32.7 66.5 2.3
2.9 42.1 29.8 1.7
3.9 47.4 80.1 1.7
1.7 38.7 86.6 1.5
4.5 29.3 56.3 1.5
3 40.8 60.1 1.5
4.8 10.4 24.6 2.2
4.1 47.8 24.3 2.1
1.9 34.5 64.8 2.1
3 24.9 58.9 2.3
1.8 28.9 40 2.4
1.8 34.5 37 2.3
3.5 47.9 59.6 2.3
3.8 47.6 63.4 1.5
2 12 67.1 2.3
2.6 22.4 55.1 2.1
3.7 14.7 90.6 2.2
3.3 29.1 80 1.9
2.8 21.5 56.8 2.3
2.4 25.8 56 1.7
2 25.3 80 2.3
2.3 12.3 72.2 1.5
2 35.9 42.5 2.5
1.5 37 62.9 2
2.6 35.5 60.2 1.6
1.9 26.9 91.7 2.2
4.8 48.3 87.9 2.2
3.8 28.6 59.4 1.5
3.4 21.7 49.4 2.1
3.7 19.4 35 2.3
2 42.8 60.6 2.1
3.4 17.4 69.9 2.2
4.2 44.4 25.8 2.5
4.7 11.6 18.3 1.8
4.4 41.4 28.7 2.2
4.4 36.9 48.8 2.2
4.1 45.9 53.4 1.8
2 47.9 86.2 1.7
3.2 22 12.9 1.6
3 45.2 66.3 2.4
2.4 48.2 65.9 2.2
2.6 34.2 75.2 1.5
1.8 45.9 23.1 2.4
4.9 44.9 8.5 2.2
4.3 49.6 8.1 2.4
3.5 20.2 79.5 2
4.2 17.3 66.7 2.5
3.3 46.1 18.1 1.8
3.6 38.2 17.6 2.3
4 24.8 69.1 2.2
1.2 31.3 52.9 2
2.7 46.8 77.2 1.9
3.6 22.9 53.4 1.7
5 10.1 24.9 2.1
2.7 19.4 40.8 2.2
3.5 22.3 53.3 2
2.6 46.5 54.9 2
4.6 23.1 74.2 2.2
2 21.8 25.4 2.4
1.6 28.4 81.6 2.3
1.2 26.7 26 1.9
1.1 22.2 81.4 1.6
2.1 19.5 51.8 2
4.6 41.2 74.1 2.5
2.8 24.1 82.8 1.5
3.3 22.9 78.1 1.7
1.2 46.7 89.8 1.9
2.2 43.4 87.7 1.8
3 47.7 26.9 2
3.2 22 36.9 1.6
1.9 46 15.1 1.9
1.9 17.7 34.2 2.1
4.8 18.4 43.2 2
2.3 23.5 34.7 1.8
1.9 42.6 72.1 2.2
2.5 18.8 76.1 2
2.1 38.1 57.7 2.3
2.9 23.3 41.1 1.7
3.3 29.1 94.4 2.2
1.7 27.9 42.9 2.3
4.7 32 28 2.2
2.2 46.9 86.8 1.8
3.6 35 48.5 2.3
3.3 13.8 67.8 1.6
1.5 36.8 21.1 2.4
4.8 46.5 42 2.2
1.8 49.6 30.3 2.2
3.1 23.2 74.3 1.9
3.9 49 16.5 1.8
1.5 37.2 58.2 2.1
2.3 31.4 25.2 2.4
3.6 27.2 50.5 2.4
4.3 39.9 28.6 2
3 43.7 72.5 2.4
1.8 41.5 37.8 1.5
3.7 42.7 80.6 2.5
2.8 15.9 43.2 1.8
2.2 31 24.9 2
3.7 36.3 19.4 1.8
2.4 47.8 83.9 2
3.1 36.2 86.4 1.6
4.7 34.5 30.1 2
3.3 17.2 23.5 2.3
4.9 32.9 42.9 1.9
3.1 49.7 56.8 2.5
4.9 10.4 88.4 2.4
2.8 27.5 29 2.3
4.7 10.3 7.2 2.3
2.3 38.6 48 2
4.3 26.3 86.2 1.6
2 40.1 28.8 1.7
2.7 48.9 66.6 1.5
1.9 16.4 76.7 1.6
3.3 44.6 48.3 2.3
4.1 16.2 33.9 2.4
2.3 17.5 15.1 2.2
1.5 24.6 58.4 2.4
3.3 17.7 76.1 2
1.9 44.7 13.9 2.3
2.5 13.1 7 1.6
3.8 45.8 50.4 1.9
2.9 35.9 92.5 1.5
1.5 27.3 89.3 1.7
2.3 32.2 18.2 1.6
1.6 15 43.2 2.4
2.8 11.7 81.2 1.9
3 46.3 36 2.1
2.3 37.3 63.9 2.1
2.6 47.5 32.6 2.5
1.6 20.8 45.5 1.8
1.3 20 11.7 2.5
2.8 38 93.6 1.8
4.7 25.1 62.3 2.2
3 43.5 19.9 2.2
3.1 15.7 35.1 1.5
1.5 47.3 17.7 1.6
5 48.1 71 2.4
4 10.3 39.5 2.2
4.8 23.5 65.3 2.2
4.4 47.4 10 1.6
5 17.2 66.2 2.3
3.9 46.6 68.3 1.6
1.3 36.9 49.9 1.5
1 26.2 47.1 1.7
1.1 45.8 26 2.2
5 20 36.1 1.5
1.1 34.7 78.2 2.2
3.8 27.9 32.7 2
1.8 11.8 51.2 2.3
4.1 39.2 53.9 2.4
1.6 27.1 82 1.6
3 36.8 41.8 1.6
1.8 39.9 32.6 1.9
2 16.1 23.4 1.7
1.8 17.6 86.8 1.8
4.9 30.9 87.1 2.2
4.8 48.6 17.3 2.1
2.2 21.6 82.5 2.3
3 12.1 38.3 1.8
3.7 39.6 82.8 2.3
2.2 32.8 89.1 2.1
3.9 10.4 80.8 2.3
3.3 39.8 26 2.3
3.4 14.1 20.5 1.8
4 46.5 21 2.4
3.6 46.9 24.9 2.3
2 25.4 47.5 2.4
1.5 35 49.8 2.4
3.9 39.1 65.7 1.9
3.4 27.9 67.1 1.9
4.7 28.8 65 1.6
1.6 40.5 22.4 2
1.5 45.3 92.1 2.2
2.3 46.6 7.9 1.6
4.7 23.9 40.9 2.4
2.2 36.5 94.5 2.3
1.6 16.7 85.3 2.4
4 45.5 16.5 2.1
4.6 14.4 60.4 1.6
2.1 10.8 38.2 2
2.5 40.1 60.8 2.3
3.3 37.8 54.3 2.1
4.5 24.5 45.9 2.4
1.3 29.4 34.2 1.7
2.3 29.3 10.9 1.8
4.4 31.7 65.7 1.9
1.8 23.4 73.9 2.4
3.1 19.7 85.3 2.3
4 26.3 86.9 1.8
2.3 28 7.4 2.4
3.1 17.3 20 2.3
1.4 45.1 84.5 2.3
3.7 20.1 89.6 1.6
3.1 31.9 42.5 2.3
1 28.6 21 2.5
3.5 32.7 47.9 2.3
3.2 37.8 5.1 2.4
1.2 29.9 51.9 1.7
3.5 35.1 13.4 1.9
3.4 31.6 7.9 2
3.2 42.8 90.4 1.5
3.1 29.2 13.5 1.9
2.5 18.5 8.9 1.8
1.1 20.4 62 2.4
2.8 27.7 48.1 2
4.5 25.3 78.5 1.9
3.5 39.5 12.5 1.8
4.4 47.3 28.1 1.9
3.8 13.4 67.5 2.4
3.2 17.8 19.4 1.5
4.9 37 33.4 2.3
4 33.4 72.2 2.3
3.1 21.5 83.1 1.8
4.9 13 30.8 2
2.1 25.1 67.4 1.6
4.5 12.9 39.9 2.4
1.2 44.9 24.4 2.4
4.7 25.9 61.3 2.3
4.9 18.1 5.9 2
4.9 27.1 11.1 2.5
3.2 28.8 10.1 2.1
3.3 27.6 24.2 1.7
2.8 14.8 50 1.8
2.7 25.9 87.7 1.6
1.1 10.7 80.6 1.7
1.4 40.5 26 1.9
4.8 46.9 12 2.4
1.5 11.2 56.7 2.3
1.6 38.5 76.4 2.4
3.3 21.2 19.7 2.1
3.6 44.7 7.4 1.9
3.2 24.1 28 2.1
4.9 49.2 32.4 2
2.5 43.3 50.5 2.2
2.9 46.7 87.8 2
1.8 21.4 27.9 2.2
1.8 39.5 70.8 2.3
3.3 17.2 32.4 2.3
3 28 93.7 2.4
2.7 31.4 33.6 2
4.6 28 49.9 1.9
3.2 44 25.3 2.1
4.4 34.7 63 2.2
4 32.5 75.8 2.4
3.4 34.1 93.3 1.7
1 18.4 91.9 2.2
3.9 39.7 54.4 2.2
1.2 37.7 14 1.6
2.2 13.5 89.1 2
4.4 36.8 42 1.6
4.3 20.1 36.7 2.1
2 43.9 21.2 1.9
2 41.7 84.2 2
1.8 35.7 14.9 1.9
2.7 29.9 27.6 2.1
4.2 43.5 93.9 1.8
4.7 28.6 14.2 2
2.9 20.9 64.2 2.2
3.4 23.5 60.1 2.5
4.7 37.5 17 2.1
1.4 26.6 39.5 1.5
4.9 35.4 89.5 2.5
3.7 49.4 43 1.9
2.8 32.8 89.2 1.6
3.1 37 20.5 1.7
3.6 28.8 74.5 1.5
3.6 28.3 42.5 1.6
2.4 19.3 82 2
4.4 42.1 22.7 1.8
5 28 64 1.7
1.5 32.4 75.9 1.7
2.5 36.8 92 2.1
3.8 40.2 34.2 2.5
3.9 20.1 17.8 1.6
4 39.7 67.9 2
1.4 14.7 60.2 1.6
1.4 32.7 28.9 2
3.9 18 50.1 2.2
1.7 33.1 77.9 1.7
2.4 37.6 11 2
1.3 49.2 19 2.2
1.3 39.3 32.4 1.7
3.3 31.5 93.1 2.2
4.3 15.3 58.5 1.8
1.5 48.3 88.9 2
2.6 44.7 41.1 1.7
2.3 38.1 22.8 2
3.1 40.3 91.6 2.4
4.4 49 35.6 2.1
2.5 42.7 78.8 2.4
1.1 27.5 8.2 2.4
1.3 26.9 90 2.4
1.7 38.2 15.1 1.8
2.9 24.5 82.6 1.7
1.5 25.6 7.9 1.7
3.2 31.9 72.5 2.3
1.4 49.3 88.2 2.3
4.4 28.5 35.2 1.6
2.4 44.2 65.4 1.8
1.1 13.5 44.7 1.8
4.7 10.4 66.3 2.3
2.4 26.9 49.1 2.3
4.9 10.8 49.9 2.1
3.4 20.5 22.5 2.2
3.7 46.3 39.5 1.9
2.2 29.6 71.2 2.2
3.4 47 16.4 2.1
2.3 44.4 8.1 2
1.5 28.2 8 2
2.5 40.5 85.4 1.9
2.8 27 41.8 2.5
1.5 10.1 29.8 1.6
4.5 22.6 52.3 1.6
2.6 46.2 38.7 1.7
1.5 37.4 77.4 1.7
1.6 36.3 80 1.5
1.9 24.8 54.1 2.3
4 45.3 92.7 2
4.9 11.6 94.2 1.8
2.1 25.5 42.4 1.8
4.6 43.1 41.9 1.9
3 44.4 42.1 2.1
4.3 33.9 35.4 2.2
2.8 49.8 93.9 2.1
2.9 19.3 63.6 1.7
4.8 39.4 28.1 1.7
3 45.5 19.8 1.9
3.2 12.1 32.6 2
4.8 17.9 74.6 1.5
1.6 11.9 16.8 1.6
3.4 43.4 65.2 2.1
4.6 48.8 50.4 1.8
1.2 27 62.6 1.9
2.6 31.9 23.4 2
2.1 42 88.7 2.4
3 46.9 62.8 2
2.2 21.8 79.3 2.2
1.4 13.2 19 1.8
1.3 12.2 78.5 2.3
2.6 40.2 79 2.5
4.7 32.1 42.6 2
3.4 24.5 36.2 2.1
4.2 21.4 29.6 2.4
3.8 44.3 38.3 2.2
2.4 25.4 52.9 1.8
2.7 11.3 24.2 2.1
4.7 41.4 14.8 1.7
3.5 30 43.7 1.9
4.8 18.1 5.5 2.5
2.8 35.1 30.1 1.9
4.8 28.1 78.2 2.1
1.6 16.3 28.1 1.8
1.3 39.3 33.7 1.7
3.4 14.4 63.3 1.6
2.3 38.9 47.3 1.8
2.8 21.7 52.6 1.8
3.7 12.1 47.8 1.8
4.9 28.2 14 1.7
2.6 15.3 70 1.6
3.7 39.9 53 2.3
4.7 38.8 89.6 1.8
1.7 12.2 23.5 1.7
2.5 28.6 15.7 2.1
4 12.2 26.4 2.5
1 13.8 27.2 2.2
4.1 37.9 90.7 1.5
4.1 45.5 41.4 2
1.4 30.8 83.8 1.7
3.8 33.5 26.5 2.1
1.2 44.2 33.4 1.6
4.5 44.2 22.8 1.5
2 37.7 61.5 2.3
2.5 37.2 11.8 1.7
1.4 27.3 82.5 2
3.2 48.9 8.5 1.9
1.7 41.5 40.7 1.8
1.5 12.8 56.2 1.9
2.6 12 46.1 1.7
1.3 16.8 21 2.3
4.5 40.4 13.7 2.4
1.3 39.1 33.1 2
2.9 17 47.2 2
2.2 25.5 58.4 1.9
3.6 27.8 75.5 1.5
4.6 50 27.2 2.2
3.1 11.3 77.4 1.6
1.7 10.3 42.1 2.3
5 36.4 65.5 2.1
1.8 34.7 57.8 2.2
1.4 35.4 89.4 1.9
4.9 39.5 7.7 1.7
4.3 37.6 25.1 1.5
4.8 47.9 94.2 2
2.2 16 31.4 2.3
1.3 14.7 61.9 1.5
3.1 22.3 31.4 1.7
2.3 49.8 81.7 2
1.1 29.7 52.7 1.8
3.7 27.9 74 1.7
3 41.7 33.4 1.9
2.6 24.1 94.6 2
3 44.7 61.4 2.2
2.6 13.5 46.5 2
1.3 33 66.6 1.7
2.1 11.7 12.6 2
4.9 25.6 76.7 2.3
2.9 23.7 39.7 2.3
3.9 30 25.6 1.8
3.7 37 46 2.1
1.1 39 66 1.8
3.7 33.2 45.6 1.8
4.7 21.3 57.3 2.5
2.9 25 17 1.5
4.2 41.7 52.2 2.1
4 13 69.1 1.9
4.3 31.9 82.7 2.4
4.2 19.6 34.2 2.3
4 31.8 91.4 1.6
4.6 49.6 93.4 1.5
1.8 13.1 14.1 2.5
4.9 26.1 27.4 1.8
4.1 10.9 38.6 1.6
3.3 29.7 17.9 1.5
2.1 42.7 53.6 1.8
3.4 20.2 43.4 1.6
4.9 36.2 71.5 2.2
4.6 12 68.3 1.5
1.6 39.1 36.8 2.2
1.6 23.6 8.3 1.7
4.5 44.2 28.7 1.6
3.2 33.4 30.9 2.3
3.2 39.8 60.1 2.2
4.3 27.1 73 1.7
3.6 19.5 62.5 2.5
2.8 29.6 29.2 2.4
2.7 30.2 21.2 1.8
4.1 46.2 51 1.9
3.7 16.4 33.4 1.6
3.4 45.7 93.7 1.8
4.1 22.6 50.9 1.9
1.7 28.6 14.4 1.9
2.2 41.7 49.8 2.5
4.3 14.4 15.2 1.8
3 48.9 17 2.3
2.9 20.6 27.6 2.3
3.5 14.1 50.7 2.4
4.3 28.4 43.2 2.2
3 45.3 23.7 2.2
3.6 44.4 29 2
2.4 39.2 35.8 1.9
4.5 36 18.4 1.5
3.1 48.8 41.4 2.2
1.3 47.8 36.1 1.5
4 19.1 24.3 1.7
3.3 30.5 10.7 2
2.1 42.1 92.6 2.2
4.4 37.2 94.4 1.9
3.8 20.7 92.3 2
2 38.4 67.1 2.3
2.7 32.2 42.1 1.9
5 47.4 42.8 2.2
3 24.2 92.3 2.3
1.7 27.3 74.1 1.7
1.4 19.3 70.7 2
4 29.9 79.2 1.5
3.2 45.1 56.9 1.7
3.1 30.3 72.9 1.6
5 34.6 90.3 1.6
2.8 36.6 62.4 2.1
2 43.4 80.1 2.3
1.7 38.6 17.3 2.1
3.9 43.5 24.1 2.3
4.3 12.9 83.9 1.7
2.9 25.3 80.3 1.5
2.8 14.9 49.9 2.2
1.9 19.3 28 2
1.2 46.7 8.5 1.6
1.1 12.7 49.4 2.1
1 25.3 32 2.3
4.5 29.1 23.8 1.7
2.3 48.2 77.8 1.7
4 41.5 14.5 2.5
3.7 41.2 80.9 1.6
4.8 30.8 10.7 2
1.2 33.3 61.9 2.2
3.1 20.7 14.6 2.4
4.3 10.7 78.7 1.6
3.9 47.6 65.4 1.6
1.6 40.9 74.3 1.7
4.2 32.3 50.6 2.1
2.5 21.9 22.8 1.5
2.6 27.6 58.4 1.6
2.7 49.1 67.5 1.6
4.6 42.5 85 1.8
2.1 42.7 90.4 1.6
1.2 19.8 59.3 1.9
4.7 41 31.2 2.4
1.7 17.1 46.9 1.7
1.5 17.6 51.5 1.6
2.1 42.1 43.3 1.5
2.2 35.5 62.6 1.9
2.7 24 36.2 1.6
1.7 43.1 63 2.3
2.4 44.6 59.5 2.1
1.9 38.4 15.1 2.1
1.8 29.5 7.6 2
4.3 32.9 73.4 1.8
4.9 34.3 71.4 2.3
2.4 22.4 16.8 2.3
4.5 33.7 51.1 1.8
3 38.7 77.2 1.8
2.4 12.1 5.2 2.4
4 25.9 24.9 1.9
4 33 68.9 1.8
3.3 29.6 85.9 2
3.9 10.2 64.2 2
1.9 32.8 16.3 1.8
1.8 20.6 49.6 1.6
3.9 44 22.6 1.9
3.4 38.5 37.5 1.6
1.2 15.5 18.5 2.2
4.4 49.7 40 2.2
2.9 47.8 64.3 2.1
3.8 32.2 34.9 2.4
2.1 22.9 33.8 2.3
1.2 38.6 82.8 2.4
2.6 31.4 40.4 2.2
2.1 17.8 73.5 2.1
1.2 49.3 36.8 1.7
3 31.3 91.6 2.3
4.5 11.1 46.4 1.6
3.8 14.9 27 2.1
1.1 18.8 58.4 2.4
1.6 30.4 62.6 1.9
1.2 22.5 72.7 2
4.4 30 22.2 2.2
1.9 10.2 31.5 1.8
1.9 32.6 41.4 1.8
2.3 43.3 45.5 2
3.6 16.4 54.9 2.1
3.4 24.6 51.6 2.2
3.2 34.2 19 2.3
5 20.2 77.5 2
1.9 27.1 57.4 2.5
1.4 40.5 78.1 1.6
2.3 44.6 52.9 2.1
1.3 16.5 32.1 1.6
4.5 21.6 59.7 1.8
1.3 46.9 63.2 2.4
4.9 17.3 26.9 2.2
3 14.8 87.9 1.5
1 40.1 48.9 1.8
1.1 13 12.7 2.1
1.3 14 12.9 1.6
1.8 30.9 48.1 2
2.2 10.3 52.3 1.8
1.9 45 87 2.5
3.1 35.4 75.1 2.2
3 20.8 48.8 1.7
1.7 27.2 55.2 2.5
4.5 43.4 17 2
2.7 35.2 44.6 2.3
3.1 46.7 93.6 1.9
4 30.6 41.9 2.4
2.6 24 35.2 2.4
4.2 28.5 25.2 1.5
2.2 13.4 64.1 1.7
1.1 23 90.9 2
3.6 23.1 10.3 2.5
4.1 45.4 32.4 2.3
3.1 31.3 91.8 2
1.5 20.8 81.6 1.6
3.6 46.3 15.5 1.9
4.6 40.1 48.8 1.6
1.2 13.3 11.3 1.6
4 37.8 67.8 1.9
2 16.8 21.8 2.3
1.6 33.6 52.6 1.9
2.7 27.9 82.3 1.8
3.4 18.8 35 1.7
1.3 23.7 80.3 1.8
2.7 43.6 32.6 2.5
4.4 37.1 13.7 2
4.5 39.9 61.7 2.5
3 12.8 84 2.5
4.7 49.6 14.7 1.9
1.2 19.3 54.7 2.4
3.5 10.1 34.3 1.6
2.4 21.8 78.6 2.4
4.6 39.8 48.7 1.6
4 22.4 49.6 1.8
5 10.4 13.5 1.9
2.3 22.3 32.1 1.6
3.1 10.5 20.9 1.7
3.3 41.4 31.5 2.4
2.5 47.6 75.3 2.1
2.2 12.9 52.4 1.6
2.8 11 26.3 2
1.4 35.3 26.4 1.7
4 26.9 17.3 2.2
1.7 43.2 7.7 1.7
4.6 27 34 2.1
4.8 14.5 84 1.7
2.8 27.6 53.9 2.1
4 48.1 64.6 2.4
1.3 33.1 43.7 1.7
1.2 36.8 56.2 1.9
3.8 44.1 64.4 2.2
2.9 48.1 67.3 1.9
1.7 23.1 15.9 1.9
4.6 10 91.4 1.5
4.9 27.2 50.7 2.3
2.9 12.1 6.2 2
1.3 26.8 77.7 2.2
1 43.5 34.3 2.2
3.3 20.3 30.8 2.3
3.8 29.4 41.7 2.3
2.6 22.3 81 2.4
2.4 35.6 46.5 1.6
1.4 11.3 66.1 1.8
1.2 21.6 87.2 1.5
3.8 32 51 2.1
4.8 22.1 93.2 2.2
3 16.9 82.1 2.5
3 10.5 19.9 1.6
3.2 24.1 43.2 1.6
3.1 49.5 36.4 2.2
2.5 44.2 19.8 2.5
4.2 33.4 31.8 1.9
1.8 14.5 89.7 2.2
1 16.2 31.2 2.2
3.2 44.1 71.5 1.6
4.5 18.8 78.1 1.6
4.4 26.9 57.5 2
2 12.3 40 2.4
4.3 48.4 43.7 1.8
1.2 28.6 47.6 2.1
1.2 19.8 19.4 2
4 38.1 72.7 2.5
4.9 30.3 52.5 1.6
2.3 38.6 52.6 1.9
1.4 40.5 40 2.1
1.1 47.4 80.2 2.4
1 31.4 56.2 2.4
1.9 14.8 25 2.2
4.4 31.7 87.3 1.5
1.1 19.9 80.8 1.7
1.6 13.5 95 2
1.4 48.1 63.6 2.4
1.3 34.5 79.1 1.6
4.6 38.5 15.6 1.8
3.8 29.1 26.2 2
2.2 15.5 22.8 2.4
4.8 15.8 92.3 1.5
4.1 27.2 83.9 1.6
1.8 15.5 94.1 1.6
1.6 11.9 81 2.4
1.1 26.6 77.9 2.1
4.7 25.6 45.6 1.6
2.9 14.5 26.1 2.1
4.5 44.5 50.6 2.3
4.7 47.3 16 1.6
1.9 19.2 55.3 1.8
4.2 10.2 60.7 2.1
2.2 11.8 94.4 2.3
4.1 33.9 56.5 2
1.3 46.7 93.7 1.7
4.4 18.7 9.1 2.2
5 23.7 91.4 2
2.6 33.6 46.5 1.8
3.1 45.5 90.2 2.4
2 21.8 28.3 1.6
5 19.2 85.5 1.7
1.2 37.3 34.9 2.3
2.2 35.3 17.3 1.8
2.1 44.2 24.7 1.9
3 29.7 78 1.8
4.3 11.4 29.1 2.1
2.9 40.3 21.3 2.3
4.9 30 23.9 2.4
4.9 33.7 20.5 1.5
2.8 12 66.7 1.7
2 25.6 76.1 1.7
3.2 31.2 87.5 2.1
4 27.8 7.5 1.8
1.8 11.1 11.5 1.9
5 26.9 92.8 1.8
2 13.2 19.3 1.9
2 23.1 70.9 2.5
2.5 18.9 24 2.4
3.6 24 33.5 1.7
4.1 35 89.8 2
4.1 45.1 59.1 1.6
2.8 44.2 79.2 2
1.8 34.9 88.6 1.7
1.6 24.8 42.1 2.1
2.8 28.5 60 2.4
1.2 12.8 72.1 2.4
2.1 17.1 81.1 1.5
3.8 46.7 16.8 1.7
5 17.4 44.3 2.5
5 27.3 79.3 2.5
2.5 25.1 60.1 1.6
4.9 22.5 61.5 1.7
3.3 32 57.6 1.7
2.7 47.4 54.7 2.5
3.8 42.7 90.7 1.7
2.7 26.9 74.8 2.4
3.8 15.1 6.1 2.4
4.6 46.5 43.4 1.7
1.5 46.7 87.6 2.3
4.5 15.9 46.4 2.5
4.6 37.3 61.8 1.5
2.2 41.6 54 1.8
3.4 24.2 30.7 1.6
3.9 40.2 22.7 1.8
4.8 42 63 1.6
4.6 36.9 57.4 2.5
1.7 40.2 66.1 1.7
2.2 33.8 27.7 2
1.5 23.8 94.9 2
3.5 14.2 73.1 2.4
4.5 27.7 24.9 2.3
4.1 23.2 76 1.7
1.5 38.4 83.2 2
1.6 43.2 69.1 2.1
3.5 48.6 94.2 1.7
4.6 32.7 48.4 2.5
4.9 28 49.7 1.6
4.6 40.3 51.5 2.3
4.2 30.2 70 2.1
3.7 13.5 70.7 2.3
4.9 24.1 68.9 2.1
3.6 15.2 82.1 1.5
3.6 41.1 13.2 1.6
2.8 42.7 15 1.9
2.4 18.3 26.1 1.9
4 46.4 69 2.1
3.9 23 77.6 1.7
3.1 48.3 57.3 1.7
2.2 45.4 78 2.4
4 31.9 9.4 2.4
1.8 14.8 19.4 1.7
2.2 16.1 70.9 1.6
1.1 26.6 44.9 2.2
3.2 42.1 14.1 2.5
4 35.2 7.7 1.8
4.2 20.2 59.3 2
4.8 41.8 50.4 1.8
2 40.7 7.7 2.3
4.9 28 41.1 2.2
3.8 21.7 71.2 2.4
4 33.8 77.5 2
2 10.4 26.4 2.1
2.7 46.9 44.7 1.7
3.5 26.3 60.9 2.2
4.6 34.6 67.1 1.8
2.1 13 6.3 2.3
4.1 28 48.3 1.6
1.4 17.7 47.9 1.8
4.5 33.4 18.5 2
3.5 33 56.8 1.6
4.7 19.8 51.2 1.9
3 11 74.8 1.9
3 47.7 37 2.4
4.5 41.6 79.4 1.7
2.5 32.9 57.2 1.6
4.4 25.5 84 2.4
1.2 46 47.4 2.5
1.4 19.6 24.3 2.2
4.9 15.1 22.2 2.3
1.5 40.8 57.1 2
3.6 25.4 38.9 2
2.6 43.1 90.6 2.3
2 11.3 11.7 2.2
1.5 42.6 53.8 2.2
1.6 36.7 77.4 2
3.5 22.7 77.4 1.6
4.3 30.3 21.5 1.6
3.5 17.8 24.5 2.1
4.6 31.4 40.2 2.1
4.7 42.5 6.1 2
3.5 31.4 40.1 1.8
2.2 21.6 17.7 1.6
4 11.9 89.9 2.4
2.2 24.3 93.5 2.3
3.2 32.2 5.7 2
3.8 12.9 91.9 2.1
1.8 42.2 8.5 2.2
2 48.3 74.9 2.4
4.1 45.9 43.1 2.4
2 17.8 30.5 2.4
2.1 18.8 64.5 1.6
3.7 41.2 68 2.2
3.8 41 32.1 2.3
2.8 38 57.2 2.4
1.5 45.5 67.7 2.3
1.4 45.7 44.2 1.6
1.4 13.8 92.1 2.2
2.6 19.1 66.5 1.5
3.3 39.3 21.4 1.7
1.2 31.8 52.8 1.7
3.6 23.9 93 2.1
1.3 23.1 79.2 1.9
3.3 15.9 32.2 2.3
4.9 47.9 61.4 1.5
4 30.3 15.8 1.5
4.5 20.7 35 2
4.3 11.3 6.9 1.6
2.3 18.6 68.3 1.8
1.7 25.2 11.6 1.7
3.7 37.6 70.4 2.1
1.5 40.2 10.7 2.1
1.2 26.6 15.2 1.6
3.7 20.1 13.7 1.9
1.3 33.6 76 2.4
3.3 15.7 37.9 2.5
4.8 48.9 38.7 1.6
1.1 44.8 77.2 1.6
1.9 10.9 82.3 2.3
3.4 25.2 35 2.4
5 31.2 62.4 1.7
1.3 20.4 89.4 1.8
1.1 47.1 86 2.1
4.4 41.7 89.5 2.2
1.4 15.7 24.1 1.6
1.1 20.6 83.5 1.7
1.2 28 11.2 2.3
2.4 30.4 88.5 2.4
4.6 29.6 71.8 1.7
4.6 21.1 57.7 2.3
4.6 21.6 40.2 2.1
3.3 35 85.2 2.3
4.3 24.9 89.5 1.7
1.3 10.3 6.6 1.8
1.9 40.4 6 2.3
4 42.2 68.6 2
4.2 17.7 33.5 2.2
4 39.5 65.8 2.3
4.2 26.8 22.8 1.7
1.9 17.6 52.9 2
1.2 21.1 13.8 2.3
2.6 10.9 28 1.7
1.1 23.2 77.9 2.5
1.2 27 26.4 1.9
4.4 37.8 66.8 1.8
2.9 23 58 2.2
4 20.2 48.5 2.2
3.8 32.7 33.7 2.4
2.2 36.5 87.5 1.8
1.9 12.8 24.5 2.4
2.6 14.5 78.4 2.3
3.5 16.8 88.5 1.8
3.4 49 82.9 2.1
3.1 14 94.3 2.1
3.4 16.8 67.3 1.7
4 48.1 29.8 1.7
1.8 47.6 35.3 2.3
1.9 32.6 65.8 1.7
4.8 44.7 27 1.9
4.1 12.5 37.7 1.7
3.6 50 38.9 2.5
1.2 26.7 18.6 2.1
1.6 33.8 31.6 2.1
3.2 38.4 28.2 2.5
4.7 24.6 35.1 1.7
1 31.6 54.4 1.7
1.3 12.2 36.1 2.2
2.3 43.3 6.2 1.6
4.9 43.5 7.3 2.4
2.1 40.7 63.3 2.4
2.3 19.1 81.4 2.2
2.8 25.1 72.9 1.8
4.4 15.1 83.2 1.6
3.7 41.3 43.9 2.5
3.7 14.9 21.6 1.8
3.3 45.4 59.1 2.3
4.2 14.6 32.8 2
1.1 26.1 73.6 1.8
2.7 20.4 93.3 2.1
3.7 43.4 26.5 2.4
1.4 30.3 52 2.1
4.1 22.6 43 2.3
2.6 39.5 34.2 2.4
2.1 26.9 6.9 1.9
1.5 37.7 90.7 1.8
1.8 27.7 59.7 1.8
2.5 25 48.7 1.8
3.7 10.2 17.5 2.3
2 21.6 69 2.4
2 35.9 12 1.6
1.1 28.7 27 2.4
2.7 27.7 38.4 1.7
1.3 21.3 63.7 1.7
3.1 22.2 36.5 2.4
2.9 40.4 5.3 2.1
4 34.6 25.9 1.9
1.6 37.6 66.9 2.1
3.1 34.9 7.9 1.8
2.1 36.7 62.6 1.6
4.2 11.1 11.2 1.5
4.5 24 19.2 2.3
3.6 49.7 89.9 1.6
4.4 43.9 45.3 1.6
4.1 13 25.7 2.5
3 24.3 51.9 1.6
2.4 24.5 5 2.1
4.7 31.4 73.2 1.8
5 17.8 79.1 1.6
1.8 49.4 84.5 1.6
3.1 44.2 72.9 1.7
1.9 34.7 29.7 1.9
4.6 36.3 53.6 1.6
4.4 35.7 88.3 2.3
3 10.7 43.8 2.5
3.2 45.3 77.3 2.3
4.3 18.1 93.8 1.7
2.2 31.9 86.7 2.1
3 14 27.5 2.2
1.9 12 69.5 2.4
3.5 41.6 62.6 1.9
4.4 36.7 64.8 2.1
3.7 34 31.1 2.4
3.7 32.8 66.2 2
2.5 47.1 69.9 2.1
4.7 19.3 82.7 1.7
4.3 22.6 16.9 2.3
2.6 27.3 45.7 2.5
4.1 43.8 16.4 2.3
2.6 26.4 17 1.8
4.2 25.5 60.9 1.6
3.6 16 26.2 1.6
2.3 49.4 49 1.9
4.2 35.3 89 1.5
1.6 10.8 31.6 2.3
4.6 15.2 93.2 1.6
1 20.2 92.1 1.6
2.1 16.8 44.7 2.2
2.6 11.2 30.7 1.9
5 44.5 93.7 2.4
4.7 23.1 64.1 1.7
3.9 36.5 20 2.5
2.9 44.4 39.3 2
4 24.6 67.3 2.1
2.2 42.5 61.9 2.2
1.2 27.6 85.8 2.4
2.9 48.5 81.1 1.6
3.7 44.1 22.4 1.8
4.6 37 11 1.9
4.8 45 80.7 1.9
1.3 29.6 75.3 2.1
4.5 14.8 64.6 1.7
5 46.6 62.6 1.5
5 47.1 35.1 2.1
1.8 12.9 78.7 2.3
1.3 19.6 32.9 1.8
4.3 39 32.6 2.4
3.3 15.8 36.9 1.6
2.4 42.3 86.9 2
3.9 36.9 25.9 1.6
4.2 34.5 94.6 1.6
1.7 43 24.5 1.7
4.3 38.9 52.9 2.4
4.4 12.3 40.6 1.6
2.3 27.6 32.5 1.9
3.3 26.3 20 1.6
2.5 24 24.1 1.9
3.8 11.8 81.8 1.7
2.7 27.8 74.1 1.7
4.3 21.2 30.2 1.8
3.9 48.8 73 1.6
1.4 33.3 21.4 1.6
2.5 40.3 42.7 2.2
4.6 34.5 76.8 1.6
3 34.6 21.6 1.9
1.5 48.3 86.4 1.5
3.9 14.1 30 1.6
2.9 11.1 71.2 2.1
1.7 10.3 60.5 2.2
3.2 35.4 58.4 1.8
1.8 15.1 39.2 2.1
4.8 34.7 32.9 1.7
3 14.6 26.3 2.3
2.6 13.8 86 2.2
4.1 11.5 24.6 1.9
4.5 17.3 79.6 2.4
4.5 38.6 61.4 2.3
4.9 12.8 32 2.2
1.8 25.3 49.7 2.1
3 17.9 5.2 1.8
3.4 47.6 25.2 1.6
3.4 47.4 92.9 1.9
2.5 35.6 18.5 2
2.2 20.2 44.4 1.5
5 43.5 54.5 1.6
2.3 14.9 35.7 1.9
4.9 14.6 87.8 2.4
3.5 41.4 28.4 2.1
4.3 22.5 59.2 2.3
1.6 32.9 59.2 2.4
1.2 27 52.5 2.3
3.3 40.8 28.7 1.9
2.3 48.1 10.8 2
3 42.2 87.7 1.8
4.1 28.2 32 1.6
3.3 26.4 12.6 2.5
4.8 20.7 30.9 2
2.4 34.9 46.3 1.9
4.5 39.4 20.1 2.1
4.1 21.2 35 2.3
4.2 40.4 68.4 1.9
4.6 23.2 50.4 2
2.9 28.2 67.9 2
4 47.4 40.2 2.2
1.1 19.1 69.3 1.8
4.2 47.7 57.9 2.5
4.2 36.7 11.4 2.2
3.5 48.5 52 1.7
3.9 15.1 74 2.1
4.3 11 36.6 1.7
4.8 40.2 69.8 2
1.7 48.5 14.9 2.5
1.9 17.9 28.2 2
3 40.7 8.9 2.3
2.4 19.1 92.1 1.7
4.1 19.5 40.3 1.8
1.9 43.9 36.8 2.4
2.9 43.7 8.8 2.3
3.5 22.6 71.8 2.3
2 42.5 38 2
4.1 16.1 11.7 2.2
2 20.7 93.3 1.8
1.4 30.5 17 2.3
2.7 47.7 11.8 1.6
1.9 41.8 91.7 2.5
2 35.3 25.4 2.5
2.4 45.3 35 2.3
4.3 31.1 35.3 1.8
2.2 22.2 58.7 1.7
3.3 42.6 90.6 1.6
3.8 49.2 75.9 2.3
2.8 23.8 74.9 1.6
1.5 42 9.8 2.4
1.9 42.5 35.9 2.2
2.9 40.7 5.2 2.3
2.5 37.5 68.1 2.1
2 37.3 17.1 1.8
3.8 39.8 90.9 1.8
1.8 30.5 84.5 1.5
3.8 36.7 46.7 2.1
4 17.3 14 1.6
4.2 18.5 40.2 2.1
1.6 19.3 83.7 2
3.5 40.8 25.9 1.6
2 24.9 10.8 2.3
1.7 21 41.4 2.1
4.1 19.2 41.1 1.8
3.2 20.4 37.6 2.3
2.2 36.5 72.9 2.2
4.7 49.7 17.9 1.9
2.1 10.6 53.2 1.9
1.2 31.7 38.9 2.3
4.9 18.4 32.7 2
2.4 15.1 68.4 1.9
1.3 43 57.8 2.1
1.1 36.2 44.6 2.4
4.3 17.8 60.7 2.1
4.4 38.1 61.3 1.8
4.4 43.4 63.9 2.2
4.2 48.1 69.5 2.1
4.9 31.3 64.6 2.1
3.1 37.6 12.4 2.2
1.4 16.5 22 1.6
2.2 14.3 74.7 2.4
1.2 15.1 15.4 2
3.7 30.2 74 2.2
4.3 27.5 17.1 1.9
2.9 39.9 17.9 1.9
3 27.6 39.8 1.9
2.4 25.5 69.6 2
4.5 19.8 79.6 2.1
3.2 14.1 49 1.8
3.1 27.2 35.2 2.4
2.1 41.8 94.7 2.3
3.1 19.7 73.2 1.6
4.4 15.1 5.8 2.1
1.7 29.4 50.7 2.3
3.3 34 44.5 2
3.1 22.7 87.2 1.9
3.7 31.4 11.7 2.4
4.6 48.8 43.2 2.5
4.4 47.8 68.5 2.5
3.9 45.3 55.2 1.9
4.4 26.2 9.6 1.6
4.6 46.1 18.9 1.7
2.8 18.1 43.7 2.3
4.9 32.4 15.9 1.8
4.5 17.9 76.4 1.9
2 38.6 84.2 1.5
2.2 34.4 11.2 1.6
4.1 25.8 7.5 1.7
4.9 34.7 65.1 1.5
3.4 47.9 67.2 2.2
2.7 44.6 60.4 2.5
3.2 24 71.1 1.6
2.1 12.6 33.9 2.2
3.4 10.1 38.9 1.9
2.7 26.5 74.1 2.2
3 44.3 91.1 1.8
4.8 24.2 33.5 1.9
2.6 43.2 17.8 2.2
4.6 25.3 65.4 2.3
2 44.8 41.1 2.5
3.5 42.7 24.8 2.1
2.6 13.4 12.8 2.4
3 48.8 55.9 1.7
4.3 38.6 70.3 2.3
4.2 49.3 85.5 1.9
1.4 21.6 11.1 1.6
3.6 11.2 8.7 1.7
3.6 21 29.1 2.1
1.4 19.8 38.9 2.4
2.6 46.2 91.2 2.1
4.7 17.2 5.4 2.5
2 43.4 60.7 2.2
3.3 20.2 41.1 2.3
3.4 32.5 36.3 1.7
2.6 41.9 20.9 2.2
4.9 21.9 80.8 2.2
4 22.1 47.5 1.7
4.5 42 68.5 2.1
2 39.4 85 1.6
2 25.2 52.6 1.6
2 15.3 14.5 2.5
1.7 27.5 60.2 1.7
1.4 47.4 10.8 2
5 11.1 82.6 2.2
4.6 21.9 12.2 1.7
2.4 38 90.1 1.8
1.8 34.5 46.3 1.7
1.7 23.7 5.3 2
1.1 14.3 83.5 2.5
4.2 29.1 47.7 2.4
2 39.7 65.6 2.3
2.1 47.1 14.8 2.4
4.1 29.4 72.4 2.2
3.4 24.8 39.1 1.6
2.7 24.1 56.7 1.7
1.9 41.4 40.8 2.1
3.2 42.1 93.9 2.3
4.2 26.5 90.4 1.9
1.4 35.7 83.1 2.1
4.5 30 11.7 1.6
3.7 27.8 92.6 1.8
1.4 34.4 75.7 1.9
2.5 31.5 22.5 1.6
1.6 41.3 73.6 2.3
1.5 31.1 22.8 2
1.7 38.4 50.9 1.7
3.6 25.7 78.5 2.3
1.8 18.8 51 1.8
4 38.6 53.9 2.4
1 21.5 72.5 2.4
2 33.4 22 1.8
3.9 20.5 32.1 2.1
1.9 29.1 18.7 2.4
2.3 25.7 51.9 2.5
3.5 38.4 55.4 1.9
1.3 48.9 10.9 1.8
2.9 37.3 9.8 2.3
1.8 47.7 57.9 2.2
2.1 19.1 14.3 2
3.3 10.7 66.9 1.7
3.2 25.7 94.9 2.3
2.3 21.4 11.4 2.2
1.6 30.1 9 1.8
4.1 32 78.9 2
4.7 14.5 69.2 1.5
4 27.3 5.3 2.5
3.5 19.2 9.6 1.6
4 30.2 51.7 1.9
1.1 35.7 37.6 1.5
1.1 29 91.2 1.6
2.4 32.3 57.1 2.3
1.3 20.1 63 2.1
4.2 30.8 75.3 1.5
1 28.3 65.6 2.1
2.2 31.9 94.6 2.4
1 24.5 42.4 2.1
4.3 41.8 87.2 2.1
3 43.3 71.8 1.5
2.2 42.2 45.6 2.2
5 23 25.5 2
1.1 29.7 27.2 1.9
4.1 37.1 60.5 2.1
3.1 23.2 80.6 2.2
2.6 20.4 69.4 2
5 10.8 18.5 2.3
3.7 13.5 89.9 1.7
3.3 13.3 17.9 2.1
4.4 10.9 28.3 2
1.1 26.1 57.6 1.9
4 43.9 85.6 2
2.4 43.1 77 2.4
2.1 24.6 52.8 2.1
1.6 13 43.2 2.3
3.7 35.5 54.4 1.7
4.5 24 7.5 1.8
4.6 24.6 53 1.7
2.1 24.4 79.3 2
3.7 37.5 57.2 2.4
2.6 39.6 62.1 1.8
3 26.2 40.3 1.6
4.5 42.8 17.8 1.9
3.9 33.6 54 2.2
1.2 45.6 82.9 1.9
1.7 40.2 47.1 2.5
1.3 48.9 79.8 2.4
3.3 24.4 35.1 1.6
3.7 23.5 32.4 1.9
1.9 21.1 15.9 2.4
2.1 26.8 42.3 1.7
3.4 10.5 50.3 1.8
3.8 30.7 24.4 2.2
1.3 28.2 66.7 2.1
1.9 21.2 82.5 2.4
1.5 36.8 48.2 2.2
2.6 23 43.7 2.3
1.9 14.8 57.8 1.5
4.2 39.2 50.5 2.4
1.5 29.4 7.5 2.1
3.7 26.9 53.1 2.3
1.6 32.2 58.3 2.2
1.1 13.7 81.3 2.5
1.5 23.9 83.6 2.4
3.6 43 54.2 2
3.8 42.1 64.3 1.6
4.2 39.6 48.8 2
4.6 33.5 11.5 2
2.1 29.9 47.5 2.3
1.4 36 11.2 1.9
2.3 20.5 44.6 1.8
3.5 45.4 87.2 1.6
3.9 21.8 94 1.6
3.4 10.5 10.1 2.2
4.9 36.6 44.2 2.1
3 36.4 21.5 2.1
2.3 14.6 26.4 2
3.8 14.8 25.9 1.7
1.6 25.3 59.7 1.5
1.8 27.3 71.5 2
4.7 12.8 83.4 1.6
3 44.8 31.5 1.9
2.9 47.3 86.8 1.6
2.3 28.3 10.6 2.2
3.2 44.1 63.6 1.8
2.7 34.6 66.1 2.1
4 42.2 41.3 1.9
1.3 47.2 78.5 1.9
3.4 47.6 51.7 1.8
3.7 49.5 77.5 2.2
2.6 38.3 69.5 2
3.4 16.3 94.9 2.2
3.2 46.3 80.6 2.4
3.9 48.5 37.7 1.7
1.9 11 37.4 2
4.8 39.2 35.3 2.3
3.4 25.1 74.5 2.3
3.6 11.9 78.2 2.5
2 30.8 94.8 1.7
2 28.3 82.5 2.3
1.2 45.1 61.2 1.5
2.5 22.7 10.1 2.1
4.1 32.8 29.7 2.1
1.1 18.6 44.2 1.6
1.6 37.4 25 1.6
3.9 15.6 47.3 2
4.2 48.7 29.1 1.9
4.2 11.6 8.5 1.6
3.5 47.1 53.5 1.6
4.1 27.3 57.6 1.7
2.8 48.9 18 2.1
1.3 12.3 68.9 2.2
3 33.4 90.7 2.2
2.4 35.7 56.1 2
1.3 43.3 11.6 2.3
3.6 26.8 69.6 1.6
2.9 41.5 37.3 2.3
3.8 28.9 50.8 2.3
1.4 25.4 26.5 2
1 37.6 44.8 2.5
2.8 42.1 13.9 2.2
4.1 27 36.1 2.4
3.6 21.5 43.2 1.5
2.2 33.4 46.1 1.7
3 49.4 23.8 1.7
3.2 30.3 56.2 2.3
2.1 48.4 88.6 1.6
1.3 19.5 76.2 2.1
3.6 13.6 78.9 2.1
4.6 30.6 13.4 1.9
1.1 25.3 68.9 2.1
1.9 18.7 17.7 1.8
0.4 0.2 0.3 0.4 0.3 0.3 0.3 0.4 0.3 0.4 0.4 0.3 0.3 0.3 0.3 0.4 0.2 0.3 0.4 0.3 0.3 0.3 0.3 0.3 0.2 0.3 0.2 0.4 0.3 0.3 0.3 0.3 0.2 0.2 0.4 0.3 0.3 0.3 0.2 0.3 0.3 0.4 0.3 0.4 0.4 0.2 0.2 0.3 0.2 0.4 0.3 0.2 0.3 0.3 0.3 0.4 0.3 0.2 0.3 0.3 0.4 0.4 0.3 0.2 0.2 0.3 0.4 0.4 0.3 0.3 0.2 0.3 0.2 0.4 0.3 0.3 0.4 0.2 0.2 0.3 0.3 0.2 0.3 0.2 0.4 0.3 0.2 0.3 0.4 0.2 0.3 0.4 0.3 0.3 0.3 0.3 0.4 0.3 0.3 0.2 0.2 0.3 0.4 0.3 0.3 0.2 0.2 0.3 0.3 0.2 0.3 0.3 0.2 0.3 0.3 0.3 0.4 0.3 0.3 0.3 0.2 0.2 0.3 0.3 0.4 0.3 0.3 0.2 0.3 0.3 0.3 0.4 0.3 0.4 0.3 0.2 0.3 0.2 0.3 0.2 0.2 0.3 0.2 0.2 0.4 0.4 0.3 0.2 0.3 0.4 0.3 0.3 0.3 0.2 0.3 0.3 0.3 0.2 0.3 0.3 0.3 0.4 0.3 0.4 0.3 0.2 0.4 0.2 0.3 0.2 0.3 0.3 0.2 0.2 0.3 0.4 0.3 0.2 0.2 0.3 0.4 0.3 0.2 0.3 0.2 0.3 0.3 0.3 0.2 0.4 0.4 0.3 0.3 0.3 0.4 0.3 0.2 0.2 0.2 0.4 0.3 0.4 0.2 0.2 0.4 0.3 0.2 0.3 0.4 0.3 0.2 0.3 0.3 0.3 0.3 0.4 0.3 0.2 0.2 0.4 0.4 0.3 0.2 0.2 0.3 0.3 0.4 0.3 0.2 0.2 0.3 0.2 0.2 0.3 0.2 0.3 0.3 0.3 0.4 0.3 0.3 0.3 0.3 0.3 0.2 0.4 0.4 0.4 0.3 0.4 0.4 0.4 0.3 0.3 0.4 0.3 0.4 0.3 0.2 0.4 0.3 0.3 0.3 0.2 0.4 0.2 0.3 0.4 0.2 0.4 0.3 0.3 0.3 0.4 0.3 0.2 0.3 0.4 0.3 0.4 0.3 0.3 0.3 0.4 0.2 0.3 0.3 0.3 0.3 0.3 0.3 0.3 0.2 0.4 0.4 0.2 0.3 0.2 0.3 0.2 0.4 0.3 0.2 0.3 0.3 0.3 0.3 0.3 0.4 0.3 0.3 0.3 0.4 0.3 0.2 0.3 0.3 0.2 0.3 0.3 0.2 0.3 0.2 0.4 0.4 0.2 0.4 0.3 0.3 0.2 0.3 0.3 0.4 0.4 0.2 0.4 0.3 0.3 0.4 0.3 0.3 0.2 0.3 0.3 0.3 0.3 0.3 0.3 0.3 0.2 0.3 0.2 0.3 0.2 0.2 0.3 0.3 0.3 0.3 0.2 0.3 0.3 0.2 0.3 0.2 0.3 0.3 0.2 0.2 0.3 0.3 0.3 0.3 0.2 0.3 0.3 0.3 0.2 0.2 0.2 0.3 0.2 0.3 0.3 0.3 0.3 0.3 0.2 0.4 0.4 0.2 0.3 0.3 0.3 0.3 0.3 0.3 0.3 0.4 0.3 0.4 0.2 0.4 0.2 0.2 0.3 0.2 0.2 0.2 0.4 0.2 0.3 0.3 0.3 0.3 0.3 0.2 0.2 0.3 0.3 0.2 0.3 0.3 0.4 0.4 0.2 0.2 0.2 0.3 0.3 0.4 0.4 0.4 0.3 0.4 0.4 0.2 0.3 0.3 0.2 0.4 0.3 0.3 0.2 0.3 0.3 0.3 0.3 0.3 0.4 0.3 0.3 0.3 0.4 0.3 0.4 0.2 0.3 0.3 0.2 0.3 0.3 0.4 0.3 0.2 0.4 0.3 0.4 0.3 0.2 0.3 0.3 0.3 0.3 0.3 0.2 0.4 0.3 0.2 0.2 0.3 0.4 0.4 0.2 0.3 0.2 0.3 0.3 0.4 0.3 0.4 0.3 0.3 0.3 0.3 0.2 0.4 0.2 0.3 0.3 0.3 0.4 0.3 0.4 0.2 0.4 0.3 0.2 0.3 0.2 0.3 0.3 0.4 0.2 0.3 0.3 0.3 0.4 0.4 0.2 0.2 0.3 0.3 0.2 0.3 0.4 0.3 0.3 0.3 0.3 0.2 0.3 0.3 0.2 0.2 0.4 0.3 0.4 0.2 0.3 0.2 0.3 0.2 0.2 0.4 0.4 0.4 0.2 0.2 0.3 0.3 0.4 0.2 0.3 0.2 0.3 0.3 0.2 0.2 0.2 0.3 0.4 0.3 0.4 0.3 0.4 0.2 0.3 0.3 0.3 0.3 0.2 0.2 0.4 0.4 0.3 0.4 0.3 0.3 0.3 0.3 0.3 0.4 0.4 0.3 0.4 0.4 0.3 0.3 0.2 0.2 0.3 0.2 0.2 0.4 0.3 0.4 0.2 0.2 0.4 0.2 0.4 0.3 0.2 0.3 0.4 0.4 0.3 0.2 0.3 0.3 0.3 0.4 0.3 0.3 0.3 0.3 0.3 0.4 0.3 0.4 0.4 0.4 0.4 0.2 0.3 0.3 0.3 0.3 0.2 0.4 0.3 0.4 0.4 0.3 0.3 0.3 0.2 0.3 0.3 0.3 0.3 0.3 0.2 0.4 0.2 0.3 0.2 0.2 0.2 0.4 0.4 0.3 0.3 0.3 0.2 0.3 0.3 0.2 0.2 0.3 0.3 0.2 0.3 0.2 0.2 0.4 0.4 0.4 0.4 0.2 0.3 0.3 0.3 0.4 0.3 0.4 0.4 0.3 0.3 0.3 0.3 0.3 0.3 0.3 0.4 0.3 0.2 0.4 0.3 0.3 0.3 0.3 0.2 0.3 0.4 0.4 0.2 0.2 0.4 0.4 0.3 0.3 0.2 0.3 0.3 0.3 0.3 0.4 0.3 0.3 0.3 0.3 0.4 0.3 0.3 0.2 0.2 0.3 0.4 0.4 0.3 0.3 0.3 0.3 0.3 0.4 0.2 0.3 0.2 0.2 0.4 0.2 0.4 0.3 0.3 0.3 0.4 0.3 0.4 0.3 0.3 0.3 0.4 0.4 0.3 0.3 0.3 0.2 0.4 0.4 0.3 0.3 0.2 0.3 0.3 0.3 0.3 0.4 0.4 0.3 0.3 0.4 0.3 0.3 0.4 0.4 0.2 0.2 0.3 0.3 0.3 0.3 0.4 0.3 0.3 0.4 0.4 0.4 0.3 0.3 0.4 0.2 0.3 0.3 0.3 0.3 0.3 0.2 0.4 0.3 0.3 0.3 0.3 0.3 0.3 0.3 0.3 0.3 0.2 0.4 0.3 0.4 0.4 0.3 0.3 0.4 0.3 0.4 0.4 0.3 0.2 0.2 0.3 0.2 0.4 0.3 0.3 0.2 0.4 0.2 0.4 0.4 0.3 0.2 0.4 0.2 0.3 0.2 0.4 0.2 0.2 0.2 0.3 0.4 0.2 0.4 0.3 0.2 0.4 0.3 0.4 0.3 0.2 0.3 0.4 0.3 0.3 0.4 0.3 0.3 0.3 0.4 0.3 0.3 0.2 0.4 0.2 0.3 0.3 0.3 0.3 0.4 0.3 0.2 0.4 0.3 0.4 0.3 0.3 0.2 0.4 0.3 0.3 0.3 0.4 0.4 0.3 0.3 0.3 0.3 0.3 0.3 0.3 0.3 0.3 0.2 0.4 0.3 0.2 0.3 0.3 0.3 0.4 0.2 0.4 0.4 0.3 0.2 0.3 0.3 0.3 0.4 0.3 0.2 0.3 0.3 0.3 0.2 0.3 0.2 0.4 0.2 0.3 0.3 0.3 0.3 0.2 0.3 0.3 0.4 0.4 0.2 0.3 0.2 0.4 0.3 0.3 0.2 0.4 0.3 0.3 0.3 0.3 0.4 0.2 0.3 0.3 0.3 0.2 0.3 0.2 0.2 0.4 0.4 0.4 0.2 0.4 0.3 0.3 0.4 0.3 0.3 0.3 0.4 0.2 0.3 0.3 0.2 0.3 0.3 0.4 0.4 0.4 0.3 0.3 0.4 0.3 0.4 0.2 0.3 0.4 0.2 0.2 0.4 0.4 0.3 0.3 0.2 0.3 0.2 0.4 0.3 0.3 0.4 0.3 0.4 0.3 0.3 0.2 0.3 0.2 0.2 0.3 0.4 0.4 0.4 0.4 0.2 0.3 0.3 0.2 0.3 0.3 0.4 0.2 0.4 0.3 0.2 0.4 0.4 0.4 0.3 0.4 0.2 0.4 0.3 0.4 0.3 0.4 0.3 0.3 0.3 0.4 0.3 0.2 0.3 0.3 0.3 0.4 0.3 0.2 0.2 0.2 0.4 0.4 0.2 0.3 0.4 0.4 0.3 0.3 0.3 0.3 0.2 0.4 0.3 0.3 0.3 0.2 0.2 0.3 0.2 0.3 0.3 0.4 0.3 0.3 0.4 0.3 0.4 0.2 0.4 0.2 0.3 0.3 0.3 0.3 0.4 0.2 0.3 0.3 0.4 0.3 0.3 0.2 0.3 0.3 0.2 0.3 0.3 0.2 0.2 0.3 0.3 0.3 0.2 0.3 0.4 0.4 0.4 0.4 0.3 0.3 0.3 0.3 0.4 0.3 0.2 0.3 0.2 0.4 0.2 0.3 0.3 0.2 0.4 0.2 0.3 0.3 0.4 0.3 0.3 0.3 0.3 0.3 0.3 0.3 0.3 0.2 0.3 0.3 0.3 0.3 0.3 0.3 0.3 0.2 0.3 0.2 0.4 0.3 0.2 0.4 0.3 0.3 0.3 0.4 0.4 0.3 0.3 0.2 0.3 0.4 0.4 0.2 0.3 0.4 0.3 0.3 0.4 0.3 0.4 0.3 0.2 0.4 0.3 0.3 0.3 0.2 0.2 0.3 0.3 0.3 0.4 0.2 0.2 0.3 0.2 0.3 0.2 0.3 0.4 0.3 0.2 0.3 0.3 0.3 0.3 0.3 0.2 0.3 0.2 0.3 0.4 0.3 0.2 0.2 0.3 0.3 0.2 0.3 0.3 0.2 0.3 0.3 0.2 0.3 0.2 0.3 0.3 0.2 0.3 0.3 0.4 0.4 0.3 0.3 0.4 0.2 0.3 0.3 0.2 0.3 0.4 0.2 0.3 0.3 0.4 0.3 0.3 0.2 0.3 0.2 0.3 0.2 0.4 0.3 0.3 0.3 0.2 0.2 0.3 0.2 0.3 0.4 0.3 0.4 0.4 0.3 0.3 0.3 0.2 0.2 0.4 0.3 0.4 0.3 0.2 0.2 0.4 0.4 0.3 0.3 0.3 0.4 0.4 0.3 0.2 0.3 0.3 0.3 0.3 0.4 0.3 0.4 0.2 0.3 0.2 0.2 0.2 0.2 0.3 0.3 0.3 0.3 0.3 0.2 0.4 0.2 0.3 0.3 0.2 0.4 0.2 0.2 0.2 0.3 0.2 0.2 0.3 0.2 0.4 0.3 0.2 0.4 0.3 0.3 0.3 0.4 0.4 0.3 0.3 0.3 0.2 0.3 0.2 0.4 0.3 0.3 0.2 0.4 0.4 0.2 0.3 0.2 0.3 0.2 0.2 0.3 0.3 0.4 0.3 0.2 0.3 0.3 0.4 0.3 0.3 0.3 0.3 0.2 0.4 0.2 0.4 0.2 0.3 0.4 0.3 0.3 0.3 0.4 0.2 0.3 0.4 0.4 0.3 0.2 0.2 0.4
28 52 119 4 112 176 132 173 174 92 41 72 2 56 130 65 104 175 155 39 168 143 39 9 134 64 90 167 164 163 9 126 48 37 90 62 47 144 141 126 179 109 141 77 158 71 23 112 29 47 86 103 40 171 28 52 60 45 112 90 163 8 178 104 149 124 66 84 163 173 31 16 152 132 73 100 38 15 167 29 80 151 142 92 50 4 74 170 5 169 137 107 125 126 5 30 22 111 137 148 169 114 17 2 16 115 173 111 12 177 122 146 88 63 162 132 55 67 164 67 52 80 166 108 4 63 138 85 24 81 171 102 109 180 17 148 107 15 106 33 86 172 71 48 121 125 172 114 99 112 52 131 146 176 74 71 8 164 132 132 141 156 166 4 118 18 60 27 125 30 144 170 35 162 94 132 1 122 55 104 57 100 117 63 166 21 173 95 92 29 31 137 97 132 54 104 115 114 141 49 59 165 56 180 117 77 42 31 58 50 21 101 171 142 149 178 40 27 138 110 79 27 57 167 9 19 40 81 176 68 62 152 100 48 144 176 123 167 53 112 141 120 170 7 123 101 130 177 149 131 174 75 156 34 179 26 24 151 86 146 105 163 28 28 170 24 140 102 69 115 180 119 89 6 173 132 102 44 60 105 115 170 102 70 30 24 46 99 121 65 100 56 8 117 110 111 110 98 84 126 95 142 25 9 3 112 92 17 23 57 134 26 160 57 88 158 161 91 18 114 10 38 96 126 49 45 96 83 24 149 43 21 134 167 170 75 121 73 176 74 76 14 146 124 111 161 133 176 161 39 179 14 136 79 10 52 71 75 82 32 165 121 95 17 92 164 38 164 72 111 148 156 98 140 75 172 70 17 161 145 105 143 147 123 100 129 26 30 180 45 68 22 178 9 9 179 138 85 134 92 14 143 42 58 36 25 156 36 2 160 33 142 11 74 166 11 116 151 95 41 107 74 123 164 14 12 147 172 67 164 156 28 98 107 2 73 47 142 24 58 169 28 17 44 129 141 115 1 32 71 151 156 56 6 9 41 67 131 177 100 37 20 2 155 103 138 47 70 178 23 140 113 41 179 18 12 76 149 130 7 142 126 119 115 25 131 71 171 66 93 37 70 75 20 44 90 37 123 56 87 124 8 150 3 45 173 176 72 122 132 74 38 177 131 13 117 177 36 8 105 80 60 53 62 28 78 155 122 64 114 106 180 178 77 159 61 146 9 175 150 41 35 8 77 19 43 41 29 180 20 179 96 46 111 27 1 4 14 154 116 52 179 71 149 169 159 170 22 88 140 171 32 154 89 26 106 70 93 11 158 121 57 141 114 33 175 80 114 65 146 126 143 39 93 129 65 112 102 107 117 106 80 96 141 27 28 94 66 100 139 169 59 80 143 109 47 22 9 59 160 161 71 150 29 30 9 80 46 130 26 116 98 71 76 74 151 111 113 62 21 12 19 72 50 41 159 96 74 87 14 130 76 4 145 90 174 25 176 134 86 46 76 178 103 88 6 157 27 114 106 121 12 6 174 29 94 172 68 143 11 75 171 5 30 40 23 120 48 13 139 95 80 87 95 174 35 51 35 24 148 167 88 65 35 147 146 127 142 128 112 151 74 174 94 105 51 172 59 14 1 16 125 3 97 52 3 107 178 143 155 115 74 14 92 118 93 16 157 34 92 67 110 173 107 81 93 112 135 59 10 98 179 36 121 151 111 77 115 80 96 55 121 125 153 66 18 164 155 114 124 63 114 155 24 114 10 6 83 47 14 105 20 62 16 84 175 165 125 126 119 27 25 34 16 86 34 6 136 171 9 167 89 72 121 64 4 3 60 148 124 170 42 168 90 123 119 83 106 79 1 24 110 44 151 107 17 175 28 153 92 127 55 6 123 19 141 30 19 168 112 37 168 157 34 17 94 120 81 52 3 152 151 56 179 56 157 104 34 67 36 179 40 175 107 176 11 60 179 1 87 18 31 100 142 87 128 19 96 127 169 121 122 114 149 154 46 37 125 52 138 78 112 89 179 44 43 173 134 109 161 39 162 139 82 91 101 93 5 114 132 54 109 82 118 43 114 73 52 125 125 44 59 19 168 8 97 93 87 128 161 36 159 132 51 96 94 155 171 6 5 137 12 140 19 157 153 14 44 96 136 152 29 70 46 10 160 144 14 167 56 65 81 3 54 90 19 41 22 180 94 87 174 48 174 166 144 176 154 33 102 84 86 128 167 133 127 171 90 92 44 159 137 129 24 65 92 19 173 94 122 56 28 68 21 47 27 69 107 177 60 70 21 105 10 95 132 117 157 131 130 113 36 147 158 52 141 114 136 147 102 58 5 3 120 69 148 167 158 171 48 47 156 148 45 68 39 169 57 92 101 129 159 134 148 58 50 10 104 94 125 4 151 43 15 130 39 123 96 77 131 154 145 52 138 74 115 167 168 17 125 172 129 122 17 82 80 45 113 35 39 49 162 10 163 37 37 35 32 87 180 12 151 56 146 146 8 54 70 97 130 22 114 172 131 142 10 133 176 140 19 58 144 1 143 149 6 44 81 13 178 166 60 21 83 2 142 157 60 120 102 25 121 153 71 26 82 113 6 114 70 25 141 130 96 33 47 178 155 139 15 150 9 150 152 88 108 15 16 110 121 122 43 83 133 142 11 39 60 49 4 154 124 38 97 124 80 180 16 50 101 152 3 13 73 123 41 98 50 142 87 79 11 45 94 144 69 27 14 26 84 14 161 160 109 146 14 6 68 85 39 154 124 97 76 159 58 2 62 171 149 168 170 157 5 173 37 136 102 54 42 161 80 52 46 64 109 21 156 107 161 79 160 126 170 84 124 143 122 81 115 37 46 9 40 6 92 45 130 36 145 23 77 153 29 136 78 118 170 64 122 157 91 80 61 119 19 39 149 23 73 32 174 96 9 139 152 155 97 4 99 112 115 99 120 73 154 133 115 125 59 53 53 128 2 27 36 88 99 165 148 164 110 63 134 120 31 3 115 180 115 116 47 119 179 35 118 107 163 97 104 8 101 112 153 135 148 74 73 12 176
174 76 99 72 118 153 73 178 3 55 132 147 122 160 44 130 9 169 145 123 3 109 169 179 156 160 157 67 27 77 80 104 34 59 94 69 148 172 158 136 166 109 177 166 48 113 119 17 40 45 154 60 18 133 136 114 63 115 60 78 54 25 94 67 124 16 79 139 16 139 29 5 69 14 71 2 57 42 85 7 58 117 162 97 84 43 11 169 126 110 42 72 115 153 42 145 147 172 139 22 124 158 17 153 102 43 137 157 167 60 20 59 128 118 101 91 176 175 123 6 53 50 77 42 64 76 127 105 10 26 89 51 12 90 86 58 172 47 53 76 172 82 72 163 94 174 68 35 25 72 13 5 100 27 161 92 56 65 3 163 34 64 63 124 153 170 38 35 105 124 166 59 101 50 167 51 102 91 6 130 131 45 63 24 86 162 142 89 68 130 17 15 177 80 28 10 73 54 169 172 66 20 69 153 33 157 6 157 104 172 122 148 102 89 108 172 45 156 72 30 63 179 102 9 122 22 56 107 161 47 121 60 48 100 120 136 53 12 176 29 176 97 62 135 117 172 166 139 122 175 11 169 52 126 123 46 90 67 29 103 153 8 78 114 45 175 73 150 109 59 138 178 97 103 169 141 104 90 140 34 132 161 170 5 151 42 41 83 175 126 37 73 134 168 49 63 71 103 28 9 117 26 59 119 140 126 164 17 27 126 36 27 167 75 108 138 66 152 37 158 16 45 58 133 87 100 43 45 52 152 120 93 76 2 50 91 171 33 42 160 21 40 82 51 60 16 21 171 3 24 73 171 162 83 104 51 172 75 16 149 25 47 167 36 154 17 36 168 8 74 124 69 53 49 164 128 39 149 85 168 62 42 47 123 68 162 172 25 109 166 161 46 94 103 152 139 67 133 119 118 123 134 9 116 24 178 39 120 27 37 53 170 167 48 8 119 106 129 84 97 120 124 129 24 138 63 55 77 87 6 54 8 115 134 81 123 60 43 129 33 27 68 37 171 9 89 161 151 100 70 60 15 31 101 22 103 107 118 26 82 7 105 24 139 162 117 68 134 7 8 173 116 146 22 174 70 64 173 169 14 9 131 127 136 23 85 80 33 118 3 125 25 12 128 122 180 83 35 1 64 55 176 147 143 102 22 85 6 150 145 6 138 20 149 75 26 107 19 44 176 116 168 91 157 57 102 85 45 109 122 143 7 118 48 131 153 103 134 152 19 138 147 6 105 91 98 107 76 127 99 131 64 61 23 1 156 94 7 155 35 100 43 126 28 174 65 96 65 84 36 7 70 152 179 119 9 54 46 122 176 26 40 78 119 140 16 61 168 176 154 28 4 47 122 140 85 152 73 142 60 123 150 79 26 37 168 103 111 3 31 162 60 23 50 121 131 68 77 138 91 59 177 87 27 130 98 29 101 148 176 32 23 122 5 79 43 97 76 29 59 14 168 132 88 14 97 169 83 164 61 146 109 135 59 138 6 66 97 50 24 59 174 19 140 3 134 108 83 124 25 165 159 61 11 131 111 84 99 78 164 167 71 102 45 98 138 99 138 116 126 23 99 17 14 26 145 160 71 79 85 97 163 24 33 39 93 93 15 173 101 143 49 56 76 26 30 166 177 32 105 135 176 14 108 44 24 101 109 152 8 19 126 137 163 104 43 15 149 58 25 73 76 8 143 95 128 93 124 176 81 179 28 64 73 128 105 106 78 30 106 11 101 72 18 137 38 50 29 155 127 83 178 45 46 2 34 147 79 169 159 151 145 157 120 117 102 57 144 153 140 144 167 124 114 98 22 130 23 100 21 11 115 69 127 155 27 37 26 28 135 2 158 14 71 156 85 50 147 50 31 160 79 157 13 131 30 46 163 148 158 36 149 30 120 124 59 68 101 166 47 16 75 121 55 9 171 155 141 89 94 119 127 5 112 41 63 117 26 121 16 145 145 77 117 129 124 58 84 103 165 76 98 37 67 107 102 96 71 108 14 94 20 77 64 81 98 56 170 174 4 41 60 49 115 138 135 152 156 22 118 30 3 37 135 137 73 169 39 111 23 127 22 179 169 129 161 24 88 178 68 73 152 53 107 37 62 100 83 45 121 158 42 102 112 124 104 163 154 4 51 18 17 50 159 73 94 44 75 22 80 70 111 102 84 44 96 77 23 5 154 60 53 151 47 95 39 121 2 40 8 85 3 84 149 88 73 156 116 144 35 34 105 17 161 91 49 123 119 118 43 171 98 159 150 6 98 137 145 57 88 59 96 2 2 34 91 17 100 146 117 155 179 58 80 102 69 110 7 21 34 64 118 139 55 102 87 84 63 43 164 69 5 125 33 108 10 122 177 64 17 136 176 112 89 22 80 130 88 68 162 25 91 161 54 123 66 54 144 50 81 180 48 41 119 131 43 143 168 124 160 107 116 141 177 64 81 167 96 68 178 21 60 55 23 33 163 145 176 179 84 106 168 64 163 10 103 117 59 17 12 171 135 120 81 104 114 28 70 34 56 56 176 115 168 5 91 108 1 162 102 95 75 136 133 180 158 21 144 108 24 8 33 22 31 56 20 109 127 113 96 80 23 168 91 25 39 105 144 173 99 163 110 84 59 5 133 75 71 38 161 35 169 53 47 19 24 132 108 20 178 128 6 54 4 23 65 69 161 64 116 32 46 30 57 41 132 10 109 154 171 41 110 45 102 151 150 137 103 175 3 81 103 124 72 139 170 14 42 34 32 68 82 60 60 39 159 81 63 84 46 68 28 140 163 18 24 124 55 158 31 39 180 105 179 104 141 46 115 150 34 5 160 71 15 164 169 67 3 94 1 16 119 124 81 119 107 53 44 76 10 45 38 122 176 130 153 110 121 80 140 165 112 152 109 160 80 41 174 130 77 104 46 118 79 118 25 145 75 71 162 72 1 64 140 137 98 126 105 98 19 172 79 144 37 131 105 178 17 83 115 121 169 80 180 171 8 135 103 66 29 19 139 42 144 39 106 168 164 75 103 125 54 59 171 105 11 71 48 86 4 173 74 14 53 93 47 172 174 176 86
42 62 144 159 13 85 136 94 100 147 40 14 107 5 28 108 151 178 41 73 170 63 170 47 77 26 4 32 95 177 53 67 148 82 101 177 43 90 149 9 125 87 178 47 180 177 169 156 143 133 110 33 37 172 78 56 149 70 173 48 14 28 59 141 159 175 155 148 113 128 171 115 21 77 160 154 97 94 112 53 173 143 57 9 153 118 157 30 88 179 32 28 84 179 14 75 66 155 175 67 104 141 180 120 164 109 2 177 88 100 147 102 65 144 63 52 30 26 142 19 133 26 158 86 115 68 166 153 100 101 20 28 110 136 119 97 170 36 41 115 59 81 174 73 84 54 22 139 86 134 178 91 126 5 64 110 83 135 143 104 73 60 55 112 45 96 33 9 179 111 11 15 5 81 180 24 78 82 86 90 159 21 5 88 140 6 145 116 138 157 98 99 156 116 74 164 112 15 30 164 38 99 76 147 66 154 8 41 13 163 107 180 134 9 89 112 124 86 172 84 151 141 65 130 30 180 158 37 97 168 42 52 130 14 20 106 76 173 138 25 132 71 114 49 49 20 37 180 61 35 86 146 113 113 176 101 35 85 39 25 1 68 61 97 72 44 159 35 98 25 26 168 155 127 111 57 61 38 72 35 86 126 61 141 148 39 40 105 155 139 15 176 5 164 54 52 13 87 42 151 85 3 43 113 47 160 3 89 50 143 60 82 9 76 159 93 158 48 102 23 127 158 32 34 14 178 125 149 110 43 162 149 112 124 8 75 77 178 69 180 168 64 159 98 37 149 63 60 55 175 171 111 23 57 142 174 121 54 42 10 118 86 108 161 105 42 103 31 38 13 131 176 123 97 148 79 9 130 131 5 71 69 57 49 23 178 128 66 102 47 80 105 24 120 154 173 122 76 2 70 49 95 113 34 52 74 104 126 40 168 128 145 58 71 5 14 77 93 122 165 142 48 55 89 164 42 7 158 87 86 92 30 77 165 53 23 121 10 30 112 67 89 123 179 167 41 98 38 39 146 26 152 8 99 69 163 31 165 1 74 10 25 43 111 106 12 148 108 54 81 94 103 48 18 130 156 67 141 160 140 18 37 114 63 2 123 102 138 92 58 42 30 57 163 142 80 106 33 74 142 44 180 20 51 91 58 97 174 122 67 146 42 26 35 97 115 118 124 50 48 140 115 20 3 128 160 168 107 69 47 15 38 43 26 125 69 79 8 39 78 133 147 129 145 97 135 1 49 161 141 55 86 148 105 87 68 11 100 134 3 154 30 116 29 80 175 114 42 18 105 173 37 135 104 35 66 110 28 109 43 79 179 101 64 78 96 28 155 160 30 86 83 26 75 38 118 5 127 118 135 59 127 44 35 128 140 150 133 86 160 13 141 142 99 93 145 50 168 130 24 91 141 152 9 44 164 162 77 134 116 129 42 135 92 64 121 173 171 92 86 73 2 102 101 23 77 68 41 117 167 36 27 99 45 70 110 72 128 126 180 141 47 136 74 101 103 156 155 105 170 4 59 45 140 60 151 115 37 158 164 103 158 60 81 27 67 64 143 46 151 4 34 175 36 104 118 148 168 13 115 8 18 139 71 125 143 9 98 76 116 110 45 137 150 92 35 23 9 168 137 70 111 21 20 44 65 17 114 98 101 158 92 55 90 1 120 87 96 154 166 145 41 74 8 157 17 59 166 166 106 84 30 55 105 171 93 70 39 48 131 79 142 132 57 23 104 45 121 107 35 65 175 49 9 118 122 60 117 174 180 159 179 51 15 3 176 121 148 98 37 130 138 118 95 109 157 69 39 128 58 132 175 18 7 77 121 140 83 175 170 20 30 180 180 115 80 82 59 90 89 155 125 147 80 8 81 16 152 174 41 129 139 67 33 10 117 175 149 140 68 145 88 38 1 33 7 62 161 98 105 57 102 99 48 126 150 61 129 123 86 132 35 41 97 161 33 149 139 10 32 53 90 168 132 72 148 18 72 35 44 152 19 9 134 39 152 2 2 110 119 130 33 136 101 153 1 155 85 140 82 98 60 22 3 175 167 93 43 38 130 168 25 16 100 54 33 141 97 105 28 38 170 75 95 61 34 139 14 59 143 136 35 161 21 81 81 97 113 75 158 25 62 149 81 159 112 153 62 20 34 155 94 76 87 144 68 12 64 105 140 20 60 30 136 150 172 126 94 59 110 23 135 115 46 55 114 15 132 17 129 121 139 81 111 115 170 87 107 98 54 45 85 37 48 115 83 42 171 18 74 111 106 57 93 33 47 163 137 83 144 18 91 28 176 1 155 117 4 59 158 60 50 3 172 51 177 135 152 153 8 179 146 79 36 159 162 140 41 83 103 87 122 66 105 26 114 166 88 48 168 86 40 68 101 70 30 107 136 111 103 47 50 152 72 119 61 83 149 6 149 96 7 77 63 164 20 163 24 47 132 171 125 154 175 47 36 5 95 148 8 149 99 50 75 23 155 150 37 97 130 58 148 85 138 172 153 53 178 114 58 105 179 14 6 154 164 134 76 34 11 149 121 107 86 168 48 150 113 4 39 100 87 88 19 153 83 2 35 63 44 31 56 7 128 138 23 149 102 101 178 141 165 44 39 108 46 112 122 76 117 155 51 25 35 9 167 91 176 51 76 105 7 2 44 99 26 2 88 75 63 15 6 125 62 15 28 54 46 117 17 80 40 169 124 156 44 149 8 47 43 13 28 107 9 128 168 38 115 4 6 41 119 49 59 63 162 99 71 161 73 149 57 5 44 25 90 70 149 68 87 15 154 36 101 114 29 74 172 145 11 165 15 43 36 95 180 122 114 96 96 177 20 151 8 166 76 90 43 96 7 42 84 180 135 140 115 140 108 38 57 57 119 70 107 165 21 27 85 107 127 153 153 175 140 5 146 125 149 46 103 81 121 17 96 101 92 99 56 71 79 70 27 59 168 114 114 51 22 172 176 117 174 99 15 68 136 132 151 177 73 121 96 175 126 112 169 135 177 103 102 138 105 84 62 91 75 10 73 155 65 6 83 94 58 109 27 135 177 6 168
67 66 129 22 176 169 126 64 57 65 61 143 41 50 74 117 32 122 100 136 138 136 14 82 130 138 95 101 167 174 76 5 166 123 98 2 138 103 59 76 154 165 49 136 24 179 43 60 173 134 67 141 149 25 6 120 43 131 150 90 118 30 81 25 114 112 146 9 25 26 165 71 38 21 76 138 68 133 77 77 169 112 129 47 91 4 33 85 114 93 39 68 169 178 40 75 138 141 31 38 100 79 111 111 163 135 52 174 142 2 123 171 173 63 98 21 102 37 94 96 120 180 159 3 15 63 164 140 9 17 173 154 13 176 88 149 173 139 129 113 153 41 137 31 91 129 36 108 62 24 125 42 114 49 92 128 85 83 146 44 115 23 41 72 165 45 159 136 63 57 42 161 81 11 61 63 44 9 60 85 56 41 143 3 111 54 72 64 144 32 63 2 45 113 107 40 75 27 139 44 14 110 157 19 161 158 123 4 25 140 168 29 78 137 129 1 100 91 73 79 111 170 70 10 87 103 4 13 169 13 147 162 97 151 147 101 146 80 93 164 15 5 17 46 149 169 106 99 176 178 92 128 129 98 32 102 127 104 131 88 172 41 90 93 24 29 138 85 129 10 75 121 160 74 107 22 92 106 137 102 155 104 50 34 18 115 88 173 10 48 155 163 126 133 95 85 24 87 120 120 78 62 119 151 179 154 44 43 32 107 94 152 35 137 61 61 148 120 133 20 145 18 22 148 84 53 29 7 144 147 28 109 88 153 12 16 131 36 62 102 166 54 145 80 97 101 63 15 54 41 33 32 164 49 60 109 30 89 3 60 82 100 17 151 113 27 58 58 113 35 154 169 3 151 150 79 50 83 73 2 126 179 121 37 61 155 133 152 175 51 82 121 42 110 53 40 138 130 129 98 164 2 2 116 20 121 7 121 119 170 129 27 22 141 156 33 83 22 38 104 124 41 137 112 132 140 35 23 99 171 172 59 128 166 153 134 65 152 34 64 81 93 112 126 111 2 97 27 63 118 18 62 91 135 1 168 26 10 36 40 177 34 4 129 155 177 106 71 159 77 71 80 158 17 6 34 109 42 106 4 169 95 106 159 21 70 120 91 159 92 53 107 170 134 98 92 178 97 87 168 45 39 115 132 107 75 35 159 75 84 161 69 144 67 8 108 17 109 41 116 139 99 79 17 178 57 170 122 43 64 169 116 19 56 128 35 110 150 55 131 14 79 75 118 169 48 163 80 11 31 126 68 54 137 138 173 17 50 112 41 36 136 47 178 105 113 142 45 1 155 148 22 177 13 93 55 139 76 166 145 108 146 119 148 3 6 161 67 147 135 79 24 20 122 110 180 87 45 73 93 177 23 8 136 163 164 71 152 164 165 143 92 61 20 179 149 88 167 173 9 32 163 161 94 116 84 68 56 129 64 104 102 105 87 99 34 56 119 142 66 11 125 119 32 58 143 155 36 106 161 65 167 81 67 35 76 105 26 121 97 31 41 14 40 170 151 45 63 146 19 95 79 26 110 64 155 62 160 85 147 39 54 147 36 50 93 21 163 136 51 47 14 164 80 64 12 162 78 7 111 82 14 36 89 22 88 111 55 56 78 45 167 147 21 13 13 76 64 102 68 33 93 64 143 148 128 155 117 10 12 114 59 123 134 17 6 3 32 55 171 123 90 156 144 144 71 63 66 22 59 74 105 101 174 153 25 44 73 98 164 58 152 69 44 87 102 177 94 166 18 118 162 91 127 110 137 3 151 54 55 29 139 21 70 7 13 121 3 147 27 19 134 121 125 25 53 127 64 24 64 62 34 57 117 112 61 166 172 143 8 87 5 122 71 123 37 109 127 109 30 32 111 19 161 104 153 68 2 145 90 22 100 135 72 140 44 158 6 171 79 136 93 79 150 179 24 108 151 14 46 166 149 153 112 44 118 63 170 106 40 135 138 57 171 25 36 20 166 100 142 87 1 65 13 61 114 62 175 130 53 72 69 68 52 67 125 28 128 32 29 22 57 123 4 70 86 83 49 78 172 127 127 93 145 154 170 41 84 111 133 97 177 148 178 139 92 172 56 158 166 164 168 169 169 63 5 33 27 53 126 103 127 31 60 124 21 112 88 44 108 144 127 177 108 85 42 85 98 68 106 17 39 118 111 109 99 160 131 169 92 39 71 109 138 148 161 50 113 119 89 167 92 149 165 6 74 20 153 38 94 57 154 174 138 165 89 79 62 18 140 92 149 154 50 90 7 176 77 135 76 131 29 18 151 129 9 126 80 16 145 95 177 96 155 47 38 75 173 149 74 178 137 53 26 20 42 30 63 46 112 141 81 132 149 18 37 166 32 115 19 91 46 1 112 65 94 125 43 69 118 164 161 60 180 119 33 125 2 149 93 155 152 37 93 179 146 101 76 106 146 44 146 111 127 78 82 163 118 95 45 100 41 139 33 90 92 5 90 160 27 92 116 142 105 106 113 155 82 1 70 158 44 1 11 49 89 140 171 97 50 159 103 117 60 2 49 120 176 46 175 64 146 171 158 157 111 175 6 19 179 13 71 162 74 13 42 159 35 173 37 9 108 94 87 47 87 77 93 128 4 38 89 161 110 43 135 17 19 55 124 66 146 163 158 151 42 134 149 39 52 46 39 139 179 180 113 73 87 6 33 171 37 139 54 77 101 134 26 21 131 157 17 42 22 139 96 35 5 124 26 87 123 33 48 106 120 19 52 109 59 96 89 109 145 103 54 3 121 174 79 2 34 177 83 153 20 102 42 10 95 143 46 31 6 117 111 22 11 2 37 15 79 125 149 58 88 49 37 65 165 124 13 152 64 29 63 39 107 132 83 111 43 65 128 42 22 122 86 14 175 68 55 85 97 163 146 6 62 62 1 4 48 131 74 47 119 175 3 64 17 150 108 4 105 102 140 23 107 70 144 55 30 10 90 37 175 52 16 107 111 147 101 116 56 110 171 142 80 137 176 88 90 89 4 111 84 57 135 56 119 104 141 60 141 86 34 176 47 26 39 58 97 85 141 71 159 46 32 42 47
47 50 48 84 55 140 122 166 127 158 33 86 16 171 161 175 146 29 121 71 27 46 94 154 121 10 92 138 163 138 113 170 68 67 11 109 70 98 62 82 116 19 143 67 21 73 15 67 56 46 118 163 71 143 99 47 150 49 34 126 87 151 179 44 14 111 3 143 48 3 7 109 104 23 6 42 36 126 163 54 20 41 64 9 180 102 148 24 17 43 171 79 147 159 160 106 39 13 37 6 11 107 74 21 92 144 19 100 161 138 140 18 39 156 48 60 92 99 108 81 145 10 100 84 80 92 177 86 39 47 156 158 130 19 85 154 22 63 116 147 30 17 166 112 8 86 34 51 99 130 109 103 68 19 153 66 45 63 157 5 6 74 129 91 25 114 56 115 170 40 99 21 94 173 48 70 62 27 114 35 82 153 13 13 143 129 123 163 152 75 107 108 85 32 70 30 42 144 76 115 73 166 153 61 89 98 39 149 96 132 72 20 159 145 85 150 105 3 166 154 118 171 74 133 71 140 50 28 161 136 61 25 66 71 162 143 105 147 109 67 156 173 109 180 104 177 49 141 130 52 145 157 45 20 131 45 99 174 62 113 148 108 31 175 55 129 29 169 17 19 166 62 64 180 164 89 63 72 41 48 158 140 85 62 43 46 97 87 50 133 64 9 176 54 167 63 150 80 27 99 154 128 29 128 92 99 62 53 124 4 8 47 44 16 125 19 3 22 71 63 100 87 60 54 112 92 44 4 6 141 8 78 120 86 149 12 70 116 144 131 142 175 24 57 44 67 179 88 23 124 162 15 4 119 169 176 104 133 50 164 82 15 120 170 19 13 25 76 154 91 143 53 161 99 135 46 74 93 43 12 162 4 109 123 75 132 159 40 10 137 89 105 9 92 160 180 138 147 150 156 28 161 156 76 175 176 125 119 17 65 76 85 121 133 16 6 68 111 44 106 134 150 130 109 33 17 176 169 3 26 27 14 179 24 132 13 93 91 107 39 7 15 46 36 32 105 97 102 165 168 50 83 173 47 51 133 86 147 142 90 8 13 98 172 57 120 22 8 18 118 87 141 29 14 174 87 97 3 179 59 180 114 174 109 145 35 142 43 146 127 143 51 5 171 12 39 176 58 112 25 77 162 117 37 33 97 35 123 77 99 178 41 70 176 135 48 180 24 73 128 140 60 141 81 49 91 52 162 120 45 61 147 155 86 119 164 36 58 27 124 28 8 103 48 94 122 110 78 98 81 126 94 107 24 43 41 79 159 104 118 136 54 162 158 111 5 155 27 29 62 67 28 73 32 45 34 17 82 131 37 1 54 73 101 52 72 34 74 143 123 112 108 122 82 107 4 160 16 1 38 67 14 129 125 116 154 78 80 2 126 141 117 55 90 50 66 49 1 164 70 109 22 75 33 77 171 93 159 98 123 16 26 47 24 6 89 29 16 162 63 53 8 81 162 177 156 85 87 113 177 112 81 102 68 46 64 157 4 172 4 33 10 94 73 162 114 19 143 47 25 80 155 39 124 22 148 43 102 35 80 168 143 142 171 115 49 54 145 1 108 164 102 43 29 6 100 151 175 15 7 26 156 145 131 135 169 36 133 166 125 131 156 88 66 85 104 173 165 146 127 9 65 37 95 179 28 69 120 98 107 72 40 177 69 86 175 96 107 144 115 86 176 90 165 55 37 19 16 180 73 26 99 50 142 171 33 15 161 65 44 143 108 122 155 108 65 168 50 152 5 64 18 171 48 110 9 78 106 76 42 97 76 107 62 25 65 138 108 32 160 147 32 88 62 149 113 74 173 41 90 13 81 94 115 145 136 10 53 91 37 160 100 84 103 152 95 150 158 86 13 104 120 45 166 8 23 54 34 56 124 81 67 79 31 137 66 133 151 107 91 83 104 137 16 105 17 55 36 139 2 157 23 10 7 18 70 166 48 108 168 52 74 84 63 145 27 5 29 116 82 37 76 123 120 35 67 70 111 43 25 41 69 101 10 70 18 151 60 146 17 66 178 63 42 84 38 33 106 7 102 148 49 45 22 145 7 119 62 139 13 148 100 55 15 70 4 6 137 75 128 81 48 38 50 48 165 16 81 82 51 52 19 81 177 11 62 54 126 10 141 27 126 163 1 22 95 55 21 24 4 132 41 149 2 35 86 147 38 176 79 82 146 33 58 11 177 17 63 112 149 77 55 178 53 178 76 56 166 146 25 163 66 22 118 108 67 11 76 54 117 157 17 100 11 179 55 31 145 146 104 78 154 132 64 98 28 15 140 68 137 177 112 83 104 44 44 63 67 39 138 82 172 54 109 169 160 100 159 5 12 148 86 14 113 141 84 43 1 170 8 51 101 31 1 176 153 134 160 48 84 52 55 155 14 180 49 162 158 76 171 133 5 5 150 97 73 119 114 154 129 89 158 172 70 27 124 57 158 121 68 5 129 115 42 180 50 113 49 95 18 15 64 162 97 81 165 156 34 3 63 142 47 150 125 164 125 90 106 108 74 16 127 126 101 22 41 111 167 169 20 50 59 42 80 119 1 84 50 164 36 165 128 62 166 5 157 60 180 159 143 52 3 23 67 31 57 76 77 12 118 95 57 129 109 61 101 157 150 103 162 67 169 109 95 140 91 77 180 16 142 170 47 119 124 79 127 46 67 80 131 165 18 38 45 154 77 21 130 105 6 80 132 107 17 154 23 46 44 74 30 173 4 161 172 78 11 111 8 90 45 147 127 115 171 29 108 127 99 147 115 123 88 174 85 68 31 21 92 89 49 31 124 8 167 166 134 34 69 85 37 37 11 18 125 10 115 118 74 80 167 115 103 100 130 141 109 115 137 165 149 118 171 162 30 96 81 168 171 17 92 133 69 116 134 2 110 30 82 67 85 91 106 108 55 164 45 103 3 6 167 130 110 4 175 85 167 113 147 1 25 169 127 131 107 171 84 137 4 132 47 177 31 60 118 163 23 59 11 102 40 135 81 100 43 66 128 49 86 80 84 6 113 115 38 70 117 145 172 129 55 33 178 160 174 31 139 174 65 10 70
166 122 29 176 151 19 177 8 96 77 122 85 29 30 131 7 60 172 126 19 111 42 165 51 64 136 41 20 17 74 140 110 14 136 70 70 98 158 88 98 88 101 10 136 128 21 55 40 69 21 177 91 172 43 33 86 106 44 124 157 26 180 108 1 72 152 12 112 169 119 37 163 105 5 121 14 116 162 108 63 158 53 178 8 14 174 79 149 19 81 46 35 37 157 92 143 123 143 121 71 152 83 119 56 22 22 160 146 130 127 88 123 41 5 70 8 2 80 80 70 89 117 58 50 145 88 12 151 27 57 123 90 142 68 153 62 75 10 66 58 105 115 2 70 25 85 74 40 52 54 83 70 24 19 82 25 59 168 44 141 164 177 88 47 48 153 41 6 41 159 44 15 149 108 166 47 56 11 96 73 161 116 166 74 74 177 71 171 155 94 169 173 29 104 30 92 2 64 60 127 4 51 162 159 83 33 58 8 99 141 44 180 111 170 3 50 30 95 47 106 32 170 164 72 70 40 128 33 133 147 176 25 55 114 124 48 168 79 118 66 27 96 176 177 148 13 79 147 118 67 2 156 55 64 59 84 99 154 143 53 120 180 177 130 44 86 49 91 65 117 142 179 76 80 45 20 154 154 23 62 125 161 103 157 104 25 24 167 37 119 66 95 156 3 40 112 67 174 82 139 140 34 136 145 37 138 163 167 88 60 151 87 143 77 87 133 108 163 81 44 169 10 169 163 31 95 8 123 9 36 14 76 36 67 76 43 83 93 133 154 25 7 49 106 113 61 161 117 85 33 91 129 36 100 75 27 41 177 74 74 72 60 141 50 72 173 77 62 109 94 94 128 37 4 14 136 20 17 53 116 94 24 150 31 133 180 76 39 81 138 74 18 30 53 106 92 68 47 13 123 106 23 44 135 146 104 131 114 137 4 135 27 96 14 74 24 130 108 133 10 63 122 33 17 134 9 68 121 143 141 35 145 33 91 160 154 135 52 75 47 114 88 120 162 123 44 178 24 88 174 173 139 122 43 103 80 64 24 75 141 145 64 67 26 164 139 40 20 58 159 81 94 146 117 102 72 86 35 47 35 25 12 35 174 35 46 72 105 103 82 71 135 111 162 58 85 80 31 20 54 160 77 179 121 157 107 27 64 11 120 157 136 139 137 74 175 179 153 128 12 41 150 145 38 107 119 155 117 163 149 43 73 137 113 176 146 4 165 22 97 82 17 108 155 87 25 175 167 66 170 70 36 65 109 74 31 29 145 2 168 145 179 57 54 61 97 23 120 24 52 59 27 12 98 78 43 13 98 24 150 38 16 36 3 111 112 83 18 3 131 2 99 73 29 101 149 93 11 43 143 97 3 114 38 173 33 29 29 130 14 9 30 13 120 136 126 75 154 24 45 165 117 75 142 146 65 57 138 42 119 24 92 176 97 61 58 93 22 148 1 1 128 58 101 175 7 177 123 74 129 85 77 139 10 59 94 48 66 120 34 109 155 43 81 142 56 177 65 134 148 76 76 5 173 121 105 66 16 113 155 40 119 26 52 36 97 38 37 26 52 57 27 133 100 47 135 102 164 161 113 170 27 67 59 135 159 93 152 89 55 103 171 155 10 82 4 97 80 135 147 176 169 73 30 58 66 113 7 20 142 54 153 14 33 119 86 13 88 127 45 52 73 64 141 9 11 98 118 125 178 60 43 140 170 21 138 54 66 93 146 42 11 179 137 29 128 150 65 75 17 115 132 112 57 110 96 146 148 26 143 49 141 12 44 63 180 16 163 23 139 79 73 77 15 106 6 71 48 131 27 168 138 118 149 172 122 4 95 114 73 35 131 112 93 87 150 128 174 36 1 166 157 18 106 8 9 22 147 109 58 105 38 77 56 120 166 6 144 114 35 176 18 151 29 37 117 175 72 174 154 63 81 143 25 63 5 12 89 3 133 40 65 2 81 47 32 90 20 11 15 8 86 138 56 38 21 70 161 15 91 77 120 91 107 83 123 58 17 156 65 145 58 157 84 126 46 73 56 72 81 80 18 86 44 22 56 56 11 54 120 63 3 78 35 85 61 131 44 167 113 118 96 27 29 167 173 92 91 24 160 165 98 78 13 72 174 152 91 16 97 33 57 37 3 168 172 21 98 164 74 168 155 2 25 92 116 46 101 116 19 110 95 127 33 43 19 77 135 159 34 8 74 6 74 87 140 22 130 132 110 176 8 159 174 67 93 137 101 47 127 107 146 98 109 49 150 47 69 84 64 135 180 61 151 142 161 65 27 12 94 127 30 169 79 150 100 2 135 101 57 103 98 179 75 166 121 147 154 31 167 34 71 148 114 60 169 118 172 86 148 92 72 167 62 146 139 169 67 83 169 45 48 21 88 23 49 166 19 141 95 9 101 9 51 107 63 93 27 140 103 130 175 132 92 165 72 20 43 122 74 73 172 7 168 44 76 43 176 28 163 5 84 151 161 116 89 14 174 93 113 170 178 53 96 78 84 156 148 101 159 19 165 66 144 98 63 170 49 21 114 44 146 120 146 99 156 168 180 119 36 104 172 9 108 45 48 86 171 10 24 159 126 137 126 103 161 59 27 85 58 21 107 29 99 6 20 170 65 162 102 124 137 112 34 135 144 121 98 135 34 59 146 21 41 47 151 9 118 21 173 75 126 90 80 97 138 16 51 130 107 43 4 175 64 18 23 169 76 62 138 148 167 7 1 149 9 162 101 23 91 76 5 93 113 54 125 30 158 61 157 119 168 179 25 2 7 130 129 29 22 139 64 162 73 156 126 109 93 42 156 78 75 144 33 133 131 103 107 133 30 171 12 10 6 126 110 78 91 141 12 74 89 119 157 36 129 25 1 67 84 106 4 30 114 46 72 54 85 48 67 78 94 72 116 76 6 87 95 136 96 20 46 143 168 32 59 118 138 95 30 140 19 173 100 170 28 123 1 86 40 163 85 95 65 94 138 68 27 131 45 18 23 39 79 37 167 8 1 147 34 108 156 112 60 94 111 5 135 119 140 177 85 15 125 115 154 154 112 54 150
100 35 149 49 95 92 101 61 95 102 47 55 9 1 130 146 91 150 109 120 88 77 111 2 162 47 146 154 34 2 141 172 27 138 148 57 95 148 175 137 14 35 80 171 52 22 179 34 129 91 143 123 85 23 177 109 30 168 41 158 124 139 35 178 162 94 171 17 149 8 29 1 43 61 166 108 62 14 130 78 83 78 33 156 128 113 25 114 75 96 155 84 102 167 73 93 121 36 63 141 144 122 91 98 104 99 146 125 1 177 175 173 126 35 139 161 4 145 138 167 13 124 133 135 38 73 34 76 22 35 137 85 164 104 106 155 154 8 99 96 15 65 102 129 162 164 1 174 153 128 170 71 125 94 129 67 10 91 45 174 22 16 87 101 123 142 36 77 175 103 62 48 117 116 115 136 173 129 8 85 128 36 163 132 6 35 24 149 48 71 144 114 36 10 105 43 96 13 42 108 167 118 163 76 148 65 57 163 8 66 154 143 59 67 116 44 144 157 1 170 138 126 143 45 77 145 52 45 68 89 92 66 155 171 111 43 146 74 55 21 83 128 111 170 136 136 11 69 106 171 23 51 80 64 155 143 95 137 119 125 40 67 33 90 73 75 84 115 19 25 88 75 79 105 176 36 69 77 25 122 95 61 74 50 138 49 119 159 140 130 38 162 142 139 120 3 165 70 4 132 96 126 129 88 8 22 62 161 145 81 143 147 136 144 102 166 107 127 117 94 40 120 105 156 159 70 13 120 172 125 46 178 131 49 136 139 73 52 82 164 166 72 89 63 41 146 150 141 147 91 22 119 64 31 17 68 15 80 76 72 28 68 128 102 19 68 131 103 30 50 25 107 153 63 124 138 144 128 128 17 109 90 29 93 113 73 57 102 154 23 169 19 42 77 32 44 53 144 35 164 46 147 5 56 95 64 144 13 132 59 153 17 139 136 103 5 17 86 164 32 115 14 35 35 139 71 61 57 112 153 143 123 97 22 107 10 50 147 44 160 176 82 84 114 122 57 90 85 171 121 71 171 175 53 88 101 47 43 156 10 77 36 50 25 150 29 58 33 24 148 80 175 29 117 31 177 86 44 135 170 139 144 65 103 161 123 151 85 19 22 80 149 40 133 39 77 97 91 150 12 5 154 36 93 15 122 151 128 97 117 4 15 60 29 33 72 110 64 10 66 157 89 166 155 137 65 156 150 101 163 78 26 14 167 114 71 135 36 73 115 57 70 119 16 99 122 102 85 98 47 152 84 52 5 89 59 45 47 20 87 6 65 89 160 54 50 113 123 112 65 105 131 92 80 141 164 53 136 29 1 15 33 157 109 173 44 141 11 48 62 5 51 77 43 30 5 150 120 104 104 34 142 167 76 83 100 41 114 148 122 161 3 113 75 157 4 22 30 124 79 94 105 6 53 24 125 32 91 72 81 80 2 155 149 173 148 151 43 174 137 121 94 98 168 51 49 8 148 90 46 109 129 65 65 109 130 61 130 106 123 124 37 17 32 93 52 18 41 170 45 83 126 17 151 9 123 165 24 146 70 151 169 40 115 126 6 133 131 177 65 152 148 83 158 98 178 166 122 28 85 119 79 139 73 89 124 180 153 101 79 78 109 93 58 148 109 19 125 57 139 35 50 174 83 98 152 167 94 72 36 149 162 76 58 100 59 77 81 144 21 102 12 94 51 67 66 180 29 85 138 162 168 49 2 147 58 59 116 69 180 143 39 111 5 129 98 128 145 14 83 31 13 152 154 179 153 18 150 123 46 18 132 147 120 175 7 138 136 10 130 33 166 57 133 136 25 12 170 145 26 88 154 83 8 133 160 140 66 166 104 139 20 91 128 136 13 103 128 153 63 25 120 178 50 119 111 20 8 171 170 127 58 15 146 126 26 133 119 32 43 109 170 35 61 87 94 151 136 173 172 1 125 1 131 45 152 132 175 12 173 85 149 22 4 169 104 91 25 51 42 76 25 24 52 5 8 132 93 81 98 71 13 119 93 147 140 146 143 62 17 48 35 16 152 23 109 174 122 36 88 59 159 97 176 17 56 59 104 147 14 166 145 80 172 57 33 7 51 42 74 91 85 21 35 153 40 158 12 17 170 97 89 30 80 145 20 133 56 140 158 39 145 25 179 77 161 29 61 95 160 103 45 126 80 167 11 82 37 138 130 160 147 159 123 111 158 79 141 86 179 28 47 115 167 128 172 164 104 116 32 143 137 44 104 40 35 3 174 21 119 164 151 11 110 8 77 21 93 172 153 25 14 103 61 26 115 20 102 128 119 170 140 24 88 128 129 111 43 117 77 129 6 117 139 172 61 102 152 39 135 144 3 26 68 124 165 174 54 49 16 143 60 119 128 35 97 2 44 25 71 174 66 68 91 59 65 131 116 33 84 83 7 82 42 49 108 164 17 156 170 135 51 78 151 20 131 172 121 132 49 85 15 23 106 131 130 63 1 25 131 155 137 11 61 37 29 4 129 109 96 133 26 15 99 145 14 179 23 160 33 82 140 22 72 166 62 43 127 20 126 103 67 149 142 83 22 93 96 173 76 42 119 49 155 127 48 14 35 95 39 44 65 103 21 15 165 76 122 26 5 149 134 23 26 143 72 56 141 173 141 145 125 81 66 53 141 10 160 129 167 54 72 55 139 127 173 68 131 78 94 39 54 139 43 94 130 88 50 98 177 107 25 30 151 23 5 27 137 27 83 144 9 96 125 69 163 147 9 5 60 136 117 70 63 173 46 59 86 149 10 4 32 87 8 168 86 101 62 28 74 156 119 163 35 58 35 146 26 69 40 168 11 42 108 52 78 111 151 90 131 19 93 149 96 27 72 109 24 81 179 91 163 170 144 76 136 39 111 99 46 131 12 95 164 2 99 149 142 87 139 142 142 12 172 115 138 60 83 77 110 31 167 22 168 50 101 33 35 17 139 84 175 29 143 70 84 144 45 1 13 71 44 169 26 22 1 60 111 64 50 68 78 133 63 98 127 52 30 152 85 55 2 43 77 61 41 162 45 151 54 59 114 151 137 158 89 66 69 67 126
97 37 10 77 48 28 81 95 42 73 48 7 2 180 87 100 148 41 41 19 164 100 146 104 167 100 173 144 100 17 124 59 95 173 161 91 45 77 117 13 113 41 173 62 33 178 177 33 166 31 1 176 75 21 144 19 40 67 108 153 84 93 134 38 9 66 58 147 116 102 74 123 88 144 143 115 135 179 166 61 20 13 153 1 165 80 172 29 113 105 52 177 85 139 10 115 22 174 169 154 133 141 58 85 57 19 42 25 142 46 114 23 57 39 64 32 72 79 128 157 97 149 169 111 88 80 161 89 135 61 74 48 92 110 25 25 94 51 24 104 168 72 46 163 102 35 94 43 41 126 89 148 20 59 9 158 5 21 90 78 87 77 23 10 5 166 100 122 85 28 95 140 82 42 178 59 29 114 16 114 79 99 24 35 166 137 15 36 137 137 63 92 43 58 89 26 46 15 67 138 20 104 40 136 148 111 127 95 39 158 28 50 6 29 65 44 123 165 41 131 161 135 141 124 89 71 106 40 82 162 90 133 33 93 150 179 178 163 45 128 65 47 87 128 169 171 147 159 134 115 39 157 2 134 47 64 73 5 71 158 163 6 52 157 164 118 177 114 27 100 157 166 86 37 6 152 53 57 57 132 74 25 158 67 125 155 76 14 87 18 27 74 160 152 118 166 89 46 114 128 107 91 87 60 34 175 24 91 90 67 138 173 50 63 23 61 79 139 86 154 116 9 171 5 95 36 129 159 88 153 66 149 59 121 86 152 87 48 48 145 178 49 98 113 27 137 74 64 45 86 3 133 145 109 66 134 147 49 52 134 179 101 71 39 62 167 161 67 5 5 110 82 167 94 14 151 129 76 78 2 146 119 31 15 40 93 154 24 51 159 4 159 122 96 48 47 127 115 179 73 37 37 166 129 127 36 130 125 131 130 22 151 131 17 12 170 48 26 103 155 118 161 54 36 167 123 62 20 178 18 64 60 8 77 149 70 144 54 175 71 46 69 21 154 40 121 4 53 108 28 167 54 179 31 96 19 180 46 21 70 6 73 80 156 114 13 46 3 10 127 36 68 129 30 164 84 14 19 83 27 49 41 2 22 50 52 116 18 17 64 52 33 111 67 149 38 166 50 90 110 18 107 27 91 104 39 164 101 154 111 107 79 146 27 64 61 139 112 168 93 5 115 49 173 177 83 160 99 12 21 4 6 124 163 59 1 90 7 174 10 96 39 85 180 124 176 37 129 178 95 124 31 134 28 133 1 62 117 121 114 1 3 156 55 129 17 31 109 154 92 37 37 160 88 143 127 12 47 105 174 171 159 162 80 10 47 122 38 70 19 44 62 61 28 163 37 150 37 48 175 110 147 54 90 152 25 6 34 16 43 74 35 7 24 134 3 103 163 78 171 2 140 85 127 91 8 20 93 129 179 122 94 17 32 160 179 154 96 53 139 19 44 22 146 62 40 134 21 83 103 177 6 37 105 94 111 104 112 122 106 177 38 163 176 51 154 147 82 180 45 44 50 101 146 160 30 117 134 119 105 57 35 55 125 22 134 84 14 175 178 22 109 144 145 145 60 147 161 79 63 177 113 125 177 104 148 4 117 107 157 153 141 21 53 67 24 148 55 44 109 109 139 26 86 18 68 19 42 156 26 76 99 66 164 175 152 81 167 56 123 18 84 119 31 172 97 151 5 171 75 124 123 45 69 29 142 139 127 133 24 44 133 73 89 130 55 108 169 5 35 37 19 99 108 60 3 74 176 164 41 26 68 130 102 168 123 62 99 50 25 172 40 74 63 91 100 150 125 92 157 11 17 59 43 167 83 111 172 66 17 20 122 57 150 78 153 28 164 75 54 82 117 155 99 122 37 149 147 57 13 164 52 85 1 159 74 22 78 163 97 132 167 110 53 16 63 116 123 134 53 9 95 168 51 159 107 72 169 92 61 95 112 160 7 39 155 32 166 50 39 176 125 21 47 133 141 25 19 147 116 82 38 99 132 82 174 81 104 133 100 34 35 137 44 25 144 99 137 50 42 121 155 22 45 4 12 180 169 142 13 121 86 179 93 17 145 54 61 137 47 72 99 87 58 32 152 88 147 24 160 8 69 155 61 180 94 33 176 59 97 121 140 168 107 80 25 23 87 81 160 27 117 147 95 125 130 75 44 1 73 105 120 46 152 46 174 39 123 125 83 26 124 147 12 12 148 67 24 47 141 53 155 120 21 47 60 102 63 173 102 9 125 157 99 75 82 175 78 119 1 73 164 95 40 148 57 113 35 115 82 75 121 86 41 44 66 33 73 113 53 163 8 84 9 88 71 27 147 80 127 50 62 73 177 28 155 70 110 55 57 157 75 121 114 10 173 152 39 22 127 166 172 90 23 113 160 3 112 147 153 107 83 76 71 73 63 72 36 100 88 117 49 10 120 1 28 33 59 97 70 128 82 93 104 156 131 106 28 14 136 41 152 47 151 36 56 107 91 105 88 33 157 178 149 162 79 40 125 158 78 3 8 159 108 138 63 47 76 18 98 169 126 107 25 77 103 11 13 102 58 136 85 9 122 129 54 5 95 174 121 70 163 59 142 81 69 104 32 24 62 24 41 35 164 40 107 71 168 33 37 55 42 54 125 52 153 169 58 57 65 155 147 148 176 164 44 135 95 22 179 16 168 52 54 151 99 73 129 91 160 179 128 109 53 124 7 36 168 44 148 159 175 132 72 40 81 103 113 77 110 54 146 16 12 89 155 100 143 101 168 155 52 149 93 172 165 56 136 29 47 33 61 48 172 146 103 72 136 40 114 50 161 24 74 129 70 99 42 129 43 117 179 46 162 123 110 103 130 74 180 151 25 30 46 67 137 70 43 177 113 134 17 81 127 8 97 165 152 7 115 38 177 86 106 154 111 143 102 49 173 106 109 58 164 105 20 106 29 121 12 117 105 130 134 124 37 121 27 151 91 157 60 125 139 91 3 94 65 146 53 30 178 155 58 85 138 126 61 117 96 46 21 29 177 178 75 25 180 6 149 66 168 174 65 32 93 150 45 32 143
44 10 13 70 70 87 21 17 140 83 142 35 132 107 127 139 28 22 62 11 55 160 73 159 125 90 25 176 143 45 14 46 155 87 27 60 63 106 85 165 63 136 87 150 124 28 158 162 115 82 119 162 166 171 105 17 125 53 28 133 64 180 8 158 180 168 139 31 134 31 98 154 159 165 24 5 156 139 136 102 135 179 140 49 144 59 48 154 67 10 108 116 113 101 24 44 150 65 167 35 60 110 32 107 27 137 155 172 139 87 27 111 107 117 17 117 106 93 39 34 148 138 174 80 7 50 179 99 179 121 37 1 96 158 148 74 45 4 164 38 98 141 30 74 85 137 15 6 37 128 168 41 154 66 4 89 66 8 15 40 42 58 34 33 27 35 91 130 118 58 150 86 1 12 47 61 175 67 155 19 156 80 104 15 85 4 113 106 11 10 65 159 17 71 118 95 102 57 99 103 43 9 148 171 59 46 90 101 86 25 39 15 78 19 132 166 30 125 111 99 57 5 24 41 67 31 53 10 46 90 94 82 105 61 43 108 129 1 27 128 60 104 93 21 175 137 165 42 138 172 146 147 3 11 22 104 178 149 83 96 103 180 119 86 150 49 67 67 17 157 34 66 116 132 33 106 86 123 79 172 8 41 141 168 142 102 102 112 45 167 4 15 121 11 64 156 79 163 17 18 113 118 13 62 113 12 52 129 162 51 5 178 65 102 16 163 148 32 145 100 124 145 38 171 135 6 163 47 32 116 83 103 53 42 59 163 140 22 22 56 11 85 16 111 161 14 72 5 155 32 69 131 26 71 6 106 180 113 4 148 2 42 71 123 25 108 4 124 119 152 91 11 142 45 150 108 147 49 86 142 92 35 125 163 32 106 64 149 83 179 3 24 148 69 116 31 127 161 74 27 147 52 166 47 89 142 109 121 101 82 157 124 91 177 179 111 41 38 132 144 13 133 146 59 127 124 2 10 19 125 42 77 141 141 49 41 55 174 10 76 3 65 171 77 111 153 131 67 144 57 106 133 178 147 166 84 177 36 119 133 16 88 126 101 2 172 136 62 10 40 100 93 41 114 147 72 143 140 161 49 69 109 178 175 65 53 12 90 69 122 49 146 146 7 174 178 158 84 8 46 170 15 13 144 119 109 64 75 171 126 50 53 57 141 47 8 36 17 22 171 89 72 39 80 154 120 151 160 37 13 145 63 15 78 161 162 74 122 120 104 100 177 83 7 144 165 134 105 106 38 174 43 97 162 40 24 5 54 130 58 11 38 38 101 28 149 18 124 172 92 95 123 164 156 70 110 58 123 170 100 72 134 6 144 134 83 131 13 86 164 179 162 130 94 51 162 82 20 92 103 142 63 45 160 135 33 139 110 126 33 165 155 119 176 95 7 170 148 42 92 153 94 139 119 22 58 150 112 120 111 155 128 21 49 121 139 82 149 32 172 34 32 93 142 111 170 125 89 129 177 54 131 117 125 53 146 101 138 105 118 137 4 2 39 38 20 63 18 12 64 105 110 53 111 66 156 60 139 22 24 119 72 139 116 35 77 117 165 136 169 68 113 129 40 69 177 159 140 3 75 144 24 82 60 121 154 72 162 27 62 126 53 27 22 125 111 129 20 16 49 101 112 91 56 126 111 167 20 144 134 179 14 172 148 27 153 55 77 126 162 157 109 96 34 64 135 38 77 115 82 130 21 147 180 142 76 40 72 116 136 111 130 87 29 44 128 123 55 72 5 89 84 172 159 80 93 162 81 61 53 38 45 114 135 140 54 54 10 153 87 60 142 7 38 59 103 151 174 122 21 92 36 167 2 34 66 127 170 121 92 38 106 94 3 171 166 48 22 50 143 43 146 2 131 79 171 55 32 14 8 178 158 34 133 102 41 13 27 26 108 15 180 89 21 121 10 70 37 127 85 14 177 126 162 172 85 81 10 162 64 54 47 97 32 71 87 123 3 164 36 137 102 46 104 143 44 65 36 174 131 178 180 70 62 40 46 103 62 109 164 48 149 47 179 19 27 173 30 149 66 100 53 17 169 115 19 50 148 9 66 71 92 63 25 162 80 176 129 152 64 61 13 113 166 168 139 116 151 143 45 98 29 25 82 25 138 71 82 178 57 68 86 24 63 81 52 86 40 67 126 171 92 134 66 119 94 71 61 138 151 27 73 156 72 138 144 17 123 137 70 30 115 130 106 103 54 18 148 2 123 30 10 91 105 161 99 54 45 73 6 35 100 107 76 126 120 39 87 154 37 15 57 38 169 14 90 136 9 74 161 12 151 6 48 147 163 59 117 110 92 97 46 62 61 44 178 110 109 118 82 74 119 2 64 140 161 55 143 167 88 57 166 177 137 116 171 63 14 154 52 114 10 178 59 16 91 110 5 153 63 133 128 90 104 132 32 90 107 164 139 178 160 47 103 44 176 152 180 114 131 58 100 66 147 36 7 84 131 161 140 130 128 132 128 140 84 35 150 85 165 38 160 11 126 166 86 37 136 127 43 157 2 39 12 86 82 3 52 92 76 123 111 81 19 71 130 166 28 64 157 104 174 165 69 32 160 110 66 40 9 84 175 23 165 57 179 118 115 50 76 62 3 44 149 172 86 131 84 121 2 115 80 48 78 161 46 145 30 59 70 136 103 10 86 94 170 145 55 16 112 55 48 20 84 99 38 142 2 63 60 35 179 113 110 4 67 180 164 76 86 47 52 133 89 83 96 138 133 163 69 71 11 170 132 147 18 68 68 171 54 118 132 144 81 26 76 77 60 131 118 132 24 37 144 157 78 24 65 129 50 69 161 101 24 136 30 166 6 51 32 69 176 46 142 60 139 176 69 35 132 39 89 168 113 122 28 117 105 25 90 121 30 144 49 135 167 139 19 101 100 157 101 18 112 84 132 117 47 22 83 68 151 110 172 96 91 40 150 15 49 32 59 115 88 56 163 173 94 19 31 143 27 175 180 6 27 5 158 64 127 7 179 137 109 13 44 106 6 155 32 106 138 37 160 105 162 15 124 4 1 76 83 30 33 77 122 127 26 132 70
16 108 164 107 37 155 48 82 109 60 111 111 15 79 2 77 17 102 151 70 66 169 24 125 156 68 134 67 32 96 24 37 76 33 178 102 143 124 44 50 178 53 85 8 11 47 113 61 92 151 111 74 37 46 75 81 34 141 133 106 31 160 37 95 155 107 112 7 174 80 36 83 124 102 95 10 10 62 48 127 132 41 66 11 150 57 161 169 78 100 14 173 124 162 151 54 10 20 10 171 125 79 162 48 117 93 25 95 161 1 87 116 133 82 14 9 135 157 5 113 74 51 12 89 148 90 92 152 115 126 16 125 106 125 141 12 25 143 124 1 177 147 24 67 95 147 153 170 136 33 140 144 30 106 64 82 8 143 81 71 157 117 101 132 165 86 16 122 176 52 167 95 117 15 140 70 4 80 71 165 72 150 152 170 16 63 105 56 154 139 113 140 64 177 106 28 133 132 82 157 111 153 120 154 67 126 125 28 113 126 17 25 147 50 95 175 79 169 58 106 133 105 113 121 79 174 3 145 47 135 8 92 169 93 137 180 149 27 44 46 25 31 152 59 62 129 8 121 14 160 124 149 173 23 164 78 19 81 74 8 152 65 126 6 76 55 116 58 152 56 11 60 152 55 167 42 79 168 102 130 58 130 175 70 119 119 153 170 1 105 10 25 50 139 17 180 24 47 61 93 159 65 89 3 136 54 104 106 110 31 19 165 15 163 1 110 150 129 4 3 157 79 131 164 98 131 30 89 152 156 145 97 106 58 119 73 36 20 115 149 93 1 22 101 50 16 76 64 13 156 170 159 16 23 124 77 11 70 93 158 178 23 26 167 2 118 180 72 17 157 170 32 58 71 108 35 81 161 45 26 25 58 104 154 119 123 107 89 137 69 130 6 177 109 108 71 7 28 157 17 91 161 114 85 170 109 162 29 101 69 47 17 1 149 22 92 84 11 153 92 63 100 155 124 165 137 29 75 101 49 12 55 105 10 21 134 116 131 174 91 60 111 139 22 47 136 163 102 74 65 19 167 154 43 89 113 100 69 93 77 88 12 180 2 5 6 19 88 79 112 64 46 159 39 145 7 27 162 61 6 12 30 118 152 173 180 175 3 136 103 103 78 63 124 39 133 39 53 26 96 81 130 76 73 65 41 160 46 103 6 62 94 116 79 10 158 90 84 167 57 163 174 142 114 22 140 66 85 26 155 157 140 164 52 57 15 167 152 28 21 157 141 106 33 24 136 60 48 107 125 4 41 29 34 74 9 175 28 120 26 125 155 75 155 88 56 75 66 150 119 106 156 154 75 166 33 75 15 150 152 58 153 35 162 37 4 12 69 103 89 83 13 56 62 109 112 73 177 17 93 30 117 19 148 76 63 26 7 102 144 115 36 169 14 173 17 52 117 52 29 118 157 18 145 150 166 139 144 68 172 95 42 120 32 102 25 84 175 105 91 92 36 45 75 99 106 11 19 123 48 75 82 41 135 104 176 126 104 72 101 78 59 15 137 12 110 80 8 163 6 60 127 166 132 78 30 96 74 178 84 69 55 174 21 27 110 153 59 174 8 158 108 4 105 16 46 28 49 63 57 131 104 11 57 84 25 35 42 175 129 37 157 35 93 75 56 26 80 172 99 173 70 16 154 37 32 145 52 61 157 58 155 97 55 146 11 56 48 143 109 180 38 54 79 34 48 75 83 98 131 27 110 34 154 50 32 63 148 78 55 6 150 22 95 174 50 101 174 27 64 107 96 99 148 113 96 16 30 139 168 119 52 177 124 35 128 12 155 35 69 115 103 111 138 171 111 171 99 56 136 82 115 178 65 167 152 34 54 125 101 119 85 79 19 114 11 170 111 27 41 108 15 115 65 84 163 145 32 22 152 54 58 65 59 30 162 58 50 46 29 126 58 78 147 157 82 121 37 85 132 113 141 179 53 95 152 36 137 103 50 30 9 155 165 6 108 35 3 159 113 38 154 149 61 49 108 31 17 80 51 84 89 79 66 28 177 164 66 119 155 174 62 55 148 129 77 140 95 136 88 68 167 23 44 131 72 36 35 27 25 92 126 94 64 129 120 51 5 80 50 143 176 165 93 139 124 48 157 37 41 32 163 170 61 146 143 51 179 146 11 85 132 103 94 22 66 29 149 54 7 89 22 159 111 117 111 57 98 157 76 79 4 138 122 92 51 174 157 173 166 12 104 22 11 5 107 92 81 103 2 176 70 166 120 136 29 10 9 91 48 90 118 85 71 116 147 152 54 22 79 158 137 32 29 24 118 95 178 156 25 106 180 171 6 97 36 144 93 154 47 134 80 41 72 103 153 20 118 82 4 72 51 37 8 57 180 168 107 53 95 152 17 76 176 67 108 170 173 63 42 119 139 15 29 5 87 20 98 38 45 93 67 24 71 69 153 164 146 49 32 44 108 143 133 98 112 130 15 4 62 120 165 151 125 97 122 141 14 43 141 82 118 26 6 68 177 45 64 37 91 55 136 132 105 7 71 155 68 119 83 32 153 110 92 115 26 74 43 174 55 90 158 18 50 169 141 104 103 80 77 60 16 109 150 1 162 77 36 25 82 164 12 161 60 147 41 94 154 76 180 62 13 111 66 64 10 62 97 6 65 95 135 33 116 84 109 59 172 57 71 85 12 170 116 129 25 83 48 124 111 155 62 33 98 103 110 114 57 122 12 172 74 60 44 70 61 135 168 115 65 40 104 108 59 21 174 174 138 126 170 142 76 114 131 46 129 13 43 57 31 166 39 90 26 4 179 10 7 137 172 116 118 37 17 173 39 12 65 178 130 132 6 34 169 9 27 138 30 71 112 79 121 64 175 95 106 120 150 71 20 166 95 78 26 137 153 27 17 6 7 152 82 84 102 136 47 60 121 114 78 104 111 24 109 92 42 79 89 114 111 5 127 74 154 154 160 7 134 136 166 18 129 109 11 101 128 81 6 100 24 132 66 77 65 178 109 58 180 11 97 117 73 12 163 175 59 146 178 103 18 33 107 112 58 48 111 127 178 71 22 55 29 39 164 111 151 47 91 90 101
165 12 81 145 137 174 70 55 78 35 175 9 56 170 30 136 43 146 53 7 51 39 179 151 25 83 140 119 67 129 22 149 12 122 13 168 144 10 1 38 36 143 76 161 59 5 30 160 133 118 166 29 72 115 172 13 168 81 98 61 156 55 157 63 160 148 116 47 132 92 176 38 139 151 160 161 154 73 156 41 101 46 92 154 72 49 113 122 17 66 42 151 34 40 106 173 49 150 164 21 106 137 98 24 144 98 136 107 140 70 26 166 163 82 69 98 75 3 124 12 78 146 91 74 74 150 76 89 104 175 121 46 100 126 127 148 45 109 100 119 100 107 83 42 176 61 177 11 43 77 170 23 104 125 119 5 41 130 20 53 84 16 122 96 48 29 109 64 39 43 45 49 84 29 11 39 11 18 25 49 95 91 105 46 175 141 150 108 78 123 130 93 30 149 50 8 7 114 83 5 23 105 91 141 86 167 132 38 56 13 97 180 70 146 112 57 14 177 135 60 164 20 120 14 161 129 12 77 138 3 93 100 149 138 162 7 137 164 47 134 127 128 12 122 171 80 29 70 143 119 178 53 41 75 33 84 180 30 172 131 30 119 148 101 146 103 100 79 31 116 94 105 144 11 102 108 69 133 21 38 2 134 108 12 53 141 154 3 17 5 53 147 163 6 77 2 100 28 39 50 179 133 112 174 37 117 58 148 60 104 83 155 67 96 47 6 38 67 169 56 63 58 47 6 172 176 154 74 18 55 46 150 168 15 96 17 23 145 127 131 178 11 98 164 79 80 133 169 28 19 164 84 32 39 171 174 121 108 10 102 22 156 35 176 131 18 167 163 4 24 76 118 37 137 171 54 143 158 39 173 62 66 89 71 51 94 102 173 164 80 27 125 101 142 35 15 148 154 169 134 15 64 132 103 161 152 14 42 131 72 36 90 50 124 115 150 178 154 65 88 120 148 42 53 107 43 10 69 149 102 150 26 95 121 174 70 61 141 17 57 102 179 155 132 90 50 179 109 96 108 22 159 16 25 31 117 133 4 154 174 108 79 106 69 29 39 177 100 132 92 135 114 131 57 138 149 12 68 76 145 54 178 173 155 65 112 55 16 11 115 110 74 75 74 58 35 133 103 58 77 106 129 156 96 64 138 128 54 122 88 47 72 150 92 47 151 156 167 46 175 71 114 154 38 19 112 54 46 78 55 71 119 20 115 68 132 6 85 174 79 43 174 5 50 156 51 152 2 147 93 101 33 178 65 24 161 18 160 29 98 77 92 22 24 134 125 119 60 124 118 144 146 62 75 85 78 103 64 137 143 147 174 30 58 70 21 164 6 74 153 91 28 27 80 23 42 53 26 40 85 123 21 29 120 161 127 138 53 11 142 121 8 100 117 59 140 177 167 69 47 136 170 43 119 31 56 19 124 88 48 50 104 99 119 116 95 49 57 113 81 124 118 117 48 34 12 142 38 62 141 60 179 129 148 45 107 58 150 117 37 148 53 172 143 98 171 86 54 171 107 53 133 49 157 120 117 86 142 56 28 41 60 99 47 63 105 51 22 79 102 18 38 126 109 101 86 177 100 153 74 29 18 144 127 170 149 117 120 52 55 80 126 103 46 141 35 32 128 157 129 106 28 139 142 58 169 126 9 5 86 169 77 102 13 48 97 35 33 92 40 139 115 36 102 109 138 15 76 60 50 46 81 99 95 111 125 163 30 97 145 138 83 23 68 74 25 172 171 8 111 161 149 4 134 165 44 106 121 62 88 86 160 138 23 128 165 126 37 113 31 100 162 31 76 178 135 17 34 109 109 93 170 156 122 67 9 63 147 7 143 57 102 108 84 118 136 91 44 78 174 105 69 28 83 73 103 135 1 170 144 2 77 157 22 31 71 148 98 134 34 124 21 114 111 23 117 16 21 123 91 141 103 120 36 63 53 68 170 60 93 177 98 148 67 176 130 99 112 26 146 13 67 43 39 154 4 40 33 177 90 24 73 16 83 41 90 149 126 110 38 102 106 153 108 30 24 146 19 140 28 80 144 38 34 43 169 58 95 113 166 36 24 27 98 21 18 79 101 128 173 67 33 26 166 46 29 20 19 77 166 68 18 156 39 115 131 44 76 116 73 147 24 129 136 29 62 81 152 40 161 110 136 32 85 122 33 136 37 179 136 66 15 101 105 21 13 145 20 154 146 177 155 110 132 166 85 167 88 21 1 36 6 179 154 20 96 133 171 8 44 86 68 97 61 46 50 112 159 53 45 124 21 13 94 174 126 78 51 54 159 72 180 104 101 76 75 18 81 130 124 160 77 122 9 12 71 72 139 40 146 55 82 111 77 10 25 138 123 42 124 99 38 72 56 133 57 147 120 53 166 141 109 99 100 20 59 101 179 35 109 172 105 32 11 107 8 164 40 149 121 159 32 129 115 104 93 168 59 71 172 150 137 50 129 45 148 87 119 128 121 64 25 83 59 119 62 1 91 28 52 165 81 23 24 57 51 71 168 77 119 27 114 161 168 127 54 167 4 17 114 27 95 115 140 32 145 163 102 66 38 33 143 91 82 110 80 25 140 155 180 78 122 9 59 72 131 139 164 11 142 47 48 143 173 93 159 144 61 163 6 81 72 41 147 135 74 106 130 98 60 170 159 115 13 175 2 132 146 176 53 30 160 121 31 176 173 21 139 88 83 124 33 173 57 21 161 82 135 66 57 171 37 39 74 6 173 85 100 141 174 98 24 81 9 173 79 151 94 174 83 144 54 170 172 114 157 130 41 91 123 167 100 58 95 88 126 99 173 5 66 116 96 45 14 168 101 113 114 42 169 16 141 117 15 5 112 149 93 68 26 129 142 180 11 85 170 85 160 136 148 49 31 166 96 66 13 74 62 107 152 171 166 13 96 61 114 33 86 129 141 32 142 129 22 61 8 173 168 48 45 11 62 31 73 60 155 41 102 71 3 36 46 72 18 26 19 28 158 20 102 47 19 132 75 96 94 162 52 106 72 41 156 54 10 134 128 145 26 127 35 21 178 74 92 135 118 153 133 30 35
144 89 103 51 42 108 31 123 20 120 93 153 149 35 156 179 163 31 7 42 163 120 80 92 98 127 142 54 111 52 51 27 120 69 13 37 60 158 69 12 97 99 104 113 151 171 74 179 22 161 74 46 10 115 171 123 2 63 90 18 28 38 48 115 116 17 44 74 86 116 48 78 68 163 153 44 157 71 150 66 2 94 119 146 134 79 21 51 68 134 160 100 42 43 13 49 29 159 34 84 87 41 172 167 7 145 153 27 105 152 120 101 11 68 81 68 163 100 2 23 96 15 64 169 171 113 74 162 161 3 35 140 73 125 130 78 42 104 118 59 45 41 98 77 99 31 43 151 46 92 63 173 113 117 4 143 50 144 125 150 50 126 81 1 118 179 130 30 6 51 177 108 97 38 7 27 172 152 140 130 141 169 161 70 68 131 9 48 55 153 114 127 38 134 75 74 45 49 142 166 105 128 177 94 144 38 171 114 107 30 116 153 15 58 116 148 108 34 166 54 45 92 158 165 43 95 60 144 151 177 149 90 178 27 18 72 39 53 162 86 53 148 1 102 179 55 15 146 125 142 55 172 29 129 154 94 152 34 10 118 1 38 112 128 123 157 151 23 175 82 138 54 64 3 87 151 160 103 38 83 162 163 38 26 43 84 19 173 133 57 71 55 143 62 45 69 4 31 153 104 162 44 114 169 43 169 133 149 10 120 65 116 38 112 21 170 116 20 132 155 70 160 173 83 134 111 107 175 148 136 112 131 126 149 75 18 102 70 171 42 103 28 102 73 73 151 175 54 27 124 126 93 89 27 121 123 88 79 74 106 2 23 68 19 150 30 153 153 42 7 169 42 76 127 131 64 137 79 56 12 5 137 178 58 52 22 159 33 29 107 172 74 10 47 163 180 50 113 122 13 103 79 133 30 108 65 70 62 18 165 125 63 105 101 83 111 15 27 167 158 65 106 11 134 118 178 57 141 99 90 153 90 178 135 179 32 22 105 176 178 64 71 81 71 160 171 25 52 16 119 4 33 19 13 69 122 50 18 36 158 101 89 179 141 106 40 176 74 13 27 180 42 159 16 87 81 33 178 16 105 44 136 49 143 149 47 137 123 22 152 68 32 48 111 153 23 54 40 34 87 155 76 143 155 103 157 88 74 71 35 33 101 77 91 75 22 129 43 72 42 125 61 68 66 124 56 2 176 168 23 104 108 118 138 163 123 2 63 102 121 175 151 118 103 21 15 175 157 143 79 23 109 48 156 74 75 29 147 153 66 121 2 110 140 1 104 79 87 59 12 112 153 162 112 134 21 114 50 150 127 149 180 16 164 70 52 148 96 141 25 166 17 144 178 173 24 59 90 5 33 93 114 68 168 10 22 116 65 61 158 159 24 171 155 142 133 71 158 172 128 84 17 107 115 70 125 68 97 39 9 148 132 31 9 147 106 12 177 172 116 4 176 54 77 62 72 132 107 113 94 4 166 127 3 54 100 142 75 44 53 64 157 117 123 147 171 18 109 172 124 71 87 21 104 115 93 154 91 102 41 57 98 37 174 105 24 56 29 148 10 64 103 66 22 24 78 142 91 70 157 112 9 131 112 14 10 76 131 101 71 61 150 156 17 113 24 167 50 47 46 132 79 28 101 73 155 127 49 110 132 171 119 59 142 87 104 177 179 139 61 57 19 71 7 74 28 126 64 108 104 6 46 84 120 146 21 161 41 174 89 30 9 71 16 63 43 4 81 32 67 34 41 146 103 132 172 79 158 167 8 69 102 168 144 27 156 52 102 71 38 156 71 148 115 67 26 74 60 66 25 177 66 142 92 128 72 89 176 165 170 155 17 130 133 152 7 175 100 162 130 18 109 58 87 21 85 82 53 49 75 133 149 138 88 100 83 61 156 142 171 80 12 105 117 157 116 108 102 9 47 175 49 27 131 111 147 24 141 151 136 108 27 72 102 162 43 2 37 9 19 113 104 30 64 35 123 50 144 27 39 65 114 131 151 100 70 179 132 174 137 5 15 82 141 45 3 154 2 107 78 109 104 27 110 37 4 43 75 76 73 111 135 140 17 14 143 66 67 180 20 71 96 12 63 134 130 66 79 84 112 2 16 68 175 53 97 164 47 24 4 123 128 7 50 163 136 113 64 139 177 55 157 60 55 77 39 121 6 156 63 129 127 71 22 98 150 129 14 37 57 12 72 157 2 154 117 65 86 53 8 49 27 122 94 140 93 111 153 158 90 39 28 160 98 161 18 158 62 52 84 19 156 81 111 82 121 106 35 105 85 178 25 178 46 45 44 64 32 1 4 170 170 67 3 32 105 94 36 55 102 83 174 18 168 102 157 157 65 125 174 98 18 45 86 137 175 23 90 128 99 72 164 162 119 117 37 116 38 109 109 86 127 28 11 70 155 8 98 59 44 149 70 17 42 50 57 8 5 41 129 77 7 101 117 28 142 17 69 68 3 46 134 35 131 40 18 168 68 24 53 180 164 51 70 140 85 134 66 114 11 81 6 86 74 75 104 82 25 16 66 8 73 134 45 128 15 72 95 144 64 32 116 144 100 75 99 67 88 154 52 79 146 34 75 170 166 81 109 38 29 106 48 44 31 118 83 75 172 102 83 122 83 151 151 171 94 8 88 158 40 46 12 87 17 38 162 41 49 7 40 27 38 6 107 169 145 70 161 93 177 144 19 127 175 119 162 37 171 143 165 111 92 17 86 22 159 37 53 42 137 104 23 25 138 120 119 102 172 49 85 151 116 121 155 23 136 136 130 169 12 157 124 120 36 142 39 33 97 18 73 76 34 119 74 88 105 30 53 124 45 41 5 7 41 42 172 2 41 44 15 178 64 4 12 161 90 153 134 60 150 133 109 86 102 141 100 72 165 166 162 87 179 175 6 37 157 154 28 104 137 116 121 104 165 161 122 41 21 24 120 132 136 73 77 63 135 4 157 35 29 156 115 172 110 48 128 105 3 155 116 21 179 70 4 95 49 1 8 31 18 107 79 18 164 21 173 42 163 23 2 32 41 2 177 172 127 83 81 77 94
0.2
0.4
0.2
0.4
0.2
0.4
0.2
0.3
0.4
0.3
0.2
0.2
0.3
0.2
0.4
0.2
0.3
0.3
0.3
0.4
0.4
0.3
0.3
0.3
0.4
0.4
0.3
0.2
0.3
0.3
0.3
0.3
0.3
0.4
0.4
0.3
0.2
0.3
0.3
0.3
0.3
0.4
0.3
0.3
0.3
0.4
0.2
0.3
0.3
0.4
0.2
0.3
0.2
0.3
0.3
0.2
0.3
0.3
0.3
0.3
0.3
0.3
0.2
0.3
0.2
0.4
0.4
0.4
0.2
0.2
0.3
0.4
0.2
0.3
0.3
0.3
0.4
0.3
0.2
0.2
0.3
0.4
0.3
0.2
0.2
0.4
0.3
0.2
0.2
0.2
0.2
0.4
0.3
0.4
0.3
0.3
0.2
0.3
0.3
0.4
0.3
0.3
0.3
0.2
0.2
