80 12
20
21186
21361
23962
21671
21302
22872
20235
21444
20083
21339
21412
22704
21926
20507
22683
20364
22328
20722
20290
21823
3.7 10.2 59.2 1.8
1.3 11.6 45.5 1.7
1.1 10.8 89.5 1.7
4.8 28.6 81.1 2.1
4.1 47.1 69.1 2
2.8 10.3 28.3 2.1
3.4 49.4 81 2.4
4.2 24.2 48.2 1.9
2 46.8 91.8 2.4
2.5 46.3 68.8 2
3.8 48 75.5 2.1
3.2 29.4 84.4 1.9
1.7 30.6 80.9 1.7
4.1 31.1 67.8 2
4 26.4 71.3 2.1
1.2 21.9 74.8 2.1
1.4 19.8 14.9 1.5
1.4 44.5 28.7 2.4
1.7 22 50.7 2.4
3.1 38.2 63 1.6
2.2 47 66.6 1.5
4.3 33.3 29.2 1.7
3 44.2 28.3 2.3
2.4 29.7 91.1 2
2.5 48.5 68.5 2
2.6 19.5 9.4 2.5
1.9 19.6 61.5 2.5
4.6 33.7 36.2 2.2
3.5 21.5 76.7 1.7
2.6 49.2 21.9 2.4
1.9 38 91.8 2.1
1.4 31.4 55.1 1.9
4.9 35.4 41.4 2.4
4.9 17.6 39.1 2
4.8 44.9 17.7 1.6
2.8 49.6 33.5 2.3
1.9 19.1 76.4 2.1
3.7 35.3 26.5 2
3.1 21.6 15.2 2.2
4.3 47.5 91 2.1
4.5 21.9 68.1 2.4
2.9 25.6 92 2
1.5 15.7 80.4 2
2.4 15.5 32.6 2.4
3.1 36.4 18.2 2
4.4 32.8 74.8 2.4
4.8 37.6 22.6 1.7
2.9 11.6 7.9 2.1
4.5 41.6 28.8 2.1
2.9 16.3 10.6 2.3
3.9 48.3 6.6 2
2.4 27.9 39.5 2
1.5 33 49.4 1.9
2.7 28.1 60.9 2.2
1.3 33 49.1 2.5
1.7 41.8 64.1 1.6
3.4 40.2 20.6 1.5
2.1 35.8 17.3 1.6
3 12.6 33.4 1.7
2.1 17.9 62.4 2.2
2.3 35.6 15.2 1.5
1 49 32 2.2
4.9 11.2 25.8 2.4
1.1 28.6 73.2 2.1
3.1 16.6 25.1 2.1
4.3 36.9 12.3 2.4
3.2 43.5 22.2 2.1
2.3 10.4 68.2 2.2
4.2 31.3 29.2 2.5
1.9 35.9 85.2 2
3.6 45.4 53.3 2.2
3.7 34.5 94.8 2.1
2.5 27.3 86.6 1.9
3.9 25.2 83.8 2.1
4.3 13.2 80.7 1.6
2.6 44.4 37.1 2
1.6 15.7 61.3 2.3
4.2 12.4 73.3 2.2
3.1 41.3 61.4 1.9
4.4 16.2 51.7 2.2
2.2 25.8 28.7 1.5
2.6 37 48 2.2
2 13.3 14 1.5
2.3 16.5 33.6 1.6
4.6 43.7 54.1 1.8
4.2 31.5 91.7 2.1
4.9 26.8 27.7 1.5
1.3 11.4 62.2 2.2
1 40.5 21.1 2.1
1.3 13.1 82.4 2
3 30.8 12.3 1.8
3.3 25.9 92.4 1.9
1.1 32.6 81.1 1.8
1.7 29.1 8.4 2.4
1.4 44.1 64 1.7
1.4 48.3 39.8 2.1
3.7 24.7 77.9 2.1
1.7 22.5 37.3 2.2
2.6 41.3 39.3 2.2
3 31.2 11.2 1.5
2.9 13.3 31.4 1.9
4 33.7 75.6 2.4
4.5 13.6 58.4 2.2
4.7 20.6 41 2.2
3.2 37.3 21.9 1.8
2.3 40.3 44.3 2.2
3.3 17.3 23.4 1.8
1.1 43.8 45.9 1.7
3.6 15.4 67.9 2.1
2.4 39 6.8 1.6
4.9 17.7 63.3 2.2
3.5 30.7 11.9 2.5
2.9 29.1 27.1 1.5
2.5 35.3 24.9 1.8
1.8 24.9 12.1 1.6
3 47.5 26.6 1.7
4.1 41.5 64.6 1.7
4.9 10.9 20.8 1.5
5 36.8 24.5 1.7
2.8 44 37.7 2.3
3.9 48.4 72.8 1.8
4 15.6 26.9 1.6
1 40 35.7 1.8
4.4 39.8 22 2.3
1.1 41.6 54.7 2.5
3.1 36.3 7.3 2.4
1.4 37.6 89.7 1.6
3.7 24.3 24.1 2.2
3 42.9 63.5 2
2.8 35.8 80.4 2.3
2.6 16.5 64.5 2.1
4.9 30.4 94.2 1.6
3.2 37.8 35.4 1.9
1.5 46.4 59.1 2.3
1.4 39.9 17.3 2.4
2.6 46.3 23.6 1.9
3.6 29.4 54.1 2.1
4 23.2 41.4 1.7
1.2 32.2 73.9 1.6
2 49.8 58.1 2.2
4.9 47 63.6 2.5
3.1 41.9 89 1.5
3.8 28 67.8 1.7
2.2 15.7 58.5 1.9
4.3 48.5 19.4 1.8
1.7 14.5 70.2 1.5
3.2 19.1 88.5 2
2.4 34.2 37.8 1.6
4.7 46.2 40.1 2.2
1.2 26.3 85 1.9
1.2 49.5 44.5 1.6
1.5 19.4 12.1 2.2
1.6 49.6 70.8 1.8
4.4 49.3 54 1.8
1.9 41.9 22.3 2.3
2.7 21 15.1 1.9
3.6 27.2 44.9 2.1
3.3 46.5 33.9 2.2
4.4 40.2 85.2 1.8
4.9 47.1 9.1 2.2
1.2 32.5 41.6 2.1
4.7 23.4 12.5 2.3
2.1 36.5 24.4 1.7
1.8 47.6 19 1.6
3.4 40.5 19.5 1.8
3.4 31.8 40.2 2
4.1 30.5 50.6 1.8
5 20.2 89.5 2.3
4.6 42.7 21.2 1.6
2.5 46.8 10.2 1.7
1.3 30.1 31.9 1.7
4.8 43.8 72.8 2.3
4.5 43.4 6.4 2.5
3.5 47.1 62.2 1.7
2.1 39.3 67 1.7
3.1 37.1 20.6 1.5
2.3 40.7 22.1 1.5
4.8 44 38.4 2.3
4.6 25.6 58.5 1.6
2.5 24.9 85.8 2.1
2.4 48.9 30.9 2.5
1.6 30.6 75.5 1.8
1.3 20.5 81.8 1.6
4.6 27.7 70.3 1.6
3.4 11.1 17.7 2.4
2.4 44.6 52.5 1.5
4.6 19.1 22.7 1.6
4.2 16 60.7 2.1
2 47.5 51.5 2.5
1.8 11.2 42.6 2.2
4.8 49.2 28.1 2.5
4.6 42.1 81.6 1.6
4.1 21.4 84.5 2.4
2.7 22.5 70.5 2.2
2.5 31.1 86.4 2
3.7 34.1 10.6 1.6
4 18.8 47 1.9
2.8 29.3 74.2 2.1
4.5 11.5 47.7 2.1
2.1 38.5 29.7 2.1
3.7 37.8 11.1 2.1
4.9 18.6 86.8 1.9
4.3 24.6 53 1.7
4.5 47.4 13.9 1.9
3.7 14.6 91.9 1.5
3.6 20.4 69.2 2.1
4.6 32.8 7.5 2.2
2.3 29.9 88 2.1
3.8 39.9 34.8 2.4
1.8 42.3 5.2 2.4
2 41.9 41.8 2.2
2.8 44.9 43.1 1.9
1.7 12.7 21.6 2.2
3.5 16.4 75.2 2
2.7 17 55.6 2.3
1.7 47.3 59 1.6
2.4 39.1 82.4 2.2
2.8 13.8 54 1.9
2.1 32.9 15.8 2
4.8 35.8 76.6 1.7
4.2 44.3 39.9 2.4
3.5 13.1 44 2.4
3.9 36.6 18.9 1.7
4.1 19.7 13.5 1.6
3.7 15.4 13 2.3
1.8 47.8 73.7 1.6
3.4 43.6 14.7 1.8
4.3 37.3 49.7 1.8
3.4 34.1 42.7 1.5
3.8 43.5 10.7 1.9
4.9 18.7 60 2.5
4.7 33.6 75.8 2.3
2.3 32.4 69.4 1.9
4.5 48.2 59.8 1.8
1.3 43.4 45.6 1.9
1.7 20.4 47.8 1.7
1.7 43.4 30.9 1.7
4 47.7 37.7 1.9
4.9 43.2 77.3 2
5 28.6 58.9 2.1
1.4 49.8 93 2.3
3.1 43.3 41.9 1.8
4.3 18 93.9 1.6
2.3 32.9 56.6 2.3
1.9 38.2 55.8 1.8
2.2 34.3 79 2.3
2.9 20.6 79.1 2.4
3.2 39.3 94.3 1.7
3.4 48.1 21.5 1.7
3.9 42.6 33.4 2.4
1.2 41.9 13.7 2.2
4.7 40.7 50.9 1.7
1.7 32.7 13.1 2.1
3 20.7 12.3 1.9
3 19.7 10.1 2.1
3.8 43.3 85.2 1.8
4.9 38.8 93.6 2.4
2.8 32.6 7.7 2
3.8 49.4 72.6 2.3
3.7 41.2 18.9 1.6
1.1 10.4 67.7 2.4
2.9 39.8 9.7 1.9
1.7 40.8 8.8 2.5
3.2 27.2 76.1 2
3.5 25 6.1 2.3
3.5 45.7 91.7 1.6
3.7 18 28.8 1.6
4.5 36.5 35.3 1.5
4.5 49.4 29 1.9
4.9 38.2 68.2 2.2
1.7 41.4 35.6 2.3
1.3 29.1 60.5 2.2
4.2 47.4 74.2 2.5
2.4 39.8 93.7 2.4
1.6 17.8 17.3 2
3.5 48.5 78.7 2.2
4.5 11.5 84.8 1.8
1.8 34.1 35.9 1.8
3 36.9 55.1 2.4
1.9 36.1 82.4 1.5
4 44.5 81.4 1.9
2.3 44.8 57.4 2.1
4.7 42.9 65.5 2.1
2.3 32.6 17.1 2
1.6 40.4 65.4 1.5
1.9 14.6 26.8 2.1
3.2 44.5 27.4 1.8
4.9 20.5 13.5 2.2
4.2 25 43.1 2.5
2.1 30.3 68.6 2.3
3.9 10.1 19.6 2
1.8 20.9 48.6 2.2
1.1 29.9 67 2.1
5 49.8 12 2.2
2.8 37.5 36.5 1.6
1.1 22.7 70.3 2.1
1.3 20 87.9 1.7
4.9 28.4 86.7 1.9
1.6 36.2 74 1.6
3.4 20.9 47 2.2
1.7 31.9 25.4 2.2
1.5 30.5 27 1.6
3.3 24.9 23.6 2.2
3.5 33.4 65 2.4
4.9 30.7 38.6 2.2
2.2 42.2 59.2 1.8
1.5 43.5 24.6 2.3
1.5 45.9 94.3 1.6
3.3 35.8 81 1.7
1.7 45.9 64.1 2.1
2.7 27 22.9 2.3
3.9 49.4 12 2
1.7 25.6 90.6 2.3
2.2 13.8 44.9 2.5
2.6 22.6 66.9 1.7
3.5 29.6 75.1 2.2
1.2 36.6 84.3 2.3
3.1 17.4 88.2 1.6
4.8 16.2 52 2.3
1.9 24.6 35.5 1.7
4.5 27.8 68.4 2.4
2.3 37.8 57.3 2
3.7 33.6 68.4 1.5
1.8 40.3 94.2 1.7
4.8 21.9 62.7 2.1
1.2 35.4 26.5 1.5
1.1 23.7 33.4 1.9
4.3 49.9 40.5 1.6
3.7 43.2 22.5 2.1
3.7 35.6 31.9 2.5
2.2 24.2 19.7 2.2
1.9 18.6 23.3 2.4
3.5 50 13.5 2.1
2.8 20.6 75.5 2.3
3 28.8 26.9 1.5
2.7 10.9 71.2 2.1
1.5 17.4 53.3 1.9
3.6 23 51.9 2.2
4 33.1 67.7 2.3
2.2 24.7 13.5 1.7
4.6 39.1 78 2.5
1.8 31.3 52.5 1.7
2.8 33.7 72.3 2.4
1.2 23.9 81.3 2.3
2 33.4 89.3 1.7
1.3 14.4 58.1 1.8
1.7 34.2 13.9 1.6
4.8 31.3 21.4 1.9
3.1 33.4 29.2 2.2
3.4 41.9 81 2
4.6 48.8 11.8 2.3
4.9 22.5 81.1 1.9
3.9 11.3 84.3 1.8
3.4 14.7 37.2 2.3
3.1 16.7 68.2 2.2
4.6 19.8 48.1 2.4
2.4 22.2 9.7 2.1
1.5 20.8 30.7 2
4 18 89.8 2.3
2.8 23.6 24 1.8
1.6 37.2 79.4 2.1
3.3 14.5 29.3 2.5
2.1 48.8 69 1.8
1.4 20.9 90.9 1.9
4.8 41.4 42.8 2.1
3.7 16.8 83.6 1.9
1.5 16.5 69.8 1.8
4.5 29.4 50 2.3
2.2 23.7 71.8 2.3
3 42.6 64.8 1.7
2.3 38.2 37.8 1.7
2 32.2 54.1 1.8
1.7 40.9 48.4 1.5
3 22.2 27.8 2
4.8 18.6 53.3 1.9
2.1 22.4 5.9 2
1.7 41.2 7.9 1.8
3.1 16.5 6.9 1.9
4.7 42.9 91.7 2.4
1 40.7 33.2 2.3
1.7 25.6 65.3 2.3
4.5 46.9 11.8 1.8
2.2 33.5 30.1 2
2.4 30.5 69.4 1.9
4.1 13.9 24.8 2.4
2.4 26.2 88.2 1.7
3.8 25 58 2
1.7 39.2 34.8 1.7
4.5 41.5 44.3 2.1
4.8 11 80.1 1.8
1.1 41.1 64.9 1.9
3.1 15.5 48.4 2.5
1.7 12.9 42.4 2.5
3.5 19.2 39.4 1.8
3.7 44.4 90 1.9
3.3 24.7 90.8 1.7
5 39.8 5.4 2.3
1.2 30.5 15.8 1.6
4.8 46.6 58.3 1.7
1.1 36.7 16.9 1.7
2 38 81.2 2.2
1.7 31.5 22.3 2.4
3.4 44.6 79.9 2.1
1.9 48.4 69.6 2.2
4.5 36.3 12.4 1.6
3.3 37 24.8 2
2.8 32.2 34.6 1.9
1.3 17.6 55.2 2.5
4.7 12 31.8 1.6
4.9 21.6 6.6 2.4
2.8 27.7 72.9 1.6
3.4 19.3 8.8 1.6
4.4 29.6 6.9 2.3
3.3 21.9 37.6 1.8
3 42.9 85.1 2.3
3 23.9 34.5 2.5
3.8 47.3 57.4 1.8
3.8 32.8 9.3 1.7
5 17 67.6 1.8
3.2 20.6 67.4 1.9
4.5 26.2 60.9 2.4
3.1 17.9 44.5 1.9
1.7 33.6 18.3 1.7
1.3 37.6 24.8 1.8
3.1 14.7 53.2 1.6
2.3 19.9 59 2.3
3.7 32.4 26.2 2.2
4.6 33.2 30 1.6
2.1 21.6 70.6 1.6
4.7 13.1 13 2.4
4.6 46.2 45.9 2.3
4.3 46.5 88.1 2.1
3.8 38.6 92.1 2.1
3.1 28.8 79.6 1.6
1.9 28.6 24.5 1.7
1.7 38.6 92.2 2.1
4.9 43.4 18.5 2.1
2.7 43.8 74.8 2.2
1.8 39.2 9 1.8
3.8 12.7 66.9 2.4
4.3 21.2 30.5 2.3
1.4 45.3 52.8 1.5
2.1 43 79.1 1.6
4.5 45.6 63.8 1.8
1.9 17 47 2
4.9 22.8 45.6 1.7
3.9 42.8 59.8 1.8
3.3 42.2 44.4 1.8
2 17.2 7.8 2
4.9 49.5 18.1 1.5
4.8 21.9 34.9 1.6
4.1 21.1 15.7 2.4
4.5 15.4 52.3 1.8
2.6 13.9 90 1.7
2.1 11.3 42.9 2.1
4.4 15.7 76.9 1.9
4.9 18.3 42.2 2.2
1.3 12.8 70.4 2.5
4.5 43.8 37.2 1.9
2 49.6 92.7 1.9
4.8 13.5 73.3 2
1.6 10.6 95 2.1
3.1 11.7 24.6 2.4
1.2 16.8 10 2.4
2.4 25.3 52.2 1.9
2.7 29.5 51.1 2.5
2.5 26 79.8 2.1
2.4 16.8 27.9 2.1
4.6 22.1 50.5 1.6
1 38.7 35.8 1.9
2.9 19.1 62 2.5
1.6 49.8 11.9 2.1
1.7 19.8 35.5 1.6
2.5 42.2 94.6 2.4
2.5 10.4 22.2 1.5
3.8 14.4 84.7 1.8
4.1 28.8 46.3 2.4
1.9 41.8 83.3 1.7
2.5 19.1 49.3 2.3
2.7 42.4 66 2.5
1.9 15 34.2 1.6
4.6 36.2 82.6 2.4
4.4 30.3 75.7 2.2
3.2 42.2 80.6 1.9
2.3 12.8 75.6 2
4.9 28.3 20.4 2.4
2.5 10.5 83.2 1.9
1.1 14.9 22 2.3
1.7 30 42.7 2.1
4.4 27.4 17.3 2.3
3.2 34.5 12.3 1.8
3.3 39.8 24.2 2.5
4.5 44.9 74.6 1.8
1.8 12 14.2 1.8
1.9 46 22.2 1.6
4.2 29.2 64.8 1.5
3.6 10.8 37.3 1.8
1.5 41.9 77.7 2
3.3 23.8 20.6 1.8
2.3 46.5 22.6 2.2
1.3 48.8 23.5 2.1
1.3 18.3 79.7 2
1 48.6 90.3 1.9
2.6 28.9 91.8 1.5
3.9 32 20.8 1.8
4.5 40.8 18.6 1.7
2.9 19.6 19.5 2.2
2.4 42.8 54 1.8
1.8 34.6 86 1.8
2.4 19.9 6 1.6
2 43.1 73.8 2.4
4.6 48.7 49.6 2.2
4 20.8 75.4 2.3
1.8 49.4 20.7 2.1
4.1 27.4 23.6 2.4
1.7 18.3 14.8 2.4
2.3 20 86.5 2
3.7 44.4 93.3 1.7
2.6 38.3 44.6 2.3
3 30.2 71 2.1
1.6 39.4 49.9 1.9
3.7 29 24.2 2
4.1 32.8 38.3 1.6
1.7 43.8 69.2 1.6
1.4 10.7 31.8 2.3
3 41 83.1 1.7
1.1 44.3 74.1 2.5
2.4 43.9 53.3 1.6
4.7 23.4 43.5 2.2
1.2 21.2 64.4 1.9
3.4 23 51.4 2.2
3.8 42.1 34.5 2.1
4.3 28.9 90.3 2.2
1.2 10.9 88.2 1.6
3.2 15.8 9.9 2
1.9 21.5 58 1.7
3.1 16.1 33.4 2.3
1.4 20.2 71.2 2.1
3.2 32.5 61.7 2.4
2.3 12.8 23.1 2.5
2.8 23.4 24.3 2.2
1.7 39.5 39.9 2.5
3.6 19.3 70.6 2.4
3.6 49.7 77.3 1.6
3 36.8 15.4 1.6
1.5 38.2 34.8 1.7
3.2 31.4 51.2 1.7
2.1 48.5 49.5 1.8
1.6 31.5 81.5 1.5
2.2 11.9 40.8 2.4
4.8 29.8 34.1 2.5
2.3 11.7 59 1.9
1.7 26.7 86 2.1
1.9 39.3 51.9 2
4.4 48.9 34.6 2.4
3.8 18.3 85.4 2.2
1.8 34.9 9.2 2.3
4.6 35.4 57.4 1.6
1.3 25.4 26.7 2.2
1.5 24 16.4 2.4
3.5 39.6 18.1 2.4
1.8 48.9 43.1 1.9
1.6 19.4 40.8 2.2
2.4 43.4 86.6 1.9
2.2 31 76.1 2.1
2.4 22.6 73.8 1.9
4.6 48 59.4 2
3.5 23.4 17.6 2.4
1.8 23.4 40.9 2.2
4.1 15.1 30.6 2.4
1.7 14.7 34.8 1.8
2.4 18.8 60.7 2
4.8 37.2 51.6 2.1
3.9 28.8 83.6 2.3
4.6 43.3 74 1.9
1 48.3 42.2 2.4
1.7 33.5 88.8 2.3
3.5 29.7 29.3 1.8
2.4 37.2 52.3 1.9
2 49.4 90.3 1.6
1.3 38.3 36.5 2
4.9 10.7 46.4 1.7
3.3 42.5 75.1 1.8
4.7 45.4 41.2 2
4.8 25.4 8.1 1.8
1.9 43.1 10.8 2.4
1.7 20.1 59.9 2.3
2.2 33.9 53.1 2.1
3.6 15.2 40.9 2.1
2.6 44.6 71.8 1.8
4.8 11.6 58.6 2.3
2.8 20.5 86.1 1.5
3.2 26.9 5.4 2
4.4 18.2 14.3 2.5
1.4 25 29.4 2.3
4.7 13.7 79.5 1.6
3.9 36.5 65.4 2
3.7 27 68.7 1.7
2.3 16.4 72.6 1.8
2.4 42.3 42.3 2.4
1.9 10.5 32 1.7
2.2 10.7 29.4 2
4.9 20.7 60.9 2.5
2.4 10.8 85.1 1.8
4.7 44.9 19.8 2
1.3 38.9 78.7 1.9
2.2 40.7 7.7 1.6
2.7 33.2 82.3 2.2
2 36.2 39.8 2.3
2.5 12.5 84.1 2.2
2.5 18.1 10.3 1.6
1.7 39.6 56.6 1.7
1.6 23.4 6.5 1.7
1.6 37.6 17.3 2.4
4.6 33.9 77.4 2.1
1.8 48 39.6 2
1.5 20.4 78.9 2.4
2.7 31.8 38 1.8
3.6 42.3 50.3 1.9
1.6 38.2 20.1 1.7
2.6 47.2 65.9 2.5
4.1 19 55.4 2.3
4.8 30.6 15.6 2.4
4.7 22.1 84.4 2.2
4.5 15 52.4 2
4.9 11.2 27.3 1.9
4.8 37.2 86.8 2.4
2.9 41.5 90.3 1.6
3.9 35 19.9 2.5
4.5 47.9 31.2 1.6
3 26.4 59.7 1.9
1.1 27.2 51.6 2
2.4 10.9 63.8 1.6
4.2 37.5 17.5 1.8
4.1 41.9 50.8 2.5
4.2 40.6 64.8 1.8
2.1 49.4 34.6 1.9
2.8 39 72.3 2.4
1.6 42 23.3 1.6
1.6 11 43.3 2.4
1.9 30.5 36 2.3
2.4 26.9 66.6 1.8
4.1 10.7 35.3 2.4
3.8 30.2 30.5 2.3
1.1 21.9 6.6 2.2
1.2 10.2 83.6 1.5
2.3 46.6 50.6 2.4
2.7 20.6 44.1 2.3
4.8 26.3 44.8 2.1
2.1 19.1 48.4 1.8
4.4 11.9 28.8 1.9
1.1 25.8 34.4 1.9
4.9 25.4 85.9 2.2
1.7 10.1 63 2.4
2.7 11.1 84.7 2.1
1.8 21 33.3 2
1.8 22.3 86.9 2.4
3.2 23 73 2
1.7 27.5 86.7 1.8
4.9 32.4 41 2.3
4.3 43.4 13 1.5
4.5 28.2 13.3 2
3.7 30.6 5.8 2.1
1.5 18.5 40.8 1.9
2 16.1 34 1.6
2.5 28.4 50.9 2.5
2.1 22.3 73.7 2.2
3.5 15.2 84.8 1.8
3 27.6 13.7 2.3
2.2 19.8 52.6 1.8
1.2 14.6 10 2.4
5 16.7 42.7 2.4
1.6 37.3 32.6 2.3
4.4 25.7 45.6 2.4
2.9 23 41 2.3
2.6 35.4 62.1 2.1
2.6 18.8 48 2.3
4.4 15.2 55.7 1.9
4.2 22 94.5 2.2
3.4 35.3 42.3 1.7
4.6 30.5 19.2 2.3
1.9 43.5 74.3 2.2
1.4 26 53.7 2.3
1.1 20 6.1 1.5
2.8 37.5 23.5 1.8
4.3 15.1 93.5 2.1
4.2 14.9 88.7 1.5
1 34.6 86.2 2.1
2.4 21 94.8 2.1
2.5 34.8 37.3 2.4
3.3 18.9 62.6 1.5
3.4 48.1 47.3 2.1
2.8 15.9 54.5 1.7
1.3 38.7 88.2 1.8
1.7 20.7 5.2 1.8
4.9 24.1 70.9 1.9
1.3 16.9 18.5 1.6
2.1 31.4 8 1.7
3.4 34.3 6.8 1.9
3.4 10.8 61.9 1.7
1.3 31 69.5 1.8
2.5 48.3 49.1 1.8
3.6 32.5 59 2.5
1.2 30.8 46.1 2.4
3.7 43.1 70.7 2.4
3 19.9 32.8 1.8
4.2 18.1 86 2
4.7 27.8 79.1 1.8
4.9 25.3 29.4 2
3 30 16.5 1.6
4.5 18.4 13.5 1.8
3.8 37.7 55.6 2.3
1.5 36.6 8.6 2.2
4.4 11.4 38.6 1.5
2.3 15.3 54.3 2.1
3 35.4 9.1 2
1.9 45.4 66.5 2.2
2.8 20.6 44.2 1.9
4.6 32.4 70.1 2.2
2.1 49.6 87.4 1.8
3.1 24.7 64.1 2.3
4.1 16.2 27.2 2.3
2.8 18.6 13.6 1.9
4.5 30.3 62.6 2.4
1.3 30.1 63.8 2.2
3.5 47.8 76.8 1.7
3.1 42.8 34.7 2.3
4.4 13.6 73.1 1.6
3.3 12.3 58.8 1.9
1.2 18.3 93 1.5
2 29 7.2 1.9
4.8 27.7 6.7 1.8
3.3 43.4 18.7 1.9
2.8 43.3 36.1 2.3
3.9 35.3 60.6 2.4
3 36.5 84.5 2.1
4.7 28.5 76.7 1.7
2.3 11.4 85.7 1.7
2.1 10.6 44.5 2.4
5 12.9 89 2.1
1.6 21.1 26.8 2.3
3.1 46.4 92.9 2
2.8 22.4 12 2.2
4 42.1 49.5 1.9
3.3 38.2 30.6 2
1 40.4 41.2 2
3.4 21.9 87.8 2.4
2 43.2 90.7 1.8
1 14.4 56.9 2.1
1.2 34.4 11.8 2
4.3 21 77.6 2.2
3.5 16.7 30.6 1.7
1.6 37.7 94.2 1.5
4.9 26 83.4 1.8
4.4 16.8 15.7 2.2
4.8 31.9 58.3 2.4
4.6 29.6 56.3 1.8
2.4 45.5 87 1.6
2.3 11 77.2 2
4.4 26.6 14.6 2.4
4.4 10.7 13.7 2.3
2.6 22.6 19.7 1.7
1.6 25.5 45 1.6
2.5 20.2 28.8 2.3
3.9 10.1 39.2 2.4
4.8 21 92.8 2.3
2.7 31.4 36.6 1.7
4.9 22.1 12.4 2
2.1 35.2 92.4 2.5
1.5 38.5 35 1.6
3.7 23.4 30.6 1.8
2.1 32.6 12.8 2.4
4.9 24.1 55.4 1.7
2.3 21 39.5 2.1
2 15.1 67.6 2
3.7 10.4 28.2 2.4
4.9 16.1 65 2.4
2.5 15.6 94.6 2
1.6 28.8 16.2 2.4
1.5 34.1 28.8 2
2 42.6 12.9 1.9
2.7 44.3 83.5 2
1.1 14.9 25.5 2.2
3.4 42.5 19.1 1.5
2.1 30.5 5.8 2
1.6 30.6 64.5 2.3
2.2 13.9 9.5 1.6
4.7 34.3 26 2.1
3.7 33.3 5.3 2
3.8 43.9 56.8 2
1.4 36.5 42.8 2.1
1 41 58.9 2.4
3.9 15.7 37.3 1.9
5 31.6 80.2 1.7
4.4 38.6 68.5 1.8
1.1 28.5 58.5 1.5
3.8 33.1 30.8 1.9
2.7 17.1 63 2.1
1.4 27.1 16.1 2.3
2.5 20.8 25.7 2
1.1 17.1 15.6 1.6
4.4 21.1 28.5 2.1
4.2 20.4 30.4 2.3
2.1 44.6 15.4 2.1
4.5 10.8 61.1 1.8
2.7 33.5 64.3 2.1
2.3 38.7 73.1 2
1.1 41.9 22.2 2.3
4.1 10.6 73 1.9
1.4 15.4 60.6 2.2
4.9 29.1 57.9 1.7
4.2 21.6 89.3 2.3
2.1 30.5 82.6 2.4
3.7 46.7 68.8 1.9
4.3 44.2 89.9 1.8
2.9 29.5 9.9 1.5
2.7 21.7 41.3 1.9
2.4 46.6 53.8 2.2
1.4 46.8 51.7 1.8
1.7 13.7 84.8 1.7
1.1 28 21 2.3
3.7 25.8 41.3 2.5
4.1 39.7 76.9 1.9
2.6 41.1 92.5 2.1
2 43.1 73.9 2
1.5 37.4 31.4 1.6
2.3 41.4 45.9 2.2
3.8 36.8 84.1 2.2
4.5 35.2 60.2 1.6
3.7 46.4 74.7 2.5
4 13.8 88 2.1
4.4 19.5 31.2 1.6
1.6 30.3 23.1 2.3
3.2 20.3 12.3 1.6
3.4 23.2 89.1 1.6
1.8 26.8 29.9 2.1
4.7 26.6 60 2.1
4.7 16.5 38.8 1.7
2.2 14 52.4 2.4
2 47.6 30.8 2.2
3.9 25.2 18.9 1.6
3.7 19.4 89.5 1.7
1 20.7 64.3 1.8
4.4 14.6 93.2 2
4.8 44.5 74.4 2.3
1.6 47.9 52.1 1.8
2.5 35.1 34.2 2.1
4.4 43.2 90.5 1.8
4.1 10.5 28.6 2.2
2.5 23 77.9 2.4
4.8 12.3 56.9 1.9
4.3 15.2 28.3 2.1
1.4 34.4 62.9 2.5
3.7 44.8 92.8 2.1
4.8 43 24.8 2.2
4.3 38 59.7 1.6
2.5 18.5 90.5 1.7
2.2 41.7 90.6 2.3
4.5 45.8 35.7 2.2
2.3 25.1 24.8 1.6
4.7 39.7 53.3 1.9
2.1 25.8 24.3 1.9
2.3 33.3 59.3 1.7
4 33.4 86 1.7
4.1 42.4 77.4 2.5
3.5 45.7 82.9 1.8
1 21.1 79.6 2.5
1 47.8 35.7 2
1.7 32.7 41.9 1.8
3.1 24.3 71.4 2.4
3.2 22.8 59.2 2.4
2.7 33.9 40.2 2.2
2.6 44.4 82.4 1.9
2.2 13 88.2 1.5
1.2 48.6 30 2.4
1.7 41.4 27.2 2.3
1 29.7 58.3 2
2.2 16.8 50.2 1.9
1.5 47.6 5.6 2.3
1.2 16.7 74.2 2.4
3.5 40.9 24.8 1.8
4.1 24.4 59.1 2.4
4.2 22.8 33.1 2.4
4.6 46.3 31.1 1.8
3.9 41 92.6 1.6
2 26.7 27.9 2
2.8 25.3 59.4 1.8
2.6 27.9 11.9 1.8
3.9 46.7 16.7 2.4
1.9 47.7 62.6 2
1.4 39.8 75.7 2.4
2.2 22.4 88.9 1.9
1.3 48.7 82.1 2.4
3.6 30.4 44.6 2.2
2.1 13.4 14.7 2.3
3.9 20.9 16.7 2.2
1.7 40 6.2 1.9
3.5 30.5 73.5 1.5
3.7 35.9 19.7 2
4.3 14.7 51 1.9
3.7 43.7 81.9 2.4
3.9 45.9 70.9 2.4
2 40 81.3 2.4
1.4 13.3 57.9 2.1
2.1 13 85.4 2.3
3.1 11.2 11.2 1.5
1.8 15.6 7.7 2.5
4.8 33 75.9 1.6
2.9 41.7 75.7 2.3
3.5 44.5 9.1 1.6
4.4 37.2 81.6 1.6
4.6 23.3 50.1 1.9
1 18.6 47.1 2
4.5 34.3 45.2 2.4
2.6 23 21.1 2.4
4.1 41.7 91.1 2
1.4 13.8 68.6 2.3
3.8 48.2 73.6 1.7
4.6 35.4 33.3 2
4.5 38.4 5.6 1.8
2.8 47.6 38.4 1.8
1.3 45.4 62.1 2.5
4.1 25.7 46.9 2.2
3.9 33.6 89.5 1.7
1.8 43.7 37.6 2.3
3.4 46 44.5 2.4
2.8 17.5 53 2.2
1.1 15.5 37.5 1.7
4.5 34.9 79.4 2.1
1.3 17.3 19.8 2.2
2.4 48 19.3 1.9
4.4 49.2 74.3 1.8
3.9 42.8 32.2 1.9
2.4 11.3 41.2 2.5
2.1 11.5 36.4 2.2
4.5 11.7 25.5 1.6
4.4 14.2 63.5 1.9
4.7 28.5 66.9 1.6
4.1 36.9 42.6 2.4
2.2 13.3 6.4 2.3
4.3 10.8 88 1.6
4.2 25.8 74.6 1.7
5 26.6 80.9 1.7
3.9 28 82.4 2.2
2.8 23.3 72 2.3
4.1 36.2 35.2 2.2
2.5 15.7 38.5 1.5
4.3 29.7 37.6 2.1
3.4 37.7 27.7 1.8
3.3 23.1 51.1 2.1
3.9 47.6 33.9 2.4
1.3 21.6 70.9 2.5
3.9 28.8 29.8 1.6
2.2 33.2 57.5 1.8
3.4 22.4 49.2 2.3
2.8 18.1 18.2 1.8
2.2 46 69.2 1.8
3.6 21.7 22.7 1.7
1.7 30.1 62.3 1.9
4.2 36.8 14.7 2
1.9 14.7 89 1.8
3.3 35.2 84.9 1.6
2.1 22 61 2.3
1.8 10.3 53.6 2.4
3.4 20.6 92.2 2.5
1.9 18.9 33.5 1.7
3.5 43.1 36.4 1.7
4.5 13.1 76.9 1.9
1.1 22.9 80.7 2.1
3 40.3 67.6 2.4
1.5 12.2 60.6 2.1
3.3 15.3 7.9 2
4.8 20.8 25.9 2.1
3.5 37.8 47 2
3.1 44.7 92.9 1.7
1.4 38.8 46.1 2.2
4 49.5 37.4 2.4
2.4 14.9 16.7 2.3
3.6 27 77 1.6
1.8 35.2 70.5 1.8
3 31.6 85.5 2.2
1.5 33.4 83.3 1.5
4.3 35.2 40.3 2.3
1.8 24 72.8 1.9
2.4 47.4 72.2 2.3
1.8 22.5 37.6 2.5
4.8 13.8 42.8 1.7
4.6 12.6 94.6 2.3
2.2 49.5 15.3 1.7
3.2 48.2 37.2 1.7
1 24 38.3 1.9
2 32.9 65.5 2.5
2.7 30.2 80.4 2
1.2 29.9 23 2
2.1 47.2 54.3 2
2.8 39.5 12.7 2.1
2.1 42.1 59.3 2.2
1.5 24 56.6 1.8
2.5 17.8 57.4 1.5
2.9 37.1 62.1 2.1
4 12.4 59 2.3
4.5 45 44 1.8
2.3 14.1 50.1 2.3
2.4 37.3 84.6 2.2
2.8 32.3 86.7 1.8
1.3 13.3 45.9 1.9
5 32.7 80.2 2.1
2.3 23.6 29.2 2.2
3.2 32.2 21.5 1.8
2.6 27.7 63.4 2.4
3.1 16.5 26.3 2.3
4.4 28.6 28.5 1.6
3.5 40.9 12.8 1.8
1.1 40.1 11.1 2.5
2.7 38.9 75.4 2.3
4.3 20.3 46.1 2
2.9 24.1 25.4 2.4
4.7 10.1 14.7 2.3
3.8 23.3 5.3 2.1
4.4 49.9 51.4 2.1
3.9 47.7 10.9 2.4
3.6 37.2 52.9 1.7
2.4 29.9 39.6 2.4
4.7 15.1 23.6 2.2
4.4 22.4 78.3 2
2.3 26.6 42.4 2.1
1.7 16.9 34.3 1.6
3.6 35.6 7.7 1.5
2 49.4 15.4 1.5
3 13.9 86.5 1.8
3.4 37.6 22 2
1.9 19.8 42.2 1.7
3.6 41.4 59.9 2.4
3.2 12.7 76.9 2.2
4.9 45.9 53.4 1.5
1.6 11.4 29.4 2.1
1.5 26.7 84.9 2.3
1.6 33.9 93.4 2.5
3.1 37.8 34.9 2.3
4.9 15.3 11.7 1.8
2 42.5 20.2 2
3.1 36.6 67.1 2.1
2.2 47.6 74.3 1.9
1.7 42.3 60.9 2.1
3.9 17.4 80.8 1.8
2.9 31.4 16.2 1.5
4 29.8 10.8 2.1
4 33.9 56.3 2.3
2.9 15.4 41.8 2.4
2.1 24.2 21.2 1.5
2.3 18.6 28.5 2.4
3.6 32.4 69.3 2.3
3.2 15.2 20.4 2.2
4.8 30.8 41.8 2.3
3.3 37.6 24.4 2.4
3.1 34.7 46.9 2.1
4.4 29 15.2 1.6
2 45.6 21.6 2.1
3.9 19.3 39 1.7
2 10.2 12.9 2.3
2.2 38.2 58.5 1.5
2.1 49.4 77.3 2.2
1.8 27.8 70.3 2.1
3.7 20.9 66.3 2.3
1.1 39.6 33 2.5
4.3 32 35.4 2.1
1.6 31.2 40.6 2
3.1 22.6 24.6 1.9
1.8 12.1 27 1.7
3.1 19.8 93.4 1.6
4.1 25.5 8.1 2.4
2.7 43.5 9.7 1.9
3.6 17.3 36.6 2
3.9 20.9 84.4 1.5
4.5 18.5 13 2.1
3 16.7 32.7 1.5
1.9 25 58.4 1.8
3 12.1 8 2.3
3 12.8 93 2.1
1.2 48.8 54.4 2
4.6 44.7 15.1 2.4
3.7 19.3 28.5 2.5
1.7 28.1 10.6 1.9
3.1 29.5 68.3 2.3
4 16 28.7 2.1
1 25.4 57.6 1.7
2.3 32.3 94 2.1
4.2 22 49 2.2
1.7 42.3 27.2 1.8
1.9 34.4 94 2
2.2 29.6 55.8 1.7
4.4 38.5 74.9 1.7
1.4 25.6 10.9 1.6
4.4 33.2 11.8 1.9
2.1 36.7 25.6 1.8
1.9 27.4 65.7 1.8
1.2 46.2 81.7 1.5
2.1 30.2 19.1 1.7
2.2 25 41.5 1.8
2.1 22.3 54.2 1.6
2.3 30.1 62.3 2.3
3.3 22.8 89.4 1.6
1.8 44.4 61.3 1.6
3 48.8 27.7 2
4.1 40 65.7 2
1.8 37.4 59.5 2.2
3.7 27.9 48.8 2.3
3.3 26.6 79.3 1.8
2 33.2 71.5 1.9
2.1 14.5 77.3 2.2
1.6 14.3 53.3 2.2
4.7 46.9 43 1.9
4.5 38.6 34.6 2.3
5 42.3 22.5 2.3
1.4 21 42.4 2.2
3.6 17.6 27 1.8
3.3 22.8 6.1 2.4
4.8 21.1 63.6 2
3.2 10 63.3 2.5
1.5 14 10.3 1.8
3.8 49.9 32.9 1.6
4.3 33.9 18.9 2.1
1.9 42.5 88.9 2.4
4.7 30.7 73.7 2.1
3.3 48.3 14.1 1.9
2.1 17.8 34.5 2
2.4 32.4 92.8 2.5
4.7 32.8 44.4 1.6
3 48.7 75.5 2.3
4.8 16.4 23.7 2.5
3.8 30.8 59 1.6
2.2 48 90.1 2.3
4.7 23.9 64.6 2.1
2 39.9 78.4 1.8
4.1 19.8 32.3 1.8
2.1 33.1 25.7 1.8
4.8 46.3 37.5 1.9
2.9 31.3 7.8 1.7
3.5 14.5 40.2 2.3
2.1 49.6 85.1 2.2
4.7 38.4 10.7 2.4
4 45.2 78.9 2.1
3.4 15.7 66.5 2.1
4 33.1 51.1 1.7
1.1 41.6 42.8 1.7
1.1 40.1 23.5 1.6
3.1 23.5 50.1 1.9
4.4 25 56.5 2.2
3.5 29.3 63.3 1.5
1.2 27.4 64.9 2.3
2.1 21.9 63.1 2.4
3.2 26.1 11.6 2.2
2.6 48.6 75.1 1.9
1.8 38.1 78.1 2.4
4.7 33 69 2.3
3.5 20.3 50.5 2.4
4.9 14 13.7 1.7
3.6 32.8 23.5 1.5
4.1 33.8 34.2 1.9
3.8 41.9 55.9 2.1
3.2 48.2 88.1 1.6
1.4 31.8 28.4 2.2
3.1 27 52.9 2.4
3.6 41.2 68.3 2
3.9 22.6 88.6 1.5
4.5 24.8 44.6 1.7
1.4 18.8 34.8 1.6
1.2 23.4 65.4 2
1.6 48.2 65.3 2.3
4.8 31.9 93.7 2.4
1.7 45.8 76.3 1.9
3.1 35.4 40.5 1.7
2.5 42.6 55.9 1.9
2.9 41.8 41.3 2.5
2.8 20.2 81.6 1.5
3.2 16.8 61.9 2.3
2.2 17.5 93.1 1.8
1.6 26.3 76.6 2.1
1.3 32.8 16.1 1.5
2.7 44.7 94 2.4
3.6 26.1 70.8 2.4
2.4 24 77.5 2.1
3 39 74.3 2
4.4 30.6 51.6 2.3
1.5 33.4 67.3 1.6
4.3 25.7 6.6 1.8
4.6 36.5 90.2 2.3
2.7 13.8 11.3 2.1
4.7 45.2 68.5 2.1
1.1 41.1 55.9 1.8
4.5 24.2 10.8 2.2
1.6 11.2 76 2.4
3.4 25.9 63 2.2
2.6 23.6 66.3 1.8
2.3 32.8 27.2 2
2.5 19 29.5 1.8
4.6 22.7 69.5 2.2
1.1 20.2 32.4 1.6
3.6 26.3 58.2 1.9
5 18.1 84.7 1.6
4.7 24.4 60.8 2.3
1.6 19.2 10.9 2.1
2.2 27.1 94.7 1.7
4 27.8 39.1 2.3
3.2 25.2 84.6 1.8
4 28.2 37.2 2.4
2.5 32.2 28.9 2.1
1.2 44.8 34.1 2
1.2 29.1 52.7 1.9
1.3 21 6.9 2.3
2.7 32.3 36.3 2.2
1.7 43.6 68.1 2.3
4 29.4 30.9 2
2.3 15.2 61.9 2.1
2.8 23.8 71.5 2.5
3.1 40.1 35.3 2.4
2.4 49.1 71.9 1.7
4.4 47.7 16.8 2
1.2 49.8 74.3 2.1
1.8 34.1 72.2 2
4.6 49.7 32.6 2
2.8 14.2 70.6 1.7
4.7 10.5 36.2 1.8
2.2 38.7 81.8 2
1.1 38.9 92.6 1.8
2.7 28.3 72.6 2
4.7 39.9 73.4 2.2
1.1 45.1 50.3 2.4
2 18.5 33.6 2.1
4.4 15.8 93.6 1.6
2.9 49.9 14.3 2
1.7 31.6 29.1 2.1
2.9 20.7 60.9 1.6
4.7 37.5 80.7 2.5
1.4 38.4 64.7 2
3 27.7 90 2.4
4.6 32.3 20 1.8
3.5 40 58.7 2.1
2.7 28.6 7.6 1.7
1.3 32.5 82.8 2.3
3.4 42.1 54.8 2.4
4.8 33.9 7.1 2.1
2.7 25.1 91.3 2.4
2.2 27.8 86.7 2.2
2.7 37.8 75.6 1.5
2 35 55.5 1.7
4 24.9 11.2 2
1.9 23.5 14.6 2.2
1.3 35 36.9 2.3
4.8 42.7 57.6 1.9
4.3 12.4 53.3 1.8
1.3 23.6 90.6 1.6
3.2 29.1 26.3 1.8
1.5 40.8 15.9 1.6
1.7 14 54.3 1.7
4.4 48.4 27.2 2.1
4.4 15.9 80 2.5
2.1 44.7 55.8 1.6
1.2 35.7 80.8 1.7
2.6 22.3 69 2.1
4.9 10.9 23 1.7
2 18.4 86.5 1.7
1.1 25.7 58.8 2
4.5 25.3 45.8 1.7
2 14.2 58.1 1.8
1.8 29.9 89.2 1.7
3 30.2 25.9 1.7
4 11.9 11.8 1.7
1.1 16.3 40.2 2.5
1.6 14 35.1 1.8
1.5 14.5 37 1.5
4.9 18.4 14.8 2
1.7 17.7 26.8 1.7
3.6 24.1 26.7 2.3
2 24.7 45 1.7
3.2 27.7 45 1.7
4.1 45 89 1.6
3.2 40.7 29 1.7
4.1 22.9 18.9 1.8
1.1 27 17.9 2.1
3.7 21.7 28.6 1.8
3.6 30.9 40.7 2.2
4.3 44.8 59 1.9
2.8 33.4 18 1.7
4.8 19.9 29.1 1.6
4.3 43.9 58.4 2
2.2 23.8 48.4 1.9
1.8 19 82.6 1.6
3.2 21.7 33 1.6
4.4 14.4 34.2 2.1
2.9 38.1 38 2.2
4.8 32.8 59.1 2.5
3.8 42.8 20 1.7
1.9 41.1 38.8 2
1.2 25.8 19.5 1.7
4 11.8 51 2.3
3.6 39.5 24.2 2.2
1.9 15.1 45.6 2.3
4.9 29.4 35.8 2.1
1 37.1 70.3 1.6
1.1 23.6 21.9 1.7
1.7 32.2 34.8 1.9
4.5 16.3 31.4 2.1
1.5 22.9 70.2 2.1
4.5 36.1 65.4 1.6
2.8 20 54.8 1.8
2.6 45.2 8.1 2.1
3.3 44.8 51.1 2.4
3.8 40.2 69.1 2.4
2.3 36 15.5 1.8
4.1 49.2 82.8 1.9
2.1 29.7 44.7 1.7
1.8 12.8 60.7 1.7
2.6 14.2 89.2 1.8
4 49.3 33.8 2.3
1.4 37 79.6 1.8
3.5 19.1 36.2 1.6
3.7 33.5 10.4 2
1.2 48 11.8 1.6
3.9 21.6 25.4 2.2
2.4 29.3 9.5 2
3.8 23.2 18.5 2.1
2 48.3 77.2 2.5
4.7 43.2 69.1 2.2
3.7 12.6 49.9 1.8
1.1 43.9 89.9 1.7
2.3 23.5 45.1 1.9
3.3 29 65.8 1.6
2.2 19.2 11.7 2.2
4.7 23.8 12.4 2.2
4.8 47.5 56.4 2.5
3.7 39.1 90.1 2.1
4.7 32.5 38.4 1.6
4 25 27.8 2.2
1.4 23.6 25.2 1.9
3 38.9 91.9 1.6
3.1 24.8 24 2.5
4.3 28.7 14.2 1.8
2.5 31.3 89.9 2.2
2 38.8 66.3 2.3
1.4 41.6 84.1 1.7
4.2 25 80.2 1.8
1.5 34.3 74.1 2.1
2.4 47.5 77.3 2
3.8 23.1 68.8 2
2.2 23.6 84.7 2.3
2.4 11.2 24.3 2.2
1.3 43.4 42.3 2.4
1.8 26.9 31.7 2.2
4.7 39.6 73.8 1.9
2 13.3 88 2
2.8 18.1 39.5 1.8
2.2 42.9 27.1 2.1
3.4 14.7 25.1 1.6
2.4 35.6 45.7 2.1
2 36.8 80.6 2
1.1 47.1 51.6 2.2
2.7 43 35.7 1.9
2.3 15.6 79.4 1.8
1.3 46.4 10.6 1.9
3.5 19.7 34.5 2
1.1 43.4 21.3 2.4
1.1 36.6 45.5 1.6
2 18.7 67.4 1.6
2.7 11.8 43.9 2
3.1 48.7 61.7 2.2
2.6 17.3 35 1.7
3.7 34.4 58.9 2.1
4.4 36.3 6.5 1.7
1.5 17.3 62.3 2.3
3.9 19.5 8.1 1.9
3.4 11 72.7 2
4.1 33.1 88.2 2.4
1.5 26.1 54.7 2
2.7 11.2 7.7 2.2
1.8 26.4 68.1 1.7
3.8 23.3 14.5 1.6
1.8 17.6 60.3 2
1.6 28.3 8.2 2.4
2 27.2 21.5 1.5
4.3 28.5 66.3 2.3
4.4 49.4 44.7 2.4
3 26.4 19.8 2.2
3.9 41.8 87.1 2.4
1.7 11.1 53.7 2.4
2.5 18.6 31.5 2
3.4 42.2 28.9 1.5
1 18.7 26.4 2.4
4.1 40.3 83.8 1.6
2.8 20.1 80.4 2
1.1 19.9 65 2.4
3.4 42.7 13.4 2.1
2.1 35.2 32.1 1.9
3.7 40 38.2 2
3.7 48.3 27.5 2.4
3.3 43.4 69.7 1.5
3 43.7 37.8 1.7
1.9 22.9 33.2 2.3
3 33.6 91.8 2.1
2.4 44.3 9.7 2.5
2 43.4 90.5 2
1.5 34.9 54.6 1.8
4.9 35.2 68.1 2.4
3.7 29.8 29.3 2.3
3.9 38.8 47.3 1.6
2 39 36.1 1.7
1.6 33.8 91.4 2.2
2.4 21 33 2
2.7 27.8 21.7 2
3.6 12.2 22.7 2
4.1 30.7 34.3 2.2
2 17.7 53.1 2
3.4 43.6 83.7 1.7
4.3 28.3 62.1 1.7
3.7 24.6 65.9 2.4
1 29.3 9.4 1.6
2.3 37.8 8 2.2
2.4 40.2 31.1 2.1
3.4 46.2 64 2.5
2.6 19 45.4 2.2
2.4 21.6 40.6 1.9
3.6 46.5 85.4 2
1.2 14.8 49.6 1.9
1.8 48.7 93.5 2.2
3.9 10.9 19.7 2
1.5 34.8 12.6 2.2
1.6 19.2 26.9 2.3
2.2 40.9 73.5 2.1
1 19.3 11.7 2
3.3 31.4 52.7 2.3
2.1 16.4 48.5 1.9
3.1 36 65.8 2.1
3.7 23.9 29.5 1.8
2.9 38 17 1.6
4.3 23.9 89.9 1.5
3 39.5 60.8 2.2
2.2 28.1 58.1 1.9
4.8 39.9 55.6 2.4
3.9 34.7 47.3 2.4
2.5 49.2 90.8 1.7
4.4 39.7 26.4 1.7
2.7 14.1 56.1 2.1
4.6 21.1 36.6 2
2 20.8 93.3 1.7
4.6 20.2 5.8 2.3
2 22.5 14 2
2.3 30.3 76.3 1.6
1.7 39.2 34.1 1.9
1.2 40.3 18 1.9
3.4 24.9 21.4 2.2
4.8 47.1 50.2 1.9
3.8 35.2 14.2 2.2
3.7 23.1 68 2.2
4.2 45.5 77.6 2.1
1.7 18.9 11 2.1
2.9 28.5 34.8 2.2
3.4 12.7 26.6 1.6
3.3 29.1 12.7 1.9
4.3 23.9 37.2 2
3.1 40.6 11.2 2.1
2.9 43.5 34 2.1
3.1 28 5.2 2.4
1.4 36.2 68.9 2.3
1.1 16.8 33.6 2.3
4.7 31.8 71.2 1.8
2.3 14 40 1.9
3.4 46.9 46.2 1.7
1.2 40.9 90.1 2.2
4.4 12.4 37.9 1.5
4.6 12.7 5.3 2
1.1 25.1 8.9 2
1.1 30.9 70.5 2.2
1.6 13.5 93.4 1.7
3.4 39 22.8 2.1
1.7 13.3 83.7 1.7
1.6 41.6 81 1.7
2.9 23.6 32.9 2.1
2.8 42.9 85.4 1.8
2.5 31.3 67.6 2.4
2.9 34.1 27.6 1.8
3.5 43.9 90.4 2.3
1.2 42.7 29.5 2.3
2.1 44.5 30.8 1.9
3 24.9 59.4 1.5
3.8 33.3 27.3 2.3
4.1 24.7 39.4 2.4
4.6 30.8 52.9 2.4
1.1 36.8 15.3 2
2.4 35.9 19.1 2.2
2.4 45.6 63.5 2.3
2 23.6 76.6 1.8
3.2 16.8 73.1 1.7
3.7 31.2 79.6 1.9
2.2 42.2 39.4 1.9
1.6 19.5 16 1.6
4.8 14 32.7 1.7
3.1 31.9 86.2 2
1.3 29.1 37 2
3 22 67.4 2.1
3.2 42.9 84.3 1.9
2 49 72.8 2
2.9 31 94.4 2.5
1.5 26 26.7 1.5
2.8 49.4 27.7 2.2
2.2 49.5 71.2 2
2.6 22.6 81.1 2.2
1.1 11.8 16.8 2.1
3.4 26 80.5 1.7
1.6 10.6 57 2.5
1.5 37.4 88.1 2.5
2.9 24.4 79.5 2.3
2 34.7 52.3 2.1
4.4 28.4 34.3 2
3.6 12.9 84 2.1
2.1 24.3 13.7 1.8
3.6 48.6 25.5 2.5
3.2 18.1 23.1 2.3
2 32.4 69.8 1.8
4.3 31.4 57.1 1.9
4.5 45.3 42.8 1.7
1.9 11.4 40.5 2.3
1.6 41.6 37.2 1.6
2.4 28.1 87.7 2.4
1.7 24.1 66.9 2.1
1.9 18.1 36.1 1.6
1.5 41.9 64.5 1.8
4.9 29 50.2 1.7
3.3 34.5 90.9 2.4
4.1 26 8.8 2
1.3 19.7 80.2 2.1
2.3 14.6 20.9 2.2
2.2 16 52.1 1.9
3.2 13.2 71.2 2.4
1.9 16.2 70.5 2.2
4 34.2 47.4 1.8
4.5 32.6 29.5 2.3
3.6 47 44.5 1.5
2.4 18.1 47.6 1.8
3.6 27.4 53.4 2.3
4.8 11.4 13.5 2
3.1 36.6 49.3 1.6
3.2 28.4 64.2 1.9
1.8 41.1 7.3 2.1
1.2 49.4 45.8 2.1
2.5 40.8 85.1 2.2
3.8 27.6 40.6 2.4
1.9 37 90.6 2
3.2 42.3 34.6 1.7
3.1 38.1 78.1 1.7
1.2 16.2 42.7 2.5
2.1 45.9 79.5 2
4.9 11.7 90.2 1.9
1.3 25.5 66.9 2
3.5 48.3 39.6 2.3
3.6 47.4 42.7 1.9
3.4 33 18.2 2.5
4.6 12.2 28.4 2
2 24 53.7 1.9
3.9 20.9 62.1 2.4
4.4 37.8 20.7 1.8
4.6 38.3 45.5 2.1
4 37.2 41.7 1.7
2.6 26.4 67 2
3.3 18.3 26.7 2.2
1.7 29.6 48.9 2.2
2.2 19.8 52.4 1.5
1.1 11.9 52.7 1.8
1.2 28 85.3 1.6
1.9 37.8 54.2 2
4.3 17.6 63.9 1.9
3.6 47.3 11.4 2.4
3.6 35.4 27.4 1.9
4.1 45.1 5.3 2.4
4.1 48.6 40 1.9
4.5 42.1 71.3 1.9
4.9 19.4 47.6 2.4
1.1 13.6 13.9 2.3
1.1 29.7 73.3 2
2.7 28.5 14.6 2.4
2.1 41.7 93.7 2.5
3.9 43.9 72.9 2.4
2.7 47.1 38.5 1.7
4.9 46.1 66.7 2.5
3 42.2 90.4 2.3
1.8 14.1 68.1 2.3
2.3 36.3 5.1 1.8
1.9 26.7 48.8 2
2.8 29.2 91.8 2.2
4.1 12.6 58.6 2.2
4.6 19.8 74.2 2.1
4.7 36.8 13.8 2.4
4.6 26.1 61.8 2.3
3.7 34.1 50.2 1.6
3.2 20.8 44 1.7
3.9 49.9 10.1 2.5
4.5 33.5 49.9 1.8
5 41.4 36.5 1.9
1.2 11.6 59.4 2.1
2.1 16 87.5 1.5
4.6 33.5 19.7 2.4
0.3 0.2 0.3 0.3 0.4 0.3 0.3 0.3 0.3 0.3 0.3 0.4 0.4 0.3 0.2 0.2 0.2 0.3 0.2 0.3 0.3 0.3 0.3 0.3 0.3 0.3 0.3 0.4 0.2 0.3 0.3 0.4 0.4 0.3 0.4 0.3 0.2 0.2 0.2 0.2 0.3 0.3 0.3 0.3 0.4 0.3 0.4 0.3 0.2 0.3 0.2 0.2 0.2 0.3 0.3 0.3 0.2 0.2 0.2 0.3 0.2 0.3 0.4 0.3 0.4 0.4 0.3 0.3 0.3 0.3 0.4 0.2 0.4 0.4 0.2 0.3 0.3 0.3 0.4 0.2 0.3 0.2 0.2 0.3 0.3 0.2 0.3 0.3 0.3 0.3 0.4 0.3 0.3 0.2 0.3 0.3 0.2 0.3 0.3 0.4 0.3 0.3 0.3 0.3 0.3 0.2 0.2 0.4 0.3 0.2 0.2 0.3 0.4 0.4 0.2 0.3 0.4 0.3 0.2 0.3 0.2 0.4 0.3 0.4 0.2 0.4 0.2 0.3 0.3 0.4 0.3 0.2 0.2 0.3 0.4 0.3 0.4 0.4 0.4 0.3 0.3 0.2 0.3 0.3 0.2 0.4 0.3 0.3 0.3 0.3 0.2 0.3 0.4 0.3 0.2 0.2 0.3 0.2 0.4 0.4 0.3 0.2 0.4 0.3 0.4 0.3 0.3 0.2 0.2 0.2 0.3 0.3 0.4 0.3 0.3 0.2 0.4 0.2 0.3 0.3 0.3 0.3 0.3 0.2 0.2 0.4 0.3 0.3 0.3 0.4 0.4 0.3 0.2 0.4 0.3 0.3 0.4 0.4 0.3 0.2 0.4 0.2 0.2 0.4 0.3 0.4 0.4 0.3 0.4 0.2 0.4 0.2 0.3 0.3 0.4 0.3 0.3 0.3 0.2 0.4 0.4 0.2 0.3 0.4 0.2 0.3 0.4 0.3 0.4 0.3 0.4 0.4 0.3 0.2 0.2 0.4 0.3 0.3 0.3 0.2 0.3 0.2 0.4 0.3 0.3 0.3 0.3 0.2 0.3 0.3 0.4 0.2 0.2 0.3 0.3 0.3 0.3 0.3 0.3 0.2 0.4 0.3 0.3 0.3 0.2 0.4 0.3 0.2 0.3 0.2 0.4 0.3 0.3 0.2 0.4 0.3 0.3 0.3 0.4 0.4 0.2 0.3 0.3 0.3 0.2 0.4 0.2 0.4 0.3 0.2 0.3 0.3 0.4 0.3 0.3 0.2 0.4 0.4 0.2 0.2 0.3 0.4 0.3 0.2 0.2 0.3 0.4 0.4 0.2 0.2 0.3 0.3 0.3 0.3 0.3 0.3 0.2 0.2 0.4 0.4 0.3 0.4 0.3 0.3 0.3 0.4 0.3 0.3 0.2 0.2 0.3 0.3 0.4 0.4 0.3 0.4 0.3 0.4 0.3 0.3 0.3 0.4 0.3 0.3 0.3 0.3 0.4 0.3 0.3 0.2 0.2 0.4 0.4 0.3 0.3 0.4 0.4 0.2 0.4 0.3 0.3 0.3 0.3 0.3 0.3 0.3 0.2 0.4 0.4 0.2 0.3 0.2 0.3 0.4 0.3 0.2 0.2 0.3 0.3 0.4 0.3 0.4 0.4 0.3 0.3 0.2 0.4 0.3 0.3 0.4 0.2 0.2 0.2 0.4 0.4 0.3 0.2 0.2 0.3 0.3 0.3 0.4 0.3 0.3 0.3 0.2 0.3 0.2 0.3 0.3 0.4 0.3 0.3 0.3 0.2 0.2 0.2 0.4 0.4 0.2 0.2 0.4 0.3 0.3 0.3 0.2 0.3 0.3 0.3 0.2 0.3 0.2 0.4 0.2 0.4 0.3 0.4 0.3 0.3 0.3 0.4 0.3 0.3 0.3 0.4 0.4 0.3 0.3 0.2 0.2 0.4 0.2 0.3 0.2 0.4 0.2 0.2 0.4 0.2 0.2 0.2 0.2 0.2 0.2 0.3 0.2 0.4 0.4 0.4 0.3 0.4 0.3 0.3 0.3 0.2 0.3 0.4 0.2 0.3 0.3 0.4 0.3 0.4 0.2 0.4 0.2 0.3 0.3 0.4 0.3 0.4 0.4 0.2 0.2 0.3 0.3 0.3 0.4 0.4 0.3 0.4 0.2 0.3 0.2 0.2 0.3 0.3 0.3 0.3 0.2 0.3 0.4 0.3 0.3 0.4 0.3 0.3 0.2 0.3 0.3 0.2 0.2 0.2 0.4 0.2 0.4 0.2 0.3 0.4 0.2 0.3 0.4 0.2 0.4 0.3 0.3 0.3 0.3 0.4 0.2 0.3 0.2 0.3 0.3 0.4 0.3 0.3 0.4 0.4 0.2 0.3 0.3 0.3 0.3 0.2 0.3 0.4 0.4 0.3 0.3 0.3 0.4 0.2 0.3 0.4 0.4 0.4 0.2 0.2 0.3 0.3 0.3 0.3 0.4 0.3 0.4 0.4 0.3 0.3 0.4 0.2 0.2 0.3 0.3 0.3 0.3 0.3 0.3 0.4 0.3 0.3 0.3 0.4 0.2 0.3 0.3 0.3 0.3 0.3 0.4 0.4 0.2 0.3 0.3 0.4 0.3 0.3 0.3 0.3 0.3 0.4 0.3 0.3 0.3 0.2 0.4 0.3 0.3 0.4 0.2 0.3 0.4 0.2 0.3 0.3 0.3 0.4 0.3 0.4 0.2 0.4 0.2 0.2 0.3 0.4 0.4 0.2 0.3 0.4 0.2 0.2 0.3 0.4 0.4 0.3 0.4 0.2 0.3 0.4 0.2 0.2 0.2 0.3 0.3 0.2 0.3 0.3 0.2 0.4 0.2 0.2 0.3 0.3 0.3 0.3 0.3 0.2 0.2 0.2 0.2 0.4 0.2 0.4 0.3 0.2 0.4 0.3 0.3 0.3 0.4 0.3 0.2 0.3 0.2 0.3 0.3 0.4 0.4 0.3 0.3 0.3 0.4 0.3 0.3 0.4 0.4 0.3 0.3 0.3 0.4 0.3 0.3 0.3 0.3 0.3 0.3 0.4 0.4 0.3 0.3 0.3 0.3 0.3 0.4 0.4 0.2 0.2 0.2 0.3 0.4 0.2 0.2 0.3 0.3 0.3 0.2 0.4 0.2 0.2 0.3 0.3 0.2 0.4 0.3 0.4 0.4 0.3 0.3 0.3 0.3 0.3 0.3 0.3 0.3 0.3 0.4 0.4 0.2 0.4 0.2 0.3 0.3 0.3 0.3 0.4 0.3 0.2 0.3 0.3 0.2 0.3 0.2 0.3 0.2 0.2 0.2 0.4 0.4 0.3 0.4 0.4 0.4 0.2 0.3 0.3 0.3 0.4 0.4 0.2 0.3 0.2 0.3 0.4 0.2 0.3 0.4 0.4 0.3 0.3 0.2 0.3 0.3 0.2 0.3 0.3 0.2 0.3 0.3 0.3 0.4 0.3 0.3 0.4 0.3 0.3 0.2 0.3 0.2 0.3 0.3 0.3 0.3 0.4 0.3 0.3 0.3 0.3 0.4 0.3 0.3 0.3 0.3 0.4 0.3 0.3 0.4 0.3 0.3 0.2 0.3 0.3 0.3 0.3 0.2 0.4 0.4 0.3 0.2 0.4 0.3 0.3 0.3 0.2 0.2 0.4 0.3 0.3 0.3 0.2 0.3 0.3 0.2 0.3 0.4 0.3 0.2 0.3 0.4 0.3 0.4 0.3 0.2 0.3 0.2 0.2 0.3 0.2 0.3 0.4 0.3 0.3 0.3 0.2 0.4 0.2 0.4 0.2 0.3 0.3 0.3 0.3 0.2 0.2 0.3 0.2 0.3 0.2 0.3 0.4 0.2 0.2 0.2 0.3 0.2 0.3 0.3 0.2 0.4 0.2 0.2 0.3 0.3 0.2 0.4 0.3 0.3 0.4 0.4 0.2 0.3 0.3 0.3 0.2 0.2 0.3 0.3 0.2 0.3 0.3 0.2 0.2 0.3 0.4 0.3 0.3 0.3 0.4 0.3 0.3 0.3 0.2 0.3 0.4 0.4 0.2 0.3 0.3 0.3 0.3 0.2 0.3 0.4 0.4 0.3 0.2 0.4 0.2 0.3 0.3 0.4 0.3 0.3 0.3 0.3 0.4 0.3 0.2 0.4 0.3 0.3 0.4 0.3 0.4 0.3 0.4 0.2 0.2 0.4 0.2 0.3 0.2 0.3 0.2 0.3 0.3 0.3 0.2 0.3 0.3 0.3 0.4 0.3 0.2 0.2 0.4 0.3 0.4 0.2 0.3 0.2 0.2 0.3 0.3 0.3 0.3 0.3 0.2 0.3 0.3 0.3 0.3 0.3 0.3 0.4 0.3 0.3 0.3 0.3 0.3 0.3 0.3 0.3 0.4 0.3 0.2 0.3 0.3 0.3 0.4 0.2 0.2 0.4 0.3 0.4 0.2 0.3 0.3 0.4 0.2 0.4 0.4 0.2 0.2 0.3 0.3 0.3 0.3 0.3 0.3 0.4 0.3 0.3 0.2 0.2 0.3 0.4 0.3 0.3 0.4 0.3 0.4 0.3 0.3 0.3 0.2 0.3 0.4 0.2 0.3 0.3 0.3 0.3 0.4 0.3 0.3 0.3 0.3 0.4 0.2 0.3 0.4 0.2 0.3 0.4 0.3 0.2 0.3 0.3 0.3 0.3 0.3 0.2 0.3 0.3 0.3 0.3 0.4 0.3 0.3 0.3 0.4 0.4 0.3 0.3 0.3 0.2 0.2 0.3 0.3 0.2 0.2 0.3 0.3 0.3 0.2 0.2 0.3 0.2 0.4 0.3 0.3 0.4 0.3 0.3 0.2 0.3 0.4 0.4 0.2 0.3 0.4 0.2 0.3 0.3 0.2 0.4 0.2 0.4 0.4 0.2 0.4 0.4 0.3 0.3 0.2 0.2 0.4 0.4 0.3 0.2 0.3 0.4 0.4 0.3 0.2 0.3 0.4 0.2 0.3 0.2 0.3 0.3 0.2 0.3 0.4 0.2 0.2 0.3 0.3 0.4 0.4 0.3 0.3 0.3 0.2 0.3 0.4 0.3 0.2 0.2 0.2 0.3 0.3 0.3 0.2 0.2 0.4 0.3 0.2 0.3 0.4 0.3 0.2 0.4 0.3 0.3 0.3 0.4 0.3 0.4 0.4 0.4 0.2 0.2 0.4 0.3 0.3 0.3 0.3 0.2 0.2 0.2 0.3 0.2 0.3 0.4 0.3 0.3 0.4 0.2 0.3 0.2 0.3 0.4 0.3 0.3 0.3 0.3 0.2 0.4 0.4 0.4 0.3 0.4 0.3 0.2 0.4 0.2 0.2 0.2 0.4 0.3 0.4 0.3 0.2 0.3 0.3 0.3 0.4 0.2 0.4 0.3 0.3 0.3 0.2 0.2 0.3 0.2 0.3 0.4 0.4 0.2 0.3 0.3 0.3 0.3 0.2 0.3 0.3 0.3 0.4 0.4 0.4 0.2 0.3 0.4 0.3 0.3 0.3 0.2 0.3 0.4 0.2 0.4 0.3 0.3 0.3 0.4 0.3 0.3 0.3 0.3 0.4 0.4 0.4 0.2 0.2 0.2 0.2 0.3 0.3 0.3 0.3 0.4 0.3 0.3 0.3 0.3 0.3 0.3 0.3 0.3 0.3 0.2 0.3 0.3 0.4 0.4 0.3 0.2 0.3 0.3 0.4 0.3 0.3 0.4 0.3 0.3 0.3 0.2 0.3 0.2 0.3 0.3 0.4 0.2 0.3 0.3 0.3 0.2 0.3 0.3 0.2 0.2 0.3 0.2 0.2 0.2 0.3 0.3 0.2 0.2 0.4 0.4 0.3 0.4 0.4 0.3 0.3 0.3 0.3 0.2 0.3 0.3 0.3 0.3 0.2 0.4 0.3 0.2 0.3 0.4 0.2 0.2 0.3 0.3 0.3 0.3 0.4 0.2 0.2 0.3 0.2 0.3 0.2 0.4 0.2 0.3 0.3 0.2 0.3 0.3 0.3 0.3 0.4 0.4 0.2 0.2 0.3 0.2 0.3 0.3 0.3 0.2 0.2 0.4 0.4 0.2 0.3 0.4 0.3 0.3 0.2 0.3 0.3 0.3 0.3 0.3 0.4 0.3 0.3 0.2 0.2 0.2 0.4 0.3 0.3 0.3 0.3 0.4 0.4 0.2 0.2 0.3 0.3 0.2 0.2 0.2 0.3 0.4 0.4 0.3 0.3 0.4 0.2 0.3 0.2 0.4 0.3 0.4 0.2 0.3 0.3 0.3 0.3 0.4 0.3 0.4 0.4 0.3 0.2 0.4 0.2 0.3 0.3 0.2 0.3 0.3 0.3 0.3 0.2 0.3 0.3 0.4 0.4 0.3 0.3 0.2 0.2 0.2 0.3 0.2 0.3 0.2 0.3 0.2 0.3 0.3 0.3 0.2 0.3 0.3 0.4 0.4 0.2 0.2 0.2 0.2 0.4 0.3 0.4 0.3 0.3 0.2 0.3 0.3 0.3 0.4 0.2 0.3 0.4 0.3 0.3 0.3 0.4 0.3 0.4 0.3 0.2 0.4 0.2 0.2 0.3 0.3 0.3 0.3 0.3 0.3 0.3 0.2 0.2 0.3 0.2 0.3 0.3 0.2 0.4 0.4 0.3 0.2 0.4 0.3 0.2 0.2 0.3 0.2 0.4 0.3 0.3 0.4 0.4 0.4 0.3 0.4 0.2 0.3 0.4 0.4 0.3 0.3 0.4 0.2 0.3 0.4 0.4 0.3 0.2 0.3 0.3 0.2 0.3 0.4 0.4 0.2 0.4 0.4 0.2 0.4 0.4 0.2 0.4 0.4 0.2 0.3 0.3 0.4 0.3 0.3 0.2 0.2 0.4 0.3 0.4 0.3 0.3 0.4 0.4 0.2 0.2 0.2 0.3 0.3 0.3 0.2 0.2 0.2 0.2 0.3 0.3 0.2
107 80 78 94 113 177 8 136 140 161 106 66 151 167 75 149 98 149 164 37 73 63 31 36 96 100 157 120 100 20 57 124 111 47 115 155 94 129 147 73 17 36 81 11 24 33 158 33 69 65 123 85 8 119 28 173 100 42 81 158 74 76 71 100 101 93 53 55 77 13 54 28 54 151 53 163 128 48 119 107 77 66 1 104 24 167 71 86 54 66 2 128 170 15 79 76 46 112 96 62 6 157 131 72 1 179 9 142 162 71 107 167 92 131 58 125 152 86 78 69 148 60 127 72 6 132 113 91 43 145 180 126 150 129 66 71 65 63 138 68 148 175 124 124 102 138 68 89 13 25 92 117 14 114 173 175 112 74 38 136 85 174 162 14 24 161 15 132 175 64 49 67 159 88 131 36 113 20 12 49 58 154 14 140 180 78 97 96 44 147 79 9 168 83 108 158 46 114 101 144 107 86 2 49 91 133 100 13 99 130 75 176 84 113 15 4 19 51 145 27 83 14 122 1 8 13 16 129 72 149 89 75 25 129 142 166 17 154 61 128 150 11 24 179 82 141 24 23 135 48 132 116 111 167 133 103 130 145 75 76 57 95 30 34 107 115 93 30 162 107 101 117 40 154 175 67 48 180 36 76 14 148 178 35 74 168 29 108 169 29 8 144 112 121 3 139 124 103 30 110 166 126 113 67 133 41 161 144 77 123 142 164 9 152 88 29 28 178 19 140 178 87 15 137 164 109 95 102 94 148 120 100 134 32 122 128 4 162 37 161 28 27 98 44 117 126 24 107 35 113 171 132 167 168 69 168 52 147 71 107 32 72 55 124 25 76 59 96 36 51 101 97 178 89 60 113 62 127 71 147 113 116 127 113 177 167 105 175 145 142 91 79 50 154 39 91 157 110 81 15 71 143 143 123 104 43 126 59 134 141 75 59 133 2 95 175 47 12 42 25 58 70 56 115 168 112 22 7 27 66 14 164 73 100 100 84 63 106 122 2 129 21 126 161 86 57 129 68 168 39 29 35 8 86 5 69 57 73 35 70 161 132 28 23 54 11 166 161 41 109 93 57 122 87 123 141 70 165 23 139 46 28 141 14 140 179 169 14 67 118 79 176 81 99 72 51 98 49 31 49 18 173 45 129 81 9 33 109 175 80 82 151 40 71 127 18 154 24 88 11 159 92 87 53 86 10 8 114 163 40 61 7 173 40 111 98 114 133 18 90 55 94 168 20 24 17 73 128 26 7 4 41 26 111 15 35 87 108 48 170 124 31 163 115 123 81 21 51 29 169 66 95 42 148 47 116 30 16 77 87 66 8 180 128 104 56 120 6 87 87 51 175 107 180 98 50 10 137 180 47 11 55 77 102 45 136 78 156 104 59 33 102 177 172 48 111 24 113 45 73 158 125 25 95 179 159 44 163 2 74 100 30 155 22 41 12 167 11 132 138 90 13 173 112 4 126 155 126 160 60 2 59 62 17 50 38 112 105 101 29 116 83 39 88 15 174 144 172 175 28 1 177 159 110 111 52 74 74 60 154 42 93 61 77 134 3 164 65 17 125 141 52 166 62 96 44 128 18 99 6 81 178 51 100 12 98 138 114 67 7 31 9 4 34 125 19 147 93 81 95 95 21 167 87 52 50 159 169 112 180 92 126 170 169 60 42 179 25 8 46 29 47 136 135 120 37 87 95 81 173 2 16 57 153 74 90 176 178 86 125 62 104 137 132 52 162 159 77 162 95 38 78 141 107 95 142 91 66 13 165 35 5 24 67 94 29 125 93 108 155 78 96 39 28 120 8 106 137 61 134 164 77 1 101 147 166 100 28 170 6 157 62 28 93 113 109 49 130 32 134 143 83 15 74 102 81 3 117 13 175 11 173 159 75 31 164 68 2 18 178 125 91 32 16 125 61 96 26 42 160 148 27 128 106 52 154 135 73 176 8 142 178 144 118 38 56 110 38 132 171 1 84 66 64 145 44 30 131 5 35 114 37 143 158 141 50 105 102 143 4 70 59 165 62 128 127 133 104 100 10 28 105 140 103 91 49 97 86 28 81 52 26 137 98 140 53 36 77 51 169 85 151 124 124 116 115 12 172 56 54 14 12 145 126 122 103 27 124 113 138 133 56 145 3 174 168 58 113 77 84 104 151 18 86 74 120 19 118 102 95 80 33 47 33 155 106 4 107 93 33 54 1 30 171 115 33 102 87 154 4 60 163 166 39 64 43 113 76 87 134 166 67 103 120 146 136 59 29 80 142 128 106 102 67 31 172 109 29 131 174 39 175 48 178 59 167 16 141 56 91 25 139 179 6 119 108 142 107 149 75 26 160 81 180 93 41 101 167 131 76 19 64 116 54 149 165 90 32 66 24 40 146 67 8 26 56 80 155 41 148 147 103 171 17 172 31 26 7 15 32 60 82 171 27 37 162 137 73 130 162 27 12 6 135 51 59 142 92 108 52 94 101 154 46 171 116 175 177 128 112 27 79 144 164 48 37 100 134 98 59 7 122 24 97 148 148 38 99 103 105 155 55 27 79 32 27 177 13 114 76 71 134 13 24 171 126 32 35 142 88 32 112 125 145 163 156 136 13 156 81 83 174 116 84 8 150 53 106 46 74 31 17 75 165 68 76 26 110 43 63 97 176 34 46 103 137 165 127 84 101 39 73 76 34 56 30 118 59 89 60 45 10 95 38 113 134 116 67 131 107 179 145 161 117 14 50 17 128 11 173 117 90 102 85 39 134 2 139 114 46 42 146 111 112 174 31 104 1 77 85 106 11 111 157 81 108 134 46 45 86 40 11 99 4 166 115 99 102 128 26 177 54 153 23 117 51 136 1 60 14 14 44 145 42 111 138 4 75 48 160 73 12 81 180 131 112 5 25 7 108 82 16 162 155 82 51 178 152 94 39 163 65 1 66 35 132 119 16 1 110 77 157 131 42 40 62 146 42 5 156 106 123 128 173 132 62 31 22 84 102 103 133 5 134 117 72 165 130 31 75 104 167 159 117 42 64 41 15 127 43 144 130 116 146 16 11 98 115 130 156 91 5 72 31 18 122 131 4 19 95 7 109 115 158 168 81 88 153 151 20 135 57 5 29 142 61 80 106 73 57 171 177 26 88 114 102 50 159 143 74 48 10 8 178 141 72 93 54 171 112 83 90 66 30 123 105 85 82 55 84 160 104 51 173 29 152 49 154 43 34 71 156 99 57 12 63 78 168 126 169 81 162 138 149 102 144 138 66 46 177 62 81 22 166 87 35 145 113 97 90 87 99 169 152 92 21 43 97 176 73 52 95 157 101 53 69 152 128 54 168 19 48 171 76 107 2 38 128 49 151 120 157 111 143 120 137 23 139 31 19 172 116 64 172 150 4 170 140 32 40 167 24 169 155 80 148 90 25 93 12 49 65 162 153 62 34 63 94 5 131 80 109 117 19 179 26 46 26 21 94 125 165 104 137 158 60 90 9 100 140 27 99 74 149 124 26 169 105 60 43 123 80 76 150 76 158 157 84 114 120 121 9 122 126 109 70 16 155 180 99 58 53 110 127 162 77 135 78 72 48 19 49 168 87 106 129 67 173 158 170 25 165 29 44 132 132 15 173 17 45
53 64 110 158 163 135 71 150 128 162 166 91 153 6 10 68 171 167 21 50 30 98 161 146 165 168 37 73 82 74 83 141 111 131 82 33 146 35 151 127 88 125 100 108 114 109 101 34 76 15 65 148 50 136 14 63 2 112 112 27 105 123 32 83 73 152 173 130 133 59 31 104 11 22 95 1 175 33 21 35 117 51 89 63 81 150 128 179 104 160 26 65 148 153 85 172 40 109 20 119 104 112 142 23 125 102 141 110 121 109 13 142 7 93 93 73 162 47 35 18 59 87 114 21 34 90 26 172 61 115 110 113 58 39 16 99 41 164 148 179 110 17 13 176 98 90 38 100 43 8 157 133 148 104 96 39 87 89 138 35 177 149 67 116 19 25 34 15 93 167 31 128 28 179 54 70 168 121 67 143 180 70 43 5 146 101 43 44 126 114 24 26 80 72 22 154 176 46 68 26 172 38 14 58 179 72 174 120 168 43 92 169 100 29 75 90 94 159 34 122 78 150 118 24 175 179 151 30 176 168 127 125 47 116 20 98 26 93 54 9 60 109 180 48 37 79 97 153 109 67 110 66 113 43 97 50 100 90 148 6 149 150 110 91 92 85 75 136 20 140 36 16 89 27 126 107 7 116 54 17 72 112 70 155 169 179 3 129 63 9 55 117 14 178 17 49 158 157 25 48 32 160 148 122 104 69 67 169 133 72 145 175 3 98 6 82 44 145 153 20 96 67 114 70 162 14 15 5 109 33 108 128 40 143 43 45 96 167 138 90 16 58 80 146 159 17 112 32 16 25 74 15 2 36 46 53 74 28 58 61 28 126 4 141 55 145 159 122 8 53 31 84 28 44 105 21 91 177 16 140 98 57 161 32 22 136 19 84 84 116 58 15 143 97 23 150 112 71 143 38 11 137 96 103 179 68 151 14 94 22 119 76 77 152 132 71 37 43 170 21 29 2 77 112 78 125 35 66 89 67 20 124 76 48 162 29 50 170 37 120 3 81 43 152 107 67 159 106 179 24 23 93 99 97 144 9 87 35 156 145 105 4 107 106 89 54 121 109 143 124 97 64 6 53 110 108 43 16 33 18 135 92 115 99 18 80 66 97 38 10 75 172 11 101 92 105 139 82 57 58 35 11 20 100 59 91 112 99 65 51 172 79 61 102 144 43 119 22 175 32 10 32 105 105 174 132 105 14 110 149 157 69 145 168 170 100 1 31 92 62 49 72 82 39 51 169 125 134 176 143 150 80 84 150 18 128 1 46 118 155 8 41 44 150 149 11 97 1 6 138 119 165 109 142 33 159 64 42 83 88 164 82 79 137 41 52 108 174 127 133 2 125 129 135 170 146 141 93 20 77 34 92 42 143 17 90 108 136 29 53 52 54 67 96 176 118 124 35 106 146 180 47 40 59 160 131 124 174 4 146 173 134 129 156 161 118 155 23 120 146 136 172 15 70 63 168 169 31 69 146 152 124 53 133 18 149 134 168 58 174 40 26 150 48 72 17 53 147 165 138 128 41 86 88 124 43 88 5 165 30 95 26 8 135 68 17 71 15 42 105 170 106 121 48 162 29 180 178 115 41 153 51 1 147 110 16 118 143 98 128 29 150 48 13 60 90 97 23 23 130 166 58 177 58 93 45 29 76 101 15 75 56 153 124 26 115 135 93 8 35 136 32 99 14 56 113 112 110 158 152 144 164 8 141 114 114 114 149 78 124 82 134 138 153 68 157 29 6 40 167 136 111 23 25 92 144 170 79 20 57 68 22 37 163 46 65 31 82 139 1 98 4 49 96 27 72 31 38 48 146 68 142 129 120 96 105 73 33 105 14 124 73 103 138 135 165 157 151 77 60 115 164 115 179 22 40 103 132 149 159 180 167 54 57 34 7 117 45 73 75 70 94 91 60 142 40 115 131 132 158 39 131 5 14 180 34 22 140 159 126 39 135 77 142 12 84 33 112 73 17 58 11 1 133 108 81 107 129 26 12 173 82 74 63 68 175 143 81 36 108 155 8 101 170 83 175 61 73 17 39 101 70 57 83 146 124 106 93 165 90 136 6 77 10 59 170 174 85 103 130 180 85 73 32 80 111 119 4 2 23 157 164 98 169 76 75 128 106 28 92 109 68 55 61 123 84 161 143 131 110 161 141 166 178 62 50 65 1 39 50 118 104 161 130 32 8 4 166 1 70 157 50 48 21 70 35 87 148 62 15 13 141 145 168 90 121 72 133 30 112 19 167 122 98 93 146 156 165 57 55 66 121 152 50 173 127 60 42 139 180 20 151 150 154 90 130 135 49 88 66 48 150 86 164 18 121 40 151 126 154 85 26 80 163 55 32 121 160 94 50 61 71 106 162 63 119 60 109 90 55 69 168 30 40 41 128 151 113 67 132 101 12 167 71 70 145 65 160 49 88 170 148 101 90 41 55 95 129 81 9 18 122 158 173 56 174 163 75 107 48 126 34 41 134 126 164 167 49 170 67 19 26 5 2 46 132 68 122 174 101 53 117 95 130 95 96 105 180 92 176 171 116 72 139 69 38 70 45 161 147 27 107 136 101 170 74 84 140 56 33 142 16 1 147 173 3 79 151 37 26 13 91 177 61 57 47 9 154 114 130 29 127 160 123 91 22 173 172 52 89 71 148 15 43 150 11 48 71 100 141 44 161 148 57 75 147 127 159 55 26 148 122 69 152 20 120 109 48 9 22 92 5 164 55 162 63 165 36 134 28 158 22 39 3 66 86 2 147 30 151 107 125 50 23 111 124 121 9 23 142 134 5 143 135 28 93 37 141 55 49 85 141 41 96 71 71 40 141 8 83 78 84 104 73 84 163 139 83 8 175 152 179 91 70 118 64 152 50 54 137 11 163 8 121 27 162 131 111 44 82 171 152 52 99 1 10 137 160 162 132 94 156 56 57 58 143 128 143 131 176 156 148 126 91 130 117 97 179 52 59 17 96 64 144 27 171 80 142 94 49 168 153 32 20 66 112 50 133 33 82 30 110 15 81 40 101 92 72 33 117 54 148 7 165 168 97 140 171 115 105 154 134 123 92 123 64 118 37 16 34 118 141 165 156 55 65 25 130 61 96 43 142 170 106 125 75 168 73 26 151 48 80 112 7 28 72 18 20 77 167 72 130 27 127 35 88 115 83 63 111 159 105 102 180 26 107 67 27 4 167 81 108 178 58 161 26 80 16 86 165 56 84 172 74 174 121 176 75 42 140 37 58 60 127 114 31 9 144 102 108 101 50 3 72 141 165 93 152 52 141 134 125 77 137 31 109 103 85 55 66 106 138 115 8 13 160 97 5 14 14 27 155 38 71 56 69 69 61 106 92 175 164 178 81 147 69 5 123 133 115 11 57 156 86 152 72 74 31 107 34 18 179 24 103 137 164 43 58 16 94 7 136 116 87 176 5 84 154 21 156 123 97 2 32 18 155 13 98 20 95 171 59 57 56 13 158 5 14 96 124 10 130 39 97 116 56 89 122 38 6 138 87 5 110 35 135 8 95 92 145 17 133 20 68 68 15 80 34 113 178 10 66 53 15 7 12 142 27 25 65 149 175 35 45 155 155 144 32 89 40 63 138 136 126 67 61 167 167 104 141
54 75 66 113 10 129 65 169 149 161 171 109 127 105 14 146 69 143 46 158 83 17 73 179 127 128 41 4 170 101 143 96 125 162 53 97 11 28 45 161 26 135 38 46 177 25 180 116 155 75 17 48 175 3 64 157 70 92 157 48 25 61 152 51 85 112 42 62 2 111 107 54 31 86 158 24 120 86 88 168 149 120 168 161 23 8 36 56 109 100 138 15 48 41 8 114 33 54 154 176 56 160 36 1 97 23 69 28 165 157 36 175 68 169 81 168 153 94 124 106 76 10 162 32 92 11 18 159 133 14 74 178 73 22 6 107 124 15 65 12 21 10 108 51 172 34 152 53 72 85 68 72 114 22 123 48 119 160 122 90 151 56 23 75 68 94 98 2 42 59 99 9 151 62 24 83 66 153 123 137 139 78 36 158 8 128 4 67 166 87 10 61 80 110 167 68 36 42 74 160 10 114 176 179 130 55 1 24 44 49 71 78 177 77 94 146 74 34 107 57 99 145 128 7 13 101 61 74 36 68 81 33 129 82 23 100 165 86 109 149 24 62 3 16 173 4 57 13 2 163 124 133 63 81 140 146 115 172 134 154 91 133 50 72 12 90 70 34 39 177 164 67 93 29 51 178 141 64 75 147 56 26 78 36 93 113 78 7 94 141 13 137 15 136 151 83 89 17 65 21 100 23 10 106 119 170 168 147 10 107 112 117 33 52 77 172 172 46 98 112 177 119 72 38 104 107 20 33 66 163 17 100 3 67 85 157 122 83 2 92 88 164 168 154 75 157 43 26 57 170 44 172 179 176 122 94 54 67 56 155 22 22 138 104 148 29 143 46 153 13 145 159 89 125 168 110 34 106 127 48 103 76 95 93 16 34 32 89 29 154 180 30 86 96 56 92 134 160 65 167 146 165 156 96 14 155 81 12 111 89 28 155 104 34 87 147 144 109 131 87 83 111 2 41 129 87 104 56 145 70 138 21 18 46 15 139 20 131 15 65 101 61 153 106 7 85 153 53 87 61 102 63 117 127 84 82 89 106 80 92 81 109 40 3 71 119 67 102 138 38 156 43 64 1 170 57 69 138 124 132 38 2 105 61 116 108 26 27 136 163 160 47 14 70 60 178 55 94 140 24 165 114 104 97 54 45 19 32 163 134 26 111 155 132 37 70 133 53 81 49 89 38 87 6 27 124 95 37 161 72 150 95 42 12 136 45 139 94 89 15 158 44 122 127 115 147 73 135 3 70 13 95 168 80 161 64 173 17 44 93 168 168 117 98 95 5 15 178 90 53 49 93 146 174 104 61 121 142 89 75 30 59 35 25 147 51 149 91 121 52 151 171 96 63 83 123 109 17 105 161 132 73 95 138 5 92 124 123 40 89 107 147 158 55 70 84 27 85 141 177 165 47 80 74 62 32 79 117 146 154 170 178 12 61 121 47 91 3 2 29 42 29 174 23 16 153 77 79 113 42 36 175 72 18 24 95 105 92 180 97 98 28 135 70 35 76 29 44 39 104 102 178 43 79 61 106 38 42 53 7 61 157 15 88 111 171 67 153 104 25 56 121 177 177 19 136 59 176 70 98 5 9 96 152 45 5 16 32 7 165 109 121 8 53 79 152 159 54 97 117 122 176 141 140 158 31 121 59 36 180 122 110 18 110 70 50 65 79 24 140 89 117 127 112 13 119 86 179 10 35 58 81 88 54 153 51 157 130 40 87 120 145 137 82 31 8 48 153 168 160 174 51 65 80 146 106 74 54 128 89 22 55 64 158 10 44 17 71 75 31 46 170 9 134 36 82 54 72 49 56 33 101 93 51 53 71 123 150 56 83 117 107 126 91 91 83 69 157 119 156 131 6 174 32 78 5 8 24 57 79 166 113 24 11 77 86 46 86 172 160 180 103 151 2 20 65 72 58 93 59 87 173 51 5 54 99 72 88 67 111 74 68 75 83 114 66 143 13 132 20 57 2 81 169 23 61 61 27 76 156 126 173 92 48 90 23 122 177 41 148 110 157 95 120 57 165 56 174 36 123 114 114 52 24 173 29 135 47 27 40 56 113 55 85 31 153 71 60 83 27 78 58 2 80 94 66 112 152 64 5 48 80 77 54 99 107 48 20 48 25 62 107 63 161 45 37 45 100 107 27 67 140 31 160 16 105 133 176 84 80 115 41 177 67 174 97 52 84 14 173 56 139 133 68 169 93 60 65 136 12 28 73 107 105 18 100 120 108 178 59 175 138 33 41 119 162 80 63 152 90 39 14 136 166 59 42 104 81 52 12 165 135 147 128 74 68 106 163 54 34 80 68 153 13 14 38 96 169 99 37 127 159 39 37 76 42 67 20 147 97 4 54 61 129 130 25 24 98 73 158 152 74 57 160 121 33 90 179 11 169 7 178 103 73 120 175 34 26 32 173 31 128 126 13 91 119 40 104 101 72 76 177 179 117 142 27 133 162 85 78 120 90 16 47 76 171 5 110 151 5 15 72 15 131 115 32 109 110 144 167 19 96 96 2 120 40 107 30 73 4 114 178 83 46 175 82 3 24 64 149 34 129 71 60 34 141 163 158 138 160 51 107 19 107 99 68 139 79 99 146 21 171 145 95 174 75 40 17 151 164 100 77 68 132 179 124 95 130 44 21 130 133 164 10 81 3 5 153 49 114 156 47 145 162 135 4 100 42 4 162 94 93 27 38 161 109 17 101 34 161 66 7 84 39 63 88 70 156 83 62 170 177 58 6 125 156 38 138 129 23 12 78 4 140 155 45 95 73 48 115 7 20 175 23 47 110 101 20 66 106 72 142 121 105 93 175 100 145 116 130 136 63 48 146 8 44 18 116 111 4 8 132 138 10 9 155 134 140 66 96 60 112 154 164 57 37 160 25 74 49 175 145 38 57 160 48 66 45 32 54 139 63 179 164 166 118 42 33 98 5 26 62 122 97 32 128 100 2 25 105 57 174 10 70 38 55 28 177 160 125 138 36 131 123 113 165 46 128 102 173 179 156 102 119 143 4 151 74 58 105 17 82 54 142 107 34 94 174 57 75 164 21 3 48 170 121 15 134 69 113 151 32 87 120 99 135 61 81 125 10 12 148 118 51 1 58 159 108 177 101 12 23 151 39 167 85 35 125 73 70 157 169 153 45 157 19 121 64 141 119 90 80 165 139 85 49 124 102 52 88 85 163 134 71 179 61 2 77 129 50 179 90 27 165 100 52 76 13 68 4 55 50 171 118 93 44 140 169 178 50 180 48 13 57 126 136 126 172 161 131 1 162 97 59 129 151 8 71 151 174 159 19 73 149 116 23 63 141 120 166 180 7 78 70 154 22 119 41 121 151 148 106 15 121 85 145 53 68 43 43 95 118 111 54 9 139 105 125 15 69 64 158 92 56 46 179 8 176 166 92 57 152 89 101 178 164 14 143 92 79 69 52 168 19 73 130 20 13 16 177 97 157 65 3 122 137 147 81 115 10 171 118 97 32 129 116 143 13 161 166 154 85 111 17 180 103 3 45 175 55 27 74 50 19 121 177 48 4 155 53 99 28 165 75 120 157 111 133 93 173 89 132 61 163 153 116 123 17 162 93 65 164 14 17 13 39 79 2 95 12
10 151 136 122 69 49 5 84 95 90 69 49 103 28 117 46 121 92 65 69 132 155 18 93 80 66 20 172 25 118 31 99 3 123 73 171 159 81 124 74 73 81 18 178 10 22 126 162 83 151 6 150 175 91 119 78 14 57 126 47 52 152 152 142 69 172 87 28 124 70 70 166 61 109 123 123 6 177 123 146 69 16 173 140 14 66 17 74 171 33 159 83 13 26 148 149 34 109 85 58 105 40 70 112 149 27 47 56 67 178 97 19 170 180 134 180 130 138 35 79 101 74 30 115 100 116 62 59 26 62 26 7 35 18 172 96 70 126 109 16 179 35 133 6 96 23 124 75 58 165 173 77 65 47 128 129 25 174 178 61 13 117 174 83 10 133 47 76 73 126 88 15 21 45 8 134 70 91 4 39 108 9 153 72 2 72 74 17 69 79 30 79 19 110 114 144 140 22 41 65 111 143 154 131 58 19 137 76 127 179 124 132 24 111 106 11 155 148 162 164 24 102 96 121 46 107 8 113 125 88 132 179 152 58 162 55 121 72 126 66 107 76 113 27 75 91 128 93 10 78 98 108 31 126 10 89 53 140 56 149 151 55 68 170 58 131 131 70 78 97 35 67 72 167 32 161 154 6 56 52 128 161 173 126 85 170 78 26 175 175 69 62 99 16 178 120 109 161 16 143 39 69 46 42 130 58 56 97 29 174 116 25 18 178 38 36 158 144 146 175 10 144 116 112 29 178 140 58 168 5 78 171 94 112 149 31 1 19 80 15 132 163 74 151 170 5 111 34 5 177 158 40 49 126 82 86 179 8 161 53 64 100 145 139 163 1 2 155 86 19 175 7 166 45 118 108 88 160 64 170 16 160 146 30 16 5 2 107 140 76 135 171 103 56 78 36 27 78 160 19 14 3 108 148 2 30 145 21 42 88 130 141 25 15 5 128 165 116 164 120 118 23 145 176 114 75 89 74 106 38 146 166 25 80 6 137 101 89 103 65 123 111 17 169 111 170 107 153 156 151 139 103 39 73 94 79 109 19 156 161 120 178 80 51 86 143 123 168 90 110 68 171 18 38 171 55 69 12 49 148 8 130 86 91 56 17 80 9 115 123 63 165 135 131 65 77 105 113 94 66 54 105 86 87 150 29 169 71 160 18 1 44 153 179 80 170 143 133 81 21 94 165 131 7 151 107 45 74 28 122 65 45 111 32 111 140 120 3 137 29 135 87 174 122 96 141 93 97 102 12 143 44 1 82 110 41 175 4 119 75 111 142 8 103 106 80 116 170 139 23 172 50 17 172 171 82 106 4 26 141 103 27 144 106 146 25 79 131 61 171 139 91 6 105 164 18 117 40 133 59 158 168 81 22 31 127 179 155 92 75 168 90 149 160 110 58 31 124 94 21 117 141 109 27 178 93 178 70 11 16 59 135 120 36 170 77 155 50 140 14 76 136 140 121 44 31 84 130 69 45 35 88 59 132 13 162 177 100 122 117 163 70 10 1 54 165 150 127 113 82 48 56 136 104 72 48 156 173 159 116 1 54 49 93 148 138 126 45 108 107 133 71 31 71 104 138 16 152 9 165 18 1 121 39 80 152 123 133 137 97 132 2 137 86 144 171 167 95 141 175 91 51 11 37 159 42 7 121 67 116 4 19 83 31 92 77 179 9 85 91 33 78 105 85 48 106 110 53 137 134 175 20 172 65 138 73 111 160 17 61 176 158 43 50 68 147 44 175 141 46 136 13 33 83 121 30 99 90 127 67 108 166 78 66 43 60 137 6 39 53 175 85 7 178 51 6 109 155 87 57 38 152 98 121 111 109 107 33 36 120 100 85 40 53 55 112 178 20 123 109 47 9 138 61 25 13 171 131 45 20 39 174 167 103 180 156 93 82 3 126 174 137 138 30 32 94 115 121 178 5 108 93 53 5 90 150 102 150 83 71 88 106 147 43 133 113 44 119 117 143 142 2 46 43 2 104 5 109 151 66 51 75 99 7 34 147 77 147 30 133 143 163 168 82 152 69 78 127 93 79 106 162 49 34 125 93 149 160 82 72 44 98 4 100 28 79 80 4 76 106 89 118 113 99 56 99 172 71 44 48 153 137 77 139 107 64 145 83 39 4 97 73 87 172 92 63 59 10 91 116 33 92 30 16 167 146 107 114 120 56 77 172 145 106 102 156 83 52 158 25 4 3 32 138 85 167 11 25 92 152 32 66 70 123 142 100 106 36 179 88 161 55 157 6 93 115 151 2 9 61 133 111 19 47 38 112 13 138 154 180 101 23 43 45 132 152 138 127 133 105 177 81 74 62 50 39 72 63 5 139 26 90 4 131 116 176 173 46 36 97 58 26 138 152 168 58 160 128 10 134 43 105 4 156 78 4 136 177 85 90 122 4 17 126 155 171 150 44 176 173 114 128 6 176 128 19 49 10 172 159 66 14 180 39 5 160 137 39 46 11 128 101 125 27 1 35 163 101 166 179 67 155 8 62 142 60 45 121 98 69 18 162 139 114 94 119 4 121 38 51 160 68 99 145 161 154 60 24 79 43 22 73 21 153 81 128 130 66 81 161 143 3 132 135 105 21 128 157 21 91 109 56 150 18 97 91 150 38 161 160 136 53 125 86 169 86 143 8 38 179 169 180 96 26 114 2 115 62 55 180 98 171 20 126 79 76 14 10 89 144 140 6 31 108 171 130 94 90 71 57 25 106 54 42 43 146 175 144 138 79 12 71 89 37 172 99 54 66 55 39 41 127 98 12 1 57 56 21 68 149 120 48 72 180 135 144 33 83 16 20 153 99 22 169 138 45 109 2 100 120 19 76 95 158 86 5 52 126 90 64 104 173 40 111 123 116 114 166 92 93 108 110 79 86 115 178 175 6 144 68 119 120 171 20 142 69 122 53 122 169 123 150 63 145 166 170 67 111 171 38 59 148 80 48 129 57 108 179 141 6 139 123 94 85 107 61 122 171 13 19 53 65 105 155 59 174 90 104 61 81 169 96 67 167 161 105 57 178 65 56 83 135 103 133 58 170 133 133 134 44 163 125 95 128 148 128 117 66 120 158 128 72 139 49 36 158 133 127 103 133 93 55 122 66 140 140 136 141 83 147 140 144 18 17 124 132 96 3 114 158 106 66 59 63 98 48 108 29 31 144 83 119 8 29 76 79 25 50 170 152 78 148 166 96 93 97 35 178 37 180 168 144 170 54 70 22 90 21 51 79 137 176 145 137 86 27 55 135 129 9 96 53 42 62 60 34 140 98 67 105 97 51 46 145 38 9 90 71 75 134 81 149 12 97 123 83 83 101 129 145 71 163 98 13 136 138 54 65 75 176 91 123 37 144 166 53 52 3 57 29 114 153 31 23 161 7 126 73 16 94 107 178 81 161 53 141 63 70 174 148 170 2 139 141 3 34 4 166 50 114 163 9 105 136 105 133 23 22 109 170 15 120 1 49 11 123 170 46 91 17 28 170 47 14 27 99 82 147 160 138 13 175 38 125 166 55 175 5 170 137 118 169 70 73 94 73 30 129 168 38 87 84 55 113 81 128 96 178 10 111 96 25 10 156 102 100 155 98 128 64 56 129 43 177 55 169 170 87 62 71
11 88 28 96 90 88 129 31 167 169 69 115 45 3 47 117 150 143 180 136 180 22 139 29 139 147 82 97 107 123 127 12 147 159 28 142 12 3 82 1 15 94 45 166 36 87 180 91 111 168 28 26 62 161 60 57 51 172 30 146 154 93 103 50 32 85 90 45 24 136 180 116 108 18 110 83 53 125 155 9 7 104 22 131 165 153 168 4 69 162 55 163 176 141 15 90 66 113 28 177 175 71 155 46 160 142 36 133 38 15 58 52 80 32 102 4 61 100 119 98 125 74 14 8 85 8 15 17 96 38 114 179 12 116 55 104 4 152 60 168 1 20 105 49 81 88 118 168 12 72 15 39 72 117 178 20 102 102 94 46 135 168 45 166 96 6 156 3 92 139 142 40 4 110 35 129 85 130 168 16 132 154 131 179 42 114 179 48 162 139 43 2 117 166 157 126 22 3 77 64 153 26 7 144 29 88 135 155 104 59 135 42 100 156 1 59 118 172 147 146 52 152 144 176 21 177 115 149 74 113 159 123 84 19 113 12 94 3 125 145 148 2 1 93 76 109 98 17 65 44 123 89 167 90 158 137 8 106 133 43 37 24 24 148 32 34 43 87 115 97 127 87 173 170 136 83 164 178 104 94 177 89 56 141 167 112 133 153 105 156 58 154 108 113 162 148 22 116 6 58 124 28 74 162 123 66 52 113 153 106 172 80 58 47 82 104 112 97 162 13 44 61 179 152 6 157 179 169 94 132 153 1 68 5 128 148 137 102 25 108 67 150 101 112 69 20 135 52 25 26 79 78 3 55 80 172 124 47 13 166 56 162 129 36 36 70 33 32 172 1 73 166 68 55 51 13 175 62 12 162 56 40 95 166 49 180 151 122 106 147 115 159 135 46 115 114 173 103 172 115 155 173 90 98 10 132 22 178 175 69 110 103 174 99 78 43 1 136 76 32 111 91 56 86 136 31 119 153 53 159 163 119 132 129 73 22 121 17 125 88 91 153 79 66 175 121 39 31 155 74 121 6 39 159 32 74 49 105 32 154 114 124 172 166 65 9 122 86 175 143 145 137 91 13 72 49 145 172 179 124 109 74 125 29 81 69 158 40 86 78 160 132 47 159 75 96 56 127 45 115 151 99 84 120 142 80 92 9 54 155 8 118 110 77 63 143 134 98 41 118 38 15 171 61 153 160 35 69 15 20 138 172 104 30 1 34 33 58 7 145 101 105 122 159 156 15 144 110 130 87 138 25 139 44 9 144 99 125 44 107 18 64 115 83 153 46 17 26 4 52 83 143 114 29 156 127 136 125 97 180 164 100 9 91 74 149 45 56 84 13 23 56 176 180 70 73 61 28 31 6 155 20 39 112 1 121 56 36 158 111 52 121 138 8 47 123 39 168 22 57 104 70 115 32 51 172 4 15 50 37 13 40 114 50 44 159 179 118 151 21 164 25 34 87 100 130 63 72 114 144 76 167 119 167 154 62 76 123 18 103 1 141 52 153 156 78 165 41 120 159 60 75 132 43 114 169 78 133 97 50 38 28 85 127 139 156 130 52 34 103 141 31 123 110 60 106 6 2 148 76 30 123 89 96 110 5 24 134 11 93 68 79 124 83 2 107 177 15 84 95 48 97 143 83 144 25 167 49 28 11 121 117 130 56 126 111 6 70 152 152 136 91 132 98 42 166 10 13 159 173 158 91 67 92 102 118 84 40 66 111 38 159 167 3 36 34 130 42 158 54 65 89 60 16 120 176 116 36 87 155 155 128 34 66 58 74 1 57 175 85 31 176 39 90 167 167 53 95 62 59 45 73 39 127 110 124 53 11 129 59 175 147 75 178 175 4 176 8 177 142 97 30 116 22 146 112 54 63 106 119 74 107 169 143 68 32 131 141 29 1 85 4 170 89 30 93 161 37 102 52 127 41 164 118 137 34 145 98 37 162 94 9 4 132 130 90 94 3 61 128 57 8 176 158 46 1 104 89 46 83 10 105 104 151 168 168 32 42 11 55 31 62 96 150 121 108 46 71 34 172 179 150 55 129 10 135 167 83 87 12 66 100 32 159 172 148 158 121 65 62 149 79 130 109 52 152 145 117 16 99 13 58 40 75 4 42 149 20 51 76 73 122 4 140 51 40 4 155 93 161 17 117 150 153 147 73 76 83 48 154 71 23 144 173 62 136 159 96 148 68 7 55 176 91 48 28 173 155 151 16 124 50 48 137 116 131 54 36 168 110 15 157 121 149 50 110 125 172 142 122 73 53 8 114 21 95 155 39 121 52 68 101 103 71 81 173 83 164 161 180 162 127 17 115 131 59 161 49 132 54 157 116 176 56 151 14 76 180 114 95 63 156 106 169 152 85 45 123 53 51 115 75 44 167 53 179 30 30 34 29 123 143 176 75 61 20 9 128 38 168 117 172 144 49 57 142 67 91 90 49 114 161 29 3 33 83 170 69 77 2 121 55 108 136 59 85 26 136 103 70 105 133 88 165 112 126 84 164 63 42 37 160 128 92 128 31 168 111 60 27 154 148 45 81 177 24 180 106 173 19 26 66 113 140 118 153 13 162 23 22 128 120 7 25 133 135 54 52 127 170 163 40 83 42 167 160 119 21 32 174 143 79 54 134 86 119 1 101 9 33 101 174 75 172 3 133 55 29 121 2 24 25 106 8 106 26 63 108 80 103 70 2 42 177 126 170 49 124 119 41 125 37 111 40 165 107 165 10 144 62 167 26 145 22 162 15 51 7 66 108 124 172 164 90 107 136 92 30 44 93 13 108 128 82 88 138 105 170 151 130 93 163 64 6 79 174 178 123 42 151 91 55 154 33 25 1 176 15 138 62 118 158 57 44 115 116 121 6 136 87 26 150 85 13 116 9 15 12 2 109 123 10 73 16 122 75 29 139 4 99 135 45 111 98 155 14 130 86 40 69 127 23 99 7 178 115 135 133 66 115 15 131 7 50 109 133 94 52 158 35 127 117 113 135 113 11 69 180 163 108 128 145 141 106 116 82 97 119 85 75 154 153 148 111 99 70 111 142 150 17 172 153 172 82 153 103 165 64 145 169 163 174 42 7 86 119 158 116 157 114 142 119 104 95 144 153 86 101 60 32 12 21 76 101 31 144 119 140 62 104 108 8 160 26 30 8 22 8 50 138 140 160 124 30 98 71 22 142 68 90 43 158 174 121 64 86 177 165 168 56 115 86 167 83 1 44 63 150 153 172 154 25 167 152 41 59 110 139 31 75 54 36 91 79 19 92 57 160 70 53 39 161 151 79 94 174 143 128 35 123 165 76 84 48 76 168 72 9 146 90 10 28 90 100 154 99 127 3 100 26 28 161 162 10 142 61 68 56 134 30 21 58 138 123 3 60 147 136 111 17 48 92 156 141 145 134 45 48 9 104 25 16 94 121 165 104 135 31 6 123 85 47 153 23 99 108 56 79 163 128 49 51 56 61 153 5 158 119 106 44 33 6 84 79 135 58 61 92 90 29 119 114 34 132 158 43 126 48 29 127 36 96 88 106 10 52 26 80 98 157 95 34 64 83 80 159 116 121 67 69 78 48 47 168 53 105 80 92 160 46 52 151 76 140 151 171 38 5 83 30
111 131 39 33 120 17 138 95 69 23 107 36 27 138 126 49 6 25 33 45 155 163 138 150 127 116 83 47 102 106 162 33 151 98 38 37 61 147 96 98 79 115 84 163 125 50 114 78 104 176 51 138 56 105 6 81 47 54 175 118 135 20 44 169 42 21 179 49 132 37 103 24 73 73 111 45 4 137 85 115 75 7 94 98 110 117 24 43 134 125 168 74 100 19 80 36 73 69 112 141 8 169 164 119 177 42 12 168 158 12 139 176 123 77 13 178 116 128 78 59 124 9 106 68 164 3 61 132 167 77 57 166 106 162 159 169 36 16 57 81 18 169 106 149 94 71 54 174 155 157 12 26 175 90 162 66 147 3 165 77 22 160 120 107 29 174 12 135 111 24 176 12 97 119 156 45 95 49 23 138 147 86 74 23 120 89 81 52 104 55 15 136 61 36 91 8 46 24 33 56 48 28 19 108 98 48 80 12 74 32 79 53 161 110 107 138 130 13 160 47 123 7 151 178 94 119 128 117 176 95 49 19 170 89 146 115 135 90 139 123 145 144 137 41 17 176 117 124 105 149 23 115 93 58 138 87 14 56 149 149 137 173 27 69 129 108 172 13 43 4 129 9 58 121 64 10 27 112 100 47 166 152 121 146 143 148 8 34 160 26 29 101 125 23 1 92 174 15 144 136 80 31 6 132 113 29 102 93 168 170 174 131 50 136 112 119 102 66 150 40 162 33 38 27 162 32 145 54 23 18 50 151 73 46 56 1 45 24 25 13 180 163 113 115 34 109 86 114 148 4 43 17 172 114 174 109 59 44 173 151 17 112 48 20 74 45 75 116 40 49 73 175 161 65 94 42 92 149 158 69 11 148 37 30 107 3 72 117 56 24 57 35 16 62 152 51 116 99 60 139 96 77 29 117 120 69 120 46 54 115 135 44 101 147 140 153 51 109 63 25 167 54 59 175 23 68 68 123 56 128 87 171 165 27 152 20 85 8 140 67 162 173 120 138 85 115 136 138 121 154 67 84 94 35 108 173 52 144 116 83 156 143 73 59 23 36 25 69 48 174 65 59 42 1 118 89 172 131 32 112 101 165 41 124 11 129 120 50 17 168 123 151 6 134 175 133 72 88 76 157 154 152 88 167 47 166 16 79 127 174 88 97 165 95 1 131 23 105 73 2 160 57 153 128 83 51 40 82 112 141 176 140 31 171 49 33 90 158 65 176 123 61 178 178 14 43 61 134 65 163 42 79 15 31 60 109 13 144 124 137 34 97 3 78 15 114 66 59 91 10 138 109 103 57 178 109 111 110 93 150 141 112 94 132 157 5 162 12 125 97 125 81 158 10 3 91 103 83 6 149 75 140 47 164 118 41 40 175 50 33 54 52 63 29 160 118 62 12 53 26 31 172 42 132 16 62 151 120 138 18 163 109 45 59 135 15 176 80 166 44 94 2 9 22 54 84 15 56 106 177 52 178 97 31 18 65 146 109 153 179 143 136 20 168 146 52 177 113 1 108 41 139 10 47 47 25 9 142 171 18 95 169 19 1 57 117 68 144 58 66 127 46 119 44 123 168 39 101 162 154 96 95 155 177 131 134 118 32 179 52 41 171 157 149 15 69 6 118 77 19 18 100 170 92 60 121 96 66 169 53 93 52 150 79 174 165 173 166 59 22 119 35 40 152 115 137 137 59 35 97 176 29 42 35 110 167 5 121 175 55 40 40 64 93 29 38 56 63 162 146 116 121 20 100 174 79 100 130 23 115 84 69 133 80 47 53 133 18 169 57 103 19 93 152 91 42 150 156 53 59 143 11 127 26 42 92 80 82 179 8 140 159 42 167 161 45 144 37 101 174 77 6 145 7 150 50 28 128 52 123 2 14 175 118 128 105 111 127 22 106 113 24 127 93 50 104 85 2 131 102 69 58 97 163 171 62 105 98 73 170 27 116 32 74 105 175 52 88 104 170 151 167 24 92 169 34 78 62 154 52 15 38 96 101 70 18 141 86 102 67 133 132 116 129 30 16 19 1 156 139 140 138 29 142 23 139 143 25 152 77 5 99 90 120 74 179 39 83 7 137 141 176 124 51 4 17 120 107 63 83 15 75 6 132 11 32 143 175 149 166 36 73 125 112 134 115 34 145 145 16 121 11 83 70 16 158 59 116 15 116 142 34 162 113 144 163 165 172 14 2 57 90 46 76 89 145 82 64 47 66 168 131 69 179 174 82 125 155 153 146 127 44 146 125 171 76 89 23 94 173 165 79 100 142 73 10 66 24 37 50 60 107 128 172 119 19 131 129 88 119 93 70 82 62 94 10 35 88 133 1 78 148 167 174 106 93 62 8 60 29 83 148 4 129 30 65 82 89 39 39 66 62 17 139 9 103 53 99 141 152 3 9 142 90 19 148 156 100 84 38 88 139 93 50 6 130 103 107 18 128 130 102 122 166 80 49 133 82 135 130 41 153 90 51 168 148 138 100 165 4 130 95 73 31 23 10 61 4 139 62 121 139 97 75 64 139 7 175 176 33 135 81 140 62 80 65 86 177 93 3 14 130 166 78 16 105 146 146 119 44 97 168 152 66 30 16 10 147 71 66 31 104 140 149 150 158 139 73 13 165 82 61 42 129 178 93 136 153 72 53 156 46 158 50 63 71 39 122 73 159 163 110 95 1 4 167 28 48 47 88 85 163 153 61 127 58 49 123 40 124 166 45 129 114 141 16 172 30 31 100 17 142 36 69 14 19 8 123 165 77 97 91 107 164 58 143 121 92 111 178 174 20 13 67 83 113 11 123 165 23 2 38 43 21 90 145 159 87 32 86 98 55 87 91 6 33 3 95 5 178 177 157 146 44 83 138 171 131 151 159 167 139 180 178 53 157 43 29 64 58 126 106 70 10 36 139 73 1 149 10 24 102 142 61 125 69 52 173 167 112 131 70 57 38 123 65 164 90 125 7 159 12 13 2 114 136 159 28 30 3 36 147 105 63 136 28 76 159 89 101 56 162 19 70 135 164 135 146 152 81 152 105 82 76 92 100 150 117 124 4 119 86 70 107 71 77 59 145 49 93 92 118 10 157 84 174 29 80 95 111 16 47 150 88 121 2 170 116 75 82 139 127 136 122 149 26 62 58 79 95 38 176 87 163 83 84 105 12 90 29 163 3 22 55 110 136 178 133 138 118 172 11 104 153 17 88 102 160 22 84 77 25 34 69 70 32 180 74 133 98 169 162 64 162 24 148 88 27 165 71 166 130 125 123 54 11 175 122 38 78 16 74 87 83 18 110 153 37 159 64 78 58 33 37 100 99 14 145 95 4 33 97 98 80 1 71 68 154 164 168 121 45 164 101 106 174 13 35 88 64 10 19 113 26 111 172 63 105 74 23 170 53 163 97 174 65 91 13 36 54 149 78 69 44 108 68 77 96 143 17 9 113 174 53 155 116 175 51 97 141 17 159 22 30 167 110 145 169 50 61 127 22 45 172 109 168 47 142 128 170 88 74 144 166 92 81 103 150 93 58 32 59 140 144 94 7 53 108 118 131 169 132 157 31 87 95 81 167 178 139 86 51 97 144 17 132 58 134 93 64 87 91 59 57 94 128 53 8 93 71
87 169 101 53 112 105 92 112 51 79 166 76 77 127 25 4 174 178 36 11 176 79 114 104 9 9 118 18 120 59 17 59 169 130 63 31 153 104 21 97 23 145 38 7 112 35 24 20 138 34 2 24 165 88 42 146 16 120 152 49 51 22 4 126 92 109 82 87 36 102 7 83 7 116 8 88 58 74 94 13 74 132 132 85 1 89 94 165 119 179 24 106 105 22 172 109 21 100 98 108 14 50 62 156 24 81 61 18 171 27 107 84 58 153 154 80 142 180 98 27 160 34 133 86 153 23 12 155 87 176 146 91 157 35 117 169 55 84 117 144 72 12 2 24 71 91 121 145 16 179 43 28 106 154 46 113 26 112 113 99 141 178 9 81 59 134 35 99 147 94 149 144 2 131 110 65 163 89 70 114 61 167 177 80 41 173 82 50 12 120 132 88 102 71 135 18 21 122 4 84 10 161 17 84 108 109 41 155 109 132 82 163 165 58 37 47 19 157 19 35 18 67 96 142 160 173 59 172 131 48 143 132 6 29 140 60 106 67 30 45 47 79 108 78 139 139 179 120 36 81 102 126 162 92 68 102 75 95 76 175 24 27 73 24 18 10 132 123 62 28 110 102 14 129 173 118 166 26 102 169 111 132 6 137 99 126 77 4 150 8 179 7 134 172 168 79 6 148 68 163 75 13 154 91 37 149 180 172 164 79 127 6 122 24 124 120 164 97 83 19 8 15 162 127 59 58 149 178 96 17 142 178 83 23 159 46 130 89 113 110 147 81 153 76 89 170 95 158 44 77 132 120 147 131 91 109 112 72 34 60 58 168 18 164 101 59 143 76 177 36 78 175 112 155 19 64 30 41 30 16 8 141 74 174 170 165 7 8 97 163 154 109 177 57 75 110 102 28 34 141 157 80 151 38 166 141 133 95 19 140 110 7 167 3 104 174 115 29 162 136 45 132 162 119 145 153 124 172 156 46 80 177 142 116 3 74 4 108 121 97 70 106 154 89 101 36 67 12 74 6 89 123 118 72 120 18 40 130 170 141 131 78 28 34 54 67 30 64 29 118 110 152 21 28 10 164 86 51 7 17 70 11 125 107 30 27 64 29 40 169 87 106 149 160 34 118 163 128 124 137 27 116 156 142 168 35 120 27 146 172 176 3 159 142 21 23 60 33 7 47 148 127 96 171 21 40 102 131 2 23 98 128 67 104 90 93 95 125 43 172 95 41 134 166 169 3 12 35 19 154 120 127 139 139 76 130 101 117 141 37 132 93 69 79 174 26 134 30 144 72 67 131 151 166 105 124 171 172 126 51 41 110 6 99 46 87 175 51 35 172 28 42 57 30 177 143 37 178 57 70 72 46 52 117 132 11 37 49 47 124 15 114 65 22 141 4 51 115 127 84 8 59 26 78 158 104 36 82 73 176 3 70 41 179 110 84 5 66 156 72 179 139 101 110 153 167 49 70 110 83 42 61 34 34 65 156 91 53 158 62 141 112 159 28 120 24 11 141 135 45 68 29 112 31 43 84 147 87 63 14 40 89 163 66 169 41 23 36 85 63 26 16 145 21 2 55 153 5 28 179 122 171 42 164 52 113 63 64 9 119 157 54 38 130 79 139 146 72 72 135 33 24 90 32 50 130 39 100 25 55 161 85 149 146 155 71 38 127 19 115 107 37 151 59 176 38 58 94 177 116 84 149 49 107 70 145 20 30 49 147 110 69 154 16 155 144 124 61 8 130 120 71 62 2 85 93 144 128 74 83 85 21 29 180 179 166 169 88 8 94 166 51 173 27 39 161 20 82 6 95 23 50 162 119 5 168 67 63 116 22 175 96 143 154 28 156 120 163 31 164 31 153 8 73 144 75 39 28 59 164 113 11 23 71 84 48 97 33 10 56 70 61 137 164 57 13 37 68 128 16 66 4 174 31 24 93 89 103 70 113 40 31 69 70 95 44 14 94 58 55 158 135 88 4 81 60 70 125 114 20 138 47 136 23 56 9 85 17 68 124 30 42 64 112 89 170 166 160 22 102 141 143 77 154 96 2 93 40 26 85 110 122 154 28 59 51 99 25 171 143 174 88 91 13 15 5 45 116 48 78 18 151 34 174 152 105 35 52 8 73 65 95 9 51 88 130 67 21 163 143 1 95 37 100 108 9 75 19 3 82 162 93 164 60 130 176 166 63 130 149 91 131 167 25 36 81 147 160 159 162 157 165 77 93 42 46 156 154 44 118 176 177 96 79 114 42 44 105 102 99 64 49 177 75 16 149 124 179 151 145 98 171 37 33 177 42 61 113 71 164 117 20 152 149 81 65 111 25 115 87 147 19 79 162 135 91 178 153 42 106 138 23 42 37 54 72 28 10 32 77 172 88 22 30 113 4 67 79 77 128 119 124 87 116 129 127 110 116 5 38 85 81 132 132 23 51 161 94 164 11 116 79 120 16 10 44 48 100 52 126 177 113 72 9 41 25 64 172 166 116 89 109 134 100 52 81 71 116 178 124 142 138 162 22 17 152 173 17 41 175 132 138 123 122 87 23 171 27 36 157 134 121 40 104 62 28 103 31 9 90 23 106 2 70 41 140 152 44 134 65 130 156 21 57 31 63 119 44 157 82 73 85 169 147 167 45 72 116 12 87 117 148 56 109 21 164 124 137 83 93 169 22 118 176 109 119 86 85 60 150 110 135 112 1 145 153 102 55 99 56 1 75 56 142 132 50 138 156 51 85 35 180 22 151 18 106 127 54 57 148 177 171 98 155 66 104 109 128 103 132 171 139 158 101 93 81 75 61 21 113 124 79 117 167 114 89 57 99 144 52 88 3 73 37 46 44 88 112 160 118 155 133 163 22 102 99 177 22 82 26 100 115 175 72 17 58 71 102 176 109 122 147 103 27 28 25 146 54 170 122 176 84 112 47 77 70 95 23 139 141 81 134 102 99 94 122 56 23 63 125 53 43 103 170 60 136 114 69 107 136 47 117 100 27 128 66 46 66 37 167 36 21 156 54 169 80 54 137 53 50 29 179 38 46 65 105 161 167 2 86 94 179 13 168 129 171 110 160 22 63 58 37 60 25 102 34 28 12 73 118 138 87 156 115 3 148 62 136 150 35 34 170 126 137 50 178 180 168 171 40 113 88 162 96 74 50 36 120 158 46 127 34 90 168 118 168 159 22 10 73 150 10 8 1 79 166 103 12 126 128 114 88 171 70 91 19 143 22 4 38 125 48 87 22 4 172 152 13 65 30 13 150 103 167 24 20 137 172 123 178 125 80 30 135 110 103 100 7 22 122 56 21 29 71 140 178 161 87 36 90 143 142 10 72 176 79 133 149 106 4 179 116 149 57 16 55 33 135 41 89 88 86 54 40 140 73 110 27 17 54 13 105 11 28 51 149 32 159 148 45 6 164 152 31 78 123 70 135 63 54 67 52 174 59 37 70 6 53 133 65 66 90 17 36 118 22 35 59 139 88 70 35 96 165 151 111 99 117 147 9 45 92 21 111 31 155 24 47 102 58 106 59 72 136 76 2 134 148 139 99 31 118 60 82 115 103 154 3 7 48 67 52 109 64 154 52 16 94 42 133 137 110 178 171 35 14 42 103 105 109
85 106 11 114 27 90 92 159 71 16 70 2 86 88 103 8 168 119 58 30 52 161 100 26 49 84 163 40 64 24 148 13 29 9 17 82 121 89 82 48 67 118 31 64 134 174 179 136 161 99 149 104 51 16 8 10 29 87 10 12 24 118 157 77 15 96 98 151 145 128 179 51 87 121 58 9 95 23 76 39 98 82 17 48 157 11 140 9 77 41 6 10 131 51 118 56 39 78 4 62 168 158 117 51 139 146 104 68 84 28 153 175 14 22 131 73 63 84 106 116 150 68 135 42 147 118 94 127 62 179 97 76 20 77 174 50 42 114 146 21 5 162 147 30 175 16 87 110 96 130 18 16 59 11 33 170 87 23 143 66 26 164 2 65 76 19 48 83 174 17 89 122 73 177 126 173 134 28 84 46 5 151 98 38 168 62 20 104 115 160 23 83 118 4 155 117 150 117 94 120 36 57 20 121 93 137 22 124 128 129 161 133 129 171 47 165 86 178 23 177 71 25 99 31 134 149 21 58 29 115 36 96 53 158 43 44 78 2 79 48 87 51 8 148 97 153 86 34 40 152 56 47 144 26 55 152 102 72 85 94 154 6 95 50 130 25 161 119 48 106 111 88 107 45 75 146 105 164 13 10 109 141 103 104 11 35 43 23 148 92 98 106 93 150 83 96 45 7 135 135 64 8 162 154 133 36 151 119 60 108 1 11 63 152 172 16 124 48 20 5 58 51 177 47 118 104 121 135 56 94 75 37 47 170 19 30 6 28 71 112 111 130 6 132 139 77 156 39 23 30 132 27 94 115 172 11 122 71 160 111 157 119 56 55 22 64 173 22 133 63 85 9 117 116 47 156 4 82 106 28 52 84 7 13 166 131 125 154 99 171 147 166 168 152 168 153 69 105 154 77 147 164 143 149 150 154 40 155 88 32 6 173 109 57 47 62 8 83 8 54 12 38 21 140 67 66 157 97 40 138 150 133 145 156 85 86 110 44 22 145 148 132 105 174 102 139 17 58 14 137 20 165 158 76 85 142 57 2 134 57 98 34 33 91 155 88 140 176 95 105 96 169 165 127 180 172 84 100 106 154 150 168 73 72 136 180 175 120 126 101 34 4 161 141 172 131 77 65 175 16 42 60 124 11 8 38 52 149 32 59 60 35 21 69 135 118 131 159 37 177 69 52 75 83 13 164 89 81 32 1 111 50 34 7 42 177 161 39 174 117 8 83 147 91 132 158 164 54 107 145 118 15 141 15 180 116 129 128 98 9 69 162 22 44 6 105 54 27 91 39 36 42 29 129 142 125 4 105 21 91 49 102 42 32 28 149 86 42 133 29 178 134 72 85 115 135 125 157 55 168 81 3 85 42 106 14 95 59 167 55 115 46 157 7 159 70 81 121 149 100 88 42 67 113 114 24 91 77 69 108 55 118 127 141 38 162 103 152 32 147 66 73 22 35 19 44 66 8 12 150 151 166 141 24 36 98 51 60 115 105 25 21 24 102 89 71 64 62 147 64 37 173 62 177 67 98 44 80 103 60 140 157 1 141 55 82 30 5 108 120 90 105 71 104 150 152 88 90 143 48 49 32 6 20 64 92 76 173 24 103 20 163 89 114 124 82 105 79 77 120 70 117 129 8 27 171 135 27 60 107 175 139 28 69 111 175 82 179 6 51 60 78 91 37 67 143 91 20 101 88 80 121 120 120 180 115 165 136 143 49 133 38 5 13 163 22 105 48 17 90 30 126 155 74 67 160 70 46 130 72 135 144 90 83 162 141 3 130 58 137 164 84 166 109 24 79 130 74 160 59 144 121 42 41 104 34 155 150 39 16 170 83 103 174 86 92 125 127 49 21 41 96 158 76 104 17 155 152 49 98 132 52 39 19 58 139 141 61 57 167 41 86 78 56 6 34 93 14 107 152 157 154 7 117 104 56 47 147 157 46 45 147 95 150 68 126 9 88 113 156 15 138 71 146 40 60 87 55 83 36 38 73 146 59 49 53 42 50 69 137 75 111 126 109 76 45 165 56 165 38 153 103 136 41 23 148 71 140 163 141 84 41 57 15 88 89 36 108 174 105 158 4 86 180 110 94 36 172 127 127 14 55 39 127 55 104 71 124 28 169 134 47 178 136 111 18 162 127 39 55 51 64 85 136 34 124 66 155 7 41 75 159 77 68 128 49 116 93 51 92 33 79 177 159 102 107 112 159 60 40 71 73 137 24 161 99 138 57 61 29 99 174 149 134 137 35 129 29 129 110 176 1 67 46 145 168 112 37 67 121 45 55 113 106 10 163 170 2 152 167 99 19 12 7 70 103 173 3 11 139 75 145 66 2 54 145 58 68 14 27 103 107 115 137 80 4 77 154 36 71 71 93 15 106 10 7 57 100 101 169 129 60 77 133 125 152 14 166 133 28 114 165 59 29 101 133 171 133 10 95 30 12 52 30 174 25 112 152 11 101 122 36 171 47 42 151 155 51 130 9 180 142 20 160 165 47 30 121 8 28 95 6 179 18 112 83 48 42 109 147 178 147 123 103 161 2 50 93 66 18 34 27 178 53 138 136 151 167 114 138 98 34 38 148 46 62 17 97 158 177 6 167 132 53 18 123 133 179 159 103 20 88 138 169 99 24 164 95 54 73 35 95 134 160 76 148 108 155 47 139 118 153 137 85 58 25 13 61 120 104 95 149 164 23 88 81 8 97 171 115 99 144 90 160 148 103 41 79 127 169 120 53 21 43 48 176 40 81 24 32 140 97 127 134 34 100 150 177 46 53 165 161 33 48 92 36 128 71 66 147 19 96 55 16 11 21 42 3 21 117 52 53 66 55 51 114 77 30 39 131 8 5 112 85 144 50 113 118 126 131 67 176 149 72 179 34 74 178 45 162 126 33 61 5 63 165 157 102 170 92 153 5 110 147 143 164 61 40 125 90 18 44 40 106 168 73 148 55 32 143 71 176 130 133 141 174 126 38 59 177 15 6 26 137 45 84 94 128 102 167 156 40 34 43 165 133 3 41 36 155 65 15 80 141 55 114 127 32 137 103 30 118 89 54 26 117 27 76 123 14 136 118 29 101 109 124 174 145 77 119 61 30 87 13 14 50 107 8 24 39 154 99 65 40 150 126 141 102 161 90 22 47 19 1 122 74 16 62 80 6 82 35 32 101 106 1 139 82 72 32 43 41 109 23 21 98 46 139 24 122 22 89 44 114 144 29 45 87 8 43 47 41 179 90 102 49 92 53 111 123 25 16 33 38 80 126 141 85 164 12 173 79 114 113 52 12 80 111 80 66 50 55 69 46 157 86 107 155 133 161 180 7 14 59 122 51 35 112 19 95 38 152 22 31 149 17 125 143 119 36 64 100 24 93 173 96 54 8 174 107 46 170 67 39 115 122 54 104 27 41 53 92 133 102 20 97 69 141 96 102 4 37 159 126 151 159 173 156 3 5 163 163 10 130 28 9 121 49 47 116 7 164 59 170 158 30 94 174 161 178 165 119 90 124 160 22 165 152 118 49 154 136 36 72 31 12 65 169 117 24 32 13 79 69 119 50 140 147 149 115 64 96 165 95 61 62 71 127 12 68 56 147 37 162 143 103 135 158 74 177
155 26 151 152 100 45 146 161 156 25 94 60 6 4 29 3 100 126 85 65 92 142 150 163 10 8 29 10 67 164 44 79 18 82 3 89 151 63 117 36 61 80 114 92 164 109 150 142 42 81 57 104 68 139 180 37 26 90 105 83 102 103 105 41 132 100 120 94 111 153 33 25 105 45 4 14 88 2 93 76 4 9 103 2 17 167 71 68 103 7 36 101 100 87 104 127 9 178 101 62 84 6 64 119 87 76 124 60 143 36 128 15 12 131 18 96 89 71 62 145 147 8 162 144 160 133 166 95 101 11 69 158 151 107 92 56 19 117 65 127 34 19 156 89 24 142 51 162 144 179 158 148 86 29 130 145 74 47 140 38 89 78 155 135 153 146 103 144 30 151 118 16 136 34 16 2 163 111 77 138 129 137 170 127 159 102 33 150 106 162 96 97 64 95 1 36 163 64 131 64 41 88 67 32 121 175 158 62 6 95 111 14 178 9 175 28 117 153 165 131 58 16 88 166 176 141 133 81 27 87 43 21 139 158 80 82 122 72 137 98 166 175 164 17 111 85 24 64 109 60 52 91 1 32 29 111 24 92 82 73 91 68 146 59 37 128 24 93 46 115 146 132 144 123 110 160 60 161 154 114 164 119 19 95 19 159 3 127 162 143 11 139 85 71 154 8 69 103 42 90 99 25 133 150 56 12 34 86 35 94 89 157 53 158 80 97 50 99 168 72 71 95 127 85 164 145 63 62 163 93 62 170 116 86 141 110 68 53 177 8 108 125 122 21 107 118 40 53 25 66 36 13 92 71 136 172 112 53 16 151 173 36 157 77 86 38 19 134 163 44 71 87 105 54 48 141 70 14 113 79 138 31 20 10 117 166 73 77 156 155 83 154 135 172 150 162 151 19 172 82 52 65 35 30 110 100 56 41 137 174 74 106 53 99 76 25 84 162 105 144 12 34 73 136 57 82 98 51 111 126 75 104 77 141 25 161 65 77 124 165 78 108 144 40 20 29 102 87 22 22 101 148 134 41 168 113 169 6 91 119 108 70 155 69 12 159 58 124 57 113 46 167 161 55 151 88 67 157 167 73 102 42 10 76 105 12 11 147 158 167 51 58 53 147 42 46 68 97 131 14 1 129 99 116 171 72 6 118 37 178 131 162 166 81 36 137 122 67 123 120 102 14 141 52 132 30 174 133 166 26 138 129 157 69 95 112 36 36 60 5 113 179 17 73 101 152 54 150 106 17 25 122 26 160 61 153 31 87 62 52 128 36 19 166 24 1 38 103 27 84 113 136 170 86 162 72 176 167 59 111 156 9 113 90 180 153 5 78 166 87 67 74 122 55 38 82 68 93 144 116 117 179 76 41 74 92 12 66 118 160 118 140 161 36 144 142 122 101 103 42 30 98 101 179 63 38 59 21 2 147 142 27 77 125 36 166 99 40 134 142 25 170 29 16 148 133 95 18 136 168 107 11 145 109 59 127 36 118 12 47 120 33 41 85 1 22 104 11 128 114 20 50 17 116 95 17 32 143 177 141 78 16 68 15 13 35 42 141 40 118 84 110 52 166 119 65 154 74 94 81 99 138 104 8 129 137 10 149 82 126 39 39 115 151 166 53 159 87 172 160 32 77 32 80 129 84 99 73 141 132 132 30 115 122 119 158 130 135 168 53 66 71 43 130 51 71 7 154 52 84 54 8 139 66 172 82 31 132 50 154 29 104 106 150 135 40 136 17 156 40 31 65 144 106 73 13 89 120 103 24 58 103 37 68 1 126 139 105 48 106 86 19 141 96 163 87 138 166 35 71 43 26 158 91 158 120 26 86 106 153 11 13 178 91 38 109 50 38 52 70 115 49 28 5 152 76 127 159 60 55 60 80 104 25 132 20 13 140 46 72 170 160 162 141 170 62 71 159 157 46 7 137 98 2 1 51 23 148 69 177 120 146 144 42 41 7 81 18 115 101 70 163 167 107 147 108 61 72 102 86 143 60 173 134 90 174 112 27 158 95 119 118 170 2 98 76 130 157 46 47 66 113 47 175 117 143 122 83 128 164 35 151 151 11 25 57 23 158 77 60 174 98 157 153 5 49 110 96 176 134 117 140 151 28 21 73 122 172 72 38 12 152 17 44 143 32 174 43 170 112 133 11 48 109 28 23 156 119 27 91 168 13 79 35 3 23 12 108 89 116 123 47 145 124 170 27 135 75 1 32 68 26 145 133 84 132 96 16 48 72 98 90 133 174 165 57 134 46 65 175 16 85 128 129 117 95 121 53 111 180 65 148 2 17 179 162 70 129 156 6 33 147 76 31 28 82 107 116 15 178 44 167 133 19 173 74 142 102 65 54 45 58 4 101 42 57 41 146 77 96 39 121 176 126 31 99 110 61 177 61 169 74 48 89 41 111 57 148 47 169 42 70 40 128 122 128 3 80 12 124 74 55 18 25 161 47 156 170 177 163 88 137 71 113 29 156 63 78 153 79 80 106 179 178 30 167 89 139 171 167 83 165 42 159 40 37 173 8 174 166 6 8 67 65 135 130 179 142 112 55 51 159 6 38 135 103 83 151 175 141 92 152 155 58 173 109 22 180 134 93 79 169 126 148 57 72 116 20 123 112 148 99 31 134 116 102 14 34 35 53 151 91 149 3 146 99 20 119 173 56 119 135 112 117 45 95 100 133 8 155 5 73 179 100 24 124 45 62 7 115 140 177 4 119 175 115 94 178 161 46 42 17 127 170 117 164 4 179 26 126 40 37 161 156 87 104 127 18 176 64 33 177 75 105 82 115 170 8 34 55 76 30 131 64 132 28 102 111 131 148 96 86 13 136 50 61 122 112 9 79 57 150 53 158 31 153 117 102 39 67 157 138 60 101 36 124 52 158 21 165 83 107 104 77 60 91 129 89 162 130 177 142 171 180 31 53 30 119 112 114 114 112 51 158 127 178 15 15 25 152 88 79 156 90 2 46 111 21 133 99 95 47 174 102 27 63 72 37 4 162 151 156 97 16 69 41 177 92 70 115 24 69 175 142 31 168 65 118 34 40 132 143 51 177 176 114 47 141 110 85 165 164 26 36 157 113 159 7 69 95 22 124 5 105 152 42 77 170 82 129 21 179 140 84 57 162 72 88 86 157 24 140 51 134 28 120 36 150 10 79 171 1 100 79 116 107 63 168 148 176 61 46 15 27 11 77 82 14 103 107 129 135 138 5 132 66 49 116 66 34 72 47 22 167 60 71 166 41 129 170 22 77 90 1 143 127 55 14 69 25 146 103 124 111 161 9 157 152 68 119 173 146 171 147 124 131 37 8 169 34 63 142 39 114 59 97 77 163 22 13 68 94 17 128 19 8 61 77 13 155 169 79 59 155 56 42 67 56 9 127 85 104 55 165 139 130 37 170 35 93 164 103 89 32 154 172 36 82 168 96 134 171 164 112 95 134 116 144 44 112 45 10 175 133 15 171 30 24 175 136 4 73 12 151 25 110 130 162 73 167 37 93 54 88 145 4 106 3 1 134 114 137 43 156 14 24 29 142 3 50 14 5 12 31 110 175 26 46 98 170 164 134 111 134 135 29 127 99 5 96 36 147 62 48 45 83 83 4 172 29
36 60 43 25 126 128 61 21 17 101 136 72 20 140 49 9 32 165 66 42 130 85 107 129 109 52 43 8 177 25 6 63 157 104 55 36 50 116 45 174 97 164 63 38 26 33 167 150 32 40 23 83 103 171 90 87 81 133 161 69 76 117 4 41 67 1 166 28 86 98 38 1 105 139 70 155 72 178 83 87 111 176 116 158 80 75 113 81 87 27 78 92 146 149 20 158 106 82 149 172 76 152 75 115 51 107 132 21 124 113 16 47 89 137 18 19 167 132 164 50 82 151 109 7 48 79 150 180 180 66 131 42 22 55 162 41 149 39 125 77 72 38 7 77 50 131 89 129 172 54 120 98 15 56 39 112 22 5 115 101 116 56 30 95 55 73 128 113 89 37 141 127 133 109 139 166 52 4 113 104 45 19 120 60 36 87 159 126 124 116 16 64 164 45 180 178 33 106 27 27 124 169 56 179 168 90 106 38 48 114 126 161 169 146 53 119 128 44 84 113 43 57 153 174 74 39 21 58 52 123 101 88 28 76 148 126 29 174 169 154 144 64 85 38 174 5 166 159 73 60 154 20 113 51 9 90 125 21 94 62 35 55 52 173 173 91 162 145 1 66 64 66 135 167 100 139 15 23 108 118 167 139 76 79 80 142 111 170 50 70 62 142 25 94 80 59 139 162 41 92 49 6 172 62 101 2 95 129 91 61 91 180 93 169 95 88 50 160 101 35 33 72 165 157 1 150 47 108 157 10 44 152 170 62 102 4 138 172 131 163 25 172 143 27 106 29 42 169 73 46 168 56 31 180 59 135 110 70 177 112 65 149 100 62 40 4 5 51 42 135 33 155 17 63 60 85 124 71 24 72 14 69 14 18 31 81 2 40 1 174 166 25 97 1 115 42 107 23 83 78 57 66 110 172 138 24 152 23 104 161 9 76 93 110 43 154 11 20 60 126 115 12 169 137 143 123 52 141 39 20 43 83 3 90 157 10 14 86 122 19 178 14 74 131 13 120 21 143 98 102 90 136 94 172 41 43 18 35 76 178 149 71 155 24 1 162 39 26 123 50 73 3 126 160 9 94 28 180 146 150 180 59 61 40 130 104 90 164 173 126 179 35 1 91 38 10 64 81 132 137 47 140 119 80 114 160 25 18 109 98 41 26 154 114 10 173 83 37 63 142 92 139 164 11 3 100 89 121 97 132 140 116 102 148 43 137 102 161 94 54 150 85 27 157 74 179 155 163 17 69 112 180 74 52 90 27 28 104 42 30 91 141 34 141 7 159 5 73 122 147 68 155 136 20 82 19 2 16 23 171 99 122 118 48 13 140 90 159 153 2 151 90 125 62 133 178 119 86 159 101 82 35 155 35 128 112 66 111 159 53 110 120 9 54 84 165 165 53 71 14 169 119 65 132 92 77 17 5 71 64 89 93 73 79 11 110 51 133 161 145 46 105 27 81 155 42 23 173 169 64 126 63 66 32 107 175 114 28 4 106 139 143 30 115 77 88 55 155 68 50 139 157 7 44 44 167 171 37 105 32 77 94 143 49 125 31 170 10 24 64 30 10 27 155 113 169 60 172 83 30 137 81 53 152 87 56 37 89 68 155 172 108 167 119 166 171 2 157 27 149 148 66 58 75 135 180 127 52 128 168 178 49 50 81 133 167 34 25 125 73 141 177 40 59 98 37 20 154 155 110 167 101 21 66 69 122 122 46 68 29 36 74 5 18 24 72 26 94 105 74 98 105 16 40 68 41 151 87 102 171 64 32 23 127 98 8 83 82 40 39 87 87 12 6 171 86 149 35 122 50 33 36 98 175 91 57 73 143 121 23 164 61 177 110 154 114 119 148 110 9 11 119 165 91 35 151 146 59 132 30 85 125 66 100 23 87 147 162 27 154 110 105 122 61 44 88 5 77 160 51 164 173 47 131 160 131 124 6 54 79 96 177 7 63 66 2 164 11 169 64 85 59 86 17 102 9 15 151 127 42 26 14 12 120 27 157 163 11 162 147 135 122 117 1 100 42 168 2 15 152 159 179 110 106 11 160 177 120 66 69 24 50 51 160 154 178 164 123 136 173 112 66 116 165 154 155 37 40 171 40 167 136 79 49 67 120 77 133 12 130 41 132 39 118 167 137 140 95 75 170 137 3 149 148 174 168 5 167 165 162 156 55 125 40 75 83 13 120 86 12 132 160 10 81 49 166 50 12 103 23 160 56 137 150 5 155 7 60 114 164 71 15 71 63 43 118 175 17 48 126 132 143 168 149 148 165 32 21 95 153 67 42 114 129 67 155 48 107 31 10 89 14 88 93 60 26 172 40 134 55 126 133 70 41 70 159 27 100 90 109 125 42 84 100 4 130 154 93 12 64 67 34 161 59 31 15 150 57 46 24 49 159 80 114 88 2 105 39 171 29 150 68 83 67 105 122 42 60 160 111 56 119 126 163 172 47 136 68 84 152 50 84 161 42 156 36 8 165 129 36 32 116 129 28 5 17 120 11 82 39 6 116 92 132 154 58 29 80 176 88 119 153 146 29 113 9 56 166 70 34 98 160 15 65 33 35 88 115 71 53 57 107 39 68 160 116 123 50 126 87 64 13 62 166 94 71 79 110 2 159 178 41 52 159 66 178 66 63 177 165 31 73 6 39 31 113 92 32 17 33 164 34 77 35 39 152 95 47 169 137 45 7 173 173 32 180 7 166 72 69 131 2 15 158 95 143 169 48 68 10 101 60 31 136 18 49 47 43 131 94 116 27 83 114 106 131 39 122 147 55 76 180 137 101 8 163 28 165 74 86 148 171 179 85 168 176 47 175 68 16 116 178 179 58 157 158 52 132 69 53 134 169 172 156 67 156 147 68 28 16 106 95 17 1 139 103 27 83 142 91 115 170 117 106 151 130 116 156 147 55 145 99 100 55 60 36 177 2 178 65 21 89 62 101 7 177 163 68 20 1 32 173 3 143 90 97 19 57 105 156 157 135 32 116 152 130 132 143 90 31 99 50 136 42 100 75 93 151 18 53 118 102 162 122 175 151 150 65 34 2 34 104 67 165 71 117 17 99 64 163 48 81 119 137 32 136 124 124 3 107 66 170 166 80 161 127 37 124 150 136 44 148 152 169 145 2 93 139 138 57 168 170 8 60 86 69 104 76 134 132 175 91 147 69 67 170 149 153 116 3 118 156 137 97 89 10 124 27 180 49 9 54 158 6 110 178 134 10 156 142 121 29 130 34 87 39 13 64 121 174 141 120 44 59 86 90 152 70 46 138 38 126 35 111 114 68 45 143 3 24 105 137 49 52 53 164 139 48 113 68 71 143 35 100 16 77 44 128 93 24 113 158 49 23 78 22 32 68 33 6 77 99 145 130 77 58 121 137 106 7 159 99 162 114 78 171 161 38 134 106 146 86 120 91 93 84 121 168 147 105 145 133 16 162 160 103 154 104 88 121 49 87 57 114 150 153 96 51 15 31 35 38 151 126 115 119 31 107 21 20 177 176 90 80 160 80 15 159 141 89 77 83 120 180 179 167 88 49 93 68 89 26 175 46 108 16 75 101 31 120 106 100 41 166 137 180 42 2 160 4 119 13 104 49 91 52 2 53 16 79
14 86 21 48 176 66 61 29 25 96 156 29 6 121 143 66 133 76 177 44 68 135 39 113 153 136 166 169 148 160 11 163 143 172 120 86 39 23 139 93 116 179 47 17 178 79 78 18 95 58 139 147 147 7 148 11 161 16 74 116 1 34 61 81 136 2 149 104 123 117 179 113 122 173 174 115 175 102 59 128 61 106 158 85 108 157 88 37 78 178 81 77 62 79 168 108 56 148 131 107 29 66 161 88 176 96 86 11 94 70 116 171 168 93 136 145 68 35 160 141 117 66 172 91 77 109 48 36 69 10 119 31 177 169 132 150 129 38 13 127 173 62 52 111 106 124 64 98 30 115 124 11 169 16 149 81 132 169 129 166 109 77 175 117 168 176 17 97 41 173 5 56 59 35 62 92 86 47 168 71 20 109 145 173 134 71 175 41 152 69 138 19 138 38 79 171 7 63 178 76 140 155 167 26 5 96 55 137 114 44 44 158 80 39 160 98 75 79 10 119 145 120 172 166 145 65 120 145 116 143 27 9 171 7 167 88 7 94 152 147 91 28 113 38 86 45 179 159 57 144 109 50 121 167 9 81 178 156 126 97 99 31 53 89 178 170 81 159 151 46 31 113 46 83 125 1 49 85 91 16 91 34 112 2 77 84 19 26 114 176 148 40 110 37 15 143 30 89 180 13 77 35 61 176 161 117 42 92 27 44 75 171 139 52 19 120 120 34 94 162 119 64 128 49 165 160 142 121 98 43 165 117 30 37 50 40 42 53 1 132 133 93 120 35 48 20 144 5 38 156 167 26 94 45 64 161 123 139 131 70 18 14 173 35 60 178 152 90 133 158 169 180 100 146 159 59 161 89 120 67 13 15 36 23 95 121 152 141 28 101 77 98 60 51 119 180 149 42 81 85 179 19 146 109 37 28 176 44 120 149 17 42 75 2 30 164 88 83 31 83 127 171 50 151 132 62 103 100 135 48 120 33 163 21 83 149 19 93 124 73 86 147 64 46 127 39 80 86 139 66 84 54 122 133 125 140 82 165 167 65 115 76 99 39 137 130 170 153 154 19 126 112 48 84 136 6 159 88 132 167 104 30 53 173 62 112 137 90 130 112 46 87 64 22 138 132 145 133 117 23 63 85 126 42 137 76 43 57 74 69 124 121 37 83 22 152 180 130 65 46 112 128 128 176 59 40 49 155 113 58 11 90 120 152 71 115 98 135 30 10 111 18 20 91 132 128 143 54 103 86 29 109 170 141 86 77 172 85 67 4 160 1 107 128 78 149 127 132 48 52 151 173 180 53 179 138 163 75 19 81 59 177 7 52 122 86 129 13 33 135 110 73 24 8 178 45 129 130 23 100 110 6 21 63 56 103 28 101 157 159 130 159 103 90 174 172 68 72 24 55 137 91 15 70 113 84 88 179 25 73 67 174 97 99 146 93 156 12 71 66 91 53 103 100 9 15 37 77 41 109 106 13 148 66 99 126 172 68 139 105 35 138 44 46 146 14 117 55 104 175 61 12 180 121 26 169 12 86 154 13 158 37 88 114 88 165 49 126 113 74 26 20 143 9 46 82 142 104 135 86 114 17 19 139 104 139 109 50 46 141 14 34 169 109 81 172 51 40 8 73 51 100 128 165 52 124 151 56 8 179 148 161 32 172 22 126 169 163 120 11 18 137 37 171 73 164 160 52 85 158 111 118 168 151 17 152 169 153 106 146 105 8 30 56 97 157 63 45 108 66 158 110 24 169 23 76 9 177 124 146 179 114 170 41 9 110 27 62 158 52 152 19 63 32 141 32 175 27 46 31 29 148 85 33 22 97 118 175 53 94 147 78 107 162 105 32 80 11 98 107 50 83 170 61 87 42 11 3 138 61 122 180 23 105 38 66 20 111 148 111 5 131 143 110 160 64 99 174 36 138 110 109 147 137 89 46 51 46 178 180 160 49 156 108 142 69 95 3 111 50 162 59 4 26 124 81 146 159 60 87 164 57 65 38 80 111 83 162 147 120 120 171 168 29 1 170 41 15 14 122 117 179 36 123 169 112 21 31 111 153 68 69 16 136 61 2 28 60 32 35 152 87 15 103 41 8 82 142 58 100 167 56 77 10 90 46 32 53 44 83 32 130 87 145 171 11 45 155 127 33 111 12 18 83 96 86 60 8 92 131 55 144 74 155 83 9 93 139 70 129 54 81 175 180 122 61 167 13 5 43 97 128 27 176 2 153 105 89 77 81 58 39 102 42 167 61 9 149 175 93 173 173 7 178 136 67 175 38 42 68 180 148 91 49 100 108 55 131 25 99 142 147 158 117 141 102 63 53 135 47 63 100 152 7 79 161 119 148 125 8 20 179 75 168 147 4 58 21 25 173 124 148 162 48 57 87 9 130 168 101 51 46 94 7 118 45 115 80 99 30 28 152 76 44 79 2 177 124 143 73 66 151 158 55 16 101 17 38 111 138 81 158 123 127 105 50 41 52 159 28 67 27 20 30 103 145 50 20 162 152 32 140 135 93 158 131 179 144 26 39 75 36 106 135 170 80 31 176 176 8 168 142 6 106 67 86 3 180 70 92 61 166 16 70 150 57 119 179 68 45 131 173 146 137 28 25 33 124 52 2 164 100 116 13 85 119 87 82 130 28 121 164 170 30 117 110 160 115 7 66 29 18 123 102 169 86 112 63 108 42 52 89 48 120 113 10 56 102 157 129 31 83 110 106 140 134 98 161 54 157 42 22 43 50 130 139 67 39 82 154 1 28 126 137 167 158 58 73 18 42 5 157 41 91 122 18 59 49 158 107 55 40 15 177 135 51 144 21 93 114 49 179 161 116 17 67 74 65 13 44 94 21 76 56 69 80 92 141 120 60 62 70 31 61 122 172 59 125 146 59 148 162 8 16 97 27 150 152 9 27 54 132 178 129 156 175 89 23 43 103 11 71 110 70 131 125 128 112 150 162 117 26 68 11 107 9 42 165 58 162 109 139 68 26 93 52 48 156 47 138 163 158 48 63 38 74 180 9 116 162 121 158 119 149 138 94 41 43 176 143 139 1 42 148 63 64 94 110 160 178 167 135 66 10 49 87 7 24 150 15 102 47 38 70 116 39 92 146 123 93 166 106 23 153 121 139 88 18 5 129 133 139 48 32 6 108 49 22 41 148 49 39 25 165 90 82 113 68 107 6 42 8 60 86 20 127 112 150 117 67 45 136 129 31 75 146 107 59 33 85 36 7 97 25 104 117 154 174 64 34 29 109 8 37 165 12 179 75 134 158 10 130 49 55 4 88 82 23 45 87 126 169 158 136 31 12 145 44 137 79 40 129 72 54 74 104 142 139 106 105 160 36 30 168 11 99 15 27 74 9 114 160 53 160 91 87 77 93 69 92 123 64 54 100 98 20 157 139 69 112 167 27 19 74 87 141 165 108 150 140 46 9 23 95 28 23 84 17 170 85 180 86 152 35 175 80 48 137 168 115 42 91 34 129 143 166 168 125 166 128 131 154 6 126 130 172 137 154 106 113 173 74 87 52 27 91 64 150 160 22 2 131 69 13 93 48 29 46 178 65 70 98 45 86 36 16 144 44 15 98 37 178 148 176 136 142 24 31 53 54
35 168 6 145 73 43 121 66 13 151 61 58 78 52 27 81 145 79 9 166 65 14 106 165 177 94 174 170 59 142 176 79 150 89 147 14 116 142 39 55 164 177 164 65 2 153 132 128 29 128 157 95 63 99 53 53 178 22 43 101 67 97 135 26 44 137 73 50 77 9 75 70 135 107 104 59 150 76 99 142 98 69 172 73 153 149 95 153 19 116 5 113 39 169 3 93 91 154 64 9 151 173 140 4 147 97 14 78 66 135 113 128 84 5 57 55 113 166 121 148 40 51 60 129 64 149 170 85 54 61 118 66 151 28 9 135 164 48 120 89 168 146 117 39 82 49 61 38 6 95 97 22 24 153 109 152 77 54 132 89 75 122 144 105 107 89 108 87 120 99 63 165 151 18 118 100 94 151 109 158 68 109 120 42 145 10 127 179 151 115 150 108 14 1 158 160 15 123 128 18 91 99 33 124 3 71 78 159 65 94 130 27 88 50 111 73 110 132 30 3 30 38 39 165 1 159 95 97 42 34 170 29 137 102 174 169 18 117 136 57 2 29 76 86 104 97 100 169 44 62 79 115 104 2 44 157 75 90 60 136 79 133 122 20 82 63 118 153 57 39 116 175 148 62 70 109 105 117 141 75 71 57 99 161 46 104 90 119 116 22 133 36 153 90 169 29 88 89 121 118 59 96 53 157 100 176 102 125 158 101 152 88 61 107 47 171 65 4 139 94 88 24 104 12 66 116 32 38 3 116 90 105 96 84 5 93 175 84 18 36 127 119 144 5 109 72 51 170 166 26 4 114 111 14 40 131 117 21 53 120 98 89 161 88 104 96 155 67 153 75 141 62 56 50 118 105 45 71 88 47 107 122 92 122 118 67 28 69 24 148 71 148 161 163 146 127 150 175 124 90 3 159 138 138 118 96 69 6 178 72 144 67 175 76 141 39 156 36 81 67 16 144 37 149 117 9 148 29 107 9 120 85 77 44 121 94 65 168 117 179 94 98 24 127 117 114 91 7 180 132 148 45 157 65 70 110 104 94 112 48 168 128 133 20 98 169 89 68 33 42 110 86 75 44 175 75 100 43 129 108 37 85 1 21 75 155 113 76 160 28 55 2 143 70 152 56 64 123 92 74 157 54 91 110 44 67 158 78 128 177 81 118 155 162 68 48 108 169 32 141 175 110 44 165 106 63 160 131 137 163 151 63 114 124 9 34 89 80 141 5 161 81 122 128 79 102 48 162 128 94 89 81 4 107 160 166 40 83 101 61 81 134 109 3 173 15 29 16 22 160 112 103 86 118 56 30 152 42 138 4 78 123 154 168 152 69 89 1 39 21 174 91 43 88 168 76 144 170 57 148 84 56 22 114 180 82 1 34 30 109 53 69 86 113 95 99 14 60 7 169 118 96 51 27 150 51 98 33 94 29 75 53 65 13 37 71 89 145 168 29 7 95 15 155 51 163 38 25 51 54 39 91 117 127 53 167 135 152 147 132 94 30 17 14 41 63 74 26 87 63 161 167 11 140 169 22 103 23 20 41 64 45 149 134 45 104 163 81 56 89 79 57 145 5 45 15 169 48 116 110 74 155 122 95 89 26 147 46 95 139 63 13 107 47 1 88 72 125 42 58 92 112 111 25 81 44 177 80 98 109 61 129 117 13 136 102 134 124 163 66 121 70 1 71 90 4 94 84 173 21 94 129 16 41 70 114 34 76 50 171 85 54 140 61 29 92 150 114 90 25 111 26 36 65 61 68 92 111 49 13 118 116 43 114 136 86 29 148 13 79 133 53 98 54 54 26 98 85 4 127 88 117 159 54 127 8 156 135 80 152 122 15 153 170 53 99 178 162 177 138 61 126 70 35 74 63 178 67 52 31 94 55 170 27 14 140 21 175 160 97 159 138 72 179 149 146 1 101 102 21 70 152 151 34 74 23 150 140 127 53 161 154 115 130 20 76 125 85 18 83 97 37 29 46 94 111 89 11 145 83 13 81 73 82 24 5 170 137 156 37 91 68 134 172 114 82 23 138 28 54 79 77 7 91 65 28 23 49 106 37 11 171 48 70 11 159 51 13 167 154 101 74 86 108 51 59 101 85 112 80 11 27 169 162 74 12 174 7 104 9 62 120 176 139 139 99 138 164 85 69 111 96 21 70 62 119 9 140 74 43 121 29 2 160 171 24 105 98 103 80 108 149 114 57 47 3 152 96 127 179 26 120 168 142 139 55 14 157 53 160 157 113 104 141 46 129 89 84 132 169 8 129 69 14 84 88 150 1 76 28 23 149 54 62 162 104 39 110 16 63 170 97 18 166 151 119 128 113 11 103 104 177 8 64 64 147 177 176 159 17 117 32 60 180 29 20 24 61 144 22 148 162 3 40 7 51 95 7 108 34 145 5 146 117 22 39 107 43 140 48 65 6 118 64 24 157 139 125 104 140 61 170 102 162 73 3 134 78 149 56 143 20 8 85 156 48 33 113 14 3 165 81 25 63 168 84 64 113 178 157 145 42 127 134 81 154 170 124 39 17 54 24 154 27 89 8 23 113 31 103 130 180 53 40 56 25 10 39 166 90 36 80 135 129 42 116 180 119 162 37 91 145 152 166 64 60 9 55 51 177 67 55 65 70 106 144 118 96 144 34 6 170 47 157 73 124 167 33 27 84 166 43 48 130 101 164 112 65 114 111 34 126 117 32 57 112 135 77 72 84 121 103 90 93 22 133 50 180 151 168 155 4 1 139 37 152 154 107 117 77 45 106 64 114 114 123 137 73 133 111 4 34 33 174 89 27 160 115 90 145 86 25 61 15 159 167 156 42 107 174 118 19 19 31 75 77 23 151 71 5 59 6 93 138 163 167 127 43 43 7 68 58 180 141 112 53 110 75 97 95 118 147 27 100 79 81 42 125 105 162 96 159 162 135 13 115 123 171 52 55 3 12 150 23 132 96 105 128 131 80 26 42 8 53 127 1 121 98 58 139 29 47 54 96 78 167 24 164 124 83 45 90 166 139 68 6 72 175 50 7 112 54 77 146 180 50 33 132 85 65 48 150 119 170 115 102 30 35 163 130 64 36 113 43 24 173 92 71 162 164 19 93 148 147 173 66 174 174 82 64 142 90 157 179 56 163 112 61 169 17 10 154 159 104 149 180 86 106 5 119 98 147 29 34 16 79 116 87 179 84 57 180 146 167 65 1 39 56 76 91 49 111 95 175 15 46 21 33 168 53 158 154 67 86 51 106 18 123 24 150 106 66 11 43 83 42 134 42 33 45 47 159 148 158 71 166 56 89 49 29 13 32 41 109 165 163 126 102 94 11 18 125 92 171 120 77 63 81 79 56 145 163 133 22 43 122 78 72 96 88 42 61 115 63 45 100 43 77 161 136 82 124 93 68 145 123 160 70 106 54 116 61 153 171 178 147 44 92 108 126 160 15 147 19 107 43 10 136 93 128 5 22 103 49 60 94 143 46 145 46 91 73 71 88 81 64 172 53 114 130 111 13 27 5 76 150 44 41 123 93 85 109 180 24 20 113 15 64 48 108 152 142 18 135 100 13 133 144 65 65 127 18 176 52 24 87 28 145 40 75 1 177 105 173 18 88 147 109 97 46
0.4
0.3
0.2
0.3
0.3
0.2
0.2
0.3
0.2
0.3
0.3
0.3
0.4
0.3
0.3
0.3
0.2
0.4
0.3
0.3
0.2
0.3
0.3
0.3
0.2
0.4
0.4
0.3
0.4
0.4
0.3
0.3
0.4
0.4
0.3
0.3
0.2
0.4
0.3
0.3
0.3
0.4
0.4
0.3
0.2
0.4
0.2
0.4
0.2
0.4
0.2
0.2
0.4
0.3
0.4
0.3
0.2
0.2
0.4
0.3
0.2
0.2
0.4
0.3
0.3
0.4
0.3
0.2
0.2
0.3
0.2
0.3
0.3
0.4
0.4
0.4
0.4
0.3
0.3
0.3
0.3
0.2
0.3
0.2
0.4
0.3
0.4
0.2
0.4
0.4
0.3
0.3
0.3
0.4
0.3
0.4
0.2
0.3
0.3
0.3
0.3
0.2
0.4
0.3
0.4
0.3
0.4
0.3
0.3
0.3
0.2
0.3
0.3
0.2
0.2
0.3
0.2
0.4
0.2
0.4
0.4
0.3
0.4
0.3
0.3
0.2
0.2
0.3
0.2
0.3
0.4
0.3
0.2
0.4
0.3
0.2
0.3
0.4
0.3
0.3
0.4
0.2
0.3
0.2
0.3
0.2
0.4
0.3
0.2
0.3
0.3
0.2
0.4
0.3
0.2
0.2
0.2
0.3
0.4
0.4
0.3
0.3
0.3
0.2
0.3
0.3
0.4
0.3
0.3
0.3
0.4
0.3
0.2
0.3
0.4
0.3
0.4
0.3
0.2
0.3
0.2
0.3
0.3
0.2
0.2
0.3
0.4
0.3
0.4
0.4
