12 12
6
      3605
      4081
      3086
      4339
      3188
      4719
  1.8  74.7 594.7   1.7 
  3.2  69.5 302.9   1.6 
  1.4  26.8  93.3   2.3 
  1.0  69.0 468.0   2.1 
  5.0  58.7 785.1   1.6 
  4.2  31.8 253.8   2.3 
  1.8  41.1 701.9   2.3 
  2.4  26.2 602.8   2.4 
  1.4  72.7 793.6   1.5 
  4.1  43.7 946.9   2.3 
  3.2  68.1 141.6   1.7 
  1.9  65.9 160.6   2.5 
  4.7  24.2 574.1   1.7 
  3.5  63.7 351.7   2.2 
  3.4  57.8 428.0   2.3 
  3.4  71.6 600.0   1.7 
  2.5  45.9 440.4   2.2 
  1.5  46.3 241.4   2.2 
  1.6  22.4 781.8   2.5 
  4.8  43.1 348.2   1.9 
  4.2  22.4  72.1   2.4 
  1.4  34.4 397.9   1.9 
  2.4  70.2 276.4   1.7 
  3.9  27.8 132.0   1.7 
  3.8  48.9 195.1   2.5 
  2.4  46.1  77.2   2.5 
  3.4  67.1 794.9   1.8 
  1.3  56.1 371.1   2.1 
  3.7  44.0 629.0   1.7 
  1.0  45.3 751.4   2.3 
  2.7  72.5 763.5   1.7 
  1.5  41.1 147.3   2.4 
  2.0  23.3 832.8   2.2 
  2.4  43.8 256.0   1.8 
  2.0  53.6 364.7   1.9 
  3.8  21.1 223.9   2.0 
  4.6  45.0  99.7   2.2 
  4.1  38.1 153.2   1.6 
  3.2  53.1  72.2   2.0 
  2.8  50.6 258.0   2.3 
  4.3  72.9 643.6   1.7 
  1.2  34.7 663.8   2.4 
  2.4  72.5 148.5   2.3 
  5.0  43.7 708.7   1.8 
  1.6  67.1 846.8   2.3 
  3.5  57.6 554.7   2.1 
  4.2  41.7 573.0   2.5 
  2.7  56.8 639.8   2.5 
  1.7  28.1 803.5   1.7 
  1.2  58.8 652.2   2.5 
  2.1  70.2 879.3   2.5 
  3.5  22.4 568.1   2.1 
  2.4  44.6 634.1   2.1 
  2.8  22.0 910.8   2.0 
  4.4  18.2 365.8   2.0 
  2.4  71.7 826.1   1.6 
  1.5  28.8 616.2   1.6 
  1.6  19.5 510.5   1.6 
  3.5  26.5 291.6   1.6 
  3.2  26.3 110.9   1.9 
  4.3  64.5 438.6   2.0 
  5.0  63.7 773.7   1.8 
  3.6  41.8 356.6   2.5 
  1.9  48.5 456.6   2.5 
  5.0  60.2 756.5   2.0 
  4.6  40.9  69.5   2.4 
  3.7  53.3 174.0   2.3 
  5.0  58.6 458.6   1.8 
  2.5  60.9 397.5   2.5 
  4.6  58.3 567.9   1.8 
  3.3  39.8 540.1   2.1 
  1.5  44.8 363.4   1.5 
  0.2   0.3   0.3   0.2   0.3   0.2   0.4   0.2   0.3   0.4   0.2   0.2   0.4   0.4   0.2   0.2   0.2   0.4   0.2   0.2   0.3   0.3   0.4   0.4   0.4   0.3   0.4   0.3   0.2   0.2   0.3   0.3   0.4   0.4   0.4   0.4   0.2   0.3   0.3   0.2   0.2   0.3   0.3   0.3   0.2   0.3   0.3   0.2   0.3   0.3   0.2   0.4   0.2   0.3   0.3   0.3   0.4   0.4   0.3   0.3   0.3   0.2   0.2   0.3   0.3   0.3   0.3   0.4   0.4   0.2   0.4   0.3 
  108   145   101    19    19   157     2    13    57    96    37   104   177    77    84    53    25    42    54    89    41     9    32   157    46    12    43   111   141    21   133   147    57   177    73   103    60   120   155    55   166     8    52   127    70    66    65    54   104   101   138    30   147   109    17   176   103    19    53    19   143   138   147    15    27   104   141    67    38   120   170   145 
  112    86   151   100    91    37    86    10    17    75   143   136   169   124    49   150   128    75    47    19    56   142    14    28   103   157    84    38    11    23    59   145    12    52   149    48    13   148    84    94   156    48   110    93   101   127     4    12    77   169    26   163   100   146    19   150   167    86   142    41   159     7    30    41    92    87   149    15   156    60     7   164 
   71    94     0     2     4   132     4   147    45    85    90   152   105    87   120   170   179   147   161   113   149     2   150    91   106    53   143    27    45   126   108    32     3    84   145   126   155    81   105   159   171   176    67    23   139   171   173    18    57    73    39   150   111    88   158    49   161   140   105   143    59   155    63    40    31   172    17   151   163   160    81    10 
    9    26    87   154   174   116   110    28    63   140   126    44   137    87    21    13     7    70   178    75    91    66   176    21   121    92    59   172   122    76   165   158    48   122   133    92   178    57   156   161   135   117    65    13   163    71    62   170   107    27    22    78    43    26   156    98    25    23    62   106   168     8   133    61     6   114   129     9   102    19    59    51 
   79   105     3   176    63     4   115    12    94   166   175   164   112    90    17    19   176   179   157    41   154   106   167    56    63    85    17    28    52   120   172    17   172    34     6    34   145    83   172    74   127    33   132    66   134   109    25   105   111   158    53   140   122   168    16    73   158   158   120   165   102   170    86     4    80   125    61   147    49    74    74   158 
   51   108   142    32     9    84   130   130   142   164    20    21   178    68    35     0   165    68    88   159   133   104    98    77   111    86    65   149   110   109    78    65   146   170   127   110    89   108    54   166   116    18    78   138   126    95   157   110    45    63    94    22    70    49   117    73    99   150    45   139    47   126    85    18   171    56    24   148    15    34    28    35 
   45    82   152   144    69    11    18   106   167   110    61    51   152    16    26    92    55   108   131    23   135    16    18    21    52     7   167    78    77    85   105    30    73     5   125    42   122    69    92    90    81   152    70   117    24    99    54   165   173   127   176   102    29   157   161   140    71   146   136    92    28    49    47   170   121    92    97    37     4   132    17   172 
  129   136   135   134   161   174    34   107   100    77    77   161    81   171   144   133    69   179    21   143   164    15   125    81   137   163    48    70    51    70    70    67   116     4   105   141    77    60    27    60   153     8    81    40   151    21   140   104    69    97   119    33    84   103   152   167     7   114    28   120    75   143    44    97    96   108    26   163   156   102   103   134 
  162    77     1   113   116   117    11    30    86   125    51   115   172   131   146    58    55     6    56    75    90    98   151    19    47    99     5    91    83    33   128   158   104    86    13   125    53   111    54   141    87    49    85   148    71    52   103   111    54    83    68    16   125   115    20   107   125    57   178   108   119   115    89    68   123   134    86   106   115   108     6    99 
  112   138   117    58    36    95    46     2   171   137    38    28   178    84   143   172   121   139    29    26   136   113   102    16    67   132   108     3   110    52   160   176   144    54    51    36   152    18    64   165    82     6    93    35    92   119    35    23   149    11   177    17   157    28    29    19   118    48    15    43    93   158   107   120   146    66    46    98    83   113    82    16 
   29    28     8    99   172    65    46   122   165   155   157   152   116    34    58    15    19    93   119     0   169    97   128   113    30    70    50   131   177    93    37    48    96     4   148    69   135    41    82    38   143    97    19    75   104   100    10    45    80    53    25   177   160   121    80    47     8    91   116    33    32   144   103    74    62    49    60    79    94   131    72    68 
  146   135    79    71   163   178   174    49   137   179   164   107   172    16   120    39   127   176   141   149   141    59   157   124    97    16    65    88    59    59    33    28   102    39   157    78   129   126    62    39   165     1   124    41   136   106   171   107    63   153    42    76    18    74    82    27   106    73   111   138   144   125    10     3   152     6    73   174   110   138   114   128 

  0.36
  0.30
  0.31
  0.32
  0.24
  0.38
  0.23
  0.35
  0.35
  0.25
  0.28
  0.40
  0.28
  0.28
  0.38