70 12
20
21140
21420
22910
22789
21127
21590
21917
22315
22127
21468
22898
23533
23275
23092
21046
21851
22000
20638
21080
23499
2.2 33.7 198.7 2.2
1.5 68.7 499.3 1.6
3.3 67.7 74.7 2.3
1.1 35.9 488.2 1.8
3.2 30.3 539.7 2.4
4.4 36 593.9 2.2
1.8 18.4 434.6 1.5
2.5 23.2 623.6 1.7
2.8 64.4 544.8 1.6
4.9 47.9 422.8 1.7
3.7 69.4 940.1 2.1
3.6 50.3 519.9 2
3.9 26.2 238.2 2
1.7 17.5 687.3 2.3
2.7 46.9 374.2 2.4
5 46 279.3 1.8
2.7 33.2 908.1 2.4
2.9 52.6 473 1.7
4.4 72.4 828.6 1.5
3.7 52 874.4 1.6
1.1 74.4 847.8 1.8
1.6 68.4 203.1 1.8
1.4 17.5 693 1.8
1.5 42.1 840 1.8
2.1 40.7 105.4 2
4.7 52.6 935.6 1.8
3.6 37.5 57.8 2.1
3.8 61.6 380.4 2.2
1 58.5 472.5 1.9
1.3 36.3 212.9 2.2
3.2 40.6 382.7 2.3
4.5 36 562 1.6
2.4 68.6 558.8 2.4
2 19.9 122 2.2
3.7 41.1 948.7 1.8
3.9 34 203.5 1.8
3.3 52.8 312.1 1.7
2.5 39.8 869.1 1.9
2.8 35.6 198.1 2
2.8 45.9 658.7 2.2
3.3 24.4 752.5 1.9
1.7 25.6 880.7 2.3
2.5 37.8 101.6 1.8
1.8 22.9 180.1 2.5
5 30.7 194.1 1.8
4.8 52.3 740.4 2.1
1.3 74.6 267.3 2.3
2.2 24.2 559.9 2.2
2 47.5 169.2 2.3
1.5 36.5 312.3 2.1
2.2 34.6 486.6 2
1.2 52.8 785.3 1.7
2.6 74.7 211 1.9
2 55.2 112.7 2.1
4.5 22.6 468.8 1.7
1.9 64.2 599.2 2.1
3.9 54.2 116.3 2.3
4.8 16.2 628.6 1.7
3.1 70 594.2 2.3
3 28.4 689.8 2.5
2.6 17.6 518.9 1.8
3.3 19 542.3 1.7
2.1 24.4 355.9 1.6
1.9 67.9 493.4 2.2
1.2 52.8 143.8 2
2.1 56.3 696.6 2.2
3.6 21.3 644.7 2.2
4 16.3 509.6 1.7
2.7 66 412.4 1.8
3.4 30 770.4 1.9
2.9 27.3 634.5 1.6
3.2 56.4 187.2 2.3
3.1 41.9 469.5 2.4
1.1 41.2 867.8 1.8
4.9 29 675.2 2.2
2.5 69 845 2.1
1.8 39.9 389.8 1.8
3.1 46.8 127.7 2.4
1.7 37.1 937.2 1.9
4.5 69.2 497.3 1.6
2.8 58.7 743.7 2.3
3.9 66.7 697.3 2.2
1.9 36.7 535.8 1.9
2.4 40.9 396.4 2
3.1 41.9 692.6 2.5
2.1 70.4 242.9 2.3
2.1 72 767.6 2.1
2.3 27.3 83.5 1.7
2.3 64.6 707.4 1.5
2.9 44.5 497.6 2.5
3.4 36.2 508.3 1.9
1 62.6 301.2 1.7
3.2 29.9 466.2 1.8
1.1 49 158.1 2.2
4.7 56.9 111.6 2.1
2.2 33 249 1.7
5 26.9 319.9 1.5
1.2 46.6 613 2.1
3.3 68.2 422.2 1.9
1.2 44.8 378.5 1.9
4.4 47.2 436.4 2.5
4.2 70 421.6 2.1
3.5 19.3 860 2.3
2.3 45.5 768 2.4
4.5 28.6 254.5 2.4
2 52.7 356.1 1.5
4.1 36.9 361.8 2.4
2.7 43.4 577.7 1.8
2.9 46.8 696 2.1
1.4 51 739.1 1.5
2.3 25.3 481.9 1.9
2.8 57.6 880.1 1.9
1.3 56.3 643.6 2.1
2.4 52.3 924.2 2.2
4.5 72.9 894.8 2
1.4 43.4 701.7 1.7
4.6 44.9 181.4 1.7
1.9 66.5 114 2.1
3 70.2 61 1.5
2.8 15.4 116.5 2.3
1.9 41 564.4 2.1
2.5 29.8 250.7 2.2
2.3 17.7 370.2 2.2
1.9 23.8 493 1.8
3.5 17.6 96.2 2
4.1 18.7 851.8 2
4.1 24.6 540.5 2.4
4.2 36.5 927.1 2
4.7 51.5 568.3 2
3.8 53.5 709 1.6
3.3 68.1 254.1 2.4
4.8 20.4 830.1 1.8
4.7 24.8 753.6 2.2
1.6 72.5 159.4 2.4
2 33.8 347.7 1.8
1.6 41.5 605.7 2.4
5 74.7 415.3 2.1
2.4 57.3 776.5 2.4
2.8 27.8 371.4 2
2.3 63.5 335.3 2.5
1.9 40.7 806.4 1.7
3.3 72.5 757 1.7
3.3 44.7 203.9 2.1
4.5 49.9 272.8 2.2
1.9 34.9 252.7 1.7
4.2 45.7 859.5 1.5
2.9 29.4 118.5 2.5
4.9 39 634.1 1.8
1.8 69.9 774.4 2.2
3 62.1 611.7 2.4
1.6 65.2 209 2.3
3.4 58 640.2 2.4
1.3 60.1 649.1 2.2
1.2 71.4 370.3 2
4 15.3 434.8 1.7
3.8 64.4 560.7 2.1
2.3 46.4 110 1.5
4 17.4 835.6 1.5
4.4 31.3 56.2 1.6
1.5 66.4 208.3 1.6
2.3 23.7 837.9 2.2
2.8 74.1 438.6 2.5
4.4 32.5 879.5 2.3
4.6 37.7 598.4 2.2
2.8 57.3 328.3 2
3.9 67 940.6 1.7
3.2 23.8 109.4 2.1
3.6 18.5 528.2 2.4
4.8 58.1 122.9 1.9
1.9 19.5 882.1 2.3
3.6 62.1 520.5 1.7
1.3 25.4 591.2 1.6
3.8 64.6 228.7 2.3
1.3 31.3 782.8 2.3
2 66 146.2 1.8
1.2 36.3 269.6 1.8
1.9 57 844.3 2.1
4.9 38 269.5 1.6
3.5 63.1 108.4 1.6
4.4 66.6 51.8 2.4
5 24.2 343.1 1.9
4.8 72.9 826.5 2.1
1.5 33.5 268.8 1.9
3.9 35.4 400.4 1.9
3.9 37 325.2 2.3
2 53.1 471 1.6
2.7 33 674.7 1.9
2.5 34.7 560.6 1.9
1.7 55.6 935.5 1.6
2.1 37.5 885.8 2.4
4.9 55.1 642.3 1.7
4.2 30.4 233.3 2.1
2.2 57.5 467.1 1.8
4.6 37.2 799.7 1.8
1.8 55.2 936.7 2.3
4.7 29.7 831.7 1.9
4.9 25.7 481.4 1.7
4.1 54.8 764.8 2.4
1.7 66.3 185.9 1.5
3.3 23.1 53.1 1.7
1.1 25.3 484.1 1.5
1.7 68.1 432.3 1.8
1.9 26 827.3 1.9
2.9 38.5 711.5 2.3
3.5 19.8 372.7 2.3
4.5 49.5 674.5 2.4
3.9 17.2 893.3 1.7
3.7 34.7 902.2 2
4.3 68.2 745.1 1.7
2.8 62.4 151.7 2.4
2.2 72.7 204.6 2.2
3.2 58.2 223.5 2
3.6 48.6 782.3 1.5
1.5 44.1 844.1 1.6
3.2 72 74.8 2.2
2.5 68.5 51.7 2.1
1.9 61.9 844.7 1.5
2.1 41.7 527.1 1.8
3.7 32.3 805.4 1.7
2.3 15.3 922.3 2.1
1.3 15.8 453.8 1.9
2.9 74.9 824.8 1.6
3.9 50.9 359.5 2.2
3.5 29.1 631.1 2.1
3.7 29.5 677.5 2.2
2.2 43.5 93.9 1.9
3.7 32.1 97.6 2.4
2.8 33.3 427 1.8
1.3 59.7 645.3 2.2
4.2 17.8 452.5 2.4
2.4 64.7 206.5 1.6
5 46.4 776.4 2.3
4.2 58 478.4 1.8
4.3 20.9 876 2.3
1.9 20.6 862.3 2.2
1.9 21.7 670.9 1.6
4 47.7 145 1.6
1.1 24.4 742.2 2
4.8 61.7 382.5 1.5
3.5 57.2 585.1 1.5
4.3 36.1 397.6 1.9
3.7 44.6 851 2
1.5 35 184.8 2.4
4.5 46.2 340.6 1.8
1.2 40.4 828.5 2
4.6 26.6 518.3 1.9
4.2 30.1 930.7 2.1
4.7 27.3 540 2.1
3.9 26.5 160.1 1.9
3.5 68.9 465.4 1.8
4.4 46 904.3 2.2
3.8 25.4 224.5 2.1
2.5 46.4 494.2 2.4
4.6 27.3 748.3 1.7
3.9 16 840.7 2.1
2.9 28.4 426.8 1.9
2.3 20.4 850.9 2.3
1.5 68.3 181.9 2.2
2.6 47.6 884.1 1.7
4 26.5 587.7 1.9
3.7 24.6 634.1 1.7
2 35.1 898.1 2.1
1.1 17.7 248.3 2.5
2.7 60 360.9 2.2
3 62.4 644.3 1.7
1.5 19.3 853.5 2.5
1.1 73.6 478.2 2.1
2.9 65.7 774.4 2.3
4 30.1 393.7 1.8
1.2 45.5 622.7 1.6
1.3 26.6 352.4 2
4.1 19.8 722.8 2.3
1.9 57.2 494.2 1.9
4.7 29.6 633.3 2.3
3.5 20.1 302.7 2.4
4.4 70.8 160.7 2.3
3.6 62.6 560.2 1.6
4.6 25.9 584.7 2.3
2.7 16.9 54.8 1.6
4.9 32.1 390.4 1.8
1.5 18.8 837.9 1.6
4.8 34.4 850.3 2
3.7 27 135.7 1.5
4.9 17.1 912.7 2
4.1 60.1 372.8 2
1.1 39.2 272.7 2.1
1.3 22.6 703.8 1.6
3.2 47.8 768 2
4.9 35.5 411.3 2
1.2 49.6 397.3 2.1
1.5 33 372.1 1.8
3.9 16.9 521 2.4
1.6 59.3 577 2.4
1.6 69.8 862.2 2.3
3.6 35.8 394.6 1.9
4.6 17.7 124 2.5
1.8 59.4 91.7 2.2
4.2 15.7 860.5 2.5
3.3 43.8 613.2 1.6
1.4 31 234.2 1.7
4.6 63 654.9 1.8
2.8 68 873.9 1.9
2 73.9 876.2 2.3
4.6 43.8 840.4 2.1
4.8 45.1 155.3 2.2
3.6 65.4 455.7 2.3
3.9 48.2 890.3 1.5
3.3 60.4 542.1 2.1
4.7 70.1 601.9 2
1.3 36.3 194.8 2
2.8 74.4 527.3 1.7
4.8 23 196.7 2.3
1.2 70.5 877 1.6
1.4 63.2 629.8 2
2.9 19.6 577.8 1.5
3.2 53.9 716 1.8
2.6 56.8 732.2 2.4
1.7 45.6 914.7 2.1
1.5 27.8 61.4 1.9
4.1 16.4 367.4 1.7
1.9 67.9 864.6 2.2
1.1 46.9 161.4 2.3
3.8 58.1 151.4 2.3
3.8 64.2 227.9 2
3 64.7 824.9 1.5
1.9 47.1 617.7 1.8
4.4 63.5 696.3 2.1
3.6 59.7 781.5 2.2
1.5 59.5 374.4 2.2
3.5 45.3 544.5 2.4
2.8 20.3 252.6 2.4
3.6 47.5 215.1 2
1.6 55.1 692.3 2.1
3.6 54.1 309.9 1.9
4.5 64.2 82.2 1.8
3.9 40.8 447.5 1.7
4.3 56 510.3 2.3
3.5 53.3 634.9 2.2
3 26.6 935 1.6
2.8 42.3 400.5 1.7
1.3 23.7 817.7 1.6
2.9 63.6 224.7 1.5
1.3 66.5 942.4 2.1
1.3 16.1 501.9 2.4
2.3 28.9 519 2.4
1.4 21.5 187.7 2.1
1.5 34.5 833.5 1.7
1.6 70.1 400.2 2.1
4.2 48 378.3 1.7
1.7 20.9 895.2 1.6
3.7 23.3 223.3 2.4
2.9 63.7 335.5 2.5
2.3 27.8 258.8 1.9
2.9 22.9 735.5 1.7
3 45.8 836 2.3
2.8 41.4 861.3 2.5
3.1 47.1 906.2 1.7
1.3 69.7 653 2.4
1.3 52.1 130.9 2.5
2.4 21 714.2 2.4
4.5 42.2 76.8 2.3
3 64 902.8 1.8
1.8 26.8 571.9 2
1.3 28.9 536.6 2.3
1.2 64.1 202.7 1.7
3 43.6 308.1 1.6
3 72.8 596.6 1.6
4.8 16.4 339.9 2
1.5 37.2 52.1 1.8
1 56.1 604.2 1.7
1.4 32.1 340.7 2.1
1.4 43.3 539 2
4.4 40 831.9 1.6
4.5 42.5 920.1 1.8
2.4 68.6 655.9 2.3
2.3 29.1 313.9 2.3
3.6 28.1 569.6 2.2
2.8 24.4 714.2 2.3
4.1 64.4 351.3 2.1
2.9 69 373.4 2.3
2.9 33 286.6 1.6
2.1 60 111.5 2.1
4.5 30.4 164 1.6
2.7 20 673.6 2.1
4.8 48.3 238.1 1.6
2.4 46.6 714.1 1.8
3.5 20.1 89 1.6
4.8 41.3 937.6 2.2
2.7 29.1 861.9 2.4
1.9 31.5 756.8 2
4.7 21.4 751.5 1.5
3.5 42.4 241.7 1.6
1.1 72.6 82.6 2
4.4 16.6 684.2 2.2
4 43.2 715.7 1.5
2.5 45.3 642.5 2.4
3.2 72.4 140 2.2
1.6 55.3 388.9 2.1
1.9 55.4 541.4 2.4
3 74.6 721.7 2.4
1.2 35.9 638.2 2.4
4.6 45.5 612.6 1.7
3.3 72.8 245.9 1.7
2.8 23.7 872.1 2.3
4.9 62.4 482.7 2.2
3.2 59.9 605.7 2.3
4.5 66.9 137 1.5
4 41.4 369.9 2.3
1.1 53.4 750.5 2.2
2.9 74.1 142.1 2.3
3.9 41.3 903.9 2.2
4.9 26.2 326.3 2.3
3.6 50.8 502 1.6
4.2 23.2 280.7 2.2
4 54.4 797 2.5
2.4 74.6 243.6 2.2
1.2 21.7 432.7 1.8
1.2 37 350.3 1.7
4.6 36.4 560.9 2.1
4.1 35.1 805.6 2.3
2.7 27.7 629.6 1.6
2 74.7 385.4 2.4
2.2 20.3 399.9 2.2
2 59.4 458.7 2
1.9 49.1 934.2 2.1
2.9 67.1 704.9 1.8
1.8 15.1 182.2 1.8
4.1 17.9 699.2 2.1
4 23.7 403.5 2.3
1.8 20.8 723.9 2.1
2.6 20.5 423.4 2.1
2.9 58.4 195.6 1.9
1.5 46.3 920.4 2.5
4.6 73.3 326.8 2
2.7 28 912.7 1.9
4.2 37.2 398 2.2
2.7 22.9 119.2 1.7
4.4 44.3 194.6 1.9
1.5 38.6 696.2 2.2
4.2 26 91.3 1.9
3 17.9 600.6 2.2
2.2 34.4 316.9 2.1
2.3 56.7 525.4 1.9
1.8 47.4 273.8 1.7
1.2 21.3 74.1 1.8
4.4 51.7 628.5 1.8
3.8 72.4 946.3 2.4
1.3 46.1 546.6 2.2
4.5 71.9 630.1 1.7
4.5 58.1 608.8 1.6
1.5 64.3 291.5 2
3.5 20.8 389.9 1.6
2.2 56.8 186.8 1.6
4.3 46.4 815.5 1.5
3.3 27.2 246.2 1.6
3.3 45.1 638.2 1.6
1.8 25.3 733.6 2.4
4.2 63.6 893.1 1.7
4.3 69.6 512.4 2.2
4 59.6 806.8 2.2
4.7 57.9 537.9 1.7
4.5 56.3 396.2 2
3 51.4 113 1.9
2.6 33.6 442 2.2
2.5 27.6 149.5 2.3
1.6 50.8 778.4 1.9
3.7 69.6 328.1 1.9
1.4 20.4 772.8 2.4
1.8 64.6 123.2 2.3
4.4 33.4 426.6 1.5
3.2 43.1 689.7 1.6
1.6 43.4 756.1 1.6
4.9 61.3 263.9 1.6
3.6 67 624.4 1.7
3 62.6 558.5 1.8
3.4 44.5 182.7 2.3
3.3 18.1 222.6 2.2
3.9 62.4 698.9 1.8
2.1 23.8 50.2 2.1
2.4 39.6 95.6 2.3
1.9 38.4 84 1.6
3.9 28.4 356.2 2
3.8 52 435.8 2
2.7 66.8 110.5 2.4
1.3 48.8 142.8 2.4
1.1 18.4 871 2.2
5 30.2 789.6 2.5
3.4 72.4 344.9 2.4
1.2 65.6 813.8 2.4
2.2 44.6 402.1 2.1
3.2 61.4 237.5 1.7
1.7 32.8 537.5 2.3
3.8 38.9 447.2 2.4
1.1 41.6 140 2.2
2.6 36 207.7 2.2
3.6 42.5 781 2.1
2.7 17.4 83.3 1.6
3.6 34.8 116 1.5
2 21.3 458.1 1.8
2.9 41.6 140.5 2.4
3.4 69.7 832.7 1.6
3.2 28.6 728.2 2.1
4 21.7 86.9 2.3
1.4 52.1 939.7 2.3
1.9 48.5 652.5 1.7
1.7 61.6 283 2.3
4.2 46.9 72.4 1.7
4.7 58.1 351.6 2.4
4.8 69 81.7 2
4.7 72.8 794.9 1.7
2.3 47 295.1 1.8
1.6 28.7 208.1 1.9
2.4 66.6 615.5 2.3
4.9 59.9 830.7 1.6
1.8 23.5 925.2 2.1
1.7 25.5 311.3 1.9
2.2 58.1 51.8 1.6
1.9 39.2 900.8 2.5
4.3 67.5 531 2.2
4.1 38 565.7 2.1
1.3 19.4 937.6 1.9
4.7 23.7 452.2 2.3
3.7 52.9 471.3 1.6
4.6 27.1 888 1.9
3 42.7 115.2 1.5
4 74.7 408.3 2.3
3.4 53.7 153.4 1.9
4.6 45.1 767.3 2.4
2.1 56.5 100.4 2.3
2.2 50.9 278.2 2.1
1.6 55.5 288.4 2
1.5 15.5 81.4 2
2.1 47.1 679.7 1.6
4.6 34.5 192.4 1.7
4 48.9 773.4 2.2
4.5 39.6 186.3 1.8
4.1 20 815.8 1.9
2.1 44.9 580.5 1.7
3.9 67.5 192.2 1.8
1.5 22.4 110.5 2.1
1.2 40.4 552 1.6
2.9 17.8 891.6 1.5
1.6 46.7 220.3 1.8
1.6 33.1 931 2.2
2.7 41.5 117.6 1.5
2.3 26.7 462.8 2
2.3 32.8 766.5 2.4
2.6 43.6 831.1 1.8
4.2 67.3 100.6 2.3
3.4 40.6 200.4 1.7
3.8 70.3 743.3 1.8
1.9 55.6 687.5 1.9
3.8 66.1 859.3 2.4
4 26 77.4 2.3
4.3 52.6 512.2 2.2
2.6 28.9 402.6 2.1
4.4 42.2 887.5 2
3.5 73.3 302.1 1.6
4.5 64.9 478.6 1.7
4.3 61.9 828.7 1.5
1.7 27.6 177.4 1.9
3.9 59 917.1 2.4
1.1 19.2 110.3 2.2
3 21.8 318.4 2.5
1.8 22.1 349.3 1.9
3.8 35.8 171.2 2.3
1.3 17.2 369 1.7
2.8 31.5 643.6 2.2
4.1 58.8 96.2 1.7
5 18.8 582.3 1.7
1.4 41.3 566.7 1.8
2.9 24.5 585.7 1.9
3.4 16.8 469.9 2.2
2.4 22.8 826.8 1.8
1.7 69.7 180.6 2.4
2.2 57.3 331.3 2.4
3.9 46.3 764.6 2.2
1.5 31.2 827.6 2.2
2.7 40 57.5 1.7
4.2 47.7 372 1.9
2.8 24.5 300.3 2.2
3.1 41.9 512.4 1.6
2.3 26.1 149.7 2.1
4.7 37.2 449.3 1.8
3.5 68.7 794.7 1.9
2.6 59.9 442.1 1.9
2.5 70.7 628.3 1.6
4.6 62.5 280.2 1.8
1.2 60.6 790.6 1.5
4.2 27.3 577.1 1.7
3.6 58.8 688.9 1.8
2.9 35.8 588.4 1.6
4.8 46.7 711.2 2.4
4.1 32.3 193.7 1.7
2.8 38.6 404.2 1.7
3.6 66.7 297.7 2.2
1.6 73 286 2
4.3 62.4 343.9 2.2
1.1 21.7 139.6 2.3
3.5 27.8 802.5 2.2
1.8 70 518.9 1.7
1.8 27.9 505 2.1
1.2 49.6 642.3 2
1.3 20.3 812.9 2.3
3.4 21.5 432.7 2
3.8 53.3 606.3 1.8
2.2 17.5 835.4 2.5
1.6 51.2 630.2 1.8
4.1 22 211 2.2
3 39 880.3 2.4
4.9 34.3 319 1.9
4.8 68.9 677.9 1.8
4 73.7 374.6 1.8
3.8 17.5 649.1 2
4.2 61.4 368.6 2.2
4.4 21.2 74.8 1.9
1.6 61.7 587.9 2.4
3.9 62.9 184.6 1.5
3.1 41.4 360.6 1.6
3.1 23 466.4 1.6
3.5 48.3 277.2 2.1
4.9 66.3 149.3 1.7
3 18.6 504 2.3
3.3 56.6 90.6 2.3
2.8 55.5 127.4 1.7
4.8 65.7 472.3 2.2
2 62.4 860.1 1.6
1.5 41.7 720.4 2.3
1.8 54.8 316.2 2.3
2.8 69.1 860.5 2
3.4 53.7 295 2.1
3.6 22.6 145.3 1.7
2.1 24.1 310.1 2.5
1.5 73.3 938 2.4
2.9 62.6 864.9 2.1
2.1 65.8 592.2 2.2
1.5 54 539.1 1.9
4.6 72.5 198.5 1.7
2.4 51.7 686.5 2.1
1.1 23.2 311.5 1.6
3.7 65.5 74.4 2.1
4.4 70.7 631.8 1.8
4.1 41.7 494.7 1.6
1.9 22.8 654.3 2.2
1 18.6 414.5 2
4 45.9 96.3 2.3
2.7 71.6 454.6 1.8
3.2 31.5 218.3 2.5
1.7 53.3 942.1 2
1.6 35.2 874 2
3.4 31.9 781.4 2.2
4.4 69 840.7 2
3.9 73.5 171.7 1.8
1.5 18.2 759.7 1.7
2 59.4 510.6 1.8
3.4 57.8 93.1 1.6
4.8 52.7 407.1 1.8
2.7 41.9 295.8 1.5
3.4 64.1 636.5 2
1.1 16.4 110.8 2.5
1.3 48.7 485.3 2
4 37.6 221.4 2.3
4.7 20.4 236.5 2.3
3.2 62.8 894.5 2.2
2 21.3 357.3 1.9
1.2 61 715 1.5
2.3 59.6 185.6 2.4
4.4 54.7 50.6 2
3.1 34.3 355 1.9
1.1 44.2 886.8 1.9
4.4 63.4 300.3 1.9
1.8 36.3 504.4 2
1.3 75 195.4 1.7
2.2 25.5 417.5 2.1
2.3 48.4 431.2 2.2
4.2 48 632.2 1.8
2.9 39.4 203.7 2.2
4.5 43 505.6 2
2.9 46.1 200.9 2.5
4.6 47.2 652.4 1.9
3.6 55.9 365.5 2.4
2 44.7 908 2.1
4.9 61.7 602.4 2.2
3.9 24 157.2 2.3
1.4 53.8 50.9 1.6
3 52.4 91.5 1.8
1.7 37.2 256.6 2.2
4.3 48.6 884.6 2.4
3.3 62.2 762.7 1.9
2.3 32.1 194.6 2.1
3.6 15.5 655.4 2
4.3 71.5 366.4 2
3.3 45.9 884.2 1.7
1.5 73.7 741.7 2
1.7 43 424.8 1.9
5 17.9 614.5 2.2
3.6 17.5 838.8 2.3
4.6 43 309.1 2.4
3.6 65 773.2 2.1
2.9 74.2 423.2 2
1.3 62.2 553.7 2.1
1.9 16.9 534.4 2.5
4.2 73.6 444.8 2.4
1.7 74.2 607.4 2
4.4 62.5 411.9 1.6
3.9 35.2 508.1 2
3.6 53.7 783.2 1.6
2.2 41.1 488.7 1.9
2.5 68 792.1 2.4
1.8 29.8 115.4 1.6
2.4 28.8 918.4 1.8
3.9 67.4 678.1 2.2
1.2 46 750.5 2.5
4 74.1 489.6 2.2
1 34.7 811.3 1.8
3.2 30.4 740 2.4
4.6 23 681.1 1.9
2.6 54.5 344.8 2.1
3.2 37.7 743.5 2.4
1.4 52.7 940.7 2.5
3.2 47.2 769.1 2.3
3.7 62.7 269.3 1.9
3.8 66.6 460.5 2.5
2.1 35.3 108.5 2.1
2.6 30.4 521 1.8
2.8 44.6 702.2 2.3
2.6 43.4 210.6 2.4
2.7 58.7 95.7 1.9
2.5 48.7 786.4 1.9
4.3 29.4 945.3 1.9
4.6 48.2 667.5 2.4
4.8 57.8 340.7 2.2
4.3 37 423.2 1.9
2.5 23 224.7 2.4
1 22.7 650.2 2
1.6 27.5 517.3 1.8
4.6 48.7 353.8 2.1
4.3 44 498.4 1.9
1.9 55.7 611.7 2
3.5 70.2 225.9 2
4.2 18.6 704.3 1.8
4.1 22.2 446.8 1.8
1.3 56.6 387.3 2
2.8 38.5 600.7 1.7
2.6 67.9 344.3 2.1
2.7 23.3 448.8 2
1.5 42.3 895.1 2.4
2 15.2 91.8 2.2
3.9 45 594.2 2
1.1 40.9 73.7 2
1.8 25 340.9 2.2
4.5 18.2 788.9 2.4
4.9 20.1 355.6 2.2
2.9 43.2 357.9 2
4.9 59.6 256.4 1.7
2.8 43.3 910.7 2.4
1.1 17.8 891.7 1.7
3.3 15.5 562.8 2.4
4 21.3 897.4 1.9
4.5 15.7 217.6 1.5
4.9 19.9 477.9 1.8
4.1 35.7 496.1 2.2
2.3 62.2 248.4 2.3
4.6 47.9 341.2 2.1
3.4 56.6 164.6 2.4
4.5 65.7 552.6 1.8
2.9 19.7 647.1 1.7
1.9 70 725.7 2.1
4.7 36.2 483.3 2
4.2 48.9 180.9 2.2
3.9 67.4 725.2 2.3
4.7 69 533.8 2.3
1.4 73.4 906.9 1.8
3.7 52.9 514 2
2.3 47 602 1.5
1.9 16.2 626.3 2.1
3.5 35.6 94.3 1.7
2.8 38.6 822.7 2.3
1.4 36.7 418.3 2.3
3.7 50.3 77.7 2
4.3 35.9 776.5 2.3
3.9 44.4 243.5 1.9
4.7 47.8 454 2.1
4.3 53.6 731 1.6
1.9 34.2 238 1.8
2.1 46 466.8 2.4
1.2 66.3 445 2.4
3.5 20.8 688.4 2.1
3.3 46.4 150.4 2.3
2.2 59.3 334.7 2.3
4 27.7 658.1 2.3
4.5 60.9 74.5 2
4.5 72.6 100.8 2.1
3.2 72.9 123.8 2.4
3.4 26.3 831 1.9
2.2 31.1 320 2.3
2.8 33.2 587 1.6
4.7 37.6 492.9 2
3.5 18.3 305.2 2.2
3.2 38.8 81.9 2.2
4.8 25.5 182.3 1.7
4.2 73.2 647.6 2.4
3.7 42.2 194 2.2
4 24.9 81 1.5
1.1 19.8 784.7 2
1.1 55.4 812.6 1.7
2.5 38.9 659.5 1.5
4.8 67.7 605.6 2.5
2.8 61.7 98.2 1.8
1.9 65.1 901.8 2
2.6 18.8 500.4 2.4
3.8 53.2 489.1 2.1
2.9 51 757.9 1.9
2.4 47.1 730.5 1.7
3 74.8 923.6 2.4
1.9 32.5 278.9 1.9
4.7 33.8 813.2 2.4
2.2 45.1 614.6 2.4
2.6 21.2 565.3 1.9
4.5 53.5 230.8 1.6
4.5 65.2 800.6 2.2
1.9 74.8 710.7 1.7
1.7 31.2 871.5 1.6
1.4 56.6 295.9 2.5
2.6 60.8 509.2 1.9
1.7 26.2 678.1 1.7
1.4 55.9 654.9 1.6
3.9 20.4 705.4 2.1
2.1 17.7 375 1.9
5 54.1 935.7 2
4.1 57.7 63.5 1.7
2.9 17.5 947.7 2.4
1.3 67.3 650.3 2.2
3.6 17.4 430 1.9
2.3 26.9 747.7 2
3.9 45.7 894.2 2.2
4.9 73.1 281.1 2
4.7 19.3 888.2 2.2
4.4 73.9 365.4 1.7
4.9 24.5 522.6 2.2
3.3 64.7 567.4 2.3
1.8 50.2 670.2 1.8
4.8 60.5 861.5 1.8
2.1 49.5 224.3 2
1.9 16.9 949.1 2.3
4.6 70.6 244.4 1.8
1.6 22.7 374.6 1.6
1.6 46.3 923.3 1.9
4.6 24.7 63.9 2.2
2.5 50.1 648.4 2.1
3.1 58.7 941.6 1.6
4.8 30.6 415.6 2
4.7 32.3 232.7 1.8
4.9 20.6 848.5 1.6
4.6 50.3 321.3 2.1
3.6 46.8 464.1 2.1
3 60.3 370.1 2.4
3.7 46 354.2 1.5
3 59.2 400.5 1.8
4.4 24.5 600.4 1.9
3.3 28.7 171.7 2.4
1.2 31.3 527.5 1.8
4.3 36 304.4 1.5
4.7 54.4 414.5 1.8
3.3 34.5 67.8 1.6
3.7 19.9 231.6 2.4
3.2 24.1 205.8 1.9
2.2 56.1 238.3 1.8
1.7 70.7 616.2 2
2.6 43.8 84.8 2.3
1.7 47.3 636.7 2.1
5 19.1 524.3 1.6
3 61 949.8 2.1
1.8 18.9 95.7 2.1
4.6 52.8 799 1.7
1.8 49.4 688.3 1.6
1.6 72.1 580.2 2.3
5 59.4 732.8 2.2
2.1 69.9 148.6 1.5
3.3 60.5 189.8 1.9
2.4 38.2 488 1.9
4.5 69 672.3 1.9
4.7 68 943 1.9
4.5 30 578.1 1.9
1.8 48.8 610.5 1.8
3.6 43.8 109.5 2
4.8 32 237.1 1.7
4.2 40.7 187.8 1.8
3 37.4 244.8 2.4
3.9 63.8 833.6 2.3
2.2 67.5 571.4 2.2
2.5 47.7 217.9 1.7
1.3 42.6 237.5 2.3
1.4 37.8 917.7 1.9
4.1 26.2 332.7 1.5
4 30.2 330.2 1.6
3.5 15.2 74.2 2
2.1 39.1 169.4 2.4
4.6 37.4 203 2.4
4.8 40.2 619.2 1.8
1.1 19.8 656.7 2
3.5 30.3 287 2.2
2.2 65.8 764.6 2.1
1.6 52.9 114.1 2
4.8 46.6 177.3 2.2
2 23.9 857.9 1.9
4.6 45.7 618.1 2.1
4.8 17 337.3 2.1
4.5 38 56 1.5
3.7 30.7 474.9 1.8
4.6 49.4 363.8 2.4
1.6 51.9 868.6 1.8
4.7 29.1 470.2 2.5
4.6 25.8 115.8 2
3.7 72.3 918.4 2.1
3.2 16 722.1 1.6
2.4 33.2 581.8 2.2
3.2 46.6 301.4 1.9
1.2 27.2 395.6 1.5
3.9 27.6 372.9 1.8
2.9 67.2 816.1 1.8
3.4 61.9 156.9 1.8
1.7 35.2 474 2.1
4.5 22.9 365.7 2.5
1.8 35 600.3 2
4.9 59 89.5 2.2
3.2 60.9 504.8 2.3
3.5 20.1 894.4 1.9
3.1 19.1 258.5 2.1
4 31.6 209.6 2.2
4.4 62.6 395.4 2
2.9 42.7 935.3 2.4
2.1 41.7 439.9 2.4
4.3 49.1 944.3 2.2
5 49.8 570.6 2.1
4.2 57.4 263 1.9
1.6 42.8 831.5 2.1
4.8 20.5 449.4 2.1
4.6 66.7 495.1 1.8
1.1 53.6 256.5 1.8
3.7 66.1 450 2
2.8 45.4 224.4 1.6
1.2 18.1 360.9 1.6
1.5 70.1 777.1 1.8
1.1 70.9 87.9 1.7
4.1 33.7 909.2 1.6
3.6 53.1 244.5 2.1
4.1 71.2 593 1.9
3.9 33.6 125.4 2.3
2 23.8 719.3 2.5
4.4 29.6 289 2.1
2.6 51 816.3 2
4.6 45.6 830 1.9
1.3 58.9 238.3 2.1
1.2 61.6 71.4 1.9
2.9 22.9 260.5 2.4
3.5 68.8 728.8 2.3
2.5 39.1 436.8 1.9
3.1 39.3 433.3 2.3
1.9 26.9 193.2 2.4
2.4 17 839.1 2.4
4 54.8 714.7 1.8
3.6 29.5 928 1.9
1.1 57.6 205.5 1.7
2.2 23.7 100.3 1.9
3.2 53.7 90 2.4
4.5 39.6 902 1.6
4.3 69.7 500.9 1.9
2.9 15.6 97.1 2.4
1 55.4 705.2 2.4
4.4 24.2 749.4 2.3
2.9 55.6 899.4 1.9
4.1 53 687.1 2.4
1.3 29 329.1 2.1
3.5 61.4 930.2 2
2 23.9 807.2 1.7
3.3 54.1 274.5 2.2
4 62.8 541.2 2.5
2.9 28.7 781.3 2.4
3.1 46.1 80.2 1.8
2.7 29.8 673.6 1.7
2.4 19.3 710.6 2.4
2.1 53 133.1 2
1.1 26.2 263.4 2.3
2.2 39.3 122 2
3.2 33.1 735.8 2
3 40.2 390.7 2.1
3.9 53.3 602.4 1.6
4.4 52.8 863.6 1.8
1 54.7 71.7 1.5
1.5 32.6 56.8 2
1.2 62.9 777.7 2
4 40.1 579.9 2.3
4.8 21.2 136.3 1.6
4.4 44.7 507.2 2.5
2.8 45.6 737.6 2.1
4.2 67.4 207 2.2
1.2 16.4 638.6 2.2
3.1 49.3 902.7 1.8
3.5 68.6 643.6 2.4
1.8 34.3 64 1.8
2.8 61.8 838.1 2.2
1.4 66.8 941.1 2
2.6 23.2 892.8 2.5
1.7 58.7 788.9 2
4.9 71.9 577.4 1.9
1.2 71.7 652.9 2.4
1.2 73.4 587.4 2.2
3.1 24 545.6 1.9
1 23.3 910.8 1.8
4.9 60.7 773.4 2.3
2.2 28.7 637.2 2.3
1.4 67.8 384.5 2.1
1.9 23.9 345.2 2.1
3.1 37.1 746.6 1.6
1.8 25.2 578.2 1.8
4.4 45.8 724.6 2.2
2.5 66.5 851.7 2.4
3.7 49.1 338.4 2.2
4.4 18 497.4 2.1
1.1 31.9 687.3 1.7
2.7 36.7 357.5 2.3
3.5 23 97.3 1.6
4.6 69.4 928.9 2.1
4.6 20 179.4 1.9
5 67.5 575.2 2.2
2.7 49.7 298.4 2
3.6 35.1 481.4 2.2
1.7 39.9 600.2 1.6
1.9 55.4 117.5 1.9
2.6 69.5 147.9 2.3
3.3 17.2 864.7 1.8
2.1 67.2 147.1 2.4
3.1 43.8 583.7 2.1
1.5 29.7 563.3 2.4
3.1 74.9 645.6 1.9
2.9 69.4 650.2 1.6
1.8 34.9 893.7 1.6
2.5 36.1 189.3 1.9
4.1 47.2 440.1 1.9
1.7 43.8 606.4 2.1
3.9 41.8 590.4 1.7
4.1 23.1 190.4 2
4.6 58 597.4 2.2
3.1 29.5 411.5 1.8
4.5 61.3 601.2 1.7
2.2 46.7 413.4 1.6
2.5 66.7 53.6 2.1
3 40.7 678.8 2.1
1.3 74.6 630.6 2.1
3.6 18.1 148.4 2.5
4 44.8 787.5 1.9
4.4 21.8 847.1 2.1
4.2 49.5 719.1 2.5
1 25.4 529.9 2
4.6 34.1 579.1 2.5
1.3 49.5 234.3 2.3
3.4 41.9 526.4 1.9
4.4 22.4 732.6 2.2
4.3 18.2 291.5 1.6
1.4 30.5 333.1 1.5
2.8 45.9 582.2 1.6
1.4 47.8 348 2.1
1.2 40.5 304.2 1.8
1.3 42.6 820.3 1.8
3.3 22.8 803.9 1.8
1.6 66.7 171.9 1.8
3.4 60.1 619.9 1.7
2.9 45.6 840.5 2.2
3.6 74.3 228.9 1.6
4.4 69.7 337.7 2.1
4.7 57 881.2 2.2
1.9 46.6 794.4 2.1
3.5 24.7 505.7 1.7
2.8 61 474.5 1.5
2.4 28.3 392.6 2.3
2.4 41 500.3 2.3
2.3 73.8 87.2 1.5
4 66.8 731.7 1.8
2.6 61.4 449.2 1.8
4.8 50.5 141.4 2.3
2.3 53.1 551.1 1.5
4.2 38.2 768.2 1.6
3 38.4 806.8 2.3
3.3 60.5 432 1.7
1.7 62.9 631.9 1.8
3.7 67.4 675.2 1.7
2.2 35 180.1 2
1.1 38.6 321.7 1.6
2.2 52.7 258.7 2.3
2.4 46.5 811.5 1.8
4 55.2 158.4 1.8
2.6 49.1 898 1.6
4.6 38.6 624.6 2.2
2.8 42.2 721.8 1.8
4.9 24.7 766 2.4
4 49.9 251.8 2.3
2.9 21.7 775.7 2.1
3.2 52.3 910.9 1.7
2.9 60.9 499.3 1.6
3.3 61.2 212.7 2
2.4 69.6 696.6 2.3
4.3 42.2 581.9 2.1
2.3 15.9 254 2.3
2.3 29.6 452.3 1.6
1.4 41.5 638.3 2.2
2.5 72.4 269.3 2.1
2.5 43.6 457.7 1.5
2.3 70.7 181.7 2.3
4.7 60.9 657.4 1.8
2.2 40.8 384.1 2.3
4.9 15.2 307.7 1.9
1 23.9 657.4 1.7
3 37.6 403.4 2
1.1 44.5 503.5 1.6
3.7 62.8 283.8 2.4
2 74.6 93.2 2
1.5 35.4 714.5 2.4
5 64 771 1.8
1.1 60.1 309 1.7
2.2 46.8 180.7 2.2
1.8 69.9 140.9 1.9
1.3 55.8 891.7 1.5
4.8 34.2 399.6 1.7
2.9 48.7 721.9 2.4
3.5 39.4 935.4 1.9
2.6 33.6 790.8 2.4
2.2 52.2 555.7 2.2
2.1 38.2 799.5 1.9
2.6 29.9 874 1.7
1.8 52.3 102.6 2.3
1.4 61.8 213 2.4
1.8 65.3 157.5 2.3
2.8 67.1 827.7 1.9
2.3 28.1 511.4 1.7
4.1 20.5 621.5 2.3
2 35.8 609.7 2
4.5 35.8 52.5 2.2
2.6 55.2 298.5 1.7
2.6 56.9 566.1 1.6
2.8 27.2 69.9 2.2
3.2 22 107.9 2.3
4.5 46.3 861.3 2
3.8 43.4 943.6 2.1
4.4 63.3 160.5 2.2
2.6 39.6 662.5 2.1
1.6 17.4 466.7 2
3.9 32.6 475.9 1.6
2.1 38.8 595.3 2.1
1.6 30.7 338.9 1.9
4.3 40.9 127.8 1.9
3.8 27.9 870 2.2
1.3 15.2 136.2 1.8
4.3 39.8 810.6 2.1
4.4 69.2 667.5 2
3.1 73.2 437.7 2
4.2 25 744.9 1.6
4.8 70.3 496.6 2.3
1.1 57.9 499 1.9
3.9 19.2 323.9 1.8
1.8 29.4 633.6 1.9
3 28.2 113.7 1.8
4.3 39.4 727.3 1.7
3.8 68.2 293.5 1.6
1.7 42.1 166.4 2.2
1.1 51.8 386.1 2.3
4.4 50.4 541.1 2.2
1.7 57.7 789.9 2.3
1.6 60.9 885.3 1.6
2.3 61.3 240.2 2.3
5 21.1 138.8 1.5
4 72.4 904.3 1.9
2.9 48.3 813.1 1.8
2.6 26.4 111 2.5
3.4 53.4 622.2 2.1
3.2 50.8 337.8 2.2
3.8 69.3 248.7 2
4.9 52.4 469 2.3
2.1 48.4 331.2 1.6
3 67.4 126 2.3
3.8 20.7 735.1 2.3
4.7 71.9 200.5 2.1
1.8 33.9 188.4 2.4
4.2 49.3 827.7 1.9
1.4 62.1 744.3 1.8
4.2 55.2 185.6 1.9
3 41.4 390.2 2.2
5 71.4 935.2 1.7
1.6 44.2 669.1 2.3
3.5 50.4 665.8 1.7
1.9 70.5 170.1 2.2
2.3 51.7 132.2 1.7
1 35.5 649.5 1.9
2.5 33.1 436.4 1.9
3.7 60.6 887.6 1.9
2 40.9 651.9 2.1
4.9 31.7 646.4 2.3
4.1 63.5 763.6 1.7
1.9 24.2 334.2 1.7
1.7 19.7 161.8 2.4
1 42.8 849.3 2.2
1.2 18.3 386.5 2.1
3.3 21.7 910 2.5
4.8 30.3 600.7 2.5
1.5 16.1 401.6 1.7
4.7 60 949.6 1.9
4.5 34.9 119.5 2
3.6 52.2 861.6 2.1
3.1 58.3 130.7 1.9
1.9 62.5 144.4 1.8
4.5 64.9 437 2.3
2.5 26.9 792.2 1.7
2.2 55.2 588.8 2.2
1.5 49.2 829.9 2.5
2.1 29.2 737.4 1.9
4.6 65.8 662 1.6
2.4 30.1 472.7 2.3
1.9 61 323.3 2.5
2.8 57.9 720.8 1.8
4.2 66.8 509.8 2.3
1.1 21 243 2.5
2.1 58.7 107 2.2
4.8 34 729.4 1.7
2 33.9 169.7 1.5
3.1 64.6 690.7 2.5
2.9 32.2 909.7 2.1
1.5 30.2 654.4 2.1
4.7 74.8 103.5 2.1
1.1 53.5 601.3 1.7
2 44.3 796.7 1.8
1.3 54.7 295.6 2.4
2.7 33.5 125.8 2.5
2.5 31.8 349.5 2.3
2.1 63.6 619.1 2.4
4.6 15.2 800.3 2
1.6 52.4 374.8 1.9
2.5 22.1 302.6 2.2
3.3 62.6 226 2.4
2.9 26.3 816.6 2.3
3.2 46.7 900.1 2.2
1.8 34.3 320.1 1.5
4.8 20.1 844.2 1.6
3.2 39.4 647.6 1.6
1.8 42.5 685.1 2.2
2.1 48.6 191.2 1.7
4 24 72.7 2
3.6 58.8 70.7 2.2
2.7 69.9 711.3 1.5
2 60.4 896 1.9
1.7 28.3 545.4 2
4 27.3 746.4 1.7
3.6 61.8 499 2.1
4.4 64 841.6 2.5
1.6 33.1 401.8 2.3
3.2 47.2 481.3 2.4
2.4 31.9 268.9 2.4
3.6 60 898.1 1.6
1 45 226.8 1.6
4.8 24.3 316.1 2.3
3.5 26.6 668.2 1.8
4.8 45.2 888.3 2.1
1.1 31.4 345.3 2.1
3.6 58.6 788.1 2.5
3.6 52.7 519.6 2.4
3.4 50.8 887.1 2.1
1.1 65 406.2 2
2.2 61.6 371.1 2.2
4.7 70.5 882.7 2.4
3.6 26.4 540.1 2.3
3.4 70 874.9 1.6
4.5 49.7 474 2.4
1.1 64.5 696.7 2
5 34.4 160.2 2.5
2.4 27.7 872.9 2.2
1.5 33.8 669.5 2.1
1.3 36.7 654.6 2.1
3.5 19.2 831.9 2
3.3 71.2 687.3 2.3
3.4 60.6 78.1 1.8
2 25.2 301 2.1
2.1 62.5 78.6 1.6
1.4 70.6 698.7 2.4
1.8 42.7 921.1 1.9
2.9 28.4 555.5 2.1
2.6 73.9 209.6 2.1
1 34.8 729.5 2.1
3 35.9 852.2 1.8
4.8 39.2 409.1 1.6
2 17.5 230.5 2.4
2.2 24.1 378.4 1.6
1.2 46.4 228.1 2
2 61.2 826.4 2.3
1.3 21.3 59.8 1.9
3.6 27.9 826.2 2
2.9 43.4 515.2 2.3
4.7 41.2 793.7 2.2
2.3 45.2 743.5 2.1
1.9 52.1 776.6 2.4
5 70.7 615.6 2.3
4.3 43.6 385 1.7
3.4 46.5 894.8 2.1
2.9 26.8 497.7 1.8
2 30.2 561.4 2
3.8 68.3 831.5 1.7
1.6 35.6 248 1.6
3.4 20.9 793.8 1.7
1.1 21 709.1 2.4
2.1 26.2 777 1.5
2.6 31.5 546.7 2.2
3.3 17.1 526.3 2.2
3.2 46.7 623.5 1.9
4.8 72.8 727 2.2
4.5 56.1 783.1 2.1
4.9 51.5 436.1 2
4.5 37.5 632.7 2.1
1.7 63.2 749.7 2.3
2 45.3 609.3 1.8
3.4 52 199.9 2
4 72.1 686.7 2.4
1 64.2 877.6 1.9
4.4 62.7 664.4 1.8
3.5 39.1 781.6 1.8
1 42.3 247.2 1.9
1.9 17.5 772.9 2.3
3.4 22.2 95.4 2
2.4 42.1 547.1 1.7
3.2 49.8 797.7 1.7
1.2 26.2 69.6 1.6
2.2 16.3 189.1 1.9
4.5 50.5 678.6 2
2.9 23.5 933.1 2.4
4 40.7 451.9 2
4.9 34.8 551.2 2
1.2 17.9 183.1 2.3
3.9 58.1 241 1.9
4.3 26.8 608.4 2.5
3.1 54.8 215.4 1.7
1.3 17 784.6 1.5
3.7 44.2 128.1 1.7
2 56.4 66.7 2.1
3.2 35.3 520.4 1.9
2.8 73.6 184.1 2.3
4.9 28.9 336.4 2.2
1.9 16.2 101.7 1.9
4.2 51.6 562.2 1.8
2 70.9 245.2 2.1
2 43.9 586.6 2
4.9 52.8 464.6 1.7
4.5 21.9 529.6 2
2.5 21.3 359.9 2.3
3.3 32.2 224.3 2.5
2.4 18.3 327.4 2
3.9 42.9 818.9 2.2
3.2 50.6 526.4 2.2
4.5 44.9 923.6 1.5
1.1 71.9 722.5 1.6
2.3 16.5 665.5 1.7
4.4 44.8 869.3 2.3
4.8 30.9 845.8 1.5
1 31.9 472.7 2.3
3.8 21.1 411.5 2.3
4.8 30.6 859.5 1.7
4 48.8 771.1 2.3
2.8 37.6 719.8 1.7
3.4 49 526.1 1.6
4.1 23.7 116.7 1.5
2.6 20 890 1.8
3.7 64.3 412.2 1.9
4.5 53 813.9 1.6
3.9 31.3 377.2 2.3
4.1 34.5 657.4 1.6
1.1 60.3 443.2 2.4
1.3 20 237.6 1.8
2.8 16.6 57 1.7
3.6 27.8 913.6 2.2
5 52 116.4 2.2
4.6 38.3 667.7 1.8
3.5 27.5 646.2 1.9
3.9 64.3 644.3 2
4.1 33.8 337.6 2.2
4.5 45.6 112.6 2.5
2.9 71.6 447.7 2.1
4.6 15.8 161.3 2.3
3.9 68.8 651.5 1.8
1.4 23.2 506.3 1.8
1.3 33 698.6 1.9
1.9 22.8 124.5 1.9
2.1 35 456.9 1.9
3.2 71.4 257.4 2.2
1 70.4 151.5 2.4
4.9 73 202.5 2
1.9 17 470.4 2.3
4.7 58.2 591.4 2.4
3.8 48 540.8 2.4
2.1 36.6 734.4 1.8
1.2 34.4 373.2 1.8
4.2 36.9 746.3 1.9
4.4 16.7 299.2 1.9
1 49.4 188.2 2.1
3.5 52.7 931.6 2.4
0.2 0.2 0.4 0.3 0.3 0.4 0.2 0.4 0.3 0.4 0.3 0.3 0.3 0.4 0.3 0.3 0.3 0.3 0.3 0.3 0.2 0.4 0.2 0.2 0.3 0.4 0.3 0.2 0.3 0.3 0.3 0.3 0.2 0.3 0.2 0.3 0.3 0.4 0.3 0.3 0.3 0.4 0.2 0.3 0.2 0.4 0.3 0.2 0.3 0.3 0.3 0.3 0.3 0.2 0.4 0.2 0.3 0.3 0.3 0.2 0.2 0.2 0.4 0.3 0.2 0.3 0.2 0.4 0.3 0.2 0.3 0.3 0.3 0.3 0.3 0.3 0.3 0.2 0.2 0.3 0.3 0.3 0.3 0.3 0.4 0.3 0.2 0.3 0.3 0.4 0.3 0.3 0.3 0.4 0.4 0.4 0.3 0.3 0.3 0.3 0.4 0.2 0.3 0.4 0.3 0.3 0.3 0.4 0.3 0.3 0.2 0.2 0.2 0.3 0.2 0.3 0.4 0.2 0.3 0.4 0.4 0.3 0.2 0.4 0.2 0.4 0.3 0.4 0.3 0.3 0.4 0.2 0.2 0.4 0.2 0.3 0.4 0.2 0.4 0.4 0.4 0.4 0.4 0.3 0.3 0.3 0.2 0.2 0.3 0.3 0.4 0.4 0.4 0.4 0.4 0.2 0.3 0.4 0.2 0.4 0.3 0.4 0.3 0.4 0.2 0.4 0.3 0.3 0.3 0.4 0.3 0.3 0.2 0.3 0.3 0.4 0.3 0.4 0.2 0.4 0.4 0.3 0.3 0.3 0.4 0.4 0.3 0.4 0.3 0.2 0.3 0.3 0.3 0.4 0.3 0.3 0.3 0.4 0.2 0.4 0.3 0.2 0.4 0.3 0.2 0.4 0.4 0.4 0.3 0.3 0.3 0.3 0.4 0.3 0.2 0.2 0.3 0.3 0.4 0.3 0.3 0.4 0.3 0.3 0.3 0.3 0.4 0.3 0.3 0.4 0.4 0.3 0.3 0.2 0.4 0.2 0.4 0.4 0.3 0.2 0.3 0.3 0.4 0.3 0.4 0.2 0.3 0.3 0.4 0.3 0.4 0.3 0.3 0.4 0.4 0.2 0.2 0.3 0.3 0.3 0.3 0.2 0.2 0.2 0.2 0.3 0.4 0.4 0.3 0.4 0.2 0.4 0.3 0.3 0.3 0.2 0.2 0.2 0.2 0.2 0.3 0.3 0.3 0.2 0.4 0.2 0.3 0.4 0.3 0.2 0.4 0.4 0.4 0.3 0.4 0.3 0.3 0.3 0.2 0.2 0.2 0.2 0.3 0.4 0.4 0.4 0.3 0.3 0.3 0.3 0.3 0.3 0.3 0.2 0.3 0.3 0.3 0.3 0.3 0.3 0.4 0.3 0.4 0.2 0.3 0.3 0.3 0.3 0.3 0.4 0.3 0.4 0.3 0.2 0.3 0.3 0.3 0.2 0.4 0.3 0.2 0.2 0.2 0.4 0.4 0.3 0.3 0.3 0.4 0.3 0.4 0.3 0.3 0.3 0.3 0.3 0.2 0.4 0.4 0.2 0.2 0.3 0.2 0.4 0.4 0.3 0.3 0.3 0.3 0.2 0.3 0.2 0.2 0.3 0.4 0.3 0.3 0.3 0.3 0.4 0.3 0.3 0.3 0.4 0.3 0.3 0.3 0.2 0.3 0.4 0.2 0.3 0.3 0.3 0.3 0.2 0.3 0.3 0.3 0.4 0.2 0.3 0.4 0.4 0.2 0.2 0.3 0.3 0.3 0.4 0.3 0.2 0.2 0.3 0.2 0.2 0.3 0.4 0.4 0.2 0.3 0.3 0.3 0.3 0.3 0.4 0.2 0.2 0.3 0.3 0.2 0.2 0.2 0.4 0.2 0.3 0.4 0.3 0.4 0.3 0.3 0.3 0.3 0.3 0.3 0.3 0.3 0.4 0.3 0.3 0.2 0.2 0.3 0.3 0.4 0.3 0.3 0.2 0.3 0.4 0.3 0.3 0.3 0.4 0.3 0.4 0.2 0.3 0.3 0.3 0.3 0.3 0.3 0.3 0.2 0.4 0.3 0.2 0.4 0.3 0.2 0.3 0.2 0.3 0.3 0.2 0.3 0.4 0.3 0.2 0.2 0.3 0.2 0.3 0.3 0.3 0.3 0.3 0.2 0.3 0.4 0.2 0.3 0.4 0.3 0.4 0.2 0.2 0.2 0.3 0.2 0.2 0.2 0.2 0.3 0.4 0.3 0.4 0.2 0.4 0.4 0.3 0.3 0.2 0.2 0.2 0.3 0.3 0.3 0.3 0.3 0.4 0.3 0.3 0.2 0.3 0.3 0.3 0.2 0.4 0.2 0.4 0.2 0.4 0.3 0.3 0.3 0.3 0.3 0.2 0.3 0.4 0.3 0.3 0.4 0.2 0.4 0.2 0.4 0.2 0.3 0.2 0.2 0.4 0.3 0.4 0.2 0.3 0.4 0.2 0.3 0.4 0.3 0.3 0.3 0.3 0.2 0.2 0.4 0.3 0.3 0.3 0.3 0.4 0.3 0.3 0.3 0.3 0.3 0.4 0.2 0.3 0.4 0.3 0.2 0.4 0.3 0.3 0.2 0.4 0.2 0.3 0.3 0.4 0.3 0.3 0.3 0.2 0.2 0.4 0.4 0.2 0.2 0.3 0.2 0.3 0.3 0.4 0.3 0.3 0.2 0.3 0.3 0.3 0.4 0.3 0.3 0.4 0.3 0.4 0.4 0.3 0.3 0.2 0.4 0.2 0.3 0.3 0.4 0.2 0.2 0.4 0.4 0.3 0.3 0.3 0.4 0.2 0.2 0.3 0.4 0.3 0.4 0.3 0.3 0.3 0.2 0.4 0.3 0.3 0.4 0.4 0.2 0.2 0.4 0.4 0.2 0.3 0.3 0.4 0.3 0.3 0.3 0.3 0.2 0.3 0.3 0.4 0.2 0.4 0.4 0.4 0.3 0.4 0.2 0.2 0.3 0.3 0.4 0.3 0.3 0.2 0.4 0.4 0.2 0.3 0.4 0.3 0.4 0.3 0.2 0.3 0.3 0.2 0.3 0.4 0.4 0.3 0.3 0.3 0.2 0.3 0.3 0.2 0.3 0.3 0.3 0.3 0.3 0.2 0.3 0.2 0.4 0.2 0.3 0.4 0.4 0.3 0.3 0.4 0.3 0.2 0.3 0.4 0.2 0.3 0.2 0.2 0.3 0.3 0.4 0.3 0.2 0.3 0.4 0.3 0.4 0.3 0.3 0.2 0.3 0.3 0.3 0.3 0.3 0.2 0.2 0.4 0.4 0.3 0.2 0.3 0.2 0.3 0.3 0.2 0.4 0.4 0.3 0.3 0.3 0.4 0.3 0.3 0.4 0.4 0.3 0.4 0.3 0.3 0.4 0.2 0.3 0.3 0.2 0.4 0.3 0.4 0.4 0.2 0.4 0.3 0.3 0.3 0.3 0.2 0.3 0.3 0.3 0.3 0.4 0.3 0.3 0.4 0.4 0.3 0.3 0.4 0.2 0.3 0.3 0.4 0.4 0.3 0.3 0.3 0.3 0.3 0.2 0.4 0.3 0.3 0.2 0.3 0.2 0.3 0.4 0.4 0.3 0.4 0.3 0.4 0.3 0.3 0.4 0.2 0.3 0.3 0.4 0.3 0.4 0.3 0.3 0.2 0.3 0.3 0.3 0.4 0.3 0.3 0.4 0.2 0.2 0.3 0.3 0.4 0.2 0.3 0.3 0.3 0.2 0.2 0.3 0.4 0.4 0.2 0.4 0.4 0.3 0.2 0.4 0.4 0.3 0.4 0.3 0.2 0.3 0.3 0.3 0.4 0.2 0.2 0.4 0.3 0.4 0.3 0.3 0.4 0.3 0.3 0.3 0.4 0.2 0.2 0.3 0.4 0.3 0.3 0.2 0.3 0.4 0.4 0.3 0.2 0.2 0.2 0.4 0.3 0.3 0.3 0.3 0.3 0.3 0.3 0.3 0.3 0.4 0.4 0.3 0.2 0.3 0.3 0.3 0.3 0.4 0.3 0.3 0.4 0.2 0.3 0.2 0.3 0.3 0.3 0.3 0.4 0.3 0.3 0.3 0.3 0.2 0.4 0.4 0.4 0.4 0.4 0.3 0.4 0.3 0.4 0.3 0.3 0.3 0.3 0.3 0.3 0.3 0.4 0.3 0.3 0.4 0.3 0.3 0.3 0.4 0.2 0.4 0.2 0.3 0.4 0.4 0.4 0.3 0.4 0.4 0.3 0.4 0.3 0.2 0.4 0.3 0.3 0.2 0.3 0.4 0.4 0.3 0.4 0.2 0.4 0.2 0.3 0.4 0.2 0.2 0.3 0.2 0.3 0.3 0.3 0.3 0.4 0.3 0.4 0.3 0.2 0.4 0.3 0.3 0.4 0.2 0.2 0.3 0.3 0.3 0.2 0.4 0.3 0.2 0.3 0.4 0.3 0.2 0.4 0.3 0.4 0.3 0.4 0.3 0.4 0.3 0.2 0.3 0.2 0.3 0.4 0.4 0.2 0.3 0.2 0.2 0.3 0.3 0.3 0.2 0.4 0.4 0.4 0.3 0.3 0.4 0.3 0.2 0.3 0.4 0.2 0.2 0.4 0.4 0.2 0.2 0.2 0.2 0.2 0.3 0.3 0.3 0.3 0.4 0.2 0.2 0.2 0.3 0.3 0.2 0.2 0.3 0.3 0.4 0.3 0.3 0.3 0.3 0.3 0.3 0.4 0.4 0.3 0.2 0.4 0.4 0.3 0.2 0.3 0.4 0.2 0.3 0.4 0.2 0.2 0.3 0.2 0.3 0.3 0.3 0.4 0.3 0.3 0.3 0.4 0.3 0.3 0.4 0.3 0.2 0.4 0.3 0.3 0.3 0.4 0.3 0.3 0.3 0.4 0.3 0.3 0.3 0.3 0.4 0.4 0.4 0.3 0.3 0.2 0.4 0.4 0.3 0.2 0.3 0.3 0.2 0.4 0.4 0.3 0.4 0.2 0.4 0.3 0.3 0.4 0.3 0.2 0.3 0.3 0.3 0.4 0.4 0.3 0.4 0.3 0.2 0.3 0.3 0.3 0.2 0.4 0.3 0.3 0.2 0.3 0.2 0.4 0.2 0.4 0.3 0.2 0.3 0.4 0.2 0.2 0.3 0.3 0.4 0.4 0.4 0.4 0.3 0.3 0.3 0.2 0.4 0.3 0.2 0.4 0.3 0.3 0.3 0.4 0.2 0.3 0.3 0.3 0.2 0.2 0.4 0.2 0.4 0.3 0.3 0.3 0.3 0.4 0.3 0.2 0.4 0.3 0.3 0.3 0.3 0.4 0.2 0.2 0.3 0.3 0.3 0.2 0.2 0.4 0.2 0.4 0.3 0.4 0.3 0.4 0.3 0.3 0.2 0.2 0.2 0.4 0.2 0.4 0.4 0.3 0.3 0.2 0.2 0.3 0.2 0.3 0.2 0.3 0.3 0.4 0.3 0.3 0.3 0.3 0.2 0.2 0.2 0.3 0.3 0.3 0.2 0.3 0.3 0.4 0.2 0.4 0.3 0.4 0.4 0.4 0.4 0.4 0.4 0.3 0.3 0.3 0.2 0.3 0.2 0.3 0.3 0.3 0.3 0.2 0.3 0.2 0.3 0.4 0.2 0.2 0.3 0.4 0.3 0.3 0.3 0.4 0.2 0.3 0.3 0.3 0.3 0.3 0.3 0.4 0.3 0.3 0.3 0.3 0.2 0.3 0.4 0.2 0.2 0.4 0.3 0.3 0.2 0.3 0.4 0.4 0.4 0.4 0.2 0.3 0.4 0.4 0.3 0.3 0.3 0.2 0.4 0.3 0.4 0.3 0.3 0.3 0.3 0.2 0.4 0.2 0.3 0.3 0.4 0.3 0.3 0.3 0.3 0.4 0.3 0.4 0.3 0.3 0.4 0.3 0.2 0.3 0.2 0.4 0.4 0.3 0.2 0.3 0.3 0.3 0.3 0.3 0.2 0.2 0.3 0.2 0.3 0.2 0.3 0.3 0.2 0.4 0.3 0.2 0.4 0.3 0.2 0.3 0.4 0.2 0.3 0.2 0.2 0.4 0.3 0.4 0.3 0.4 0.3 0.2 0.3 0.3
170 16 84 80 135 35 24 145 113 55 81 12 36 151 125 156 10 27 83 63 39 67 120 30 117 76 97 165 94 77 67 16 76 162 67 16 59 62 109 23 4 130 37 175 91 128 75 134 131 158 128 165 168 133 42 127 112 133 143 99 10 134 177 105 114 143 38 129 114 174 28 131 142 128 163 26 101 3 58 99 175 177 95 32 30 33 88 118 176 70 110 70 59 26 109 116 173 73 126 38 14 38 44 69 155 96 43 130 31 124 51 177 37 164 34 4 113 33 5 174 90 94 170 55 109 46 121 95 165 87 92 111 35 103 84 10 162 101 86 88 142 167 158 55 176 151 82 91 170 129 108 80 35 52 133 173 74 161 79 56 121 95 164 60 138 4 6 134 91 146 48 27 123 157 156 10 15 6 37 52 166 143 99 166 29 78 51 77 97 18 141 101 132 59 114 147 58 14 180 125 175 141 110 113 168 37 112 9 69 15 123 92 134 35 37 70 99 34 23 86 16 84 9 70 121 157 169 87 74 43 158 163 137 134 65 163 89 68 117 9 61 115 128 2 58 165 132 104 179 37 114 13 101 164 82 22 108 155 179 21 43 36 141 45 48 72 162 31 17 33 126 58 173 173 26 88 68 157 86 27 127 93 7 85 64 104 173 150 108 36 49 42 150 63 36 119 78 62 121 49 148 7 104 136 42 93 179 107 27 87 155 151 45 106 83 52 101 176 61 150 71 114 64 70 78 74 176 70 12 9 151 79 5 172 107 143 177 19 31 97 17 138 79 71 15 70 170 8 111 94 25 144 26 89 155 135 151 33 59 9 62 51 171 80 150 141 140 35 160 72 168 141 172 150 13 91 23 152 118 65 37 54 175 174 50 36 17 22 39 129 59 160 54 54 10 165 25 157 145 68 163 47 13 20 19 12 90 117 95 120 14 136 174 11 72 117 115 72 177 13 87 153 58 138 97 44 158 94 77 135 83 159 44 145 99 172 85 47 23 160 51 33 127 6 37 55 156 35 8 41 142 62 104 155 14 16 14 115 76 134 108 22 86 9 155 69 77 142 98 85 98 111 90 163 45 55 110 19 46 82 72 4 83 51 13 39 111 134 90 164 4 38 125 22 152 92 162 5 1 45 141 48 100 141 121 141 176 125 109 121 139 55 131 158 114 19 149 1 31 20 102 38 74 142 115 48 114 158 21 165 104 77 39 114 31 33 99 133 169 144 112 48 23 162 114 81 25 80 13 90 91 155 141 40 1 3 153 7 31 106 32 26 24 147 79 125 64 150 50 17 117 55 152 47 27 124 111 155 7 126 10 76 21 117 92 96 109 119 40 5 76 177 39 146 169 112 48 28 20 146 72 9 58 103 114 131 142 162 107 130 104 120 151 80 82 179 35 140 24 119 75 22 171 72 76 155 63 20 118 27 152 133 173 147 41 69 81 176 11 116 63 71 98 52 146 3 172 67 64 123 104 37 127 48 81 180 157 100 9 103 28 74 99 113 148 65 150 49 159 150 8 179 58 57 30 110 49 60 110 176 90 86 13 159 155 99 40 129 109 154 46 49 62 43 5 25 52 108 20 6 95 28 115 112 131 143 22 37 37 116 175 163 124 97 163 21 8 62 174 4 143 129 132 180 159 37 132 169 58 57 37 159 65 2 7 105 64 138 144 5 60 117 170 147 165 87 68 52 38 132 169 25 174 124 46 176 167 179 42 115 65 23 175 81 43 64 118 43 110 167 145 115 144 99 166 85 131 128 161 164 100 51 63 86 65 166 69 102 51 72 166 141 24 41 79 170 113 40 49 160 179 72 11 83 38 161 165 42 15 84 68 114 43 143 72 108 141 169 158 54 131 7 77 5 79 39 146 94 105 38 83 98 126 129 150 52 82 97 113 111 96 155 141 160 119 170 123 156 64 129 154 156 71 97 60 154 129 105 32 34 154 105 91 103 81 8 50 58 12 67 131 120 56 158 82 152 131 15 77 36 15 95 78 112 5 39 123 41 24 94 179 13 126 107 177 119 18 163 10 2 30 120 29 157 64 75 137 134 51 125 128 61 84 86 50 152 18 158 153 120 52 88 119 20 61 101 62 149 178 123 121 110 33 166 153 56 64 174 40 6 70 171 23 62 80 9 144 88 41 147 27 129 41 60 51 173 180 57 99 59 17 152 157 106 84 33 31 68 2 119 98 129 68 72 169 91 5 147 144 35 98 101 36 85 24 15 166 122 137 147 63 47 157 23 30 81 64 111 168 122 52 19 67 141 73 56 147 14 115 177 144 103 19 28 45 19 47 58 103 59 140 64 166 30 156 179 5 87 178 76 80 173 135 12 137 150 122 171 170 54 3 62 59 14 163 24 7 116 171 86 113 85 27 62 117 148 61 35 168 120 180 127 175 149 152 84 92 22 135 124 90 150 177 165 122 105 128 170 20 20 170 44 13 37 40 120 84 73 133 176 124 56 4 114 13 65 161 9 59 126 171 161 85 105 48 76 180 127 33 14 146 79 46 66 51 37 148 73 60 138 179 157 127 119 176 94 157 108 10 157 155 97 66 152 61 109 63 6 137 53 1 84 140 113 40 157 173 171 113 89 135 37 114 32 23 15 168 36 174 147 51 113 41 65 168 121 85 154 127 31 71 170 51 152 19 106 85 90 53 139 15 172 109 6 118 44 13 16 31 138 60 84 24 141 45 157 10 153 37 127 84 130 80 42 34 158 76 153 128 160 11 129 9 150 23 148 2 48 60 172 26 140 41 162 38 134 137 74 81 79 130 153 145 24 89 125 166 25 89 72 144 162 59 175 18 92 95 167 100 44 157 91 136 7 38 176 97 85 47 160 148 37 140 104 177 120 114 17 85 30 148 139 165 77 111 176 49 105 5 154 105 104 120 77 161 161 25 36 79 118 9 178 47 52 25 124 108 132 35 90 100 173 157 151 34 67 87 171 75 153 140 121 82 15 108 106 67 130 157 99 105 143 165 124 157 87 67 109 149 6 161 140 135 41 135 1 21 142 132 140 56 87 73 11 136 145 81 67 25 142 86 63 62 148 133 42 74 8 99 121 93 11 89 79 152 102 138 107 20 53 132 141 99 4 167 22 32 105 144 125 118 49 168 163 50 134 149 89 93 99 19 71 137 13 74 147 139 65 9 66
148 47 168 115 120 166 147 84 6 176 179 36 131 40 79 142 57 82 117 161 59 52 103 5 156 113 120 174 171 178 172 134 158 156 154 159 121 141 159 34 146 136 159 102 129 24 149 120 170 163 136 100 29 36 85 164 76 43 132 74 35 161 29 131 9 150 136 100 162 48 140 89 4 121 103 44 31 162 123 174 104 72 125 19 167 20 4 5 98 152 157 135 7 3 71 118 31 85 143 178 138 83 131 2 43 41 141 58 91 26 61 86 97 168 78 50 4 165 27 124 119 146 126 75 16 42 179 118 117 19 163 49 71 114 44 157 145 115 151 134 42 165 24 94 129 65 113 138 115 8 24 63 8 21 148 37 171 41 97 9 89 128 13 49 177 102 105 146 79 140 157 120 42 71 13 12 67 142 35 119 77 48 163 102 66 43 10 150 130 8 97 43 97 1 56 74 63 145 133 74 72 128 128 77 173 178 115 13 71 153 105 119 112 61 65 174 175 96 35 149 102 162 3 70 3 62 49 149 67 95 40 76 79 165 11 167 90 137 27 145 173 8 49 111 45 98 124 138 157 26 70 71 68 92 27 87 31 128 126 159 158 57 140 93 147 26 63 97 44 130 65 99 57 5 81 127 32 122 154 92 19 121 51 5 78 89 53 124 41 71 141 26 55 140 13 60 177 41 69 72 92 170 42 99 24 58 12 57 150 139 145 154 122 169 117 36 142 19 35 77 81 63 25 36 36 13 13 65 42 76 119 41 106 172 89 154 147 163 90 100 10 162 155 23 102 75 121 13 142 180 109 145 179 171 31 175 123 34 8 131 95 62 43 91 153 37 171 3 25 39 67 146 56 52 89 74 164 29 78 138 143 85 119 66 12 179 36 86 55 149 128 159 168 62 126 101 13 105 32 81 158 98 1 110 14 124 19 55 6 157 17 95 82 42 162 111 141 84 116 30 151 55 94 42 112 160 69 58 142 125 55 108 112 70 28 33 58 32 85 174 87 175 136 156 46 163 81 64 107 176 150 92 11 157 180 46 83 25 162 158 171 21 95 171 35 36 92 91 94 161 125 116 132 9 6 59 108 3 9 75 89 50 150 146 85 15 137 179 121 85 49 165 70 78 151 127 51 172 88 68 168 71 18 85 83 75 97 143 116 113 76 62 71 133 20 152 30 4 7 25 150 130 10 101 140 102 62 129 83 142 56 142 45 156 105 73 109 151 177 39 23 19 174 78 133 80 177 157 129 109 25 10 83 146 125 171 46 131 108 129 178 59 1 56 27 3 167 22 20 146 47 51 162 16 125 64 22 28 84 141 116 144 78 163 92 154 26 169 107 82 135 161 18 168 63 8 77 98 147 119 96 112 139 14 143 104 30 70 21 22 95 69 64 30 138 11 56 180 11 98 44 153 56 93 161 88 91 158 21 79 155 123 104 10 60 170 2 82 145 24 180 15 88 68 153 44 114 109 37 171 51 30 113 166 82 51 65 154 47 47 143 140 20 11 134 121 124 39 28 128 84 4 76 11 32 38 20 156 156 170 167 19 36 43 134 102 121 42 55 115 98 112 120 125 20 173 46 35 167 39 88 17 132 164 63 100 142 9 41 79 177 47 68 65 13 55 58 5 52 11 30 1 81 154 132 74 88 146 47 133 78 115 176 55 98 160 32 143 131 127 22 153 66 140 125 58 70 24 67 173 51 158 98 72 146 117 129 86 62 33 46 83 99 71 8 159 174 135 74 71 75 23 91 176 95 140 100 44 126 97 46 135 104 171 171 161 49 130 133 48 88 143 87 73 92 175 161 5 153 61 37 60 25 158 166 159 86 6 21 123 163 108 59 41 64 116 143 93 29 54 111 19 7 124 112 17 63 111 7 3 82 169 34 146 158 177 153 115 180 128 29 6 132 101 114 19 135 91 136 153 58 21 151 132 144 173 7 161 17 124 162 3 72 89 114 149 66 134 38 110 56 178 21 105 40 32 67 109 134 151 14 114 101 43 164 168 180 122 51 138 87 124 138 110 115 103 29 122 100 107 79 48 91 104 92 158 146 85 23 67 83 84 73 47 1 117 34 78 70 178 108 80 162 4 91 156 28 132 38 133 84 70 10 37 20 78 132 178 132 111 116 118 21 28 76 133 71 21 99 123 174 158 44 16 159 158 17 110 10 57 38 28 42 32 32 76 141 34 178 125 57 70 26 67 84 90 165 102 94 179 170 67 106 174 69 39 115 20 66 54 123 167 70 82 48 80 52 110 112 122 34 167 80 122 159 81 109 139 111 114 120 78 134 93 109 52 53 49 11 130 180 34 24 31 152 58 28 22 99 84 143 168 159 152 28 98 144 92 154 8 26 77 30 142 33 134 110 60 24 112 44 156 10 35 21 120 90 26 138 52 130 4 127 128 134 23 84 151 11 100 155 79 147 145 169 14 95 21 49 98 91 66 147 32 30 62 159 12 45 146 133 94 61 118 98 30 7 11 172 28 67 33 24 19 180 98 50 48 110 142 159 7 8 18 1 113 11 55 130 152 77 176 100 24 134 168 35 93 88 22 136 158 63 18 62 94 96 123 84 155 38 143 10 27 30 122 79 131 36 60 9 83 64 4 126 82 148 15 24 32 174 129 22 98 112 51 109 103 116 35 79 71 121 123 5 12 95 18 168 97 107 144 56 135 58 52 87 55 157 179 55 104 33 140 13 56 36 70 7 140 44 39 88 29 111 156 75 140 70 147 35 14 131 63 17 149 111 88 16 161 178 54 109 29 47 37 88 64 54 124 46 150 172 83 102 58 178 96 80 179 57 71 82 104 107 161 162 58 93 119 86 8 37 38 40 65 101 47 143 116 45 79 25 26 74 155 29 77 151 73 73 91 97 149 21 31 91 143 77 177 58 21 2 123 83 168 18 77 178 70 43 50 164 115 147 135 24 54 61 90 124 116 162 153 77 53 150 169 161 176 165 102 92 60 169 26 120 2 36 38 77 158 13 60 136 56 25 117 75 30 26 106 108 179 156 159 89 59 172 143 180 64 37 169 173 85 142 124 101 128 12 130 40 117 19 142 49 45 148 175 163 110 79 102 161 81 36 13 143 22 34 100 110 59 89 46 11 68 53 112 94 83 137 149 76 89 84 22 144 52 23 115 7 147 20 142 71 137 134 140
164 134 14 27 137 138 137 96 157 56 170 160 68 113 118 87 113 112 53 88 160 115 14 147 17 166 50 125 84 167 33 27 16 4 24 9 45 53 43 157 109 39 39 96 165 165 146 88 56 16 113 81 48 177 68 55 14 119 37 76 120 19 30 59 117 81 147 117 2 169 51 2 110 180 6 147 123 180 115 136 111 123 3 3 117 39 121 99 150 101 162 128 68 163 100 63 55 49 46 162 67 134 75 156 131 139 145 22 165 105 17 135 98 171 157 48 16 175 114 16 122 159 77 122 167 20 78 111 76 105 56 46 35 39 169 132 12 154 144 45 118 90 45 33 144 26 65 108 148 119 4 169 135 93 17 58 94 3 21 17 10 8 113 138 163 123 41 136 22 85 28 2 111 119 36 24 65 94 147 147 117 89 89 32 44 32 53 149 117 172 126 172 172 30 45 60 131 144 79 172 71 117 31 110 163 30 168 103 68 180 7 84 163 122 131 154 87 59 116 16 132 95 65 47 56 124 165 155 66 112 23 33 51 145 55 180 159 114 76 89 124 161 171 51 158 140 167 137 155 88 21 107 3 93 30 130 1 116 22 109 46 167 118 9 71 110 2 102 141 22 46 129 92 97 170 62 21 121 149 102 76 70 31 116 171 85 77 46 115 17 78 164 79 64 126 118 79 7 174 122 34 132 53 139 146 132 111 53 9 150 10 37 108 64 163 146 108 115 12 23 30 17 64 104 27 138 110 13 7 85 122 26 68 158 101 81 95 113 111 3 96 102 133 89 60 50 148 13 128 102 94 49 91 83 108 84 105 104 127 90 67 100 74 121 119 139 16 95 83 104 31 114 87 176 68 114 46 72 74 24 22 150 143 98 160 163 63 173 123 25 116 111 47 144 154 31 131 122 169 175 90 38 92 117 163 119 100 174 136 51 62 68 116 6 42 90 123 58 178 157 141 95 9 161 19 154 100 125 138 140 159 87 62 36 53 5 43 164 110 53 91 145 164 60 91 12 165 87 96 66 83 140 108 1 159 84 96 83 164 61 6 161 160 32 143 35 97 45 160 179 163 45 157 94 126 62 27 22 81 148 125 52 75 71 139 105 17 10 103 125 77 6 3 91 94 162 56 143 70 152 37 96 96 159 58 27 92 32 52 112 107 69 18 7 162 23 128 158 20 15 51 142 54 44 26 90 90 9 48 115 11 149 40 163 48 87 98 158 145 22 143 74 108 115 73 114 83 147 132 63 4 107 119 119 163 92 135 83 17 40 90 121 52 50 131 143 11 92 32 120 138 135 132 1 126 109 70 126 91 91 78 3 61 76 125 22 28 16 64 140 48 2 94 103 89 4 101 109 96 64 118 143 24 134 84 91 11 179 90 32 99 20 10 155 143 26 51 61 105 55 131 29 158 103 67 151 153 168 9 177 159 167 125 132 18 3 154 156 129 121 99 171 139 96 83 130 44 178 134 75 31 90 155 163 2 139 122 68 150 17 75 176 10 65 130 67 101 33 63 123 96 49 16 30 27 59 52 38 103 68 162 150 88 96 120 146 144 55 65 72 36 111 153 36 145 113 4 140 141 133 114 172 180 34 44 9 91 59 157 43 108 61 90 87 19 73 27 106 22 22 96 115 69 124 33 43 166 177 106 111 151 177 80 135 26 60 128 78 92 171 172 41 32 3 67 115 149 161 19 166 10 9 50 111 40 125 31 18 123 97 46 105 74 167 90 180 55 36 178 39 72 53 153 61 44 49 27 107 57 166 178 158 144 30 43 42 163 166 44 20 2 130 67 66 154 140 59 12 71 120 113 26 38 25 125 138 120 70 150 103 161 90 84 82 37 69 67 173 97 60 37 86 39 77 20 46 112 84 58 94 98 111 152 52 164 11 9 174 123 31 28 148 5 96 139 81 99 9 55 33 15 7 159 13 50 110 12 35 165 5 18 59 48 161 5 176 66 59 59 115 21 64 36 61 156 115 111 34 81 137 9 39 111 1 180 141 90 18 70 50 96 86 118 175 58 41 151 117 134 139 146 36 69 165 119 22 170 143 44 84 143 52 122 31 151 3 95 110 112 69 175 134 77 15 8 92 142 102 14 176 68 28 108 15 139 177 51 74 67 117 14 19 155 110 149 84 159 18 5 28 148 162 173 119 9 123 122 36 22 176 134 92 87 20 98 58 142 160 103 17 85 71 162 131 17 118 65 89 141 151 80 28 72 167 125 7 1 53 169 83 159 165 133 137 62 173 21 99 136 40 52 130 170 117 142 164 130 161 46 157 5 128 131 34 1 177 173 95 69 71 26 14 64 110 96 43 105 163 149 141 30 100 175 134 68 14 1 10 24 20 80 112 133 10 49 116 74 117 57 31 119 72 111 160 101 128 41 120 121 113 169 95 173 13 133 41 82 130 153 61 151 144 107 139 32 111 55 36 23 140 77 67 106 33 137 99 22 6 177 116 11 136 18 121 131 66 142 37 6 94 161 173 54 74 113 74 136 128 40 97 138 125 30 83 86 166 178 14 43 80 144 93 123 162 172 160 15 34 5 165 92 21 150 9 96 66 159 86 65 152 141 90 134 24 19 105 24 83 1 85 41 12 84 151 149 113 11 73 114 142 57 91 76 123 96 162 149 147 177 16 29 18 135 35 90 161 154 36 5 82 45 160 75 139 116 166 18 30 178 153 161 22 58 36 145 159 88 60 97 175 143 150 133 9 72 73 104 20 5 160 77 168 45 78 89 28 138 153 153 89 144 38 178 4 86 84 96 60 21 105 150 159 73 82 49 91 11 145 180 170 73 176 10 142 72 69 2 97 80 169 146 148 161 133 51 138 95 27 167 155 177 124 71 99 83 86 35 31 44 49 16 167 119 57 155 45 60 164 89 44 97 22 41 121 162 143 130 141 108 53 78 149 161 149 85 14 25 63 172 72 180 170 149 80 32 50 73 40 172 54 148 147 65 9 94 94 49 99 146 108 113 71 62 106 22 108 58 153 15 149 157 162 19 29 1 108 36 116 127 8 18 106 96 42 155 76 8 130 147 61 177 128 92 79 118 21 171 55 45 89 74 13 58 40 41 85 90 88 86 52 47 157 173 43 158 69 74 129 69 22 68 104 10 1 78 80 117 106 156 31 15 72 41 89 113 131 21 133 14 27
124 25 146 51 50 10 35 6 37 105 116 2 108 157 124 117 63 5 107 60 131 18 19 160 128 87 156 150 180 88 54 124 134 57 2 128 161 120 150 49 119 112 24 136 98 81 28 149 34 82 164 146 109 121 161 1 139 39 131 7 174 179 100 27 98 9 131 23 28 133 73 92 101 60 87 159 116 65 39 42 143 11 87 167 108 163 33 132 128 108 13 138 24 29 102 84 51 157 5 136 80 103 168 66 94 75 53 38 138 95 31 76 12 108 13 87 76 10 179 55 31 165 128 64 86 76 5 17 160 43 110 71 46 164 29 55 38 115 51 28 125 51 163 31 148 147 109 93 157 136 93 47 158 175 10 162 6 76 155 147 146 119 2 54 57 21 22 60 133 2 53 75 85 34 77 41 18 83 124 30 76 106 157 130 118 69 63 61 134 35 176 43 180 180 87 81 118 151 28 132 88 177 151 50 147 59 70 22 150 57 15 68 101 124 55 117 75 71 50 85 105 19 128 84 76 76 125 124 2 133 97 56 51 74 149 111 155 74 47 117 65 151 144 31 172 7 51 18 113 16 44 173 33 144 14 124 59 42 1 24 94 140 108 54 158 149 124 128 42 83 45 40 47 93 80 83 153 143 150 19 152 1 90 75 13 147 54 4 101 143 103 166 164 103 136 113 54 165 49 172 119 78 82 49 154 141 3 177 117 8 12 103 48 13 86 90 164 38 24 134 100 63 21 117 126 17 126 103 47 9 9 83 17 117 134 103 117 111 160 70 39 98 59 88 44 94 12 128 10 45 27 121 120 150 155 49 18 49 6 54 134 94 30 103 12 34 156 3 97 120 130 27 11 129 143 39 62 66 72 113 104 177 30 39 165 13 99 12 131 71 137 28 86 73 50 102 48 42 120 112 2 25 120 130 50 76 111 144 1 94 176 7 5 109 65 74 80 146 77 169 66 163 173 144 166 126 71 8 142 120 140 135 152 35 20 6 141 38 148 44 19 133 58 133 89 165 28 4 97 98 14 70 129 8 123 70 144 91 167 75 101 161 162 68 14 165 92 16 55 33 11 94 101 131 156 130 8 71 164 32 50 32 124 173 15 174 91 154 75 145 89 102 40 101 170 120 1 90 59 145 88 151 86 71 14 58 178 8 60 65 34 92 107 5 99 33 2 176 160 62 76 106 142 21 104 170 57 52 71 89 43 119 25 81 97 111 85 136 133 169 1 168 29 115 63 98 161 44 34 80 50 30 25 168 54 178 171 85 82 44 167 32 1 49 10 169 107 44 55 41 51 84 35 51 156 160 30 51 165 64 27 45 119 154 144 23 148 15 134 90 12 119 83 24 115 81 111 128 172 173 160 71 74 79 21 60 46 116 88 50 11 175 48 87 12 3 124 4 161 80 137 172 3 59 63 164 64 62 17 6 136 65 110 96 151 150 100 34 162 152 65 63 51 121 167 117 90 103 151 141 32 87 30 16 96 170 58 5 115 65 119 111 27 115 61 164 142 35 128 143 30 89 35 151 94 123 109 166 112 87 52 48 9 28 155 44 141 70 71 25 142 99 57 133 22 25 62 20 53 100 126 27 103 114 162 133 29 44 13 106 129 20 137 3 168 80 69 122 173 33 32 54 80 57 176 51 93 77 144 62 168 110 42 143 25 73 128 155 10 97 82 172 102 12 124 162 14 138 86 24 164 160 25 29 128 62 153 87 47 59 46 163 139 46 54 42 140 108 21 11 144 177 25 82 72 89 86 45 92 63 170 90 53 24 42 108 12 171 91 59 174 171 143 57 106 35 143 37 123 122 72 96 145 170 80 91 9 162 123 36 44 157 81 141 89 173 138 95 74 153 111 176 163 108 37 101 132 134 149 10 12 35 176 33 116 162 96 114 84 36 25 51 78 131 151 29 87 11 167 148 103 172 8 7 142 74 71 137 168 23 92 176 162 176 34 34 49 118 89 150 147 155 54 128 149 36 22 1 4 116 4 133 61 89 140 97 91 106 136 138 135 1 143 151 116 32 64 17 11 113 11 59 60 143 120 28 53 73 6 46 38 171 62 25 57 99 74 17 9 8 178 161 163 128 87 53 64 180 62 13 38 23 127 7 177 120 16 131 50 12 91 174 53 59 96 87 164 54 144 80 27 49 140 136 37 8 6 174 80 141 63 87 51 163 85 97 17 121 98 4 85 93 33 122 74 13 23 122 4 125 17 180 149 176 69 43 120 64 95 111 168 9 118 164 157 13 85 71 20 152 41 42 121 21 40 83 124 104 57 61 48 88 85 60 129 135 24 143 69 166 46 119 87 143 25 25 110 77 142 180 159 39 145 58 53 109 11 71 116 13 139 132 173 3 89 94 129 38 24 168 91 152 140 125 54 178 157 132 79 128 23 128 121 119 56 109 11 20 30 168 178 93 65 151 51 26 7 144 98 114 102 113 28 17 9 80 101 52 95 114 48 101 137 3 114 71 65 64 49 158 121 22 170 45 165 95 144 160 90 72 39 79 134 179 105 42 120 121 173 117 102 54 41 62 154 168 145 120 146 35 121 123 143 121 162 55 103 23 79 53 106 51 23 29 167 114 90 29 74 174 1 2 153 63 2 105 50 159 90 114 167 139 105 177 125 57 17 54 28 176 32 123 97 112 176 137 59 104 4 25 171 126 21 30 84 28 41 20 176 167 32 42 62 18 38 34 10 126 52 8 63 61 11 85 170 140 127 34 22 60 167 86 180 39 166 148 18 93 84 84 138 177 1 30 162 112 24 123 123 132 14 133 57 48 35 113 55 55 150 70 16 133 71 98 20 32 154 147 171 17 151 180 117 86 89 81 62 48 128 85 137 42 111 169 111 118 103 13 51 34 5 122 19 158 104 14 137 48 59 116 176 74 28 117 25 53 179 47 27 20 113 78 26 49 107 81 87 31 82 78 27 69 46 29 14 151 143 96 9 95 167 30 33 5 64 112 26 67 37 6 158 65 145 63 140 119 163 10 175 43 180 165 152 70 164 168 142 68 80 67 94 132 156 26 177 129 78 107 180 45 11 113 163 140 110 37 175 86 88 168 16 127 175 122 48 120 113 37 87 164 17 74 140 156 23 17 15 86 9 21 179 16 6 97 134 148 57 78 37 62 10 15 89 121 103 66 50 32 79 39
132 129 14 53 156 107 110 177 120 23 101 67 167 133 14 7 102 165 114 79 173 32 140 92 156 25 49 141 10 116 44 44 15 175 81 165 110 11 177 180 27 55 39 164 10 128 117 112 70 2 74 35 29 135 31 135 46 91 101 55 5 28 144 9 77 43 63 67 30 2 118 53 58 167 173 129 95 110 57 25 99 13 164 54 139 58 128 126 110 76 41 94 159 99 109 16 43 12 102 150 14 97 109 24 90 180 9 160 94 39 19 79 126 12 69 16 144 151 63 102 15 44 23 145 11 70 40 89 123 91 40 135 37 148 105 127 4 168 59 148 123 28 24 71 178 133 159 11 160 91 164 16 165 149 82 74 99 14 157 148 172 127 51 42 149 94 25 162 23 6 102 106 54 135 104 22 16 121 26 131 28 27 43 30 29 61 132 90 10 151 13 115 3 43 178 164 108 36 158 38 19 33 41 87 21 117 122 172 176 179 99 89 80 71 26 65 161 66 124 56 157 77 176 34 36 163 55 11 169 121 42 152 92 144 73 115 169 135 155 136 44 180 49 143 173 132 63 129 120 99 30 68 69 41 86 142 151 155 113 173 40 104 94 117 77 48 125 19 25 17 135 133 41 11 95 29 135 47 59 84 40 95 109 40 151 12 107 129 1 161 136 137 165 86 78 110 162 28 40 177 106 163 10 79 36 26 96 63 133 73 160 110 156 37 9 99 48 94 61 65 138 154 8 67 25 175 30 74 115 107 31 64 33 161 51 47 70 173 157 9 64 175 140 94 88 66 151 75 71 101 33 26 162 159 124 25 67 35 14 31 168 8 34 133 159 76 89 134 86 23 123 86 43 85 123 111 133 133 3 89 65 72 143 62 26 115 65 61 98 11 119 91 25 150 118 50 143 12 27 137 165 62 124 160 36 56 3 93 62 20 128 31 26 138 97 64 112 165 21 20 164 22 142 134 87 14 93 106 91 154 122 78 107 165 114 121 138 89 21 78 142 73 121 160 171 110 129 44 115 102 140 91 37 38 149 149 78 83 164 104 80 73 127 75 172 111 29 137 74 30 91 39 95 114 51 35 55 143 21 77 14 127 141 177 28 108 18 163 17 2 138 67 2 158 83 67 75 74 102 166 126 155 90 142 137 91 146 86 118 37 105 65 51 64 92 73 75 81 74 141 34 162 2 138 7 16 65 122 109 163 47 86 143 54 9 76 157 100 22 141 119 48 84 89 23 137 4 102 82 101 70 80 15 159 50 151 24 63 171 59 178 114 10 127 44 156 14 32 89 106 71 71 154 162 4 28 49 21 98 1 135 110 108 134 40 76 47 80 64 73 92 62 175 63 5 90 104 162 51 105 85 63 45 24 113 104 44 5 156 59 26 171 22 133 177 168 160 116 96 93 86 72 175 160 83 165 151 99 64 48 51 134 104 41 111 98 52 98 111 62 98 52 104 79 106 98 5 162 21 88 97 137 32 126 42 47 49 84 60 30 175 71 147 19 151 89 162 43 166 170 11 74 178 139 99 55 120 86 52 76 54 95 44 126 39 10 92 162 52 174 180 145 48 176 80 63 47 176 167 81 58 158 116 110 18 146 162 72 108 170 67 46 114 129 168 144 180 21 27 27 6 113 122 90 123 36 127 152 54 153 178 72 41 161 71 50 154 159 100 40 114 35 110 35 139 124 116 128 91 162 180 83 34 122 149 107 163 148 148 139 123 44 10 39 90 152 131 46 154 7 146 35 79 39 129 23 18 49 95 55 121 111 125 72 13 43 7 11 71 163 177 106 172 177 17 124 46 86 33 157 65 166 116 85 12 78 120 177 156 173 52 4 154 169 63 27 114 29 122 126 171 144 91 99 96 136 177 114 140 24 117 128 58 111 151 113 31 15 176 101 99 147 45 13 73 123 118 36 22 160 65 6 173 109 172 166 179 112 76 85 131 52 23 21 128 157 70 89 175 77 94 78 86 66 110 124 56 49 46 9 63 14 90 97 75 18 136 102 23 9 21 44 167 87 114 62 28 21 150 144 85 86 126 105 98 18 63 134 9 173 66 60 119 166 139 83 132 63 149 101 38 103 161 91 133 176 177 23 74 170 84 176 17 108 42 64 128 86 166 116 120 91 73 68 64 126 38 21 92 173 106 130 174 21 167 49 103 68 97 101 122 109 2 72 10 151 180 40 60 159 61 166 8 135 26 28 116 34 167 145 175 138 170 155 174 122 61 73 120 28 102 77 45 97 25 13 110 8 175 172 119 72 166 109 118 147 119 52 142 30 94 102 154 114 118 128 113 108 104 126 47 116 46 62 99 134 119 5 13 48 163 97 99 111 25 21 120 26 62 106 104 75 161 169 79 72 94 173 12 112 105 55 96 177 143 98 121 92 48 180 38 61 177 26 73 13 141 133 154 51 53 132 9 35 37 63 69 99 14 49 76 41 24 94 178 55 108 116 145 171 166 37 152 65 9 40 174 103 95 7 162 14 29 15 101 177 118 75 27 53 10 37 86 155 69 100 122 3 92 18 111 176 60 31 109 152 70 159 85 142 16 10 96 149 48 91 163 14 38 76 78 129 140 36 140 94 48 156 49 32 34 95 97 149 22 111 50 65 59 76 159 19 44 144 143 11 130 163 25 100 44 43 16 77 7 115 27 76 156 53 78 133 83 135 155 154 153 123 47 106 176 30 113 61 136 31 71 32 150 131 23 37 17 179 7 116 174 136 22 123 141 112 3 62 26 70 63 66 29 50 50 28 91 145 47 11 51 21 154 48 36 30 114 63 46 4 171 91 103 76 80 121 60 136 45 91 172 9 74 63 17 22 130 70 179 101 12 23 137 120 136 33 101 131 107 64 40 179 1 54 14 82 3 70 145 1 78 162 166 74 13 158 141 73 119 50 57 76 33 36 166 177 14 32 101 177 156 85 15 150 77 104 171 48 151 111 134 115 103 114 76 35 25 55 129 117 75 62 17 147 119 102 84 96 94 103 154 35 100 75 46 40 4 96 40 14 169 87 85 130 168 125 44 138 120 154 4 74 109 67 97 31 178 132 28 57 76 177 177 119 134 70 6 4 64 135 75 140 30 27 35 133 153 130 117 145 36 82 54 17 118 59 107 77 101 147 54 117 78 23 141 77 116 64 139 75 131 84 166 149
47 43 30 105 60 148 107 169 103 76 21 83 157 114 176 109 93 49 60 99 139 91 40 166 53 83 61 119 72 108 98 6 115 113 172 114 44 10 154 125 126 123 112 122 67 125 100 11 145 129 74 65 82 13 45 113 163 59 79 44 85 72 102 163 94 32 62 144 70 142 169 89 169 106 162 29 49 126 173 31 9 82 10 173 77 62 95 30 60 40 164 160 27 19 104 25 4 159 104 56 57 86 119 108 74 7 111 72 159 158 173 30 133 137 32 124 108 67 23 153 63 104 83 2 119 101 56 98 12 17 8 157 21 115 94 80 167 59 175 108 80 128 60 47 149 47 173 128 72 39 99 45 42 178 3 10 29 18 171 101 138 130 4 167 139 115 131 165 72 33 133 36 126 146 125 59 175 112 44 132 67 71 103 108 10 95 149 143 129 177 21 12 154 98 4 104 160 42 120 145 49 25 110 78 157 55 175 154 111 3 180 91 3 60 73 119 166 1 77 168 175 112 60 95 147 117 9 94 77 47 88 21 160 53 178 149 60 90 95 56 91 105 9 57 162 96 135 6 147 42 78 163 26 80 165 82 179 179 122 85 90 114 58 93 31 123 41 63 112 67 110 165 93 145 20 172 57 105 28 27 140 76 6 43 68 83 21 131 32 57 58 170 126 7 132 92 178 117 22 94 64 7 17 77 73 38 90 44 64 63 44 87 3 130 26 22 173 107 62 92 143 22 101 134 29 80 58 152 103 84 55 86 104 79 109 110 20 23 127 116 166 115 82 134 25 60 157 35 16 133 92 2 87 155 165 90 134 147 128 46 155 21 132 44 83 156 72 157 39 20 175 81 69 108 139 132 118 6 168 22 172 39 174 8 46 176 72 78 123 105 83 62 168 73 51 154 65 49 160 88 73 89 83 96 46 109 132 67 9 128 5 24 104 133 109 69 80 121 155 68 159 171 95 170 17 93 65 79 69 96 16 8 67 169 107 68 170 165 157 121 86 131 69 8 159 46 33 87 94 38 175 162 141 10 14 4 170 46 137 131 39 83 150 163 12 5 94 109 165 3 122 11 53 76 112 20 83 32 160 105 4 180 63 75 159 5 100 171 180 28 43 1 69 83 22 147 138 13 105 153 143 179 36 141 161 135 115 52 171 8 154 159 81 134 143 31 153 29 73 92 140 127 124 155 172 120 119 136 95 85 3 120 63 143 89 4 151 107 93 7 33 96 147 75 147 34 59 83 11 116 118 100 89 143 93 106 107 151 31 131 179 89 89 119 12 146 106 19 165 150 72 158 99 147 44 118 167 164 177 136 52 172 21 176 54 51 165 62 173 168 30 66 7 166 81 141 80 38 10 133 36 55 118 18 15 165 9 120 175 51 121 121 101 157 143 40 11 22 159 49 151 8 136 85 165 109 64 3 40 54 111 33 32 96 47 161 167 84 118 75 126 61 66 163 107 31 155 150 166 37 74 75 14 1 137 99 49 151 23 14 37 48 76 20 86 83 93 68 56 36 134 177 177 80 164 143 95 113 29 58 25 120 1 53 55 156 171 153 48 173 22 90 85 87 16 99 179 72 25 96 94 160 146 134 89 145 73 67 93 122 125 139 130 49 81 64 113 153 83 171 80 41 23 178 44 159 8 166 44 3 21 144 58 87 3 137 180 80 80 79 166 40 112 43 109 51 31 168 63 153 112 102 169 107 159 92 155 26 142 52 65 79 22 18 163 35 43 143 37 59 65 115 89 116 106 112 173 105 36 137 179 179 53 16 10 42 11 99 157 57 146 80 150 34 138 35 101 152 163 163 44 72 56 156 166 31 132 89 162 141 125 150 120 138 27 89 133 82 113 90 61 111 59 17 115 163 111 166 123 51 45 172 126 169 148 33 133 125 36 14 21 139 169 178 72 79 4 135 45 92 122 55 98 163 19 59 152 44 6 125 78 71 67 162 88 10 139 161 27 134 39 25 111 30 18 107 131 137 134 61 130 79 36 15 171 162 45 73 4 90 170 88 106 146 26 54 173 138 155 49 37 99 134 20 147 37 111 165 19 30 73 102 148 85 26 121 39 51 47 126 99 17 93 29 121 78 35 85 34 60 90 102 163 38 88 173 28 107 117 101 103 30 65 168 50 22 120 170 178 159 116 131 97 152 164 1 169 50 147 135 178 97 117 136 110 122 90 10 92 37 45 153 180 1 146 6 160 43 139 19 153 133 149 27 162 76 143 178 46 7 21 107 7 7 142 95 175 43 150 87 3 114 108 117 119 100 78 28 25 76 101 134 164 19 41 82 68 143 83 165 125 98 166 178 169 123 174 65 57 157 174 86 141 150 46 2 177 93 7 131 10 68 15 5 169 36 153 8 110 55 100 95 104 165 34 157 65 160 169 93 34 89 36 16 51 122 40 61 178 9 166 120 7 41 150 29 116 126 88 158 52 153 69 135 45 75 110 166 20 179 75 110 38 104 47 145 154 5 162 29 115 126 30 92 21 47 18 158 80 69 16 9 12 146 122 1 150 139 28 171 54 31 87 110 29 65 19 50 15 110 55 168 18 3 10 17 103 41 4 129 136 41 41 94 46 59 37 91 81 19 96 88 171 17 30 140 170 110 175 36 40 108 84 58 86 97 14 114 155 117 98 156 132 105 41 83 117 13 146 53 141 174 45 110 144 32 174 115 95 81 40 43 81 159 81 161 54 23 48 132 35 174 159 111 38 68 79 97 128 63 79 11 171 108 55 95 23 19 92 143 130 74 127 169 88 179 110 7 70 139 14 16 173 156 84 119 55 63 52 84 111 47 61 112 125 88 126 47 130 116 171 33 38 83 179 56 122 13 142 78 140 69 81 84 61 93 164 132 105 49 16 119 11 174 58 161 104 146 85 171 132 142 68 18 110 102 174 13 155 94 113 116 111 102 43 26 36 161 174 22 107 8 98 48 49 31 49 92 16 55 146 179 21 108 168 86 85 4 65 24 33 46 140 17 64 116 8 119 54 125 148 46 115 173 126 57 106 147 55 155 65 63 167 133 171 68 163 134 161 110 25 78 80 17 168 57 146 137 26 4 71 118 13 33 140 121 180 33 16 144 134 8 103 150 147 136 85 14 88 71 3 154 86 156 72 21 112 139 8 178 110 173 74 140 114 47 150 124 96 32
75 165 131 37 132 92 152 74 34 52 91 86 10 62 3 52 116 139 134 121 4 145 85 163 84 156 162 90 154 113 70 171 180 101 160 58 148 45 171 134 46 33 75 136 121 161 52 39 4 71 114 162 111 42 169 73 151 74 163 66 131 47 58 43 13 76 168 36 44 120 174 88 82 14 77 142 95 164 148 93 58 80 156 67 59 134 119 67 56 91 2 174 118 124 91 153 90 1 177 135 123 67 159 102 16 143 96 135 118 105 124 15 58 113 17 11 34 165 20 8 70 151 44 105 13 147 145 140 24 25 17 31 127 57 64 82 1 81 31 107 103 85 129 4 50 157 140 144 82 123 168 11 46 149 13 113 52 163 72 53 116 57 7 117 42 153 100 69 115 99 14 128 167 171 106 77 91 93 45 29 158 162 49 92 119 87 171 33 119 39 145 89 69 170 92 139 108 101 17 59 167 130 118 67 128 53 36 138 117 27 147 160 170 157 49 141 163 19 34 35 177 141 107 39 72 160 78 135 137 170 64 62 171 89 120 180 180 17 44 66 47 161 113 172 15 73 149 94 97 122 120 79 107 172 125 14 127 158 60 58 138 35 81 14 164 72 95 90 136 25 23 128 85 71 87 66 26 88 88 8 71 74 137 84 47 65 22 85 2 40 176 171 120 55 91 9 165 150 11 99 33 38 14 48 162 140 172 152 47 123 79 86 132 26 157 155 177 17 46 7 11 157 88 95 38 144 107 80 172 135 145 73 84 134 150 162 130 78 46 102 173 71 26 83 84 88 135 52 123 144 133 28 95 32 5 42 46 38 63 142 134 113 177 137 63 26 16 33 155 23 153 149 119 4 50 55 68 2 23 130 29 148 94 35 22 174 134 74 82 31 102 25 3 60 65 38 54 163 98 95 6 77 3 59 59 120 31 16 8 42 156 103 3 150 127 19 12 131 39 3 86 178 75 57 29 91 6 127 159 63 112 143 167 164 138 104 179 85 64 73 25 59 161 130 170 129 126 177 131 18 143 15 52 83 31 101 68 62 8 142 84 134 117 103 84 41 131 102 5 103 118 56 123 33 166 67 86 29 105 90 151 141 117 131 159 17 44 145 128 5 83 13 33 160 119 71 19 88 109 36 47 147 31 100 26 24 22 95 48 92 100 149 78 56 172 130 25 148 72 142 64 28 17 147 110 95 178 34 143 115 69 67 131 46 84 46 107 159 14 56 141 56 72 22 174 8 170 109 54 67 58 159 25 124 162 41 143 53 11 101 140 127 17 134 92 33 108 135 96 136 45 57 28 91 79 176 81 178 51 47 45 87 54 127 177 6 106 106 32 131 96 41 130 140 115 53 100 86 76 17 148 121 81 125 90 149 25 180 24 40 22 7 99 101 96 37 3 165 90 72 142 147 45 82 56 137 157 135 33 166 96 105 147 62 55 166 68 133 151 2 20 91 71 106 173 56 152 154 37 24 174 99 95 39 76 43 123 21 180 173 146 146 136 6 104 136 7 12 160 99 35 116 161 95 119 62 156 3 24 171 116 45 119 147 80 7 7 105 99 30 133 2 63 162 28 79 146 16 31 107 67 49 92 168 119 80 11 126 12 13 166 125 152 131 73 26 39 167 97 130 54 58 74 142 50 126 77 69 108 146 101 160 80 5 43 167 37 133 34 46 93 122 58 99 72 164 175 89 133 106 173 33 138 57 23 24 118 93 180 72 72 65 136 165 144 137 74 166 9 53 81 149 54 62 2 177 114 32 142 161 161 67 5 35 59 155 85 1 55 161 20 115 153 41 91 28 90 119 74 38 115 153 42 126 155 18 90 15 54 152 106 123 112 85 9 179 122 120 121 164 96 82 140 49 101 154 165 168 101 63 73 33 35 38 11 91 101 1 55 7 133 145 20 81 97 73 27 69 95 80 36 121 144 82 34 110 15 124 142 171 69 177 158 108 122 13 106 129 178 69 134 145 44 13 64 151 68 165 133 139 142 6 129 24 175 133 40 97 3 47 174 119 147 34 47 13 152 97 141 109 101 50 162 159 6 38 174 20 135 165 83 102 77 21 113 5 114 24 154 124 2 163 112 143 44 41 156 30 4 15 94 22 110 122 23 87 119 170 107 24 109 55 137 28 150 63 80 179 51 91 44 35 176 86 39 79 94 43 123 140 11 59 72 166 172 173 64 9 142 11 60 157 158 53 54 84 23 36 153 150 38 94 132 54 74 22 81 53 39 117 85 72 127 125 81 148 137 67 100 50 23 108 89 94 171 5 102 46 41 177 21 165 137 12 42 73 168 84 135 54 32 53 171 96 76 177 73 171 142 11 171 156 134 51 143 4 152 159 96 27 162 166 76 27 19 77 117 85 23 44 13 13 139 26 142 174 70 8 47 56 52 122 92 69 119 30 94 41 33 89 146 168 131 85 88 23 76 149 132 90 50 116 107 8 121 115 25 98 165 119 23 70 152 99 118 70 104 17 55 12 157 4 137 64 51 150 101 27 108 118 103 68 145 3 86 169 8 113 125 85 160 24 59 135 171 148 123 85 140 45 94 32 16 60 29 80 134 60 49 59 137 41 17 151 109 60 176 72 57 70 151 127 166 62 94 177 114 92 69 138 120 112 74 94 133 97 58 164 8 71 137 90 140 114 38 178 146 1 173 48 45 135 149 126 127 122 49 72 73 59 25 129 13 172 139 36 70 12 105 158 29 95 145 100 30 54 141 166 138 97 135 57 61 57 179 17 33 97 81 25 160 101 121 158 133 47 168 5 38 158 126 122 113 101 178 72 14 162 135 41 89 29 70 144 164 61 64 180 54 144 5 105 179 171 46 10 15 178 145 121 60 111 127 120 141 66 127 80 48 139 27 32 136 77 61 33 125 86 84 63 155 8 147 121 117 15 111 86 23 12 114 136 160 132 151 121 78 104 44 88 157 104 49 19 37 23 22 28 88 61 89 175 178 6 11 115 118 47 83 161 139 129 86 40 93 27 37 157 130 66 30 165 157 136 180 82 105 1 26 119 157 172 71 55 106 119 113 152 130 85 159 14 159 32 12 67 149 113 75 58 10 16 172 36 94 173 2 93 120 41 78 67 54 129 71 51 95 138 172 90 113 57 125 44 79 47 122 82 139 32 86 27 173 13 14 177 53 24 137 129
156 130 18 20 34 35 50 31 165 133 132 45 78 79 39 83 10 131 13 153 60 177 40 130 22 158 45 127 56 43 33 34 145 19 147 59 112 56 132 38 124 61 124 125 78 47 103 177 57 46 177 46 175 95 30 149 68 65 61 177 90 49 47 16 46 39 89 27 4 101 124 134 26 17 32 153 52 83 166 121 10 34 34 152 83 101 15 134 58 140 111 62 146 136 43 84 23 134 77 121 131 164 159 170 110 163 118 142 178 134 40 150 173 126 91 40 21 58 25 121 13 110 11 32 174 122 145 167 28 43 172 30 168 136 62 158 173 58 3 27 121 75 52 123 158 12 75 52 90 171 59 51 56 54 45 47 137 96 6 58 40 156 13 152 167 25 111 11 26 106 71 107 103 164 51 129 161 155 159 19 157 71 166 68 178 91 155 13 55 31 163 172 132 80 104 173 13 108 27 133 120 144 20 6 76 7 44 73 79 117 126 123 130 159 56 25 123 8 58 72 45 148 60 141 26 116 83 118 25 82 89 66 96 168 91 89 63 177 71 86 7 20 71 49 128 54 132 35 58 95 152 4 36 78 13 175 92 34 37 155 25 138 180 94 43 120 110 84 172 9 145 34 141 93 15 137 154 162 120 129 124 3 46 127 163 69 130 46 121 36 165 20 153 81 32 134 82 139 132 26 38 35 49 63 9 7 162 175 146 36 146 166 29 91 12 125 101 144 149 153 136 150 66 111 44 166 165 52 65 70 72 45 103 26 169 52 17 173 143 4 164 125 89 144 94 67 142 140 7 43 88 140 142 35 63 162 6 83 162 180 43 66 174 12 15 81 27 62 18 61 91 124 53 110 23 118 117 127 154 112 38 61 123 159 106 119 93 141 23 56 147 152 110 31 113 11 118 64 23 9 145 145 83 55 46 131 175 9 161 118 45 124 35 69 57 126 82 136 178 42 73 173 9 25 53 90 103 51 158 108 14 134 142 54 114 51 66 68 179 51 123 146 141 66 29 175 103 158 71 115 96 120 157 42 128 37 86 9 8 85 125 102 114 116 26 44 5 126 111 57 78 140 110 33 33 65 48 70 137 25 135 159 122 72 66 35 62 131 122 92 2 179 70 158 146 27 146 11 75 68 68 56 8 155 179 81 137 159 85 89 166 83 130 22 148 172 13 65 70 61 77 150 110 16 49 63 119 114 38 67 79 61 176 61 109 132 104 146 21 49 129 80 156 3 152 126 53 180 37 29 25 100 98 89 124 89 90 84 31 138 93 25 145 124 22 158 125 161 45 57 100 156 60 28 130 98 25 71 6 151 79 55 26 131 66 73 10 159 57 174 164 47 10 31 165 16 24 33 156 118 45 107 119 9 18 108 114 79 168 19 21 58 127 137 146 37 10 130 125 72 138 88 125 91 175 54 121 41 56 37 143 122 117 12 122 67 178 10 146 65 83 32 55 100 6 168 69 99 12 114 173 156 178 71 121 126 22 21 32 114 83 31 61 103 86 87 32 17 156 21 68 104 76 21 43 180 149 4 75 34 154 118 178 55 141 94 4 147 143 18 56 124 8 38 87 113 125 102 141 81 67 52 62 118 169 167 151 31 118 106 13 157 91 123 64 115 29 52 50 104 17 120 21 107 148 163 106 140 138 91 125 35 13 71 66 130 117 36 175 180 142 46 72 138 38 36 166 39 28 69 169 175 57 109 45 173 72 34 144 4 126 59 56 46 152 1 109 175 78 74 96 113 98 56 79 40 109 161 161 97 102 110 126 137 25 113 95 83 100 155 95 107 152 134 169 101 150 50 162 78 33 78 57 51 10 97 125 30 158 108 82 144 111 2 73 24 60 48 177 91 134 150 41 86 170 34 39 35 28 48 21 44 72 88 145 115 13 106 41 122 58 5 103 90 13 39 111 171 116 84 173 138 126 27 43 61 83 144 160 13 122 122 32 75 19 169 169 51 25 81 4 85 48 69 5 93 52 157 115 132 71 1 77 101 116 104 88 33 172 66 120 165 73 15 169 140 11 47 31 28 178 149 18 44 104 168 126 94 125 123 145 69 138 56 154 178 91 105 158 21 179 56 129 158 103 134 137 142 79 43 38 138 173 76 106 125 43 173 96 45 103 9 45 174 63 65 36 92 23 48 102 134 160 166 91 165 95 88 21 55 59 2 71 132 155 68 138 87 124 88 143 180 110 39 24 57 161 134 151 140 72 103 87 96 118 20 97 170 114 4 126 95 122 96 16 48 62 119 50 18 7 9 31 91 156 80 80 62 101 145 144 134 98 115 62 135 13 175 122 16 115 166 54 23 136 180 30 174 76 93 115 41 120 30 41 172 178 156 95 154 122 19 66 82 34 56 100 1 167 154 48 70 25 69 167 90 15 94 69 66 106 167 103 29 141 154 122 26 135 60 98 25 89 12 23 99 42 12 101 58 113 174 172 119 126 145 172 17 37 17 156 134 94 5 143 80 174 140 79 146 160 160 128 120 41 125 31 20 151 152 90 69 140 92 90 47 29 20 149 78 71 140 169 39 89 66 145 160 154 82 2 158 172 67 39 147 68 159 37 118 25 42 90 174 32 17 20 134 130 155 122 154 83 29 151 156 28 15 152 29 24 131 91 142 105 63 49 139 90 58 120 153 67 52 114 92 137 36 36 24 53 176 168 43 73 48 103 8 84 175 9 76 163 68 170 111 118 156 154 92 21 101 62 71 84 175 22 138 52 156 62 109 26 116 39 49 27 32 78 66 75 166 95 39 93 20 23 79 156 2 50 113 148 14 50 23 89 68 83 55 8 95 63 132 54 84 143 153 36 117 142 10 69 54 73 117 96 14 30 2 173 98 21 59 136 20 122 31 145 107 124 82 72 98 131 97 133 71 47 77 37 162 122 78 41 22 104 95 75 150 170 154 39 171 53 58 134 38 5 170 173 175 138 154 59 62 108 88 161 82 106 73 27 20 18 128 57 111 173 64 101 176 10 149 138 38 132 64 145 136 158 127 103 148 44 47 125 76 163 124 177 63 127 63 95 34 5 155 106 130 90 91 56 23 118 83 46 150 133 153 43 164 152 111 26 149 17 25 75 126 158 109 10 62 138 91 163 136 34 30 127 126 5 177 106 75 167 87 132 125 141 30 61 141 53 23 41 118 76 161
81 154 61 2 156 22 43 131 58 41 164 46 82 7 97 82 144 73 51 55 47 169 63 90 24 90 40 8 16 7 139 53 46 93 149 30 104 165 28 33 29 115 100 100 22 112 111 109 120 16 146 116 7 52 12 123 159 125 86 62 97 107 155 5 73 82 118 96 133 30 80 91 49 113 77 66 149 140 140 151 9 175 83 28 135 174 128 3 169 161 36 95 129 118 50 106 94 55 15 12 3 133 168 120 98 53 116 114 144 174 176 134 32 40 67 121 115 161 139 167 106 36 79 168 79 160 53 68 55 176 135 117 180 88 92 27 65 86 98 169 123 152 147 63 97 66 85 1 80 40 125 114 139 36 23 89 163 1 171 123 102 71 171 46 178 127 2 172 126 99 37 35 164 117 22 168 85 153 89 89 113 98 123 36 125 100 166 1 50 156 177 62 125 91 44 44 152 6 45 151 127 83 75 163 61 54 96 161 159 123 143 83 91 31 96 158 157 94 81 32 178 158 55 56 158 72 86 79 47 96 34 161 169 110 64 6 112 31 76 73 129 68 34 112 140 111 107 132 101 45 68 169 160 169 155 75 149 174 146 153 161 15 99 44 161 113 2 174 134 136 92 131 43 133 135 17 1 40 86 121 153 122 160 167 48 78 71 115 32 89 124 21 105 5 176 33 86 154 102 105 155 38 144 94 140 62 1 134 101 48 144 62 155 91 71 60 152 99 36 12 175 84 47 96 10 161 132 158 167 120 19 121 24 134 156 142 56 36 142 106 77 1 87 13 73 32 106 125 80 65 173 133 135 4 2 136 65 155 135 67 1 112 94 26 21 38 124 36 116 114 141 158 6 73 162 63 176 100 27 116 93 19 85 2 72 74 175 105 31 63 154 75 109 134 25 143 144 3 37 139 123 78 85 178 79 126 39 51 178 160 45 128 107 53 45 157 119 127 44 20 65 86 112 78 154 147 128 166 16 141 144 170 102 169 49 173 50 172 21 103 158 35 172 82 67 12 22 177 17 82 131 58 160 7 73 138 31 42 45 28 135 89 140 137 80 118 116 158 166 165 42 13 50 120 172 47 10 39 53 51 11 35 14 124 56 9 27 117 161 118 31 99 123 59 8 29 29 141 20 47 145 145 31 178 176 4 47 52 178 140 178 168 157 10 16 141 32 37 51 148 180 41 92 82 122 18 101 163 67 22 51 164 55 70 159 63 178 178 26 127 117 32 56 151 116 153 111 172 99 20 86 160 127 143 84 127 42 113 124 161 68 116 28 179 128 97 96 138 158 121 165 8 108 114 106 70 83 89 2 44 79 58 14 61 173 154 77 44 18 31 88 85 144 80 171 99 63 152 35 39 14 103 68 21 103 151 120 159 176 118 51 17 172 102 129 90 15 87 160 142 131 84 45 105 169 82 44 159 44 125 162 97 143 118 22 129 129 5 92 79 50 10 131 74 173 113 175 172 149 53 115 115 82 20 4 51 20 6 86 150 140 40 48 155 29 49 45 136 2 57 151 48 93 144 162 106 28 20 39 66 144 127 30 92 62 70 96 140 37 111 63 13 77 5 92 58 107 83 79 142 87 114 64 169 165 70 151 180 14 122 99 40 63 99 40 26 50 67 163 104 82 48 95 88 30 159 13 86 112 98 38 3 123 46 38 60 11 57 177 116 144 25 31 13 53 70 102 177 56 18 166 43 88 125 107 114 121 131 17 98 3 46 175 41 39 150 162 61 97 73 32 52 60 153 84 54 49 61 106 98 31 108 64 135 78 175 65 29 166 77 176 102 2 28 49 44 33 3 161 22 69 108 81 58 34 175 107 44 124 140 101 39 49 162 89 62 74 19 90 8 81 163 107 49 37 37 49 26 53 121 4 1 1 86 24 40 102 142 144 129 127 72 87 109 179 29 173 172 80 21 121 157 71 65 122 169 117 1 84 75 11 29 44 115 50 17 83 157 47 74 134 61 151 62 170 96 129 28 27 166 134 128 54 31 74 142 38 95 113 91 106 158 154 100 89 48 148 49 149 119 60 37 171 18 8 11 33 70 107 68 165 25 80 124 79 125 67 39 59 51 53 135 149 115 66 12 55 133 143 77 166 140 126 151 41 21 7 136 130 12 27 177 110 152 162 112 78 179 26 17 20 163 151 10 84 7 107 117 179 84 129 139 85 5 24 46 60 106 127 28 77 30 149 14 5 177 29 125 142 90 20 20 154 153 26 10 138 156 94 52 172 154 42 174 23 82 168 108 156 7 120 85 67 85 9 38 7 50 76 29 142 131 57 180 91 168 115 73 38 78 68 71 81 177 42 1 68 173 134 129 127 121 21 5 81 35 58 14 162 137 64 38 165 11 143 68 5 5 41 97 11 83 62 79 31 111 125 138 68 85 18 167 86 127 73 161 16 160 97 117 139 170 82 3 26 115 40 177 71 169 41 107 89 30 161 41 11 154 4 159 21 24 74 173 117 173 18 87 13 149 121 117 53 41 15 133 47 25 28 92 117 161 48 21 157 124 82 129 128 40 21 58 138 3 118 148 69 117 142 85 14 109 33 137 25 152 120 165 17 126 109 158 52 17 126 3 97 65 128 31 131 119 147 134 21 143 121 104 121 14 110 173 143 168 3 162 31 57 97 113 151 165 177 145 21 86 76 107 1 39 121 110 36 90 115 74 57 170 37 108 23 92 69 129 84 174 122 3 36 62 104 35 39 88 135 134 130 49 76 154 106 90 7 73 93 53 177 9 57 104 11 21 59 152 34 172 24 72 176 163 160 22 106 174 159 118 80 97 122 151 20 49 131 1 68 16 91 78 89 145 174 136 106 121 1 153 83 77 86 105 160 135 34 46 52 80 58 71 25 94 170 7 86 96 147 43 178 159 74 137 142 7 163 47 58 50 52 73 72 172 92 30 171 81 106 5 60 92 33 43 109 38 138 52 179 87 32 178 15 151 131 33 130 70 149 151 170 150 87 54 130 141 149 67 116 121 136 177 161 112 13 53 102 42 168 105 145 61 165 109 16 12 102 133 64 76 68 65 33 62 4 109 51 43 135 3 5 58 60 21 5 167 129 107 101 148 149 121 142 87 134 80 115 156 98 85 108 98 111 167 69 135 160 76 180 6 145 61 101 27 52 30 75 163 159 174 125 147 65 137
89 60 24 71 86 13 24 72 123 66 180 167 112 159 100 98 162 69 24 135 5 96 160 1 58 96 180 143 113 166 103 169 136 123 59 36 85 131 47 94 168 87 125 66 175 44 28 44 63 30 105 130 8 26 133 19 164 96 15 142 46 69 122 151 133 107 18 47 98 129 93 87 4 112 44 46 12 121 50 101 56 51 123 43 18 76 144 146 123 102 140 132 70 104 77 5 115 132 146 114 82 140 59 146 166 125 83 86 37 177 143 45 176 49 75 152 104 14 44 111 73 72 86 122 123 175 60 35 30 168 152 126 60 92 46 95 161 170 92 159 7 166 87 140 12 2 73 82 2 100 157 27 98 137 94 116 180 90 155 151 93 152 140 146 93 108 58 83 83 12 102 108 122 16 10 153 32 81 52 117 78 126 31 170 150 80 116 137 163 131 177 18 95 160 148 131 96 43 72 51 112 45 23 77 158 2 16 97 19 131 95 74 160 84 60 30 164 61 151 14 68 17 142 144 130 128 51 110 37 104 96 145 10 126 58 81 47 17 8 12 39 98 54 177 70 157 177 17 128 60 133 117 71 31 63 33 118 179 61 165 66 133 179 91 134 84 32 97 90 139 33 9 177 159 16 70 136 65 120 15 77 58 156 43 147 106 116 6 178 178 115 14 97 46 57 89 149 95 1 108 69 71 73 178 159 10 143 20 53 64 109 46 33 155 32 4 170 33 147 20 50 13 146 82 34 135 159 144 171 138 110 100 46 175 160 163 59 100 143 19 129 145 124 37 78 151 162 122 141 122 167 61 162 27 118 64 154 149 168 170 36 152 115 54 7 168 172 148 2 170 155 159 20 56 40 83 24 63 176 72 80 15 96 29 90 172 17 112 38 158 166 132 7 103 151 53 134 132 148 155 113 15 137 137 39 48 73 21 79 98 107 66 1 49 122 130 169 165 97 103 48 125 60 84 55 123 127 92 22 2 153 64 62 91 48 42 150 138 83 156 85 49 151 122 26 22 6 22 156 72 175 36 72 84 69 138 19 49 79 129 116 64 107 155 145 89 5 166 174 85 46 101 153 54 179 98 39 21 166 134 93 66 153 129 150 120 111 18 154 14 117 57 17 163 58 33 32 71 155 177 69 165 102 37 134 23 58 99 62 74 160 86 121 17 15 16 45 4 142 57 7 173 61 106 124 100 90 72 103 142 17 143 166 92 144 90 44 6 44 94 79 78 144 61 133 122 118 61 142 34 10 4 65 99 127 31 103 46 67 121 19 24 124 82 85 131 75 80 63 128 79 88 138 136 7 125 152 51 152 110 141 122 68 175 59 179 77 164 26 176 17 18 89 14 98 82 59 70 124 129 54 159 17 49 130 177 35 164 93 45 175 174 158 127 32 117 154 7 31 25 143 113 178 47 116 103 29 27 169 3 144 99 101 24 140 104 53 47 109 5 96 129 150 119 80 132 13 81 79 123 42 117 108 45 36 174 128 130 118 23 90 93 12 21 113 18 40 84 114 54 36 125 6 160 146 57 78 29 30 60 9 59 107 80 142 21 12 30 138 145 173 105 103 177 90 36 12 93 38 146 39 176 72 20 29 105 81 110 81 104 174 40 148 45 11 4 111 158 173 136 112 60 15 22 93 107 70 58 157 113 44 126 71 133 174 19 127 91 177 153 113 90 148 139 143 23 55 127 90 4 50 167 19 159 158 6 84 13 39 82 107 73 169 134 150 107 123 116 93 126 104 61 173 43 23 148 88 41 19 73 93 103 17 138 67 69 31 45 145 36 7 28 72 124 49 54 98 44 44 91 131 115 149 121 84 3 147 119 28 80 77 98 88 167 175 60 79 32 106 21 104 154 115 31 86 75 161 121 176 28 180 91 90 153 53 147 14 10 82 151 42 71 159 84 118 16 140 35 165 106 155 61 133 8 99 104 14 16 49 27 105 102 135 98 40 52 85 64 147 37 170 141 60 116 30 34 103 81 51 82 141 150 100 122 86 1 33 169 107 1 58 67 46 30 58 74 180 104 88 68 45 57 155 116 164 148 149 116 34 13 24 120 138 14 57 161 44 11 98 144 6 52 143 25 169 15 171 179 10 179 40 97 2 6 163 83 112 84 46 95 117 46 92 116 176 56 55 8 159 156 144 40 51 49 74 110 3 130 58 167 71 160 62 60 63 53 178 178 167 173 162 86 116 70 21 121 57 111 96 117 130 174 103 43 103 29 25 19 172 154 75 119 98 180 129 85 54 170 127 81 175 57 83 104 180 172 41 22 62 115 81 80 122 62 46 54 82 50 171 65 43 129 60 83 105 76 106 62 46 30 43 4 46 113 42 102 99 89 59 158 166 127 38 139 106 48 19 157 10 33 107 122 93 106 167 47 52 108 98 142 110 136 66 18 56 97 112 160 7 141 164 117 21 81 139 178 147 101 47 38 179 31 148 31 34 174 82 94 124 56 66 131 150 49 126 96 128 39 96 15 73 73 36 20 89 64 74 72 7 26 166 25 19 162 162 11 76 111 66 34 115 180 106 176 169 43 99 155 31 169 44 120 151 1 46 143 60 116 70 18 80 173 134 18 84 104 167 112 116 48 40 111 154 117 83 166 19 126 115 135 147 5 160 46 47 69 153 22 120 63 24 57 149 134 28 143 79 59 104 129 96 70 170 151 78 132 13 59 69 12 108 7 96 107 147 162 103 67 9 73 39 33 108 69 137 158 38 42 11 89 95 53 108 141 116 150 173 84 30 96 131 42 22 87 162 18 138 60 167 102 42 122 75 103 155 87 17 73 102 110 100 63 175 129 50 16 21 25 98 45 123 177 63 30 54 104 156 31 10 101 178 106 170 13 17 67 18 18 26 83 11 49 128 111 12 141 43 104 125 146 147 26 75 74 139 63 30 2 173 18 88 100 96 94 122 83 137 131 119 53 141 144 57 7 133 57 30 135 82 143 51 76 29 152 124 8 148 87 44 120 174 5 67 163 38 104 146 42 135 26 65 161 123 120 149 4 124 131 142 179 169 105 74 34 176 164 11 26 11 119 69 105 59 39 68 151 16 116 14 143 146 4 73 162 154 134 100 68 150 63 149 121 90 58 70 21 156 67 158 162 121 25 156 151 61 22 85 103 17 113 73 144 105 92 107 100 165 64 115 149
124 48 123 45 176 9 173 174 20 109 72 158 179 37 48 177 67 130 5 136 111 61 42 70 35 114 155 165 63 61 134 126 84 74 79 1 31 69 126 70 38 18 61 138 173 1 61 81 98 92 32 133 131 67 121 22 128 118 103 164 25 126 132 98 31 164 25 147 159 69 54 93 102 159 174 29 88 24 72 133 42 28 117 166 158 103 150 19 121 157 33 152 145 1 27 98 16 134 31 145 54 47 179 68 172 74 26 167 32 56 42 167 74 148 138 132 79 146 52 166 123 9 5 174 95 151 117 115 85 118 60 19 134 91 120 59 91 89 81 111 45 126 160 22 17 45 159 39 93 60 148 144 117 27 55 27 75 92 131 108 53 161 131 102 83 143 14 96 24 142 54 177 127 151 157 18 94 73 13 173 9 9 106 56 12 29 41 163 87 25 13 167 17 169 34 72 54 151 62 39 164 68 5 63 98 28 144 15 174 9 164 174 125 103 40 48 168 162 74 80 24 149 71 161 23 116 87 1 86 45 164 55 51 11 151 158 24 82 133 113 142 157 86 113 107 84 99 139 115 10 116 2 163 53 14 130 63 100 39 44 29 137 30 48 134 23 16 95 99 153 48 166 7 170 5 62 27 165 20 2 134 138 82 174 78 61 32 103 14 174 51 79 158 118 91 33 57 95 85 124 50 110 95 58 76 176 133 58 38 86 50 174 83 51 65 95 20 98 32 170 105 148 165 156 116 177 113 139 179 21 167 39 100 136 77 108 102 100 87 23 2 41 128 35 19 160 51 80 66 75 75 121 123 58 14 52 115 32 45 109 57 92 80 38 62 3 126 167 122 136 153 155 174 172 13 104 87 23 14 133 174 165 130 98 42 158 65 73 124 43 61 156 62 160 121 26 135 65 155 87 131 162 111 102 106 20 177 6 153 167 105 55 54 85 106 30 79 11 117 18 169 118 126 67 53 57 109 172 130 54 3 48 69 38 123 163 144 26 117 178 33 150 42 175 108 178 4 88 44 146 1 146 90 56 158 23 65 146 80 87 11 73 177 79 5 166 141 137 10 155 100 81 96 101 2 160 71 172 86 52 102 146 115 78 41 100 64 155 169 130 109 16 171 179 101 135 88 90 141 14 24 120 47 32 119 74 155 126 60 52 144 99 35 98 7 24 178 38 163 52 177 51 61 119 10 83 180 93 130 140 78 57 31 115 79 24 56 133 179 122 117 40 137 112 172 79 161 171 119 109 12 70 175 112 62 130 99 95 69 16 50 70 44 117 138 158 77 92 124 113 10 46 129 16 17 47 129 133 158 2 153 45 170 67 65 121 6 124 6 90 45 81 95 69 104 146 139 55 56 80 108 83 44 130 46 59 110 86 3 12 58 117 17 74 1 161 82 35 28 136 140 42 94 2 171 33 28 179 154 39 5 139 100 57 14 134 10 20 88 175 166 171 139 91 57 83 172 68 45 154 50 32 21 40 5 173 109 10 3 180 174 67 109 73 129 113 60 75 127 48 169 124 156 141 73 104 32 11 76 145 13 161 53 90 81 84 15 152 74 116 47 143 12 74 16 149 114 157 77 158 86 161 43 9 128 56 172 48 56 149 139 133 51 176 146 28 78 73 92 19 134 170 123 32 146 72 104 90 34 71 178 24 80 121 155 14 85 72 90 99 161 29 141 91 65 83 11 172 179 18 108 142 64 101 179 37 24 131 38 61 133 23 158 141 152 150 27 57 128 38 97 56 167 177 19 166 90 122 113 41 43 153 99 130 54 97 54 19 23 170 136 24 81 59 9 5 120 115 22 109 55 150 19 14 1 40 154 71 134 166 135 105 170 49 175 20 146 92 46 54 15 138 143 176 138 2 165 121 48 134 175 14 89 60 126 115 176 105 101 86 93 43 4 139 179 17 70 114 27 41 25 104 171 25 71 63 169 55 108 141 155 112 153 94 27 107 57 134 134 50 147 153 126 41 11 32 128 32 12 75 63 123 96 170 127 159 100 168 81 148 34 9 82 173 59 87 149 92 82 32 118 174 140 49 139 122 27 82 62 18 60 175 49 146 32 178 171 144 108 30 127 5 157 112 85 65 17 128 131 134 101 156 134 136 92 158 138 75 10 131 144 88 48 13 96 153 136 164 109 10 102 44 138 74 124 147 111 57 147 75 122 149 133 64 178 3 169 102 124 11 115 71 58 67 95 93 152 148 4 154 60 42 99 170 159 62 179 13 12 161 25 67 144 147 68 164 160 23 151 152 103 49 100 24 62 157 130 85 63 133 89 144 102 69 20 26 16 103 91 82 121 62 115 102 24 35 22 149 133 39 138 161 11 117 84 83 7 146 180 156 158 5 11 80 117 120 119 78 47 56 1 26 67 169 131 178 160 64 112 139 57 53 133 145 9 12 85 173 2 52 133 97 49 26 78 75 87 169 108 99 67 129 141 178 146 18 35 159 114 66 83 96 164 116 27 124 110 93 99 18 179 33 46 10 89 64 82 86 145 85 49 178 138 75 117 103 127 168 70 17 106 117 45 69 169 69 31 76 66 68 142 153 67 1 30 38 91 27 56 58 8 68 125 121 7 33 57 156 106 12 56 170 46 15 61 52 167 102 117 106 122 53 136 4 40 68 89 26 167 148 121 64 38 141 18 161 95 12 163 152 111 42 139 66 101 103 118 148 99 131 64 146 72 105 159 55 4 163 76 103 168 47 180 66 47 135 86 115 60 4 101 4 117 169 45 48 147 107 96 3 12 111 69 99 142 55 52 22 58 55 86 24 73 168 67 18 157 47 163 133 45 37 157 149 123 159 148 4 107 121 106 108 92 105 76 165 86 166 122 96 61 115 4 134 29 50 83 117 33 53 24 170 159 27 51 167 102 65 123 92 86 169 81 62 100 141 152 149 130 37 58 99 107 155 9 56 72 81 16 170 180 110 154 50 152 173 68 152 33 130 153 73 59 78 33 120 32 114 76 108 94 65 104 31 140 38 152 178 153 67 161 177 65 15 95 161 123 41 130 135 82 9 180 50 6 150 49 1 125 16 124 134 96 3 153 175 35 2 19 72 85 5 47 142 169 178 123 97 101 131 1 80 94 46 9 7 147 29 31 95 179 157 19 10 82 37 42 84 8 149 110 160 171 75 33 65 92 39 128 102
29 44 86 129 34 42 151 159 26 145 103 175 43 39 15 176 113 36 163 143 163 48 6 115 133 116 91 168 23 56 129 66 167 10 101 76 127 105 2 141 80 44 162 58 106 129 152 171 26 70 154 112 118 87 65 7 47 118 115 59 97 53 108 44 71 146 118 16 76 24 140 139 99 48 93 132 60 59 76 11 132 17 104 163 114 50 17 18 39 137 96 115 47 49 56 88 20 27 119 28 10 110 84 36 91 64 15 97 114 59 140 39 123 52 114 63 93 70 92 147 135 59 154 66 138 175 17 23 145 90 170 12 87 89 42 22 118 66 42 158 44 3 167 96 80 145 48 1 53 85 99 42 153 100 132 35 33 157 67 79 145 96 89 155 104 99 177 39 55 162 99 143 117 35 74 6 95 167 26 108 59 110 152 141 117 1 100 114 150 109 57 1 5 15 81 134 113 164 7 95 11 90 1 48 11 110 130 118 51 73 19 97 111 161 149 63 5 46 151 177 82 100 113 83 15 129 28 41 98 157 53 2 113 11 169 166 113 158 100 19 25 139 53 59 151 135 151 137 122 35 56 158 137 150 167 60 108 17 167 95 140 136 128 30 96 32 7 28 148 107 160 85 172 117 167 46 160 138 137 73 167 65 140 56 44 99 123 89 20 72 36 63 123 170 32 6 25 1 76 132 129 27 46 108 5 19 76 176 95 47 163 63 103 99 116 65 135 115 39 29 179 19 171 95 123 80 44 129 24 35 140 22 112 110 162 51 99 86 148 40 90 164 78 151 91 179 24 23 108 127 78 89 168 88 166 68 43 137 75 98 80 148 90 39 82 172 67 74 68 50 176 115 92 74 135 65 136 90 103 93 41 121 118 125 52 73 93 51 52 19 143 63 131 7 62 165 94 172 24 18 145 161 34 96 87 176 175 124 124 163 22 110 157 127 12 129 95 97 63 119 168 132 119 42 150 6 54 38 74 110 42 55 179 45 158 38 117 57 131 73 24 28 102 142 119 17 86 88 116 155 149 47 100 99 100 65 156 100 12 96 77 106 166 151 152 115 5 24 68 61 8 142 7 113 129 57 115 72 172 91 70 149 75 108 79 163 153 45 9 16 102 145 142 50 28 16 164 30 39 133 131 91 16 8 146 171 108 91 177 144 107 5 59 95 108 117 178 131 154 13 12 97 75 111 135 118 85 139 105 62 14 105 40 138 7 36 6 71 106 97 34 98 128 26 139 111 150 108 132 81 123 40 147 159 160 73 56 126 103 105 22 122 157 147 173 97 137 82 16 60 133 148 1 160 165 4 148 50 61 73 75 170 85 177 54 54 91 148 143 60 163 141 149 172 180 12 146 120 9 169 72 72 134 102 65 54 125 8 62 23 28 16 103 94 15 114 100 26 178 42 89 42 130 89 58 125 35 177 91 174 133 85 158 53 97 62 144 156 35 16 95 168 45 152 47 44 57 30 90 68 169 111 51 32 24 38 78 57 124 107 32 128 86 56 92 55 83 72 3 35 175 80 58 146 176 32 63 108 4 35 35 43 162 132 23 64 165 29 154 164 6 48 119 7 170 174 111 145 155 13 59 4 110 165 167 59 119 44 64 146 133 8 78 33 64 151 85 60 157 18 116 162 168 14 59 125 174 52 51 133 157 79 89 45 27 85 61 95 45 69 28 115 83 147 7 16 44 9 160 84 73 145 158 143 40 35 162 147 62 107 12 97 68 150 65 135 28 10 152 53 69 134 25 69 49 52 128 22 139 39 22 5 42 132 125 172 5 83 51 178 125 65 56 147 180 179 161 10 20 145 180 5 136 132 173 103 176 98 99 96 90 37 96 87 42 138 86 117 85 87 119 169 143 57 61 54 180 126 180 145 82 57 139 167 118 126 133 89 40 180 129 107 32 11 27 74 85 86 106 26 25 44 38 16 128 132 145 87 56 114 15 148 133 66 80 66 104 18 8 16 169 41 57 95 96 150 125 143 148 42 72 161 180 4 54 167 154 135 150 131 36 6 133 25 159 148 95 23 155 71 39 101 8 38 177 45 156 32 14 74 174 24 16 56 156 141 6 31 22 2 2 57 54 145 20 30 93 30 55 101 180 103 32 83 132 21 81 159 115 135 105 23 110 83 3 160 57 104 174 100 27 170 142 6 26 89 92 59 174 148 16 98 72 152 147 13 87 101 64 66 75 70 5 150 109 136 149 85 51 7 52 9 105 139 43 131 102 163 40 95 45 102 23 153 172 157 140 46 110 89 177 134 31 42 152 119 172 168 173 69 45 146 76 8 36 78 1 59 99 11 178 178 12 109 6 173 102 92 133 132 108 29 17 144 142 161 35 75 30 176 65 101 158 77 19 33 120 128 28 50 22 39 121 54 8 21 76 50 77 123 169 39 138 12 114 113 149 28 170 175 108 114 175 30 74 89 38 108 46 161 147 135 105 139 13 23 70 5 164 180 97 122 177 111 27 50 130 123 38 7 150 79 119 96 42 155 66 17 94 113 54 153 169 150 121 135 27 152 53 137 166 169 169 57 92 110 154 154 168 29 177 106 51 58 101 116 29 177 43 77 12 152 46 116 134 101 162 170 113 177 46 58 159 73 160 128 135 23 155 37 41 4 33 116 144 90 59 34 16 51 22 39 73 37 67 14 69 71 153 64 49 130 169 173 12 40 82 54 46 15 121 109 105 67 104 147 35 104 58 14 132 64 114 136 115 141 53 80 163 5 50 139 5 159 81 168 166 144 119 54 81 131 131 120 44 1 107 159 123 31 20 40 152 119 14 3 105 161 2 128 176 74 2 149 143 169 157 9 62 77 8 107 25 179 161 167 103 79 40 92 61 131 123 51 123 29 74 90 71 26 109 86 4 107 24 9 173 90 87 132 97 29 9 118 42 86 108 93 37 126 90 125 27 58 124 24 139 7 60 31 94 42 174 127 172 87 100 80 178 175 87 161 73 180 142 76 105 74 114 124 33 2 82 41 167 67 40 176 28 105 38 152 85 17 111 68 48 141 57 174 26 38 135 76 126 51 9 142 92 4 91 43 136 142 120 16 122 77 109 110 142 20 80 168 169 19 174 144 17 2 7 114 67 97 126 73 15 149 108 46 72 48 4 10 104 83 168 114 171 40 65 82 23 50 167 111 159 176 167 158
0.4
0.4
0.4
0.3
0.3
0.4
0.4
0.3
0.3
0.4
0.4
0.2
0.4
0.3
0.2
0.4
0.3
0.4
0.3
0.4
0.3
0.3
0.3
0.3
0.4
0.3
0.3
0.2
0.4
0.4
0.2
0.3
0.4
0.3
0.2
0.3
0.3
0.3
0.3
0.2
0.4
0.2
0.4
0.3
0.4
0.3
0.3
0.4
0.4
0.3
0.3
0.3
0.3
0.2
0.4
0.3
0.3
0.2
0.3
0.4
0.3
0.3
0.3
0.2
0.2
0.2
0.3
0.3
0.3
0.3
0.4
0.3
0.2
0.2
0.2
0.3
0.3
0.2
0.3
0.4
0.3
0.3
0.2
0.4
0.3
0.4
0.3
0.3
0.3
0.3
0.2
0.4
0.3
0.3
0.2
0.3
0.2
0.2
0.3
0.2
0.4
0.4
0.3
0.4
0.3
0.4
0.3
0.3
0.4
0.2
0.3
0.2
0.2
0.3
0.2
0.2
0.2
0.2
0.4
0.3
0.4
0.4
0.4
0.3
0.2
0.3
0.3
0.2
0.4
0.3
0.4
0.2
0.4
0.3
0.3
0.2
0.4
0.3
0.3
0.2
0.3
0.3
0.2
0.2
0.3
0.3
0.3
0.4
0.4
0.2
0.4
0.2
0.3
0.4
0.3
0.3
0.3
0.3
0.4
0.3
0.4
0.3
0.4
0.4
0.3
0.4
0.3
0.3
0.2
0.3
0.3
0.2
0.3
0.3
0.4
0.4
0.2
0.4
0.3
0.3
0.3
0.3
0.4
0.4
0.3
0.3
0.2
0.4
0.2
0.3
