90 12
15
27089
29956
28225
25872
27331
28643
28274
28849
28235
26553
29064
28751
29874
27592
29877
1.6 61.8 314 1.9
2.1 55.8 564.7 1.9
4.2 27.5 501.1 2.1
2.2 30.9 536.4 2.3
3.2 35.9 183.9 2.5
4.2 33.4 473.9 1.7
2.3 38 767.6 1.8
3.5 20.3 618.3 2
2.3 17.9 368 2.4
1.6 33.9 637.8 2
3.5 44.9 735.9 1.6
1.3 27.4 169.6 2.2
3.1 29.3 213.9 1.8
4.9 66.9 802 2.2
1.3 18.7 188.3 2.1
4.2 65.4 344.7 2.5
5 31.5 341.4 1.8
1.4 24.8 552.5 2.4
2.6 59.8 778.5 2.3
2.2 48.5 171.6 2.1
4.1 35.9 649.1 2.3
2.5 23.1 639.2 2.4
2.6 72.5 59.6 1.7
3.5 62.7 194.7 1.8
3.7 19.3 543.9 1.5
2.4 44.3 296.3 1.7
3 73.7 922.6 2
4.4 54.8 816 2
3.9 71.8 84.9 2.4
2 24.1 439 1.8
1.2 74.9 706.9 1.9
3.8 19.6 350.5 1.8
2.2 51.7 646 1.7
4.6 15.4 922 1.6
2 49.1 793 1.8
5 63.9 307.3 2
1.9 43.3 806.7 2.2
2.3 61.2 489.6 1.8
1.3 58.6 486.7 2.4
1.8 64.1 838.1 1.9
2.3 18.1 790 2.1
1.2 34.1 475.8 2.4
2.4 45 630.5 1.8
2.2 31.3 578.4 1.6
3.6 27.2 797.8 2.5
2.4 19.1 424 2.1
4.2 45.8 782.6 2.3
3.2 64.8 424.7 1.5
1.1 63.4 936 2.1
2.4 26.6 774.5 2.1
3.8 61.5 834.3 1.5
3.4 30.7 83.5 2.1
3 71.1 67.1 2.3
2.2 50.7 751.2 2.3
3.7 54.4 687.1 1.6
4.9 19.2 283.9 2.1
2.4 39.3 374.6 1.9
4.3 40.6 315.1 1.8
4.5 39 854.7 2.2
2.5 24.9 529.7 2
2.6 73.2 496.5 2.4
4.2 24.4 721.2 2.1
1.2 34.3 946.5 2.5
2.3 43 662.5 2.2
2.4 49.6 88.6 2.4
3.5 24.5 325.4 1.8
2.8 19.3 657.1 2.3
4.7 17.1 354.7 2.4
4.3 74 638.9 2.3
1.5 26.8 793.9 2.3
1.7 33.7 906.8 2
2.5 47.6 863.6 2.1
3.1 46.4 529.5 2.2
1.5 63.7 745.7 1.6
1.2 16.2 582.2 2
4.9 52.3 175.9 2.1
3.8 20.5 676.4 1.8
3.3 19.8 725.6 1.9
3.1 42.1 312.9 1.8
2.3 62.5 73.3 2.2
4.9 30.6 188 1.8
1.9 56.5 377.6 1.8
1.6 31.4 346.4 1.9
2.5 64.4 864.8 1.7
3.3 50.3 657.5 2.1
3.4 21.4 474 2.1
1.9 20 182.6 2
1.4 69.9 398.3 2.3
4.3 39.3 403.8 2.1
3.7 55.6 871.4 2.1
4.7 27.9 353.8 2.3
3.8 62.4 215 1.9
3.9 61 926.6 2.5
4.4 38.7 455.8 2.4
4.9 56.3 622 2
1 57.6 203.4 2.4
1.2 42.1 727.3 1.6
4 62.4 755.1 1.7
3.6 64.7 498.4 1.7
2.6 55.1 262.4 2.5
4.5 28.4 231.4 2.4
1.3 58 565.1 1.8
4.9 58.3 633.9 2.1
4.4 23.9 533.5 2.2
1.3 54.4 651.5 2.2
2.4 16.6 703.2 1.7
4.7 59.5 743.9 2.4
3.1 50.3 750.1 1.7
2 65.4 131 2
2 60.1 95.7 1.6
2.3 33.3 279.1 2.4
4.7 62.8 723.5 1.7
3.3 21.9 632.3 1.7
4.8 63.2 253.1 1.9
2.4 23.6 527.5 1.7
1.3 32 157.6 1.5
1.6 18.3 736.7 2.3
1.6 26.7 136.2 2.3
4 69.8 941.2 1.7
3.5 51.3 226.9 2
3.3 49.8 236.4 1.6
2.6 23.6 406.6 2.2
2.1 74.7 776.9 2.2
2.1 41.6 489.2 2
3.8 15.9 480.1 1.8
4.8 49.2 501.6 2.4
3.1 62.4 551.8 1.6
2.9 70.1 600.3 1.8
4.6 43.4 707.2 1.7
3.8 28 195.9 2.1
3.7 42.8 181.4 2.2
3.1 36.5 201.9 1.8
4.1 44.5 847.9 2.1
4.4 69.3 807.7 2.3
1.1 34.1 780.2 2.1
4.5 17.8 454.5 1.6
5 60.3 690.2 1.6
3.6 45.9 855.5 2.5
3.1 19.6 432.4 2
2.5 64.1 62.7 2.3
4.5 61.9 516.4 1.5
3.7 48.9 571.5 2.1
1.4 29.5 441.4 2.2
1.1 57.2 221.5 1.5
4.6 56.4 782.3 2.2
4.5 61.5 823.7 2.2
4 54.1 830.5 2.3
1.3 54.3 894.5 1.7
4.6 73.4 530.9 1.8
4.5 19.5 531 1.9
3.5 69.3 796.3 2.2
4.3 72.1 383.8 2.3
1.4 64.6 294.3 2.1
4.9 26 400.2 2.5
1.2 23.3 239.2 2.5
2.6 24 667.8 2.3
3.1 51.6 674.8 2.3
4.2 49.6 668.8 2.3
2.1 43.3 612.5 2.3
1.6 73.1 586 2.1
2.3 36.3 672.6 2.4
2.6 19.4 915.2 2.1
4.8 20.8 903.3 1.9
2.9 63.8 602.1 1.8
2 47.3 406.6 2.5
2.3 21.3 489.8 1.7
4.4 23.2 783.3 1.8
1.9 44.1 660.1 2.3
3.7 38.4 515.6 1.5
1 29.9 901.1 2.1
2 24.6 846.9 1.7
4 15.2 233.9 1.6
3.6 31.2 140 2.3
2.3 53.4 674.4 1.6
3.3 64.3 301.6 2.4
4.7 16 359.2 1.9
2.8 44.1 861.6 1.9
3.6 72.3 949 1.8
2.2 69.1 840.2 2.3
1.2 26.4 907 2
4 67.1 659 1.6
4.3 73.4 340.6 1.6
1.5 24.6 385 2.2
3 57.8 228.4 2.4
2.1 46 806.6 1.6
4.2 15 734.5 1.9
4.3 34 297.9 1.6
2.2 40.2 82.1 2
4.3 57 778 1.7
4.4 52.6 310.8 2.2
2.9 62.5 425.5 2
4.4 29 610.4 2.2
2.3 40.5 551.9 2.2
1.2 70.6 837.6 2
4.1 26.9 903.1 1.8
3.7 71.4 721.1 1.8
4 45.4 680.2 2.1
3 23.4 788.7 2.1
3.4 28.4 941.6 1.5
1.3 27.3 539.2 1.7
2 67.9 317.7 1.9
1.5 63.7 726.3 1.6
3.6 52.8 565.4 2.2
2.7 51.6 238.4 1.9
2.8 43.1 212.6 2.4
4 66.7 416.5 2.5
4.6 74.8 257.9 1.5
2.9 27.8 434.7 2.3
3 71.5 517 2.1
4.5 30.7 475.8 2.3
1.3 66.7 653.5 1.5
2 32.5 553.2 1.6
4.4 58.4 757.9 2.3
2.8 63.1 99.8 2.2
3.4 37.1 229 1.7
2.6 29.6 118.5 1.9
4.6 27.1 558.4 2.4
1.3 65.2 582.4 2
1.5 26.3 62.1 2.3
3.7 61.5 472.5 2.4
1.2 25.9 641.5 2.5
4.8 17.5 126.4 2.3
1.7 61.5 381.5 2.4
1.3 59.9 759.2 2.1
2.9 50.3 341.5 1.8
3 71.1 358.2 2.2
3.7 45.7 835.1 1.9
1.6 58.2 534.2 2.3
2.4 20.4 944.2 1.6
3.7 60.2 508 2.3
3.4 58.9 245.7 1.6
3.2 23 633.2 2.3
1.4 38.5 793.4 2.1
2 21.5 442.1 1.7
4.1 37.2 435.2 2.4
2.1 58 529.2 1.7
2 32.3 253.8 1.6
1.6 73.9 460.7 1.6
3.4 73.2 371.7 2.3
4.6 21.2 87.5 1.7
3.6 37.8 824.8 1.7
3.1 43 697.5 2
2.1 17.2 867.5 2.1
2.4 69.8 637.3 2.2
2.4 74.4 510.2 2.3
2.6 41.8 457.8 2.2
2.8 35 528.1 2.2
1.2 73.6 289.6 1.6
3 56.3 634.9 1.5
1.4 67 942.8 2
3.8 35.8 535.8 1.8
2.8 44.5 127.7 2.4
4.6 64.9 847.3 2.1
1.1 60.7 405.2 2.1
4 23.5 347.8 2.2
1.2 29.2 873 2.2
1.6 20.3 885.3 2.5
4.3 37.1 70.7 2.4
4.6 68.1 199.1 2.2
5 39.1 878.5 2.1
1.3 35.4 236.6 1.9
2.4 35.5 547 2.3
1.5 57.3 942.3 1.6
3.4 31.7 263.2 1.6
3.5 42.1 142.8 1.9
3.7 71.3 794.1 1.6
3 71.1 512.3 1.9
4.5 20.2 605.3 1.9
4.6 73.8 949.4 1.6
4.6 48.5 207.2 1.9
1.2 55.9 136.2 1.8
1.6 54.9 810.2 2.2
3.2 42 98.7 1.9
4.6 60 851.1 2
1.7 40.8 98 1.9
2.1 34.7 713.9 2.3
1.4 22.2 686.7 1.9
2.9 18.1 898.6 2.1
2.5 65.6 234.8 1.7
3.8 16.4 705.4 1.9
3.8 22.9 671.1 1.9
2.3 39.9 190.2 1.8
2.3 68.6 497.8 1.5
2.7 26.8 177.1 1.8
3.4 69.9 776.4 1.7
3.2 35.9 792 1.6
1.9 49.2 748.5 2
4.2 74.9 490 2.5
3.3 16.8 652.5 2.1
3.1 73.5 228.4 2
1.8 27.1 580.7 1.7
1 49.8 886.8 1.6
2.3 51.1 854.4 1.9
2.1 69.7 262.2 2.1
4.6 54.2 679.5 2.4
1.6 49.9 888.1 2
2.7 54.5 156.3 2.2
1.8 42.9 846.1 2.5
4.4 20.9 678 2
4.2 54.2 354.8 1.5
3.5 71.7 855.6 2.1
1.3 50.1 82.4 1.7
1.6 59.6 251.4 1.9
2.7 69.8 455.6 1.9
4 61 349.3 2
1.5 23 806.3 2
1.2 68.2 287.9 1.8
1.8 26.4 342.4 2.1
1.6 17.6 783.4 2.3
1.2 41.8 85.5 2.4
1.7 41.5 221.7 2.3
3.7 64.3 566.7 2.3
2.1 17.6 379.4 2.4
1.8 27.7 322.1 2.5
1.5 19 615.4 1.9
2.2 43 223.1 1.8
1.7 72.2 122.6 2.2
4.5 26.9 584.6 1.7
4.8 22.1 707.7 2.1
3.3 30 242.6 1.8
4.5 42.9 382.4 2.2
3.1 70.9 232.4 2.5
3.2 51.9 424.1 2.1
2 56.7 78.2 2.3
1.7 71.2 676.5 2
3.7 30.5 115.4 1.7
4.2 49.8 763 2.3
3 71.7 365.5 2.4
3.3 23.7 619.5 2.3
4.7 18.5 408.1 2.3
3.6 29 393.7 2
2 49.8 693.4 2.4
2.2 38.6 498.9 2.5
1.6 55.7 482.8 2
2.1 21.1 103.5 1.7
3 44.1 481.9 1.8
3.1 57.2 758.2 2.5
1.1 36.8 943.6 2
1.8 36.2 212.2 2.2
4.1 61.2 136.9 1.7
1.1 25.8 105.3 2.5
2.5 54.1 432.4 2.1
1.9 56.2 679.9 1.8
3.6 51.8 565.4 2.5
4.2 46.5 695.5 1.5
3.5 67.9 438.8 1.5
1.4 59.9 794.4 2.4
1.7 51.6 425.4 2.1
3.6 17.9 379.7 1.7
4.2 51.3 264.7 1.7
3.1 42 715 2
3.8 55.2 877 2.3
4 60.8 278.2 1.8
1.2 40.5 818.9 2.3
1.5 52 209.6 2
3.7 57.3 611.9 1.6
4.9 53.4 323 2.5
4.9 25.5 648.3 2.2
4.7 62 837.6 2.2
1.3 39.6 212.1 2.2
2 55.2 238.6 1.8
1.2 39.8 800.4 2.5
2.4 37 621.2 2.2
1.1 58.9 709.6 2.1
2.4 50.4 211 1.9
2.9 36.9 926.3 2.4
2.4 33.8 92.8 2
1.2 73.2 467.6 1.6
1.5 37.8 480.9 2
4.3 74.3 207.4 2
2.6 20 344.8 2.3
3.2 17.6 846.1 2.1
1.1 28.6 466.1 1.5
3.9 35.3 783.6 2.1
3.5 24.4 311 1.9
4.6 48.1 892.5 2.4
4.8 34.9 704.6 2
2 41.6 419.2 1.8
3.6 59.8 516.6 2.1
3.5 51.6 408.9 2.2
3.5 35.1 643.4 2.4
4.7 59.3 901.7 2
3.6 20.2 365.9 2.2
3.3 20.5 558.4 2.3
1.3 42.6 355.8 2.4
2.4 70.5 97.5 1.9
1.2 68.1 146.3 1.9
3.1 49.5 588.2 1.9
4.5 21.8 896.6 1.9
1.8 39.4 707.5 2.3
3.3 63.6 802.9 1.7
3.5 50.9 428.7 1.7
1.6 35.4 678 1.6
2.1 21.6 754 1.6
3 21.3 910.5 2.3
4.3 42.4 512.4 2.4
3 34 473.2 1.7
3.4 57.6 297.4 1.9
4.9 65.1 458.4 2
2.6 20.8 208.8 2.2
4.1 25.1 767.6 2
4.3 69.2 742.4 1.8
1.5 31.9 913.5 1.6
3.8 55.7 639.8 2.2
4.6 41.6 620.7 2
3 43.1 888.9 2.2
1.7 54.9 874.1 2.4
5 69 373.9 1.6
2.8 55.3 326 1.8
1.1 52.5 838.5 2.1
1.5 46.1 845 1.5
2.7 49.8 740.8 2.4
2.1 33 214.4 2.2
3.4 34 240.4 2.4
1.1 16.5 52.1 2
1.6 51 864.7 2.5
4.3 22.2 424.2 1.8
2.5 43.7 467.7 2.3
3.9 57.7 224.2 2.3
1.3 42.4 218 1.5
3.8 25.1 529.8 2.4
3.1 18.1 615.5 1.8
3.6 18.4 648.8 2.4
3.2 40.7 337.7 1.9
2.2 46.3 611.7 2.2
1.6 19 385.7 1.7
1.5 57.6 866.6 2
4.4 15.9 696.7 1.8
3.3 55.9 395.4 2.1
1.3 20.6 361.6 1.8
2.1 71 541.5 1.8
2.6 16.5 94.1 2.3
2.6 42.1 894.7 1.6
1.7 56.4 857.2 2.2
4.2 17.2 201.6 2.4
4.8 43.3 128.4 1.5
3.6 33.1 548.5 1.5
2.8 28.3 246 1.7
4.4 35.5 165.6 2.2
3.2 22.6 368.9 2.2
2 31.2 206.4 2.3
3.4 49.4 716.4 1.8
3.3 56.3 347 1.8
3.3 51.3 367 2.2
4.6 34.6 894.6 2.3
2.5 57.7 80.5 2.3
1.9 28.7 642.9 2.1
1.1 35.4 298.2 1.5
1.4 38.5 853.3 2.4
1.2 37.1 488.6 1.9
4 26.4 899.9 2
4 46.9 691.2 1.9
3.8 45.7 561.8 1.6
1.9 28.2 589.8 2.4
4.3 62.2 582.1 1.7
3.5 39.4 136.5 1.7
4.6 74.7 487.4 2.2
1.1 17.8 914.6 1.6
4.9 21.5 145 1.8
3.8 17.1 290.4 2.1
3.4 58.4 380.5 2.1
4.1 54.3 713.7 2.3
1 45.7 739.6 1.9
3.7 50.4 504.3 1.7
4.3 52.3 97.5 1.7
2.5 54.6 568 1.8
1.9 62 421.4 2.5
3 52.6 578.8 2.4
1.5 15.5 169 2.2
1.4 29 296.9 2.3
3 66.7 593.4 1.6
3.1 41.3 51.5 2.2
2.1 44 698.5 1.6
3.5 64.6 857.2 2.3
1.8 23.9 823 2.4
2.3 63.8 559.6 2
3.1 49.2 113.8 2.1
4.9 41.6 301.7 2
2.7 31.8 317.6 2.4
3.3 61.2 404 2.2
2.9 69.6 913.6 1.5
2.2 40.9 656.6 1.6
4.3 61.1 162.7 2.2
3.2 37.7 846.5 1.9
1.2 56.2 920.3 1.8
4 54.1 129.1 2.2
1.4 55.2 865.4 2.1
2.5 67.4 689.6 1.9
3.6 19.8 861.9 1.5
4.5 16.3 304.1 2.5
3 27.7 628.6 2.4
2.4 36 518.1 2.4
2.3 74.6 651.6 2.2
4.2 63.8 635.1 2.4
4 61.8 665.9 1.8
3.6 40.1 812.5 1.8
2.1 54.4 226.6 2.2
2.9 41.4 498.4 2.5
4.1 25.2 602.6 2.3
3.2 51.8 456.9 2.5
2.8 17.6 690.3 2
4 67 947.8 2.5
2.7 47.5 384.2 2.1
2.2 38.1 615 1.5
2.8 62.5 674 1.8
2.1 73.2 819.3 2
4.3 35 351.6 1.9
2.4 17 265.6 1.6
4.8 18.5 134.3 2.5
1.6 49.7 635.3 2
4.2 43.7 653.5 1.6
1.9 48.1 85.2 2.4
2 15.8 496.6 2
3.3 38.7 535.9 1.9
2.3 65.8 513 2.2
2.9 67.7 195.5 2.4
3.2 40.7 593.9 2.1
4.2 47.7 519.6 2.2
3.3 21.6 56.1 1.7
3.4 74.5 778.8 1.6
4.6 33.2 692.2 2.2
3.1 35.1 855.6 1.8
1.9 35.2 723.1 2.4
4.8 29.8 439.4 1.9
3.1 72 815.1 1.5
1.6 38.9 858.5 1.5
4.8 23.6 386.1 1.8
3.8 72.7 247.1 2.3
3.4 37.8 224.7 1.7
2.5 29.9 812.5 2.5
1.2 31.1 236.6 2.1
2.9 53.4 915.9 1.7
4.4 60.5 212.9 1.6
1.4 74.1 892.9 2.2
2.2 48.4 893.5 2.2
3.9 26.6 296.6 1.7
1.1 38.3 871.2 1.9
4.9 57.9 675.3 1.5
2.8 49.9 870.1 1.6
2 43.3 414 1.8
4.6 49.3 77.3 2.2
3.4 56.4 436 2.1
4.9 42.2 349 1.7
2.1 53.3 730.6 2.4
4.1 29.6 473.4 2.2
4.7 39.5 292.8 1.9
4.7 49 236.6 2.4
4 27.7 351.5 1.7
3.8 32.4 412.1 2.2
2.7 55.8 417.6 2.4
3.3 72.1 625 2.5
3.3 54 429.6 2.3
1.2 67.3 859.5 1.5
4.3 38.8 450.1 2.4
3.9 64.7 674.4 2.4
3.7 16.1 857.7 1.5
4.9 29.6 93.7 1.8
2.9 73.3 164.7 1.9
3.7 59.9 587.4 2.3
4.8 37.1 54.1 2.2
3.8 19.1 613.8 2.4
1.8 15.6 574.3 2.3
2.2 22.4 389.7 2.5
2.9 30.7 910.2 2
2 15.9 480.4 2.5
1.2 30.7 438.1 1.9
2.1 22 893.6 2.4
4.8 26 442.3 2.1
3.5 71.2 878.7 2.3
2.9 20 935.2 2
3.6 60.6 260.4 2.1
3.9 34 56.5 2.2
2.9 31.9 160 1.9
3.7 30.2 230.2 1.6
3.9 33.4 408.1 1.7
1.3 59.8 643.6 2.3
1.5 59.9 125.6 1.5
2.4 47 885.2 1.6
3.8 70.2 459.8 2
3.7 15.6 730 1.9
3.5 56.7 53.1 2
2.1 15.7 247.6 2.5
1.5 48.2 595.6 2.3
1 36.1 149.1 1.7
4.2 63.6 96.9 1.6
1.5 60.4 127.8 2.2
2.6 16.2 242.9 1.9
1.2 55.7 100.7 2.4
3.7 64.3 563.4 2.2
1.6 67.4 696.6 1.8
3.4 49.4 94.8 1.7
1.6 30.3 188.5 2.4
3.2 39.9 821.2 2.1
4.8 58.3 764.6 1.8
4.2 72.3 535 2.1
4.8 53.2 882.7 2.2
1.9 45.8 258.2 2.3
2.5 52.7 944.2 2.2
1.3 36.3 821.5 1.7
1.2 18.3 447.6 1.6
1.2 22.6 275.1 2.1
1.6 57.6 410.4 1.5
1.4 60.1 858.3 2.2
3.1 66.8 353.7 1.5
2.6 42.6 180.2 2.4
4 22.9 388.7 2.2
3.9 44.4 208.1 1.6
1.7 59.5 81.6 2.4
3.8 29.7 713.9 1.8
3 49.7 351.7 2.5
1.4 57.8 904.3 2.2
4.1 29.2 490.9 2.2
2.8 25.4 462.3 2.2
3.6 49 139.5 2.3
4.6 73.3 832.7 2.4
1.2 49.5 600.7 2.2
1.4 25.3 50.7 2
3.5 66.1 733 2.4
1.2 39.4 501.1 1.9
2.8 53.3 354.6 1.5
3 38.3 572.9 1.9
2.4 51.2 348.1 2.2
3 45.2 323.4 2.1
3.5 63.8 386.9 1.7
1.5 60.5 202.4 2.3
4 49.2 914.5 2.3
4.7 18.5 661.4 1.9
3.1 25.1 655.3 1.7
4.6 16.2 860.9 1.9
1 26 904.8 1.6
3.8 35.5 359.2 1.7
3.6 16.5 673 1.6
3.9 29.4 694.7 1.6
3.1 52.7 610.4 2.2
4.2 32.8 168.3 2.2
2.8 70.4 716.4 2.4
3.4 65.5 113.1 2.2
4.4 49.8 443.7 1.8
4.3 28.9 157.8 2.3
3 71.5 396.9 1.5
3.3 68.5 896.7 2.2
5 18.9 363.2 1.9
1.7 66.6 339.9 2.3
3.4 69.6 418.8 2.1
3.8 33.9 546.8 2.3
1 28 300 2
4 23.3 638.4 2.3
1.1 67.8 896.5 2.4
3.4 33.2 698.2 1.9
1.2 25.8 525.8 1.6
4.2 35.3 761.2 1.5
2.7 22.5 112.8 2.3
3.7 60.1 354 1.7
4.7 17.5 348.6 1.7
2.6 71.4 171.5 2.3
2.9 32.4 619.8 2.5
1.1 61.7 651 2.5
2.4 74.2 354.9 2
1.6 54.6 687.5 1.9
3.7 20.5 864.1 2.3
3.4 64.8 83.9 1.6
2.9 55.5 318.2 2.2
3.9 21.4 272.3 1.9
1.5 42.4 671.9 2.1
1.8 70.6 492 2.3
1.4 18.7 295.1 2.2
3.2 70.8 892.4 2.2
3.8 55.4 937.5 2.4
4.5 36.7 739.5 2.4
2.1 29.4 250.3 2.1
4.2 38.4 135.6 1.7
1.7 36.9 857.7 2.1
4.7 46.7 150.7 1.9
4.7 63.2 238.6 2.1
2 69.2 244.3 1.9
2.9 21.8 792.1 1.9
1.7 52.7 806.3 1.9
2.3 52.3 943.5 1.5
4.2 60.7 577.7 2.1
4.6 45.2 477.3 1.8
2.9 67.9 914.2 2.3
3.1 74.8 323.5 1.7
2.1 62 790.1 1.6
2.3 51.8 947.2 2
4 16.4 671.9 2.4
2 71.9 306.5 2.3
1.5 27.2 623.9 2.4
3.1 28.1 569.4 2.3
2 21.8 309.3 2.4
2.8 21 630.9 1.8
2.9 27.8 866.2 2.1
3.1 47.6 305.7 1.7
4.4 42.9 259.8 1.5
4.8 34.5 362.1 2.4
2 47.5 110.9 2.1
1.6 49.8 761.5 1.9
3.3 27.8 611.2 2.4
4.3 51.2 221 1.6
3.9 70.1 621.1 1.8
2 24.6 128.9 2.1
1.5 30.5 190.6 2.4
4.2 66.8 149.2 1.7
1.6 54.1 850.8 2.4
5 56.6 71.6 1.7
1.8 50 461.5 1.9
3.6 65.7 779.3 1.5
2.6 40.3 289.4 2.5
3.9 35.5 69.4 2.5
4.2 28.9 295.3 1.8
4.6 69.8 590.1 2.2
1.4 15.1 935.1 1.7
4.5 59.7 478.4 1.6
1 60.5 405.5 2.3
1.8 72.6 89.9 1.9
2.2 71 708.9 2.2
2.3 70.6 360.4 2.2
2.8 73.2 675.4 1.9
5 41.1 727.5 2.4
4.8 36.3 811.4 1.7
3 57.1 889.3 1.7
3.9 27.3 382.9 2
4.3 27.8 76.8 2.1
2.7 40.8 363 1.8
1.8 69.7 295.3 2.1
1.8 67.5 67.1 1.6
4.9 50.7 425.3 2.4
4.1 62 770.9 1.9
4.7 56.6 658.8 1.6
1.2 61.1 618.9 1.7
2.7 45.8 378.9 2
3.4 73.7 881.2 1.6
1.5 37 331.1 2.4
2.4 28.6 638 2.3
3.1 42.9 825.8 2.1
4.5 40.3 291.9 2.3
4 37.1 714.3 2.3
2.1 51.7 387.3 1.8
2 52.8 796 2.4
2.1 62.3 562.2 1.8
3.7 51.1 683.4 2.4
3.6 73.3 166.9 1.9
4.6 72.1 676.5 1.9
3.2 36.3 876 2.4
2.4 66.9 461.1 1.7
1.7 34.7 645 2
1.3 71.1 393.1 2.1
1.7 27 139.3 2.1
4.2 33.6 363.1 1.9
3.5 43.6 498.4 2.1
2.9 57.1 300.9 1.7
4.8 67.3 496.5 2.2
3 24.9 281.5 1.7
2 22.4 69.3 2
3.9 60.4 448.8 2.4
3 37.8 524.9 2.2
1.5 25.1 130.9 1.9
2.2 44 640 2
3.5 19.3 670.5 2.2
1.4 58.6 184.3 2.4
1.5 64.2 576.5 2.2
2 35.4 536.3 1.7
3.8 72.4 380.4 2.1
1.4 21.3 726.5 2.3
2.3 50.5 169.5 2.2
4.3 18.8 113.8 2.2
4.7 37.6 521.9 1.7
3.4 38.4 587.4 1.9
4.1 56 375.4 1.6
4 28.8 790.5 1.9
3.1 17.5 849.1 2.3
3.6 22.2 475.9 2.3
1.3 65.2 824.1 1.9
4.1 64.5 365 2
4.3 64.6 830.6 2.4
4.9 51.3 210.7 1.6
2.3 50.5 604.2 2
2.6 55.9 786.9 2.4
2.3 74.5 269.4 1.9
4.8 63 924.7 2.3
1.2 31.7 485.8 2.3
1.3 27.5 827.6 1.6
4.5 24.6 276.9 1.6
4.4 69.8 858.9 2.2
4.4 26.5 466.8 1.7
3.3 17 204.9 2.3
2.2 44.4 821.6 1.9
1.7 72.3 399 2.4
3.4 62.9 732.5 1.6
3.9 29.7 427.5 2.2
3.3 41.8 222 2.4
3.5 68.5 247 1.9
2.3 57.4 942 2.3
2.3 45.7 534.7 1.9
2.3 15.3 244.2 1.5
2.8 64.5 175.6 2
1.3 44.1 822 1.6
4.7 68.3 522.7 1.9
3.4 30.9 303 1.9
4.6 24.2 588.2 1.7
2.3 45.6 858.3 1.6
3.1 44 922.8 2.3
2.5 59.2 335.9 1.7
1.8 20 486.2 2.4
1.6 39.1 81.8 2.4
2.7 37.4 268.6 1.6
2.1 53.3 62.4 2.4
4 65.5 630.6 1.6
2.8 56.2 110.7 1.9
1.5 69.4 187.5 1.5
4.4 24.1 60.2 1.6
2.8 71.8 304.1 2.1
2 59.9 516.1 1.6
4 51.6 638.7 2.4
1.9 23.9 460.3 2.3
4.6 55.6 538.1 1.6
4.6 34.5 743 2.1
3.2 37.7 461.6 1.9
4 32.7 345.7 2
4.5 49.9 309.2 2.4
3.5 17.4 152.8 1.5
3.1 18.9 400.4 1.5
4 32.3 342 2.2
3.6 19.3 309.4 1.9
1.8 15.4 62.7 1.6
2.2 34 353.7 1.7
2.1 66.3 852.5 2.1
4.1 52.1 54.5 1.6
4.8 38.7 76.2 1.6
1.7 37.2 197.8 2.4
3.5 28.5 790.8 2
1.6 29.7 263.4 2.3
1.1 62.2 557.3 2.3
3.7 56.8 345.6 2.2
2.3 26.4 275.3 1.5
1.1 53.3 622.4 2.2
2 70.5 884.6 1.7
1.5 28.8 630.5 2.2
1 53.7 404.5 1.6
3 50.4 785.1 2
4.4 32.8 659 2.2
4 57.2 197.3 2.1
2.2 46.4 594.4 2.5
1.9 23.9 620.8 2.3
4.8 35.6 834.8 2.1
2.5 52.4 209.1 1.7
1.7 20.4 180.3 2.1
5 51.7 433 2.4
1.8 39.7 511.9 1.9
3.1 59.4 340.8 2.3
2.3 40 245.7 2.2
2.1 69.5 211 1.6
4.3 42.1 639.5 2.2
4.6 30.4 861.9 2
1.7 69.6 469.5 1.9
2.1 20.5 686.7 1.7
1.7 73 160.2 2.5
1.6 17.6 163.3 1.6
2.4 42.4 144.6 2.2
2.3 44.1 647 2.2
4.1 38.8 891.3 2.1
3.5 36 829.9 2.1
4.9 27.5 645.3 1.9
4.2 31.7 408.2 2.2
2.1 17.3 737.5 1.5
3.1 24.3 564.6 2.5
2 67.6 882.4 2
2.9 27.7 554.8 1.9
1.6 72.6 827.6 2.4
1.5 57.5 927.7 1.8
2.5 38.5 460.3 2.1
1.9 52.9 522.6 1.9
1.6 44.6 114.7 2.4
1.4 44.2 825.1 1.8
1.7 21.6 724 1.8
1 70.1 420 1.7
4.4 25.6 916 1.6
1.8 37.7 427 1.6
1.7 33.9 807.6 2.4
2.4 29.1 376.8 2.3
4.6 34.5 205.3 1.8
1.2 61.5 899.9 1.5
2.7 22.1 121.2 1.9
1.7 72.5 470.5 1.9
4.5 59.2 894.9 2.2
1.2 31.5 745.3 1.6
3.4 48.1 108.6 2.3
1.1 53.9 606.1 2.4
1.9 54.4 473.1 2.2
2.8 73.4 949.2 1.9
3.8 52.4 592.5 1.9
4.6 43.6 627.3 2.3
3.5 55.8 655.7 2.4
4.9 20.3 471.4 1.7
1.5 24.6 167.8 2.5
1.5 69.2 570 2.4
3.6 26.6 197 2
4.9 32.8 544.5 2
3.6 50.7 749.3 2
3.8 32.6 307.5 1.8
4.9 22.9 772.3 1.8
4.1 66.3 721.1 2
3.8 60.5 303.5 2.1
1.6 56.4 69.1 2.3
4 16.1 175.4 2
3.5 60.1 411.6 1.5
2.5 42.8 877.9 2
3.8 50.7 670.1 1.6
3.8 19.5 166.5 2.1
1.8 51.1 648.3 2.5
4.4 54.6 881.2 2
4.6 69.6 574.5 2.5
2.7 18.7 765.1 2
2.9 58.9 197.9 2.1
1.2 39.4 893.8 1.6
1 49.3 827.5 2.3
1.3 71.7 115.6 2
2.7 32.8 124.2 1.5
4.7 35.3 440 2.5
1.1 22.4 538.6 2.2
3 60.1 673.3 1.8
1.6 41.4 137.3 1.5
4.9 41.9 844.2 2.1
3.8 74.1 539.1 1.9
4.8 57.6 543.3 2
2 35 756.1 2.3
4.5 23.9 346.6 2
3.9 47.6 350.7 2.2
2.6 51.2 213.2 1.6
4.4 45.6 880.6 1.8
4.7 64.2 577.3 1.7
3.7 67.3 526.6 1.6
2.8 27.6 378.5 2.1
3.5 29.2 394.4 2.3
3.7 30.2 548.9 2.4
3.2 22.5 801.5 1.7
2.6 71.8 915.3 1.6
2.4 24.8 574.8 1.7
4.2 16 284.1 1.9
2.9 22 751.1 2
2.3 51.8 681.5 2.2
1.8 63.3 661.4 2.2
2.2 58.9 836.9 2
4.5 73.8 143.5 2.4
3.1 71.9 552.8 2.1
3.3 70.4 243.3 2.5
4.9 30.3 56 2.2
1.9 54.1 233.3 1.9
4.1 34.9 806.6 1.7
3.4 47.3 883.4 1.7
3.6 29 611.7 2.1
4.6 58.2 325.9 1.6
1.2 40.9 134.2 2.2
4.5 23.7 69.3 1.6
2.9 26.2 599.4 2.4
3.4 21.6 137.6 2.1
2.4 25.9 876.4 2.4
3.9 57.4 826.4 1.6
4 34 358.7 2.3
2 16.9 315.2 1.8
4.6 30.3 372.7 2.1
3.8 32.4 805.3 2.2
3.9 27.5 68.2 1.7
1.2 62.2 364.2 2.5
2.4 61.5 221.4 2
4 39.6 319.9 1.6
1.2 20.4 613.8 2.4
1.8 50.9 706.9 2.2
3.5 56.7 554.5 2.3
4.1 58.6 226.1 2.2
2.9 68.8 300.2 1.6
1.9 58.3 499.3 2.3
3.5 65 651.1 1.6
1.8 25 73.9 2.5
1.9 67.2 551.4 1.9
4.9 74.5 634 1.6
3 73 508.1 1.9
3.4 37.6 123 2.4
2.4 24.1 833 1.9
4.3 52.7 397.6 1.5
4.1 67.4 120.9 1.6
3.5 60.5 105.8 1.6
1 18.6 231.3 2.5
2.3 33.3 750.1 2.1
4.2 15.7 544.6 2.2
1.1 57.1 672.8 1.8
3 54.1 798.6 2.1
1.9 30 242.7 2.2
3.5 72.9 656.4 2
3.5 52.3 179.1 2
1.2 37.8 238.4 2.2
2.6 23.1 523.9 1.9
3.6 46.8 651.1 2.3
4.8 20.6 858.2 1.7
2 47.8 626.9 2.4
2.9 45.2 929 1.8
4.2 23.7 130.9 1.5
2.9 25.6 75.4 2.5
3.7 35 704.5 2
4.5 15.5 889.7 1.8
1.7 35.2 821.6 1.7
3.9 61.5 284.7 2.1
1 56.9 879.7 1.6
4.8 19.9 260.4 2.1
4.7 44 229.9 2
1.5 43.7 262.1 1.9
2.8 27.8 830.2 2
4 66.2 109 2.3
2.9 39.2 379.9 2.3
4.7 50.9 715.2 2.4
1.9 35.8 681.7 1.7
4.2 37.6 593.4 1.5
2 50 884.2 1.9
3.3 68.2 294.5 1.7
2.7 55.7 416.5 2.2
2.9 59.4 696.4 1.6
1.8 23.3 515.2 1.8
4.8 42.9 454.4 2.5
1.4 45.6 159.3 1.9
2.4 39.3 318.2 1.6
3.3 51 886.3 2
2.2 22.8 234.5 2.3
3.2 47.1 194.9 1.8
4.3 55 710 1.8
1.8 36.3 319.9 1.7
3.6 52.1 546.2 2.4
4.5 51.1 815.4 1.7
4.8 47.4 598.6 1.5
3 20.2 829.8 2.4
4.1 41.8 145.1 2.3
2 61.5 935.7 1.5
2.1 45 661.6 2.4
2 62.4 947.1 2.4
2 55.6 641.8 1.5
2.2 15.8 850 2.5
4.4 15.2 518.3 2.2
1.9 20.3 183.1 1.9
3.9 62.7 262.2 2.4
4.3 71.4 478.8 1.9
4.5 63.3 201.5 2.4
2.1 43.9 751.7 2.2
4.3 54.9 528.8 2.1
4.8 50.3 729.1 1.6
3.4 23.5 844.4 1.7
2.3 64.7 654.7 2.2
1.4 47.3 315.1 2.4
1.8 20.9 479.6 2
2.3 39.4 70.4 2.1
2.8 49.6 164.8 2.4
1.9 20.7 931 2.1
2.4 53.4 108.1 2
4.4 56.9 471 1.9
2.7 39.8 541.1 2.1
3.4 45.2 283.5 2
3.7 38.5 793.9 1.7
2.9 33.5 205 1.9
3.4 16.2 791 1.8
4.7 52.6 870.3 2.4
2.8 68.3 778.9 2
1.1 38 318 2.1
5 65.9 136.1 2
1 54.1 749 1.8
3.7 53 194.4 2
1.9 51.1 450 2.3
2.3 30.2 461.3 1.6
2.9 39.7 344.3 2.1
1.7 43.2 353.2 2.3
2 36.5 336.6 2
3.7 36.4 147.3 2.2
2.7 71.5 878 1.6
5 65.7 563.1 1.6
2.3 29.3 758.8 2.1
1.6 52.6 440.2 1.6
2.3 30.9 779 2.3
2.6 71.5 717.5 2
4.7 51.9 655.1 2
2.2 34.1 605.7 1.8
3.2 34.2 929 2.1
3.1 68.2 320.4 2.4
3.1 51.4 91.1 1.6
3.7 30 902.1 1.9
2.2 34.4 422.6 1.6
4.9 49.1 368.2 2.4
4.1 48.8 911.9 1.5
2 16.3 420.3 2
2.8 23.5 625.8 1.6
2.1 28.9 609 1.9
4.1 67.9 379.2 2.2
2.7 40.3 786.1 1.6
4.4 36.7 351.8 1.7
4.5 40.6 540.8 2.3
4.4 68.9 754 2.3
1.4 70.6 355.3 2
3.4 60.3 569.3 2.1
2.5 43.8 910.1 1.9
2.8 69 213.6 1.8
2.8 27.8 286.7 1.6
2.5 32.9 132.2 2.2
2.9 43.8 55.6 2
4 20 506 2.3
3.4 72.8 532.4 1.8
3.7 50.4 314 2.2
4.7 70.1 538.5 1.6
1.9 72.4 898.2 1.7
4.9 44.7 103 1.6
2.4 28.3 760.5 1.6
2.4 50.1 495 1.7
1.8 31.4 880.7 1.7
4.5 65 356.2 1.8
1.9 41.1 53.7 2.1
2.8 34.8 78.2 2.1
5 47.1 137.1 2.3
4.1 45.3 757.3 2
4 51.3 531.4 2.3
4.4 29.5 581.4 1.8
3.1 28 261.3 2.1
4.9 48.3 669.5 2.5
2.7 55.1 522.3 1.9
2 49.9 595.1 1.8
1.9 35 501 2
4.9 31.7 405.6 1.7
2.2 44.7 815.2 2.3
1.5 59.9 476.8 2.1
4.4 17.4 386.4 2.2
4.1 46.2 635.5 1.7
1.7 33.4 752.1 1.9
2.9 38 320.5 2.5
3.8 42.4 316 2.5
3.6 20.4 340.2 2
2.4 24.1 337.1 1.8
4.1 53.2 605.6 2.2
1.9 24.7 726.7 2
3.8 73 573.2 1.7
1.5 66.5 772.9 2.1
2.5 37.6 401.6 1.8
4.4 26.4 224.4 2.1
3.3 25.8 580 1.9
1.2 23.3 641.4 1.5
2.2 71.2 871 2.3
1.4 41.6 607.1 1.8
4.6 16.5 121.8 2
4.2 67.7 872.2 2.1
3.3 68.5 847 2.3
1.9 61.6 876.9 2.4
4.6 49.5 530.2 1.6
2.8 71.6 595.6 1.8
3.1 50.2 801.2 2.4
2.1 54.5 528.1 2.3
2.9 53.4 510.9 1.7
1.8 26.2 906.3 1.7
2.2 22.2 869.3 1.7
4.2 42.9 708.8 1.7
4.3 41.3 169.1 1.9
3.6 28.9 474.8 1.7
1.5 60.6 541.6 1.6
2 56.6 457.5 2.1
3.7 40.6 429.7 2.1
4.6 54.6 691.7 1.7
4.3 63.2 470.9 1.8
5 56.2 618.5 2.4
3 50.2 807.9 2.4
1.1 42.7 413.6 1.8
3.9 22.3 191.9 2.3
3.1 65.1 137.8 2.3
2.1 58.9 60 2.4
3.2 60.5 243.3 1.6
3.8 39.3 795.7 2
3.2 53.9 942.8 1.6
2.4 67.5 126 1.9
2.6 31.1 836.2 2.2
2.5 16.1 874.9 2.4
4.2 37.6 155.7 2.3
2.1 18.4 873.4 1.8
5 70.6 824.5 2
1 35.7 766.9 2.1
3.1 31 56 2
2.1 72.8 911.5 1.8
1.8 18.8 429 2.5
2.3 60.9 657.9 2.2
3.8 54.9 615.4 2.2
4.2 21.5 275.1 2.4
1.6 61 922.5 1.8
3.6 23.5 272.1 2.3
2.7 21.5 886.8 2.1
3.5 16 313.8 1.6
3.8 60.3 331.6 2
4.9 34.6 787.8 1.9
2.8 28.8 192.1 2.4
1.4 41 82.4 2.5
3.9 74 539.7 2.1
1.7 40.1 245.2 2.4
1.3 70.7 655.1 1.5
4.9 20.5 354.8 1.6
1.2 62.9 732.9 2
4.1 48.4 228.7 2.2
1.7 36.6 158.2 2.2
1.8 46.3 860.1 2.4
1.9 23.4 300.2 1.7
3.3 31.1 786.9 1.8
2.9 44.2 168.5 2.1
4.1 24.4 349 2.3
1.3 35.7 828.2 1.6
2.5 22.6 940.8 1.6
1.5 55.6 213.3 2.5
2.2 65.4 315.8 2.4
1.9 38.8 741.9 2
2.6 56.8 104.6 1.9
3.1 23.5 742.8 1.7
4.9 30.1 394.5 2.4
3.8 63.5 306.3 2.1
1.1 48.2 756.6 2.4
1.8 68.4 930.2 2.1
1.9 74.4 486.9 1.9
1.4 61.1 835.4 2.3
4 17.4 948.8 1.8
4.3 55.8 794.1 2.3
2.8 25.1 814.8 1.6
4.2 45.9 237.3 1.8
4.1 16.8 430.3 2.3
1.3 42.8 553.6 2.5
4.2 27.9 747.1 1.5
2.3 15 518.7 1.8
3.3 66.6 239.9 1.7
3.7 50.1 125.6 2.5
2.3 16.1 745.3 1.6
3.5 31.5 103.1 2.5
2.9 21.9 936.5 2.3
4.7 17.9 72.1 2.5
4.8 54.5 272 1.7
4.7 58.9 354.2 2.4
4.3 36.1 339.9 2.4
2.3 53.4 774.6 1.6
2.9 55.5 129.7 2.4
2.5 72.6 444.2 2.2
4.2 28 325.8 2.3
1.5 71 704.1 2.3
3 54.6 356.1 2.3
1.2 21.2 223.6 2
4.3 46.9 414.9 2
4.9 23.8 210 2
2.1 38.6 279.6 1.5
4.7 72.3 771.1 2.2
1.3 61.2 108 2
2.8 29.5 304 2.2
3.1 62.5 175.5 2.1
2.7 28.6 113.6 1.9
3.2 20.1 469 1.7
2.4 21.2 928.5 2.3
2.1 53.7 667.1 1.9
2.3 25 873.3 2.3
2.5 31.6 504.2 2.1
2.3 24.8 798.9 1.8
3.3 56.1 341.9 2.1
1.5 47.4 127.5 2.2
4.9 74.6 140.7 2.4
1.9 16.5 364.4 1.8
4.3 52.2 210.4 1.6
1.4 31.5 312.8 2
2.5 35.8 485.5 1.8
3.3 51 936.9 2
2.2 61.3 414.1 1.8
4.3 36.9 57.2 1.7
1.1 31.4 863.3 1.7
2.7 20.5 385.2 2.4
2.9 24.3 674.7 1.9
3.6 16.2 453.9 1.8
3.2 63.9 217.1 1.7
1.5 29.8 354.5 2.3
4.9 54.5 67.2 2.1
2.4 62 380.6 1.7
4.3 61.6 492.4 1.5
1.3 49.8 407.3 2.3
3.3 72.8 694 2.4
3.8 27.9 169 2.2
2.9 40.7 348.5 1.5
2.3 49.3 450.7 2.4
3 15.2 174.4 1.6
2.1 40 306.3 2.3
2.1 53.7 870.2 1.8
4 71.4 295.8 2.2
4.8 42.1 859.4 1.7
4.9 68.2 710.7 2.1
4.1 35.3 338 2.4
4.7 59.2 218.8 2.1
4.1 18.5 267.4 1.8
2.8 48.6 533.6 1.7
4.4 38.8 440.8 2
4.5 20.5 752.5 1.8
3.9 62.1 763.5 1.7
2.2 63.5 375.2 1.7
4.2 18.2 295.8 2.4
1.7 62.7 199.7 1.6
2.2 67.4 279.3 2.2
3.2 47.8 882.4 1.9
2.3 74.1 784.7 2.1
1.9 68.5 60.3 2.2
4.4 29.9 216.3 2.4
1.9 52.6 199.2 1.6
4.3 17.2 484.9 1.8
4.6 56.3 902.3 2.4
1.8 60.3 89.2 1.7
3.2 43 881.7 1.8
2.6 61.4 128.8 1.6
1.9 57.9 789.8 1.8
3.9 25.5 174.1 2.2
4.1 71.3 822.6 1.6
1.6 48.4 522.9 2.3
4.7 36.9 61.2 1.6
2.9 35.3 776.4 1.6
4.7 21.7 480.2 2.4
2.6 60.3 253.9 1.7
3.3 35.4 672.2 1.6
2.2 62.7 355.3 2.1
4.9 42.6 565.6 2.2
2 56.8 292.9 1.8
1.4 34.9 134.2 1.8
2 49 566.2 1.9
3.3 44.7 445.7 2.1
1.2 21.8 355.8 1.9
2.9 68.4 386.7 2.1
2.3 70.2 380.9 1.9
1.5 54.2 282.5 2.5
2.4 73.5 400.7 1.9
1.4 66.4 916.9 1.8
3.1 36.2 87.7 2
1.3 62.8 946 2
3.4 64.9 241.9 2.2
4.4 48.4 229.6 1.8
4.5 51.6 297.3 2.1
2.2 29.1 427.6 1.8
1.5 44.7 642.5 2.3
4.8 41.2 391.4 2.3
4.3 72.2 440.8 2.1
4.3 24 651.7 2.2
4.5 50.5 447.8 2.2
3.4 23.2 205.6 2.1
4.4 23 864.5 2.3
1.9 41.1 181.5 2.4
3.1 45.2 345.1 2
1.4 15.7 834.8 2.1
3.9 57.9 637.4 2
2.9 48.1 587.3 1.9
4.4 38.3 722.7 2.2
3.1 45.5 56.7 2.1
3.1 38.8 801.6 2.4
3.3 15.8 786.1 2
1.2 70.3 186.8 1.6
3.5 42.1 678 2.1
4 31.2 139 1.7
3.7 72.8 114.5 1.7
3.7 15.4 610.9 2.3
0.2 0.4 0.4 0.2 0.4 0.3 0.2 0.2 0.3 0.3 0.2 0.3 0.2 0.4 0.4 0.3 0.2 0.3 0.3 0.3 0.3 0.4 0.3 0.2 0.4 0.3 0.2 0.3 0.3 0.2 0.3 0.4 0.3 0.4 0.3 0.3 0.3 0.2 0.3 0.4 0.4 0.4 0.4 0.3 0.3 0.2 0.4 0.3 0.2 0.2 0.3 0.2 0.3 0.3 0.4 0.3 0.2 0.2 0.2 0.3 0.3 0.4 0.4 0.3 0.3 0.2 0.3 0.4 0.3 0.4 0.4 0.2 0.2 0.3 0.3 0.3 0.3 0.3 0.2 0.3 0.3 0.3 0.4 0.3 0.3 0.3 0.3 0.3 0.3 0.3 0.4 0.3 0.3 0.3 0.2 0.3 0.3 0.3 0.2 0.4 0.4 0.2 0.4 0.2 0.2 0.3 0.3 0.4 0.4 0.2 0.3 0.3 0.3 0.4 0.2 0.2 0.2 0.3 0.2 0.4 0.2 0.4 0.4 0.4 0.4 0.4 0.2 0.3 0.3 0.3 0.3 0.2 0.2 0.3 0.2 0.2 0.3 0.3 0.3 0.4 0.2 0.3 0.2 0.2 0.2 0.3 0.3 0.3 0.3 0.4 0.2 0.4 0.4 0.2 0.2 0.3 0.2 0.2 0.2 0.3 0.3 0.2 0.3 0.3 0.3 0.4 0.3 0.2 0.3 0.3 0.2 0.3 0.4 0.4 0.3 0.4 0.2 0.3 0.3 0.3 0.2 0.2 0.3 0.3 0.4 0.4 0.2 0.3 0.4 0.4 0.4 0.3 0.3 0.3 0.3 0.4 0.4 0.3 0.2 0.3 0.3 0.3 0.3 0.4 0.3 0.2 0.3 0.4 0.3 0.4 0.4 0.3 0.3 0.4 0.2 0.4 0.2 0.3 0.2 0.3 0.4 0.4 0.3 0.4 0.3 0.3 0.4 0.3 0.3 0.3 0.3 0.2 0.3 0.2 0.4 0.4 0.3 0.4 0.3 0.3 0.2 0.2 0.3 0.3 0.3 0.2 0.3 0.2 0.3 0.3 0.4 0.3 0.3 0.4 0.2 0.4 0.3 0.4 0.2 0.3 0.2 0.4 0.3 0.3 0.2 0.2 0.3 0.3 0.4 0.3 0.2 0.3 0.3 0.3 0.3 0.3 0.2 0.2 0.3 0.4 0.4 0.4 0.3 0.4 0.3 0.2 0.3 0.3 0.4 0.4 0.3 0.3 0.3 0.2 0.3 0.4 0.3 0.3 0.3 0.3 0.2 0.3 0.4 0.3 0.3 0.2 0.4 0.3 0.4 0.3 0.4 0.2 0.2 0.2 0.3 0.4 0.4 0.4 0.2 0.4 0.2 0.4 0.2 0.3 0.4 0.3 0.4 0.3 0.3 0.4 0.3 0.4 0.3 0.2 0.4 0.4 0.2 0.2 0.3 0.4 0.2 0.4 0.2 0.4 0.4 0.4 0.3 0.2 0.3 0.3 0.3 0.2 0.2 0.4 0.4 0.2 0.3 0.3 0.3 0.3 0.4 0.2 0.3 0.2 0.4 0.3 0.3 0.2 0.2 0.2 0.2 0.2 0.4 0.2 0.3 0.3 0.4 0.2 0.4 0.4 0.2 0.4 0.3 0.3 0.3 0.3 0.3 0.2 0.2 0.2 0.3 0.2 0.3 0.3 0.4 0.3 0.3 0.4 0.3 0.4 0.4 0.3 0.2 0.3 0.4 0.2 0.3 0.3 0.3 0.2 0.2 0.3 0.2 0.2 0.3 0.2 0.3 0.2 0.3 0.2 0.4 0.4 0.3 0.2 0.3 0.2 0.3 0.2 0.3 0.2 0.3 0.4 0.2 0.3 0.3 0.4 0.2 0.3 0.4 0.3 0.3 0.3 0.3 0.4 0.2 0.2 0.3 0.3 0.3 0.2 0.2 0.4 0.4 0.4 0.2 0.4 0.4 0.3 0.3 0.3 0.2 0.2 0.2 0.3 0.3 0.3 0.3 0.4 0.3 0.4 0.3 0.3 0.2 0.4 0.2 0.2 0.3 0.2 0.4 0.4 0.3 0.3 0.3 0.3 0.3 0.3 0.4 0.3 0.2 0.2 0.3 0.4 0.3 0.3 0.3 0.3 0.3 0.3 0.4 0.4 0.2 0.4 0.2 0.4 0.3 0.3 0.3 0.3 0.4 0.3 0.3 0.3 0.3 0.3 0.4 0.3 0.2 0.3 0.2 0.4 0.3 0.3 0.3 0.3 0.3 0.3 0.3 0.2 0.3 0.3 0.3 0.4 0.2 0.3 0.3 0.3 0.4 0.4 0.2 0.3 0.3 0.3 0.2 0.3 0.2 0.2 0.4 0.2 0.2 0.3 0.4 0.4 0.4 0.2 0.4 0.2 0.4 0.3 0.2 0.4 0.3 0.3 0.3 0.4 0.4 0.2 0.3 0.3 0.3 0.3 0.3 0.2 0.3 0.3 0.2 0.3 0.4 0.4 0.4 0.4 0.3 0.3 0.3 0.4 0.4 0.3 0.4 0.4 0.3 0.3 0.3 0.4 0.4 0.3 0.3 0.3 0.2 0.2 0.3 0.3 0.4 0.3 0.2 0.3 0.4 0.3 0.3 0.3 0.4 0.4 0.3 0.3 0.3 0.4 0.2 0.3 0.4 0.3 0.2 0.2 0.3 0.2 0.2 0.4 0.3 0.2 0.3 0.2 0.3 0.2 0.3 0.2 0.4 0.3 0.4 0.2 0.3 0.4 0.3 0.3 0.3 0.4 0.2 0.3 0.3 0.2 0.3 0.2 0.3 0.3 0.4 0.3 0.4 0.3 0.3 0.3 0.4 0.3 0.3 0.3 0.2 0.2 0.4 0.4 0.4 0.3 0.3 0.3 0.4 0.3 0.4 0.3 0.2 0.2 0.2 0.3 0.4 0.2 0.2 0.4 0.3 0.4 0.4 0.4 0.3 0.3 0.3 0.2 0.3 0.4 0.2 0.3 0.2 0.4 0.3 0.4 0.4 0.2 0.3 0.3 0.3 0.3 0.2 0.3 0.2 0.2 0.3 0.2 0.3 0.4 0.3 0.3 0.3 0.3 0.4 0.3 0.2 0.2 0.3 0.3 0.3 0.4 0.4 0.2 0.4 0.2 0.4 0.3 0.3 0.3 0.3 0.2 0.3 0.3 0.3 0.3 0.2 0.2 0.2 0.4 0.3 0.3 0.4 0.4 0.3 0.2 0.3 0.4 0.2 0.3 0.2 0.4 0.4 0.3 0.3 0.2 0.2 0.3 0.4 0.4 0.3 0.2 0.4 0.4 0.3 0.3 0.4 0.4 0.4 0.2 0.3 0.2 0.2 0.4 0.2 0.4 0.2 0.2 0.4 0.3 0.4 0.2 0.4 0.3 0.3 0.2 0.3 0.4 0.3 0.3 0.4 0.4 0.3 0.3 0.4 0.2 0.3 0.2 0.4 0.3 0.3 0.3 0.3 0.2 0.4 0.4 0.2 0.3 0.3 0.2 0.4 0.3 0.3 0.4 0.4 0.2 0.3 0.3 0.2 0.4 0.3 0.3 0.3 0.3 0.3 0.3 0.2 0.2 0.3 0.2 0.4 0.3 0.3 0.3 0.2 0.3 0.4 0.4 0.3 0.3 0.3 0.3 0.3 0.4 0.3 0.4 0.2 0.3 0.3 0.2 0.2 0.3 0.3 0.4 0.4 0.3 0.2 0.3 0.4 0.2 0.2 0.4 0.3 0.3 0.2 0.3 0.3 0.3 0.4 0.3 0.2 0.4 0.3 0.3 0.4 0.4 0.3 0.3 0.2 0.2 0.4 0.2 0.2 0.4 0.3 0.3 0.2 0.2 0.4 0.2 0.3 0.3 0.3 0.2 0.3 0.3 0.3 0.2 0.3 0.4 0.2 0.3 0.3 0.2 0.2 0.2 0.2 0.2 0.4 0.3 0.2 0.3 0.2 0.3 0.3 0.4 0.3 0.2 0.4 0.3 0.2 0.3 0.4 0.2 0.3 0.3 0.3 0.3 0.3 0.4 0.3 0.3 0.3 0.2 0.3 0.3 0.2 0.4 0.2 0.3 0.4 0.3 0.3 0.2 0.4 0.3 0.3 0.3 0.4 0.4 0.3 0.3 0.4 0.2 0.2 0.3 0.4 0.3 0.3 0.3 0.3 0.2 0.3 0.3 0.3 0.3 0.3 0.3 0.3 0.2 0.3 0.2 0.3 0.3 0.3 0.3 0.2 0.4 0.2 0.2 0.4 0.4 0.4 0.2 0.4 0.3 0.2 0.2 0.3 0.2 0.3 0.4 0.4 0.4 0.4 0.3 0.3 0.3 0.3 0.3 0.3 0.3 0.4 0.4 0.3 0.2 0.2 0.3 0.2 0.3 0.3 0.4 0.4 0.4 0.3 0.4 0.2 0.4 0.2 0.3 0.3 0.2 0.4 0.4 0.3 0.3 0.2 0.3 0.3 0.3 0.2 0.3 0.3 0.3 0.2 0.2 0.3 0.2 0.3 0.4 0.3 0.3 0.2 0.3 0.3 0.3 0.2 0.3 0.2 0.3 0.2 0.3 0.4 0.3 0.3 0.2 0.4 0.3 0.3 0.2 0.4 0.4 0.2 0.2 0.3 0.2 0.3 0.3 0.3 0.3 0.3 0.2 0.4 0.3 0.3 0.4 0.3 0.3 0.2 0.3 0.2 0.2 0.3 0.3 0.4 0.2 0.3 0.4 0.4 0.3 0.2 0.3 0.2 0.3 0.3 0.2 0.2 0.3 0.3 0.3 0.3 0.4 0.3 0.3 0.4 0.3 0.2 0.4 0.2 0.3 0.2 0.3 0.3 0.4 0.2 0.4 0.2 0.3 0.2 0.4 0.3 0.3 0.3 0.2 0.2 0.2 0.3 0.3 0.3 0.2 0.4 0.2 0.4 0.3 0.4 0.4 0.3 0.3 0.3 0.3 0.2 0.2 0.2 0.3 0.3 0.2 0.3 0.3 0.2 0.4 0.4 0.3 0.4 0.2 0.2 0.3 0.3 0.3 0.2 0.2 0.4 0.2 0.3 0.2 0.2 0.3 0.3 0.4 0.2 0.2 0.3 0.4 0.3 0.3 0.3 0.3 0.2 0.3 0.2 0.2 0.3 0.4 0.4 0.3 0.3 0.2 0.2 0.4 0.3 0.2 0.3 0.3 0.4 0.2 0.2 0.3 0.3 0.3 0.3 0.3 0.4 0.2 0.3 0.4 0.2 0.3 0.3 0.4 0.3 0.4 0.2 0.2 0.2 0.3 0.2 0.3 0.3 0.4 0.3 0.3 0.3 0.3 0.2 0.4 0.3 0.4 0.4 0.4 0.3 0.3 0.3 0.3 0.2 0.3 0.2 0.2 0.4 0.3 0.2 0.4 0.3 0.3 0.4 0.3 0.2 0.2 0.3 0.3 0.3 0.4 0.4 0.3 0.3 0.3 0.3 0.2 0.3 0.4 0.4 0.3 0.4 0.3 0.4 0.3 0.4 0.3 0.3 0.2 0.3 0.2 0.4 0.3 0.4 0.2 0.4 0.3 0.3 0.3 0.4 0.2 0.4 0.3 0.4 0.2 0.3 0.4 0.3 0.2 0.3 0.3 0.3 0.3 0.3 0.4 0.3 0.3 0.3 0.4 0.2 0.3 0.2 0.3 0.4 0.3 0.3 0.2 0.4 0.3 0.3 0.4 0.3 0.3 0.4 0.4 0.4 0.2 0.3 0.3 0.3 0.2 0.4 0.3 0.2 0.2 0.2 0.3 0.4 0.3 0.3 0.3 0.2 0.3 0.3 0.2 0.3 0.4 0.3 0.3 0.4 0.4 0.3 0.4 0.2 0.3 0.3 0.3 0.3 0.4 0.3 0.4
140 170 8 178 162 86 43 137 173 69 161 80 57 162 97 164 130 101 82 149 136 104 87 66 24 11 38 135 56 103 38 22 11 173 1 102 103 139 54 149 32 28 66 122 1 123 138 36 146 148 178 6 105 108 34 19 38 10 141 59 119 179 130 177 10 160 2 75 81 93 113 71 53 130 151 85 147 98 53 152 148 148 95 53 175 55 30 79 78 61 21 126 10 105 112 140 10 66 146 80 116 135 98 52 148 114 49 12 134 49 65 176 20 111 136 171 64 38 19 172 73 179 4 41 140 79 2 33 76 140 5 136 5 144 170 25 24 59 172 51 79 180 179 18 55 11 21 2 95 72 120 64 14 29 37 18 33 76 96 76 89 114 144 145 160 109 91 116 31 126 43 141 119 46 30 85 43 82 123 177 153 152 88 179 136 136 175 43 130 99 19 175 68 46 70 33 162 149 30 111 100 36 119 163 41 158 26 160 153 10 133 66 89 111 19 140 9 159 173 97 148 91 19 136 106 78 47 170 140 125 167 148 47 124 70 61 23 136 53 43 149 50 95 174 173 179 173 158 106 156 64 48 141 146 67 152 16 176 13 42 91 122 71 39 117 64 149 105 46 168 156 165 25 177 127 150 18 23 122 74 46 102 24 45 143 5 142 36 8 155 109 54 135 128 83 130 37 118 21 167 122 64 34 180 156 16 129 88 159 26 29 18 135 46 5 113 78 124 104 77 9 132 112 175 133 126 62 101 137 33 161 180 3 89 106 133 27 64 24 2 160 59 36 108 14 122 96 29 160 42 99 119 112 143 18 32 96 138 36 9 73 105 152 107 47 77 151 159 70 52 66 151 23 7 9 87 70 85 138 9 75 60 49 4 20 12 24 111 16 158 51 26 15 35 162 8 180 123 99 53 104 82 19 122 153 115 122 143 58 102 6 54 66 81 75 117 83 137 19 174 177 164 112 44 145 152 86 104 64 44 28 139 121 145 64 24 57 128 137 19 105 137 171 33 35 44 172 65 155 31 160 36 66 33 165 26 131 136 91 57 31 101 75 112 62 150 156 132 129 172 50 82 68 55 114 114 5 49 170 20 97 134 175 130 18 43 76 16 152 106 68 15 9 54 160 34 3 70 169 34 113 113 105 147 2 149 153 149 70 20 118 110 176 99 144 62 7 31 81 154 140 103 69 16 170 147 34 43 80 86 62 93 70 76 131 119 108 52 172 151 75 57 5 100 77 130 36 106 8 125 128 91 130 101 163 70 96 86 172 49 69 61 90 49 123 134 139 3 57 180 14 91 152 70 7 170 116 126 134 178 20 142 6 146 31 174 142 64 62 115 90 97 65 2 15 92 118 55 68 159 131 80 5 69 170 141 80 101 64 156 180 154 63 101 72 51 65 71 32 139 127 4 125 105 3 173 137 92 144 20 21 41 96 86 139 156 49 113 118 37 60 46 25 1 79 96 148 54 94 39 101 41 122 6 91 20 87 108 16 173 34 27 166 115 161 62 142 110 38 15 135 92 69 8 133 28 154 169 130 166 171 151 41 139 77 97 163 49 70 124 99 121 123 9 93 8 108 161 143 30 69 106 52 62 29 117 17 99 52 152 123 177 128 116 86 60 92 103 23 143 156 88 138 52 171 54 90 142 137 19 130 115 45 120 73 105 45 38 65 163 128 108 10 60 44 155 101 91 108 120 86 129 15 14 1 37 53 74 162 12 50 16 65 159 96 170 110 33 77 160 177 86 150 159 143 51 49 180 59 129 17 41 122 102 161 83 30 123 23 146 16 4 113 10 168 15 11 27 15 84 174 29 96 147 73 41 118 59 31 133 30 142 158 99 112 166 170 38 22 64 47 59 14 72 74 73 165 30 77 79 123 39 147 60 88 59 83 153 164 67 132 114 178 108 69 85 146 18 146 34 96 70 80 163 143 149 175 40 141 11 35 51 42 2 87 36 119 143 135 33 179 104 113 108 11 5 145 83 4 75 99 140 42 36 106 4 93 72 87 146 128 94 153 115 14 171 133 131 146 114 14 89 39 165 47 169 27 110 22 170 49 44 89 3 141 27 17 55 72 175 140 101 4 161 65 174 122 101 37 96 175 127 53 79 28 51 10 32 36 174 179 175 52 65 65 5 58 27 89 154 118 49 167 115 87 111 165 172 123 5 118 71 104 25 131 90 118 97 151 49 94 28 169 51 6 101 151 42 109 55 94 130 82 144 156 116 148 157 132 78 111 118 22 113 24 43 90 32 155 81 132 108 30 63 5 42 16 2 99 111 59 73 3 105 53 161 112 12 135 113 160 19 104 64 127 92 15 86 138 48 6 124 166 133 7 9 111 24 61 16 100 35 64 103 174 8 156 119 27 135 3 170 61 152 161 68 68 106 74 22 67 19 87 47 135 90 157 158 9 156 128 12 155 81 161 30 138 46 159 87 162 45 134 97 11 19 157 161 86 175 128 31 69 105 12 115 49 152 40 128 101 43 166 46 80 151 175 153 3 105 135 32 143 46 29 168 131 32 50 114 129 95 96 13 138 6 94 43 112 16 63 34 120 159 119 30 125 151 39 139 115 46 48 142 68 129 9 41 4 158 51 154 7 168 35 65 175 51 17 124 20 25 167 56 130 68 96 74 97 142 118 33 173 1 163 35 8 90 67 138 18 159 43 137 17 30 151 51 157 94 132 23 106 3 150 171 145 131 150 152 152 64 122 167 105 132 9 32 46 82 92 48 166 2 117 139 30 42 108 97 155 141 84 123 109 52 120 74 136 97 93 63 62 161 66 4 107 60 83 174 20 95 49 3 101 136 169 104 91 138 38 11 176 134 142 22 78 33 119 95 140 64 36 149 88 39 23 14 180 25 74 179 125 85 95 46 97 99 72 111 114 12 72 10 105 4 159 27 112 109 67 70 137 74 48 116 42 158 139 66 85 150 27 126 28 176 141 2 64 85 3 73 63 11 156 88 12 8 134 105 6 12 31 16 165 84 111 48 90 116 140 30 159 7 72 88 57 76 128 42 85 17 100 143 157 72 172 101 7 32
126 147 33 129 163 20 149 60 51 101 103 149 50 84 111 141 1 15 108 43 16 151 37 174 97 106 156 78 60 75 124 160 78 67 10 50 92 18 8 57 172 144 108 80 91 137 46 52 66 28 100 12 9 119 120 36 90 133 58 177 38 133 91 24 52 119 15 1 7 151 90 97 140 46 164 141 64 130 1 113 99 173 161 34 78 53 150 135 52 12 2 12 47 123 6 79 7 8 110 110 25 63 130 97 1 85 114 11 1 105 122 98 45 130 73 75 169 113 125 152 141 129 55 42 128 141 6 169 166 74 29 125 164 65 55 102 58 172 27 113 74 31 145 134 51 159 148 98 30 144 117 132 177 71 6 15 138 60 117 5 89 39 178 67 76 120 175 15 16 50 2 172 43 180 179 12 74 58 105 159 125 57 21 54 84 3 57 137 89 164 112 82 30 123 166 157 78 9 40 36 148 104 85 70 17 55 128 36 51 19 59 151 13 19 113 130 23 101 41 72 44 14 74 13 170 98 30 41 173 78 173 61 127 39 72 32 113 56 162 56 141 5 138 38 23 39 129 66 165 168 18 170 180 176 156 114 116 171 36 134 146 61 126 166 78 107 176 43 35 178 62 120 18 126 60 147 56 3 109 155 63 120 141 132 16 114 148 154 53 111 169 89 90 112 85 91 7 17 163 82 113 155 173 65 155 59 101 22 62 70 180 83 142 113 96 18 39 18 44 133 5 3 65 154 169 132 103 31 66 81 106 177 110 121 68 40 75 7 63 152 97 47 31 28 37 114 41 130 105 54 126 47 10 137 107 54 51 8 119 27 180 179 124 95 165 33 133 173 86 144 143 84 169 146 76 136 126 105 126 80 63 139 67 61 90 13 168 163 56 88 117 111 95 71 84 30 97 83 160 53 78 7 96 86 38 8 116 78 8 77 130 117 80 107 109 63 115 64 123 115 58 41 168 3 52 72 157 23 123 9 44 89 102 92 49 124 16 118 117 52 34 78 69 180 85 102 106 158 26 90 98 177 30 143 148 72 144 159 24 161 161 56 68 63 147 73 31 91 81 127 31 11 54 114 82 20 107 158 147 114 48 30 54 15 111 52 156 8 156 157 140 144 65 54 111 114 89 153 44 29 62 159 142 41 149 105 94 53 54 166 161 170 46 64 81 91 144 177 157 145 132 66 48 16 85 68 89 17 99 20 127 132 96 166 46 110 133 11 148 131 53 15 137 123 69 148 147 150 163 116 168 68 65 155 110 59 105 99 61 90 145 123 82 170 99 132 171 3 20 46 125 38 70 171 2 30 164 57 123 94 180 69 103 22 32 138 176 19 34 33 59 112 47 39 50 37 50 87 69 39 32 126 46 40 34 161 45 143 138 165 98 179 32 46 6 16 89 108 174 72 154 170 35 98 43 168 120 40 53 136 164 29 104 176 44 155 139 44 121 132 16 6 77 161 88 165 89 157 172 75 14 38 61 37 106 142 5 42 13 129 20 51 26 121 9 46 79 48 51 46 64 37 127 86 93 40 126 101 37 41 156 9 46 124 179 55 107 80 106 107 2 76 115 131 49 100 88 136 49 162 153 81 178 131 171 166 43 130 110 144 83 177 84 137 89 67 99 78 95 67 114 123 152 50 105 167 115 87 27 143 177 117 23 91 45 34 157 140 41 61 98 66 40 158 172 107 159 71 160 106 48 179 50 57 45 24 179 146 148 135 41 39 153 160 58 164 55 67 91 175 118 4 67 129 117 124 2 29 47 101 165 24 70 138 113 89 166 61 50 66 140 36 88 161 8 100 156 91 96 54 138 120 161 52 164 97 39 9 119 17 48 79 154 30 63 79 155 114 21 97 76 139 20 99 31 85 48 69 133 64 96 32 57 32 154 11 138 36 88 104 174 79 82 176 161 109 26 122 170 29 69 108 12 137 146 71 6 109 38 16 1 67 104 175 73 18 176 53 159 67 174 61 136 33 28 63 169 132 59 41 17 64 46 135 20 80 104 173 116 15 140 139 91 170 16 115 164 179 163 25 160 151 101 117 82 49 168 20 23 47 137 38 123 101 37 109 164 56 42 109 177 170 144 28 116 40 39 128 43 46 166 154 111 101 180 160 38 22 96 53 176 143 171 73 47 29 28 50 156 42 116 177 16 50 53 7 3 141 6 130 70 115 129 70 35 46 11 68 66 12 23 7 94 1 131 130 160 46 93 88 94 27 60 48 89 31 89 68 125 121 141 80 3 168 76 17 100 170 145 130 104 158 105 128 130 160 120 113 57 135 71 113 116 101 56 80 168 10 63 111 73 126 6 25 67 77 23 94 148 38 138 27 138 22 39 111 154 121 47 110 19 144 110 117 68 28 146 177 25 55 94 81 127 158 65 160 83 179 82 29 52 46 102 53 141 106 125 136 78 86 45 138 52 137 120 95 173 68 72 72 23 152 108 76 8 63 101 8 117 54 159 29 40 85 141 133 7 52 147 86 143 121 43 27 75 126 68 14 36 57 152 119 2 97 33 93 137 40 36 87 109 62 122 174 140 53 35 98 124 35 170 131 54 80 24 81 60 20 121 156 63 27 136 124 55 103 117 177 147 157 156 120 159 127 43 39 135 76 134 138 124 47 57 66 90 139 28 29 70 58 70 80 179 71 125 56 101 92 128 172 22 54 84 104 65 21 87 88 8 91 151 46 125 162 132 80 18 152 56 10 132 116 90 156 138 127 18 152 6 64 111 177 50 96 162 163 85 161 41 97 117 114 173 81 94 10 22 55 138 18 77 134 126 53 169 106 79 137 119 87 113 167 127 115 98 62 175 29 91 164 121 51 68 10 119 15 39 111 180 2 177 81 149 135 85 166 174 58 38 150 38 62 23 58 60 57 7 107 134 115 75 143 48 29 142 105 45 46 23 38 83 51 89 28 45 73 176 89 124 158 135 30 137 104 62 152 91 141 77 37 24 162 170 50 91 143 46 56 5 97 180 125 56 173 148 101 122 18 45 105 110 75 91 132 89 134 43 102 7 27 66 150 24 113 166 93 69 163 110 69
28 86 47 44 124 131 5 134 88 39 100 148 132 173 35 59 34 147 20 67 112 50 58 94 144 106 170 9 66 43 135 80 50 29 79 33 136 26 163 35 127 2 109 156 69 68 40 176 176 135 145 110 175 168 44 39 77 72 157 11 55 154 94 178 72 172 129 73 144 96 155 59 172 11 9 41 141 165 136 74 97 83 173 139 86 150 141 121 43 111 105 102 28 56 79 7 38 22 151 107 24 155 62 121 142 44 85 73 4 38 33 150 120 130 74 96 37 13 177 172 161 169 71 162 64 156 109 2 76 70 146 153 165 40 34 179 75 8 59 146 154 104 126 148 2 129 124 84 116 140 117 93 113 85 65 15 120 108 130 8 30 125 136 110 160 26 123 133 38 151 42 81 26 8 135 155 74 4 47 150 17 88 13 95 168 161 80 166 18 22 180 21 46 128 126 99 165 175 152 137 157 69 64 172 87 129 24 40 54 11 71 17 84 89 106 75 111 125 125 175 77 90 180 156 17 18 61 172 68 72 18 85 142 165 127 68 15 130 13 58 116 14 86 59 12 180 81 71 59 86 20 167 5 7 1 72 141 48 146 135 155 172 156 118 112 88 29 129 163 66 71 42 58 34 121 140 165 74 105 28 114 93 62 76 49 36 83 140 107 103 119 96 52 51 9 23 156 34 28 91 30 125 62 133 76 168 90 60 80 145 147 179 79 9 159 101 74 86 80 101 30 52 86 40 158 108 140 85 44 50 46 23 175 119 71 76 49 148 32 48 108 142 63 28 4 71 56 149 127 45 110 13 43 152 79 128 54 4 71 18 152 5 135 75 8 2 28 120 57 155 106 42 83 80 80 109 27 103 177 166 69 38 99 108 31 30 126 130 117 126 25 162 123 33 28 137 18 16 78 18 144 149 108 144 179 81 3 167 131 150 62 68 155 66 46 69 127 70 71 48 1 52 106 74 33 70 87 110 140 102 141 91 167 105 171 86 53 37 8 3 35 28 156 123 8 179 11 70 124 157 128 124 123 15 110 121 130 152 19 95 146 133 52 69 125 74 161 93 180 138 45 153 121 84 105 44 83 71 158 162 105 165 39 98 58 34 62 134 142 72 37 180 87 2 41 111 108 14 169 51 177 101 132 122 38 162 26 22 179 157 17 6 38 77 155 118 99 95 67 169 50 78 11 5 133 13 5 50 4 22 151 104 171 113 159 175 134 77 172 110 43 18 52 124 68 160 132 140 139 167 66 157 115 98 144 69 70 82 122 32 95 54 102 28 172 174 107 10 33 76 22 79 171 50 88 41 61 68 142 106 125 162 64 94 7 51 56 119 55 31 123 147 119 132 90 63 120 110 94 90 46 19 39 98 88 142 167 166 109 101 72 174 153 157 109 129 113 104 12 173 57 134 84 62 58 2 40 18 144 148 34 89 11 139 100 54 133 78 12 129 38 108 54 132 13 20 125 11 85 143 59 177 44 57 118 104 162 114 135 12 84 37 119 94 147 89 10 128 141 137 1 67 108 160 156 127 9 99 111 86 167 4 115 129 27 4 54 155 79 29 18 116 60 45 6 110 148 66 66 142 22 178 103 135 118 13 130 143 92 158 97 26 7 54 175 123 48 38 71 169 8 58 89 135 67 90 15 91 26 152 125 52 80 76 25 152 7 85 171 69 83 134 74 3 112 132 165 31 163 72 103 46 37 57 113 126 7 36 172 33 38 95 107 45 99 51 56 40 58 67 144 118 121 17 45 143 60 100 100 78 177 68 113 170 146 160 101 178 75 95 35 95 180 157 60 13 117 49 37 74 87 2 96 13 165 141 54 105 165 47 160 75 107 45 11 134 24 76 162 43 146 148 169 169 157 95 55 24 94 123 177 157 24 148 50 4 11 107 149 6 10 180 100 1 11 86 23 6 85 6 69 56 91 138 180 80 38 136 84 21 79 60 1 147 91 131 93 81 174 46 171 155 13 97 115 21 94 168 85 171 171 163 42 3 167 175 51 157 139 118 33 140 151 84 4 180 76 58 99 69 22 90 171 119 59 18 19 82 27 2 69 15 14 113 26 4 163 151 171 40 159 67 37 22 27 103 68 103 61 69 86 40 161 20 105 37 76 30 25 113 14 14 33 133 17 112 152 87 158 166 178 172 79 67 22 171 110 133 9 50 175 34 36 168 135 167 85 42 160 171 152 174 174 90 168 114 38 146 142 2 142 45 51 6 93 30 110 62 110 95 37 95 67 88 38 86 101 110 180 3 36 136 158 135 139 158 72 3 80 167 167 95 155 136 136 161 124 1 73 167 92 103 69 31 51 69 36 16 67 174 108 165 180 122 22 168 136 140 6 3 147 9 99 96 60 125 145 151 42 87 42 141 164 70 99 136 47 61 144 106 52 47 40 57 60 92 62 93 5 74 172 98 158 140 90 180 166 109 84 174 134 45 165 116 121 60 38 180 131 130 35 33 180 152 27 97 121 153 154 97 119 102 177 42 132 173 111 59 13 136 52 113 1 48 139 158 32 69 172 67 63 160 136 123 97 138 116 153 168 57 37 71 115 124 62 16 161 104 124 13 151 52 172 11 166 63 153 94 99 51 117 132 21 29 50 42 36 139 179 169 107 73 90 4 69 3 92 118 92 82 168 90 40 90 7 177 41 90 16 9 77 171 171 144 106 104 91 105 54 140 6 17 70 164 132 114 40 114 87 180 37 82 116 84 137 180 79 168 180 56 86 124 78 112 123 132 112 180 23 178 47 80 9 142 149 108 84 77 177 56 16 24 83 47 6 127 57 95 166 123 102 52 53 179 29 166 49 48 5 8 161 97 144 77 152 75 37 151 121 38 133 100 4 20 56 165 79 132 109 78 30 146 93 54 123 161 3 170 85 72 98 116 151 42 173 123 50 42 57 158 120 93 49 59 138 162 68 74 137 5 77 13 55 78 134 1 50 157 138 174 147 43 92 121 17 122 67 40 135 1 38 105 93 87 162 120 100 143 180 10 90 12 3 98 131 87 126 84 67 167 48 17 80 89 79 133 148 82 135 72
180 66 93 68 26 21 6 171 120 110 38 167 102 60 153 163 64 30 179 102 52 51 41 116 91 18 160 148 18 151 10 109 169 8 144 63 145 137 22 13 133 158 140 126 48 31 87 10 42 81 173 20 83 81 36 177 23 148 133 107 102 169 124 52 147 174 153 89 69 180 86 37 91 104 154 28 40 94 108 82 37 111 26 33 113 159 121 78 107 76 52 119 114 111 24 148 10 133 159 52 8 78 162 35 164 45 96 86 78 167 8 92 2 139 88 166 6 157 50 101 27 69 179 10 166 69 119 135 7 102 57 138 156 165 135 141 40 169 34 112 93 149 39 35 63 78 60 87 176 155 88 162 9 93 21 6 24 125 139 11 4 168 68 71 73 144 168 101 45 150 141 33 118 150 171 30 6 178 55 42 103 84 114 16 92 116 16 110 70 67 39 147 158 151 151 119 43 24 115 101 29 148 89 76 88 11 131 107 37 177 140 39 154 30 15 10 75 154 104 65 136 120 79 15 57 143 8 153 34 176 104 144 110 54 50 168 149 72 39 165 22 29 180 161 40 48 126 180 149 141 52 155 154 39 94 154 121 84 18 85 169 78 134 142 49 91 44 15 147 147 53 71 153 141 56 154 150 143 72 66 25 23 164 126 4 60 128 13 177 78 156 63 45 133 116 111 119 54 93 169 45 148 7 31 122 97 55 22 19 37 39 164 116 85 65 83 93 162 80 24 1 130 51 171 135 4 24 100 72 41 48 96 138 71 15 67 11 27 5 100 179 179 39 34 49 166 69 57 136 127 151 144 79 69 164 44 98 104 90 170 11 68 49 123 89 129 102 147 139 98 111 108 84 70 94 53 36 63 29 103 160 68 18 168 64 52 165 48 179 84 159 111 115 130 96 23 106 15 30 66 138 30 39 18 167 162 26 168 180 179 171 80 48 13 168 14 146 64 36 50 148 6 133 94 108 42 85 42 107 128 165 74 106 145 50 169 25 86 122 178 30 15 174 117 55 140 67 97 168 39 58 140 81 146 137 150 91 8 38 169 1 161 38 61 72 119 2 3 167 49 155 106 25 27 48 114 15 8 7 61 119 122 133 72 30 98 87 47 79 77 144 131 160 161 15 37 58 43 94 42 6 59 109 154 24 58 164 53 49 130 81 159 174 116 66 91 164 70 152 9 100 101 1 7 125 31 55 158 160 147 108 98 137 70 123 163 115 57 31 96 149 31 114 79 158 178 65 125 30 149 65 164 70 108 127 71 74 73 69 97 141 70 69 49 50 84 157 55 88 19 7 162 51 144 53 103 1 165 22 109 108 146 94 139 131 141 135 111 153 127 44 68 141 82 147 143 111 13 131 144 118 63 86 34 153 85 51 103 73 80 54 24 57 142 165 101 114 43 98 142 22 55 18 73 45 71 98 29 101 136 91 34 51 115 123 92 155 36 8 72 64 24 10 58 160 36 135 111 117 99 31 149 103 154 31 82 90 77 139 87 93 21 59 47 20 84 29 90 117 79 35 16 18 63 38 148 30 15 134 54 164 92 24 145 142 51 124 62 81 43 10 71 131 70 29 26 124 21 4 149 30 94 26 21 61 90 122 148 170 32 74 158 161 178 74 138 92 154 60 130 55 126 33 152 92 120 74 14 18 26 158 40 139 91 84 53 72 168 117 107 17 61 26 91 96 6 105 51 23 145 66 167 122 48 105 40 102 67 112 145 31 150 80 4 10 33 166 126 169 10 146 138 154 63 11 114 135 11 72 151 1 43 78 94 18 99 176 26 142 28 96 1 76 141 174 56 68 31 175 56 87 150 63 175 51 22 10 15 178 32 34 8 86 79 25 25 38 78 26 80 75 121 150 4 105 175 174 143 170 120 90 12 65 179 96 164 14 61 57 118 63 114 7 73 177 107 107 170 40 140 11 16 55 108 138 123 154 9 49 70 177 144 21 8 56 19 132 108 139 140 66 122 69 23 117 34 13 5 155 169 80 99 119 172 89 36 31 59 177 142 47 149 125 8 96 63 52 63 8 158 45 120 170 35 84 143 22 113 179 55 95 89 156 133 66 35 28 133 177 41 81 150 147 156 117 106 20 164 88 91 128 119 37 154 151 58 116 62 12 101 140 169 157 114 106 87 97 37 14 22 137 12 148 127 57 160 126 130 159 6 121 9 39 113 51 17 55 149 152 18 39 92 118 145 129 62 85 160 74 134 78 84 170 94 112 153 81 57 128 172 92 170 143 46 119 151 153 113 116 177 74 34 83 163 5 139 38 91 51 133 176 36 167 3 54 75 12 47 163 139 16 109 103 96 46 62 167 164 65 19 175 151 67 52 124 149 133 26 155 138 34 42 38 16 92 171 14 16 166 89 110 134 13 85 108 153 161 2 147 55 153 70 140 77 7 115 84 156 64 51 91 59 53 72 165 143 116 28 133 124 118 151 65 95 64 169 65 94 49 26 15 123 138 104 69 144 72 49 179 16 64 65 149 37 160 57 169 177 123 18 118 141 78 138 75 32 178 167 28 139 81 82 112 27 88 115 53 40 35 21 50 16 80 62 25 164 38 21 148 143 2 119 151 91 70 42 76 135 3 87 62 108 39 98 144 115 20 77 20 108 4 53 21 11 137 158 26 73 179 30 38 16 149 71 95 56 15 66 115 85 99 134 175 88 33 121 89 170 74 112 112 87 33 50 94 43 62 78 180 30 119 133 119 96 162 19 159 1 22 100 140 149 157 5 132 103 157 49 123 180 46 153 75 120 23 74 180 47 112 20 36 14 169 90 160 80 123 7 78 47 179 167 67 172 11 69 6 89 81 154 43 19 161 150 26 23 85 44 85 82 136 148 126 34 50 131 64 7 88 120 165 170 149 112 2 67 19 3 157 16 1 117 118 156 61 67 25 138 150 111 12 124 26 129 1 4 23 26 86 150 16 64 166 56 32 131 60 120 169 74 8 62 112 114 88 123 115 33 3 146 24 91 35 160 126 88 21 56 25 108 41 46 23 150 79 155 104 78 126 8 40 88 118 15 6 159 131 6 102 169
19 130 125 53 90 19 148 113 49 69 175 116 180 152 164 88 116 100 24 153 158 19 75 37 30 132 134 175 159 36 32 113 174 11 145 173 107 57 29 67 152 18 27 24 119 157 1 92 121 20 47 64 106 53 101 155 53 6 155 140 145 8 156 158 91 85 127 77 166 81 129 124 59 150 28 65 59 65 144 37 137 176 135 14 54 121 41 104 117 20 29 71 116 33 131 38 60 11 61 95 134 132 149 88 40 134 135 94 61 156 132 90 70 116 149 155 64 101 101 129 104 128 131 93 142 118 151 15 69 160 124 117 90 175 119 168 74 75 20 76 34 56 120 109 97 7 27 164 177 151 170 1 16 118 161 21 70 52 86 46 18 34 129 18 100 52 42 25 64 68 55 120 54 72 27 129 102 135 82 163 72 112 117 12 16 89 151 83 46 56 128 63 167 150 177 76 68 12 92 115 76 4 2 90 19 146 23 169 107 149 58 169 32 118 170 172 1 156 117 24 46 105 1 41 106 108 78 39 141 156 121 98 64 30 144 98 38 132 37 150 117 174 127 149 145 2 69 177 140 30 41 152 114 98 41 164 173 159 173 12 123 66 44 126 102 79 114 29 29 36 20 106 175 36 139 54 175 95 108 47 60 81 31 138 128 73 99 86 11 161 15 90 71 10 17 32 134 5 43 115 15 152 158 18 95 96 110 31 138 30 58 22 102 13 95 44 93 32 71 36 154 9 78 169 105 73 40 49 38 44 86 117 86 23 38 53 80 172 170 52 11 41 29 109 76 25 73 126 161 61 87 175 74 57 37 85 29 180 165 112 61 77 133 39 172 174 59 48 93 135 135 97 109 33 58 176 133 144 85 115 22 63 137 124 169 101 20 62 109 76 45 149 83 146 58 126 149 16 132 164 13 148 28 74 33 169 13 30 138 66 151 13 52 156 164 166 44 106 124 152 2 28 180 161 170 11 136 8 14 106 36 75 2 114 106 55 14 42 72 110 171 111 24 134 112 78 22 56 142 65 25 85 138 166 55 9 178 122 16 98 131 110 162 117 112 44 29 160 153 171 142 48 94 71 111 61 81 31 13 123 125 7 106 135 25 126 27 122 130 126 55 101 14 37 147 35 55 40 133 163 156 114 100 57 25 58 117 72 54 35 160 45 154 173 10 97 114 102 56 105 28 85 32 65 76 176 116 166 85 169 124 114 49 61 5 51 114 34 100 122 5 156 30 119 89 113 122 19 55 177 19 8 180 70 122 131 86 2 6 35 12 117 134 41 1 87 110 111 109 13 57 5 164 62 119 44 120 36 116 86 110 115 100 77 63 36 123 166 33 21 172 64 39 118 69 179 123 147 86 109 24 45 158 1 106 69 88 160 146 18 146 159 69 87 66 16 143 80 83 70 18 83 13 177 78 11 11 71 5 138 1 71 82 19 21 33 18 54 39 31 64 82 80 13 138 55 150 33 152 135 7 79 101 114 154 9 133 37 77 35 8 11 42 42 151 169 149 158 78 87 17 113 57 75 153 95 27 143 127 27 160 90 100 23 47 71 175 34 82 163 94 46 87 48 149 137 144 20 26 48 112 173 24 135 64 111 60 142 74 165 60 145 94 69 139 42 11 93 44 15 42 153 120 94 132 146 63 112 151 67 14 121 114 79 83 145 158 30 99 33 130 52 87 111 109 96 107 58 72 102 78 133 153 61 133 49 89 90 65 29 56 48 131 21 23 51 109 85 30 59 132 59 135 37 92 179 149 18 72 101 62 105 22 25 14 155 152 125 137 49 92 136 178 153 4 111 136 161 93 148 154 174 50 59 170 18 121 105 163 127 156 104 29 27 41 150 175 127 81 30 67 56 64 67 66 125 118 122 166 60 116 173 45 42 90 51 9 149 113 9 96 103 111 130 31 130 4 132 5 43 152 21 97 132 67 92 154 70 145 103 142 142 68 117 39 132 113 2 156 1 129 98 102 125 114 119 6 70 22 177 7 49 39 178 51 17 110 47 14 47 41 13 108 167 73 78 128 38 23 108 145 10 73 71 18 89 37 70 72 62 27 170 165 83 79 45 72 124 59 27 110 110 161 32 61 131 171 62 2 101 96 9 20 39 125 143 46 172 142 57 35 134 101 18 23 133 56 78 5 143 146 126 163 157 107 161 85 153 69 37 128 94 113 37 44 5 87 29 175 61 64 100 93 16 153 96 28 164 63 35 120 160 14 30 56 41 35 7 47 140 132 66 107 109 33 2 41 84 43 170 6 126 112 146 38 87 130 138 44 125 10 5 89 92 150 3 2 121 6 139 123 80 68 178 150 36 80 26 125 137 18 168 4 10 176 59 127 13 82 92 101 160 126 3 15 73 96 127 171 8 102 148 37 55 172 142 49 77 133 139 128 163 102 96 17 97 119 36 83 45 176 91 178 65 42 118 117 28 63 136 175 2 56 142 38 46 112 161 107 167 1 156 4 77 16 152 58 72 127 21 94 165 1 22 80 12 17 61 35 37 109 166 180 5 135 113 7 132 88 93 128 113 114 49 46 121 55 45 4 132 109 175 161 114 38 86 64 180 164 97 172 131 113 62 94 87 29 137 143 162 141 38 167 100 131 151 124 131 136 88 107 124 110 180 129 75 85 83 110 71 146 122 114 39 5 152 54 69 32 65 142 21 85 48 161 151 115 178 101 110 60 114 13 74 25 75 93 118 150 93 163 29 34 87 157 145 59 147 1 125 83 33 148 51 154 122 129 101 174 25 12 67 127 53 72 107 70 159 73 44 165 178 167 116 63 166 86 77 81 79 88 165 57 110 174 89 116 19 179 96 10 156 50 117 53 24 90 84 142 100 35 128 32 72 61 42 20 35 91 32 157 77 153 31 118 118 144 170 171 45 78 163 64 51 118 118 164 70 47 21 104 81 20 151 7 143 111 29 136 109 143 68 150 112 170 127 93 44 36 161 64 11 46 147 137 87 53 167 28 34 97 86 13 151 111 71 64 177 116 111 137 124 172 119 64 161 163 47 53 169 99 11 37 175 66 150 170 139 1 130
60 137 93 150 80 91 123 65 81 70 34 124 12 40 124 50 81 67 169 136 50 97 66 101 15 8 59 46 3 47 149 22 146 180 53 174 107 93 112 133 87 145 114 40 16 81 27 1 65 103 174 172 108 142 1 121 11 16 32 6 48 171 120 133 85 98 12 101 121 78 137 3 10 100 85 29 95 131 22 130 127 180 100 39 62 69 33 164 76 25 61 174 39 4 159 6 133 3 171 81 174 125 175 137 130 90 35 36 61 118 83 146 137 59 25 144 42 142 32 30 37 133 120 30 9 117 103 30 131 123 19 12 26 156 136 121 106 83 180 99 129 87 125 50 140 152 103 108 175 18 34 4 141 21 147 104 117 119 5 143 146 2 98 119 104 123 102 4 70 71 122 168 147 78 22 5 110 43 37 177 70 85 11 135 121 180 148 69 4 46 44 11 68 105 17 61 12 72 74 35 82 67 51 96 7 158 164 55 112 22 36 17 70 54 13 171 16 61 73 91 125 115 120 95 54 120 157 159 175 36 117 115 83 44 108 60 16 71 62 141 60 169 145 37 84 27 145 172 49 20 58 30 151 90 1 59 72 104 146 34 49 87 51 27 56 6 130 75 16 73 138 83 110 122 165 133 16 6 160 80 86 130 86 35 118 22 37 175 110 25 146 93 163 155 163 151 145 176 96 52 39 87 151 145 97 65 21 2 155 178 2 110 135 113 141 87 77 17 111 45 151 85 171 129 153 94 100 111 143 64 12 48 58 120 120 164 95 47 77 122 133 97 120 64 7 134 116 135 4 154 97 6 7 98 46 13 142 96 3 147 131 166 67 20 157 53 16 176 91 49 24 177 180 145 153 113 55 38 138 91 48 112 163 98 139 179 153 22 102 165 76 147 90 101 163 116 128 56 31 109 145 149 15 55 122 129 33 130 91 171 148 75 30 113 32 116 121 137 105 123 71 133 38 53 157 24 111 153 25 105 169 21 133 165 30 55 17 161 114 49 70 129 87 149 52 178 78 100 5 74 90 179 158 20 63 7 41 53 11 41 35 6 168 48 178 175 42 26 9 125 19 139 164 82 64 80 134 32 111 83 167 72 138 8 180 54 107 27 123 41 178 178 68 34 177 20 50 168 38 20 10 78 38 104 148 88 88 127 96 106 44 150 134 153 16 96 14 99 116 87 128 23 123 172 20 54 23 6 10 15 117 68 157 41 39 9 3 122 45 72 21 29 25 76 46 20 41 108 169 97 59 71 99 108 63 52 104 9 96 151 39 137 68 110 35 50 107 59 34 93 13 107 61 39 79 103 161 58 142 121 94 138 145 29 89 159 13 124 21 179 163 63 121 154 49 62 95 72 79 2 170 180 59 5 6 123 19 101 161 145 72 69 144 56 11 159 13 132 145 26 123 131 37 167 113 163 130 166 109 108 125 180 92 151 77 68 167 122 31 173 119 9 145 94 105 167 175 114 168 27 142 83 11 27 169 175 143 61 62 167 51 109 56 153 90 150 121 170 172 141 93 100 65 37 37 87 58 121 84 137 12 32 55 58 176 94 57 147 13 92 24 57 108 79 40 58 96 65 46 11 66 167 144 126 103 140 130 164 14 144 164 91 4 38 12 27 129 145 72 106 137 163 52 155 180 62 20 137 38 46 115 24 160 66 116 11 59 150 9 141 176 77 63 64 163 167 109 144 176 129 168 74 138 23 94 80 177 85 35 142 70 59 56 41 51 27 61 175 127 32 166 177 55 17 52 167 86 52 138 64 63 132 96 63 115 19 155 76 128 125 175 78 13 116 35 5 43 61 52 62 145 2 118 27 38 1 28 73 77 136 15 72 24 131 25 110 86 34 135 78 171 142 94 40 16 135 124 180 141 54 102 36 25 124 161 42 58 29 23 112 72 41 30 175 28 123 166 91 65 159 36 107 15 1 85 23 168 6 100 174 2 32 158 160 91 40 116 130 20 52 84 91 100 108 112 162 34 113 59 107 157 116 14 151 118 98 157 173 28 16 45 42 39 100 149 75 3 36 172 20 50 86 174 168 3 143 174 159 161 66 82 1 146 115 169 178 109 78 107 29 136 143 88 5 63 137 21 170 27 11 173 94 62 8 172 55 72 97 65 22 130 90 130 22 114 180 65 45 117 93 44 36 9 131 55 144 135 95 138 168 13 71 102 60 151 180 38 10 83 89 2 94 152 103 143 171 28 132 97 150 107 51 133 178 11 86 126 67 52 30 162 152 60 15 136 93 171 44 125 35 150 14 11 91 140 104 39 10 19 71 136 92 47 109 90 112 155 6 27 83 84 86 179 124 177 168 122 37 20 157 131 40 179 63 120 82 155 94 67 87 156 40 64 65 113 112 165 155 173 122 106 60 3 1 142 15 163 73 46 122 130 67 25 21 13 77 174 153 25 26 180 33 175 82 83 21 68 151 100 159 104 68 14 134 57 97 81 36 163 106 8 55 56 90 168 13 134 87 12 105 55 74 138 110 56 86 142 179 72 48 53 162 152 162 97 102 64 69 34 130 32 26 172 151 18 136 179 52 108 129 153 164 99 61 125 17 141 144 38 75 136 118 99 37 42 87 152 57 20 50 149 70 4 176 126 109 132 162 148 120 46 171 42 1 31 140 87 180 149 52 9 146 170 134 76 6 166 52 40 41 47 132 168 180 86 9 107 73 144 148 156 157 113 74 80 150 172 153 21 103 29 157 79 158 10 73 143 95 112 21 167 76 17 127 164 19 91 46 148 18 55 125 3 102 165 110 69 124 88 86 156 125 178 49 72 128 37 144 126 52 25 105 15 92 118 12 35 161 22 179 52 174 68 19 63 180 155 54 123 118 91 69 96 10 176 172 149 161 151 35 75 19 66 110 117 14 174 169 60 147 79 160 66 172 105 141 72 110 179 85 14 79 102 94 30 137 113 25 11 37 113 148 169 69 96 19 67 171 33 69 44 11 178 73 103 6 66 82 139 85 65 116 140 92 161 117 76 102 175 79 180 62 85 116 156 81 60 81 74 132 31 137 167 171 125 138 140 79 102 5
155 113 140 84 28 165 66 119 150 95 91 160 66 178 70 8 9 36 71 82 29 148 38 158 64 149 3 66 60 81 180 42 120 13 115 134 48 139 98 20 162 13 107 70 158 36 41 66 99 145 43 149 128 130 15 22 23 166 149 69 17 76 72 9 40 40 40 53 35 29 56 126 69 130 122 128 18 4 9 178 110 55 29 160 128 53 171 78 16 44 140 141 75 14 99 142 70 59 157 36 177 72 96 80 30 92 72 22 32 67 162 65 108 88 176 85 79 6 137 90 14 28 31 115 147 37 47 38 45 65 33 31 106 48 164 95 51 164 178 55 47 60 98 170 89 121 21 65 106 96 162 165 167 98 161 170 117 27 59 63 25 108 57 48 126 21 47 29 88 113 172 119 47 45 10 67 177 94 177 111 171 178 149 139 46 31 71 172 74 32 107 23 89 125 65 31 158 7 145 20 19 125 120 53 62 174 23 137 26 71 152 24 52 134 33 48 155 133 57 179 114 22 159 11 48 4 64 34 5 127 85 21 69 172 177 120 29 29 15 116 87 110 99 83 11 71 119 167 143 25 72 126 162 46 21 78 59 7 81 59 81 38 52 66 36 23 45 79 52 112 113 46 47 152 48 98 176 8 152 154 161 36 22 78 9 157 157 46 174 119 164 180 152 61 136 97 128 112 33 95 131 178 168 104 62 144 70 23 9 77 65 176 2 106 136 38 103 173 150 138 47 48 174 25 70 129 132 178 80 45 149 43 23 99 91 75 136 75 144 169 14 119 8 176 172 118 147 18 11 144 66 52 102 124 67 151 117 20 78 62 3 47 122 147 72 102 16 104 148 117 155 68 52 14 19 149 37 41 131 15 39 27 34 176 62 48 74 105 99 19 118 105 134 169 141 53 166 107 139 47 75 74 76 142 113 37 49 43 13 4 53 71 13 173 7 125 172 30 92 132 26 122 78 74 72 81 147 150 77 69 170 167 165 74 60 34 141 122 12 67 177 8 83 138 85 50 62 114 121 67 107 41 50 80 66 88 11 9 137 146 27 138 39 29 175 44 159 55 90 144 9 113 45 64 19 142 147 50 157 2 58 180 7 43 176 53 152 174 105 1 171 35 132 40 109 15 119 98 30 159 35 118 53 50 54 126 92 45 48 154 106 128 74 166 138 109 75 179 65 130 178 82 130 28 69 17 141 4 20 172 74 39 61 138 56 78 75 144 144 84 100 23 178 6 77 105 19 114 28 5 138 180 107 6 168 58 113 102 121 100 115 31 88 81 105 2 44 32 38 72 119 133 18 136 21 38 162 11 19 148 156 59 86 36 67 80 102 1 110 21 169 32 32 85 46 109 124 81 62 15 128 6 121 92 82 110 139 131 23 145 109 170 62 67 151 102 154 68 75 3 103 157 46 176 174 174 26 149 174 150 36 137 54 2 126 125 123 23 122 115 32 146 146 53 49 26 119 155 169 163 70 45 144 178 114 154 140 31 38 151 173 168 22 11 56 130 101 103 53 1 30 108 26 24 74 115 15 72 41 24 179 51 139 38 84 98 68 140 162 159 56 174 173 163 129 92 80 97 74 137 122 21 18 124 34 68 178 24 26 8 113 40 172 76 72 126 140 60 110 119 89 150 64 28 148 94 34 121 121 66 87 4 67 55 90 4 130 98 177 168 127 60 166 91 129 143 6 26 170 141 60 111 113 39 161 97 170 159 111 66 3 164 24 87 179 113 3 165 138 81 56 94 12 9 43 61 91 23 51 62 63 50 9 130 104 92 119 96 129 123 162 114 162 80 3 115 59 116 100 130 113 34 29 30 2 162 143 27 149 82 171 115 83 37 112 5 79 15 165 176 114 98 70 52 30 177 44 44 89 9 68 115 42 19 40 89 142 16 28 173 143 95 179 128 111 99 68 31 179 95 147 62 153 89 96 129 69 116 82 176 122 14 109 64 132 110 179 149 63 14 43 150 35 18 158 18 65 86 131 178 114 112 30 51 85 164 155 23 119 48 84 139 21 80 79 162 172 92 63 12 92 159 66 62 45 157 173 176 146 139 85 84 177 95 85 17 122 100 156 2 71 40 167 154 162 144 127 125 9 62 108 36 40 109 81 109 109 123 103 66 3 65 75 96 87 79 169 167 77 150 42 124 103 27 19 78 137 111 122 59 162 7 113 164 23 139 156 178 46 157 122 55 78 20 170 103 92 85 133 75 174 174 22 33 133 60 15 36 174 51 5 55 176 131 14 175 83 137 120 176 122 86 105 70 148 47 29 144 107 169 104 36 44 98 151 139 7 86 171 77 99 25 118 28 170 132 132 164 129 5 118 20 77 112 73 108 125 178 141 6 1 34 163 111 137 167 24 101 39 123 30 98 79 133 24 66 159 121 85 22 133 13 149 80 142 48 152 141 39 90 50 85 57 10 164 134 28 33 132 101 168 41 34 128 180 109 131 60 169 126 75 4 170 67 159 142 3 130 133 107 16 3 48 65 13 27 21 99 6 10 154 177 138 83 108 58 176 116 66 64 94 16 59 52 73 175 145 3 64 102 34 101 152 176 15 97 119 110 74 114 80 44 46 132 4 5 102 123 65 138 73 135 180 61 167 33 46 160 22 109 78 131 151 35 32 45 151 121 9 170 154 89 54 106 97 45 160 125 180 89 105 27 24 88 66 113 61 100 110 74 175 47 136 93 147 54 21 76 136 123 143 109 128 96 58 88 65 18 45 163 43 40 8 23 84 128 62 102 98 57 23 176 36 125 62 19 39 155 113 20 50 59 21 64 65 177 8 151 142 121 27 11 105 140 34 106 19 98 20 150 92 165 94 63 61 95 2 78 25 16 98 20 118 108 21 175 141 24 10 67 156 156 94 96 83 40 142 24 3 95 137 85 154 94 47 27 92 58 160 26 147 95 74 95 61 100 138 21 85 60 42 33 174 168 178 89 77 106 94 165 8 139 165 45 179 19 44 51 18 178 134 90 16 140 66 68 117 69 166 131 7 69 40 134 177 131 35 19 9 143 70 111 95 85 164 180 41 37 169 6
127 178 117 131 153 147 129 154 63 95 151 8 130 3 88 52 41 50 138 52 145 153 170 140 6 160 159 55 78 90 101 52 140 33 124 10 72 157 67 103 95 92 115 87 50 164 147 82 39 136 121 5 94 114 167 172 147 26 31 63 110 22 17 116 14 176 74 85 114 144 10 67 10 1 55 42 87 77 4 9 58 116 3 59 70 168 63 64 60 48 67 112 62 38 98 90 113 90 120 179 80 105 152 92 82 159 136 69 127 28 21 36 118 100 17 46 112 47 47 6 147 71 103 18 160 73 168 98 48 174 64 150 116 52 131 158 73 26 45 144 140 41 54 51 138 58 95 167 120 152 93 144 46 106 121 37 119 72 92 115 131 132 170 53 140 7 175 110 67 56 44 165 90 84 142 28 118 141 131 84 55 108 39 20 5 120 149 167 164 167 130 133 154 17 27 101 159 103 84 107 113 92 108 70 109 118 78 50 31 89 43 141 82 53 117 104 36 79 58 88 45 109 51 59 136 138 90 54 70 158 91 80 108 34 26 25 14 180 38 33 81 49 60 63 169 9 121 39 58 2 152 80 153 132 25 136 157 127 107 28 11 137 139 156 82 55 96 87 62 30 127 140 68 76 154 26 65 123 82 128 28 179 11 162 158 27 171 102 75 149 24 144 7 86 2 114 21 150 81 29 122 8 180 58 63 72 105 87 32 44 27 73 71 125 25 149 59 17 26 21 26 30 59 56 126 154 85 164 76 13 103 155 171 147 135 143 146 107 130 153 36 165 74 95 136 15 178 138 48 9 74 24 139 125 131 116 110 48 116 168 56 51 92 86 142 162 152 126 159 161 29 38 137 23 143 170 22 162 164 144 42 24 60 51 99 26 19 119 50 28 164 150 10 139 148 67 161 5 132 2 20 47 92 161 132 20 105 139 60 53 177 4 127 157 125 27 172 109 137 106 142 157 33 56 78 38 172 180 93 51 178 53 14 26 141 105 178 139 93 60 21 126 161 70 123 171 179 51 9 37 42 155 69 104 110 2 13 150 103 103 29 11 116 128 148 36 64 39 60 137 85 58 150 112 93 61 136 156 131 146 155 14 140 60 160 35 107 28 177 136 20 133 165 175 65 130 44 109 24 73 134 7 47 69 43 78 174 16 6 77 77 100 99 140 112 166 11 111 133 170 61 4 51 8 53 138 80 29 85 134 102 123 157 57 52 54 28 150 83 149 125 48 105 73 110 59 46 9 180 80 68 62 54 102 115 83 152 71 103 45 48 52 68 20 118 180 118 72 103 78 90 180 56 131 70 41 65 158 13 159 146 94 119 102 47 24 119 39 175 5 56 99 166 177 66 114 34 125 118 139 137 33 152 89 131 50 164 147 127 23 114 49 76 169 124 93 23 12 106 75 136 141 105 165 72 81 57 22 31 88 97 89 156 130 42 94 146 67 94 126 90 157 3 172 148 94 168 30 63 180 167 154 169 74 138 96 96 10 35 4 124 94 6 87 38 58 73 55 72 23 31 38 48 18 123 176 75 176 170 121 60 125 131 70 11 108 50 132 160 54 17 9 123 143 163 158 145 155 66 99 83 116 127 75 8 42 76 102 141 50 10 99 12 22 125 115 96 33 69 16 105 55 15 152 114 24 2 33 146 59 87 170 71 72 111 158 171 82 32 142 109 36 107 105 54 96 170 15 10 121 94 48 99 66 25 159 99 137 171 111 114 101 119 136 33 176 46 104 102 20 148 164 72 69 97 151 23 114 128 137 69 82 177 22 151 129 55 81 134 3 175 11 58 161 121 23 165 68 155 52 69 176 46 24 165 50 14 131 122 29 55 57 134 39 108 103 102 42 8 123 24 90 163 102 15 77 179 32 109 2 3 172 147 147 13 73 180 31 66 164 100 116 7 156 122 117 108 25 143 14 98 45 71 100 148 42 105 158 79 82 43 2 162 77 4 58 68 145 13 139 33 103 108 83 70 180 77 53 132 115 98 100 173 95 160 157 87 114 90 148 100 14 55 109 87 86 53 142 124 158 132 65 66 74 58 30 157 9 135 107 28 41 56 81 150 106 37 54 121 110 179 112 150 89 41 135 68 16 129 13 161 106 123 14 149 162 73 89 85 78 79 177 45 144 19 161 123 81 174 26 135 160 149 47 129 119 157 8 147 7 116 131 32 114 15 45 23 2 4 2 117 93 143 26 33 25 176 103 157 119 126 144 150 73 146 125 133 86 109 177 28 124 77 166 61 110 179 89 13 111 172 160 42 180 114 170 13 42 35 13 107 159 139 164 73 82 84 141 128 94 137 171 6 157 52 156 79 47 5 84 82 165 143 7 123 21 20 86 62 31 127 80 100 31 123 66 105 109 44 58 24 3 8 169 52 75 19 139 106 104 72 66 29 12 30 79 57 116 76 164 101 135 19 121 9 13 104 17 25 158 149 172 4 59 85 147 5 90 150 154 24 135 4 139 45 113 105 76 100 154 118 51 59 139 51 167 21 22 63 50 169 105 179 164 105 101 94 8 49 74 140 77 168 98 14 178 33 94 140 87 143 32 169 55 53 58 85 146 36 75 46 43 174 56 38 40 12 137 4 119 84 88 154 112 22 94 80 107 106 91 172 37 121 111 115 30 110 98 126 18 141 8 81 160 86 121 178 159 162 118 105 118 160 38 140 54 150 38 129 151 106 50 142 116 165 60 71 2 89 147 161 4 167 46 69 100 4 43 175 139 169 13 48 2 68 100 75 134 101 91 154 74 120 15 55 48 165 69 31 84 46 160 112 34 103 41 96 55 167 65 164 18 174 81 135 172 101 42 118 94 15 102 87 141 129 96 35 95 137 126 5 110 68 23 40 55 128 94 150 65 163 132 124 61 129 21 24 99 47 101 57 169 114 47 69 39 57 79 86 12 50 53 129 180 94 46 58 131 160 75 108 29 130 177 78 40 171 105 75 160 131 50 149 23 95 174 125 112 72 104 82 44 140 79 133 34 111 55 97 53 66 110 158 75 58 137 176 178 93 59 130 108 84 101 179 178 106 143 87 165
89 46 35 78 95 164 75 106 155 45 104 164 108 40 156 79 160 126 141 18 95 65 110 5 161 7 4 121 110 69 127 125 109 130 123 2 96 83 23 96 36 146 122 74 65 15 128 86 152 131 105 167 120 116 11 164 24 170 163 137 140 103 105 51 107 18 146 75 125 152 26 158 15 87 145 176 174 34 155 51 90 113 149 64 173 97 119 49 78 66 65 79 71 13 174 49 85 47 130 26 20 112 101 159 135 171 179 73 20 51 61 142 28 6 5 19 149 169 52 148 138 59 149 172 64 130 49 56 163 143 62 176 13 17 24 109 40 140 78 125 173 41 171 91 161 123 103 88 104 104 49 86 79 99 137 176 1 108 116 180 48 67 22 157 74 174 68 49 138 146 88 149 16 15 18 116 19 132 19 90 108 125 131 16 145 114 79 25 26 95 108 33 38 175 103 72 133 167 114 18 171 178 82 70 136 94 107 171 57 53 69 108 151 145 147 20 95 94 163 111 62 117 80 101 16 179 50 179 6 44 122 151 96 92 25 38 67 120 76 122 23 49 10 171 10 89 4 10 108 165 17 163 119 53 102 148 29 19 38 83 167 43 14 16 173 30 135 19 80 50 101 68 84 84 164 12 3 83 49 154 4 140 39 78 90 98 78 149 45 180 133 159 149 132 87 171 114 132 69 101 111 101 121 21 33 34 126 20 30 95 133 151 180 34 120 74 82 126 3 75 29 167 84 147 129 90 20 134 94 142 44 168 77 25 82 165 43 180 139 11 177 76 145 111 172 59 105 159 150 4 111 108 82 69 103 149 42 36 157 179 68 143 61 142 23 85 101 180 153 107 86 132 1 75 26 132 77 22 123 17 111 7 96 78 8 164 169 16 170 32 122 43 10 99 179 42 173 146 179 175 56 180 177 147 76 81 149 173 44 24 78 154 19 139 148 170 49 126 173 179 126 59 110 71 73 95 78 145 143 132 173 23 152 29 88 164 136 25 123 95 90 104 100 128 14 139 176 147 134 132 150 114 139 5 72 42 179 54 66 4 97 88 138 108 32 59 147 159 1 154 1 162 90 58 105 55 157 45 16 177 53 88 4 177 151 177 80 47 171 158 2 127 43 73 109 112 64 38 45 77 42 69 153 77 5 133 101 85 134 164 93 18 71 93 2 24 122 165 149 162 101 175 3 173 53 3 102 7 14 12 151 88 162 152 141 82 171 90 91 13 15 38 51 94 178 90 33 138 94 127 130 96 22 73 166 117 57 147 1 28 18 94 54 29 56 44 88 109 108 132 169 167 139 111 166 37 10 7 129 42 99 98 72 167 103 33 151 103 76 6 143 156 107 41 93 59 1 167 124 80 12 103 80 15 121 123 137 3 175 143 11 119 56 167 130 71 54 149 127 179 170 136 34 75 119 41 27 33 52 90 119 2 106 131 61 92 171 72 110 124 94 40 99 62 92 97 10 120 147 155 110 113 168 86 111 129 139 90 118 37 119 130 179 120 174 153 53 9 117 16 133 132 127 105 28 164 14 43 1 140 102 158 47 64 42 50 77 105 160 101 113 30 106 78 159 160 141 140 104 68 163 101 35 141 163 139 53 160 89 11 77 1 89 110 38 107 122 177 123 44 93 157 27 78 176 96 120 23 85 136 8 168 32 26 16 177 94 48 104 130 107 131 98 28 154 95 150 74 22 52 111 152 89 68 63 77 67 83 114 13 164 104 101 126 54 91 83 57 88 138 142 124 102 152 67 70 23 77 72 154 49 166 2 49 55 69 11 126 23 2 179 170 93 2 142 164 163 50 124 161 172 83 170 165 19 72 171 170 117 6 55 28 17 34 77 62 119 22 45 23 1 1 149 112 114 16 161 152 166 8 36 128 97 106 92 4 126 70 34 142 33 110 124 175 143 59 13 40 23 46 124 7 141 104 142 154 35 168 162 136 122 102 78 150 135 40 131 42 43 155 123 88 110 109 149 3 99 160 138 89 105 51 87 21 124 50 123 38 35 67 159 151 96 79 92 90 115 13 72 20 105 149 94 127 101 139 24 168 117 43 64 154 131 79 177 103 177 145 115 31 33 174 96 21 89 58 19 77 32 138 29 87 153 113 70 84 95 39 155 60 43 83 50 145 66 100 128 59 139 124 13 114 114 25 77 11 62 110 40 56 137 149 135 55 126 58 161 165 65 52 178 84 2 42 170 133 29 110 29 132 10 131 45 126 24 148 159 53 41 167 42 6 17 10 162 64 48 30 148 173 70 13 11 37 121 44 20 94 146 126 105 50 156 103 145 122 5 128 59 64 104 121 57 47 129 173 67 50 42 154 155 31 15 33 137 138 52 177 38 162 132 100 45 3 135 75 6 59 59 102 14 10 3 31 176 66 127 173 135 58 155 55 38 33 146 37 104 33 61 15 97 153 132 173 5 38 176 132 175 167 144 163 169 16 2 158 121 31 143 18 168 134 152 176 76 170 156 15 158 127 171 123 80 136 33 24 177 114 93 134 176 162 15 91 47 64 71 81 143 103 27 148 68 179 108 80 89 95 42 138 26 30 71 44 121 32 75 156 41 18 82 65 90 8 41 24 100 165 10 135 6 115 36 30 100 10 30 128 170 133 100 39 107 76 73 52 177 31 151 110 120 171 139 58 94 68 14 142 17 142 161 25 61 57 18 122 127 116 65 116 5 40 58 86 27 122 12 56 172 53 10 6 113 100 145 116 109 51 139 165 16 165 59 59 96 77 166 89 25 59 42 126 42 67 36 62 67 163 71 52 10 62 139 25 122 131 19 163 153 159 116 109 25 101 38 173 134 146 87 87 55 147 19 101 62 88 95 127 19 155 13 60 139 48 140 64 9 135 77 155 72 130 160 120 161 72 86 76 64 33 21 162 79 68 162 35 29 8 92 66 55 49 160 123 132 74 129 115 47 48 169 43 127 84 66 51 50 55 27 59 20 8 95 156 90 164 88 131 77 79 100 173 162 110 179 19 66 57 29 60 134 21 150 101 80 149 160 88 92 100 106 163 35 20 135 162 59 97 163 62
17 99 106 87 180 132 26 35 122 102 91 41 178 90 98 13 6 177 176 150 47 137 23 54 161 54 86 134 15 118 130 165 3 118 81 91 133 81 150 150 63 82 49 161 55 135 143 174 93 28 32 43 98 48 9 129 48 80 3 105 56 37 88 118 122 169 22 40 101 107 78 105 5 100 111 16 58 115 157 56 95 150 129 147 86 65 122 50 14 139 99 175 145 105 80 125 33 170 102 28 134 46 55 38 101 67 172 167 125 165 105 38 178 106 48 90 98 68 143 159 157 156 67 26 43 131 128 161 35 40 90 20 126 81 165 166 163 14 157 8 73 144 92 161 56 117 127 168 61 49 137 154 131 37 23 43 36 63 95 33 94 150 29 108 63 49 10 83 53 91 16 123 125 135 27 11 114 102 68 144 58 100 47 55 179 17 107 167 34 100 168 175 137 140 67 49 82 41 59 35 80 79 84 34 87 71 104 109 71 120 79 106 51 76 56 132 48 129 114 106 152 97 77 140 126 49 168 117 120 178 88 178 165 95 82 120 157 135 42 69 156 83 167 126 133 120 121 122 103 127 121 131 23 57 72 122 44 39 48 60 136 84 177 57 62 65 105 130 172 49 180 94 46 147 6 174 2 165 136 74 39 89 179 95 36 78 98 115 99 50 39 38 82 130 141 26 160 76 34 79 13 11 128 127 17 115 33 106 153 98 173 23 50 78 11 143 35 50 71 134 106 70 57 72 35 159 11 51 152 140 91 39 158 85 55 117 28 11 164 126 97 123 115 101 30 131 16 3 144 133 82 75 84 29 157 116 58 43 98 94 159 144 118 47 30 141 128 61 83 86 139 95 120 52 96 2 40 69 35 173 2 127 45 102 130 77 44 90 98 146 26 84 128 57 167 39 70 67 155 55 48 141 121 8 4 73 44 22 108 7 179 149 76 69 169 28 86 59 30 22 113 71 79 2 33 7 145 95 42 105 46 97 90 30 49 177 166 172 45 179 152 71 74 71 94 9 36 30 108 154 68 156 35 99 29 113 120 66 21 92 102 121 16 6 56 111 140 16 24 92 45 79 155 74 26 110 68 42 105 47 152 39 105 111 112 109 57 144 171 174 89 112 43 150 112 9 174 23 154 135 38 77 149 68 18 158 56 98 66 59 141 133 24 64 166 53 64 172 147 81 168 34 18 39 91 62 23 45 112 73 26 176 169 38 173 172 56 80 80 81 101 102 69 57 142 96 112 75 53 146 147 172 19 121 39 38 13 124 170 76 107 75 118 11 154 119 77 165 113 25 75 113 91 172 115 159 12 165 42 123 130 110 81 170 180 1 141 78 89 115 80 145 162 27 132 141 7 73 67 115 141 129 35 124 77 133 110 160 25 145 152 53 48 36 133 169 1 69 21 111 73 24 154 16 63 21 89 20 137 10 98 88 103 53 131 72 45 120 74 18 170 34 137 48 74 30 32 177 151 81 22 72 50 153 152 48 143 178 89 95 108 166 152 138 146 139 30 48 141 6 170 21 140 114 2 63 32 89 93 131 149 145 153 67 42 115 131 75 40 172 28 41 12 32 144 150 104 39 6 58 46 86 7 68 104 90 79 84 58 118 81 105 89 85 22 72 177 69 80 137 11 21 68 87 55 45 102 166 178 24 22 78 72 149 93 53 156 13 146 129 93 95 40 66 136 71 55 50 49 57 35 57 99 27 179 144 133 84 15 10 4 8 114 30 157 173 73 25 174 59 88 42 163 145 171 60 68 107 74 134 165 113 67 152 147 138 65 49 156 85 37 101 150 5 47 146 42 169 59 119 34 13 68 180 179 142 45 111 172 169 73 65 33 81 125 94 149 49 43 153 24 99 58 125 137 175 126 26 49 178 167 157 18 17 98 166 68 88 35 180 68 90 96 57 1 1 51 18 20 112 29 156 82 17 48 71 159 134 163 159 102 24 123 58 19 159 25 78 34 1 173 97 153 133 72 60 132 166 83 128 129 142 180 144 79 20 14 17 14 74 140 159 119 28 26 34 22 131 135 92 85 15 8 6 77 99 56 64 63 54 44 62 146 102 18 127 97 53 71 133 17 135 16 112 143 104 118 176 98 101 124 66 47 156 148 129 93 171 76 126 58 8 159 177 112 2 78 31 116 43 5 84 34 108 40 106 70 28 28 42 15 70 79 176 142 57 137 180 33 48 8 2 49 39 142 176 134 26 139 141 70 127 13 23 146 103 122 109 101 46 73 157 111 41 59 63 3 3 170 105 176 5 95 141 94 37 69 4 149 152 132 154 148 147 55 18 155 18 98 26 179 89 15 7 56 26 89 115 11 18 72 126 85 178 108 146 142 92 21 130 151 156 36 137 145 127 143 126 59 68 125 103 61 142 49 33 19 40 65 36 104 106 169 70 6 78 45 126 42 10 109 172 110 9 59 140 78 138 172 88 100 47 178 26 136 27 99 5 118 115 31 61 174 97 26 82 59 21 36 152 34 74 80 141 112 104 45 128 96 63 178 152 73 64 67 41 135 28 54 28 99 139 10 19 58 19 70 137 150 128 89 160 64 144 125 101 90 167 19 8 83 98 116 64 92 75 29 112 55 177 12 90 95 34 177 92 40 21 7 51 91 45 95 60 175 2 118 80 87 72 121 120 51 113 42 62 55 1 57 2 150 172 18 3 56 28 138 5 162 125 32 46 146 4 57 125 36 151 50 42 150 94 166 129 68 97 109 153 148 85 67 97 84 11 51 94 94 106 101 24 32 57 25 28 83 75 163 8 92 159 59 44 23 103 103 128 72 48 64 108 3 63 153 105 140 23 99 74 96 147 15 136 108 174 16 149 177 42 82 1 158 9 159 23 20 84 84 172 134 53 150 38 41 48 96 116 84 42 162 173 76 160 108 29 159 165 164 163 137 145 155 149 17 138 38 148 126 142 14 164 150 170 68 59 86 155 51 51 165 93 97 157 2 75 173 175 126 143 149 177 11 119 90 113 4 111 93 63 151 159 173 117 45 39 89 94 138 119 1 35 112 32 40 61 68 117 133 64 85 28
171 140 171 109 36 44 67 79 56 77 155 44 11 116 166 49 138 63 167 77 110 43 41 143 24 8 116 173 49 131 171 62 72 149 161 129 118 34 169 172 155 49 25 5 131 34 37 159 147 151 93 104 100 45 24 100 100 151 117 29 87 134 113 140 48 66 142 138 61 37 66 177 99 113 28 130 37 22 7 55 109 35 91 83 119 56 152 40 178 43 146 85 86 167 71 21 34 147 83 14 135 116 81 65 52 139 178 16 63 123 88 35 45 140 9 16 135 30 165 64 170 112 62 73 136 146 161 174 137 43 152 13 29 49 98 128 91 3 87 86 126 41 7 99 105 88 153 137 32 35 153 164 54 134 96 21 77 77 134 152 7 124 63 90 116 158 120 27 161 120 93 2 117 15 80 61 83 3 142 113 127 36 27 125 152 69 111 108 7 179 85 77 83 106 175 169 45 52 149 112 13 136 17 148 39 177 104 18 110 169 25 22 147 67 14 16 53 85 124 173 59 85 95 153 92 23 26 93 131 131 142 175 152 5 179 136 22 76 18 95 61 80 22 167 180 49 80 50 41 108 44 156 117 75 49 128 67 55 180 50 170 151 9 151 102 173 176 58 99 43 113 161 113 51 11 46 79 98 41 32 75 62 135 19 154 162 90 29 104 26 115 125 138 61 111 142 157 134 129 124 13 25 144 63 17 43 8 136 15 117 96 91 50 115 33 82 83 28 60 67 110 82 133 153 104 145 35 116 122 128 53 130 109 34 62 37 168 171 149 127 159 165 71 174 31 28 78 17 131 161 168 17 54 39 94 115 153 50 87 10 21 112 159 11 79 173 9 149 180 58 137 178 160 93 174 64 94 107 131 142 160 177 164 160 81 52 39 42 13 174 70 51 80 8 56 62 81 62 96 133 138 170 5 9 154 83 63 70 46 106 51 126 135 178 4 126 128 114 33 139 166 119 90 38 27 88 122 94 136 66 66 71 26 108 20 117 142 178 120 173 173 115 173 116 55 139 102 115 172 138 71 51 176 31 75 173 97 88 84 122 21 98 2 117 26 24 74 13 70 34 15 168 132 150 89 49 148 149 166 80 156 66 37 120 104 14 100 34 68 77 118 106 120 116 48 9 154 69 105 165 127 26 175 54 104 107 18 17 81 173 54 13 91 55 167 147 28 114 113 99 110 155 79 26 65 74 44 106 47 166 143 151 100 131 47 14 121 155 48 168 168 17 52 151 67 28 132 9 47 103 176 139 12 45 36 64 138 158 42 58 67 9 104 28 39 52 113 175 35 44 156 136 107 144 180 173 175 144 113 130 39 95 117 17 6 164 158 173 60 120 87 178 116 95 127 79 145 49 7 118 110 136 174 69 140 1 150 152 80 119 171 161 64 66 18 35 95 141 138 11 79 78 97 15 142 162 141 154 106 151 99 12 29 170 48 32 126 26 102 14 77 47 63 176 119 168 37 117 104 2 99 167 14 41 134 147 92 63 74 17 90 118 22 84 23 131 159 129 161 168 124 89 98 178 130 34 143 12 40 115 159 94 86 107 51 164 5 147 9 90 63 83 99 147 81 92 24 16 109 72 24 64 97 170 22 152 88 113 92 23 141 75 7 18 128 97 46 85 147 112 86 127 74 43 4 65 49 93 61 163 45 42 116 170 7 39 90 157 89 18 47 22 86 112 97 171 24 170 70 79 92 166 132 166 3 32 165 123 44 21 82 110 106 51 42 133 23 155 75 27 122 151 20 169 31 145 11 15 48 163 6 65 88 146 69 51 130 152 166 158 126 137 61 153 110 139 31 35 97 101 18 144 73 33 33 128 80 5 23 59 154 155 65 57 5 135 150 53 65 14 178 175 116 165 146 89 16 174 174 29 72 164 24 148 54 145 45 106 132 61 55 156 50 164 138 127 134 21 4 15 93 5 39 101 38 173 109 141 122 18 29 60 34 148 142 64 161 54 51 111 46 51 135 84 43 149 56 102 99 50 32 133 168 178 34 167 48 87 138 139 93 149 137 87 154 130 66 126 151 172 92 136 131 171 102 173 105 1 52 124 174 84 105 10 110 149 153 42 24 63 70 152 46 170 91 114 143 30 18 76 120 138 37 27 120 48 66 112 173 1 79 119 171 55 88 125 108 66 34 68 1 178 7 73 138 114 101 140 94 35 40 53 113 152 21 17 143 169 11 63 16 55 23 32 122 66 136 30 154 16 2 180 44 59 93 74 57 96 110 163 178 105 40 4 24 65 164 107 41 90 38 104 150 10 41 90 85 89 175 110 112 161 73 110 86 61 50 7 169 50 118 139 12 64 23 17 74 165 56 141 55 77 128 52 93 86 102 79 134 1 175 55 53 36 96 116 100 8 13 165 138 107 155 111 166 53 178 88 44 159 163 162 130 95 79 25 126 104 121 50 158 125 127 108 97 19 150 149 82 41 98 85 107 178 73 23 61 22 149 41 32 173 56 179 128 12 41 143 180 94 9 166 91 2 113 10 135 18 58 38 161 19 63 143 167 95 107 168 50 128 164 52 154 166 145 16 1 51 77 104 150 55 26 14 120 121 168 171 67 94 24 124 153 27 145 102 45 49 22 96 12 175 130 118 36 44 42 96 160 104 109 9 139 71 106 75 105 172 177 3 32 20 44 142 133 180 162 78 75 19 36 122 117 103 178 1 156 33 63 90 166 87 62 11 44 72 63 30 3 29 166 41 141 13 79 156 178 58 175 73 31 111 34 134 120 9 106 141 116 131 116 148 125 91 29 128 66 100 31 165 25 128 133 180 42 150 151 141 171 156 6 102 115 62 70 50 79 134 171 165 21 177 52 28 48 4 126 38 176 58 21 19 7 109 108 61 1 86 117 11 90 116 114 51 142 160 92 15 144 173 169 55 49 64 89 76 95 167 132 153 90 151 76 120 3 9 124 17 87 106 133 60 108 67 46 97 126 13 38 40 127 46 171 99 74 136 100 82 103 167 76 176 128 94 146 59 22 4 109 75 172 114 143 62 5 132 130 68 98 159 66 106 4 24 80 16 168 167 71 86
161 31 142 8 178 156 92 46 98 33 47 17 125 130 53 147 66 71 155 136 121 62 84 130 23 40 64 151 165 17 145 29 25 30 128 119 60 69 106 159 74 46 13 99 176 13 73 48 109 125 87 38 14 15 88 102 101 170 31 151 99 31 41 125 137 137 140 29 10 128 40 3 46 18 18 146 157 122 135 21 132 5 171 113 72 103 5 52 104 120 161 90 150 102 88 32 2 151 64 154 60 166 3 60 31 128 130 100 23 99 162 80 103 52 124 46 73 147 57 156 53 57 30 63 154 96 160 97 154 121 149 11 176 74 74 27 18 110 171 70 165 133 115 19 68 63 41 1 166 35 80 150 179 131 116 45 175 62 118 152 143 104 75 48 129 96 135 45 55 144 108 26 13 134 87 70 37 87 157 135 105 128 155 132 12 80 75 42 66 26 121 61 76 71 122 124 73 129 180 73 23 84 57 79 29 109 61 62 169 44 25 35 113 161 86 104 146 83 108 40 85 178 36 60 109 46 144 29 158 50 21 133 126 175 162 54 49 88 149 168 4 55 23 106 164 142 85 9 124 25 29 13 164 108 149 106 105 65 88 152 98 99 59 29 57 8 9 153 139 43 15 109 122 139 101 136 79 142 54 129 180 89 115 54 157 57 41 24 64 77 157 54 66 3 52 168 150 152 72 40 125 180 129 175 123 50 152 17 119 92 44 109 175 29 155 20 113 63 97 147 10 146 169 7 119 145 95 93 79 33 83 83 66 52 48 69 38 49 109 55 70 166 24 56 35 80 46 162 18 37 4 49 30 150 163 174 152 178 121 82 23 172 178 147 168 28 71 104 14 90 109 71 144 88 70 60 85 15 68 102 83 135 110 157 15 24 87 123 150 27 74 101 139 92 9 91 9 146 63 120 147 112 166 88 16 60 16 2 91 9 180 5 22 131 23 104 137 12 110 143 154 49 159 30 10 139 115 126 116 19 137 145 119 136 115 88 84 72 31 143 34 57 135 117 115 22 174 159 24 62 142 133 99 71 155 31 87 26 84 160 58 9 35 68 175 138 77 38 179 116 37 122 121 45 23 25 172 6 14 119 140 34 165 133 25 40 66 134 18 31 40 35 130 157 27 54 173 67 91 100 30 126 54 50 124 159 48 180 150 172 80 93 127 117 24 131 70 102 23 166 127 80 168 179 91 127 91 18 168 63 174 123 135 99 102 7 44 68 23 17 8 119 98 39 30 166 139 163 148 44 138 57 66 157 105 173 55 101 16 110 71 110 98 40 10 169 32 25 137 161 112 160 113 52 6 139 54 71 89 23 18 119 21 30 135 19 132 79 22 88 18 119 80 87 110 172 125 156 39 159 143 116 53 126 14 128 107 169 168 158 91 39 120 29 82 36 138 176 130 95 138 163 113 116 40 28 51 13 96 122 55 3 141 148 70 137 138 42 6 169 153 160 104 55 81 115 100 145 56 158 11 66 113 92 169 133 111 136 61 56 111 106 14 67 169 34 89 68 90 3 174 122 30 94 16 168 2 79 87 172 72 129 163 103 66 122 25 54 164 147 147 26 175 40 62 60 110 50 105 93 105 7 8 163 22 128 107 31 80 177 99 25 66 170 28 116 126 7 164 111 79 157 122 177 1 121 17 51 23 51 43 67 143 16 54 155 75 39 66 17 102 132 166 75 93 36 91 50 153 139 20 40 143 145 90 55 62 37 12 149 122 136 169 75 108 45 48 56 117 24 138 164 126 11 68 144 39 25 76 53 153 70 173 159 61 23 1 94 135 100 30 27 110 73 165 134 126 180 134 110 144 98 19 47 103 74 93 123 121 180 176 152 102 125 39 5 128 67 11 109 90 24 111 157 167 129 77 110 25 99 80 124 3 43 7 49 120 53 64 169 6 43 83 176 18 45 133 116 79 118 7 68 93 59 122 180 51 41 20 180 57 120 55 169 104 160 102 5 101 86 141 8 121 3 99 117 136 80 32 52 64 70 65 61 84 138 178 105 86 8 86 149 154 89 137 79 80 153 24 41 2 70 111 166 46 4 80 62 87 86 140 58 8 45 151 76 19 43 127 7 103 9 153 7 156 89 36 124 55 79 72 37 161 56 77 5 118 132 28 11 156 133 141 173 180 43 172 174 71 102 35 1 113 172 131 87 119 116 165 87 11 156 76 168 37 120 131 140 121 36 6 167 96 39 151 20 75 142 147 54 114 53 131 72 128 115 15 73 108 27 70 53 39 135 8 170 129 155 109 83 55 131 12 172 74 44 96 122 84 137 37 179 150 4 41 115 60 24 84 42 13 46 148 42 10 87 118 171 66 38 130 161 31 97 141 142 132 58 77 156 124 173 170 65 2 63 177 33 112 142 61 108 173 42 105 78 68 106 56 83 146 149 161 83 96 114 92 68 179 119 135 69 57 172 160 85 159 158 98 55 69 109 23 167 42 50 163 143 40 108 135 19 30 127 111 59 25 180 142 157 112 102 96 15 72 52 165 13 38 71 72 155 116 72 68 68 18 143 142 160 122 48 170 75 153 58 146 166 105 141 159 59 10 108 163 111 148 133 175 29 13 162 74 83 129 7 130 62 122 94 81 163 178 53 100 99 143 12 172 73 18 129 154 108 66 127 36 148 66 142 88 80 106 104 23 88 172 180 95 168 3 89 136 137 142 9 105 102 165 77 12 22 155 5 111 115 15 174 5 167 140 146 93 77 170 54 12 159 127 137 174 51 100 39 161 91 93 56 88 55 176 97 106 154 30 157 51 168 33 130 136 13 47 15 20 10 152 131 125 7 85 118 52 48 53 19 68 78 39 87 180 16 124 108 121 66 84 122 70 150 16 73 35 29 80 176 33 169 96 173 38 141 95 141 115 30 138 155 114 155 155 180 85 130 147 22 50 143 25 116 125 52 45 116 158 171 121 78 90 159 84 137 149 39 41 13 92 157 44 60 59 143 103 146 29 75 134 2 98 110 129 72 92 57 51 97 112 167 166 85 165 67 135 34 83 139 50 111 157 19 31 32 60 35 93 172 170 104 95 62
0.2
0.3
0.4
0.4
0.3
0.3
0.3
0.3
0.4
0.2
0.2
0.3
0.2
0.3
0.3
0.3
0.3
0.3
0.4
0.4
0.4
0.2
0.4
0.2
0.2
0.2
0.4
0.2
0.3
0.3
0.3
0.3
0.3
0.4
0.3
0.3
0.3
0.2
0.4
0.3
0.3
0.3
0.4
0.4
0.3
0.3
0.3
0.2
0.2
0.2
0.4
0.2
0.4
0.2
0.3
0.3
0.4
0.3
0.3
0.4
0.4
0.2
0.3
0.3
0.4
0.3
0.3
0.3
0.3
0.3
0.2
0.3
0.3
0.3
0.3
0.3
0.3
0.3
0.2
0.3
0.4
0.3
0.3
0.4
0.4
0.4
0.3
0.4
0.4
0.2
0.3
0.3
0.3
0.3
0.2
0.3
0.3
0.2
0.2
0.3
0.2
0.4
0.3
0.3
0.3
