70 12
15
21524
21615
20727
21326
22195
23059
22126
22459
22865
22217
22396
21489
22274
21449
21694
2.2 44.6 59.8 2.2
3.5 38 431.5 2.3
3.2 30 736.1 2.1
1.1 67.6 103.6 2
1.9 46.4 84.8 2.1
4.7 33.6 839.9 2.3
3.8 46.5 486.5 2.2
2.1 45.8 369.6 2.2
2.5 54.7 342.1 2
3.5 71.5 300.5 2.3
2.1 57 889.7 2.5
3.2 19.2 565.5 1.7
1.7 21 917.8 1.6
3.7 69.5 61.4 2.1
4.4 50 172.5 2.2
1.7 23.2 604.3 1.7
2.3 30.3 242.8 2
2.5 34.4 790.7 2.1
1.3 25.5 636.1 2.3
3.6 72.7 493.1 1.8
2.2 21.4 96.7 2.5
1.2 73.7 289.4 2.4
3.8 22.7 280.6 2.2
3.3 56.7 884.4 1.9
3.5 72.4 831.9 1.7
4 66.9 262.2 1.8
4.7 71.3 352.6 2.3
2.9 19.6 569.4 2.1
1.2 49.6 83.6 1.8
4 32.6 703.5 2
3.9 58.8 59.2 2
3.2 25.7 336.8 2.4
3.9 74.8 783.6 2.3
5 21.7 538.5 2.5
2.3 69.5 812.9 2.5
2.4 32.8 662.6 1.7
3.7 30.3 492 1.7
2.6 51.6 871.1 2.3
2.5 58.8 131.3 1.7
1.4 25.8 489.9 2.3
3.6 63.2 457.8 2.2
4.7 34.6 104.7 2.4
3.3 47.6 544.2 1.8
3.3 29.9 163.7 2.4
1.3 18.1 674.7 2.4
2.9 59.7 809 2
3.7 45.9 297.6 2.2
4.1 44.1 561.6 2.1
2.4 47.3 69.4 2
3.5 68.4 361.2 2.2
3.5 54.3 109.6 2.4
4.3 50.4 870.3 1.8
3.3 48.5 660.4 2
3.6 47.4 690.5 2.3
2.1 55.4 50.7 2.3
1 33.7 715.8 2.3
1 48.1 563.3 2.2
4.1 72.5 195.9 1.6
1.4 55.9 374.4 1.9
2.4 30.1 942.5 1.8
4.5 58.6 518.7 1.9
1.1 39.8 512 1.8
1.6 32 406 1.9
2.4 61.5 757 1.8
2.8 71.4 460.3 1.8
2.4 43.8 847.4 1.5
1 43.2 324.1 2.4
1.8 17.4 262.2 1.8
2.6 60.8 161.9 1.8
1.9 31.2 370.5 1.9
3.2 33.4 141.2 2.2
4.4 42.9 493.2 1.7
1.5 20.9 800.4 2.2
4.7 52.1 657.1 1.7
3.9 38 849.6 1.7
4.6 44.9 663.4 2.2
2.8 63.6 834.5 1.7
2 49.6 392 1.7
4 54.9 401.4 1.8
2.9 18 844.6 2.3
1.1 58.3 704.8 2.3
2.3 17.2 749 2
3.8 52 281.3 2.3
2.8 24.3 227.8 2
1.2 73.7 450.1 1.8
2.3 27.7 465.2 2.3
1.5 19.1 490.4 1.9
3.6 47.7 109.6 1.7
2.7 30.8 871.7 2
3.4 60.5 703.5 2.2
4.6 37.1 380.9 2
1.7 39.8 466.6 2.1
3.9 68.9 98.9 1.7
3 66.8 796.7 2.4
3.1 69 928.7 2.4
3.3 41.1 893.4 2.4
2.2 42.4 534.3 1.8
1.2 30 899.8 1.7
2.6 51.9 881 2.1
3 53.5 457.4 2.4
3.1 31.8 338.9 2
3.3 40.7 923.8 1.8
1 58.1 398.3 1.7
1.5 22.3 92.1 1.7
5 51.2 491 2
3.2 40.8 405.9 1.8
3.2 55.2 448.4 2
2 39.9 517.1 2.2
3.9 62.5 797.8 2.2
4.6 57.7 722 2.4
4.1 41.7 188.7 1.7
4 36.5 374.9 2
1.7 73.5 471.5 2
4.8 45.4 460.3 1.9
3.7 22.9 251.6 1.7
4.1 26.2 850 1.7
3.5 28.7 410.9 1.8
4.7 51.1 83.6 2.3
2 29.6 690.2 1.7
2.9 47.8 174.5 2
1.3 45.4 371.6 2
4.1 19.1 902.1 2.4
2.5 16.4 190 1.6
2.4 42.4 448.4 1.8
4.4 27.7 597.6 1.9
3.6 24.6 373.9 2.5
1.1 19.1 120.2 1.6
2.4 74 481.2 1.9
2.1 50.7 415.3 2.1
3.9 44.2 233.7 2.2
1.5 24.7 428.1 2.4
1.1 33 483.7 1.7
2.6 24.3 910.2 1.7
2.3 40.4 596.8 1.6
3.1 42.1 470.7 1.7
4.3 61.4 303 1.6
1.8 20.2 581.5 1.5
2.4 20 862.9 1.9
1.3 73.7 471.6 1.9
3.1 55.3 423.4 1.8
3.7 40.3 712.3 2.1
1.7 46.9 569.3 2.4
3.3 20.5 255.6 2.1
1 41.2 927.2 2.5
1.5 67.9 924.4 2
3.2 62.1 69.9 1.8
2.6 72.5 882.2 1.9
2.1 60.3 756.1 1.6
4.9 70.5 452.3 2.1
2.9 29.7 722.1 1.7
4.6 16.9 637.4 2.5
1.1 64.6 639.2 1.9
3.1 34.7 599.9 1.8
4.2 53.7 552.6 2.3
4.2 62.5 880.3 2.3
1.8 34.1 258.7 2.4
3.9 22.4 302.9 2
1.7 66 193.5 2.2
2.3 46.3 486.9 2.3
2.1 62.4 846.2 2
1.4 43.7 95.4 2.4
3.2 67.7 183.7 1.8
2.5 56.5 889.6 2
1.5 72.1 425.3 2.2
1.1 25 562.6 2.1
4.7 73.2 94.8 1.6
1.4 17.9 309.8 1.6
1.9 60.3 255.2 1.6
2.5 65.7 421.7 2.4
1.1 60.3 212.9 1.5
2.2 45.4 854.6 2.5
3.8 22.4 654.7 2.1
1.5 25.8 671.3 2.4
3 53.9 386.6 2
4.4 54.1 292.6 2.2
2.3 18.8 851.9 1.9
3.7 34.8 120.9 2.4
4 48 614.9 1.8
4.9 26.1 643.4 2.1
4.9 59 401.7 2.2
2.6 39.8 746.4 1.7
2 28.3 512.1 2.1
1.8 45.8 153.5 1.6
3.9 37.4 803.3 1.7
3.4 58.2 702.1 2.1
2.2 49 718.1 2.2
3.9 43.5 246.7 2.4
3.3 49.9 786.9 1.6
4.7 60.7 524.6 1.9
4 36.5 816.6 2
1.2 51.8 781.1 2
2.7 44.5 128.6 2
2.3 41.7 187.4 2.1
1.7 43.2 153.7 1.7
4.2 23.7 855.7 1.9
4.9 16.8 800.4 1.6
4.3 29.3 896.6 2.3
2 18.3 129 2.4
4.1 25.6 448.9 1.9
4.7 45.5 415.4 1.7
1.9 38.2 914.2 2
3.1 45.4 381.2 1.6
2.7 47.2 772.4 2
1.1 69.8 372.1 2.4
3.6 63.7 449.3 2
1.5 48.1 420.2 2.1
3.9 68 113.9 1.9
1.6 32.5 398.6 1.8
2.9 19.9 229.3 2.1
2.1 69 574.7 2.4
1.2 17.8 85.8 1.9
1.6 35.5 466.1 2.1
4.7 19 578.2 2.1
2.6 42.5 399.7 1.6
4.3 44.2 357.1 2.4
2.1 66.5 897.3 2.3
2.7 39.9 663.2 2.1
2.7 22.3 874.8 1.8
4.8 22.5 365.3 1.6
3 19.9 854.7 2.3
4.6 64.4 230.9 1.8
3.9 31.2 810.3 2.1
4.2 49.8 409.5 2
1.3 57.7 369.6 1.9
3.6 58.8 300.4 1.9
4.3 65.5 292.6 2.1
4.9 53.3 578.8 1.7
2.9 44.9 332.5 1.6
2.3 72.7 358.5 2.1
3.6 20.7 617 2.3
2.8 20.2 601 2.2
2.4 62.2 740.6 2.4
3.8 21.5 417.3 2.3
2.7 30.6 418.4 1.7
2.1 36.1 706.6 2.2
1 57.8 801.3 1.7
4.4 67.4 265.5 2
1.5 27.3 765.8 2.2
1.8 15.8 507.5 2.4
4.9 18.1 902.9 1.6
2.5 18.9 682 2.1
4.7 19 655.2 2.4
4.1 44 583.6 1.6
1.5 51.2 234.8 1.9
1.1 36.5 577.1 1.7
4.8 72.2 908.6 1.6
3 20.7 775.5 2
4.3 20.2 441.7 2
1 27.9 784.3 1.8
1.6 34.3 70.7 2.1
2.6 20 427.3 1.6
4.9 56.6 284.7 1.9
4.9 71.3 668.6 2.4
4.3 35.3 456 1.8
4.7 63.9 401.1 1.6
1 74.2 710.2 1.9
1.7 65 510.4 2.1
3.1 47.2 685.9 2
5 42.3 335.7 2.3
1 46.7 119.6 1.9
2.5 53.4 263.9 1.6
2.4 45.5 68.1 1.7
2.5 64.4 281.8 2.3
1.8 44.7 164.9 1.7
2 66 206 2
2 60.7 263.6 2.2
2.1 18 562.2 1.9
1.2 74.6 855.1 2
4.6 29.3 438.5 2
4.6 40.9 577.4 1.7
1.1 34.5 696.8 2.1
3.5 69.1 737.2 1.8
4.3 55.1 683.2 1.9
1.4 39.1 265.5 2.3
2.8 33 267.9 1.9
3.4 35.1 922.5 1.5
4 53.4 733.7 1.9
2.6 46.8 279.2 1.6
3.2 17.3 826.3 1.8
2 63.7 92.8 1.6
3.4 59.1 91.3 1.5
1.8 41.6 419.3 2.4
4.5 69.2 904.2 1.7
4.6 17.5 387.3 2.2
3.5 35.6 155.3 1.9
3.3 74.4 853.4 1.6
3.4 48.3 322.5 1.8
5 25 363 1.6
2.2 38.2 790.6 1.6
2.9 51 206.4 2.2
2.9 35.8 422.7 2.1
1.7 39.2 752.2 1.9
3.6 20.9 814.8 1.8
2.6 21.8 393.2 2.2
3.3 63.1 740.4 2
4.5 42.2 723.5 1.7
4.8 17.4 552.8 2.4
2.2 67.1 326.2 2.4
2 36.6 84.4 1.8
3.9 67 845.1 1.8
2.4 51.4 234.7 1.7
2.4 55.7 297 1.7
1.9 67.2 825 1.9
1.4 68 624.4 2.5
3.1 22.7 811 2.4
2.3 33.7 400.2 1.6
1.7 52.2 94.8 2.4
4.1 16 415.9 2.2
4.4 56 811.1 2
2 48.9 227.8 2.5
3.4 50.1 75.8 2
1.8 58.1 428.4 2.5
4.6 50.1 791.8 1.7
4.9 63.1 58.6 2
3.6 63.1 896.6 2.3
4 59 101 2.5
3.6 44.3 547.4 2
4.5 39.1 109.2 1.5
4.7 16.5 321.6 2.3
2.3 65.3 602.5 1.9
4.1 34.4 728.6 1.5
3.3 49 647 2.1
4.1 46.5 770.1 1.9
4.5 41.7 541.4 2
3.5 19.1 279 1.8
4.4 32.7 906.1 2.1
1 59.4 752.6 1.7
2.1 74 156.7 1.8
1.4 54.4 455.9 1.6
2.7 46.3 403.2 2.1
1 21.5 327.2 2.3
2 52.2 614.5 2.1
3.1 48 693.4 2.1
3 47.6 714.9 1.9
3.5 43.1 454.1 2
4.4 21 886.7 1.6
5 44.7 348.6 2.1
2.7 15.3 215.3 2.1
2.7 38 605 1.8
1.2 23.2 464.3 1.9
2.1 29.2 142.8 1.8
4.3 32.7 259.7 1.9
4.8 38.1 337.3 1.6
4 70.8 304.9 2.3
1.9 68.4 753.9 1.6
4.7 74.8 78.7 1.8
2.6 58.5 850.3 1.8
1.9 31.5 157.9 2
2.6 57.9 947 2.4
1 16.6 374.2 1.8
1.9 29.3 293.4 1.7
3.2 27 482.7 2.4
3.8 37 876.3 1.8
3.1 19.4 128.8 2.4
2.1 21.3 626.3 1.6
3.7 42.8 322.4 2.5
3.8 64.2 237.6 1.9
3.4 30.7 664.4 2.3
3 52.3 815.3 2.3
2.7 37.2 773.3 1.9
1.2 53.4 821.4 2.1
1.1 17.4 747.5 2.3
2.2 74.8 747.5 1.6
4 20.7 823.8 2.5
4.1 55.4 167 1.6
2.6 28.7 850.8 1.6
2.9 22.5 709.8 1.5
2.3 16.2 176.2 1.8
4.6 30.9 651.5 1.9
3 65.6 212.5 1.6
2.2 40.7 196.2 1.6
4.7 42.6 573.7 2.3
2.1 24.7 380.8 2.1
4.3 73.8 596.4 2.1
2.9 44.9 825.6 2.3
2.1 31.1 805.5 2.4
2.6 56.5 939.2 2.1
3.5 54.8 519 2.3
4.4 55.5 361.2 1.9
1.3 21.5 272 2.1
1 37.3 632.9 2.3
3.8 48.4 755.4 2.2
3 26.5 778.2 2.1
3.9 55.5 327.9 2.2
2.5 57.9 844.3 2.4
2.4 52.2 474.5 1.9
2.2 67.5 743.5 2.5
3.4 49.4 848.2 2.5
3.9 69.4 485.8 2
1.7 74.8 837 1.7
2.6 33.4 799.2 1.9
4.3 45 169.9 1.9
4.5 49.8 909.6 1.8
3.4 52 710.4 2
4.5 70.6 564.2 2.3
4.6 38.8 735.1 1.6
4.5 60.6 762.5 2.4
2.9 40.8 644.1 2.5
3.7 73.9 518.5 2.3
3.7 61.9 237.4 1.8
1.4 66 833.1 1.9
1.3 58.3 872.4 1.6
3.4 32.2 498.7 1.6
4.1 73.6 67.3 2.1
3.9 56.8 346.2 1.6
2.3 71.5 851.3 1.9
4.1 30 563.8 2
3.6 59.3 278.2 1.5
2.9 23.6 754.2 2
3.2 70.4 203.2 2.4
2.9 20.4 293.1 2
1.3 59.8 300.1 2
4.6 74.7 550 2
4.6 39.4 457.6 2.4
1.1 74.5 401.8 2.1
4.9 38 640.7 2.1
2.4 31.9 153.6 2.2
4.3 23 801 1.8
4.4 34.6 53.4 2.1
2.3 52.8 394.8 2.1
4.2 27 625.2 2.5
1.8 49 875.4 2
3.8 39.9 774 2.3
1.5 52.6 891.3 2.3
3.4 55.7 817.9 2.2
1.5 69.9 276 1.7
1.7 35.2 102.1 2.5
2.6 33.5 411.1 2.2
3.1 58.3 461.1 2.3
2.4 41 461.1 1.9
1.3 69.4 698.4 2.1
2.1 15.1 682.1 2.5
3.6 73.9 599.8 1.9
3.7 70.5 935.2 2.1
4.4 69.2 715.1 1.6
3.3 16.3 838.5 2.4
2.4 62.2 408.2 1.9
4.6 56.6 792.9 2
1.7 57.9 452 1.6
3.2 74.5 590.5 2
3.7 62.9 872 1.8
2.2 59 545.3 2.3
3.3 72.3 611.7 2.3
3.7 31.2 421.4 2.3
1.1 70.6 215 2.4
2.9 69.8 831.5 2.3
2.6 40.1 816.8 2.2
3.4 71.8 365.5 2.1
3.7 19.7 448.2 2.1
3.6 70 339.3 2
1 47 869.4 1.5
1.2 58.4 486.7 2.2
3.8 41.6 349.5 1.8
3.4 34.5 288.2 2.1
3.8 37.9 658.2 2.4
4.7 73.4 191.7 1.7
2.3 53.6 575.3 1.6
3.4 63.5 479.1 2.1
2.2 60.6 588 2.4
1.7 40.3 511.7 2.2
3 29.9 726.7 1.9
3.2 36.2 411.6 2.1
2.5 43 368.6 2.4
5 15.2 238.9 1.8
4.3 74.3 583.3 1.8
2.1 29.4 371.4 1.6
4.7 16.1 281.2 2.2
1.8 69.3 723.8 2.3
4.2 33.1 112.8 1.8
3.4 51.8 838.3 2.3
3.6 28.6 486.9 2.3
3.4 57.5 616.2 2.1
1.6 61.5 852.4 2.3
1.2 16.6 323.8 2
1.2 60.6 720.8 1.7
1.9 72 709.8 1.7
1.4 18.6 692.2 2.5
2.8 45 568.9 2.2
3.9 46 147.8 2.3
4 21.4 296.3 1.5
3.4 38.6 915.8 2.3
4.3 43.7 418.1 2.5
4.7 22 810 2.2
4.9 26.6 765.8 1.9
1.5 37 376.7 2.2
3.4 34.8 613.4 2.3
4.1 31.2 392.8 2.1
1.6 67.7 903.6 1.7
4.7 45.3 360.2 1.9
2.1 49.2 930.9 1.8
4.8 43.1 193.2 1.8
4.5 63.9 690.5 2.3
4.4 19.5 86.2 1.8
4.7 74.6 924.3 2.2
2.6 67.5 169.2 2.1
1.2 72.4 242.5 2.1
1.2 63.4 251.9 2
3.1 32.4 863 2.3
2.1 59.3 501.4 1.8
1.6 55.5 429.8 1.5
3.5 24.4 431.5 2.3
3.4 15.9 205.9 1.9
1.2 38.7 395.3 2.2
1.5 31.9 105.7 2.3
2.9 64.2 303.2 1.5
1 26.4 378.9 2.4
2.9 55.4 328.5 2.4
2.6 42.4 188.7 1.8
3.3 22.8 557.1 1.8
4.8 61 390.7 2
2.7 66.7 846.2 1.9
1.6 23.8 906.2 2.4
3.9 34.7 686 2.2
3.5 36 857.9 2.4
1 15.4 566.9 2.2
1.3 22.8 887.2 1.7
1.8 37.3 468.4 1.7
4.9 40.6 454.8 1.8
2.3 68.8 192.4 2.3
4.1 24.3 85.4 2.2
2.6 45.6 783.5 2.5
3.8 39.7 815 2.5
4.3 45.8 741.8 1.7
3.2 51.5 314.3 2.4
4.5 71.9 260.8 1.8
1.2 22.9 820 2
1.8 60.1 797.9 1.6
3.6 35.9 751.5 2.5
2.1 65.3 106 2.3
1.7 36.3 416.7 1.7
3.4 28.4 754.1 1.8
4 53.9 541.3 2.1
3.5 53.1 891.5 1.7
4.5 57.4 187.1 2.2
4.5 23.3 886.9 1.9
2.3 46.9 583.5 2.4
4 17.3 383.2 2.3
4 24.2 198.6 2.3
4.8 68.4 297.3 2.3
4 67.2 925.7 2.2
4.6 45.3 804.3 2.5
3.1 47.9 451.9 2.2
4.9 43.4 551.5 1.6
1.2 21.5 662.4 2
4.5 38.8 807.4 1.7
4.1 32.1 409 1.6
1.7 41.8 244.3 2.3
2 20.7 434.5 2.2
2.6 40.4 619.8 2.3
4.8 42.3 53.4 1.7
4.1 61.9 282.5 2.1
3 57 549.8 2.4
2.3 63.2 805.7 1.9
3.7 19.4 916.2 2.3
4.1 55.4 518.8 1.8
2.6 72.5 263.4 2
4.8 58.5 525.3 1.7
1.2 18.7 443.9 2.3
1.7 41.6 772.8 2.1
3.2 64.6 533 2.2
4.5 64.2 313.1 1.9
2.3 42.2 892.3 2.1
4.8 52.1 265.4 2.2
1.4 35.3 688.6 1.6
3.3 15.5 181.4 1.7
2.9 33 874.8 1.6
4.8 42.3 308 1.9
4.9 48.8 577.2 1.5
2.2 15.9 723.5 1.8
3.3 43.2 841 2.2
2.4 32.9 340.5 2
1.9 57.4 383.3 1.8
2 39.3 572 2.4
4.1 15.3 449.4 1.8
1 19.2 762.7 1.7
1.7 26.1 805.6 1.8
2.4 47.1 947.7 1.6
4.7 26.9 474.6 2.1
2.3 39.8 692.2 2.5
1.4 59.8 299 1.9
3.7 35.6 943.2 2.4
3 37.3 519.4 2
1.7 66.1 363.2 1.8
2.7 44.2 664.7 2.3
4.6 68.4 942 2.1
3.1 61.8 336.5 1.5
3 29 185.8 2.1
2.1 33 827.2 2.4
2.7 74.6 288.2 1.6
2.4 40.8 921.6 1.6
4.3 35.9 249.2 2.2
1.2 60.8 910.9 1.7
3.3 37.1 238.1 2.1
3.6 58.3 192 2
1.5 21.7 668.1 1.9
1.9 24.5 143.3 1.8
4 45.7 269.3 1.6
1.3 57 859.4 1.6
5 15.1 492 1.5
5 17.4 575.3 1.5
4.8 16.9 776.5 1.7
4.2 57.6 175.1 1.9
3.1 19.4 864.4 2
4.3 55 630.1 1.8
4.6 65.1 224.6 2.2
4.5 35.6 271.1 1.6
3.8 20.8 648.3 1.9
2.7 35.6 711.2 1.9
1.7 68.6 297.8 1.5
1.9 27.5 714.8 2.1
2.5 70.9 360.8 2.1
3.7 39.5 221.3 1.9
1.5 40.6 129.1 1.8
3.3 57.2 810.8 2.1
1.6 61.4 778.4 2
4.3 24.7 236.4 2.1
1 28.2 815.5 1.9
4.5 72.8 491.9 1.7
3.7 38.8 916.4 1.8
4.2 64.3 194.3 1.7
4.6 24.6 562.3 2.5
4.7 46.8 152.5 1.6
1.6 38 936.1 1.5
2.4 56.2 735.5 2.3
2.9 21 152.9 1.9
2.5 49.6 580 2
2.1 73.4 466.3 2.2
4.4 65.2 443.7 1.6
3.2 21.3 668.6 2.1
4.2 28.3 637.7 1.9
2.1 33.3 842.7 1.7
3.1 15.7 60.9 2
4.1 70.1 835.8 2.2
2.5 43 869.7 2.1
2 69.8 172.1 2.3
4.6 37.9 692.7 2
4 60.7 228.2 1.7
4.1 63.6 861.3 2
1.1 15.2 521.4 2.4
2.5 33.5 722.1 2.3
2.5 73.4 206 1.9
2.9 39.4 585.1 2.4
1.4 23.3 377.2 2.4
2.7 49.6 262.6 1.9
5 24.3 847.5 1.6
2.5 57.9 320.8 2.1
4.9 71.1 251.8 2.3
2 64.9 812.6 2.4
1.6 54.8 673.6 1.6
1 17.5 343 2.3
2.9 18.2 715.5 2.4
3.2 48.4 856.2 2.4
4.9 56.2 770.6 1.7
3.1 48.2 570.1 2.5
2.8 56.2 789.3 1.5
2.4 28.6 438.7 1.8
2.6 62.5 595.1 2.5
2.6 71.4 441.6 1.7
4.1 34.1 917.6 1.9
2.9 63.6 347.4 1.8
1.6 34.3 235.4 1.9
3.7 74 849.8 2.4
3.6 41.5 123 1.9
2.8 73.6 92.2 2
3.4 69.5 656.6 1.5
3.8 27.2 747.9 1.7
1.1 62.6 187.3 1.9
2.5 18.3 513.5 1.7
3.6 46.3 817.8 1.6
2 32.5 455.5 1.5
1.6 15.8 257.4 2.5
3.1 40.5 204.3 2.4
1.7 38.7 775 2.5
4.7 42.9 406.4 1.6
3.7 37.2 268.1 2
4.1 67.8 105.5 2.1
4.4 29.3 899 2.1
3 32.4 182.3 1.6
3.6 16.9 585.3 2.1
3.6 67.1 761.2 1.9
2.6 45.7 419.4 2.1
2.8 25.2 791.4 2.2
4.7 26.8 296.7 1.8
3 60.1 817.5 2.5
4.9 56.8 110 2.2
4.1 40.6 501.7 1.5
1.3 38.6 110.1 1.6
4.5 39.5 818.9 2.2
5 46.2 385 2
3.6 22.1 684 2.2
3.3 56.4 349.7 1.5
2.1 36.4 734.1 1.6
2.5 51.7 789.4 2
2.8 35.2 166.1 2.2
1.2 44.8 518.2 1.8
1.7 38.4 463.7 1.5
1.8 58.4 826.3 1.9
3.7 35 593.1 2.2
1.8 59.6 91.3 1.7
2.5 29.9 123.7 2
3.7 53.6 905.6 1.7
3.6 22.4 354 1.8
4.2 70.9 280.6 2.3
2.6 54.6 627.2 1.7
2.3 38.8 119.4 2.3
3.7 58.4 605.3 1.9
2.3 43.3 178.8 2.3
4.5 33.6 897.8 1.6
4.1 15.7 268.9 1.7
1.1 34 882.6 1.7
4.5 64.4 533.3 2.4
2.7 74.5 582.6 1.7
4.2 46.5 625.4 2.3
3.2 64.3 116.1 1.5
1.5 15.8 532.1 2
2.5 58.6 726.9 2.3
2.5 44.5 375.4 2.2
4.2 37.5 112.9 1.7
4.6 40.5 408.7 1.6
3.3 61.8 643.6 1.7
3.1 62.8 448 1.5
4.1 50.2 509.1 1.6
4 73.4 705 1.9
2.9 63.8 81 1.7
3.5 19.5 850.9 1.6
2.2 74.9 947 2
2.2 36.6 290 1.8
2.7 32.3 669.4 2.5
2.3 51.5 141.1 2.4
2.1 68.1 777 2.4
2.6 56.7 487.9 2.4
1.7 68.5 227.5 2.1
2.8 46.5 885.6 1.7
1.6 52.9 89.2 1.5
2.8 21.8 843.8 2.5
3.1 27.8 424.3 2.1
4 50.7 878.6 2
1.5 37.5 778.6 1.7
2.9 31.4 710.5 2.4
2.1 19.8 300.3 2.4
5 23.5 746.9 2.2
1.6 16.8 933.7 1.8
2.4 32.8 421 1.9
3.1 56 375.3 2
1.8 49.8 427.1 2.3
4.9 60.5 436.7 2.4
3.6 53.5 144.3 2.4
2.4 28.1 679.1 2.2
5 15.4 428.9 2.3
4.3 32 755.3 2.1
4.6 54.7 792.4 1.8
3.7 58 855 2.1
4.7 55.3 140.3 2.1
2.6 24.8 542.1 1.9
2.2 15 185.9 1.7
1.7 58.2 397.5 2.1
1.2 37.6 831.5 2
3.4 38.7 411.2 1.8
3.6 38.4 514.4 2.2
3.6 69.2 141.7 2.4
3.9 16.3 225.2 2.2
1.6 62.7 491 1.7
4.6 19.5 241.4 2.2
3 67.1 726.1 2.3
2.3 46.3 746.5 2.2
4.9 49.2 144.8 2.1
1.4 55.3 403.4 2.2
1.1 38.4 345.6 1.8
1.3 74.2 113.1 1.7
4.1 55.3 203.9 2.2
4.1 60.8 63.9 1.7
4 39.1 560.8 2.4
4.7 34 728.9 2.3
3.5 74.3 769.5 2.4
1.4 60.6 189.8 1.8
3.4 74.9 696.7 2.3
1.7 17.2 431.8 1.5
3.7 56.9 790.6 2
4.6 53.5 386.4 2.4
1.2 59.4 354.7 2.1
3.2 54 120 1.5
1.6 28.4 403.7 2.4
4.8 47.7 738.9 2
1.8 15.2 850.7 1.7
3 63.7 784.5 2.4
3.8 58 825.9 2.4
3.1 69.3 538.1 2.2
1.3 68.7 800.2 1.8
3.6 18.9 68.8 1.9
4.4 19.8 472 2.4
3.5 64.9 389.8 2.3
1.5 34.8 398 1.9
2.1 50.4 379.7 2.3
2.5 27.7 363.5 2.2
3.2 18.8 277.6 1.7
1.7 22.4 860 1.8
1.7 47.3 529.6 1.9
1.5 20.2 207.3 2.4
3.1 16.5 402 1.8
3.3 68.2 709 1.8
2.2 23.2 658 1.7
4.7 35.6 742.8 1.8
2.6 48.3 439.4 2.1
2.9 47 588.2 1.6
3.2 63.1 554.3 1.7
1.4 41.7 263.1 2.4
3.9 61.7 253.2 2.4
3.2 68.8 575.6 2.1
3.8 56.8 940.3 2.2
4.8 27.6 415.7 1.8
3.2 69.5 735.8 1.9
1.9 28.6 746.3 1.7
3.9 23.5 116.7 2.5
2.2 36.1 143.1 1.7
3.4 15.3 550.8 2.1
1.7 68.4 79.2 2.3
1.6 16.8 488.2 2.4
4.8 17.1 421.5 2
4 52.6 112.9 1.6
3.1 16.3 321 1.8
1.2 50.3 111.6 2.3
2.1 58 96.6 1.8
2.6 71.7 764.7 2.3
2.7 44 282.2 2.3
4.8 47 787 2.3
1.5 28.6 408.7 1.6
4.5 32.2 279.4 1.7
2.8 43.2 179.2 2.3
3.1 24.3 820.3 2.1
3 34.3 532 1.8
1.5 40 278.1 2
4.6 45.3 772.7 1.5
5 74 290.4 1.8
2.3 47.7 515.7 2.1
2.1 72.3 484.4 1.6
4.6 25.5 97.3 1.7
2.4 71.4 657.3 1.8
2.4 39.9 773.6 1.5
1.6 49.5 722 2.1
1.3 47.3 368.7 2.4
4.8 15.6 121.4 2
4.1 40 622.2 2.3
1.2 39.6 347.2 1.6
3.5 29.6 187.4 2.4
4.6 33.2 313.9 1.6
3.8 71.3 283.6 2.4
4.5 64.3 111.2 1.8
4.8 27.6 909.8 2.2
5 35.9 642.3 2.3
2.5 25.7 696.4 2.2
4.5 49.4 719.2 2.4
4.4 43.5 207.1 2
3.3 15 709.3 1.9
2 29 935.3 1.9
4.5 19 656.5 2.2
3.2 16.7 479.4 2
4.7 66.1 485.1 2.2
2.5 44.8 759.5 1.9
1.9 31.1 847.8 2
1.1 42.7 90.9 2.4
2.7 45.6 371.7 1.8
4.2 66.6 453.9 1.7
1.4 74.3 195.3 1.8
3.5 73.2 71.7 2.5
3 23.1 749.5 2.5
2.3 21.6 516.9 2.5
2.8 50.8 929.5 2
1.5 62.5 734.4 1.8
4.5 36 326.9 2.1
2.6 30.9 500.1 2.2
1.9 32.4 457 2.1
3 72.2 710.5 1.6
4.7 35.1 573.8 2.2
1.7 44.5 629.6 1.9
3.5 15.9 214.4 1.6
4.6 63.8 730.7 1.8
4.7 37.2 919.9 2.3
4.2 44.3 763.2 2.1
2.7 70.5 82.5 1.5
1.7 70.6 186.7 1.8
1.9 60.3 648.8 1.8
3.6 29.5 566.8 2
4.8 29.6 202.9 2.4
2.4 44.1 276.7 2.2
3.3 45 100.1 1.9
3.3 61.6 611.9 2.3
3.2 70.9 928.5 1.7
1.6 74.8 592.8 1.7
1.2 19.9 311 2.3
3.9 20.7 55.4 2.4
2.2 32 550.1 1.8
3.1 39.4 849.5 2.2
1.5 32 551.2 2
2.1 25.5 108.3 2.1
1.5 62.7 406.8 2.4
4 20.8 256.1 1.7
4.6 45.3 811 2.1
2.8 66.5 657.8 1.8
2.9 40.6 456.3 1.5
1.1 64.7 425.5 2.2
2.3 69.9 712.3 2.1
1.1 28 815 1.7
1.9 49.3 227.9 1.8
2.3 27.9 525.7 1.7
2.1 45.3 721.6 1.8
4.7 58.5 864.2 2.3
1.7 53.3 291.9 2.1
2.4 55.1 609.6 2.5
1.7 37 265.2 2
3.8 57.2 942.6 2.1
1.2 27 815.4 2.1
4.3 41.5 541.4 1.8
2.2 23 397.7 2.4
2 56.7 498.3 1.9
3.8 59.9 144.7 1.9
3 34.6 511.7 1.6
2.9 52.1 784.1 1.5
1.4 17.4 707.1 2.5
1.8 63.6 646.8 1.6
4.5 32.2 781.9 2.2
3.2 63.8 464 1.6
1.9 72.5 295.5 1.8
1.8 65.3 405.7 2
4.1 21.1 622.2 1.8
1.1 27.9 295.5 1.7
2.1 61.7 130.2 1.9
2.9 50.4 854.8 1.8
1.3 29.5 143.3 2.3
3.4 41.2 166.7 1.7
5 52.4 617.1 2.4
4.8 62.7 579.3 2.2
3.5 32.2 235.1 2.2
2.6 47.8 394.1 2.2
3.6 25.1 682.8 2.5
2.8 37.6 370.9 1.6
3.7 52.8 820.5 1.5
3.7 61.4 802.9 2.5
4.4 35.5 391.9 1.5
3.9 25.6 184.2 2.2
1.1 36.1 240.9 2.5
2.6 66.3 581.6 2.2
3 74.7 352.9 2.1
1.8 69.4 161.7 2
2.2 29.5 804.7 1.7
1.3 32.1 889.7 2.2
2.3 53 884.7 2
4.3 43.8 597.8 2.1
4.2 25.1 90.9 1.5
2.3 38.9 214.4 1.8
2.4 59.5 326.9 1.7
3.9 62.9 636.6 2.2
3.2 66.5 431.1 1.9
4.4 26.3 698.1 1.9
2.7 62.5 649 2
2.6 21.4 330.4 2.3
2.9 61.4 77.8 1.9
2 52 857.8 1.8
3.1 74.4 452 2.1
1.2 73.4 331.3 1.8
1.5 41.3 751.2 2.5
3.5 50.3 648.7 1.8
3.3 66.6 626 2.4
3.1 65.7 568.8 1.6
3.1 27.9 577.9 2.2
2.7 69.8 760.7 2
3.8 54.5 83.2 1.6
2.1 20.5 86.7 1.8
3.8 56.8 654.5 1.6
4 69.5 642.3 2.1
2.6 22.6 376.1 2
1.2 42.1 88.8 1.9
3.9 38.4 739.7 1.9
1.8 34.6 639.3 1.5
1.9 30.3 498.5 2.1
3.5 16.2 228.3 2.2
2.8 29.4 335.1 1.6
4.7 56.8 199.8 1.8
3.8 54.3 603.2 1.8
3.8 29 728.7 2.4
2.3 28.7 184.9 1.9
1.1 15.5 941.4 1.9
1.8 55.4 743.4 2.5
4.8 40.2 160.6 1.6
1.3 46.4 701.5 1.6
2.5 31.4 176.3 2
2.3 74.4 386.5 1.6
2 15.3 842.7 2.4
1.3 38.1 256 1.5
2.2 42 367.3 1.8
1.1 60 637.5 2.5
4.7 44.3 271.4 1.5
3.9 28.3 571.2 2.2
3.4 58.3 127.2 1.6
4.2 72.2 900.5 1.8
2.9 41 734.4 2.3
2.3 37.4 701.9 2.2
4.4 34.9 388.2 2.1
4.7 44.6 135.4 1.6
2.7 34.7 829.1 1.6
3.9 49.4 744.9 1.6
3.9 26.9 422 2
1.2 61.2 337 2.1
3.7 45.6 752.7 2.4
1.4 48.4 189.6 2.1
4.3 73.2 626.8 2
1.2 53.4 867.1 1.8
1.6 63.6 622.1 2.1
4.6 60.3 258.8 2.4
1.1 40 498.4 1.5
2.4 47.1 619 1.7
1 27.5 618.8 2.1
3.8 38.7 239.6 1.7
3.9 64.5 57.4 1.7
3.9 51.3 466.7 2.2
1.7 20.1 330.3 2.3
4.6 44.4 432.1 2.2
2.8 65 176.1 2
2.6 67.7 53 1.8
2.4 54.3 591.1 1.7
1.1 28.4 463.7 1.6
2.4 23.7 647.3 1.8
2.3 46.6 433.6 2.5
3.3 52.1 466.8 1.5
4.9 65.1 465.4 2.3
4.1 52.4 588.6 2
4.6 40.6 622.9 1.9
1.5 68.8 397.5 1.8
2.2 72.2 497.6 2.4
3.5 28.7 533.5 2.4
2.8 20.8 781.5 1.9
4.9 30.3 158.1 2.1
2.2 59.5 909.2 1.8
1.5 59.6 928 1.8
1.6 60.4 223.3 2.1
3.2 49 866.5 1.9
4.2 49.5 546.5 2.1
2.7 66.1 549.6 1.9
2.6 51.7 472.3 2.3
3.9 18.3 513.9 1.5
4 47.2 257 2.3
1.3 62.3 265.8 2
3.5 46.4 399.2 2.5
3.5 48.7 875.4 1.9
2 56.7 235 2.3
4.6 56.3 522.8 2.2
3.1 22.3 693.2 2.1
1.6 69.7 283.8 2.2
1.2 58.6 265.5 2.1
3.2 36.1 618.7 1.6
2.3 28.9 663.9 1.8
0.4 0.3 0.4 0.4 0.3 0.4 0.3 0.4 0.4 0.4 0.3 0.2 0.3 0.3 0.2 0.2 0.3 0.3 0.3 0.3 0.2 0.3 0.4 0.3 0.3 0.4 0.3 0.3 0.3 0.3 0.4 0.2 0.4 0.4 0.3 0.3 0.3 0.2 0.4 0.3 0.3 0.2 0.4 0.2 0.4 0.3 0.3 0.2 0.4 0.3 0.3 0.3 0.4 0.3 0.2 0.2 0.3 0.3 0.4 0.2 0.3 0.4 0.4 0.3 0.3 0.3 0.2 0.2 0.3 0.3 0.3 0.3 0.4 0.3 0.3 0.4 0.3 0.4 0.2 0.3 0.2 0.4 0.4 0.3 0.4 0.3 0.3 0.4 0.4 0.2 0.2 0.3 0.3 0.3 0.4 0.3 0.4 0.3 0.3 0.2 0.2 0.3 0.4 0.4 0.3 0.4 0.3 0.3 0.3 0.3 0.4 0.2 0.3 0.3 0.3 0.2 0.3 0.4 0.3 0.3 0.3 0.4 0.2 0.4 0.3 0.2 0.4 0.4 0.4 0.3 0.2 0.3 0.4 0.4 0.3 0.3 0.3 0.4 0.2 0.3 0.2 0.3 0.3 0.3 0.3 0.3 0.3 0.3 0.3 0.3 0.2 0.3 0.3 0.3 0.3 0.4 0.3 0.3 0.4 0.2 0.3 0.4 0.4 0.4 0.4 0.3 0.3 0.3 0.2 0.4 0.3 0.4 0.3 0.3 0.3 0.4 0.4 0.2 0.2 0.2 0.4 0.2 0.3 0.2 0.4 0.2 0.3 0.4 0.3 0.3 0.3 0.4 0.2 0.4 0.3 0.3 0.3 0.3 0.4 0.3 0.3 0.4 0.3 0.3 0.4 0.4 0.3 0.3 0.3 0.2 0.2 0.4 0.3 0.3 0.2 0.3 0.4 0.3 0.3 0.4 0.3 0.3 0.3 0.3 0.2 0.4 0.3 0.2 0.2 0.4 0.3 0.2 0.4 0.4 0.3 0.3 0.4 0.2 0.2 0.4 0.3 0.4 0.4 0.4 0.2 0.4 0.4 0.4 0.2 0.3 0.4 0.2 0.4 0.3 0.2 0.3 0.3 0.3 0.2 0.3 0.4 0.2 0.3 0.3 0.2 0.2 0.4 0.2 0.3 0.3 0.3 0.2 0.2 0.3 0.3 0.3 0.2 0.3 0.4 0.2 0.4 0.3 0.2 0.3 0.3 0.3 0.4 0.2 0.3 0.3 0.2 0.4 0.3 0.3 0.3 0.3 0.4 0.2 0.3 0.2 0.3 0.3 0.3 0.3 0.2 0.4 0.2 0.3 0.3 0.3 0.3 0.2 0.3 0.4 0.3 0.3 0.3 0.3 0.4 0.4 0.3 0.3 0.4 0.4 0.3 0.3 0.4 0.4 0.4 0.3 0.3 0.2 0.2 0.4 0.4 0.4 0.3 0.3 0.2 0.3 0.3 0.3 0.2 0.4 0.3 0.4 0.3 0.2 0.3 0.2 0.3 0.3 0.2 0.3 0.2 0.2 0.2 0.3 0.4 0.4 0.2 0.3 0.2 0.4 0.2 0.4 0.2 0.2 0.3 0.2 0.2 0.3 0.4 0.4 0.4 0.2 0.3 0.4 0.2 0.4 0.3 0.3 0.3 0.3 0.2 0.4 0.2 0.3 0.4 0.4 0.4 0.3 0.3 0.3 0.3 0.2 0.4 0.4 0.3 0.3 0.4 0.4 0.3 0.3 0.3 0.2 0.2 0.3 0.3 0.2 0.3 0.2 0.3 0.4 0.3 0.4 0.3 0.3 0.3 0.2 0.4 0.3 0.4 0.3 0.4 0.2 0.2 0.3 0.2 0.3 0.4 0.2 0.2 0.4 0.3 0.4 0.3 0.4 0.3 0.2 0.2 0.3 0.3 0.3 0.3 0.3 0.2 0.4 0.3 0.2 0.3 0.4 0.3 0.2 0.3 0.4 0.4 0.3 0.2 0.3 0.2 0.2 0.4 0.2 0.2 0.3 0.3 0.4 0.3 0.4 0.3 0.3 0.3 0.3 0.3 0.3 0.2 0.2 0.2 0.3 0.2 0.3 0.2 0.3 0.4 0.4 0.3 0.3 0.2 0.3 0.3 0.3 0.3 0.2 0.3 0.2 0.3 0.3 0.4 0.4 0.4 0.3 0.3 0.3 0.3 0.3 0.2 0.4 0.4 0.3 0.3 0.4 0.4 0.4 0.3 0.4 0.3 0.3 0.3 0.3 0.4 0.2 0.3 0.2 0.2 0.2 0.2 0.3 0.3 0.3 0.4 0.4 0.3 0.2 0.2 0.3 0.3 0.3 0.4 0.4 0.3 0.3 0.2 0.2 0.3 0.4 0.4 0.3 0.3 0.2 0.2 0.2 0.2 0.4 0.3 0.3 0.3 0.4 0.3 0.3 0.3 0.3 0.3 0.4 0.4 0.4 0.3 0.3 0.3 0.3 0.2 0.4 0.4 0.3 0.2 0.3 0.2 0.3 0.4 0.2 0.2 0.2 0.4 0.4 0.4 0.2 0.3 0.4 0.2 0.2 0.2 0.4 0.4 0.3 0.4 0.3 0.4 0.3 0.3 0.3 0.4 0.3 0.4 0.3 0.3 0.4 0.3 0.3 0.2 0.3 0.4 0.3 0.3 0.2 0.4 0.4 0.3 0.3 0.3 0.4 0.2 0.3 0.4 0.3 0.3 0.2 0.2 0.2 0.2 0.4 0.3 0.3 0.3 0.2 0.2 0.3 0.3 0.3 0.3 0.2 0.3 0.3 0.3 0.3 0.2 0.3 0.4 0.3 0.2 0.3 0.4 0.3 0.4 0.3 0.3 0.3 0.2 0.2 0.4 0.3 0.4 0.4 0.2 0.2 0.3 0.2 0.3 0.3 0.2 0.4 0.3 0.4 0.4 0.4 0.2 0.4 0.2 0.4 0.4 0.3 0.2 0.2 0.3 0.4 0.3 0.2 0.2 0.3 0.4 0.3 0.4 0.4 0.3 0.3 0.2 0.2 0.2 0.2 0.4 0.4 0.4 0.3 0.2 0.2 0.2 0.3 0.3 0.4 0.2 0.4 0.2 0.4 0.3 0.3 0.3 0.3 0.2 0.3 0.3 0.3 0.3 0.3 0.2 0.3 0.3 0.3 0.3 0.4 0.3 0.4 0.2 0.3 0.4 0.3 0.3 0.3 0.4 0.3 0.3 0.2 0.3 0.4 0.3 0.3 0.3 0.3 0.3 0.3 0.3 0.3 0.2 0.3 0.3 0.2 0.3 0.3 0.2 0.4 0.3 0.2 0.4 0.2 0.3 0.3 0.3 0.3 0.3 0.4 0.2 0.2 0.3 0.3 0.3 0.4 0.2 0.2 0.4 0.4 0.3 0.3 0.2 0.3 0.3 0.4 0.3 0.4 0.3 0.3 0.2 0.3 0.4 0.3 0.3 0.4 0.4 0.4 0.3 0.3 0.3 0.4 0.2 0.3 0.2 0.3 0.3 0.2 0.4 0.2 0.3 0.3 0.2 0.3 0.4 0.4 0.2 0.2 0.3 0.3 0.3 0.2 0.3 0.3 0.4 0.3 0.3 0.2 0.2 0.2 0.2 0.4 0.3 0.4 0.2 0.4 0.4 0.4 0.2 0.2 0.2 0.2 0.4 0.3 0.3 0.3 0.3 0.2 0.3 0.4 0.3 0.3 0.3 0.4 0.4 0.4 0.4 0.3 0.3 0.3 0.2 0.2 0.4 0.4 0.4 0.3 0.3 0.3 0.4 0.3 0.2 0.2 0.2 0.3 0.2 0.4 0.4 0.3 0.3 0.3 0.3 0.2 0.2 0.3 0.4 0.2 0.3 0.3 0.3 0.4 0.3 0.3 0.4 0.2 0.2 0.3 0.3 0.2 0.2 0.2 0.2 0.2 0.3 0.4 0.4 0.3 0.4 0.2 0.3 0.4 0.4 0.3 0.2 0.3 0.4 0.3 0.2 0.4 0.4 0.4 0.3 0.4 0.2 0.3 0.2 0.4 0.4 0.3 0.4 0.2 0.3 0.3 0.3 0.3 0.4 0.3 0.4 0.2 0.2 0.4 0.3 0.3 0.2 0.2 0.2 0.2 0.4 0.3 0.3 0.3 0.2 0.2 0.3 0.3 0.4 0.3 0.3 0.3 0.3 0.2 0.3 0.3 0.4 0.2 0.3 0.2 0.2 0.2 0.2 0.2 0.3 0.4 0.3 0.2 0.3 0.3 0.3 0.3 0.3 0.3 0.4 0.2 0.4 0.3 0.4 0.3 0.3 0.4 0.3 0.4 0.2 0.4 0.2 0.3 0.4 0.2 0.4 0.3 0.4 0.4 0.2 0.2 0.3 0.2 0.4 0.2 0.3 0.3 0.4 0.3 0.3 0.3 0.3 0.4 0.3 0.4 0.2 0.3 0.3 0.3 0.3 0.2 0.2 0.4 0.3 0.2 0.3 0.4 0.3 0.4 0.3 0.2 0.4 0.3 0.2 0.3 0.3 0.3 0.2 0.3 0.4 0.2 0.3 0.3 0.4 0.4 0.3 0.3 0.4 0.4 0.4 0.4
89 106 66 153 168 88 105 34 149 88 146 113 72 47 110 59 131 126 67 76 125 139 137 125 144 89 71 33 73 121 168 39 83 11 94 94 109 139 110 147 116 29 167 7 44 41 31 167 176 80 158 119 1 102 132 148 42 103 91 77 2 168 145 5 137 50 43 3 154 148 94 83 77 5 123 28 128 117 25 101 154 44 144 133 168 161 70 121 18 168 41 83 24 22 109 158 107 139 159 133 16 62 89 27 149 127 139 116 14 27 11 66 18 102 7 62 92 20 87 29 71 57 23 110 84 115 52 75 86 23 90 50 71 113 52 63 157 101 86 94 126 161 99 114 96 173 153 97 119 10 120 125 95 42 24 113 52 141 118 37 32 17 38 13 177 154 164 148 177 166 177 58 167 139 106 89 179 113 119 50 44 55 57 134 145 139 54 13 51 110 115 13 22 14 32 149 36 115 115 79 53 142 152 163 81 125 23 94 14 121 60 74 108 19 179 148 45 63 126 178 143 91 40 132 154 105 53 5 58 110 156 95 58 34 133 31 164 47 50 137 2 90 62 56 141 179 96 8 53 88 4 13 89 143 4 5 130 137 93 142 1 139 168 122 28 8 98 167 49 64 142 123 150 92 180 159 159 40 155 74 48 103 54 165 63 180 23 22 93 16 62 146 163 89 27 27 169 52 106 34 74 134 99 175 108 29 9 61 86 3 66 79 156 23 83 40 148 72 57 74 107 178 62 117 166 97 78 11 129 126 32 97 2 140 9 174 72 64 25 11 9 39 28 109 58 136 2 166 152 91 174 50 169 175 12 50 152 56 82 158 136 130 96 102 50 172 124 114 23 38 110 169 178 73 15 76 36 163 110 166 3 35 11 151 101 15 164 173 153 65 169 121 104 113 56 100 22 98 60 17 127 158 125 119 108 44 143 102 27 132 121 64 148 21 111 4 81 7 83 152 39 53 9 166 9 136 101 107 76 114 62 13 60 61 125 46 79 97 70 48 170 60 163 119 128 50 7 180 9 138 46 68 70 96 120 128 176 71 1 28 45 71 47 53 108 178 28 165 157 93 54 54 52 57 93 165 41 46 144 167 45 92 145 105 18 15 93 14 115 47 150 72 112 108 103 82 49 126 48 73 123 42 10 62 4 87 128 158 107 89 30 152 28 111 99 95 45 117 41 108 158 50 24 48 111 134 135 106 118 166 117 172 172 91 31 28 76 27 73 53 111 72 57 47 161 100 17 97 105 101 141 124 118 107 63 149 142 63 142 159 50 129 56 168 97 121 62 88 74 7 152 93 75 173 158 136 150 8 180 158 110 96 89 154 63 113 171 161 101 168 19 103 66 68 128 52 78 164 164 23 2 75 87 73 176 55 99 107 74 122 137 42 146 95 70 37 24 101 60 175 116 132 68 45 17 35 102 128 144 161 108 35 158 85 16 138 111 17 19 154 120 91 1 135 32 144 92 48 22 43 58 114 153 163 145 74 102 114 150 74 68 90 8 151 4 13 109 69 85 82 10 66 75 126 30 166 35 39 1 110 62 12 1 168 111 97 126 25 31 59 69 154 92 54 27 34 62 156 47 60 59 22 72 115 168 172 140 13 94 59 61 47 160 53 49 67 42 8 15 174 176 175 163 78 123 134 64 89 179 130 159 85 128 37 70 37 121 16 133 73 27 55 114 70 23 111 142 139 32 101 58 52 23 125 165 7 152 154 162 62 29 160 34 5 121 33 11 151 136 145 152 86 21 24 6 30 90 93 9 5 66 102 16 78 66 144 146 39 81 17 26 110 30 61 71 94 72 151 158 50 104 1 150 168 148 40 10 117 40 44 80 160 103 121 145 44 3 129 147 170 119 180 66 60 89 133 103 38 151 73 11 98 121 33 64 97 44 46 163 93 163 60 176 69 148 159 14 82 112 134 93 133 157 42 34 117 102 103 41 2 180 166 90 129 108 39 58 126 176 65 116 59 118 48 32 163 123 27 130 107 163 99 35 46 146 109 64 9 5 58 140 102 108 142 144 60 152 30 85 63 123 2 6 26 68 47 175 8 120 48 136 164 114 136 143 57 48 62 23 21 80 119 171 161 20 37 169 81 121 59 16 168 87 133 76 17 39 108 80 151 98 103 161 132 145 150 165 140 121 65 32 161 11 11 88 131 139 133 141 112 155 97 75 152 17 83 5 176 12 83 82 151 126 147 40 176 132 127 55 5 21 136 36 115 163 134 153 10 115 89 15 81 76 155 25 69 78 108 106 20 165 114 162 3 153 174 171 42 49 180 87 66 61 150 106 79 82 165 151 57 177 63 72 154 30 24 44 68 164 104 127 47 62 4 107 179 4 129 24 43 127 100 165 127 13 88 163 104 59 85
156 66 42 34 132 138 112 65 47 83 141 78 26 112 86 177 77 169 22 34 164 35 95 171 159 59 179 40 104 145 46 117 112 13 121 81 175 168 112 65 17 167 103 135 30 4 148 144 4 67 31 117 142 57 82 97 174 117 10 42 165 130 10 21 128 138 157 98 140 66 107 58 55 116 117 59 162 163 174 84 90 99 116 123 3 110 166 167 123 176 44 171 132 160 44 65 2 156 168 41 156 82 159 31 163 99 11 116 52 30 107 27 144 167 162 1 157 151 68 19 53 124 18 168 143 62 105 128 150 135 131 78 108 57 89 45 152 161 175 3 159 83 82 131 173 73 60 5 172 169 66 60 172 62 81 139 59 33 85 81 167 110 146 64 61 69 81 136 122 169 66 70 58 45 8 2 142 5 88 175 130 87 56 67 149 73 119 56 90 48 165 100 178 127 75 5 166 19 172 32 60 146 150 174 20 117 88 175 87 70 97 48 128 3 67 58 47 141 175 42 94 131 129 174 63 32 100 80 24 16 36 117 10 54 71 151 88 143 128 169 179 26 44 82 91 92 147 40 8 148 14 120 22 170 126 110 130 47 94 14 59 117 174 150 83 81 165 94 122 131 50 148 35 129 40 153 45 158 19 131 97 70 178 101 3 46 37 133 12 115 28 57 112 146 74 48 59 98 76 32 17 75 147 100 138 110 67 77 38 153 81 136 105 88 105 169 159 27 38 25 10 68 155 63 140 111 62 144 16 56 112 151 84 166 55 79 174 111 176 83 108 143 6 157 70 89 32 142 103 8 135 162 28 172 122 36 12 100 15 156 112 11 153 52 160 133 169 112 168 72 31 150 110 34 61 17 139 50 147 139 1 156 27 100 83 60 43 166 175 18 14 92 143 40 33 56 19 48 62 115 109 91 170 160 130 105 42 46 2 59 142 83 164 103 80 69 124 78 21 47 48 42 125 86 114 48 44 117 81 91 138 58 16 26 64 79 22 159 91 61 131 115 47 101 85 166 164 140 172 32 14 169 30 158 134 67 179 151 64 172 16 159 152 153 4 169 137 123 105 49 143 91 145 32 92 9 69 45 90 150 81 114 87 71 143 158 19 175 147 89 139 107 61 43 28 132 47 70 35 86 70 33 175 71 64 116 65 126 10 20 161 158 96 161 30 22 140 164 103 121 56 14 118 75 144 179 152 109 146 128 99 77 147 63 4 163 37 33 146 1 99 18 119 69 88 127 25 4 123 94 141 46 132 60 102 73 152 116 139 102 79 76 109 19 61 137 158 166 75 37 24 108 41 173 133 167 137 126 97 80 27 105 143 81 75 5 159 163 22 16 72 173 40 61 23 143 166 12 103 14 115 105 20 69 133 105 135 179 160 76 86 152 100 165 133 64 78 51 76 145 95 79 109 150 65 46 114 38 85 145 76 43 51 121 76 165 9 86 176 114 91 52 139 138 42 39 41 128 28 17 145 42 72 100 174 8 82 34 57 62 62 39 130 57 49 51 30 27 144 142 77 173 20 129 92 78 79 143 167 68 88 78 177 82 112 131 164 22 123 140 163 165 104 135 10 83 124 112 19 158 137 5 84 66 98 168 31 15 126 137 69 121 131 173 88 140 98 77 171 145 174 99 137 78 175 70 47 156 117 142 82 121 36 38 59 24 94 148 128 130 16 24 94 103 15 152 92 113 104 3 136 40 41 57 70 90 54 28 104 69 96 77 164 180 166 51 104 55 60 124 103 18 86 15 64 27 65 127 69 102 133 178 174 140 16 91 54 97 74 53 20 85 164 173 164 65 6 107 172 93 74 97 47 18 78 113 75 49 46 172 158 35 85 77 124 142 11 36 146 172 7 30 23 125 64 19 54 115 113 49 173 159 95 44 35 139 180 67 152 26 94 78 90 159 162 44 164 178 157 117 133 121 69 34 58 82 158 90 146 21 137 158 67 172 120 49 149 40 153 51 46 158 58 131 96 30 102 88 117 74 28 107 116 57 89 76 101 10 120 170 144 144 85 43 15 65 159 104 97 167 74 158 130 165 132 126 19 110 2 178 90 71 152 133 135 146 53 141 33 92 130 122 140 76 57 113 95 58 31 155 66 159 12 97 133 65 174 40 63 86 164 178 85 167 54 83 124 91 135 58 131 139 38 177 57 8 70 172 66 61 108 47 75 108 117 166 27 175 41 122 70 41 116 29 113 83 160 104 172 109 114 114 167 99 140 39 71 119 177 172 144 146 146 116 20 20 95 169 107 44 60 23 116 60 133 143 31 32 27 32 142 116 121 122 61 175 24 7 34 167 143 143 91 110 146 29 160 19 8 163 29 70 55 171 153 17 1 94 132 163 76 59 62 24 70 17 175 84 22 104
33 95 10 71 155 74 106 90 28 40 24 71 135 65 153 152 75 72 11 6 2 35 85 107 108 111 121 74 23 124 159 82 161 101 76 64 98 39 114 5 48 164 33 117 8 90 156 27 165 36 36 167 67 127 137 179 114 149 91 71 12 161 82 129 80 111 9 156 25 46 26 140 21 54 48 150 22 178 8 26 110 9 40 162 95 92 105 63 11 66 90 54 5 173 162 169 173 11 32 110 149 38 65 53 97 99 48 20 90 164 36 167 67 106 100 45 122 98 92 150 164 41 130 153 35 118 12 149 81 67 68 62 86 101 39 4 125 93 29 99 135 65 91 55 78 128 12 137 156 62 111 85 62 45 20 127 25 79 179 169 4 72 80 71 102 63 120 2 169 16 150 153 65 146 88 71 166 82 180 112 147 77 52 14 5 26 80 91 105 58 73 8 90 109 46 49 152 81 71 9 97 140 101 135 25 108 91 129 102 64 134 94 40 130 97 113 129 26 32 64 25 157 56 21 86 78 124 40 177 52 131 92 161 31 178 36 62 109 126 39 158 151 157 75 58 98 18 137 58 147 104 89 82 32 6 179 68 165 87 2 29 163 8 62 144 73 125 100 130 103 179 105 163 7 49 84 33 144 130 108 105 51 172 2 172 2 139 88 138 167 68 103 158 17 119 82 3 22 141 62 140 132 39 9 84 4 49 53 85 75 120 128 87 118 74 166 77 55 60 50 118 87 78 131 139 134 73 39 57 180 127 161 180 155 123 154 149 159 70 81 50 92 19 10 161 78 147 178 60 107 138 7 97 83 83 132 146 142 34 174 103 98 93 124 51 116 1 5 43 122 148 175 102 17 178 133 70 11 123 32 4 90 96 146 77 12 56 95 51 172 48 91 97 154 46 109 29 107 146 149 15 109 78 161 59 3 117 60 74 66 160 85 114 83 163 149 78 4 86 111 85 176 152 79 33 131 170 132 99 2 132 114 164 151 3 143 143 145 82 40 165 104 123 87 132 145 140 14 137 10 39 46 53 3 167 178 142 123 23 12 105 35 1 19 112 138 123 39 100 22 80 179 65 173 118 2 87 171 32 86 77 64 38 120 106 45 59 57 177 113 69 48 98 139 107 74 31 98 178 12 117 47 106 119 132 13 143 144 146 25 41 115 29 62 102 65 135 113 129 11 129 115 144 100 49 108 5 57 39 44 63 26 136 91 69 170 176 85 71 43 113 93 13 114 109 21 54 13 134 55 109 86 90 98 84 98 176 1 22 69 63 15 134 126 28 43 133 150 12 39 153 33 134 62 159 47 154 99 9 46 7 43 180 20 75 46 162 17 12 166 170 47 46 101 129 29 100 52 101 85 125 10 33 142 134 110 116 168 48 86 3 59 11 102 110 96 25 2 113 161 84 107 117 26 148 171 41 103 174 132 16 14 57 78 42 21 159 56 178 5 145 84 75 70 47 137 96 71 107 113 99 120 115 179 18 34 150 109 94 165 94 162 9 37 21 148 34 1 43 8 120 134 143 128 51 119 105 134 90 115 101 173 95 92 102 126 55 140 156 163 104 161 112 169 85 34 148 70 32 54 7 56 91 162 73 24 49 120 49 68 1 72 50 12 164 24 89 23 97 20 18 9 2 123 161 136 63 44 108 20 159 34 59 145 173 93 101 65 83 90 60 59 107 7 94 158 67 113 22 10 125 138 19 14 114 137 74 118 141 14 13 123 161 61 176 169 138 37 98 20 138 78 11 156 8 14 110 94 45 122 178 47 5 91 123 20 103 92 147 158 122 172 172 2 42 29 112 89 119 40 139 5 180 23 4 157 100 70 73 110 32 19 178 162 3 66 55 145 163 169 171 37 74 130 29 111 63 30 86 7 38 47 170 74 17 131 45 30 161 13 103 102 127 5 124 126 91 64 29 143 61 44 157 62 110 107 126 76 30 10 174 100 61 157 159 176 167 1 64 8 45 35 75 164 141 98 30 8 139 3 47 105 180 35 147 180 15 174 171 108 156 67 13 39 102 164 49 105 172 170 68 39 37 67 29 84 139 121 52 35 169 124 117 10 21 19 29 62 15 105 61 57 59 116 19 74 85 95 139 112 17 171 54 4 143 168 20 91 112 115 62 123 23 7 179 141 164 68 55 65 116 81 130 89 37 163 112 23 156 77 57 15 98 69 56 34 38 113 177 93 107 131 49 180 39 148 110 180 51 122 82 63 87 112 55 11 87 164 13 2 56 34 137 131 39 89 45 110 115 148 75 169 111 143 139 84 146 161 117 177 15 167 26 129 29 117 154 84 5 55 60 108 2 91 33 140 150 28 68 71 91 128 166 129 22 2 22 56 29 24 52 32 43 179 87 83 79 58 89 18
41 58 12 34 173 121 118 156 26 117 130 109 74 156 154 149 120 133 74 91 110 20 46 25 37 106 67 93 99 44 166 81 45 50 121 54 37 116 94 64 13 41 102 64 175 71 42 69 113 70 71 21 44 115 125 140 177 49 17 30 172 106 18 10 119 48 56 122 175 161 167 168 67 22 70 6 125 161 93 128 174 55 146 33 177 40 126 6 174 27 165 98 171 94 70 152 25 66 177 15 51 15 131 118 97 74 152 122 54 106 86 3 101 89 86 168 88 36 45 12 31 131 51 170 101 131 74 153 37 116 155 7 17 49 15 46 54 3 145 78 159 148 19 38 136 142 127 151 61 78 118 83 78 48 94 63 22 171 97 18 95 66 116 13 104 26 92 119 21 145 39 94 157 163 177 89 114 28 9 9 77 37 79 58 126 108 167 72 101 49 143 5 155 54 105 62 29 123 3 35 70 157 168 59 21 161 55 89 29 15 36 164 162 126 142 22 28 69 40 170 39 135 157 78 126 168 40 73 31 172 30 128 176 177 52 14 66 175 169 78 147 11 110 151 11 59 155 49 139 150 145 18 33 161 10 174 20 64 42 75 175 27 21 129 17 34 35 81 106 120 82 106 29 153 141 134 96 162 68 13 112 69 6 51 13 115 124 121 159 176 61 117 113 50 131 1 6 119 34 177 9 74 154 44 33 77 22 102 101 120 41 139 12 156 45 112 69 91 93 82 90 30 66 65 51 140 77 158 169 127 85 78 47 156 31 8 2 52 133 76 89 38 177 45 46 102 54 88 93 49 8 163 170 162 146 170 153 93 121 97 124 163 9 32 86 171 62 5 125 178 104 97 119 75 2 163 54 178 132 36 14 55 55 10 69 177 72 59 37 65 5 95 11 153 172 120 180 46 59 132 82 158 152 111 7 72 151 146 105 44 120 89 41 69 79 133 77 143 31 105 100 113 76 25 79 137 38 82 22 179 170 106 54 138 68 97 81 73 75 164 129 180 23 157 31 84 76 116 70 137 41 173 36 119 157 178 128 13 179 108 99 38 59 5 51 9 157 166 159 133 54 176 95 111 52 172 114 57 20 90 80 49 80 70 35 143 67 154 76 44 138 69 79 123 73 77 19 76 145 81 45 60 69 152 167 177 71 83 102 138 163 35 61 86 145 91 160 126 65 76 123 116 103 3 98 152 37 20 121 170 177 96 97 95 104 165 65 144 8 36 114 4 29 34 108 26 15 170 142 76 156 48 137 11 57 75 10 47 81 45 108 101 58 7 65 21 51 150 133 166 165 170 101 142 21 5 98 178 172 65 80 128 96 158 131 123 3 29 103 103 69 153 54 173 16 36 7 13 90 162 90 169 95 78 167 79 39 108 110 109 172 7 107 115 28 143 13 103 6 3 54 139 101 139 110 33 180 83 17 10 139 46 109 42 29 167 14 1 132 7 180 156 12 18 23 146 153 25 75 143 25 25 21 89 7 23 92 117 30 76 57 74 22 40 156 92 158 117 49 88 170 116 137 83 141 152 23 171 15 91 29 34 31 167 93 96 63 80 18 141 146 157 16 29 1 92 2 24 158 24 76 6 90 59 104 48 103 36 163 67 67 131 28 53 50 136 75 153 150 69 73 71 63 101 23 87 14 154 100 11 172 97 71 152 19 109 58 175 68 62 10 154 134 154 11 153 53 65 76 10 10 95 57 38 71 109 120 136 168 173 52 165 180 76 118 166 9 97 116 47 169 54 15 180 10 159 114 16 147 176 149 43 3 177 115 68 64 121 144 104 60 74 26 118 135 49 179 54 26 33 62 70 96 173 10 61 174 56 19 89 2 44 76 19 81 54 81 153 166 125 37 122 55 150 172 92 51 141 123 130 64 166 87 37 161 43 159 147 126 71 44 43 102 60 49 127 2 136 76 58 141 23 34 54 6 155 65 104 19 107 110 37 101 157 82 51 149 164 65 169 2 73 159 146 115 93 144 52 117 122 98 89 118 77 51 172 39 155 81 82 72 12 26 105 6 108 36 86 26 94 16 63 63 80 134 85 135 73 166 104 122 136 8 137 65 131 22 161 154 64 23 168 69 149 148 179 39 3 50 131 25 118 7 38 12 102 22 27 22 131 81 51 80 32 140 107 132 152 179 2 167 80 3 85 79 6 108 106 127 177 2 68 97 50 50 17 23 45 125 46 84 33 43 87 52 106 7 97 28 22 126 40 109 63 46 42 116 79 167 40 26 131 33 88 36 35 170 100 137 101 100 124 158 57 155 19 16 168 176 160 7 15 32 109 39 120 113 38 42 90 130 26 112 106 166 29 176 149 143 169 144 91 164 158 60 53 9 167 106 84 128 9 100 162 27 167 139 76 17 140
148 126 88 56 121 166 43 62 71 165 55 117 75 129 34 75 45 95 17 27 127 43 139 123 64 8 83 86 81 41 92 67 158 126 95 19 162 160 133 1 102 55 39 19 170 130 161 45 72 144 18 107 163 168 166 24 139 1 60 69 8 115 172 162 40 144 6 123 100 110 27 160 3 107 64 176 173 180 8 124 127 29 87 110 56 168 52 57 68 142 27 127 171 85 23 67 26 39 17 121 52 169 80 37 76 25 151 56 155 178 14 29 154 75 61 93 102 23 140 144 167 80 168 89 59 41 104 52 143 160 45 177 148 53 78 23 45 77 32 140 163 96 153 126 142 139 171 56 75 142 178 139 50 4 105 169 80 138 39 109 66 1 179 79 131 110 93 23 40 74 66 122 80 24 37 152 76 31 44 24 169 26 158 91 99 61 65 46 107 167 136 119 85 165 134 23 61 21 154 70 40 177 113 166 31 85 54 15 127 36 70 23 87 50 173 177 72 16 56 9 126 131 121 9 142 124 89 50 66 113 94 169 143 81 78 37 12 49 90 107 180 28 109 48 179 4 72 47 7 2 112 101 27 30 23 71 33 16 147 113 37 137 175 99 88 26 35 94 101 112 32 76 104 169 46 86 35 70 41 44 154 36 49 88 78 106 55 159 7 161 154 56 167 26 64 117 123 24 57 49 27 37 84 3 156 70 12 30 93 141 57 87 70 55 12 99 30 136 149 18 87 52 168 76 168 80 29 19 151 11 162 106 71 21 96 44 158 48 115 111 40 87 153 107 11 138 24 100 81 115 82 167 91 2 121 130 49 51 85 25 5 158 74 90 88 70 39 103 133 132 28 4 91 66 6 20 64 137 10 55 164 164 70 148 104 74 68 136 98 5 124 161 51 138 123 105 162 30 73 106 65 67 14 170 114 120 117 122 23 68 148 128 93 9 158 24 39 160 176 85 77 108 117 65 74 180 127 160 29 113 129 8 60 47 46 127 10 44 23 2 51 147 95 118 169 169 95 102 45 160 70 165 86 169 15 28 106 109 102 150 68 149 129 20 109 120 33 80 36 63 67 106 122 166 151 67 101 2 81 121 164 151 92 159 126 98 143 142 114 119 179 134 159 114 68 83 16 53 20 168 94 4 32 148 180 73 11 53 108 100 89 87 85 43 154 51 54 163 4 108 139 41 154 147 27 8 166 37 106 164 162 170 50 36 78 23 99 150 77 137 148 40 64 114 43 131 136 48 90 61 30 27 175 35 97 14 69 97 150 8 111 79 46 148 91 156 85 59 44 12 38 100 14 112 72 55 22 169 173 77 145 21 86 178 169 159 87 48 99 94 154 51 159 170 66 127 152 99 93 5 94 136 123 76 136 10 169 109 142 9 89 163 172 44 120 55 156 40 26 131 34 11 102 62 103 147 34 114 147 92 155 55 28 36 166 23 180 59 153 132 104 77 133 65 77 37 175 176 137 146 114 177 129 65 74 154 31 10 170 128 166 86 109 74 65 58 23 169 132 97 132 163 8 62 178 136 160 88 144 163 59 77 41 126 100 52 3 15 43 66 5 44 133 132 8 58 51 128 53 149 111 75 166 19 145 21 11 173 136 150 20 94 33 94 26 28 152 172 48 16 136 5 75 22 149 80 10 84 152 153 45 133 41 173 51 37 158 144 44 172 123 148 111 159 134 179 164 79 173 145 78 31 128 61 165 121 143 54 28 178 118 25 178 170 56 94 95 20 62 63 84 63 13 59 142 34 90 102 119 161 175 136 123 123 34 137 99 4 104 96 95 15 57 39 111 44 25 158 24 118 166 163 162 97 51 129 52 28 149 24 57 22 41 137 2 36 91 162 147 83 45 99 89 71 49 44 126 111 46 162 62 38 170 32 146 163 17 171 99 177 125 167 91 125 5 103 150 64 61 40 34 70 110 112 10 103 83 89 158 106 56 71 171 77 138 107 7 166 127 10 29 42 1 11 100 96 43 9 38 9 120 1 63 127 10 109 65 158 24 68 119 134 40 60 129 35 106 141 125 61 48 107 5 119 134 136 12 52 129 129 19 86 92 105 158 92 119 173 78 112 60 60 7 76 147 9 50 2 68 135 159 29 14 130 168 154 67 115 61 65 84 180 120 127 75 68 32 24 40 68 165 4 113 35 101 130 59 39 27 151 137 160 16 130 140 168 33 10 126 18 11 175 80 130 57 6 16 74 57 17 152 145 25 32 141 87 41 98 42 71 18 100 28 70 114 166 1 92 107 153 136 114 163 172 95 63 98 145 6 12 29 48 166 170 75 156 130 31 122 125 159 31 102 110 133 165 138 100 118 56 111 180 118 104 14 96 38 166 106 37 68 89 133 55 63 19 55 100 20 33
19 164 18 177 110 173 114 175 79 178 60 83 42 85 111 6 149 134 56 42 125 99 54 47 44 170 134 120 106 43 120 33 109 41 128 78 118 84 178 131 117 90 153 6 146 108 129 56 135 121 121 95 161 32 118 30 67 120 140 80 64 173 163 89 62 13 72 41 135 119 99 20 58 126 119 59 164 10 150 39 1 86 49 108 83 93 95 96 40 142 95 22 40 60 138 94 24 3 84 51 101 73 80 157 104 134 62 136 163 52 153 14 91 129 77 138 146 53 9 1 62 85 180 53 6 129 92 66 111 85 42 158 72 142 97 69 80 17 37 66 130 52 80 108 49 17 162 70 111 18 168 7 50 111 99 156 28 30 131 18 36 75 179 151 46 4 93 127 105 79 87 126 81 59 108 49 135 57 92 43 175 126 6 44 48 122 32 154 176 41 141 43 120 79 2 64 23 150 51 139 137 75 57 38 122 164 179 27 166 118 176 28 50 10 33 136 27 80 81 84 2 70 146 158 108 34 98 19 98 111 152 167 111 76 17 14 31 81 167 54 86 109 141 44 138 142 78 94 180 108 73 137 157 90 40 76 7 82 87 76 175 33 44 117 178 173 56 111 36 121 43 15 137 180 11 63 134 104 67 128 98 14 123 121 147 34 9 41 171 178 17 165 95 24 10 1 108 60 156 30 23 55 2 113 155 84 149 158 81 156 109 178 12 5 75 78 60 32 162 32 24 14 142 12 59 160 160 124 30 167 126 89 177 116 122 154 103 42 80 122 66 1 82 139 27 64 81 105 62 45 104 18 104 179 144 19 91 82 155 12 175 168 9 128 113 91 31 23 121 157 77 76 52 45 112 167 76 33 29 20 75 79 121 108 15 77 159 164 50 49 43 165 73 25 19 50 9 122 147 168 153 173 168 11 155 23 68 17 112 118 69 171 50 55 75 64 139 156 166 33 111 156 177 102 15 38 23 160 89 19 108 53 143 79 125 100 103 70 80 161 172 104 99 92 96 166 79 170 61 87 47 15 43 24 174 83 24 131 33 154 5 47 162 175 41 72 114 158 6 104 100 34 25 97 175 29 127 120 46 52 149 142 48 137 177 54 72 139 15 10 122 116 152 36 74 43 26 127 88 32 46 82 141 25 34 152 122 24 75 116 151 157 6 130 15 9 164 36 43 87 31 157 146 45 172 46 103 2 80 61 95 127 34 47 18 180 23 88 110 21 17 109 114 73 104 108 60 150 87 4 152 108 156 12 28 79 32 104 106 159 78 4 120 91 80 112 161 65 10 107 150 76 54 60 8 31 129 159 53 69 165 83 141 78 105 179 150 154 129 6 163 140 140 148 161 4 118 124 26 153 69 108 68 99 85 144 157 72 143 48 118 163 162 153 47 163 175 113 96 179 135 18 169 82 8 121 34 48 156 75 23 40 154 165 35 131 157 125 73 96 95 7 131 116 34 127 154 137 156 11 160 165 31 123 51 105 158 44 15 37 127 50 126 128 112 40 85 40 159 60 105 65 125 96 81 160 70 118 58 55 110 157 31 133 117 73 145 92 95 80 48 45 36 133 177 73 40 76 59 56 104 171 1 141 40 131 102 70 131 116 9 26 122 119 103 169 94 113 11 129 116 18 111 59 123 3 149 86 64 149 18 95 1 160 67 20 64 143 33 124 58 58 170 7 167 42 180 77 174 109 25 134 55 25 50 15 159 128 75 100 149 157 76 97 78 34 131 58 67 92 112 28 159 21 97 61 117 17 4 35 163 109 120 31 72 148 143 46 160 41 97 11 44 80 166 146 57 102 173 134 168 121 132 24 136 116 79 78 16 173 37 79 145 174 13 16 30 77 70 109 165 84 27 78 31 148 119 50 129 60 147 23 34 179 69 27 144 105 98 135 37 62 32 175 41 69 7 134 139 77 11 117 28 7 139 114 144 90 157 71 144 53 10 130 45 17 104 157 128 35 159 4 130 26 32 93 28 26 50 114 103 122 57 41 162 12 149 142 177 140 32 80 158 30 129 147 156 73 170 16 72 65 45 86 131 43 3 79 28 83 41 17 51 178 175 20 78 126 61 14 145 93 72 59 54 71 118 60 71 43 126 64 113 12 25 139 175 161 141 98 123 3 155 79 23 146 7 14 171 59 48 15 153 104 90 55 167 116 158 1 167 143 165 129 140 106 153 19 119 54 63 60 170 44 107 58 20 177 99 106 25 3 19 160 78 179 25 131 150 4 120 175 115 32 109 114 120 95 139 80 121 149 149 131 53 97 62 23 68 171 42 115 128 5 107 29 62 114 152 75 22 39 58 102 151 26 103 142 6 24 118 131 153 15 121 79 120 160 125 107 131 164 18 100 23 180 92 5 133 146
107 74 155 119 159 30 47 105 175 123 159 121 93 162 172 64 86 149 117 159 8 168 179 62 28 118 113 112 163 166 118 151 21 112 23 149 12 69 28 135 108 105 26 115 92 124 9 67 37 26 127 175 1 161 46 7 144 86 17 77 63 134 29 69 8 123 25 138 122 20 70 10 157 172 2 97 143 152 13 22 13 66 77 105 80 35 4 117 69 77 22 113 176 10 8 146 48 41 141 137 144 39 58 49 82 86 109 3 54 164 67 156 167 20 177 179 179 118 105 87 171 140 75 145 137 156 57 32 134 87 165 96 102 54 176 139 15 125 151 152 163 22 70 94 81 39 97 144 10 16 133 167 73 87 165 49 31 4 8 159 61 88 64 145 145 29 162 44 140 74 92 114 23 7 31 74 162 55 169 100 41 179 66 145 109 160 57 26 158 148 36 4 155 41 30 128 179 6 90 6 130 157 90 149 66 147 126 165 148 110 59 49 130 144 32 137 62 128 124 147 36 40 32 150 137 123 173 104 148 158 142 134 180 31 53 101 92 100 28 54 164 148 166 50 106 28 146 91 113 78 28 176 6 103 141 51 19 81 81 42 164 123 31 21 9 7 59 70 177 87 9 90 5 121 31 27 140 23 139 134 129 13 95 99 101 109 61 135 117 155 165 27 92 162 165 8 138 166 87 93 143 124 56 139 31 85 113 169 125 125 122 72 18 161 136 69 130 171 80 125 128 167 135 91 77 128 48 88 70 144 11 31 9 51 151 13 175 79 129 121 3 137 130 121 4 11 50 141 99 112 170 153 138 29 55 26 59 86 134 140 88 11 60 133 104 133 3 105 39 90 74 140 22 151 58 74 132 115 175 152 55 153 10 91 36 27 173 37 94 54 149 103 76 9 131 152 59 134 117 79 125 156 164 99 7 162 178 34 148 91 93 132 163 142 56 12 109 42 97 86 26 81 85 35 113 160 120 105 31 27 121 78 154 66 56 127 63 102 111 86 66 152 89 19 43 95 68 44 83 50 25 48 122 101 60 101 16 10 50 50 9 51 104 179 100 179 32 56 98 53 100 95 28 7 77 35 28 165 34 104 39 139 13 65 94 65 49 13 141 131 157 106 151 87 28 8 110 35 131 25 103 1 44 19 157 157 178 175 7 131 56 32 170 160 104 154 167 86 109 133 3 148 121 4 92 155 166 56 166 113 117 64 51 104 146 171 151 102 147 84 47 35 62 157 149 177 84 164 98 98 33 66 174 40 37 40 37 151 15 16 65 101 145 57 158 123 138 146 140 83 118 122 39 178 26 80 97 64 3 100 162 94 54 94 142 134 65 100 112 124 130 64 77 26 21 178 116 94 52 24 53 167 116 24 20 96 67 66 63 116 155 104 78 2 122 173 125 23 62 168 73 128 14 155 87 87 171 144 90 28 71 144 47 174 100 138 175 89 154 29 32 64 74 178 175 149 173 154 106 46 103 69 171 161 81 173 173 103 14 154 17 24 46 165 65 177 21 83 48 54 145 72 105 124 180 39 27 141 138 177 33 101 24 78 50 106 47 169 47 166 29 115 96 116 20 91 154 144 40 127 15 35 130 52 14 14 66 47 44 130 8 49 24 93 136 65 144 18 54 123 98 20 155 179 127 140 96 173 33 135 93 148 16 176 84 169 84 48 123 94 65 139 110 83 171 24 64 153 124 61 96 56 165 1 13 45 34 165 175 93 83 169 68 53 117 53 146 76 141 124 22 103 134 136 12 68 32 38 176 84 121 28 27 8 24 8 99 30 43 33 173 85 24 131 125 97 112 11 30 46 155 111 122 127 164 59 123 132 110 74 38 54 155 152 139 86 180 69 83 34 158 113 131 147 62 1 96 38 162 124 174 159 18 170 123 124 109 167 55 41 2 30 101 60 154 67 85 166 146 107 53 118 54 61 147 94 55 103 14 85 47 164 32 80 124 131 150 173 170 29 119 76 104 86 114 103 164 159 71 86 5 40 14 94 141 127 165 43 142 178 96 76 4 6 97 49 60 23 123 149 85 88 35 104 147 43 21 29 175 119 55 95 160 122 124 117 59 15 102 132 64 97 78 35 40 95 119 140 4 161 43 152 132 30 25 134 173 15 154 28 32 173 38 120 57 155 180 128 67 145 56 83 95 48 41 178 47 133 22 105 31 77 57 163 92 110 124 165 70 115 7 135 73 101 99 101 144 163 110 55 18 145 177 101 131 20 131 56 31 6 137 76 71 73 120 144 180 111 166 34 33 38 86 33 121 14 118 149 101 5 130 102 39 93 24 76 135 1 39 87 75 12 117 107 65 83 180 115 43 30 125 4 116 62 75 74 123 47 25 36 53 140 92 104 70 20 75 11 163 122
102 103 49 116 68 29 167 57 28 177 80 42 110 68 76 27 134 173 75 128 105 145 58 116 131 19 123 136 69 141 147 19 47 66 72 56 146 115 3 26 131 119 72 144 53 176 130 12 172 78 28 127 15 24 92 108 143 162 104 6 178 139 18 79 167 28 85 98 62 53 123 23 55 163 56 170 178 12 57 33 17 74 103 150 143 18 6 58 60 144 9 89 13 46 179 119 45 40 66 152 4 155 17 19 128 74 126 47 2 169 70 7 142 131 68 133 86 175 20 159 67 48 31 104 13 140 44 63 61 128 36 169 62 26 159 98 52 156 105 96 80 50 91 123 135 143 7 104 43 58 173 177 82 91 104 92 80 72 117 24 132 164 9 13 64 41 136 132 102 105 32 130 171 65 41 10 116 38 151 155 20 105 179 63 121 133 84 64 68 45 79 124 68 44 115 98 12 156 180 2 158 5 90 44 47 65 59 32 34 22 58 51 118 54 65 112 74 25 118 38 81 135 59 19 121 64 78 147 128 131 129 136 22 20 2 159 39 161 133 21 49 20 173 170 101 22 100 160 144 42 101 112 58 17 117 63 45 5 125 137 33 83 96 80 120 53 1 46 48 135 124 90 126 147 132 107 76 23 141 44 176 151 146 42 69 174 123 20 70 123 80 131 80 164 151 63 88 174 61 171 130 19 13 24 130 3 159 92 99 25 110 54 8 116 149 98 89 159 46 89 104 67 149 108 84 76 117 84 148 161 140 114 82 171 27 21 151 150 11 22 76 65 102 37 151 171 132 51 153 55 46 7 16 120 105 106 77 51 106 127 161 28 98 109 55 61 166 86 62 91 140 174 174 32 90 79 50 68 121 62 34 45 3 56 74 130 68 123 105 139 132 48 151 148 155 98 59 1 50 39 144 109 75 12 171 131 28 38 33 85 70 128 103 80 115 78 121 98 126 94 119 85 167 140 61 49 61 99 15 31 135 170 175 4 16 135 152 165 84 175 83 145 160 1 153 118 144 47 20 16 2 3 175 16 102 78 54 54 99 104 7 15 67 164 28 131 104 80 26 80 15 113 33 54 75 175 153 109 171 165 90 147 16 65 58 41 28 140 69 18 127 133 73 27 104 139 29 55 138 139 116 100 10 52 88 86 142 67 144 1 28 10 134 7 98 11 163 6 179 150 129 64 134 51 118 156 145 160 88 126 55 97 144 49 145 14 163 5 48 97 66 21 164 72 52 112 40 149 16 87 153 27 47 79 75 118 33 91 14 128 67 160 72 147 148 40 112 35 172 108 114 166 175 74 62 152 122 120 166 118 35 7 65 46 115 75 96 131 46 161 38 129 76 174 57 171 6 81 83 128 172 163 31 89 104 26 146 14 31 61 90 134 47 50 21 66 111 155 134 112 60 64 122 55 20 136 16 39 59 132 2 155 85 66 154 13 58 68 89 17 136 7 160 1 160 32 109 15 38 93 122 73 18 75 140 125 173 118 98 132 15 146 62 140 59 174 100 91 95 100 157 153 160 67 69 119 147 135 123 80 45 59 85 121 103 61 131 87 124 90 92 173 120 21 100 114 122 130 105 7 140 104 96 53 104 38 15 72 87 157 136 8 125 79 164 158 127 160 111 124 124 150 103 86 160 61 104 35 116 81 123 109 148 110 39 154 32 149 117 141 108 112 83 96 127 112 40 158 55 8 158 97 155 170 102 45 168 15 7 58 30 49 69 156 170 123 106 173 88 123 55 140 99 39 80 59 63 79 2 148 84 75 137 147 141 108 79 15 169 107 113 115 163 74 114 125 143 133 22 28 152 147 66 36 80 145 93 153 180 4 27 70 138 163 29 91 153 179 53 117 104 74 30 51 97 150 147 75 34 18 2 173 18 55 8 97 53 42 81 38 161 91 179 97 116 173 142 33 27 97 56 178 148 4 41 34 49 113 113 127 104 46 129 146 17 160 48 82 111 111 23 81 147 35 9 171 156 26 137 87 16 25 63 136 38 146 152 51 73 7 18 77 14 162 12 100 154 117 159 57 66 52 18 106 132 131 3 79 99 140 14 120 99 172 115 167 32 116 111 86 136 12 113 32 48 9 168 75 8 61 115 156 159 132 37 56 147 178 46 99 133 95 11 4 7 35 3 66 66 39 119 51 121 149 164 72 20 33 8 12 104 141 141 143 84 140 31 28 123 57 148 167 110 91 30 46 179 39 72 61 175 76 145 12 5 126 51 105 25 67 173 156 12 154 93 137 43 78 172 174 8 169 87 71 125 174 109 131 38 162 93 147 123 126 156 156 136 131 75 134 100 116 92 142 56 19 153 124 9 111 146 99 23 128 132 173 27 115 91 147 104 112 105 137 124 170 161 118 13 123
6 45 61 2 86 81 122 65 58 34 1 156 1 1 133 95 69 80 38 68 135 163 101 84 85 129 100 125 12 3 117 69 88 48 112 170 112 15 10 4 4 85 21 69 37 24 136 67 14 167 93 56 56 95 134 70 158 40 159 50 70 45 75 1 160 80 53 8 27 10 53 18 81 164 163 97 39 52 171 54 109 133 163 93 130 26 166 108 179 61 99 2 54 151 7 107 132 56 114 113 73 179 79 80 134 33 40 169 113 50 55 24 73 154 1 178 40 117 39 35 73 153 114 130 89 168 151 13 24 161 37 55 16 93 2 74 11 33 58 133 121 122 127 35 1 147 121 36 48 147 156 38 69 92 105 99 92 47 114 45 108 169 39 47 54 55 138 81 130 171 81 49 61 65 139 166 178 72 37 117 1 18 45 114 100 139 29 165 13 101 69 169 6 83 98 82 89 55 45 11 74 6 10 165 133 86 176 23 36 28 14 64 71 79 38 170 63 119 39 3 54 170 18 163 124 124 155 172 23 99 73 1 59 101 147 141 41 84 29 111 94 136 148 26 130 119 33 89 37 50 23 156 55 124 160 178 12 29 67 22 97 83 29 88 49 41 39 8 78 137 174 1 117 26 178 29 109 52 21 73 27 5 17 97 60 32 47 74 23 21 121 22 99 6 117 6 30 83 118 122 37 6 83 174 71 93 90 169 33 5 63 93 161 111 124 103 129 13 80 92 6 46 13 63 63 123 157 175 53 117 33 108 22 19 55 41 121 7 80 54 71 160 138 73 125 25 56 25 151 103 116 11 68 170 86 136 35 71 17 101 82 16 129 72 20 69 76 27 5 142 7 77 81 176 164 141 103 10 176 179 112 13 54 84 99 168 174 93 5 60 162 11 67 26 138 23 99 45 134 88 37 157 126 22 101 114 93 109 125 14 151 6 150 178 43 24 113 88 77 45 11 13 89 133 66 29 98 170 92 25 166 62 54 154 138 82 121 1 86 165 94 176 111 41 94 91 88 64 165 110 71 41 169 81 21 5 81 78 99 104 18 111 164 176 84 143 1 86 154 99 107 128 171 122 107 135 57 110 164 46 58 156 71 132 62 21 134 28 27 125 117 169 77 144 126 62 78 124 34 70 53 76 5 51 57 129 146 166 62 170 95 47 30 95 20 124 30 50 89 150 47 111 78 2 122 94 131 41 143 162 103 23 15 48 37 131 175 158 150 26 64 64 15 117 172 79 10 21 9 132 140 41 19 142 82 139 142 165 157 13 151 173 28 95 131 8 66 79 108 116 112 9 121 6 144 75 66 118 86 35 68 71 65 145 117 14 71 15 51 69 121 93 50 17 94 172 117 95 147 78 52 166 107 180 158 128 34 157 138 152 6 73 25 126 18 11 3 146 45 14 144 37 16 154 43 158 128 12 24 125 62 158 12 176 91 113 81 11 151 154 40 89 35 49 5 36 112 114 59 143 170 153 160 128 39 101 172 58 88 145 45 101 9 134 163 168 119 6 146 29 69 6 143 136 100 179 75 54 151 130 5 111 139 20 114 145 74 14 37 120 144 72 56 32 19 170 160 136 20 37 41 36 133 155 106 13 97 93 49 55 132 70 21 81 87 126 85 18 11 149 80 47 169 22 100 97 100 101 98 174 123 175 179 79 54 140 152 8 12 118 161 25 77 6 152 120 69 82 32 3 167 164 123 44 97 132 158 158 128 178 166 74 138 56 63 31 100 143 156 80 3 19 40 114 13 34 104 125 173 106 86 122 72 61 132 152 116 2 133 167 18 126 90 11 34 3 150 82 48 72 5 149 96 40 119 148 84 174 120 34 62 132 70 7 130 71 174 24 79 1 74 27 179 138 15 149 103 135 87 54 5 18 106 17 44 71 151 134 137 168 32 20 38 137 140 33 131 29 1 18 49 157 6 133 129 149 175 102 171 13 143 48 118 159 28 116 140 43 35 180 111 25 58 115 138 137 33 142 65 125 15 111 104 40 135 133 122 6 176 71 133 134 121 131 26 24 165 156 43 29 166 19 41 51 81 30 61 91 39 111 42 80 127 112 135 18 57 54 78 153 147 126 27 130 29 5 65 146 63 116 107 60 88 124 2 102 7 57 169 99 111 108 56 40 127 105 92 87 114 140 67 151 35 63 10 102 28 107 175 49 21 126 7 54 161 41 30 121 5 170 64 2 100 142 13 67 16 106 67 66 107 130 95 26 47 19 173 22 86 21 173 55 29 62 168 5 119 158 54 15 123 119 32 171 37 17 178 62 26 37 119 109 96 96 172 113 88 11 77 153 52 25 157 66 4 100 179 73 169 140 180 13 66 140 143 29 81 117 21 94 115 40 48 12 165 54 165 42 102 67
89 23 35 1 87 175 32 2 137 143 146 112 87 4 43 67 62 48 73 77 92 57 32 135 127 49 109 18 113 131 106 152 157 172 39 87 126 162 88 112 9 70 118 23 29 126 97 176 76 12 47 142 127 99 158 30 56 100 52 96 30 4 165 156 101 149 43 18 124 118 30 115 72 72 156 145 137 149 157 171 110 150 91 146 179 56 145 49 26 100 52 10 105 62 47 89 162 121 136 158 105 23 84 21 144 113 61 15 148 135 170 82 3 86 141 137 13 147 123 18 157 89 68 55 119 10 23 152 144 34 67 15 152 108 180 158 107 167 37 166 65 24 64 171 53 158 15 18 127 74 120 4 162 10 173 55 151 173 23 84 138 101 70 180 95 152 89 51 100 4 142 106 156 160 21 16 39 56 55 8 13 18 73 165 107 128 30 21 100 126 92 65 99 79 46 14 176 63 152 46 69 62 80 67 66 61 88 102 101 1 73 81 18 120 33 59 159 120 45 130 11 2 16 40 78 157 162 80 101 5 132 9 62 106 27 163 109 103 26 24 37 131 18 157 79 16 3 93 97 23 171 23 84 179 48 18 17 23 59 32 84 95 53 99 110 9 146 168 106 113 82 145 44 55 38 103 28 161 4 143 5 87 23 74 48 37 134 143 129 120 62 67 6 44 155 77 133 2 25 21 165 125 64 5 139 7 113 99 22 42 159 119 8 165 147 77 116 39 47 138 99 112 107 78 8 70 62 49 81 102 146 78 75 19 84 2 38 166 4 160 17 174 53 157 111 63 96 78 106 77 96 113 131 172 171 163 134 177 98 61 35 56 21 145 65 131 114 104 132 12 70 144 180 75 27 83 119 4 109 11 30 38 87 67 10 63 166 18 21 45 138 46 166 40 97 171 139 146 121 48 86 59 98 67 171 166 54 82 50 33 112 115 135 21 24 167 131 137 149 85 67 74 28 46 177 78 49 96 163 155 46 90 115 9 142 81 110 22 130 114 62 14 141 54 108 89 76 106 90 167 154 103 44 134 148 49 27 41 80 43 45 141 48 14 149 165 17 142 176 78 140 129 157 54 11 135 82 149 112 108 103 126 163 19 151 42 111 49 87 129 27 71 52 49 40 122 37 141 99 27 174 108 141 157 104 103 25 50 89 113 132 169 115 147 90 65 87 79 160 158 72 64 23 78 105 112 108 31 97 83 91 90 154 3 38 168 132 9 114 155 96 58 3 130 52 67 138 21 112 77 58 56 12 21 86 32 163 48 144 127 125 122 113 86 155 62 157 18 110 173 166 75 169 155 112 179 149 62 66 130 29 129 63 144 114 85 123 12 174 65 153 122 52 54 26 80 94 13 129 74 158 74 112 17 34 127 48 98 28 124 133 71 87 61 173 151 160 55 147 21 156 82 15 75 133 19 94 35 129 61 10 46 134 123 165 145 93 70 160 133 139 140 138 136 77 105 60 75 97 65 98 53 62 69 157 152 89 180 80 65 6 115 9 141 138 5 128 118 34 11 71 105 4 22 145 142 147 174 54 63 148 146 144 146 176 7 27 144 164 180 4 117 173 81 123 65 147 142 154 124 57 61 105 17 91 66 128 15 138 47 137 174 53 34 105 76 95 155 151 93 166 51 38 70 65 159 22 74 83 37 174 33 25 96 130 115 131 166 117 128 63 103 117 20 106 159 15 30 11 124 104 136 151 37 129 132 166 22 10 61 146 174 176 46 122 38 124 74 24 63 175 116 119 119 95 13 149 150 36 116 42 35 119 75 119 50 31 122 34 97 15 71 10 75 78 105 10 53 44 25 111 139 93 8 14 167 99 144 105 40 129 99 72 80 25 175 8 30 69 136 154 72 135 70 114 37 136 24 56 141 120 81 101 110 147 158 9 6 119 112 56 162 66 179 62 66 107 163 164 79 126 112 12 133 141 44 140 17 17 57 158 8 144 15 135 44 167 69 125 139 6 165 12 141 103 26 171 104 33 105 5 1 42 48 112 59 64 177 16 103 109 20 62 179 64 58 15 82 46 104 62 128 180 135 40 88 84 45 8 52 138 2 171 57 22 7 113 84 99 151 66 68 150 33 114 175 142 38 112 53 10 145 61 141 178 41 141 165 88 76 128 75 2 4 138 138 6 112 86 35 11 141 118 143 25 14 124 137 31 72 79 21 77 2 51 136 18 134 61 56 67 122 15 151 48 85 27 7 166 125 119 73 90 139 107 7 114 18 116 178 134 119 163 44 56 160 143 79 9 127 66 8 70 33 121 179 67 165 113 67 31 148 21 64 114 65 92 48 113 43 143 4 124 71 3 21 44 98 179 178 144 157 44 158 72 38 121 29 81 137 1 7 23 8 49 51 101 4 120 99
139 128 112 92 119 20 109 58 166 13 131 127 135 3 130 157 145 90 8 131 178 51 140 41 2 90 167 140 13 88 91 168 42 157 109 131 121 65 176 43 151 119 75 93 92 88 94 25 144 30 135 141 143 129 118 151 36 59 139 127 155 94 39 21 161 37 131 134 27 123 173 41 90 10 168 73 24 2 158 107 36 58 23 177 177 114 104 133 111 128 51 164 37 60 139 58 165 168 159 149 17 57 175 117 46 37 45 51 171 108 39 75 146 53 147 90 26 153 130 172 109 122 146 148 41 92 146 126 142 89 76 118 9 79 169 57 88 12 53 128 136 119 17 64 118 130 139 173 150 38 128 26 40 123 78 17 59 108 90 46 166 76 91 52 85 150 32 161 174 97 111 105 125 36 7 20 18 71 68 143 18 21 91 64 173 109 81 34 60 139 146 152 35 5 20 17 106 151 23 13 122 151 99 112 51 83 59 131 156 141 160 99 94 168 55 107 35 109 63 155 2 138 137 127 5 150 1 138 92 173 139 95 158 156 73 34 36 53 86 81 39 20 117 158 33 75 147 159 159 121 5 33 119 123 73 16 70 95 133 177 80 142 97 155 107 47 154 108 146 156 87 82 86 82 105 143 63 69 28 117 14 121 83 69 71 170 6 75 15 154 57 136 58 37 96 114 76 71 146 132 37 30 115 46 163 94 140 17 94 125 16 168 99 150 45 23 36 25 154 73 89 63 93 177 33 32 152 105 57 97 126 130 103 57 93 22 131 90 15 104 107 67 2 178 3 106 54 168 78 20 148 149 143 125 103 69 73 99 125 28 149 174 32 123 111 148 19 29 128 18 27 152 84 61 133 109 103 10 154 55 141 163 145 76 78 52 172 152 111 76 87 117 13 169 58 17 59 150 85 110 121 168 123 120 15 13 148 128 106 118 176 85 144 52 22 124 118 101 116 18 33 135 97 12 118 117 16 89 14 108 170 113 130 31 43 134 93 155 146 109 142 48 160 14 178 137 41 95 80 151 59 80 30 20 152 76 138 140 47 15 29 9 144 100 24 113 108 176 7 25 95 83 68 167 32 156 139 147 82 47 61 48 117 142 120 61 44 16 60 56 44 16 163 8 20 135 120 123 26 128 40 78 104 15 71 145 57 58 144 52 94 2 142 114 155 79 143 97 49 25 104 135 113 161 176 141 116 75 170 20 145 143 140 119 114 75 71 111 147 16 38 98 111 77 173 22 84 93 127 70 159 93 76 124 98 122 142 119 100 154 86 149 115 180 11 91 24 32 24 14 68 174 20 47 29 23 75 62 94 56 94 68 155 95 2 18 25 86 109 41 2 115 98 76 157 19 65 147 18 83 144 135 90 146 124 12 68 172 113 148 9 92 2 99 50 35 85 6 57 69 1 159 96 11 21 101 22 55 59 22 34 79 49 108 59 126 59 24 96 151 26 109 58 66 59 26 180 49 125 27 130 49 118 7 164 8 18 35 53 104 47 100 128 158 130 32 131 90 124 100 9 137 129 70 95 79 60 147 143 59 40 90 54 162 130 91 78 101 104 30 122 83 21 17 96 42 65 163 50 110 10 102 134 154 151 126 21 111 14 55 77 52 57 175 32 82 114 165 101 124 15 87 43 38 167 84 66 132 171 7 10 16 108 90 98 137 13 53 124 127 136 69 27 16 33 91 84 77 4 180 81 67 160 126 44 115 76 139 37 123 13 21 166 6 93 173 32 43 24 116 162 122 27 135 58 126 19 34 63 177 23 124 86 71 134 119 103 75 157 50 45 163 116 160 177 50 117 167 136 37 34 52 133 163 140 56 70 80 70 23 48 161 150 43 106 75 107 144 165 8 118 123 120 31 64 118 147 130 127 163 118 39 74 5 22 101 112 89 46 130 48 10 12 132 150 69 28 171 79 38 169 134 98 70 29 11 100 34 50 150 123 179 177 90 34 34 119 142 155 157 164 99 146 122 53 151 88 95 174 149 160 180 37 176 48 148 170 49 55 53 46 28 76 83 128 146 89 79 52 180 134 169 12 14 44 81 65 2 35 133 62 158 130 125 97 121 124 51 59 134 22 106 87 155 80 25 68 46 58 73 89 180 77 129 84 132 140 86 171 31 28 38 88 65 19 141 136 56 44 22 31 11 61 136 106 88 155 33 157 6 102 179 1 125 126 147 42 164 100 149 144 138 134 19 5 158 176 66 129 91 107 4 175 162 130 140 23 131 131 98 102 114 76 103 124 132 51 151 54 124 20 178 71 114 67 46 54 61 33 77 48 98 72 68 85 146 78 18 125 89 48 94 61 15 106 143 113 78 81 170 86 135 14 140 7 60 29 137 43 87 131 81 23 174 131 172 6 72 174 4
155 180 123 70 6 24 126 50 31 173 141 18 164 99 57 37 95 67 49 178 2 35 180 90 139 59 36 82 4 102 85 103 3 178 4 8 114 104 122 169 118 75 148 11 77 150 144 59 124 108 122 129 110 99 157 125 45 144 44 100 119 33 148 157 117 173 138 37 180 48 133 62 102 178 57 21 173 30 39 77 31 166 119 35 80 74 47 177 117 57 159 135 86 34 50 56 94 121 48 13 65 110 117 118 88 119 74 64 178 82 29 63 40 87 164 50 113 126 101 91 158 147 157 129 121 11 32 149 92 140 16 25 132 5 110 93 18 113 104 94 71 22 110 44 56 4 178 149 145 126 100 111 20 174 116 75 42 123 89 179 177 25 94 53 67 134 46 91 29 19 39 24 75 92 141 130 134 69 68 72 82 10 141 30 55 178 134 62 106 165 140 154 126 160 63 68 4 14 89 52 61 176 44 74 155 10 75 63 41 142 180 108 26 81 50 175 156 175 27 5 73 33 166 133 63 7 117 17 30 104 31 102 77 120 165 75 106 73 63 152 144 48 61 143 75 3 140 151 2 37 130 167 1 53 132 86 45 52 60 130 7 168 90 52 133 108 85 179 27 14 53 172 138 156 123 154 102 17 100 41 113 114 17 93 154 61 34 118 68 75 64 86 150 179 45 51 154 7 162 103 103 17 129 33 6 102 30 78 84 157 51 49 134 164 120 16 34 98 118 69 33 158 124 124 135 6 23 16 124 173 59 77 69 52 45 120 135 44 44 157 127 121 62 126 25 17 156 169 78 55 50 19 18 28 14 116 122 130 90 118 144 90 13 42 4 8 146 86 95 57 144 21 174 60 80 62 99 103 32 68 170 26 17 54 66 4 101 13 66 96 39 33 71 79 46 138 36 151 133 145 6 26 49 167 63 16 122 168 101 52 7 125 10 116 37 63 63 153 13 129 97 61 7 113 74 40 156 95 151 150 170 78 54 45 42 92 171 61 123 97 16 58 117 159 138 82 178 127 22 141 78 62 165 83 109 168 75 16 149 44 50 143 137 102 78 57 151 75 59 159 63 112 12 54 149 180 90 97 155 128 157 158 165 5 36 35 119 47 12 145 176 121 149 48 53 8 100 91 33 44 17 63 77 119 136 112 67 86 105 99 42 136 137 91 76 8 24 101 41 175 34 67 57 140 20 107 161 157 39 27 118 12 96 142 51 97 93 85 123 133 88 108 8 91 82 28 72 102 156 116 9 104 34 140 93 21 32 130 80 148 111 139 68 131 80 147 106 79 126 132 32 16 104 132 74 137 6 39 165 100 118 90 96 53 86 140 41 180 65 32 101 135 116 149 46 159 78 166 132 5 5 130 167 107 74 32 107 68 51 26 108 50 53 54 132 80 174 104 141 122 138 46 138 13 4 75 106 22 29 161 25 44 19 176 61 104 135 30 109 126 156 40 155 39 108 169 96 108 42 102 51 64 29 31 4 166 95 44 54 41 69 48 7 53 154 24 79 69 125 29 84 53 143 7 175 148 122 51 169 175 6 75 176 84 117 14 146 105 24 29 62 24 92 117 102 94 75 7 94 100 74 149 105 20 8 167 27 41 42 78 35 117 26 15 158 79 137 154 124 55 136 68 135 142 84 154 41 55 145 150 119 63 38 161 36 163 5 65 161 166 151 3 173 78 132 159 42 120 114 32 115 90 31 106 53 95 174 13 123 59 89 85 119 84 139 176 36 114 66 100 179 159 74 89 117 1 57 57 134 36 46 51 20 152 38 162 129 58 153 114 32 158 1 131 104 171 53 110 66 72 25 124 175 69 150 82 141 76 151 95 95 52 148 109 155 54 52 171 44 154 88 89 88 13 128 120 151 5 122 87 64 127 2 123 75 72 94 31 79 131 34 51 31 21 138 151 160 172 154 83 77 39 151 68 73 129 25 98 153 137 114 108 136 80 44 6 70 128 109 35 128 17 154 80 129 32 63 50 60 16 127 85 82 28 91 66 155 100 142 126 133 54 78 103 18 24 31 171 167 136 28 155 175 98 174 50 8 141 153 50 31 98 8 174 92 157 73 30 95 168 79 117 103 78 107 152 26 155 142 115 8 15 155 1 29 56 156 1 165 77 162 45 95 174 67 49 172 22 17 94 127 84 27 46 19 60 126 126 46 172 29 48 57 37 145 133 38 123 18 142 155 76 150 144 118 8 167 64 132 12 79 134 114 168 116 132 171 64 97 178 99 153 135 97 80 104 65 99 89 14 176 29 74 152 94 130 97 123 54 162 108 166 108 42 16 52 102 1 4 154 152 114 87 165 112 65 25 51 59 71 144 72 173 122 166 1 69 14 126 21 175 79 150 163 104 9 162 173 124 106
0.4
0.4
0.4
0.4
0.2
0.3
0.2
0.3
0.2
0.2
0.3
0.3
0.4
0.3
0.3
0.4
0.3
0.3
0.2
0.4
0.2
0.2
0.3
0.4
0.2
0.3
0.3
0.3
0.3
0.3
0.3
0.4
0.2
0.2
0.2
0.2
0.4
0.2
0.4
0.4
0.2
0.3
0.4
0.2
0.2
0.3
0.3
0.4
0.4
0.3
0.2
0.3
0.3
0.4
0.4
0.3
0.3
0.3
0.2
0.3
0.3
0.2
0.4
0.3
0.4
0.4
0.3
0.2
0.3
0.4
0.3
0.3
0.2
0.3
0.3
0.3
0.3
0.2
0.3
0.4
0.2
0.3
0.3
0.3
0.3
0.3
0.4
0.2
0.2
0.4
0.3
0.2
0.4
0.4
0.4
0.4
0.3
0.4
0.3
0.2
0.3
0.4
0.3
0.3
0.3
