90 12
15
26082
26395
27400
28415
28067
28613
26913
28306
25632
28569
28080
26698
28295
26609
26315
3.7 12.2 50.8 2.3
3.7 40.6 89.5 2.3
1.4 39.2 166.7 1.5
1.1 19.4 425.4 1.6
5 37.3 574.9 2.3
4.9 47.2 228.6 2
3.1 41.6 457.4 2.4
2.5 29.6 719.6 2.5
4.3 29.3 543.3 2.5
1.4 39.9 149.9 1.9
4.2 44.1 291.8 2.3
3.5 30.8 358.3 1.9
3.8 23.8 205.4 2
4.5 33.8 311.7 2.3
4.8 37.7 243.7 1.8
2.3 41.4 762.6 1.8
1.9 35.2 456.2 2.5
4.3 46.9 367 2.2
2.2 29.2 571.2 2.5
2.6 28.9 590.9 2
5 15.2 619.8 1.6
2 22.1 228.7 1.6
2.4 45.9 193.8 2.3
3.5 18 826.3 2.5
1.9 24 367.1 1.6
2.2 35.1 210.9 2.5
3.2 34.8 685.4 2
1.2 35.4 258.6 2.2
4 36.9 493.3 2
2.2 48.7 872.9 1.8
1.5 42.7 328.2 1.8
3.7 38.1 172.4 2.4
3.6 43.5 309.9 1.7
1.7 13.5 900.3 2
2.3 21 758.5 1.9
3.7 38.4 416 2.2
1.9 33.8 836.4 1.6
2.9 48.5 612.7 1.9
1.5 13.9 175.9 1.7
3.8 19.7 480.7 1.6
2 20.9 389.2 2.4
4.6 38.3 201.8 1.8
3.9 31.4 620.4 2
2.4 33.6 757.7 1.9
4.8 16.6 758 1.6
1.8 48.4 407.4 1.9
3 20 760.9 2.3
2.7 36.3 57.2 2.4
1.1 16.1 80.6 1.9
3.2 48.3 704.2 1.5
1.1 29.3 757.5 2.4
1.4 41 760.1 1.7
4 28.7 695.3 1.8
5 48.4 700.2 2.3
4.8 47.4 456.4 2.3
1.4 28.4 72.1 2.2
4.3 25.6 62.6 1.5
4 40.1 544.3 1.7
4.4 19.4 571.3 1.9
2.5 20.5 293 1.6
2.8 33.4 752.3 1.5
1.3 16.1 881.5 2
3.3 48 939.6 1.7
3.2 41.4 139.2 2
3.4 12.4 766 1.7
1.2 38.4 852.6 2.3
4.9 18.4 119.3 1.8
4.2 11.2 815.3 1.6
3.2 42.9 935.2 1.6
3.1 39.8 562.1 2.5
3 37.9 185 1.7
3.3 49.3 210.3 1.5
2.5 14.3 400.4 2.1
3.1 28.7 800.4 2.2
1.3 17.2 718.2 1.7
2.2 37.7 196.5 2.4
2.3 45 131.5 1.6
2 16.1 278.2 2.4
1.7 45.6 878 2
2.3 41.3 763.6 2.3
4.9 16.6 938.6 1.8
1.2 24.9 191.5 1.8
2.9 19.5 758.4 1.7
5 16.2 65.1 2.4
1.9 34.3 433.6 1.8
1.7 21 539.5 2.2
1 10.6 738.1 1.8
1.9 29.8 80.3 2.1
2.4 46.2 669.2 1.6
4 32.3 289 1.8
4.8 32.8 789.8 2
1.9 36.3 938.5 2.1
3.5 13.8 574.6 1.8
3.3 48.2 586 1.9
2.2 29.3 163.5 1.7
3.9 10.8 909.1 1.9
4.8 16.6 761.9 1.9
4.8 47.5 115.9 1.9
3.2 27.8 408.3 2.3
3.1 13.6 309.4 2.5
4.3 36.3 828.5 2
2.6 22.1 270.1 2.1
2 29.4 820.4 1.5
3.1 39.1 361.1 1.8
3.1 37.9 899.5 1.9
2.2 31.5 262.1 1.7
3.3 10.5 636.8 1.9
3.6 33.8 357.2 1.6
3.5 19.2 531.1 2.1
3.5 45.6 699.5 2.3
2.6 33.3 887.9 2.3
1.8 27.5 931.1 1.6
3 30.9 165.3 2.3
2.6 29.4 810.7 1.5
4.7 34.7 863 2.2
1.6 35 505.6 1.5
3.6 22.2 551.3 1.7
3.6 46.1 861.8 1.7
4.6 31.1 798.7 2.1
3.6 26.3 329.4 2.4
1.8 23.7 219.7 2.1
2.1 40.3 246 2.2
2 39.1 934.9 2.3
3.8 45.3 678 1.9
1.8 10.9 730.1 1.5
4.5 36.8 843.9 2.3
1.4 25.9 819.9 1.6
3.2 10.7 138 2
4 26.5 247.2 1.8
1.6 15.9 149 2.1
2.1 49.4 602.7 2.3
3.2 31.1 536.6 2.3
3.1 15.8 201.7 1.6
1.3 17.2 546.8 1.5
1.2 49.3 343.4 1.9
2.4 13.2 51.1 2.4
1.5 41.9 525.4 1.9
1.7 21.3 589.2 2.1
2.6 20.9 210.7 1.5
2 42 386.1 2.2
1.7 18.5 634.3 2.1
3.6 16.7 557.2 2.2
1.3 26.6 321.7 1.5
3.9 10.5 450.2 2.3
3.6 45.1 799.9 2.1
4.6 30.4 124.8 2
1.6 29.5 64.3 2
4.8 39.8 494 1.8
3.1 45 133.1 2
3.2 20.5 930.3 2.4
3.7 32.8 211.7 2.3
4.6 17.3 309.1 2.3
2.8 16.1 360.2 1.8
2.8 31 404.6 1.6
3.4 47.6 503.7 2
4.1 40.1 681.9 1.7
2.3 29 230.2 1.8
3.3 45.2 896.1 1.9
1.3 29.2 73.1 1.7
1.4 22 128.5 1.9
4.3 12.6 395.5 1.8
1.8 16.6 353.7 1.8
2.7 41.3 240.4 2
1.8 46.7 269 1.5
1.3 41.4 373.7 2.5
5 43 350 1.7
1.5 37.2 242.9 1.7
3.3 34.5 249.8 1.6
2 24.2 592.5 1.8
2.6 14.1 605.3 1.6
2.6 10.6 762.8 1.5
4.9 43.3 304.8 1.5
1.7 49.6 299.4 2
1.8 41.1 817.8 1.9
3.6 15.6 391 1.9
2.1 25.6 868.8 1.6
2.4 22.6 804.6 1.5
4.5 41.5 946.1 2.5
1.8 28 865.2 2.3
1.6 23.6 681 1.6
1.1 50 627.1 1.9
4.1 48.1 121.8 1.8
2.9 14.2 453.7 1.7
4.7 40.1 142.2 2.5
4.6 23.6 73.2 2.2
2.6 22.6 416.4 2.4
4.6 35.9 826.8 2.4
1.1 47.8 78.9 1.9
2.4 22.3 824 2.2
1.6 24.7 910.5 2.1
4 47.5 932.1 1.7
4.9 47.5 847.4 1.5
4.8 38.3 481.9 2.2
2.7 26 758.7 1.6
1.5 43.1 640.8 1.9
2.3 14.6 155.4 1.9
5 10.5 748 2.4
3.6 18.9 60.9 1.6
2.4 33.6 489.2 2.1
3.1 30.3 103.5 2.2
4.6 26.7 543.1 2.4
3.3 27.2 155 2.4
2.7 26.8 312.6 1.8
2 42.8 324.4 2
2.3 36.1 756.6 2.3
3.4 32.1 684.7 1.9
3.2 12.4 858 1.7
2.4 25.6 136.8 2.1
2.3 13.2 584.7 2.4
4.3 26.7 383 2.5
1.3 47.8 876.4 1.9
2.9 33.4 924.6 1.6
4.6 44 358.4 2.3
3.1 28.4 660.5 1.7
1.7 23.2 437.3 1.7
4.8 15.5 797.8 1.9
2.3 43.1 227.8 1.9
1 40.7 469.3 1.7
4.5 34.3 75.4 1.8
2 27.7 757.8 2.4
2.4 15.4 698.1 2.4
2.7 34.4 156.7 2.4
2.8 50 376 1.7
2.1 36.9 836.6 1.8
1.1 18.2 385.8 2.4
4.6 33.8 480.3 2.1
3.1 16.2 165.7 1.6
2.4 14.5 540.7 1.9
1.7 40.6 305.9 1.5
4.1 36.8 79.4 2.1
3.9 13.5 863.7 2
1.2 15.2 548.3 2
2.5 47.9 905.6 2.4
1.5 23.5 779.4 1.9
3.8 24.4 798.6 2.1
1.6 18.1 882.1 1.7
2.9 32.8 608.2 2.1
2.1 18.3 310.5 2.2
4.5 32 283.3 1.6
3 37.8 505.8 2
2.3 49 526.3 1.7
4.2 13 421.9 1.9
4.8 45.9 320.2 1.6
4.6 46 252 2.2
1.2 39 656 2
3.5 44.6 124.2 2.4
2.2 28.3 289.4 2.4
2.6 27.8 441.4 1.9
4.2 20.7 640 2.2
3.5 33.6 918.9 2.5
3.2 44.1 245.6 2.4
2.9 12.8 492.9 2.5
3.4 29.9 621 2.4
3.1 45.5 786.9 1.7
3 30.1 741.3 2
1.7 42.1 815.8 1.5
2.7 28.8 642.2 2.1
4.8 45.7 301.5 2.5
3 49.2 872.8 2.3
4.8 44.1 281.1 1.8
4.2 40.3 815 1.9
1.9 14.3 100.8 2.4
1.6 35.8 146.3 1.9
2.1 44.6 630.1 1.7
1.3 41.9 393.5 1.9
4.9 26.1 897.7 2.2
1.5 37.5 207.7 2.3
2.2 45.1 235.3 2.3
3.9 12 351.2 2.3
2.3 18.7 542 2.1
4.1 22.1 599.9 2.4
1.4 45 898.6 2.3
4.9 24.7 341 2.4
3.5 47.1 538.1 1.6
3.6 39.2 90.1 2.1
2.4 39.4 801.7 2.2
4.3 46.6 656.4 1.7
2.9 20.2 919.4 1.7
1.6 30.2 911.4 2.2
4.4 44.9 529.7 2.5
3.5 30.8 470.4 2
3.6 37.7 723.6 2.2
2.2 48.7 177 2.1
1.8 33.8 523.7 2.4
5 36.3 257.6 1.8
2.6 25.4 821.3 2.3
5 43 627.2 2.4
1.7 17.4 673.4 2.4
3.5 41.3 533.1 1.6
2.1 17.4 912.5 2
3.3 43.9 546.2 2.1
3.4 29.5 52.5 1.9
1.2 35.3 550.3 2.1
3.5 44.5 795.3 2.2
1.7 43.8 435 1.6
3.5 46.3 489.5 1.7
2.9 41.3 823.2 1.9
3.3 30 51.4 1.9
2.2 32.7 337 2.1
4.1 31.6 753.1 2
3.3 23.7 102.6 1.5
2.4 24.7 188.7 2
1.3 18.4 512.1 1.7
4.3 14.2 585.8 2
2.7 18.1 765.7 2.1
4.3 40.2 586.3 2.4
4.5 23.2 645.1 1.9
4.6 11.6 930.7 2.2
1.1 26.1 629.6 2.3
4.3 34.8 224.9 2.4
2.2 38.9 619.3 2.1
3.6 31.8 338.6 2.2
4.7 26.8 523.3 1.9
4.9 14.9 923.3 2.2
3.4 45.5 517.3 1.6
4 46.3 449.1 2.4
2.5 14.1 922.1 1.6
3 11.7 623.2 1.6
2.1 10.1 360.4 1.7
4.1 44.4 926.3 2.2
2.6 37.8 827.8 1.5
4.8 39.1 295.2 2.5
2.8 21.2 654 2.3
3.2 11.3 217.7 2.2
3.1 24.1 267.3 1.8
1.8 16 337.4 2.1
3.5 19.5 930.7 2
1.7 49 436.8 2
1.2 35.4 722.4 2
2.1 49.4 218.3 2.4
4.9 46.9 253.7 1.5
2.4 11.4 360.4 1.6
1.3 45.3 613.4 2.5
4.5 25.2 599.9 2.3
2.7 24.5 732 2.4
4.9 12.5 618.9 1.8
2.2 46.3 924 1.8
2 19.6 316.9 2.1
4.6 43.6 520.3 2
4.1 29.1 107.6 2.2
2.2 36.2 931.9 1.5
3.6 10.2 301.3 1.8
4 14.9 881.7 2.4
1.5 29.3 354.2 2.1
1.7 18 743.3 1.6
3.7 11.3 665.6 1.9
4.6 12.1 198.4 1.6
3.6 47.3 906.6 1.6
2.6 15.9 81.1 2.1
4.6 48.9 207 1.8
4.1 16.1 521.5 1.9
2.7 27.7 830.7 1.7
2.6 43.4 249.1 1.9
3.5 33.2 291.3 1.9
2.5 49.9 768.2 2.5
4.4 18.1 930.2 1.8
1.2 41.8 933.9 2.2
1.7 24.9 700.3 1.5
3.2 35.6 719.1 2.1
4.2 17.4 433.3 1.6
4.9 31.2 125.9 2.2
1.6 29.4 296.7 1.9
1.3 47.9 684.7 2.4
4.1 10.2 810.8 1.9
3 45.5 718.3 1.8
3 38.3 936 1.7
4.9 15.1 180.9 2.3
2 29.3 753.4 1.7
3.1 16.2 616.7 2.3
1.7 19.6 580.6 2.1
2.9 10.9 403.1 2.1
2.4 19.5 72.6 2.3
2.3 20.1 505 2.1
1.4 35.9 588.6 1.9
2.7 19.5 169.1 1.7
1.6 34.2 848.8 1.9
2 45.2 780 2.5
1.2 39.5 100.3 2.1
4.6 21.1 370.2 2
3.2 35.4 99.7 1.8
4.6 18.3 716.5 1.6
2.1 15.7 720.7 2.1
4.6 16.2 666.2 2.4
4.5 26 84 1.7
2.4 37.6 688.6 2.3
3.6 33.9 878.6 1.8
2 32.7 190.1 1.9
2 23.5 817.6 2.4
4.8 28.7 610.1 2.4
3.6 47.1 442.3 2.3
2.3 11.3 178.4 1.5
3.2 48.7 96.1 2.4
4 26.8 217.1 2.5
4.8 19.9 774.1 2.4
1.2 41.9 453.5 1.9
1.9 30.7 357.2 2.5
3.7 14.4 105 1.9
2.8 39.6 439.9 2.1
1.8 44.3 878.6 2.4
4.7 18.5 749.4 2.3
2.2 41.5 381.1 2.3
3.4 28.5 928.4 1.5
1 29.2 635.2 2
4.6 39.7 580.2 1.6
5 45.7 125.4 1.5
2.4 23.3 112.7 2.1
2.9 43.5 539.7 1.7
4.9 12.5 397.7 2.3
3.5 44.1 694.1 2.2
2.3 13.5 577 1.6
2.8 32.2 391.6 1.6
1 21.8 97.9 1.8
1.3 14.9 814.2 1.6
2.1 37.3 223.5 1.5
4.6 23.9 295.1 1.9
4 24.9 62.5 2.1
4.7 32 638.2 1.7
3 23.1 812 2.3
2 45.2 267.7 1.9
3.8 33.8 86.5 2.2
1.6 39.7 816.2 1.6
3.6 28.5 117.8 2.3
2.8 36.7 70.1 1.5
4.7 16.9 501.1 1.8
4.7 17.1 807.1 1.8
1.9 11.4 548.7 2.4
4.8 38.6 133.3 1.7
2.8 48.4 161.8 2.4
3.9 27.7 481 2.1
2.5 42.4 424.7 2
3.3 45.5 659.6 2
3.7 15.5 770.7 1.9
2 11.6 699.7 1.9
3.1 18.9 675.2 1.8
4.8 19.2 484.7 1.6
1.8 41.5 821.4 1.6
3 48 392.8 2.4
2.3 25.6 714.5 2.1
4.2 38.3 362.6 2.2
5 23.1 642.5 1.6
4.7 24.5 375.1 1.8
4.2 21.2 509.4 2.2
2.6 26.1 387.8 2.3
4.2 19.6 432.4 1.9
2 29.1 165.3 2.1
2.6 21.1 720 2.1
1.5 42.5 856.3 2
2.2 45.4 207 2.2
4 23.6 710.7 1.9
4.5 48.1 697.1 2.5
1.1 32.1 214.3 1.7
3.1 22.1 144.6 2.4
1.1 13.6 486.5 2.5
4.9 47.1 433.7 1.9
3.3 14.3 354.6 1.7
4.1 26.2 159.6 1.9
2.6 37.6 373.4 1.5
3.8 34.2 313.5 2.4
1.5 39 240.7 2.3
4.1 39.2 622.3 2.2
4.4 19.9 352.7 2.4
1.4 12.8 69 2.4
3.4 43.8 753.6 2.2
3.8 28.2 193.5 2.4
4.5 38 157.5 1.8
3.1 18.3 351.6 1.5
2.4 21.3 59.9 1.8
3.1 43.9 558 1.7
2.8 13.4 795.6 1.6
4.5 42 760.4 2.1
3.3 25 176.9 2.1
4.2 15.9 448.9 1.9
2.4 10.6 420.7 1.9
2.5 38.8 206.3 2.4
2.7 41.4 869.1 2.4
3.2 33.9 76.3 2.3
2.7 35.3 459.5 1.9
4.6 44.8 610.4 2.1
1.4 40.8 228.8 2
1.2 41.3 157 2
3 20.6 54.1 2.4
4.5 30.8 56.9 2.2
1.8 12.5 625.9 1.7
4.8 14.5 650.4 2.3
1.4 37.1 760.3 2.4
1.3 41 344.5 1.7
4.8 31.8 810.6 2
4.2 19.2 250.9 1.9
3.2 11.1 543.9 2
4.2 34.2 194 2.1
4.3 15.5 468.2 2.4
3.5 18.7 659.3 2.5
2.4 15.8 118.2 1.8
1.2 40.8 915.4 2.3
4.1 38.5 568.6 1.7
3.9 29.2 476.2 2.1
3.7 38.6 284.7 2.4
2.2 14.9 478.2 1.9
1.5 19.6 471.4 1.7
4.2 24 599.9 2.1
4.4 16.5 814.2 2.2
3.7 21.2 475.8 2.5
3 43.2 452.5 2
3.5 23.1 336.7 1.5
1.1 23.7 704 2.5
3.2 24.7 337.5 1.9
1.4 18.8 490.5 1.6
2.9 47 725.6 2
1.7 46.3 941.3 2
2.7 20.3 124.8 2.3
3.7 44.3 628.4 2.2
3.2 15.8 332.8 2.1
2.4 46.7 931.6 1.7
2.7 38 158.3 2.1
4.1 31.5 744.9 2.5
4.2 30.6 807.1 1.8
2.7 23.9 715.7 1.8
1.7 48.9 815.6 1.8
2.7 26.9 183.1 1.6
4.7 32.8 680 2.1
3.9 21.3 421.2 2.2
5 26.7 480.7 1.8
4.1 49.8 310.4 2
3.6 23.3 280.6 1.7
3.4 41.4 263 2.4
3 26.8 294.4 1.6
2.2 24.7 463.1 1.9
3 43.4 883.2 1.6
3.9 46.4 600.7 1.6
2.2 46.3 719.6 2
2.4 15.5 463.9 1.8
1 22.4 684 1.8
4.9 15.2 733 2.1
1.9 31.8 946.3 1.6
3.7 24.1 310.8 1.8
3.9 13 287.7 2.4
2.6 47.9 131.7 1.9
1.7 34.8 142.3 1.6
2.5 38 890.3 2.3
4.9 20.1 183.1 2.4
4.9 49.1 559.2 1.7
1.5 27.8 207.3 2.4
4.9 30.7 300.9 1.7
4.9 28.6 101 1.9
3.8 24.2 513.7 1.7
1.5 26.4 69.3 2
4.6 24.3 150.3 2
2.2 32.8 264 2.5
1.8 27.9 639.2 1.8
3.7 30.6 127.1 1.8
3.5 27 652.7 1.9
1.4 39.5 376.7 2
1.4 48.2 184 2.2
1.1 48.9 905.8 1.5
2.4 29.1 826 1.8
1.6 40 363 2.5
4.9 48.3 903.8 1.8
3.1 24.2 885.9 1.7
4 20 687.9 1.6
2.5 39.4 940.5 2.3
2.7 19.4 493.3 2.3
4.9 40.9 659.4 2.5
4 37.5 507.7 1.5
2.6 12.9 132.5 2.2
2.4 19.3 617.6 1.7
4 39.3 80 2.5
2 19.3 684.2 2.3
2.9 12.1 651.7 2.3
1.5 49.4 263.7 1.9
3.3 31.9 696.9 1.9
1.1 48.5 120.2 1.6
3.3 36 424.9 1.7
2.5 48.4 856.9 2.5
4.7 26.9 565.8 2.2
4.2 10.4 242.3 1.5
4.4 23 668.5 2.1
2.2 27.2 452.7 1.6
4 17.9 267.9 1.8
1.7 44.5 271.3 1.9
3.1 15.5 662.9 1.9
2 47.8 445.4 1.6
1 15.3 174 1.9
3.5 35 608.7 1.8
1.6 37.7 110 2
1.5 31.8 915.6 1.7
3.2 46 63.3 1.9
1.9 44.4 109.8 2.4
1.6 26.9 892.3 2
4.2 37.1 92.9 1.7
3.8 40.9 267.3 2.3
1.1 22.9 85.7 2.3
4.7 47.5 864.9 2.1
1 11.2 828.9 1.5
2.4 21.1 58.7 1.5
1.6 35.2 767.8 2.4
3.2 29.5 910.2 2.3
3.9 13.5 779.5 1.7
1.2 40.6 84.4 2.2
3.8 13.6 415.6 2.3
2.6 10.8 917.2 1.8
2.1 23.9 108.4 2.3
4.6 19.8 692 2.2
4.4 13.2 430.8 2
4.5 30.8 266.2 2.4
4.9 29.4 529.8 2
1.5 34.9 464.5 1.7
1.6 22.7 519.5 1.8
4.8 17.1 606.6 2.3
4.3 29.6 359.3 2
2.1 38.4 479 1.7
4.3 18.4 557.7 2.1
2 29.3 829.9 2.2
2.1 19.3 870 1.7
1.4 26.5 162.8 2
2.9 15.1 142.8 1.9
1.3 44.8 898.2 1.8
3.6 23.2 273.4 2.4
1.4 29.8 96.1 2.2
1.6 47.6 475.8 2.5
2 13.2 147.1 1.7
3.2 18.2 557.7 2.5
2.5 42.2 628.4 1.7
4.7 32 83.4 1.6
2.9 21.2 83.5 1.9
4 44.5 276 1.9
1.6 42.5 205.5 2.3
2.9 22.8 810.6 2
3.4 39.5 513.2 2.2
2.5 22.3 173.5 1.7
5 28.7 593.3 1.6
2.3 49.8 467.1 1.6
3 21.6 734.1 2.1
1.4 43.7 198.3 1.6
3.2 24.5 728.7 1.6
3.9 33.6 709.6 2.1
3 43.4 64.6 2.3
1.6 38.4 438.4 2.1
2.3 24.1 174.1 1.7
3.5 46.3 572.2 2.4
2.1 28.7 733.3 2.2
3.5 12.7 863.7 1.9
2.4 34.3 464.8 1.5
3.4 26.6 277.5 1.8
2.6 32.3 808.1 2.1
4 13.6 356.7 2.3
4.9 16.2 125 2.3
4.9 34.9 90.2 2.5
2 36.9 187 1.6
4.6 19.6 175 1.7
3.4 41.9 218.9 2.3
3.8 29.4 178.7 1.7
1.3 33.9 768.5 1.6
4.2 40.4 745.1 2.2
3.7 28.9 503.7 1.9
3.8 27.8 54 2.3
3.9 28.3 205.9 1.9
3.4 23.7 843.1 1.8
2.3 17.9 675.3 1.7
3.7 48.6 269.3 2.3
1.6 19.8 171.3 1.8
2.8 18 374.1 1.9
4.7 20.8 196.9 2.5
2.7 34 114.2 1.8
4.9 48.1 357.9 2
2.7 41.6 891.8 2
5 27.6 131.4 2.2
2.7 29.4 814.9 1.9
3.9 34.6 862.2 1.6
3.7 11.2 630.6 2.4
3.2 45.2 686.3 2.1
4 18.3 160.5 2.4
3.4 36.2 820 2.1
2.1 42.2 140.5 1.5
2.9 24.5 435.8 2
1.6 45.8 939.8 1.7
3.3 24.6 746.1 2
2.7 22.5 465.5 2
2.8 39.6 80.2 1.8
4 27.5 313.8 2.2
4.8 19 496.9 1.9
4.9 33.8 525.5 2
4.2 48.9 874.7 2.5
2.6 21.9 436.2 1.8
2.6 16.2 210.4 2.4
1.7 36.1 716 1.7
2.7 14.8 652.7 2.4
4.1 48 302.5 2.3
3.5 14.4 277.8 2.2
3.9 34.2 165.8 2
4.9 16.9 265.8 2.4
4.6 23.4 798.1 1.6
4 41.2 781.1 1.9
3.7 25.9 711.6 1.9
1.6 42.7 844.2 2.4
2.8 12.4 150.3 2
4.7 32.4 831.5 2.5
1.6 48.4 571.3 2.3
2 18 624.7 2.1
2.2 27.6 385.4 2
1.4 38.9 901.9 1.5
3.8 25.3 477.6 2.4
1.4 25.9 850.1 1.7
2 16.6 562.6 2.1
3.5 39.7 117.9 1.7
4 14.8 376.3 2.4
1.3 30.6 134.8 1.7
2.8 36.4 215.6 1.8
4.4 27.6 593.6 1.9
1.5 36.5 675.9 1.9
4.7 13.8 176.4 2.2
1.3 20.2 948.9 2.4
2 36.5 372 1.8
1.5 22.9 859.8 2.2
4 45.1 389.9 2.5
3.6 23.1 747.3 1.8
1.7 37 806.1 1.7
3.1 41.9 492.8 1.7
3.8 37.6 552.5 2.5
3.5 35.7 451.8 2.3
4.2 10.2 382.9 2.4
2.8 27.1 949.2 2.3
1.4 48.2 560.5 1.6
3 47.8 539.1 2.5
4.3 45.6 782.8 1.9
3.5 48.1 114.1 1.5
1.4 23.2 414.3 2.4
4.8 21.7 888.4 1.9
1.2 12.5 417.5 1.8
3.6 38.9 681.9 2.5
5 25.6 63.7 1.6
1.7 23.8 299.9 1.6
5 17 510.4 1.8
2.8 31.8 511.6 1.5
1.7 33.2 522.2 2
3 16 446.5 1.9
1.3 12 136.2 1.7
2.8 26.6 286.8 1.7
2 17 898.6 1.7
3.1 25.8 130.9 2.5
3.2 19.7 573.5 2.2
2.5 43.6 333.6 2.3
1.9 22.4 328.8 2.1
1.4 14.1 629.5 2.1
3.9 45.3 789.3 2.3
3.3 30.8 922.6 1.9
4.2 28.9 462.9 1.9
4.5 43.3 245.3 1.6
3.7 21.2 713.9 2.3
1 10.5 387.7 2.1
3.6 17.3 262.3 1.7
1.2 41 778 2.3
1.5 42.6 304.8 2.1
1.2 19.6 570.3 2.2
2.6 29.4 124.6 1.8
1.1 48.1 469.5 1.6
2.2 26.4 54.8 1.7
2.1 45.6 499.6 1.9
1 18.8 371.9 2.3
4.4 31.3 512.7 1.9
4.2 16 142.9 2.4
1.3 43.8 742.2 1.9
1.6 48.2 487.8 1.6
2.3 44 211.4 1.8
2.9 21.5 97.2 2
1.7 47 152.7 2.1
1.6 30.7 938.1 1.8
1 40.1 137.9 1.6
2.9 32.5 174.2 2.4
2.9 30.1 191 1.8
1.5 32.1 274 2.3
3 26.7 678.1 2.2
1.1 37.3 935.6 2
4.8 36.4 216.5 1.7
3.8 24.3 930.3 1.5
3.7 40.9 882.3 2.5
4.2 17.5 345.4 2.3
1.3 43.4 235.8 1.7
3.7 36.7 430.4 2.4
2.5 47.9 625.1 2.2
4.5 22.9 804.6 1.9
4.9 34.8 651.6 1.7
5 26.3 161.8 1.5
2.3 21.8 787.1 1.8
2.1 39.8 950 2.4
2.9 45.4 912.9 1.8
4.9 30.7 851.9 2
1.6 13.7 348.3 2
1.1 13.5 384.3 1.9
4.1 14.5 344.7 2.4
3.4 12.7 516.1 2.4
4.9 27.3 893.6 1.6
3.2 43.8 483.3 2.5
3.1 42.7 884.2 2.1
3.4 41.4 635 1.6
1.8 48.8 840.2 1.9
1.3 24.9 228.9 1.6
1.3 37.7 734.2 1.7
1.4 41.9 582.8 1.7
4.9 12.9 91.8 2.1
3.7 39.1 53.4 2.4
1.6 30.7 464.6 1.6
2.1 41.3 780.1 2.4
4.9 37.9 803.3 1.7
1.1 23.3 830.4 2.2
4.8 21.7 691.8 2
1.7 35.9 598.3 2
5 29.6 219.8 1.5
1 18.4 89.7 1.9
1.6 40.6 852.7 2
1.3 14 936 1.7
4.3 41.9 457.8 2.2
2.7 35.9 350.7 2.4
2.5 48 214.1 2
4.7 41.1 246.9 1.5
4.4 43.4 846.6 2.2
2.5 33.5 711.5 1.7
1.7 28 145.6 2.5
4.7 13.9 686.9 1.7
4.6 30.6 353.1 1.8
4.6 20.7 507.8 1.6
1.1 27 913.7 1.8
2.1 34.7 633.4 2.1
5 20.1 359.5 1.9
4.7 48.6 544.7 2.2
3.6 22.8 136.1 2.1
4.5 33.1 501.1 2.4
3.8 38.3 643.8 2.2
1.4 22.4 84.4 2.1
1.1 31.4 714.7 1.8
4.7 46.5 415.2 1.6
1.2 16.2 163.2 2.4
2.2 15.3 606.1 1.8
5 27.1 830.3 2.1
2.6 43.1 398.4 1.7
4.6 34.8 74.6 1.6
2.6 49.8 102.5 2
2.4 40 160 1.7
1.1 21.3 274.8 1.8
2.8 32.7 460.2 1.7
2.5 47 308.5 2.3
1.3 13.7 600.7 2.3
4.2 37.9 814.9 1.9
4.7 47.2 900.5 1.8
1.7 46.1 763 2.5
4.2 49.7 682.2 2.4
3.7 41.1 848.1 2.3
1.4 43.8 153.9 1.9
1.7 44.7 923.7 2.4
2.7 31.5 70 2.3
4.4 28.8 578.6 2.2
2.9 33.9 916.3 1.9
2.4 19.7 907.3 2.3
2.2 24.9 945.8 1.9
1.5 47.5 812.9 2.3
3.7 34.1 588.3 1.9
4.3 22.1 231.2 2.1
2.3 35.4 568.8 1.8
2 20 372.8 2.1
3.2 49.2 133.6 1.7
4.8 24.2 716.5 2.4
4.8 13.1 295.6 2.3
3.8 18.5 866.4 1.5
1.3 14.6 322.1 2.5
4.4 34.6 287 1.7
4.7 38.2 687.4 2.2
2.8 19.5 888.4 2.1
3.7 11.3 314.4 2
3.2 39.1 461.3 2
4.9 48.9 615.3 2.4
4 18.3 596 1.8
1.5 41.8 510.1 1.6
2 24.2 457.2 2.3
1.2 41.6 55.1 2.2
2.7 28 111.8 2.3
1 46.9 789.9 2.2
4.1 33.5 178.5 1.7
3.1 42.4 155.5 1.9
4.8 36.3 334.7 1.7
4.7 29.7 188.5 1.8
1.1 12.4 120.9 1.9
2.1 27.8 800.3 1.8
3 38.2 333.2 1.7
3.7 49.4 850.4 2.1
2.9 22.2 276 1.6
3.6 48.9 540.6 1.8
2 12.9 268.5 2.1
2.2 10.6 149.7 1.8
4.5 48.9 325.2 1.6
4.5 47.6 235 1.9
4.1 42.1 759 2
5 12.7 812.6 2.3
4.4 33.9 199.3 2.3
1.2 12.4 223.2 1.9
2.3 13 895.4 2.3
2.5 39.6 275.4 2.2
1.8 25.8 221.8 1.5
4.2 31.7 516.3 1.7
2.2 42.7 563.7 2
2.4 30 249.6 1.9
2.7 33.8 338.7 1.6
1.1 21.8 689.8 2.5
4.6 33 246.2 1.7
4.6 13.8 361.1 1.6
3.7 35.7 220 2.2
1.3 28.3 610.3 1.5
3.3 33.7 459.1 1.7
1.6 28.5 730.6 2.2
2.6 27 644.4 2.4
1.4 42 366.5 2.4
4.9 16.1 898.6 1.7
4 45 382.6 1.8
3.6 48.2 901.8 1.9
1.4 33 117.1 2.4
2.4 16.1 694.1 1.7
3.7 19.2 764.7 1.8
1.5 36.5 837.8 2.3
3.7 10.4 374.2 1.7
2.5 25.8 761.6 2.3
2.2 44.3 244.7 1.9
1.5 21.6 638.4 1.5
2 42.3 400.9 1.7
3.8 29.2 423.3 1.8
2.5 14.1 546.4 2.5
4.7 28.7 433.8 1.8
2.2 41.2 574.5 1.9
3.9 26.3 799.3 1.5
4.7 38.8 668.8 1.9
3.2 33.7 681.9 2.4
4.9 36.7 126.4 2.2
1 41.9 360.5 2.3
3.8 33.8 640.5 1.7
4.8 37.5 315.1 2.1
3.9 26.4 335.1 2.5
2.1 17.2 794.6 2.3
3.6 38.4 688 2.2
4.3 44.1 61.8 1.5
2.5 12.3 421.8 2.2
2.5 33.3 342.8 2.4
1.8 30.4 651.1 1.9
3.2 25.7 89.8 1.6
3.4 45.2 863.7 1.9
4.2 19.3 203.2 2.5
1.2 21.2 121.2 2.4
2.4 38.5 858.9 2.1
3.9 49.8 877.5 2.2
1.5 45.4 880.5 2.2
2.6 36 684.8 1.6
3.9 34.2 167.9 1.9
3.4 31.8 769.1 1.6
2.3 33.8 535 2.2
3.1 14 127.4 1.6
4.1 34.7 721.8 2.2
2.3 23.1 264.5 2.3
2.9 34 519.9 2.3
4.6 48.7 631.6 2
2.8 14.3 777 2.4
4.3 48.9 867.2 2.3
4.1 36.8 583.7 2
2.5 48.8 363.1 1.6
2.3 25.8 390.5 1.6
4.7 17.9 848.9 2.1
5 36.7 133 2.3
4 16.7 202.2 1.5
3.3 15.4 506.3 1.7
4 26.3 603.9 2.2
2.3 30.9 428.9 2.2
2.7 44.8 697.2 2
3.9 41.7 920.1 2.2
3.4 38.9 266.7 1.8
4 30.3 520.2 1.7
3.5 34.6 804.4 2.4
3.7 36.2 549.9 2.1
2.6 40.1 663.4 2.5
4.8 14.4 85 2.5
3.1 40.8 872.4 1.7
1 42.7 801 1.8
1.8 49.2 529 1.5
3 32.2 327.6 2.4
2.1 21.9 731.7 2.3
5 46 594 1.8
4.1 18.8 142.8 2
4.8 30.9 519 1.5
4.5 22.3 856 2.3
1.9 34.1 251.3 1.8
4.5 30.1 623.7 1.6
2.9 35.2 115.8 2.3
3.6 36.2 547.7 1.6
3.5 11.9 806.1 1.6
4.9 11.3 879.1 2
1.3 31.4 242 2.1
3.4 37.2 87.7 1.8
4.2 48.1 433.9 1.7
2.9 14.7 874.1 1.9
5 48.5 542.8 1.9
2.4 31.3 690.2 2.4
1.9 39.5 143.8 1.8
3.9 31.5 202.8 2.3
3.5 22.3 547.2 2.2
1.5 28.1 127.1 1.7
1.1 34 660.3 2.4
2.4 16 162.8 1.5
3.7 39 696.2 2.5
2.5 13.2 278.3 2
3 25.5 417 2.1
5 24.2 628.9 2.2
2.1 22.8 572.4 2.4
3.1 47.5 557.7 1.6
2.5 29.9 347.9 1.7
1.6 44.5 281.5 2.1
2.1 40.1 642.5 2.2
5 41.7 290.6 2.4
2.3 45.6 179.8 2
5 39.4 667.8 2.1
4.6 47.4 725.8 2.3
3.6 23.9 761.3 1.8
1.7 23.3 528.8 1.9
2.8 11.5 837.3 1.7
2.4 38 860.7 2.3
2.8 16.3 290.5 1.8
3.6 17.4 197.7 2.4
3.4 29.4 221.6 2.3
2.4 46.4 451.4 1.6
3.2 20.7 146.1 2.3
2.7 23.7 583.3 1.7
3.3 26 815.5 2.1
2.3 27.7 393.9 2.5
3 24.5 269.4 1.8
3 33.3 747.3 2.1
2.8 27.9 299.1 1.7
3.3 41.3 256.6 2.2
3.4 21.5 828.5 1.5
1.4 26 563.7 1.7
1.5 20.1 366.8 1.9
1.4 39.3 514 1.8
4.4 50 255 2.2
2.7 10 333.3 2.2
1.4 22.4 296.9 2.5
3.2 14.8 185.7 1.8
2.5 22.3 251.4 1.9
1.3 39.9 806.3 1.6
4.4 34.2 827.1 2.2
2.6 17.4 452.9 1.9
3.7 37.1 920.6 2.1
3 35.8 698.7 2
3.4 36.4 649.9 1.8
4.7 28.1 110.5 2.4
4.9 33.5 225.9 2.4
4.5 22.5 588.1 2.4
2.6 20 837.9 2.1
4.6 19.8 835 2.4
3.3 22.7 834.4 2.1
2.8 48.7 373.8 1.6
3.4 19 863.6 2
1.5 10.1 194.8 2.2
1.3 23.1 655.5 1.5
4.1 22 634 1.7
2.3 12.3 270.8 1.8
3.7 13.6 792.4 1.7
2.1 34.5 113.9 2.2
3.4 18.9 407.6 2.1
1.4 36.6 310.9 2
3.9 49.4 900.8 2.1
4.6 41.7 343.3 1.6
1 41.3 559.6 2.4
1.6 24.8 734.5 1.8
1 48.8 835.1 2
3.5 30.9 804.3 1.6
2.1 10.7 338.6 2.1
1.2 39.3 116 1.9
2.5 36.7 814.6 1.6
3.2 15.7 201.4 2.2
2.2 37.4 563.1 2.2
1.9 22.5 565.1 1.6
2.3 29.8 826.9 2.5
4.3 43.1 144.1 1.7
2.3 40.4 247.4 2.4
3.2 30.1 737 1.5
4.8 39.5 933.1 2
1.4 23.4 161.9 2.1
4.2 20.2 716 2.4
4.2 25.4 806.9 2.3
4.8 37 725.2 2.4
2.7 43 872.7 2.4
2.2 28.4 103.8 1.6
1.1 11.9 857.7 2.1
4.8 34.6 944.5 2.2
1.8 14.9 369.5 2.4
4.8 18.5 366.8 2.4
3.6 43.6 516.6 2.3
4 31.6 468.3 2.3
4.5 20 202.1 1.9
1.3 19.4 522.5 2.4
3.1 26.6 612.5 2.5
4 27.6 525.5 1.7
1.8 34.9 833.9 1.7
2.7 31.7 785.5 1.6
4.1 44 837.1 1.8
2 11.9 747.7 2.5
1.8 47 683.9 2.4
3 14.7 711.8 2.3
2.6 25.1 775.7 2
5 38.4 911.6 1.6
3.3 47.1 743.6 1.8
4.6 39.3 347.9 2.1
3.7 35.6 482.8 2.2
3.1 27 879.4 1.6
1.3 28.4 538.4 1.6
1.2 35.5 712.3 2.1
1.6 14.4 838.6 1.6
2.3 19.8 68.5 1.8
1.7 16.5 892.4 2
3.6 45.1 730.9 1.8
2 41 234.4 1.5
3.5 41 132.6 2.1
4.7 19.1 749.6 2.2
4 43.7 443.8 1.7
4.7 17.8 68.1 1.9
3.3 35.2 435.5 1.8
3.8 28.3 89.3 2.1
3.3 30.8 728.8 2
3.7 16.7 276.7 2.4
2.3 26.4 196.8 1.8
4.1 24.6 418.9 1.7
4.4 31.5 136.3 1.9
1.3 41.4 873.6 1.6
3 24 240.8 1.9
1.4 27.3 225 1.8
1.5 15.3 688.2 1.7
4.2 15.5 69.5 2.3
4.7 12.9 316.3 1.6
4.5 39.2 518.2 1.9
4.1 16.4 705.8 2.1
4 10.5 716.1 1.7
3.2 47.7 256.8 1.9
4.4 49.7 590.3 1.9
1.9 27.2 95.4 2.4
2 35.2 533.9 2.2
3.2 24.8 452.2 1.6
4.9 10.1 909.1 2.2
3.5 35.9 742.5 1.6
3 35.3 138.6 2.2
4.1 30.7 763.5 2.4
2.7 19.4 465.2 2
4 17.8 365.3 2.2
2.8 22 785.7 1.8
2.6 11.6 133.6 1.9
3.6 42.3 881.8 1.8
2.8 48.4 605.5 2.2
2.8 19.9 378 2
2.6 21 844.9 1.5
2.5 26.1 458.1 2.4
2.4 46 849.4 2.4
3.9 30.1 95.4 1.7
1.2 15.9 670.1 2.3
1.4 29.1 571 2.3
3.2 35.5 878.8 2.4
4.2 17.7 365.6 1.9
2.5 44.5 775.7 2.4
4.8 38.1 107.3 2.3
4.7 22.5 497.8 2.4
4.1 24.5 862.3 1.7
1.8 23.6 768.4 2.1
3.7 27.4 266 2.2
3.5 35.7 575.3 1.8
4.7 19.1 644.2 2.5
1.6 27.1 620.3 2
3.2 30.8 760.1 2.4
1.7 13.1 54.1 2.2
4.2 39.2 888.9 2.3
3.9 16.2 917.3 2.5
3.4 28.5 100.2 1.5
1.9 48.4 697.5 1.8
4.4 33.8 801.2 1.9
1.3 12.7 192.8 2
3.1 31.7 626.4 2.1
4.3 49.8 908 1.7
4.4 19.7 664.9 2.3
2 39.1 222.6 1.8
3.9 42 714.4 1.7
2.1 30.6 464.7 1.8
3.7 14.6 550.7 2
1.5 45.6 579.8 1.7
2.8 18.8 495.6 1.8
1.6 31.6 646.2 2.3
3.3 41.8 796.5 2.4
1.2 16.7 602.6 1.6
5 39.8 299.8 1.8
4.8 34.3 886.1 1.6
4.3 14.3 785.3 1.6
1.4 39.7 922.8 1.8
2.7 44.5 923.8 2.2
1.4 13.7 528.6 1.7
1.5 14.4 347.9 1.8
3.8 23.1 169.2 1.8
3.5 11.7 270.5 2.3
1.4 12.4 326.9 1.9
1.2 23.4 219.2 1.6
4.7 32.2 834.4 2.3
2 31.2 576.2 2.4
4.2 42.4 909.8 2.2
5 19.3 417.2 1.6
1.3 17.5 793.9 1.5
3 24.9 616.7 2.3
2 48.2 948.7 1.5
1.5 35.8 486.8 2.4
4.1 33.3 571.4 1.8
1.5 13.2 845.4 1.7
1.1 31.8 675.7 1.7
2.5 15.2 776 2.5
3.4 28 71.8 2.1
3.3 49.5 167.9 2.3
2.7 38.1 554.8 2.1
2.7 19.7 353.8 2.3
2.6 26.7 295.2 1.5
1.7 39.5 198.3 2
3.4 12.7 372.7 2.2
3.9 42.5 686.9 2
3.4 40.9 386 2.4
3.4 45.2 661.6 1.6
4 16.5 285.7 1.6
2.5 18.2 497.9 2.2
3.7 40.9 217.2 2.4
2.6 31.2 796.3 1.5
3.3 40.5 661.7 2.1
2.3 21.2 946.6 2.1
3.8 31.4 183.4 2.1
4.4 28.2 154.3 2.3
4.2 23 905.8 1.6
2.5 30.7 428.7 2.1
3.5 20.4 221.2 1.9
2 20.1 704.8 2.4
3 43.6 333.2 1.5
3.7 22.5 348 2.1
3.7 26.7 110.3 2.3
1.7 36.6 423.2 1.7
2.1 43.7 446.9 2.4
2.6 38.1 674.6 1.6
4.6 30.2 330.2 2.1
3 42.6 947.4 1.9
3.1 26 601.4 2.5
3.8 35.1 135.5 2.1
1.1 15.3 875.9 2.4
2.8 17.6 56.9 2.3
4.4 36.9 841.7 1.7
1.8 47.9 608.6 2.2
3.9 22.3 709.9 1.6
3 27.7 776.5 1.7
4.6 30 385.5 1.7
4.4 12.7 330 1.7
1.7 26.5 914.4 1.6
2.2 48.9 936 2.2
1.4 34.9 501.2 2
3.4 20.8 605.4 2
2.8 22.1 319.7 2.3
2.4 39.6 576.2 2
3.1 14.7 244.1 2.2
3.2 29.5 741.2 2
1.9 27.5 464.1 1.9
2.5 39.4 423.6 1.8
1.7 19.4 294.4 2.5
4.3 24.5 318.1 2.2
3.4 21.5 876 1.9
4.2 28 936.3 2.1
1.4 39.4 876.9 1.9
4.2 36 575.3 1.6
3.9 16.7 506.7 1.7
3.1 19.3 107 2.2
3.6 28.1 570.4 2
4.4 33.2 342.5 2.2
1.4 11.3 188.1 2.4
4.3 12.9 414.8 1.7
4 21 436.3 1.7
3.9 29.8 214.4 1.9
3.6 20.9 347.7 2.1
2.4 17 798.3 1.7
1.6 29.9 376 1.8
1.3 14.2 758.3 1.5
1.5 12.7 177.7 1.9
3.1 10.7 263.3 2.1
1.5 23.3 340.2 2.5
2.6 35.7 662.2 2
1.2 26.5 907.4 2.1
3.9 45.2 51 2
2.6 12.4 167 2.3
5 38.2 115.9 2.1
2.9 19.6 473.6 2
4.4 24.9 366.4 1.7
2.8 39.4 670.8 1.6
2.8 13.7 788.7 1.8
4.7 40.1 320.4 2.3
1.6 45.1 880.7 2.3
1.2 43.3 939.6 2.2
1.6 45.6 489.6 2.2
4.2 39.3 801.6 2.1
3.1 13 349.4 1.8
2.4 11.1 454.4 1.8
2.5 43.6 824.3 1.7
3.5 12.9 767.1 1.7
1.1 38.5 911.4 2
1.3 16.9 655.6 1.6
3.1 47.8 300 1.9
4.8 18.2 659.1 2
4.4 47.9 864.1 1.8
3.6 23.3 558.6 1.5
3.8 35.2 136.2 2.1
4.8 48.5 372.1 1.9
3.8 34.3 491 1.7
3.5 29.5 63.7 2.5
3.7 14.8 740.4 1.6
2 43.9 437.8 2.3
1.1 11 344.6 2
3.7 15.5 677.3 2.1
3.5 25.3 828.2 2.1
1.5 16.8 476.7 2
4.8 24 314.4 1.9
4.5 35 854.3 2
1.3 35.7 102.1 1.9
3.2 20.3 441.9 1.8
4.1 21.5 576.5 2
1.8 30.4 241.9 1.7
1.8 19.2 500.5 2
1.4 22 522.8 1.8
1.9 13.2 477.7 1.8
2.6 38.4 799.6 1.5
2.4 17.3 257.7 2
3.2 45.3 819.4 1.8
3.2 43.6 632.5 2.4
2.6 30.7 72.9 1.9
2.3 14.2 151.9 1.8
2.2 49.4 89.2 1.6
4.6 16.1 909.8 2
2 32.2 198.9 1.8
2.9 30.4 759.3 2.1
2.3 29.8 432.5 2.3
2.8 13.9 707.1 1.7
1.9 12.3 577.3 2.4
4.1 44.3 942.7 2.3
2.7 31.5 338.5 1.9
2.6 41.5 619.4 2.4
2.8 13.7 775.4 2
2.3 34.5 679.6 1.6
1.9 40.7 260 2.4
2.2 49.2 945 2.2
2.9 45.3 132.4 1.6
2.1 32.6 364.2 1.9
3.3 38.7 85.1 2.2
2.3 25.9 72.7 1.7
4.8 30.9 838.7 1.8
1.4 20.3 541.7 1.7
1.7 46.3 554.9 1.8
0.4 0.2 0.3 0.4 0.2 0.4 0.3 0.4 0.4 0.3 0.2 0.3 0.3 0.2 0.4 0.4 0.3 0.4 0.2 0.3 0.2 0.3 0.3 0.3 0.2 0.2 0.2 0.4 0.2 0.4 0.4 0.3 0.3 0.3 0.3 0.4 0.3 0.3 0.3 0.4 0.4 0.4 0.3 0.3 0.2 0.3 0.3 0.2 0.3 0.3 0.3 0.3 0.2 0.4 0.3 0.3 0.3 0.3 0.3 0.2 0.3 0.2 0.3 0.3 0.3 0.2 0.3 0.3 0.3 0.3 0.3 0.4 0.3 0.2 0.3 0.2 0.4 0.3 0.4 0.3 0.3 0.4 0.2 0.3 0.3 0.3 0.4 0.4 0.4 0.3 0.3 0.2 0.3 0.2 0.3 0.4 0.4 0.2 0.3 0.3 0.2 0.3 0.2 0.3 0.3 0.3 0.2 0.3 0.4 0.4 0.3 0.3 0.3 0.3 0.3 0.3 0.3 0.3 0.4 0.3 0.3 0.3 0.3 0.3 0.3 0.2 0.2 0.3 0.4 0.3 0.4 0.4 0.4 0.2 0.3 0.2 0.2 0.2 0.3 0.3 0.2 0.2 0.3 0.2 0.3 0.4 0.2 0.4 0.2 0.2 0.3 0.3 0.3 0.2 0.2 0.3 0.3 0.3 0.3 0.4 0.2 0.4 0.3 0.2 0.3 0.4 0.4 0.4 0.4 0.3 0.4 0.3 0.2 0.3 0.3 0.4 0.4 0.2 0.3 0.2 0.4 0.3 0.3 0.3 0.2 0.2 0.3 0.2 0.2 0.3 0.4 0.3 0.3 0.3 0.4 0.4 0.2 0.3 0.4 0.3 0.3 0.4 0.3 0.2 0.3 0.4 0.4 0.4 0.3 0.2 0.2 0.3 0.3 0.3 0.4 0.2 0.2 0.3 0.3 0.2 0.3 0.4 0.4 0.4 0.2 0.3 0.2 0.2 0.3 0.3 0.3 0.3 0.4 0.4 0.3 0.2 0.4 0.3 0.3 0.2 0.3 0.4 0.4 0.3 0.3 0.3 0.3 0.3 0.4 0.4 0.4 0.3 0.4 0.2 0.3 0.4 0.2 0.4 0.3 0.3 0.4 0.2 0.2 0.3 0.4 0.3 0.4 0.3 0.2 0.3 0.4 0.3 0.3 0.3 0.3 0.3 0.3 0.2 0.3 0.3 0.4 0.3 0.2 0.2 0.3 0.3 0.2 0.3 0.2 0.3 0.2 0.2 0.3 0.2 0.3 0.4 0.3 0.3 0.2 0.3 0.3 0.2 0.2 0.3 0.4 0.2 0.2 0.4 0.3 0.3 0.3 0.2 0.3 0.4 0.3 0.3 0.3 0.2 0.2 0.2 0.2 0.3 0.4 0.2 0.3 0.4 0.3 0.4 0.3 0.3 0.4 0.3 0.2 0.2 0.4 0.3 0.4 0.3 0.3 0.4 0.3 0.3 0.3 0.3 0.2 0.3 0.3 0.4 0.2 0.2 0.4 0.2 0.2 0.2 0.3 0.2 0.4 0.4 0.2 0.2 0.2 0.4 0.3 0.3 0.3 0.3 0.3 0.3 0.4 0.2 0.2 0.4 0.3 0.4 0.4 0.4 0.4 0.3 0.3 0.3 0.3 0.3 0.2 0.3 0.3 0.3 0.2 0.3 0.3 0.3 0.2 0.3 0.4 0.3 0.3 0.2 0.3 0.2 0.2 0.3 0.3 0.2 0.3 0.4 0.3 0.3 0.3 0.3 0.2 0.3 0.2 0.2 0.3 0.4 0.3 0.3 0.3 0.4 0.2 0.3 0.4 0.4 0.4 0.3 0.3 0.2 0.3 0.4 0.3 0.3 0.3 0.3 0.4 0.3 0.3 0.3 0.4 0.2 0.3 0.4 0.2 0.4 0.2 0.3 0.4 0.3 0.3 0.3 0.2 0.2 0.3 0.4 0.4 0.4 0.3 0.2 0.2 0.4 0.3 0.2 0.3 0.3 0.2 0.2 0.4 0.3 0.3 0.3 0.3 0.4 0.2 0.3 0.4 0.4 0.2 0.2 0.3 0.4 0.3 0.3 0.2 0.3 0.3 0.2 0.2 0.3 0.4 0.3 0.3 0.3 0.3 0.4 0.4 0.3 0.3 0.3 0.3 0.4 0.4 0.4 0.2 0.3 0.2 0.3 0.2 0.4 0.4 0.2 0.3 0.3 0.2 0.2 0.3 0.3 0.2 0.3 0.2 0.3 0.4 0.2 0.4 0.2 0.4 0.2 0.2 0.3 0.2 0.3 0.3 0.4 0.3 0.3 0.4 0.3 0.3 0.2 0.3 0.4 0.4 0.4 0.2 0.3 0.2 0.3 0.4 0.2 0.3 0.3 0.4 0.2 0.3 0.4 0.4 0.3 0.2 0.3 0.3 0.3 0.4 0.3 0.4 0.4 0.3 0.2 0.4 0.3 0.3 0.2 0.3 0.2 0.3 0.3 0.4 0.3 0.3 0.2 0.2 0.2 0.3 0.4 0.3 0.3 0.4 0.2 0.3 0.4 0.3 0.3 0.3 0.2 0.3 0.3 0.2 0.3 0.3 0.3 0.3 0.3 0.3 0.3 0.4 0.2 0.4 0.4 0.3 0.3 0.3 0.4 0.3 0.2 0.3 0.2 0.2 0.4 0.2 0.3 0.3 0.4 0.3 0.3 0.3 0.3 0.2 0.2 0.3 0.3 0.3 0.4 0.4 0.4 0.3 0.4 0.3 0.3 0.2 0.3 0.2 0.3 0.2 0.4 0.2 0.4 0.2 0.3 0.3 0.2 0.2 0.3 0.3 0.4 0.4 0.2 0.3 0.2 0.4 0.3 0.3 0.3 0.3 0.2 0.3 0.3 0.3 0.2 0.2 0.3 0.4 0.4 0.2 0.4 0.3 0.2 0.2 0.2 0.2 0.2 0.2 0.4 0.2 0.3 0.4 0.2 0.4 0.4 0.4 0.4 0.2 0.3 0.4 0.4 0.2 0.3 0.2 0.2 0.2 0.3 0.2 0.3 0.3 0.3 0.4 0.3 0.3 0.3 0.2 0.3 0.4 0.3 0.4 0.4 0.2 0.3 0.3 0.3 0.3 0.2 0.4 0.3 0.3 0.3 0.3 0.3 0.3 0.3 0.4 0.3 0.3 0.3 0.3 0.4 0.2 0.3 0.3 0.4 0.3 0.4 0.3 0.4 0.2 0.4 0.2 0.4 0.4 0.4 0.2 0.2 0.3 0.3 0.2 0.2 0.2 0.4 0.3 0.4 0.3 0.3 0.4 0.4 0.3 0.4 0.3 0.2 0.3 0.4 0.2 0.2 0.3 0.3 0.3 0.3 0.4 0.3 0.3 0.3 0.3 0.4 0.4 0.3 0.4 0.2 0.3 0.2 0.4 0.3 0.3 0.2 0.4 0.2 0.3 0.2 0.4 0.4 0.3 0.3 0.3 0.4 0.3 0.2 0.2 0.3 0.2 0.4 0.3 0.2 0.3 0.4 0.2 0.2 0.3 0.3 0.3 0.3 0.2 0.3 0.4 0.2 0.2 0.3 0.4 0.2 0.4 0.2 0.4 0.2 0.4 0.3 0.3 0.3 0.4 0.3 0.3 0.3 0.2 0.4 0.4 0.3 0.4 0.2 0.3 0.3 0.3 0.2 0.3 0.3 0.3 0.4 0.3 0.3 0.2 0.3 0.3 0.2 0.4 0.3 0.4 0.3 0.4 0.3 0.4 0.4 0.3 0.3 0.4 0.3 0.2 0.4 0.3 0.3 0.3 0.3 0.3 0.2 0.2 0.3 0.3 0.3 0.2 0.3 0.4 0.3 0.4 0.2 0.3 0.2 0.3 0.2 0.4 0.3 0.2 0.3 0.3 0.3 0.3 0.2 0.4 0.3 0.2 0.3 0.3 0.4 0.2 0.3 0.2 0.2 0.4 0.3 0.4 0.4 0.2 0.3 0.3 0.2 0.3 0.3 0.4 0.2 0.2 0.3 0.2 0.4 0.4 0.3 0.4 0.2 0.4 0.2 0.2 0.2 0.3 0.3 0.3 0.3 0.3 0.3 0.4 0.3 0.4 0.3 0.4 0.2 0.2 0.4 0.2 0.2 0.3 0.4 0.3 0.2 0.4 0.3 0.4 0.3 0.4 0.3 0.2 0.3 0.3 0.3 0.4 0.2 0.3 0.4 0.4 0.2 0.3 0.4 0.3 0.4 0.3 0.2 0.3 0.4 0.3 0.3 0.3 0.2 0.3 0.3 0.2 0.3 0.2 0.3 0.3 0.3 0.3 0.3 0.3 0.4 0.3 0.2 0.4 0.3 0.2 0.4 0.2 0.4 0.4 0.2 0.4 0.3 0.3 0.4 0.4 0.3 0.2 0.3 0.3 0.3 0.4 0.2 0.4 0.3 0.4 0.2 0.3 0.4 0.4 0.3 0.2 0.3 0.2 0.2 0.3 0.3 0.2 0.3 0.3 0.4 0.3 0.4 0.2 0.3 0.3 0.2 0.4 0.4 0.3 0.2 0.3 0.4 0.3 0.2 0.3 0.3 0.4 0.4 0.2 0.3 0.3 0.4 0.2 0.4 0.4 0.2 0.3 0.3 0.4 0.2 0.3 0.2 0.4 0.3 0.3 0.3 0.2 0.3 0.4 0.4 0.3 0.3 0.2 0.3 0.3 0.3 0.3 0.3 0.4 0.2 0.3 0.4 0.2 0.2 0.3 0.3 0.3 0.2 0.3 0.3 0.3 0.3 0.3 0.2 0.2 0.4 0.3 0.3 0.3 0.2 0.3 0.3 0.3 0.3 0.4 0.3 0.3 0.4 0.3 0.4 0.3 0.3 0.4 0.4 0.3 0.2 0.2 0.2 0.3 0.3 0.3 0.3 0.3 0.4 0.2 0.2 0.2 0.3 0.3 0.3 0.3 0.2 0.3 0.2 0.2 0.2 0.3 0.3 0.3 0.2 0.3 0.4 0.2 0.2 0.3 0.3 0.4 0.3 0.2 0.4 0.3 0.2 0.3 0.4 0.3 0.3 0.3 0.4 0.3 0.3 0.2 0.4 0.3 0.3 0.3 0.4 0.3 0.3 0.3 0.3 0.4 0.3 0.3 0.3 0.3 0.3 0.3 0.3 0.3 0.4 0.3 0.3 0.4 0.2 0.2 0.3 0.4 0.4 0.3 0.4 0.4 0.3 0.2 0.2 0.3 0.3 0.2 0.3 0.4 0.3 0.3 0.3 0.3 0.2 0.3 0.3 0.2 0.4 0.3 0.3 0.3 0.2 0.3 0.3 0.3 0.3 0.2 0.4 0.2 0.3 0.4 0.2 0.3 0.3 0.3 0.3 0.3 0.2 0.4 0.3 0.3 0.3 0.3 0.3 0.2 0.3 0.4 0.3 0.3 0.3 0.3 0.4 0.2 0.3 0.3 0.3 0.3 0.2 0.4 0.2 0.3 0.4 0.2 0.3 0.2 0.3 0.3 0.2 0.3 0.3 0.3 0.4 0.2 0.4 0.3 0.3 0.3 0.3 0.3 0.3 0.4 0.3 0.2 0.3 0.3 0.4 0.4 0.3 0.3 0.3 0.3 0.2 0.3 0.3 0.3 0.4 0.3 0.3 0.3 0.2 0.3 0.2 0.3 0.4 0.3 0.3 0.3 0.2 0.4 0.4 0.4 0.2 0.3 0.3 0.4 0.3 0.2 0.2 0.2 0.4 0.3 0.2 0.3 0.4 0.3 0.3 0.3 0.3 0.2 0.2 0.4 0.3 0.4 0.3 0.3 0.2 0.3 0.4 0.3 0.3 0.3 0.3 0.4 0.3 0.2 0.2 0.3 0.3 0.3 0.2 0.2 0.2 0.3 0.2 0.2 0.3 0.2 0.2 0.3 0.3 0.3 0.3
102 124 67 162 123 48 60 73 155 34 38 55 131 31 52 153 176 54 60 139 90 121 61 174 114 175 175 92 131 62 64 42 158 51 52 101 141 98 54 8 28 32 80 35 11 11 95 88 73 147 74 96 61 132 176 48 68 48 177 152 84 140 89 113 168 100 75 155 90 95 82 127 116 86 41 83 99 117 62 107 143 101 140 8 149 173 120 58 7 139 5 19 128 79 150 105 59 92 98 179 146 148 4 99 45 101 39 173 122 145 35 16 27 147 55 94 166 10 85 43 143 129 18 8 2 52 100 159 32 176 24 41 96 142 30 23 133 155 54 128 23 131 35 138 81 123 165 48 84 21 83 53 60 114 128 37 38 72 120 150 61 25 144 172 19 104 141 106 90 49 139 138 98 72 48 163 128 4 109 180 118 17 10 177 162 176 97 64 179 159 56 26 79 2 19 85 26 114 120 143 76 49 104 104 71 6 119 18 140 162 16 21 160 18 57 81 174 95 146 25 110 66 67 94 165 84 119 10 64 164 77 74 177 2 141 6 61 177 112 75 79 6 77 164 162 179 68 102 134 39 139 10 40 144 29 66 47 24 138 174 152 42 130 52 117 131 82 61 33 45 146 179 130 126 102 25 3 75 116 63 111 178 162 87 5 102 140 3 169 177 75 179 5 176 36 145 145 121 165 8 12 38 44 81 3 151 101 154 100 178 74 54 143 136 133 132 48 63 116 100 138 61 101 46 99 95 41 142 9 73 108 73 12 19 103 78 125 81 49 30 33 162 7 129 115 59 24 80 102 156 5 71 21 106 21 177 180 78 156 24 102 129 66 11 50 164 101 51 81 76 109 152 107 16 80 95 91 60 50 33 118 83 66 31 14 126 58 73 119 99 131 153 139 29 76 91 9 95 90 122 75 129 30 52 100 129 25 176 88 90 116 9 143 140 4 22 84 166 150 93 23 71 147 176 86 92 104 6 169 9 62 51 49 85 93 87 95 64 85 34 6 131 164 56 43 93 137 37 14 135 26 10 143 122 172 142 135 21 1 64 8 83 13 79 150 174 158 63 165 172 8 14 40 33 3 144 168 109 154 15 179 80 82 178 42 13 119 159 151 84 12 69 99 38 56 113 166 166 81 30 72 45 167 168 138 90 155 53 163 146 68 27 112 1 74 108 32 164 106 137 7 36 133 81 65 103 174 12 117 93 166 58 173 123 169 96 37 71 165 165 33 94 21 58 81 1 107 161 65 163 102 38 164 41 80 109 81 114 84 167 6 151 131 25 51 104 45 105 41 142 104 102 161 3 170 175 12 163 93 117 178 170 132 50 179 14 146 124 14 4 174 180 23 38 55 13 26 72 124 21 143 124 37 85 57 73 116 153 120 136 84 103 170 92 1 142 150 153 152 68 52 146 93 27 71 82 68 88 13 93 9 83 117 176 117 60 23 31 173 117 144 124 51 158 170 124 50 101 130 69 5 4 29 64 12 135 37 131 79 9 88 159 110 129 165 6 152 108 118 148 169 171 82 46 174 45 97 166 8 116 122 31 23 46 168 68 88 63 94 100 49 164 127 80 22 64 159 89 52 16 69 180 119 105 141 157 93 24 101 131 123 162 165 143 91 25 166 74 92 19 147 154 169 5 14 126 9 86 172 46 137 129 171 24 19 134 43 171 104 67 67 32 113 118 144 160 107 123 85 54 18 17 4 99 61 108 11 44 158 64 125 27 149 133 26 27 107 176 127 117 70 22 31 38 168 120 67 46 60 7 10 34 95 21 83 85 169 122 31 54 180 172 153 131 161 63 17 67 17 132 2 178 69 42 124 26 126 24 68 29 90 63 11 151 103 111 116 115 1 171 95 65 127 65 94 14 157 163 4 30 92 112 167 87 20 132 62 88 127 41 65 2 22 98 59 9 3 74 138 34 64 19 12 44 27 53 9 139 11 119 13 14 132 91 56 7 70 82 103 114 149 2 136 53 37 167 109 11 89 50 85 148 116 90 90 74 86 168 85 174 90 91 54 19 39 20 179 34 112 85 62 37 62 134 111 136 94 21 65 97 72 51 105 153 135 150 6 90 66 6 87 85 22 107 127 70 166 24 167 162 156 179 166 48 174 54 88 74 7 15 6 140 132 176 21 11 68 2 49 143 172 163 68 2 74 152 109 83 112 17 118 38 49 48 100 130 180 104 52 97 69 133 153 147 18 83 173 12 95 6 106 9 16 21 146 123 44 31 71 6 129 156 21 78 164 12 11 66 36 163 91 91 124 150 18 177 3 4 110 66 121 34 127 75 149 14 180 5 41 179 78 125 158 127 168 80 4 131 29 160 51 2 18 25 102 93 122 48 46 179 74 139 71 74 23 172 98 15 36 155 65 172 91 19 82 135 95 90 3 134 81 126 8 13 98 67 64 89 129 84 31 88 56 93 171 120 154 146 92 105 157 17 85 4 168 80 128 147 16 42 57 31 162 124 166 35 23 141 64 49 16 103 45 33 116 90 100 100 79 15 69 48 116 117 30 26 101 107 113 43 6 103 36 158 95 114 36 100 13 147 13 15 104 21 82 74 9 105 149 117 129 83 28 111 42 45 69 96 16 107 41 167 66 118 178 169 99 129 168 163 172 60 152 90 14 148 137 12 48 56 66 37 120 76 140 47 90 168 164 57 144 65 90 56 126 32 158 8 82 159 110 115 134 54 176 30 13 33 160 119 43 177 46 11 19 13 120 78 173 102 142 97 69 145 41 53 102 144 55 4 15 19 50 75 3 172 38 166 156 131 167 123 141 98 44 109 115 40 80 139 43 164 87 120 13 28 71 79 118 71 22 151 49 159 167 43 46 109 148 25 11 106 173 150 120 24 74 12 49 88 167 58 128 139 52 147 2 155 97 125 101 179 166 2 113 69 21 89 31 122 118 170 158 36 142 9 68 69 153 117 23 117 90 111 101 34 159 72 38 83 51 88 83 26 82 38 6 63 122 52 88 61 5 109 117 53 148 106 74 143 132 93 161 163 49 152 104 63 88 53 155 6 88 133 161 91 54 159 11 113
88 76 82 178 88 83 93 89 39 137 121 129 55 7 66 60 175 125 89 85 75 14 129 156 17 124 91 83 131 79 161 77 96 24 34 154 156 34 168 154 170 23 15 111 28 67 175 178 38 92 95 22 3 57 177 97 39 71 7 69 142 98 99 99 39 27 163 72 54 61 111 50 168 147 160 25 50 117 59 44 48 115 71 30 148 3 76 161 121 161 74 59 99 135 176 121 16 63 66 9 91 109 174 66 69 111 14 169 80 116 119 1 160 25 38 19 50 140 28 50 48 71 146 113 141 114 121 170 35 176 100 68 130 5 85 96 116 70 108 52 102 91 77 110 48 1 137 150 137 162 18 122 101 115 111 123 87 179 108 111 158 76 65 155 179 53 142 96 172 135 150 31 37 163 173 171 126 65 154 58 95 133 92 145 26 65 23 172 120 172 147 101 106 73 82 7 148 56 56 20 145 136 164 105 120 123 44 16 119 72 22 56 162 37 104 104 6 27 128 165 111 69 23 113 62 17 152 37 16 152 54 36 132 87 23 158 41 34 141 38 153 60 41 48 73 178 109 91 118 30 160 76 95 31 158 152 137 19 167 150 54 113 107 121 175 76 159 178 84 120 51 149 52 47 46 165 109 129 54 8 88 26 97 82 42 177 82 80 47 120 86 28 17 5 5 134 18 95 115 124 67 42 22 2 130 53 8 17 144 102 110 22 14 53 18 121 16 173 118 32 15 95 145 19 178 122 138 163 162 170 88 30 92 107 13 118 160 27 150 136 148 33 160 162 157 153 170 72 45 159 106 54 90 69 141 142 13 109 5 169 180 45 107 13 172 162 4 51 20 50 59 115 79 109 160 151 148 17 146 36 113 115 102 82 90 90 116 120 147 138 16 108 137 71 156 50 115 71 64 86 37 118 46 35 111 142 115 179 179 75 112 80 177 179 163 175 78 72 168 153 44 3 39 121 172 151 78 139 11 176 158 163 142 47 175 2 85 171 149 9 86 111 3 141 135 121 115 147 138 23 158 109 140 26 44 162 63 180 53 54 145 2 117 16 58 129 28 111 88 31 125 101 88 156 37 135 38 136 148 172 59 17 94 91 111 97 6 22 26 163 34 159 52 107 121 56 35 10 180 44 178 170 65 85 179 135 99 110 63 175 122 87 168 52 41 178 51 127 175 35 65 36 28 26 100 7 168 110 43 23 73 88 135 91 18 152 94 91 72 121 17 143 125 114 91 93 172 81 142 47 177 152 32 61 163 115 72 144 26 66 68 177 100 20 140 47 126 64 142 177 8 92 1 160 18 113 26 52 173 95 71 23 101 155 110 14 37 108 26 29 67 89 150 77 101 89 153 179 178 178 81 104 37 43 82 145 96 126 32 27 17 118 123 150 153 12 88 81 120 71 86 106 125 153 91 115 157 26 6 178 75 160 20 149 15 174 98 24 151 170 158 129 12 103 8 20 15 157 162 24 160 167 48 54 19 32 48 144 93 166 35 127 75 119 43 110 53 17 163 140 39 47 152 60 153 156 35 61 45 168 59 65 69 42 5 11 145 18 29 42 34 121 173 150 13 135 3 87 116 64 44 71 105 106 25 64 174 33 121 140 150 78 79 140 96 2 26 141 107 126 23 174 39 152 28 139 166 43 176 180 32 167 121 92 126 9 165 29 82 48 127 115 41 117 156 154 140 98 64 69 135 58 161 91 99 174 9 176 10 56 124 84 167 37 42 7 160 12 176 178 173 51 70 37 72 73 28 115 25 178 119 159 134 31 33 104 39 59 171 113 63 42 26 39 32 144 25 64 25 94 100 14 8 154 172 78 61 47 33 111 43 166 113 24 132 150 172 29 138 154 16 118 73 176 176 157 126 96 34 129 136 130 38 71 108 69 69 147 68 63 115 61 41 29 158 3 178 172 163 101 61 129 74 130 133 41 19 114 49 53 119 153 118 28 133 99 117 149 64 170 169 69 128 69 43 177 174 19 80 18 174 115 40 137 86 178 13 100 163 173 13 98 164 165 96 23 76 30 65 144 116 106 49 151 3 158 27 41 78 54 58 48 132 154 94 115 164 123 151 22 111 116 58 70 120 10 73 29 136 106 100 9 86 27 40 2 64 44 159 158 128 47 9 68 150 138 134 118 109 59 133 75 16 127 3 57 156 63 18 17 75 30 95 15 176 125 152 10 86 59 28 178 92 145 120 175 156 31 15 129 176 139 21 68 124 51 71 7 22 24 51 135 156 70 127 161 97 28 48 131 64 15 166 72 134 165 56 112 133 144 94 120 103 136 55 122 154 150 124 101 1 2 13 159 75 166 35 30 119 173 34 53 171 158 9 20 120 121 75 170 9 157 71 127 99 160 87 20 40 146 32 153 129 174 136 67 170 174 29 74 109 141 124 61 131 153 16 31 63 167 80 25 129 49 148 55 105 51 82 174 127 101 49 61 117 57 171 36 38 24 173 156 161 4 138 167 170 164 93 76 153 78 86 173 1 177 160 122 40 50 26 180 167 113 70 116 19 92 149 37 179 168 13 147 126 9 144 118 36 60 154 156 162 81 55 2 60 161 114 78 142 61 162 14 105 62 98 73 65 164 23 144 44 5 148 126 95 143 167 154 99 36 36 106 163 143 49 80 67 71 131 160 98 47 63 117 85 106 61 25 163 92 74 89 94 98 148 111 141 9 2 71 153 135 99 13 28 132 142 84 18 71 82 153 35 9 35 108 58 175 83 59 28 112 106 8 3 108 163 9 51 61 50 143 125 108 177 150 166 60 73 62 19 125 15 114 22 57 53 98 145 121 168 146 121 5 77 154 173 76 134 95 160 95 9 89 177 21 154 71 162 134 116 106 23 141 6 36 135 180 150 107 127 46 127 112 26 38 103 102 17 25 80 53 82 69 47 130 121 165 147 77 59 162 52 67 159 166 142 101 89 132 152 100 95 131 23 84 142 55 135 33 13 95 34 17 89 31 30 52 69 171 110 88 11 168 1 148 85 166 83 105 30 31 116 171 97 39 95 139 118 7 84 62 46 13 162 105 17 94
59 6 49 14 120 176 156 137 49 44 9 180 72 106 78 11 121 134 121 29 179 30 88 73 32 84 34 170 117 101 69 141 149 11 90 4 106 145 23 145 38 31 99 31 121 104 100 166 17 76 172 152 93 14 31 28 112 168 84 175 135 24 48 49 136 49 72 129 82 115 141 142 85 135 164 94 13 20 30 13 13 102 128 50 48 141 2 171 138 44 86 23 167 171 77 12 59 96 178 31 137 99 88 98 175 98 113 171 28 145 44 36 4 42 125 21 97 113 66 52 7 87 153 41 150 144 62 108 153 173 87 113 31 82 68 144 70 5 180 122 8 133 73 35 161 108 47 27 95 62 173 68 121 123 164 151 125 90 55 37 93 173 110 154 21 67 121 44 67 168 159 88 143 120 171 166 160 2 131 40 42 60 131 101 137 128 21 27 130 51 20 95 20 174 117 14 76 107 130 108 35 110 53 34 27 162 107 36 25 52 154 131 17 168 30 16 144 110 164 4 89 155 102 78 3 131 153 162 45 28 149 12 82 107 117 66 165 155 80 43 108 157 35 168 139 111 101 60 87 51 156 152 34 92 176 122 6 155 127 89 107 150 23 178 75 9 107 16 166 158 131 70 9 68 26 95 6 154 135 154 100 138 70 178 53 135 75 170 83 96 104 84 74 81 77 16 163 142 28 165 155 123 14 20 148 22 3 111 106 137 82 105 109 135 81 115 168 145 20 53 71 169 43 106 75 119 160 168 28 125 30 104 135 138 170 153 21 174 112 126 55 131 141 112 110 127 11 36 155 94 74 31 40 44 94 128 145 114 88 162 42 62 61 29 114 132 24 176 10 36 143 129 98 6 80 88 172 176 69 165 53 91 55 173 65 77 120 71 56 4 93 77 142 114 157 43 34 125 79 54 48 107 164 112 117 98 117 160 77 142 135 102 66 21 107 130 4 142 164 72 58 104 57 5 73 145 86 112 138 30 128 73 175 44 56 30 68 42 98 146 132 157 151 119 127 133 86 150 147 145 62 111 116 59 22 105 138 123 30 152 111 109 13 126 13 139 81 98 75 94 63 61 180 51 43 33 113 51 80 90 38 156 130 147 3 12 91 171 143 1 89 121 135 55 160 118 72 13 35 85 146 1 76 93 137 171 138 154 148 82 52 32 157 34 87 49 180 121 21 104 138 148 134 50 107 120 16 6 173 79 103 70 136 94 2 66 21 84 77 145 85 94 100 156 153 148 107 33 69 76 92 7 106 4 117 65 74 40 172 176 135 150 130 140 81 31 56 159 55 63 39 88 79 74 72 27 17 77 123 81 64 146 159 95 9 146 148 111 159 48 148 69 13 138 4 63 145 27 125 18 162 157 23 157 54 101 58 167 31 27 25 110 103 164 68 103 147 96 113 132 89 177 84 7 117 89 89 171 103 68 36 13 166 41 179 106 156 96 38 1 80 93 118 89 173 110 20 121 18 163 142 77 36 17 152 10 155 33 55 11 173 116 155 165 81 42 48 92 169 51 40 43 135 144 148 114 68 93 1 87 27 49 37 34 152 96 75 165 39 178 45 56 150 89 10 31 108 119 89 142 164 26 100 67 17 66 128 110 3 156 32 84 177 107 113 103 147 177 136 151 138 127 20 100 115 65 123 23 159 38 19 120 136 128 35 18 148 176 48 19 122 15 52 94 75 136 83 23 176 19 145 124 154 5 50 178 14 92 175 63 103 126 7 48 114 175 53 174 171 124 73 161 17 63 11 129 90 144 153 141 68 125 29 162 132 24 180 40 32 152 100 34 11 5 4 33 142 73 55 81 134 75 142 152 31 87 179 117 180 12 160 30 157 90 137 126 24 169 157 168 151 48 59 145 103 5 70 37 160 112 6 151 95 71 115 108 40 112 122 148 7 19 45 103 154 39 160 43 75 158 31 144 168 58 157 43 31 135 98 11 44 120 83 118 106 158 8 96 65 84 37 62 7 133 23 89 83 132 60 79 66 3 144 113 76 121 167 122 103 7 162 117 146 124 172 52 95 52 75 115 108 97 2 123 101 12 34 79 72 10 23 145 152 1 84 22 121 27 164 103 38 32 97 4 149 1 100 120 93 46 129 46 96 117 43 168 21 171 52 95 37 87 62 21 170 41 53 28 71 116 98 111 61 131 135 30 158 166 137 39 137 130 174 102 171 142 61 76 156 14 122 72 8 2 138 45 110 62 126 150 133 67 39 49 132 142 29 41 85 60 23 114 151 24 75 42 41 61 173 40 155 90 180 128 149 117 92 132 180 96 98 150 169 96 40 145 107 60 130 150 6 106 5 165 13 137 97 169 105 94 102 177 66 47 50 163 13 118 160 149 138 14 70 130 70 20 123 178 175 21 114 18 157 105 159 157 34 104 159 171 151 146 128 172 21 51 141 145 68 129 100 81 81 162 138 156 88 87 149 177 39 48 19 22 143 20 172 29 13 25 87 91 123 31 149 141 165 102 69 103 172 160 105 91 101 23 41 156 71 104 96 123 153 33 46 158 15 117 50 173 11 7 43 90 48 30 152 90 46 16 119 139 18 12 14 96 46 140 144 5 172 5 47 178 121 16 96 41 135 174 34 177 113 6 122 94 160 51 153 24 173 93 81 170 81 20 68 152 165 108 17 89 6 66 167 112 177 148 45 28 177 149 68 110 118 103 151 45 85 114 86 156 158 143 38 157 176 24 135 34 64 9 36 68 112 171 146 115 176 28 115 119 97 180 120 74 7 95 95 100 6 7 10 76 4 12 99 6 118 50 122 107 180 174 146 38 175 31 136 82 88 27 124 97 15 66 12 98 74 2 46 162 90 74 39 79 42 47 78 86 13 95 169 105 169 12 142 66 168 168 151 128 57 47 31 44 173 146 56 2 180 125 157 114 119 158 59 6 175 59 118 56 80 63 86 170 176 50 148 33 132 146 40 46 74 155 71 72 101 26 4 171 31 20 87 62 37 122 85 128 94 128 46 26 25 168 100 78 85 136 60 32 74 83 113 11 98 13 91 166 1 98 90 157 86 6 111 30 89 75
149 122 110 165 157 54 24 119 5 13 83 77 12 28 119 120 30 167 33 62 4 78 3 122 120 171 161 133 137 64 152 51 33 73 99 80 88 21 175 26 51 150 153 41 36 106 4 53 59 125 36 99 126 67 133 156 151 23 134 173 46 58 126 168 1 136 28 117 115 134 118 105 153 72 99 7 103 77 61 57 171 106 95 63 102 152 55 116 23 165 79 65 156 170 160 120 88 58 168 139 57 4 64 161 65 5 93 35 19 46 132 1 133 64 41 74 84 59 39 69 146 158 13 53 140 60 91 161 134 49 171 91 115 132 114 65 13 98 7 62 150 72 72 170 157 93 122 174 97 37 148 51 12 35 23 23 141 177 89 140 120 110 61 173 148 145 86 58 151 148 84 73 65 18 138 74 146 36 76 159 28 158 160 57 168 150 170 143 78 4 159 70 125 21 165 71 45 122 108 44 158 27 115 8 108 7 111 7 150 155 172 153 152 120 85 69 107 154 83 131 133 51 40 160 73 51 70 61 177 39 178 164 15 101 74 82 54 52 8 8 158 165 48 113 89 98 37 127 54 86 101 1 83 69 103 20 96 34 42 154 104 144 71 22 21 43 129 141 52 89 54 101 81 89 5 123 11 177 178 52 175 122 94 158 82 131 14 114 101 150 30 73 44 105 176 7 75 178 171 113 163 104 65 55 96 152 146 8 55 108 19 136 90 79 179 11 39 167 49 159 95 171 173 131 73 132 133 107 85 173 136 70 173 7 90 92 157 139 36 29 25 79 126 73 56 98 159 128 96 159 15 124 146 41 67 17 161 178 169 55 16 115 44 4 77 117 134 166 44 152 148 71 102 36 7 123 131 29 2 140 92 155 163 138 15 151 164 73 17 98 160 24 103 45 158 74 103 21 105 151 48 136 137 178 110 78 75 162 126 105 56 20 131 16 121 159 78 54 154 177 36 47 115 88 82 51 101 14 129 88 66 109 84 91 82 102 14 114 120 13 66 172 5 77 101 105 142 131 74 50 142 168 7 50 1 161 66 135 47 152 157 34 53 117 82 42 94 110 26 1 125 8 93 178 97 147 46 25 51 116 147 173 128 47 89 54 37 148 32 136 99 59 83 94 41 54 73 167 179 161 127 71 22 117 114 130 151 49 158 88 76 40 15 178 158 30 152 62 100 36 85 9 107 158 67 70 167 173 123 156 1 56 174 62 48 114 6 72 162 137 34 137 66 8 65 44 30 170 31 36 78 101 130 61 18 120 32 41 80 180 22 86 130 58 59 140 105 15 99 132 167 45 154 108 66 167 91 136 103 148 16 133 157 130 39 98 83 32 143 149 106 59 33 85 170 58 28 121 130 18 174 168 46 100 4 5 50 73 27 43 138 119 173 176 3 91 88 75 125 7 139 71 42 9 154 72 38 67 91 180 14 125 56 74 6 22 124 70 176 169 76 8 37 116 83 102 53 81 126 156 98 79 162 39 23 137 122 75 1 128 118 22 126 99 32 12 79 99 99 143 48 34 101 43 147 36 119 3 36 145 125 162 22 178 173 82 136 174 141 134 61 93 17 66 26 54 21 145 116 84 57 155 41 132 89 15 148 40 144 127 64 14 73 114 118 139 20 70 23 83 89 70 98 10 151 29 107 80 5 174 72 111 154 26 40 93 101 153 38 44 20 55 171 38 127 146 78 180 130 6 127 80 122 47 16 27 128 116 143 171 83 4 29 172 24 38 61 154 76 167 175 19 63 44 14 35 11 87 39 13 102 58 64 176 42 54 132 125 137 119 140 85 3 152 143 178 46 109 31 149 38 180 174 15 161 16 43 83 90 42 97 131 134 124 94 31 55 158 64 125 103 31 90 164 140 12 109 103 5 1 132 137 109 30 12 132 115 3 103 103 129 63 84 67 141 5 61 178 133 119 48 82 80 4 99 146 125 6 12 137 154 178 39 132 156 88 94 70 146 162 44 105 26 98 136 9 46 57 18 37 153 146 169 172 141 153 8 115 10 2 67 70 82 119 77 10 82 108 51 23 13 175 175 35 104 17 80 75 32 138 76 135 65 118 57 62 95 154 80 174 154 67 14 33 17 141 121 42 105 151 142 28 25 135 169 132 44 41 18 106 168 30 163 138 22 145 43 94 64 32 47 18 63 62 56 136 161 178 11 40 169 173 177 20 4 57 28 38 116 66 21 42 179 73 18 87 131 109 21 89 58 146 60 143 40 174 144 88 136 119 180 150 121 40 174 126 168 68 77 138 7 78 24 136 149 175 87 32 175 81 38 152 20 71 101 115 100 103 64 136 4 50 29 173 152 171 48 86 121 27 97 47 116 138 92 54 100 121 32 91 161 117 138 87 12 100 53 13 79 85 127 30 16 78 39 102 23 10 105 138 46 91 99 9 21 85 32 95 75 16 117 143 67 59 122 164 101 67 107 10 80 118 175 106 73 39 112 64 75 81 1 180 27 52 157 159 100 20 135 117 69 27 5 35 142 77 161 125 45 9 73 30 13 60 159 128 142 79 8 22 68 31 14 14 105 82 72 100 129 123 180 158 44 173 93 117 146 33 154 170 150 151 100 101 138 3 19 103 118 135 55 168 170 104 118 90 35 120 97 30 49 111 97 58 92 25 98 45 122 145 13 58 14 175 141 126 74 25 147 149 42 125 124 51 130 141 47 64 167 69 73 162 33 124 170 55 162 32 36 87 9 147 28 43 90 154 45 149 67 104 138 164 122 177 115 62 112 85 104 98 16 118 23 71 33 109 62 174 97 116 59 156 99 61 33 36 98 46 86 32 167 93 147 66 164 108 178 75 157 120 176 126 68 169 54 134 154 127 94 114 142 149 143 16 58 66 133 40 55 6 127 177 114 78 35 14 4 45 83 88 57 84 139 169 26 32 172 124 140 81 39 63 39 63 110 167 80 158 141 80 145 134 132 153 72 173 63 32 150 1 64 93 74 120 13 158 170 82 175 102 114 110 45 139 65 4 46 128 97 154 135 74 103 109 87 172 119 147 152 88 133 95 165 37 143 84 108 126 153 139
40 15 111 162 97 74 155 98 173 126 88 41 31 136 40 173 56 148 166 104 149 38 54 48 24 128 87 149 94 14 8 4 28 161 94 27 14 94 173 165 159 13 174 177 119 33 135 14 97 121 18 133 48 80 42 87 112 94 64 57 151 62 33 23 56 5 51 72 150 119 129 180 2 11 7 84 119 112 157 5 172 32 79 174 40 37 129 179 18 135 36 169 38 54 128 178 97 11 110 89 11 29 77 60 92 87 93 127 51 78 167 176 91 125 163 7 84 63 32 6 36 47 100 48 59 87 156 17 162 169 22 122 142 35 144 41 168 136 60 72 131 140 18 16 89 13 62 33 85 32 41 112 167 134 18 3 108 140 88 61 18 39 16 32 80 36 137 22 20 121 167 57 21 130 60 167 118 167 26 118 111 62 119 19 77 169 15 91 14 54 79 128 170 165 141 27 98 102 138 64 97 132 109 47 156 50 33 33 137 22 92 169 87 10 27 137 40 137 5 10 100 115 82 135 47 57 19 50 25 112 75 58 61 15 37 86 105 105 156 19 78 34 106 102 96 138 11 122 41 74 93 23 7 169 149 16 144 83 96 6 152 129 168 114 138 158 84 37 95 173 167 4 172 44 99 4 63 103 170 19 163 161 155 76 59 62 98 135 180 104 118 13 115 54 13 85 5 58 94 64 103 161 138 25 101 1 135 163 24 130 38 75 130 61 148 52 62 43 108 21 132 75 54 91 79 13 7 17 14 159 74 48 99 32 100 1 6 94 141 42 166 42 20 154 49 142 122 62 82 159 53 5 31 101 127 146 99 37 110 149 19 57 26 105 50 13 8 45 12 24 64 110 143 107 159 121 114 108 94 98 159 134 69 17 91 117 55 145 49 41 180 160 45 39 3 115 106 36 107 80 3 30 14 172 150 5 112 141 149 119 22 67 121 56 39 42 23 6 54 18 23 176 78 45 116 107 120 162 148 139 108 101 29 96 169 85 33 85 53 122 97 36 176 104 100 13 147 1 114 42 101 6 63 71 132 84 74 87 149 62 41 23 73 165 133 57 152 157 99 132 57 142 25 32 76 148 132 114 33 16 66 44 23 33 110 66 16 165 72 64 71 51 82 23 71 178 44 43 154 121 97 40 178 22 76 64 53 68 178 19 169 168 55 68 136 165 141 61 103 148 166 173 35 24 30 155 132 41 81 173 26 165 89 122 29 178 129 96 100 139 63 50 100 160 153 46 117 52 1 178 111 24 76 74 60 31 109 78 53 62 140 28 159 46 58 23 134 79 168 118 122 148 70 2 104 88 127 72 53 29 112 160 66 71 39 18 119 62 168 177 37 137 90 112 97 129 8 93 95 111 64 48 166 43 134 53 69 180 14 175 56 129 93 26 10 109 175 87 72 12 18 23 152 154 43 55 78 66 18 54 56 154 3 133 113 23 180 50 172 178 78 160 107 118 88 13 58 127 179 125 105 169 97 86 121 62 66 75 16 78 56 44 149 145 132 144 1 13 97 2 173 118 95 99 101 152 123 160 92 103 88 18 48 45 143 123 95 177 86 156 176 12 170 5 166 24 62 14 26 160 141 103 33 56 103 106 122 158 22 26 50 122 157 101 169 33 127 145 129 54 103 180 40 70 27 9 175 133 97 117 57 25 104 117 154 62 34 34 109 147 10 97 46 38 115 124 53 101 140 6 80 4 27 122 50 16 144 13 63 96 34 27 158 85 65 88 180 131 45 161 120 167 5 127 114 38 99 137 35 117 158 140 83 103 17 1 34 154 32 1 15 72 156 101 88 57 113 11 102 47 14 13 157 170 103 40 108 159 35 64 177 32 175 165 38 49 8 141 107 98 56 108 48 34 24 136 155 14 13 28 84 138 169 27 133 20 53 58 108 169 52 166 58 61 140 146 133 177 29 7 16 159 2 175 145 116 56 96 157 1 105 143 23 66 1 27 60 46 63 147 27 59 10 60 16 44 68 150 120 36 109 113 51 89 127 35 152 165 49 45 160 118 108 150 43 178 12 33 98 27 39 68 134 140 139 6 20 103 155 99 60 49 154 111 88 126 66 124 119 120 101 55 38 69 170 124 175 151 134 103 59 112 83 113 37 140 117 144 140 131 34 172 166 137 15 80 132 21 71 177 77 166 179 167 151 120 126 151 73 171 41 69 137 4 35 43 129 29 128 78 141 55 140 48 10 32 105 118 28 119 101 156 28 175 169 72 74 101 57 141 163 120 33 23 131 96 19 165 114 24 144 54 147 63 108 90 23 72 175 38 2 149 25 27 65 133 134 25 56 52 78 58 71 74 83 81 153 56 173 127 124 108 110 51 73 101 19 43 121 31 153 26 121 86 168 4 112 71 112 90 71 162 117 123 153 105 161 93 144 8 19 94 89 29 49 45 8 66 180 14 82 70 23 103 128 129 8 90 69 23 131 153 89 120 79 51 169 146 165 109 150 68 133 138 170 31 101 60 152 146 57 41 148 153 150 129 73 46 72 8 86 100 173 106 160 76 125 86 22 116 176 94 166 137 144 59 57 50 173 95 98 120 129 162 81 64 178 19 15 35 40 4 140 72 91 156 158 57 177 58 134 49 77 54 108 47 32 31 90 46 91 34 137 79 83 88 119 156 81 8 115 44 75 108 112 153 73 84 101 144 119 99 70 79 104 133 18 131 34 44 17 162 31 1 22 166 45 11 39 137 71 113 105 83 105 8 55 81 89 31 65 154 10 27 136 109 7 14 54 61 135 40 178 116 169 132 32 31 61 101 161 30 64 13 70 162 49 177 119 163 109 71 88 171 121 109 152 105 55 61 124 45 63 56 95 40 44 130 157 55 119 125 62 166 117 17 30 50 8 58 91 20 64 76 76 114 19 129 4 18 5 136 88 137 115 162 47 160 136 110 118 50 163 180 119 148 130 21 26 152 120 125 11 47 55 26 15 118 106 39 83 136 79 94 116 172 147 4 110 101 95 19 33 78 37 88 165 123 5 96 180 104 82 155 30 139 45 112 142 176 11 157 143 98 114 78 53 75 135 19
33 82 124 92 112 172 93 83 119 130 91 73 177 13 90 25 60 157 116 31 5 72 174 47 51 15 125 70 27 175 179 8 34 40 64 44 17 47 154 30 55 12 9 134 79 4 46 50 29 148 62 127 59 134 141 5 50 131 30 17 21 31 104 29 163 116 176 128 62 115 50 62 77 164 25 71 17 146 71 41 162 28 71 15 73 57 87 107 36 148 102 105 159 104 171 35 85 123 173 172 58 21 113 78 33 34 106 18 49 94 73 120 124 171 83 121 95 144 168 89 180 132 19 138 100 87 133 37 111 12 145 148 128 170 163 64 147 154 170 122 26 139 108 131 160 82 31 174 89 73 61 111 66 123 84 85 11 148 28 48 168 149 174 10 123 54 49 113 91 118 91 129 23 17 137 82 134 5 63 120 6 122 21 6 26 114 77 138 97 27 33 143 87 139 128 107 106 157 123 89 68 135 65 68 134 86 78 62 90 83 78 173 113 170 50 151 146 139 87 87 172 81 156 177 89 95 49 115 13 104 161 141 111 59 174 139 34 68 99 23 41 122 97 58 48 94 122 68 176 69 166 155 80 70 105 20 174 139 95 29 48 126 51 165 92 163 148 158 132 91 152 94 174 104 88 94 89 122 69 157 70 63 155 16 9 68 120 3 180 165 164 79 13 40 61 33 109 13 41 117 54 145 169 156 18 121 15 70 15 43 86 81 123 104 174 105 121 3 93 17 110 169 109 8 40 4 143 161 171 83 8 130 149 138 105 70 73 141 169 4 10 158 20 138 139 40 39 24 142 95 26 85 143 106 136 4 84 22 103 162 46 7 128 45 57 1 23 143 169 106 148 84 154 109 98 128 85 54 120 74 123 70 151 8 136 153 41 77 89 143 125 25 104 175 168 101 42 141 71 139 172 102 149 147 142 178 68 112 29 1 121 57 4 103 103 10 110 13 29 131 74 34 118 76 96 67 150 107 4 173 151 3 110 180 111 86 119 144 40 5 174 30 154 168 102 113 155 82 69 69 51 93 160 48 81 131 46 32 55 87 32 120 128 177 87 113 35 41 154 122 68 159 179 10 40 21 97 55 47 130 69 56 27 58 122 92 70 158 166 73 86 47 99 82 23 166 41 66 74 89 91 4 119 126 126 95 82 43 91 108 31 81 170 140 60 146 58 5 3 90 89 154 115 67 140 33 71 29 36 153 104 46 154 25 27 171 59 32 153 28 23 89 135 100 168 121 153 82 142 46 103 142 15 39 105 113 106 113 159 102 98 32 70 32 145 164 162 105 117 80 106 83 112 22 171 82 117 153 127 101 70 143 69 132 22 15 107 166 102 100 42 56 113 177 93 91 146 23 160 31 77 1 64 100 50 159 47 93 86 55 153 131 5 52 63 25 22 131 123 117 169 149 173 136 79 177 96 25 82 128 55 63 92 122 103 81 94 82 35 31 27 84 97 66 81 146 9 103 62 167 179 158 20 128 99 59 157 65 4 95 21 109 91 104 120 100 99 92 155 63 141 117 146 21 65 114 109 43 4 161 68 116 127 56 19 140 70 75 136 124 176 135 24 14 104 89 42 37 62 65 135 25 73 175 49 104 22 166 160 74 54 141 111 105 19 15 153 96 32 162 37 87 81 169 113 15 96 138 157 41 133 38 60 121 18 105 28 169 68 174 57 155 95 72 102 59 58 61 170 75 45 65 48 117 142 177 84 112 170 61 13 133 21 57 113 27 119 6 177 86 177 75 71 77 6 95 17 175 173 123 53 134 106 18 47 118 37 44 131 49 139 84 55 82 115 173 137 138 143 19 128 123 149 101 120 169 141 180 107 81 89 25 111 62 48 71 58 125 60 87 73 32 131 114 28 28 116 140 33 157 172 179 179 35 10 130 94 44 48 164 57 34 34 68 153 127 82 38 56 165 112 143 127 160 171 63 77 128 180 104 11 62 173 99 154 51 134 126 137 112 45 73 140 128 23 26 110 12 155 161 103 17 38 166 35 130 62 161 21 101 104 7 105 143 21 47 78 56 125 154 9 30 139 68 177 152 112 34 132 47 157 31 17 26 53 47 67 128 155 154 92 32 112 178 61 24 87 10 79 149 134 160 180 73 75 32 22 174 166 48 175 179 46 97 6 52 53 22 43 119 148 24 107 107 75 170 105 100 128 117 46 97 140 47 139 12 150 43 85 95 177 59 1 152 97 44 124 52 103 121 20 128 29 65 85 118 76 53 137 145 156 3 38 109 93 119 112 169 123 35 175 71 112 82 90 128 68 142 103 93 142 139 109 101 105 10 137 135 6 173 53 92 63 114 10 139 75 29 28 13 102 4 3 144 125 142 13 152 52 23 135 51 103 10 60 174 97 15 104 56 175 58 9 120 142 68 161 57 15 14 95 160 68 137 63 112 60 11 64 179 176 51 101 120 150 74 96 126 147 136 85 134 81 145 5 57 99 159 161 30 85 87 140 51 73 147 134 85 115 101 3 142 13 130 13 135 37 68 87 129 92 20 115 148 179 147 113 150 41 140 163 73 96 91 130 33 103 176 35 99 99 159 27 43 7 80 115 73 18 43 36 78 59 173 66 157 81 135 81 20 72 101 50 5 44 67 43 41 68 10 103 18 57 66 15 134 18 80 53 56 97 18 97 159 116 118 131 56 148 41 136 130 55 68 163 180 159 43 104 123 140 110 27 47 132 73 31 143 33 55 146 166 28 86 53 115 25 115 64 25 86 104 146 105 120 94 119 104 47 127 65 170 39 154 83 52 52 32 176 12 86 118 164 1 36 51 130 133 177 85 134 137 69 119 17 90 145 43 173 126 174 142 47 24 23 19 84 52 138 27 99 48 46 88 116 167 59 113 172 102 5 152 8 134 141 154 13 158 110 166 120 102 24 132 110 36 137 169 155 13 89 51 176 105 70 48 124 57 99 76 145 46 34 33 121 145 169 167 129 12 111 151 166 64 179 96 50 20 48 56 80 81 127 4 144 147 101 167 72 65 111 5 3 143 67 142 121 79 80 29 172 115 137 25 10 60 74 132 35 28
174 6 1 180 93 155 167 31 1 71 89 97 22 2 16 148 109 145 156 168 126 61 90 48 62 60 80 157 165 146 83 170 172 126 137 90 85 92 108 114 38 14 126 152 5 13 76 138 33 144 58 94 7 139 112 41 18 34 132 178 56 70 42 83 59 30 16 4 144 49 27 68 27 112 150 3 119 100 135 111 172 56 92 145 30 56 139 90 36 128 72 50 51 53 106 75 34 100 154 93 46 147 106 99 101 2 149 152 75 13 144 27 71 18 66 10 100 105 33 33 135 153 15 93 15 3 3 13 177 21 114 137 102 26 22 48 76 11 150 67 83 51 158 169 71 104 4 10 110 160 91 171 5 157 41 76 113 66 34 3 41 39 65 82 174 55 172 140 5 114 136 134 180 129 167 98 72 139 147 120 120 154 115 49 96 150 164 21 71 87 19 167 40 64 87 177 73 110 94 23 109 14 9 14 118 44 54 154 16 96 54 122 98 46 93 3 75 50 171 169 121 143 57 27 134 57 175 95 63 167 43 180 104 71 170 171 153 153 107 161 23 27 178 23 104 70 17 76 39 72 3 136 52 29 41 6 116 63 157 94 112 51 84 85 158 98 114 50 15 77 145 121 155 139 176 97 87 70 8 51 80 3 17 4 174 109 23 1 153 72 117 101 70 103 49 147 73 108 46 174 28 42 148 163 82 112 47 78 105 67 36 43 99 45 92 137 59 12 164 176 122 140 52 17 119 19 159 22 34 68 138 178 154 127 77 126 114 56 25 76 78 34 34 135 35 4 77 177 14 92 123 113 64 134 99 101 66 166 6 123 130 178 149 112 97 174 139 101 130 46 9 32 10 97 29 23 25 32 32 28 52 18 61 91 39 9 131 25 70 72 91 37 34 136 38 157 80 108 10 62 136 124 13 118 31 109 65 176 161 154 126 108 78 115 59 3 100 55 36 47 111 104 122 130 99 180 123 118 132 41 51 107 64 71 29 6 11 95 37 98 93 78 127 171 178 9 113 162 9 66 108 66 77 20 43 102 149 144 166 164 71 39 146 83 109 146 158 4 32 16 161 89 172 165 115 152 125 18 57 36 149 78 7 105 115 168 142 57 89 92 64 87 85 58 163 24 79 2 51 138 99 154 134 121 45 119 22 128 94 177 16 172 139 117 55 21 5 92 46 146 23 170 77 58 109 98 129 76 125 80 151 7 139 39 109 50 59 80 96 21 40 17 73 7 71 150 11 163 1 73 98 7 9 135 32 178 124 61 49 144 100 73 167 20 175 160 110 72 120 126 19 108 54 157 99 67 179 129 87 153 124 14 133 10 126 113 175 121 149 87 153 97 128 177 73 160 173 143 139 156 23 107 147 160 3 163 148 101 14 24 133 134 180 45 119 174 140 50 111 29 32 122 77 115 104 72 71 77 123 114 169 129 132 74 121 99 65 166 180 93 109 29 34 162 61 110 126 3 77 99 26 74 88 64 6 146 173 42 165 19 17 84 59 158 30 145 78 120 72 78 72 169 133 34 115 5 64 101 82 63 102 104 80 155 25 45 64 39 135 164 179 54 23 53 100 45 167 47 117 116 34 49 57 90 20 58 158 167 46 96 14 68 20 35 45 152 152 85 154 32 112 44 153 93 48 140 116 126 174 86 121 2 151 16 46 123 71 70 154 82 164 137 99 170 165 112 115 140 6 144 20 166 75 97 163 150 123 88 150 98 121 51 26 77 116 45 151 154 156 153 120 28 45 161 169 126 26 171 7 127 174 18 80 25 142 131 41 160 14 67 75 106 114 123 117 70 7 3 99 54 94 154 6 94 75 142 133 106 19 48 63 23 68 133 40 24 159 166 28 42 20 72 108 101 134 135 174 86 144 98 126 56 121 6 146 108 83 64 164 43 80 18 156 16 46 84 91 150 173 144 145 72 131 172 69 135 9 16 131 11 62 178 152 64 2 28 158 39 31 180 123 42 14 91 133 77 156 6 67 8 74 51 87 63 4 5 75 173 94 43 127 136 18 42 132 144 124 15 157 24 16 67 80 127 34 140 37 53 153 105 148 91 7 67 68 78 154 1 58 62 89 116 135 90 70 180 14 50 36 131 145 13 98 47 73 28 166 88 66 97 90 141 96 115 55 2 65 39 176 26 7 103 53 48 93 12 173 173 144 55 160 22 111 95 59 169 168 106 157 92 95 24 43 67 95 28 10 173 39 95 29 9 152 72 130 64 62 178 156 8 95 13 165 179 11 124 126 72 34 26 86 60 103 129 68 132 32 94 79 59 119 9 14 116 176 90 138 129 137 137 76 148 5 127 64 71 121 128 174 3 148 91 66 2 122 123 99 1 83 43 49 166 108 133 70 118 8 117 149 3 62 4 90 63 163 160 119 2 8 64 164 147 180 14 17 13 59 76 124 147 180 94 99 9 49 38 75 175 148 109 1 160 92 110 1 112 128 15 14 142 9 123 6 127 13 68 14 1 100 53 13 119 13 160 180 74 103 150 165 25 176 30 107 157 18 47 118 93 146 172 93 87 179 70 133 106 126 21 10 36 38 147 95 153 121 97 166 138 57 132 33 21 21 56 152 52 41 44 19 135 177 119 40 169 43 50 79 19 41 82 157 75 63 124 86 91 103 85 114 20 135 25 105 71 99 110 89 26 27 49 36 84 44 157 164 73 21 163 51 25 101 140 54 162 83 39 157 64 55 17 69 19 93 18 72 78 160 98 37 130 9 133 17 169 124 44 103 150 98 71 76 117 44 175 119 39 161 154 36 125 94 157 45 168 45 161 171 60 151 114 146 24 86 72 120 161 81 114 113 84 25 73 39 139 44 31 77 135 137 28 32 127 56 39 32 127 11 90 125 20 6 32 96 35 143 82 120 116 172 142 16 100 145 128 103 149 82 51 157 22 17 159 9 81 178 88 5 33 144 59 70 168 156 47 97 16 77 4 142 64 80 125 152 82 169 25 178 23 14 67 93 52 175 49 105 92 171 117 51 169 76 2 106 154 14 14 30 5 38 64 113 11 20 117 145 102 166 75 100 131
79 116 90 75 51 137 41 71 88 15 60 12 96 123 81 31 51 79 152 149 28 12 145 85 35 2 60 163 143 30 140 124 175 49 96 65 81 62 56 44 52 60 131 141 114 81 103 155 29 23 176 39 173 39 44 90 91 34 6 41 83 78 161 108 74 159 47 176 105 139 135 155 145 177 164 144 81 144 16 29 64 65 100 168 35 14 169 177 83 106 46 143 150 48 38 27 48 21 71 69 159 171 83 32 41 1 152 57 154 160 114 153 99 97 83 98 82 81 94 132 13 180 37 116 131 136 143 101 137 82 111 121 69 47 134 56 49 58 87 156 125 170 155 97 39 105 137 41 49 133 37 76 123 26 88 83 67 108 170 54 177 24 154 64 180 131 163 7 65 128 29 79 173 167 59 173 156 107 148 107 35 60 81 115 123 122 12 45 11 147 53 175 105 123 46 154 94 48 35 10 111 48 77 98 140 146 124 90 167 156 35 30 78 22 68 23 130 50 138 36 110 89 98 166 51 97 121 108 160 131 27 115 4 166 42 180 40 13 29 152 169 39 95 118 87 147 105 17 116 94 138 17 113 15 48 141 48 6 62 36 106 61 65 163 47 17 14 137 117 46 47 25 92 27 133 70 37 4 3 18 129 24 71 151 104 157 149 64 41 141 25 178 104 167 141 24 131 47 160 89 27 105 157 77 82 109 167 22 166 38 24 148 118 162 155 145 171 17 63 48 127 128 23 114 117 170 54 130 57 61 163 98 121 114 35 63 85 101 126 30 10 69 45 38 169 67 17 63 56 128 9 90 62 176 109 78 79 127 13 147 119 147 108 168 178 175 24 138 180 137 167 6 42 15 180 83 23 56 132 57 172 123 179 159 26 162 76 128 1 34 115 47 70 72 155 95 49 43 67 177 20 132 113 51 51 10 32 51 65 20 23 96 128 174 152 28 63 59 55 126 150 89 58 110 21 174 71 24 75 151 80 36 69 83 86 107 108 157 80 156 48 52 162 117 97 172 29 60 146 144 170 56 62 69 118 175 99 23 166 1 89 41 36 74 36 36 173 30 17 164 146 69 28 175 149 95 136 21 136 129 175 158 159 45 165 129 43 172 70 10 132 124 132 178 48 142 151 45 112 17 74 10 169 171 124 34 86 159 129 65 152 89 127 148 162 90 20 81 145 172 155 111 160 11 129 111 167 153 68 123 2 90 149 4 76 164 102 37 60 11 36 71 75 56 42 68 17 4 34 91 85 167 117 150 35 152 28 11 140 8 136 27 74 34 119 47 45 122 103 51 149 178 177 66 116 61 8 110 66 155 29 95 175 126 58 99 79 179 25 114 133 61 36 145 84 78 21 113 133 33 138 36 22 82 68 95 59 2 108 50 45 12 96 19 22 74 57 179 34 161 83 70 142 63 75 49 169 168 158 102 24 57 44 179 36 91 101 124 112 143 20 17 101 81 94 101 155 68 19 62 85 8 96 124 36 57 65 49 129 160 117 165 121 119 152 75 179 23 30 110 83 58 104 138 44 77 130 55 73 136 174 173 84 83 174 9 99 147 86 161 98 32 30 101 35 128 52 140 154 9 133 121 171 17 73 45 93 13 18 58 135 52 19 29 131 36 50 132 145 19 122 66 22 105 34 73 6 55 118 140 97 109 9 98 99 133 108 161 175 118 24 140 134 130 10 158 109 107 8 148 137 105 167 45 161 174 154 27 62 70 172 30 23 47 108 71 98 53 138 76 29 130 150 22 160 130 115 47 46 142 73 111 104 63 143 132 175 14 149 71 33 88 155 35 54 116 32 90 132 81 137 82 71 91 101 81 135 15 113 85 64 41 112 30 144 80 159 129 99 24 82 16 143 39 117 149 149 112 27 10 22 30 146 155 169 157 21 176 2 118 152 38 15 123 154 144 95 153 141 86 88 84 152 139 58 152 92 149 49 30 129 107 42 108 14 103 104 106 64 109 31 94 21 37 7 132 79 172 73 64 24 11 98 118 13 172 145 174 151 61 57 84 99 81 144 83 90 112 152 45 151 107 80 155 132 54 129 10 99 5 65 139 72 131 56 124 125 87 149 10 71 8 34 65 7 24 28 118 43 113 142 85 72 22 22 43 61 7 160 10 35 42 97 168 60 73 123 36 32 9 1 100 61 142 37 30 173 178 52 133 55 140 23 3 38 175 16 83 86 111 17 122 112 1 51 31 75 149 73 65 12 159 78 158 156 154 105 127 159 25 156 76 134 164 24 60 80 161 154 68 59 11 89 1 23 15 21 74 15 9 51 37 146 59 171 180 57 157 1 133 37 136 121 148 94 50 93 40 32 68 171 89 160 157 160 159 40 125 19 4 52 127 162 65 131 178 173 46 128 25 64 12 82 15 152 134 38 95 85 9 136 3 125 3 70 145 4 61 177 8 73 65 112 173 32 60 126 84 15 19 20 53 95 104 91 78 66 150 130 124 22 18 159 114 156 142 93 69 170 172 178 109 168 70 120 120 73 23 18 1 146 136 39 83 71 115 69 165 151 147 166 152 129 96 168 91 62 61 105 66 148 31 166 6 71 102 52 120 32 154 57 135 139 120 121 29 143 99 23 1 15 100 30 38 37 149 146 165 20 75 87 161 40 19 175 70 118 52 68 21 23 12 54 13 85 112 13 86 109 55 24 121 39 115 179 49 17 175 168 2 115 27 49 79 144 93 2 12 114 162 126 57 180 166 12 113 114 126 159 99 114 161 22 43 71 26 21 161 11 165 58 28 162 103 27 139 148 76 162 104 25 176 109 73 179 6 80 78 138 9 107 136 2 127 22 27 122 76 131 95 85 101 4 142 91 68 93 141 164 107 94 98 14 59 45 139 1 44 166 154 96 50 35 53 58 38 128 136 22 57 14 14 56 145 69 136 69 78 163 169 47 127 106 8 113 154 167 86 12 134 151 143 139 64 128 2 8 177 48 22 95 95 103 29 127 50 20 101 160 127 1 90 95 158 1 15 46 136 114 7 121 169 148 83 132 176 168 12 141 32 165 133 94 10 132 167 92 91 164 17
113 155 116 70 78 30 92 29 58 31 83 130 128 59 73 85 150 131 156 167 60 9 154 155 44 86 27 75 35 116 119 110 135 102 179 66 90 155 142 124 135 86 134 157 30 60 143 67 97 152 104 14 35 33 177 69 20 79 115 112 104 16 133 168 2 2 68 46 159 102 82 26 139 87 26 67 82 76 43 129 171 74 14 18 140 6 132 100 117 180 144 145 91 171 144 92 30 72 66 90 22 67 35 64 95 107 132 180 136 94 132 51 168 82 103 107 54 61 46 156 17 4 119 55 124 102 40 140 155 148 99 1 68 112 85 57 136 134 141 180 107 59 97 172 103 100 145 172 3 105 118 35 174 90 34 177 179 121 146 39 34 31 92 142 50 163 139 120 26 150 139 72 114 88 90 16 126 41 151 164 62 57 139 113 179 75 26 58 167 144 34 156 18 113 166 159 108 142 129 118 41 100 9 139 174 114 55 93 144 122 45 52 21 44 37 102 69 129 161 91 125 69 154 40 95 116 167 142 5 110 119 178 126 151 170 93 101 88 127 40 72 170 22 32 160 64 22 13 85 131 7 53 84 161 74 97 25 143 104 31 123 124 129 54 158 119 103 70 87 150 76 176 157 107 15 139 100 126 51 134 113 165 63 151 38 8 98 95 125 30 117 176 100 176 106 44 122 54 144 83 162 93 99 150 139 110 125 40 114 121 76 90 130 148 41 60 164 77 153 12 94 20 96 13 101 91 159 81 77 19 53 70 145 27 102 180 59 82 167 39 91 101 77 117 138 175 15 115 74 146 151 91 108 124 157 8 48 43 93 92 22 48 86 68 131 157 146 11 70 64 179 40 99 92 79 114 156 48 67 167 6 69 45 57 64 56 136 157 149 118 143 122 132 84 105 24 29 178 86 34 154 128 49 15 58 73 71 40 55 117 69 149 159 26 81 10 63 135 74 56 10 50 89 30 89 78 89 112 63 107 11 152 68 113 29 87 71 22 100 112 21 90 98 173 20 73 74 3 115 150 47 37 69 166 105 119 124 164 12 111 77 27 155 11 2 43 60 93 130 55 100 103 169 105 13 173 51 110 51 132 163 18 50 180 157 91 21 128 12 86 123 43 159 150 121 55 60 180 33 112 64 165 30 180 153 47 132 21 58 78 9 28 68 7 43 97 113 157 67 71 132 96 118 105 160 164 175 39 41 173 90 117 133 91 177 86 128 6 119 96 127 121 158 61 37 70 148 171 84 142 141 97 159 82 130 8 41 169 44 151 136 81 50 47 42 142 37 35 127 134 32 70 48 43 169 82 102 96 103 50 133 158 22 136 138 92 161 99 106 151 147 168 179 70 119 126 48 166 3 49 148 59 14 135 129 42 20 136 135 161 138 117 117 90 158 73 147 170 7 79 141 72 57 6 77 73 178 85 69 3 12 63 175 128 20 148 5 85 95 75 144 67 60 16 28 50 16 129 78 169 129 67 171 160 106 148 115 39 43 116 9 73 105 43 9 77 59 17 37 85 122 161 54 174 10 82 98 67 67 122 91 136 111 106 86 163 43 6 166 170 94 37 54 134 162 115 24 137 41 164 139 145 21 171 77 57 178 25 43 33 114 92 57 159 9 81 100 58 86 139 152 127 26 71 101 103 40 78 71 39 13 98 166 145 146 71 141 108 82 104 170 27 23 121 73 45 88 168 117 83 12 1 1 168 51 132 33 168 122 95 46 132 30 38 165 56 41 150 116 110 92 146 91 98 149 168 140 144 131 49 120 158 105 162 140 58 98 105 90 56 42 74 94 136 112 74 40 157 80 18 174 110 113 51 9 138 140 93 102 133 166 62 157 175 76 88 22 66 65 74 41 76 48 81 156 78 169 38 175 31 104 32 140 28 5 24 39 3 48 166 111 118 6 42 86 7 70 166 20 50 35 167 41 25 62 135 96 67 141 82 44 45 21 133 92 71 124 126 4 10 171 34 105 114 165 180 100 154 151 174 81 112 53 97 54 29 144 83 93 180 40 110 35 92 94 2 147 124 65 147 150 151 180 79 162 34 65 85 147 153 75 32 27 98 44 60 101 123 164 21 120 47 125 94 91 131 166 63 48 22 88 4 63 55 13 8 86 174 117 14 138 116 123 142 175 97 116 120 157 57 72 7 40 135 169 55 60 115 62 53 68 122 100 114 126 88 147 33 35 178 44 17 91 145 138 131 147 157 101 66 38 95 136 75 142 113 165 111 68 69 173 13 60 66 57 169 67 89 58 91 108 89 145 80 119 166 87 158 132 174 66 1 34 122 100 88 159 56 143 92 28 127 49 109 155 120 132 104 20 100 163 1 168 118 144 83 83 115 24 139 46 120 74 174 165 32 68 30 110 62 40 179 127 6 144 126 60 128 89 161 87 56 164 172 123 72 155 110 46 88 86 75 131 83 135 166 136 46 47 82 70 63 11 146 60 38 132 89 61 28 75 66 60 19 115 6 56 45 13 78 62 45 156 87 92 86 72 156 140 163 89 176 68 95 105 10 2 50 75 71 174 139 35 72 19 157 60 12 33 95 167 88 76 56 166 13 157 124 84 46 14 125 170 9 8 27 141 140 130 57 72 57 82 79 129 178 1 149 70 147 95 74 94 168 107 107 102 136 97 41 174 155 134 115 19 93 124 59 34 114 133 147 66 138 116 35 39 49 39 24 120 62 101 97 121 71 16 175 112 168 77 22 32 28 56 76 55 174 132 37 48 179 161 54 156 46 179 112 48 175 174 135 178 108 168 14 175 158 136 92 157 13 33 51 150 179 35 49 1 40 94 133 155 40 7 100 167 3 13 16 172 104 158 47 113 53 171 87 31 61 160 174 55 43 37 7 154 36 71 168 2 91 179 180 36 57 37 88 124 128 121 104 144 18 80 87 156 27 102 73 43 29 44 164 179 109 54 169 99 25 122 163 69 76 42 60 152 148 50 39 132 43 82 159 11 142 116 77 56 3 116 81 43 101 32 60 136 138 20 178 71 28 116 112 127 115 132 155 114 55 84 128 29 52 25 46 119 92 62 44
129 82 130 34 57 30 93 12 157 61 123 64 41 49 8 170 116 49 173 158 92 2 115 37 24 152 34 83 131 2 133 144 104 12 110 111 151 68 163 135 91 15 21 71 128 130 82 134 50 47 8 106 65 129 161 87 69 88 110 60 25 71 53 48 30 84 63 42 154 111 112 19 96 123 44 8 58 100 180 62 121 134 66 82 101 168 105 163 4 60 74 51 118 119 13 64 170 171 36 109 53 31 116 21 158 51 73 83 42 118 40 47 145 170 140 91 74 110 88 66 165 56 45 142 157 103 8 64 6 148 16 173 127 129 39 15 167 116 61 102 126 2 153 31 28 109 32 149 1 62 68 124 29 118 76 158 170 103 130 13 34 107 65 54 11 120 94 78 123 47 13 134 115 122 36 152 86 132 58 171 60 65 15 26 146 3 62 64 97 160 134 66 131 3 113 29 143 167 51 121 123 76 131 39 112 45 104 113 90 71 114 71 169 130 43 57 138 2 130 7 143 90 155 128 61 16 64 73 40 79 97 8 59 13 7 142 96 89 47 16 113 76 98 153 96 10 96 133 139 130 73 58 24 14 116 57 84 30 106 101 131 162 46 41 174 109 139 21 47 146 125 58 82 147 67 146 2 10 62 90 46 158 70 153 15 180 11 8 18 122 134 108 19 45 83 120 20 107 71 123 123 51 163 38 61 95 152 61 36 28 38 76 111 107 36 39 123 51 127 78 16 20 93 5 59 109 152 32 81 164 105 8 44 31 166 139 146 97 114 120 79 87 102 116 177 121 123 71 56 132 84 109 116 52 126 41 10 116 24 38 96 179 175 160 70 20 124 141 155 79 123 14 54 68 15 125 106 56 115 168 161 136 103 109 136 145 1 24 113 141 128 46 133 6 85 105 26 96 90 67 57 70 96 126 1 15 19 138 171 174 176 84 150 135 55 83 160 104 35 47 77 54 74 18 68 173 47 133 66 120 107 145 139 149 2 10 119 160 151 164 175 2 17 76 47 146 22 130 59 127 124 23 12 46 142 19 126 63 91 156 13 32 68 151 25 106 94 47 174 124 83 48 54 16 47 130 64 121 14 75 160 69 109 146 90 79 165 142 175 141 123 139 93 59 141 160 92 53 146 131 130 143 136 37 138 152 11 56 108 6 162 160 123 120 87 14 126 57 70 165 154 55 32 1 53 99 42 138 87 166 150 2 38 78 177 100 35 19 18 14 67 69 172 134 57 113 77 118 17 92 180 100 155 26 91 67 49 68 110 37 88 139 145 163 88 74 118 179 43 177 67 35 85 54 180 82 144 77 46 175 90 80 176 57 112 98 83 136 162 131 166 70 69 27 85 93 22 53 108 164 83 156 110 124 170 177 28 114 127 40 74 79 132 41 170 68 154 175 176 88 142 166 133 28 165 44 161 135 57 45 42 107 128 65 143 42 104 101 106 131 174 166 90 83 107 10 5 142 159 85 105 87 160 28 13 23 135 171 84 80 8 41 37 79 56 172 104 178 31 57 107 109 174 39 18 170 37 91 22 47 120 139 143 102 146 145 30 39 94 88 84 101 163 104 68 33 130 48 99 170 62 49 49 18 65 48 130 53 38 94 140 83 107 38 94 7 135 36 4 48 30 108 48 69 115 56 175 94 47 93 7 59 99 73 32 76 149 109 137 130 79 48 145 68 75 17 175 96 11 13 151 146 162 54 108 132 15 149 72 44 119 85 165 47 102 66 51 27 14 86 106 53 76 141 171 38 132 56 125 15 61 9 120 50 48 71 69 172 62 99 149 135 109 102 15 131 95 88 96 32 150 110 146 34 112 37 129 169 177 19 6 56 150 171 168 65 73 6 110 99 36 26 105 18 12 94 114 65 85 166 72 105 149 178 14 134 134 7 165 17 95 98 147 98 47 150 95 98 132 38 152 61 77 178 110 99 107 150 98 114 25 143 64 139 135 43 81 112 63 127 167 130 105 39 110 24 55 109 131 147 26 151 91 31 163 130 169 154 50 17 90 113 36 122 123 152 113 115 72 35 109 66 148 26 57 119 134 41 83 52 36 108 52 105 180 111 7 147 154 165 28 115 23 29 62 104 82 89 170 59 131 49 69 25 176 9 82 8 19 120 37 47 168 155 74 26 40 119 122 18 141 9 36 51 99 128 81 62 88 125 63 55 138 164 109 118 138 75 156 84 58 39 30 74 141 169 176 119 6 79 123 11 54 177 88 144 128 75 31 141 42 49 154 111 106 88 40 87 161 64 27 58 132 139 174 135 152 16 96 54 43 93 1 123 66 153 4 55 159 74 77 69 156 168 57 8 53 26 24 104 134 76 130 21 52 90 133 81 43 168 57 34 54 3 31 93 170 62 70 163 47 132 26 134 106 18 67 74 62 174 46 82 24 10 177 127 95 136 124 147 144 173 114 21 112 112 74 165 157 109 91 5 174 142 17 147 17 122 128 19 121 143 43 179 85 6 35 116 40 155 154 47 156 80 9 158 49 63 26 92 4 18 160 180 18 44 23 137 24 139 68 34 134 11 164 5 78 48 151 179 28 95 87 133 178 101 124 111 44 86 122 167 58 167 139 122 131 33 4 58 35 111 175 99 122 15 23 24 45 120 160 60 76 9 177 89 76 116 124 7 44 94 22 168 159 169 90 157 23 9 94 107 15 178 151 166 71 153 7 40 58 75 123 90 119 86 75 9 178 38 7 69 47 107 59 36 73 71 19 50 18 172 70 45 34 146 150 99 20 21 166 51 69 39 168 26 138 162 159 147 12 25 111 142 156 128 31 100 45 150 106 48 31 159 168 11 145 46 49 75 57 43 76 168 170 10 51 4 100 31 62 90 65 8 73 25 49 134 78 171 69 172 98 140 22 89 96 171 50 142 89 102 161 63 17 156 151 137 106 128 108 113 81 4 31 53 62 21 75 175 34 75 154 42 19 69 150 31 39 61 97 125 85 105 59 157 55 131 38 81 130 92 44 121 178 126 130 37 73 169 31 42 153 16 51 99 15 60 135 155 137 89 21 161 129 53 56 83 157 129
175 69 52 88 172 7 9 69 13 179 1 85 127 18 50 164 16 141 73 163 26 52 56 99 92 111 173 140 169 8 81 140 57 117 115 45 92 25 152 73 17 65 126 100 21 51 102 174 160 27 97 131 12 121 39 87 63 176 141 180 107 47 70 49 161 107 179 163 14 168 31 7 131 80 21 27 88 59 53 94 96 31 31 78 63 104 17 137 64 55 143 1 15 149 6 176 121 175 157 63 14 106 62 57 44 75 101 168 45 132 47 20 54 111 92 102 162 152 128 7 62 69 156 179 22 167 125 113 83 94 168 163 168 180 14 8 74 164 67 92 38 13 173 18 14 62 135 37 156 79 67 7 96 162 3 13 37 66 75 166 114 91 32 162 123 20 163 36 125 165 144 26 42 114 156 140 38 1 137 111 107 5 62 164 76 78 62 164 107 1 78 147 152 120 177 124 55 175 171 160 153 53 29 112 159 25 110 7 48 57 140 21 15 92 100 83 37 138 180 113 107 33 161 35 173 58 16 79 163 35 41 118 54 85 56 64 48 53 32 134 114 121 133 25 138 164 174 119 152 131 163 66 93 158 159 10 124 57 122 99 39 129 131 155 51 84 151 176 77 113 65 95 43 62 124 138 57 82 164 2 129 68 106 18 161 114 113 3 42 54 54 54 132 32 95 159 26 94 22 155 112 10 162 157 17 156 164 5 86 92 85 152 133 15 147 98 9 167 141 134 33 11 137 59 158 60 142 75 61 179 171 43 88 141 99 48 23 126 54 4 131 126 174 113 39 73 102 57 73 33 10 175 87 96 127 74 36 92 146 92 80 140 132 154 28 91 23 93 119 85 10 64 125 179 124 20 120 157 96 39 91 139 163 149 100 67 116 104 60 106 91 77 120 173 76 126 136 4 4 119 53 146 24 156 99 141 15 176 33 33 20 165 99 18 103 53 66 34 101 176 119 116 153 123 110 71 60 162 163 7 44 19 90 130 27 5 144 63 50 38 152 32 116 177 163 40 29 79 7 99 45 72 99 147 18 128 41 41 143 19 173 56 117 40 102 164 93 41 87 156 51 139 152 88 74 115 87 127 100 147 65 103 160 148 171 35 104 138 105 111 161 17 143 49 65 41 12 33 86 39 52 59 29 126 99 115 20 115 145 171 18 158 164 54 59 74 133 77 150 86 61 87 16 122 176 153 126 60 159 158 94 87 115 23 108 91 141 179 123 170 171 168 121 39 170 115 156 16 61 168 9 119 147 63 104 105 163 163 111 37 51 132 60 155 112 50 31 43 30 73 151 19 13 47 97 45 114 114 61 71 82 100 95 73 69 116 115 33 49 24 172 103 106 119 119 108 13 88 43 105 164 159 146 111 159 54 41 163 158 71 151 70 139 151 96 144 40 118 91 88 38 19 156 4 176 126 173 178 32 101 85 129 124 134 67 13 21 43 2 3 2 139 91 151 150 96 174 41 78 55 130 39 62 140 166 89 14 160 169 52 106 127 21 79 48 153 19 38 23 84 70 30 4 9 112 154 22 105 180 74 21 170 143 93 25 50 73 46 32 54 62 24 6 101 177 149 159 51 123 38 158 47 3 106 120 117 129 167 148 171 8 75 6 20 140 6 42 38 108 104 74 58 178 47 46 155 16 42 155 82 63 55 3 129 45 31 166 105 58 15 39 35 15 157 125 89 133 70 32 30 12 162 64 13 134 141 27 175 155 137 26 12 156 37 100 130 6 145 76 33 126 57 147 14 39 148 15 85 18 160 65 74 15 88 92 88 163 52 112 93 109 97 36 81 178 132 43 116 83 167 8 167 33 31 163 125 11 11 92 33 133 7 115 172 165 78 112 177 126 144 92 177 157 10 105 157 27 76 133 23 131 40 179 131 73 122 30 121 119 91 145 161 78 46 91 88 32 73 133 42 47 1 152 154 7 179 174 124 98 151 6 103 131 174 17 178 88 91 135 125 60 2 124 83 42 125 156 62 92 106 126 126 27 84 65 81 74 101 28 35 80 68 28 156 144 35 154 148 128 118 91 131 131 23 36 62 180 105 82 40 11 171 170 81 123 128 71 91 169 15 144 62 86 50 82 164 52 127 119 59 131 12 32 21 171 17 180 169 175 16 61 23 154 39 120 95 69 65 102 93 172 105 82 62 95 173 73 74 169 115 65 100 177 5 151 77 67 15 92 41 150 30 61 97 52 103 46 158 86 159 128 18 124 114 82 87 59 38 101 180 166 154 107 66 51 41 175 108 97 162 104 179 104 79 133 172 16 13 29 153 36 6 33 93 111 133 63 3 130 41 44 23 90 36 33 52 111 87 4 139 162 44 14 63 22 78 119 169 88 116 155 20 32 168 65 117 68 21 18 147 6 109 61 72 9 40 4 104 164 159 93 145 132 163 158 100 92 92 133 16 68 28 173 103 139 34 13 51 114 146 85 107 54 23 35 14 43 157 36 64 174 81 131 74 77 123 62 57 132 179 80 72 62 110 24 134 67 90 178 97 105 140 60 153 98 170 20 71 120 94 137 151 76 126 123 91 69 114 129 70 21 100 157 77 9 47 141 48 95 111 107 115 129 132 160 99 4 121 64 172 60 129 38 92 57 17 27 158 130 94 170 34 80 161 31 172 41 142 57 35 89 166 57 82 170 180 81 159 131 62 125 169 32 151 78 86 163 24 136 143 39 109 10 49 172 124 151 134 88 131 1 177 81 17 126 87 100 170 69 18 122 4 164 42 26 132 85 169 128 164 4 32 153 67 120 155 148 100 103 58 89 13 80 179 55 165 106 113 21 100 159 102 121 71 141 40 19 166 156 128 177 49 44 164 115 20 84 7 106 79 175 43 143 102 153 111 120 171 151 78 127 5 8 106 30 108 85 132 158 112 100 124 108 166 118 168 29 61 8 62 32 133 27 165 57 151 143 78 84 38 19 149 53 142 97 92 28 43 109 85 22 69 67 150 135 44 28 129 108 144 87 49 78 148 25 6 91 16 153 53 140 159 76 51 170 5 159 3 16 168 64 137 132 150 119 73 179 159 84 174
155 76 153 160 138 87 137 76 19 141 64 162 118 153 76 146 128 83 103 144 96 99 62 60 32 53 18 20 148 128 21 110 41 100 53 60 85 130 120 109 155 90 39 152 32 131 78 90 162 143 130 58 173 91 86 30 38 56 100 176 149 4 5 48 27 168 69 179 138 75 78 19 150 140 69 159 70 109 96 54 52 79 142 116 69 53 93 45 38 42 18 160 5 55 63 160 107 32 3 178 52 59 46 130 133 42 3 4 70 51 65 101 114 54 111 63 117 8 53 71 71 75 146 71 24 129 75 154 94 171 161 83 67 140 157 55 55 85 98 155 141 13 168 31 98 138 57 133 18 166 3 151 35 58 146 152 1 33 132 151 144 139 143 161 60 101 50 102 160 160 47 92 28 16 9 64 104 155 111 49 16 168 76 6 46 111 75 72 132 22 155 147 75 179 35 139 114 71 176 157 150 117 178 78 6 53 118 58 80 38 117 24 156 122 139 93 118 45 11 51 112 105 142 138 130 14 42 108 21 13 138 37 163 89 20 160 135 32 170 61 175 99 114 83 37 20 5 1 35 125 81 93 146 170 154 1 168 97 89 123 138 174 101 80 73 164 179 100 131 15 158 158 64 160 47 114 24 160 144 98 2 8 148 40 160 113 110 134 10 16 72 167 165 147 30 4 97 62 143 152 129 74 131 89 16 123 95 87 91 128 118 26 94 165 30 141 3 90 169 95 136 84 161 76 157 46 62 163 40 20 162 149 173 153 80 52 94 93 19 169 9 168 111 173 178 122 17 29 21 19 37 10 30 18 99 147 79 132 171 78 94 159 78 89 55 161 22 45 146 80 102 66 85 66 172 68 94 176 58 170 26 139 34 179 85 64 24 129 20 76 70 97 165 173 122 161 173 4 143 162 78 40 16 74 102 155 18 99 33 94 7 124 102 9 173 170 116 134 86 120 41 165 9 23 115 157 9 117 70 70 68 163 172 100 16 62 107 165 38 177 122 149 14 98 101 114 25 47 133 6 77 102 171 74 151 75 27 59 17 164 59 79 138 71 153 151 108 176 36 102 178 64 28 21 26 31 88 148 140 33 160 61 55 29 163 81 154 41 63 120 91 165 121 168 3 88 90 129 166 76 110 174 91 114 122 140 65 87 136 107 53 151 178 69 25 78 56 67 132 114 158 3 88 44 65 30 131 148 177 36 31 84 29 164 38 157 112 54 79 58 2 138 50 113 18 90 49 24 71 113 50 81 41 151 3 154 6 93 141 38 132 50 28 101 161 166 11 148 15 47 146 175 30 56 31 141 67 107 73 114 22 100 137 7 20 57 129 169 106 106 17 88 25 51 81 73 47 140 153 8 62 162 102 160 152 2 113 18 179 116 103 118 8 91 28 35 60 56 1 67 12 124 3 13 102 85 28 152 161 1 113 89 35 168 174 45 24 111 140 54 60 137 28 25 174 163 170 126 3 63 8 64 163 41 17 104 25 120 163 53 120 120 29 85 27 93 162 153 157 91 23 131 8 4 2 98 34 97 157 151 69 71 132 65 151 95 30 175 123 131 169 47 154 91 95 86 84 161 84 18 112 26 117 32 128 137 127 138 25 170 120 25 90 124 168 116 23 127 8 112 101 10 176 173 104 37 120 81 176 58 9 123 49 102 151 130 160 116 115 86 131 100 170 158 176 168 173 169 14 62 6 113 98 95 130 67 179 113 119 26 163 56 9 176 123 152 114 144 154 38 123 61 95 167 102 58 161 99 107 171 54 12 117 134 145 25 6 82 176 17 76 94 34 103 174 79 103 105 23 17 123 76 12 154 167 89 140 180 141 133 22 143 122 159 154 33 78 117 76 87 30 135 159 164 74 169 72 79 119 62 13 54 77 98 70 2 80 66 119 118 1 96 58 111 58 40 23 166 173 175 173 49 178 149 15 48 69 136 34 174 75 129 10 174 83 68 87 168 35 45 155 172 83 62 176 40 19 4 1 114 139 103 18 145 137 63 130 47 22 25 40 173 20 62 107 37 33 87 64 142 73 113 2 50 147 10 102 139 96 131 134 76 78 91 71 111 151 78 71 158 150 6 175 41 179 149 32 106 129 111 174 150 5 65 55 173 48 65 102 91 2 128 58 31 83 78 108 128 48 45 115 6 112 109 141 146 111 80 82 31 92 65 6 144 5 179 62 107 39 180 79 13 27 112 166 109 137 15 124 90 65 101 20 39 93 28 46 26 59 126 67 39 94 142 157 152 38 175 55 144 91 105 45 114 104 177 45 44 105 89 156 43 53 157 16 7 47 43 76 44 97 39 11 153 136 16 108 91 88 112 128 151 90 87 168 24 112 158 147 42 142 15 141 4 74 173 85 25 152 128 36 164 63 175 111 97 30 129 114 19 35 157 24 109 118 44 75 64 43 131 29 139 32 26 86 122 170 68 75 119 61 61 52 156 146 173 1 50 108 168 90 3 140 9 55 143 135 44 172 75 7 174 52 67 37 168 157 96 53 62 134 46 69 13 52 124 136 36 145 157 75 52 58 23 86 137 26 19 180 112 107 122 155 41 109 135 67 105 144 170 77 115 40 108 31 43 129 180 45 89 53 14 152 24 18 127 50 27 138 81 177 84 73 166 135 77 114 42 168 126 107 79 174 16 155 89 130 175 171 86 102 87 179 116 2 84 161 173 39 118 150 146 68 33 62 9 179 113 113 155 177 91 145 45 17 8 139 48 117 76 88 7 68 81 42 85 161 40 114 104 93 71 80 91 97 63 44 91 164 149 104 97 59 64 19 119 114 138 93 1 119 72 139 56 108 2 16 98 165 68 105 17 180 101 153 24 15 32 166 154 56 10 82 46 138 142 68 22 88 28 14 86 66 95 64 23 132 112 45 4 36 27 139 109 86 131 107 66 136 85 20 21 76 10 91 111 82 138 9 52 36 170 135 5 148 88 19 33 133 1 44 46 164 152 117 87 108 101 127 105 30 115 108 124 150 38 150 88 125 110 44 162 149 125 20 112 121 27 110 45 11 87 144 176 72 7 6 146 152 27
0.3
0.3
0.3
0.3
0.2
0.2
0.2
0.4
0.4
0.3
0.4
0.3
0.2
0.4
0.3
0.4
0.3
0.2
0.3
0.4
0.3
0.3
0.3
0.3
0.3
0.4
0.2
0.3
0.3
0.3
0.2
0.3
0.3
0.4
0.4
0.2
0.4
0.3
0.2
0.3
0.4
0.2
0.3
0.4
0.3
0.2
0.2
0.3
0.4
0.2
0.3
0.3
0.3
0.3
0.4
0.4
0.2
0.4
0.3
0.4
0.2
0.4
0.4
0.3
0.3
0.3
0.3
0.4
0.3
0.2
0.4
0.3
0.2
0.4
0.3
0.4
0.2
0.3
0.4
0.3
0.3
0.3
0.3
0.3
0.3
0.4
0.3
0.3
0.3
0.3
0.3
0.4
0.2
0.4
0.2
0.2
0.2
0.3
0.2
0.2
0.3
0.4
0.2
0.2
0.3
