70 12
20
20698
20575
23902
21980
21565
20656
20576
20825
21554
21472
20850
20520
22883
19954
19123
20983
20417
21284
19999
22662
1 17.6 722.5 2.4
4.8 23.4 75.1 1.8
1.5 12.1 797.1 1.8
4.9 20.6 608.7 1.7
3.2 21.9 873.4 2.3
2.4 37 615.2 1.8
1.7 17.6 87.1 1.6
4.9 34.6 146.3 2.2
3.8 26 411.9 2.3
1.4 35.6 701.5 1.9
3.3 28.1 215.8 2.3
3.3 49.5 261.7 2.4
2.9 30.3 473.9 1.7
4.5 48 754.9 2.4
3.5 38 855.9 2.1
3.1 15.5 578.4 1.9
1 41.5 801.5 1.7
2.1 39.7 549.7 1.7
2.6 31.7 570.6 2.3
3.6 15.4 252.5 1.8
4.7 18.2 920.8 1.5
4.3 36.9 366.4 1.9
1 30.7 797.2 1.5
1.9 30.8 701.5 2.3
1.4 36.1 811.4 2.1
4.6 36.6 252.1 1.7
2.8 29.9 479.8 1.8
1.1 47.3 853.1 2.2
2.6 42.3 865.4 2.3
2.2 28 608.2 1.5
2.9 16.5 199.6 2.2
2.9 34.1 616 2.3
3.9 40.2 346.3 2.3
2.5 45.1 82.9 2
2.7 21.9 122.2 2.4
4 11.3 792.5 2.3
3.9 48 209.2 2.3
3.7 25.6 176.9 1.9
1.8 26.5 454.4 2.4
4.2 43.8 904.1 2.5
4.6 43.6 657.8 1.8
2 15.6 904.6 1.9
1.9 22.3 458.3 2
3.1 43.5 431.7 2.3
1.4 41 101.9 1.7
4.2 47.5 240.2 2.3
4.8 37.8 929.7 1.9
3 13.3 239.8 2.3
1.6 39 665.2 2
3.8 24.4 277.7 2.4
2.6 16.3 477.8 2
1.4 17.2 93.1 1.7
4.6 26.9 307.9 1.8
4.2 48.1 157.2 2.4
2.1 24 872.8 1.8
2 26.4 273 1.8
2.4 28 167.3 2.2
4.7 44.8 734.5 1.6
2 35.7 399.6 2
3.2 35.9 376.1 2.2
1.5 10.7 922.1 1.5
2 22.4 793.7 1.7
1.6 37.9 676.6 2.4
1.1 22.1 55.1 2.3
1.4 29.8 342.7 2.1
2 43.3 871.7 2
3.9 40.1 173.6 2.4
4.7 38.6 740.1 2.5
3.3 26.9 625.4 1.6
3 39.2 107.7 2.1
4.3 25.1 674.8 1.8
1.9 19.8 749.9 2.3
3.9 46.3 483.3 1.9
3.4 45.6 635.5 2.3
2.9 25.5 618.5 1.7
2.8 27.5 781.1 2.3
4.6 27.1 268.4 2.5
2.1 40.7 348.6 2.3
1.7 22 323.2 2.1
4.7 22.4 675 1.7
2.2 25.3 834 1.6
3.6 25.9 450.4 2.1
2.2 33.2 304.9 2
3.3 14.6 752.1 1.6
4.7 48 563.1 2.4
2.2 29.6 521.6 1.6
1.4 39.1 412 2.1
1.3 10.8 430.5 1.9
3.3 27.2 676.5 1.7
2.3 34.9 767 1.5
3 33.1 361.4 2.1
1.9 37.4 238.6 2.4
2.3 43 476.6 2
2.2 33.5 730 1.7
1.3 11.1 108.8 1.9
1.9 25.3 284.7 1.9
3.2 24.4 880.7 1.8
4.7 37.5 376.4 1.6
2.5 18.5 885.3 1.7
1.4 19.2 98.7 1.6
4.4 31.1 847.6 1.9
4.7 26.8 575.3 1.9
3.1 43.7 341.7 1.7
1.8 49.8 510.1 1.8
2.7 28.3 947 1.7
1.4 34.2 600 2.4
1.9 36.8 141.2 1.9
2.4 15.6 805.9 1.7
1.2 45.5 570.6 2.3
3.2 26.4 173 2.3
1.6 11.2 152.8 1.9
1.3 29 110.7 2.4
1.3 41.4 565.5 2
2.6 22.8 316.1 2.2
4.8 45.9 747.2 2.3
3.1 49.3 818.8 2.2
2.8 33.5 605.2 1.8
2.4 17.9 420.5 1.8
2.4 32.8 744.8 2.5
3.5 11.4 131.8 2.1
4.6 28.4 550.1 2.2
2.7 48.6 708.1 2
4.3 12.8 87.1 2.4
2.7 41.7 104.6 1.9
2.9 40.7 915.1 2
1.4 27.5 870.9 2.1
4.9 12.7 603.4 2.4
1.2 32.2 698.8 2.4
3 11.2 164.4 1.7
1.6 17.1 540.3 1.9
2.6 36.9 514.6 1.7
4.3 42.5 56.7 2
4.2 20.4 293.5 1.7
4.1 27.4 644.7 1.9
4 42.5 788.8 1.8
3.5 40.7 716.7 2.1
2 31 155.9 2
1.3 48.9 486.4 1.8
2.8 23.7 121.6 2.1
3.1 22.4 456.9 2.3
3.4 36.8 674.1 2
4.1 28.5 510.3 2
1.2 22.3 595.8 2.2
1.3 10.9 848 1.9
2.7 10.7 828.1 2.1
2.3 42.2 504.9 2.4
4.7 28 623.3 2
2.6 20.4 257.5 1.8
2.2 45.4 115.7 2.3
3.1 30.2 133.8 2.5
3.8 22.1 66.8 1.8
3.4 49.7 612.4 2.3
3.2 23.1 460.9 1.6
4.7 36.3 569.9 2.5
4.1 46.8 181 2.2
3.6 29 516.4 1.8
2.7 11.1 208.1 1.6
4.9 23.5 266.9 1.9
4.9 48 54.3 1.9
2.7 45.7 142.8 2.3
3.2 23.2 267.4 2
3.3 49.7 336.2 2.1
2.2 22.3 829.5 1.7
3.4 48.3 685.1 1.5
4.8 39.7 695.5 1.6
4.3 30.9 200.7 1.9
4.2 43.3 293.4 1.8
2.9 44.3 503 1.9
3.8 12.2 869 1.8
4.3 26.3 413.4 2.2
4.7 30.1 747 1.6
4.9 43.7 406.7 2
2.9 47.7 671.4 2
2.8 24.2 370.7 2.4
2.7 37.2 542.4 1.9
4.8 21.1 630.7 2.3
2.6 26.9 945.5 1.6
3.2 43.1 870.2 2.5
4.3 12.9 188.2 2
2.2 40.3 62.8 2.3
3.5 37.6 540 1.6
3.9 34.5 83.6 2.2
2.7 27.4 526.1 1.7
1.2 13.3 387.2 2
3.1 39.8 941.6 2
1.4 19.6 142.4 2.3
1.8 48.1 148 2.2
4.7 21.7 249.3 1.7
3.4 39.4 211.9 2.3
3.2 34.9 407.4 1.7
3.4 48.3 380.9 2.1
1.7 36.7 728.8 2
3.6 10 489.4 1.6
1.4 19.9 384.7 2.4
4.7 32.5 931 2.2
3.2 37.7 784 2.4
1.6 24.7 714 2.4
4.1 33.5 482.4 2
5 47.2 843.2 1.6
4.5 31.9 814.7 1.8
4.6 21.2 233.3 2.5
4.2 37.7 677.1 2.1
4.6 21.4 127.3 1.9
1.5 39.6 598 1.6
3.2 28 489.3 1.9
3.1 19.6 543.1 1.5
1.1 26.9 171.7 2.3
1.3 25.5 141.5 1.8
3.6 30.4 189.4 2.4
3.1 48.3 561.4 2.5
4.2 23.6 102.2 2.5
1.4 42.7 438.2 2.2
1.4 47.3 610.8 1.9
3.8 23.3 216 1.7
3.5 37.3 863.3 1.6
3.6 43.6 413.9 2
4.5 36.2 265.7 2.1
2.8 12.1 157 2.5
3.7 24.3 883.9 2
1.1 29.3 763.9 2.4
3.1 10.3 455.2 1.6
3.1 11.4 782.4 1.9
1.2 18 659.4 1.8
4.9 44 707.9 2.2
4.2 29.3 611.9 1.9
3 48.9 680 1.8
2.3 30.4 869 2.2
1.7 42.5 576 2.1
2.1 27.4 536.7 2.2
4.6 23.4 608 2.2
3.6 33.8 784.8 2
4 19.6 57.2 1.8
3.2 31.1 557.9 2.1
2.4 33.7 515.5 1.8
4.9 23.4 300.5 2.1
2.8 17 605.3 2.1
3.5 16.4 552 2.1
2.1 49.2 176.6 1.5
2 19.7 939 2.3
3.3 11 229.8 2
4.8 47.3 464.5 2.3
2.5 39.1 536.8 2.1
5 44.9 732.2 2
3.7 27.8 250.4 2
2.7 43.2 326.4 1.5
1.1 25.6 112.1 2.3
3 33.8 883.5 2.4
3 29.7 420 1.9
4.3 34.1 880 1.9
4.6 26.3 51 1.8
3.7 20.2 865.8 1.9
2.3 30 594.9 2
4.7 18.6 737.8 2.3
3 16.4 83.2 1.5
1.5 32.5 643.6 2.4
3.7 24.7 812.6 2.3
2.7 27.7 478.4 2.4
1.9 33.2 618.2 1.6
3.7 13.5 510.2 2.5
3.1 37.1 226.7 1.8
2.2 42.6 735.3 1.7
3.1 39.9 286.1 1.6
4.9 46.2 371.8 2.3
3.4 32.1 866.9 1.5
4.7 22.4 247.2 1.9
3.8 26.3 407 1.9
3.6 38.1 840.7 1.6
2.1 21.9 153.7 1.6
2.4 16.8 850.2 2
2.7 39.8 241.8 1.6
1.4 29.6 766.5 1.9
2.8 24.3 74.6 1.8
2.5 31.8 51.5 2
2.4 38.2 517.9 1.7
3.1 10.5 547.4 2.2
2 28.9 440 2.1
3 41.8 274.5 1.7
3.9 38.2 644.9 2.5
1.5 25.3 85.3 2
2.1 17.8 478.6 2
4 32.6 862.8 2.1
4 24.9 778.8 1.5
4.1 11.1 676.2 1.9
4.5 24.9 759.7 1.8
3.2 26.5 536.6 2.3
1.3 40.9 703.3 1.7
4.6 49.7 270.8 2.4
2.6 43.5 924.7 1.5
4.6 31.4 931.3 2.2
2.5 26.8 701.9 2
4 24 89.3 1.8
1 24.3 63.7 1.6
3.2 37 849 2.2
3.6 33.6 354.8 1.6
1.2 27.6 502.5 2
4.8 16.1 272.5 2.3
2.1 21.7 71.2 2.1
3 16.4 369.6 2.1
3 44.8 575 1.6
2.9 36.3 369.5 2.2
3.9 18.1 213.4 1.8
1 46.9 171.8 2.4
3.8 44.2 401 1.7
4.2 26.3 213.5 2
3.7 37.6 669.5 1.8
2.7 31.6 437 2.2
2.6 49.5 474.3 2.3
2.7 12.2 329 1.9
1.2 10.5 411.5 2.1
1.2 34.9 212.6 2.3
3.4 18.9 739.4 1.9
4 11.5 770.3 2.1
2.4 40.1 890.1 2.1
2.7 37.9 716.9 1.8
4.4 34.5 389.6 1.9
2.8 42 392 1.8
2.8 39.4 307.5 2.1
2.4 19.9 251.4 2
3.8 24.9 862.5 1.7
4.2 43.3 704.3 2.5
3.6 22.1 883.8 1.6
4.7 24 207.9 2.1
2.5 47.9 60.7 2.1
1.1 49.1 520.9 2
3.6 37.5 404.5 1.7
3.5 49.9 875.2 1.5
1.3 33 532 1.7
1.3 43.9 741.4 2.2
4 37.2 264 1.9
1.9 17.4 562.3 2.3
4.9 37 659 2.1
1 13.5 366.3 1.8
2.8 18.9 631.6 2
1.2 30.2 437.1 2.1
1.4 20.3 719.8 2.1
4.9 23.6 127.9 2.1
4.4 46.6 640.1 1.5
3.2 27.8 140.8 1.9
1.5 21.5 490.1 2.4
1.4 47.9 74 2.3
2 22.3 520.8 1.7
1.5 49.9 948.2 1.9
4.6 34 423.8 2.2
5 34.6 945.5 1.6
3.9 35.3 443.3 2.1
5 38.5 462.5 1.7
4.5 38.6 213.7 2
1.8 48.8 915.4 1.9
1.3 31.9 354 1.6
2.3 34.4 182.6 1.6
3.4 37 67.2 2.1
2.1 46.5 166.7 1.9
3 14.8 458.6 1.7
4.9 16.7 608.2 1.8
1.1 29.4 630.9 2.3
4.5 47.9 668.4 2.2
3.3 29.9 803.5 2
4.5 34.8 763.6 1.9
4.9 26.6 597.8 2
4.5 28.1 278.6 1.6
3.4 16.1 314.8 1.8
1 33.5 128.2 2.2
2.5 10.7 695.5 2.4
1.8 26 735.3 2
3.5 16.2 936.5 1.6
4.9 15.6 930.6 1.8
3.9 20.5 296.9 2.5
2 25.4 587.8 1.6
2.3 42.7 859.4 2
3.8 49.4 161.4 1.9
3.4 12.5 733.2 1.5
3 20.2 742.2 1.6
2.2 45.4 293.4 2.4
2.7 40.4 143.5 2.2
3.6 42.2 647.8 2.2
3.8 35.7 334.1 2
3 46.4 413.7 1.8
1.9 25.5 608.2 2.1
5 15.4 202.4 2.5
3.2 37 310.1 1.8
1.3 45.4 887.8 1.8
1.6 11.6 843.5 1.6
2.3 33.5 615.6 2.2
2.8 28.2 838.9 1.7
4.2 34.8 112.1 1.6
3.5 24.7 634.1 1.6
3.1 27.1 343.4 1.7
1.3 25.7 674.2 2
1.1 28.9 881.3 2.5
3.6 13.5 668 1.9
4.9 41.1 414.6 1.9
3.3 11.4 223.6 2
3.4 21.9 147.5 1.5
3 46.9 655.7 2.4
4.6 36.4 768.3 1.5
1.1 40.5 855.6 1.7
3.6 35.5 465.4 2
3 24.7 710.4 1.5
3.6 43.4 846 2
2.7 32.5 686.7 2.4
4.4 28.7 215 2.3
2.1 12.8 611.3 2.3
4.3 35.1 788.7 2.3
3.9 11.1 106 2
1.7 44.4 346.8 2.2
4.7 31.4 534.6 1.7
1.5 13.1 563.3 2.5
4 42.1 203.7 2.1
1.8 18.1 879.2 1.7
2.2 22.5 570.5 2.1
4 38 876.4 2.1
1 18.2 894.7 2.2
1.8 47.9 601 2.4
1.7 30.2 604.7 2.4
2.5 37.6 173.2 2.4
3.9 10.4 681.6 1.7
3.8 39.1 711.8 1.8
2.5 25.3 614.8 2
1.7 47.8 711.5 2
1.6 28.3 524.8 1.9
1.9 26.6 272.5 2.4
3.9 36.6 332.1 2.1
2.6 24.9 729.4 1.8
2 27.4 658.9 2
3.1 38.7 331.6 2.1
1.9 47.8 714.5 1.6
3.5 26.4 878.9 2.3
4.1 45 761.5 1.9
4.3 11.8 452.8 2.4
3.4 38.9 583.6 1.8
3.5 36.1 857.2 2.1
1.2 16 690.6 1.5
2.5 27 518.2 1.8
1.2 30.2 274.4 2.1
2.7 12.1 876.6 2.4
4.3 35.5 770.6 1.9
2.4 38.6 161.5 1.5
2.5 42.4 755.1 2.1
2 13.5 536.6 2.2
3.4 28.5 544.1 2.4
1.2 18.2 835.1 1.5
4.4 41 780.7 1.8
4.5 32.8 675 2.1
3.5 12.9 478.4 1.9
3.4 15 564.9 1.7
4.5 36.6 448.4 2.2
2.7 40.4 146.4 1.6
1.2 34.7 489.5 2.4
4.9 48.9 581.9 1.9
3.4 39 621.6 1.7
3.7 37.6 95.7 2.4
2.7 46.9 411.5 2.4
1.5 21.2 935 1.8
4.3 28.7 291.6 2
1.1 40.5 915.7 2
3 33.5 574.5 2.2
2.4 44.1 647.4 1.6
1.6 10.6 651.8 2.1
2.3 10.6 454.7 1.8
1.4 14.8 295.9 1.5
4.4 28.7 290.1 1.9
2.7 20.8 396.5 2.4
2.5 38.2 821.9 1.7
4.7 36.8 418.7 1.9
3.4 22.4 293.9 2
3.1 33.6 757.6 2
3.6 21.1 215.6 1.8
3.7 15.8 295.4 1.9
3.3 16.4 600.1 1.8
3.2 17.2 597.2 1.6
4 18.3 198.2 1.8
1.2 12.9 877.3 2.4
3.7 11.2 707.5 1.8
2.7 25.7 342.2 2
2.5 33.3 296.7 1.8
3.1 24.6 945.4 2
1.3 15 764 1.7
1.4 22.8 572 1.7
2.5 12.7 576.9 1.6
3.6 45.7 699.4 2.2
2.1 12.2 697.4 2.1
2.6 43.6 366.6 1.9
3.2 38.5 326.3 1.8
4 49.5 645.8 2.3
1.2 28.8 251 2.4
4.9 26.5 676.4 1.8
4.6 10.2 324 1.5
1.2 46.1 918.4 2.5
4.4 18 702 2.2
2.9 18.7 543.2 1.6
1.4 16 742.5 1.7
2.3 17.9 211.5 1.9
4.6 10.3 402.7 2.3
1.5 25 571 1.9
4.9 14.9 605 1.5
3.4 26.8 934 2
1.3 21.8 348.1 2.5
3.9 37 283.4 2.1
3.5 38.3 338.5 1.9
4.7 33.6 676.2 1.9
4.6 48.3 426.4 2.4
4 46.2 789 2.1
4.4 48.2 851.1 1.8
1.9 49.5 813.5 1.7
4.8 30.4 522.4 2.2
2.9 14.2 292.7 2.3
1.7 16.3 737.4 1.8
3.3 46.3 151.5 2.3
2.3 25.3 733.2 2.3
3.4 10.2 925.2 2.3
1.2 28.6 534.4 2.4
3.5 26.4 197.8 1.6
2.5 35.8 918.3 2.4
4.7 39.3 362.5 1.9
4.6 27.8 521.4 1.8
1.8 49.6 307.4 1.7
4.5 10.2 467.7 1.8
3.9 13.4 842.8 1.9
1.6 10.4 772.3 1.7
3.8 10.6 764.6 2.3
2.5 19.6 232.3 1.6
3 23 509.9 1.8
3.6 24.6 490.5 2.3
1 22.8 544.5 1.6
1.9 43.8 472.2 1.9
3.4 36 158.5 2.4
2.8 13.7 360.4 1.9
3.2 33.2 63.5 2.4
4.6 46.1 599.8 1.9
3.5 13.1 489.5 1.9
2.5 31.1 356.2 1.6
3.7 47.4 444 1.7
3.3 45.5 222.8 1.8
1.9 29.6 743.5 2
4.2 18.5 88.1 1.7
3.2 28.4 468.7 2.4
3.9 49.2 322.1 1.7
3.3 29.8 597.2 2.4
2.1 21.3 788 1.6
4.7 36.6 874 1.6
1.4 48 706 2.2
1.2 29.9 615.1 2.4
3 18.6 651.4 2
3 25.2 618.1 2.2
1.1 49.5 569.7 2.5
3 18.1 929.7 1.6
4.5 24.6 644.8 2
1.9 32 543.3 2.5
1.6 15.9 549 2.3
1.3 16.6 260.8 2.3
4.2 35 673.3 2
1.9 35.8 555.3 1.7
1.5 40.5 306.6 1.6
3.1 44.7 599.6 1.8
1.5 44.6 107.4 2.3
1.2 47.1 949.4 1.8
3.5 20.5 92.7 2.3
2.8 33 727.7 1.5
3.9 24 848.2 1.5
3.1 43.8 845.3 2.2
1 47.3 794.9 2.4
4.1 25.9 470.2 1.8
1.4 14.8 152.5 1.8
2.6 42.3 922.1 2.4
2.6 42.6 518.8 1.8
4 35 741.2 1.5
1.6 47.4 357.8 1.9
2.5 46.4 132 1.7
1.6 28.4 605.8 1.7
4.8 34.1 147.6 2.4
4.7 27.9 839.7 1.8
2.6 48.8 564 2
4.6 49.6 498.7 1.6
3.6 20.7 797.9 2
2.2 25.3 56.3 2.1
4.9 49.6 824.6 1.7
3.8 15.5 896.1 2.2
4.2 39.5 458.3 2.4
4 48.5 889.8 2.1
2 12.4 922.6 2
4.5 33.6 559 1.6
1.3 19.4 142.6 2.5
1.7 22.4 705.8 1.6
3.1 45.6 492.1 1.9
4.6 19.2 556.8 2.2
2.2 42.6 124.5 1.8
3.2 22.1 560 2.4
3 49.1 297.1 2.4
2.1 29.7 160.3 2.2
2.6 15.9 843.3 1.9
4.3 39 169 2.2
2.4 45.3 732.7 2.4
3.3 15.8 588.6 2.1
1.5 21.4 779.9 2.3
3.4 28.2 107.8 2.3
1.7 40.5 403.6 2
4.5 29.3 753.7 2
2.7 18.1 548.3 2.3
4 32.2 681.9 1.8
1.9 15.4 743.6 2.5
4.4 11.4 272.3 2
2.9 34.5 257.2 2
2.8 43.4 797.3 1.9
1.2 38.9 668.9 1.5
2.2 45.2 479.6 2.2
1.6 29.3 51 2.2
2 38.2 582.4 2.1
5 18.5 724.8 2.4
4.4 21.5 573.3 1.9
2.2 32.5 104.2 1.8
4.7 28.1 711.5 1.9
1.2 46.1 152.5 2.3
3.4 44.8 93.1 2.5
4.6 14.6 706.6 2.3
4.7 42.4 141.5 1.9
1.3 31.1 158.3 1.8
4.1 16.6 379.4 2.1
3.3 34.7 262.4 2.2
3.7 34.6 487.9 1.7
1.9 17.7 354.4 2
3.3 33.2 671.8 1.9
4 26.5 855.8 2.4
3.2 23.2 288.5 1.7
4.5 24.6 604.6 2.1
3.3 41.8 576.9 2.3
3.2 19.3 935.3 2.4
1.7 38.7 302.1 1.8
1.5 23.2 297.7 2
4.3 37.3 816 1.7
4.5 42.2 571.6 2.2
3.4 40.1 579.4 2
1.7 21.7 331.1 1.9
2.3 28 706.2 2
3.1 28.3 205 2
3.1 46.3 314.1 2.4
4.4 26.3 742.5 2.1
2.6 29.1 310.9 1.5
4.5 24.2 946.8 1.5
3.5 43.4 216.7 1.6
4 40.7 159.7 2
2.3 44.1 191.7 1.9
3.2 16.6 904.8 2.4
4.1 17.5 342.4 1.8
3.8 21.4 683.4 2.3
2.1 32.1 239.9 1.6
1.9 15.9 332.6 1.6
2.2 10.8 811.6 2.2
2.9 30.9 204.6 2.5
3 41 505.8 1.6
3.6 43.3 260.2 2.5
2.7 27 183.8 2.1
4.5 31.2 389.1 1.5
1.8 19.8 266 1.9
3.3 16.6 802.1 2.3
2.4 30.5 720 2.3
2.8 45 814.9 2.4
4.1 35.7 574.2 2.4
1.3 47.7 142.4 2.2
4.3 49.8 170.6 2.1
4 37.7 176.3 1.7
1.2 33.4 99.6 2
3.9 10.1 634.4 2.5
4.2 36.8 423.3 1.8
1.9 18.2 393.7 2.3
4.2 26.8 52.2 1.8
2.8 20.6 326.8 1.7
1.1 41.1 270.8 2.2
1.7 28.4 747.4 1.5
2.5 32.5 162 1.5
3.9 27.5 467.7 1.8
4.5 18.1 737.5 2.5
4.6 39.8 338.8 1.9
1.4 38.5 763.4 1.6
2.9 27.9 717.4 1.5
3.2 32.8 853.5 2.4
2.6 17.9 336.1 1.7
2.3 17.6 847.3 2.5
1.5 19.9 700.6 1.6
3.4 12.4 726.5 2
2.5 37.8 448.4 2.4
2.6 25 407.5 2
1.4 44.2 456.7 2.3
2.6 46.4 409.5 2.1
4 29.7 557.5 2.4
4.6 34 647.4 1.5
2.3 25.2 125.8 2.3
1.8 29.9 824.2 1.7
3.8 24.6 733.4 2.1
2.2 28.8 93.3 2.3
1.4 17.1 633.1 1.9
2.9 49.7 500.8 1.7
1.7 29.4 151.5 1.6
4 42.4 336.6 2.1
4.9 11.5 255.8 2.2
4.4 28.1 200.1 2.3
1.4 35 432.2 2.5
5 18.9 99.3 2.5
1.7 32.7 529.1 2.1
1.9 36.2 551.4 2.4
3.6 38.2 357.1 1.9
2.2 19.8 271.7 1.5
2.2 16.8 543 2.2
1.5 44.5 242.8 2
5 39.7 137.7 2.3
3.6 14.6 692.9 2.5
3.4 22 773.2 2
4 21 786.6 2.1
4.2 18.4 650.8 2
3.8 31.1 763.5 2
4.6 24.9 266.2 2.4
3.9 25.1 690.8 2.3
5 35.2 661.6 2
1.3 19.4 601.7 1.8
1.2 25.5 447.5 2.3
4.1 11.5 98.6 2.5
2.2 44.7 411.9 2.2
1.7 13.6 421.7 2.2
1 40.2 132.1 2.1
1.5 44 819.5 2.3
1.1 31.6 603.2 2.4
4.8 11 339.9 2
3.5 22.3 115.5 1.7
2.3 14.3 672.8 2.5
3.3 29.3 488.2 2.1
2.9 43 816.5 2.3
4.2 22.6 905.6 1.6
3 43.8 181.8 2.2
3.3 13.9 536.5 1.7
4.4 39.6 598.9 1.8
3.8 13.2 308.1 1.9
3.3 26.6 619.5 2.1
1.7 17.2 82.1 1.8
1.4 12 132.1 2.4
2.1 37.5 698.6 2.3
1.5 35 411.1 2.3
1.9 15.4 906.5 2.2
3.2 34.3 713.5 2.2
1.7 48.6 185 1.7
3 21.1 279.6 1.8
4.1 37.5 654.1 1.9
4.4 42.1 268 2.1
2.2 10.7 296.3 2.4
3 46.1 319.1 1.6
1.7 25.8 640.6 1.9
3.8 31.7 389.7 1.8
4.4 33.7 101.8 1.7
4.6 48.2 122.2 1.7
4.4 39 249.6 1.5
1.8 34.6 587.6 1.8
2.4 36.4 139.7 1.8
1.2 17.9 722.6 1.5
4.3 24.3 748.1 1.6
3.4 25.2 635.5 1.9
1.1 34.2 446.5 1.6
4.5 45.5 117.8 2.5
4.2 13.3 517.2 1.9
1.6 20 491.9 2.1
1.9 37.6 672.1 2.3
3.5 22.4 216.1 1.7
4.2 21 572.1 2
1.7 23.4 908.3 2.3
4.6 36.1 707.3 1.9
2 26.3 644.9 1.7
1.6 14.4 652.7 2
2.7 30.9 107.8 2
1.5 39.3 911.9 2.1
3.7 49.6 840.1 2.2
4.2 27.7 899 1.5
1.9 25.8 127.4 2.2
4.3 12.2 878 2.4
1.4 34.8 481.1 1.8
3.6 33.9 574.8 2.1
3.1 24.5 629.4 1.5
3.7 19.2 416.3 2
1.2 27.1 810.5 2.1
2.6 13.6 313.4 2.1
4.4 49.1 752.6 2.1
3.3 37.6 878.7 2.4
4.1 42.1 878.1 1.8
3.6 46.4 913.8 1.9
2.1 30.9 569.4 1.8
1.1 35.9 685.5 1.6
4.7 35.3 273.1 1.8
3.9 23 434.4 2.5
3 45.9 427.2 1.6
2.8 42.1 528.9 1.8
2.2 36 404.4 2.1
3.7 26.2 721.2 2.2
2.3 12.6 54.1 2.2
2.5 12.7 446.4 2.5
2.3 22.8 334.5 1.6
4.4 32.3 358.4 2.1
3.1 40.1 455.4 2.4
2.9 36.9 483.3 2.1
4.7 22 433.1 2.2
2.6 27.8 925.2 1.5
3.6 20.3 752.3 2.3
2 18.6 89.1 2.1
1.6 34.1 483.9 2.4
2.6 43.5 571.9 2.4
4.3 45.8 617.5 1.5
3.7 27.4 371.3 1.8
1.6 47.5 518.5 2
2.1 17.6 590.8 2
4.6 17 299.8 2.2
2.6 15.4 528 2
1.6 40.5 150.2 2.5
3.1 18 495.2 2.1
2 46.7 811.9 2.4
3.6 29.5 829.3 1.7
1.6 44.2 237.5 2.4
2.8 32.1 456 2.3
3.3 31.2 635.7 2.3
3.5 29.1 428.1 2.2
2.1 20.8 635.1 1.7
2 29.9 204.4 2.4
2.8 45.7 372.1 1.5
2.6 42.7 186.8 2.4
3.4 39.7 435.8 1.8
4 44.6 528.8 2
2.6 32.7 344.7 2.5
4.3 44.3 500.7 1.9
3.4 31 636.3 2.3
1.9 49 582.8 2.4
1.4 36.8 422 2.1
1.7 47.4 335.6 1.6
4.8 33.9 884.6 2
4 24.8 809.7 1.9
1.5 17.1 393.2 1.6
4.4 12.3 642.5 2.4
1.1 31 405 1.6
1 42.5 65.9 1.8
4.8 29.5 304.5 1.7
3.4 48.1 442.6 1.6
4.2 31.4 387.3 1.6
3.2 49.3 425.9 2
2.5 39.3 566.9 2
2.8 17.2 773.3 2.2
3 32.9 666.1 1.9
2.3 37.9 598.2 2.4
3 25.9 488.7 2.1
1.4 43.5 550.6 2.1
1.3 25.6 870.7 2.2
3.5 34.1 847.1 2.3
4.9 45.2 799.4 2.5
2.7 13.4 233.9 2.3
4 16.1 342.5 2.2
5 27.5 656.4 2.1
3.8 27.1 341.4 1.9
4.6 49.5 104.5 1.9
2.8 17.7 581.7 2
1.9 21.4 359 2.3
4 30.4 706.5 1.9
1.9 37.4 865.1 1.8
3.7 37.1 333.4 1.5
4.6 48.3 505.9 1.7
3.7 44.2 203.9 2.3
3.1 20.3 613.3 1.7
3.9 36.4 875.1 1.6
2.8 42.3 813.5 2.5
2.9 37 69.5 1.9
2.2 18.3 253.3 1.9
1.9 10.5 635.1 1.7
2.6 21 892.9 1.9
2 47.2 238.3 2.2
3.9 39.2 345.4 2.3
4.4 24.3 88.5 1.8
1.2 24.2 293 2.5
3.7 11.9 580.1 2.2
1.2 43.9 666.1 1.6
3.2 16.7 706.2 2.1
3.8 47.9 396.4 2
3.8 12.2 820 2.1
3.6 20.4 664 1.9
2.9 41 549.9 2.1
2.2 14.9 161.8 2.2
4.3 27.5 803.2 1.6
4.4 32.2 624.2 2
4.6 45.6 856.7 2.2
1.5 38.3 452.9 2.4
4.7 18.2 604.3 2.3
4.4 23 930.9 1.8
4.4 30 768.5 2.2
4.6 45.2 813.5 1.6
1.6 18.9 483.1 2.3
1.1 16.8 149.6 1.7
3 21.8 672.4 2.2
2.8 48.3 285.1 2.2
1.7 39.9 658.1 1.5
4 10.9 576.8 1.8
4.7 45.1 390.9 2.3
2.6 41.8 356.1 1.7
4.1 34.2 869.5 2.1
4.3 46.2 937.1 1.9
3.3 39.6 221.2 1.8
4.2 11.5 908.8 1.6
1.2 15.4 894.4 2.3
1.1 38 856.8 2.1
4.4 28.7 522.7 1.8
3.2 12 478.5 1.6
1.6 38.9 85.4 1.9
4.9 49.4 305.2 2.4
4.4 48.2 816.4 2.4
2.8 12.5 208.5 1.7
3.9 19.4 705.9 2.1
3.1 34.8 381.6 2.3
3.5 38.7 783.5 2.4
2 15.8 200.3 1.5
5 10.6 310 2.3
4.9 24.1 202.4 2.2
1.3 11.5 858.9 2.4
1.6 42.7 151.3 2.3
2 33.8 679 1.7
2.6 49.1 948.6 1.8
1.6 44.7 155.8 2.1
3.5 46.3 64.3 2.3
3.1 38 612.9 2.4
1.6 30.7 262.5 1.7
2.4 14 405.5 1.6
2.5 24.5 891 2.2
2.6 35.7 795.9 2.2
3.3 48.9 713.6 2.5
3.9 12.7 289.2 2.2
1.4 16.5 375.4 2.5
2.9 16.4 685.9 2
4.9 43.6 223.8 1.9
3.9 45.2 883.8 1.6
4.2 46.7 912.8 2.5
1.5 13.9 260 1.7
2.5 35.5 936.3 1.8
3.1 34.9 712 1.9
3.1 24.6 359.2 2.5
3.4 10.3 549.8 2.5
1.1 17.8 255.5 2
1.6 40.6 547.1 1.7
3.5 41 625 2.4
2.5 42.9 418.7 2.2
1.6 44 769.3 2.4
1.3 45.8 782.7 1.6
1.1 14.3 440.4 1.9
1 13.8 936.6 2.4
4.5 41.2 231 2
3.8 20.8 295.6 2.4
2.9 23.4 861.8 1.9
4.9 41.1 675.3 2.1
3.6 11.7 373.9 2.5
2.6 35.4 662.1 1.8
3.6 32 191.6 2.2
4.7 11.1 140.2 1.5
4.9 41.1 578.7 2.1
2 47.6 242.7 2.4
3.7 11.3 628.2 2
1.8 47.9 89.2 1.8
1.6 26.4 161.8 1.8
4.1 26.6 731 2
2.8 31.1 753.3 1.6
1.5 46.7 130.2 1.6
3.1 39.4 291.8 1.9
2 24.4 396.4 2.5
2.7 41.8 431.8 2.1
4.2 21.5 431.9 1.6
3.3 13.7 771.6 1.8
4 26.5 716.9 2
2.3 35.5 368.7 1.8
3.9 26.3 213.6 2.2
3.1 48.7 837.9 2.2
1 43.8 192.7 2.4
4.9 16.7 883.3 1.7
4.5 49.5 50.6 1.8
3.8 45.2 55.6 1.6
2 49.4 294.6 2.3
4.9 41 116.4 2.1
1.8 13.2 226.5 2.4
4.1 35.9 260.8 2.5
1.1 45.3 559.6 2.2
2.9 30.8 726.8 2.2
1.6 13.5 388.5 1.9
3.2 16 542.1 2.4
3.4 25.8 828.3 1.9
4.3 41.3 169 1.6
4.3 45.9 717.3 2
2.7 17.9 514.6 1.6
2.2 32.5 131.7 2.4
4.3 12.8 79 2.3
2 47.6 447.5 2.3
2.6 19.6 107.2 2.5
3.7 35.7 680.3 1.7
4.3 45.2 871.7 2.2
3.4 28.4 568.7 1.8
2.5 26.5 86.3 2.1
4 33.6 831.8 1.7
2.5 30.3 708.1 2.1
2 46.6 627 2
2.1 36.1 341.2 2.4
1.7 48.4 89.7 2
4.2 30.7 576.6 1.7
4.4 21.9 226.5 1.5
2.3 33.5 879.1 2.2
3.4 38.5 699.1 1.5
2.3 29.5 629.3 2.2
1.3 48 253.3 1.7
3.5 19.2 886.2 2.1
1.2 28.6 622 1.6
1.3 13.5 290.8 1.7
3 23.1 59.7 1.7
3 23 771.8 2.4
1.3 15.9 665.3 2.2
3.8 43 890.9 1.5
3 22.8 725.6 2.3
3.7 23.5 287.3 2.2
4.7 40.9 894 2.1
1.9 31.1 574.2 2.2
1.1 26.2 458.3 1.7
2.9 14.2 902.3 2.1
1.4 15.4 492.6 2.4
3.6 46.7 759.2 2.2
1.5 48.6 60.8 2.2
2.2 18.6 668.2 2.4
1.6 12.1 894 1.7
2.7 39.3 592.4 1.7
3.7 20.7 650.7 2.3
3.5 28.2 607.8 2.2
3.7 15.2 159 2.1
2.6 21.9 179.9 2.4
3.4 26 507.4 1.5
1.9 34.4 269.7 1.8
4.3 19.8 942.9 1.7
4 25.9 576.4 2.4
2.2 36.4 443.6 2.4
4.9 26.1 632 1.9
4.7 22.3 177.6 1.9
1.3 36.1 226.6 1.9
3.8 11.7 693.8 2.2
1.2 25.5 706.7 1.7
1.2 10.5 825.7 2.5
1.2 40.7 844.1 2
1.7 26.8 922.4 1.8
4 43.5 695.4 2
3.2 22.8 856.9 1.5
2.9 31.7 933 1.9
4.2 12.3 698.2 1.9
2.6 10.3 318.1 2.4
2.8 13.7 345.2 1.9
4 37 124.2 1.9
1.3 36.8 318.9 2.2
3.3 17.7 612.8 2.5
1 18.5 850 2
1.4 27.1 514.9 1.6
2 17.4 331.8 1.7
1.3 42.9 772.9 1.9
3.4 30.9 321.3 1.7
1.2 12.7 841.3 2
3.4 40.1 204.4 2
3.9 40.6 748.3 1.7
1.4 30 923.8 2.3
3.9 26.4 646.6 2.3
1.9 30.8 299.5 1.9
3.9 30.6 943 2.1
4.7 23 530.3 1.5
3.3 32 99.1 1.6
1.9 19.8 716 2.2
1.7 14.1 428.4 1.6
2.7 12.7 434.8 1.8
2.4 16.2 498.3 2.1
3.2 33.5 303.4 1.6
1.8 18.7 743 2.5
1.1 32.1 563 2.2
2.4 11.8 610.2 1.6
1.8 20.3 796.6 1.5
2.2 18.9 196.9 1.8
3.6 21.7 647.3 2.3
4.5 47.3 875.7 2.4
3.6 18.3 112 2.1
3.5 49.4 131.7 1.6
4.3 30.5 396.8 2.4
4.6 19.2 818.1 2.1
3.8 39.1 545.9 1.6
2.5 24.7 834.6 2.3
1.4 35.9 628.4 1.5
4.4 34.8 384.6 2.3
1.7 20.5 471.9 1.8
2.7 23.5 91.9 1.6
2 10.2 73.6 2.3
1.7 33 528.9 1.9
4 25.2 600.3 1.8
4.2 15.4 309.2 2
3.7 27.7 229.6 2
2.1 31.5 228.8 2.1
1.9 17.8 934.3 2.1
4.7 47.9 330.7 2.4
1.2 37.1 902.3 1.9
4.3 29.1 907.3 1.7
1.5 30.6 529.7 1.6
3.1 32.2 785.5 1.7
1.3 42.1 381 2
4.7 20.8 176.3 2.1
1.6 15.2 184.1 2.1
2.5 46.5 380.5 1.7
3.1 18.8 230.2 1.8
3.1 34.6 930.9 2.4
4.6 49.3 196.3 2.3
4.2 16.9 716.7 2.2
4.1 32.8 825 2
4.4 45.7 813.1 1.9
3.6 40.1 632.1 1.5
4.4 14.9 936.9 1.9
3.3 27.3 477.2 2.4
1.1 24.7 786.9 2.4
2.5 14.7 332.2 2
3.8 30.9 541.2 2.1
3.1 41.8 345.4 2
3 32.4 373.8 1.6
2.6 42.1 646.5 1.8
3.7 19.9 531.8 1.9
3 13.2 264.4 2
3.7 14.1 115.4 2.4
2.5 19.3 406.1 1.5
2.7 46.9 577.9 1.9
3.1 43.1 768.5 2.3
2.5 20.1 703.4 1.7
3.5 27.5 911.5 1.7
2.4 36.8 616.5 1.7
4.8 14.5 260.7 1.5
3.1 45 648 1.9
3.5 21.2 699.2 2.3
2.4 13.5 450.8 1.7
2.3 25.4 810.7 2
3.3 12.1 429.6 1.7
4.4 39.8 858.9 2.4
2.2 27.3 467.8 2.5
4.1 37.5 677.6 1.5
3.9 47.4 701 2.1
1.7 17.8 514.7 1.5
1.2 15.6 604.1 2.4
1.4 43.9 55.5 1.8
2.1 35.5 86.6 2.4
3.3 29.2 835.1 2
1.3 26.2 365.5 2.3
3.9 47.5 682.2 1.8
2 49.6 316.4 2.1
4.3 30.2 108.8 2.4
2 32.5 553.7 1.5
1.8 17.3 351.5 2.1
1.5 29.3 267.4 2.3
4.1 34.4 286 2.4
2.4 38.5 168.3 2.5
1.2 12 451.4 1.8
4.5 18 487.8 2
3.5 10.5 285.5 2.5
2.6 28.9 837.6 2.2
2.9 26.5 212.9 2
2.1 48.5 448.8 2
3.9 12.6 592 2.3
3.4 13.3 565.8 1.6
3.8 23.2 729.1 2.3
1.6 25.2 382.6 2.1
4.3 46.4 117.6 1.8
1.5 26.1 724.2 1.9
4.3 39.6 598.9 1.9
5 27.2 520.9 2.1
2.3 18 890.9 2.4
1.4 12.2 638.7 1.9
4.7 19.9 166.6 2.2
2.4 34.9 511.8 2.2
1.2 39.4 248.9 1.8
3.3 25.5 940.6 2
2.6 34.1 782.7 2.2
2.6 15.8 893 2.5
4 40.6 885.7 2.4
4.1 43.6 379.4 1.6
2.1 47.1 337.3 2.1
2.4 41.6 221.1 1.8
3.3 15.2 69.5 2.5
4.4 12.7 576.7 2.4
1.9 34.1 849.9 1.9
2.9 17.9 427.2 2.2
2.4 47.4 591 2.4
3.9 15.2 593.1 2
1.8 27.2 96 2.4
3.5 44.8 306.1 2.3
3.8 24.3 338.2 1.9
1.4 29 634.5 2.1
2.5 26.7 222.9 1.8
1.6 25.3 718 2.2
4.2 16.3 890.8 1.7
1.3 31.9 180.1 2
4.8 30.2 54.7 2.5
4.9 32.3 482.2 1.8
4.4 29.9 232.2 1.6
5 15.6 314.3 1.6
2.4 31.9 100.4 2.3
4.1 13.6 112.3 1.7
2.9 37.8 432.3 2
4.1 41.5 858.4 2.2
4.2 15.5 265 2.3
3.8 47.2 511.1 2.3
3.9 38.5 305.8 1.9
3.3 43.8 649.1 2
3.3 22.9 275.9 2
3.1 25 595.7 2.5
3.6 30.1 794.7 1.7
3.8 18.1 451 1.5
3.5 38.6 641.4 2.2
2 23.1 251.8 2.2
2.2 40.3 394.1 2.2
3.2 13.3 542 2.4
4.5 42 283.4 1.9
1.4 19.9 572.8 1.7
4 22.3 689.7 2
3.3 28.8 323.3 1.6
1.9 13.3 247.4 2.5
4 39.7 134.3 2.5
1.5 25.7 668.2 2.1
4.8 43.1 404.7 1.9
1.2 28.9 728.7 1.8
1.4 44.5 571 1.9
2.3 43.5 260.4 1.9
4.1 19.3 747.1 1.9
2.4 10.1 209.6 1.6
5 20.7 581.1 2.4
4 40.8 231.1 1.8
2.4 33.5 758.5 1.5
1.6 36 284.9 1.8
4.5 43.5 296.6 2.4
4.1 22.9 547.2 2
1 31.2 139.3 2.4
1.7 48.4 431.2 2.2
2.8 24.8 449.1 2.4
2.2 40.1 587.9 2.2
3.7 29.7 498.8 1.8
3.7 30.2 695.2 1.7
2.1 26.5 334.2 2.3
2.3 29.6 803.8 2.1
1.4 29.4 240.3 2.1
4 19 453.8 1.9
2.8 10.7 462.2 2.4
3.4 43.2 835 2.4
2.5 12.5 366.4 2
1.2 34.8 377.2 1.8
2.8 22.2 531 1.8
3.4 20.2 886.4 1.9
4.5 42 633.9 1.9
4.1 30 445 1.7
3.8 36.2 693.8 1.8
4.5 30.1 775.4 1.9
3.4 14.7 713.5 2.4
4.5 31.4 497.7 1.6
4.4 20.2 416.6 2.3
1.6 48.3 82.4 2.2
4.6 25.1 669.7 1.6
3.3 20.3 235.3 2.2
4.8 37 773.7 2.4
4.8 15.5 818.5 2.2
1.7 43.2 115.2 1.8
2.7 29 504.3 1.9
1.8 10.8 315.3 2.2
1.7 49 816.9 1.5
2.1 49 216.6 1.7
2.2 32.6 91.5 1.6
4.7 37.8 204.6 1.7
3.7 44.4 830.7 2.3
5 19.3 532.9 1.5
3.2 49.5 435.4 1.5
5 44.1 826.5 1.6
4 19.4 859.7 2.1
2.4 25.7 96.6 1.9
1.3 33.6 410.1 1.9
2.6 14.7 386.3 1.7
3.9 25.3 576.3 2.1
4.7 33.1 472 2
4 18.7 622.1 1.9
2 22.9 51.5 2.4
4.1 25.7 637.7 2.1
3.7 38.9 679.1 2.5
4.4 45 51.7 2.3
4.4 29.9 111 2.3
2.2 19.4 398.8 2.1
1.1 31 858.7 2.5
2.4 14.8 870.7 2.1
3.7 31.2 500.3 2.2
2.1 45.9 376.3 1.8
2.9 23 144.4 1.6
1.5 10.2 885 1.5
1.4 17.6 908 2.4
1.2 10.5 879.4 2.4
4.6 48.1 635.7 1.9
1.9 46.7 741.4 1.5
3.8 16.9 197.3 2
4.1 17.9 453.6 2.2
2.5 24.1 418.7 2.5
1.6 33.2 512.6 2.1
3.2 31.7 391.5 2.5
1.7 17.7 927.4 1.5
4.3 24.2 895.1 2.3
3 39.3 829.6 1.9
3.3 41.8 237.8 1.8
2.6 40.4 751.3 2.2
4.2 13.9 826.1 2.3
2.4 35.6 58.1 2
3.4 47.9 314.3 2.2
1.8 24.3 717 2.4
2.6 15.3 847.8 2.5
1.1 18.7 691.7 1.9
3.4 38 80.5 1.6
3.7 10.9 84.1 2.2
2.2 17.8 101.5 2.4
4.3 17.6 60.6 2.1
1.6 32.6 434.2 1.5
1.8 49.7 710.1 2.1
2.2 28.3 565.9 1.7
1.7 29.5 219.3 2.4
1.2 20.4 852.2 2
2 18.3 103.2 2.3
1.7 39.8 177.6 1.9
3.9 13.2 905.9 1.7
1.1 27.5 558 2.2
1.4 37 564.5 2
2.9 29.1 96.2 1.7
1.6 46.6 452.1 1.8
1.4 48.8 180.2 2.2
3.9 18.8 396.3 2.4
2.4 45.7 109.6 1.6
4.4 19.8 788.1 1.8
2.8 15.1 448.7 2.5
4.4 19.7 703.1 1.5
4.1 10.4 362.9 1.9
3.9 42 868.4 2.1
3.1 39.6 274.2 2
2.9 47.4 585.1 2
2.7 48.3 787.5 2.3
4.5 38 613.9 1.7
4.3 47.2 341.4 2.3
3.7 25.3 438.6 2.3
2.3 36.4 519.1 2
4.6 36 454.7 2.3
4.2 35.4 365.7 2.5
2.7 46.5 713.6 2.1
1.3 48.2 553.7 2.3
3 16.2 545.4 1.6
1.7 39.7 439.4 1.6
4.8 12.5 837.7 1.6
2.4 42.9 178.8 1.7
4.1 31.6 923.5 2
1.2 10.5 493.7 1.8
1.7 47.8 455.2 1.7
4.7 33.6 50.9 1.5
1 41.3 68.8 1.5
3.3 14.1 927.3 2
2.4 49.8 545.4 1.6
2.7 10.5 840.1 2.2
2.5 19.4 714.8 2.2
2.5 38.9 838.8 2.5
1.5 25 107.2 2.4
4.5 27.2 86.6 2.5
4.4 40.8 234.5 2.2
3.4 35.6 325 2.5
1.1 27 62.1 1.7
3.6 43.2 461.1 2
3.2 23.9 468.1 1.9
3.7 32 732.5 1.9
2.3 48.8 802.6 2.4
2.6 15.2 551.4 2.3
4.5 40.7 343.3 2.5
5 18 64.1 1.7
2.8 35.6 764.1 2.1
4.2 46.6 182.7 1.8
4.3 16 433.3 2.2
4.4 16.1 510.7 2.2
1.1 46.6 459.8 1.5
1.5 15.5 201.1 1.6
1.7 42.3 457.5 2.4
1.9 13.7 735.2 2.1
3.3 19 153.5 2
3.4 15.8 429 1.7
4.6 33.2 417.6 2
2.8 44.8 907.4 2.4
4 38.5 112.6 2.4
4 14.6 437.1 2.1
4.2 12.6 896.5 1.7
1.1 35.8 600 2
4.7 12.8 780 2.4
1.3 39.4 777.8 1.6
3.5 25.7 729.2 1.7
3.4 35.7 216.2 2.3
3.9 39.5 136.9 1.8
3.9 13.1 759.6 1.9
1.4 28.7 296.3 1.9
3.5 38 728.2 1.6
4.8 17.9 151.8 2.2
1.7 26.4 131.7 2.4
3.9 44.3 845 2.2
2.2 31.9 747.1 2.4
4.1 31.1 557.7 1.9
2.5 48.1 616.4 1.7
5 14.3 322.3 2.1
4.2 21.3 783 1.6
1.8 37.8 840.1 2.2
1.5 41.4 478 1.6
4.3 41 804.4 2
4.3 42.3 780.2 2.4
0.3 0.2 0.2 0.4 0.3 0.2 0.3 0.3 0.3 0.3 0.4 0.3 0.3 0.2 0.2 0.3 0.3 0.2 0.3 0.3 0.3 0.3 0.2 0.3 0.2 0.3 0.3 0.4 0.4 0.4 0.3 0.4 0.3 0.2 0.2 0.4 0.4 0.3 0.4 0.3 0.3 0.4 0.4 0.4 0.3 0.3 0.3 0.4 0.3 0.4 0.3 0.3 0.2 0.2 0.3 0.2 0.2 0.3 0.3 0.2 0.4 0.4 0.2 0.3 0.3 0.3 0.4 0.3 0.3 0.4 0.2 0.3 0.3 0.3 0.4 0.4 0.3 0.3 0.2 0.4 0.3 0.3 0.2 0.3 0.2 0.2 0.3 0.3 0.4 0.4 0.3 0.2 0.3 0.2 0.2 0.4 0.4 0.2 0.3 0.2 0.3 0.4 0.2 0.4 0.3 0.2 0.3 0.3 0.2 0.3 0.3 0.3 0.2 0.4 0.3 0.3 0.3 0.2 0.4 0.3 0.3 0.3 0.2 0.4 0.3 0.3 0.3 0.2 0.3 0.2 0.3 0.4 0.3 0.3 0.4 0.3 0.3 0.3 0.3 0.3 0.4 0.3 0.4 0.3 0.3 0.2 0.2 0.4 0.4 0.3 0.4 0.3 0.3 0.4 0.3 0.3 0.3 0.3 0.3 0.3 0.2 0.4 0.4 0.4 0.3 0.4 0.4 0.3 0.4 0.3 0.4 0.3 0.4 0.4 0.2 0.3 0.2 0.4 0.2 0.4 0.3 0.3 0.2 0.3 0.2 0.3 0.4 0.4 0.2 0.3 0.2 0.3 0.3 0.2 0.4 0.3 0.3 0.2 0.4 0.3 0.2 0.4 0.3 0.3 0.3 0.2 0.4 0.2 0.3 0.2 0.3 0.2 0.3 0.4 0.2 0.4 0.2 0.3 0.3 0.4 0.3 0.4 0.2 0.3 0.4 0.3 0.3 0.3 0.2 0.3 0.2 0.3 0.4 0.4 0.2 0.4 0.4 0.3 0.4 0.3 0.4 0.2 0.2 0.2 0.4 0.3 0.3 0.3 0.2 0.3 0.4 0.2 0.3 0.3 0.2 0.2 0.3 0.3 0.4 0.3 0.3 0.3 0.3 0.3 0.3 0.4 0.4 0.2 0.4 0.2 0.3 0.2 0.2 0.4 0.3 0.3 0.3 0.4 0.2 0.4 0.3 0.3 0.2 0.3 0.3 0.3 0.2 0.4 0.2 0.2 0.2 0.2 0.3 0.3 0.3 0.4 0.3 0.3 0.3 0.2 0.2 0.3 0.4 0.3 0.2 0.3 0.3 0.2 0.4 0.2 0.4 0.4 0.2 0.3 0.2 0.2 0.4 0.3 0.2 0.3 0.4 0.3 0.2 0.3 0.4 0.4 0.2 0.2 0.3 0.3 0.3 0.4 0.2 0.3 0.2 0.4 0.3 0.2 0.3 0.3 0.3 0.3 0.4 0.3 0.4 0.3 0.3 0.3 0.3 0.3 0.3 0.4 0.3 0.4 0.2 0.3 0.3 0.3 0.3 0.4 0.4 0.4 0.3 0.3 0.4 0.4 0.4 0.2 0.4 0.2 0.2 0.3 0.3 0.4 0.3 0.3 0.4 0.2 0.4 0.3 0.4 0.4 0.2 0.3 0.3 0.3 0.4 0.4 0.4 0.4 0.3 0.3 0.3 0.4 0.2 0.3 0.2 0.3 0.3 0.4 0.3 0.3 0.3 0.3 0.2 0.3 0.3 0.3 0.3 0.4 0.3 0.4 0.3 0.4 0.3 0.2 0.2 0.2 0.3 0.3 0.2 0.4 0.4 0.2 0.3 0.3 0.2 0.4 0.3 0.4 0.3 0.4 0.3 0.2 0.3 0.3 0.2 0.3 0.3 0.3 0.2 0.3 0.2 0.2 0.3 0.2 0.3 0.3 0.4 0.3 0.4 0.3 0.3 0.2 0.3 0.3 0.3 0.3 0.2 0.4 0.3 0.3 0.3 0.4 0.4 0.3 0.3 0.2 0.2 0.2 0.4 0.3 0.2 0.2 0.2 0.4 0.3 0.3 0.3 0.3 0.2 0.4 0.4 0.3 0.4 0.4 0.3 0.3 0.3 0.3 0.4 0.2 0.3 0.2 0.2 0.2 0.4 0.3 0.3 0.3 0.3 0.2 0.3 0.3 0.3 0.2 0.2 0.2 0.3 0.3 0.2 0.2 0.3 0.2 0.2 0.2 0.3 0.3 0.2 0.3 0.2 0.3 0.3 0.3 0.3 0.3 0.3 0.2 0.3 0.2 0.3 0.3 0.3 0.2 0.3 0.3 0.4 0.2 0.2 0.4 0.3 0.3 0.3 0.4 0.3 0.3 0.3 0.3 0.3 0.2 0.3 0.3 0.3 0.4 0.3 0.3 0.3 0.4 0.3 0.3 0.3 0.2 0.4 0.4 0.2 0.3 0.3 0.2 0.4 0.3 0.3 0.2 0.3 0.3 0.3 0.3 0.2 0.3 0.2 0.3 0.3 0.2 0.3 0.3 0.3 0.3 0.2 0.3 0.4 0.2 0.3 0.3 0.3 0.4 0.3 0.3 0.3 0.3 0.3 0.2 0.3 0.2 0.3 0.3 0.2 0.3 0.3 0.2 0.4 0.3 0.3 0.3 0.3 0.4 0.3 0.2 0.2 0.3 0.4 0.3 0.3 0.4 0.2 0.2 0.3 0.3 0.3 0.4 0.2 0.4 0.3 0.2 0.2 0.3 0.2 0.4 0.2 0.4 0.3 0.3 0.4 0.3 0.4 0.4 0.3 0.4 0.2 0.3 0.4 0.3 0.3 0.3 0.3 0.3 0.4 0.4 0.3 0.2 0.4 0.3 0.3 0.4 0.2 0.3 0.4 0.3 0.2 0.3 0.2 0.2 0.3 0.3 0.4 0.3 0.3 0.3 0.4 0.3 0.4 0.3 0.3 0.3 0.4 0.3 0.3 0.3 0.3 0.3 0.4 0.3 0.3 0.3 0.4 0.2 0.4 0.2 0.3 0.3 0.3 0.4 0.3 0.2 0.2 0.3 0.3 0.4 0.4 0.2 0.3 0.2 0.2 0.2 0.3 0.3 0.2 0.3 0.4 0.3 0.4 0.3 0.4 0.4 0.3 0.4 0.2 0.3 0.4 0.3 0.4 0.2 0.3 0.3 0.3 0.4 0.3 0.3 0.4 0.3 0.4 0.3 0.2 0.4 0.4 0.4 0.3 0.4 0.2 0.3 0.4 0.3 0.4 0.3 0.4 0.4 0.2 0.4 0.3 0.3 0.2 0.3 0.2 0.2 0.3 0.3 0.3 0.3 0.3 0.3 0.3 0.2 0.2 0.4 0.3 0.3 0.2 0.3 0.4 0.3 0.3 0.3 0.4 0.4 0.2 0.2 0.2 0.2 0.2 0.3 0.2 0.3 0.4 0.2 0.3 0.3 0.4 0.3 0.3 0.2 0.3 0.4 0.3 0.3 0.3 0.3 0.2 0.4 0.2 0.4 0.3 0.3 0.4 0.2 0.3 0.2 0.2 0.3 0.3 0.2 0.2 0.2 0.4 0.3 0.2 0.2 0.4 0.3 0.2 0.3 0.3 0.3 0.3 0.3 0.3 0.3 0.3 0.3 0.2 0.4 0.3 0.3 0.3 0.2 0.3 0.3 0.3 0.3 0.4 0.2 0.3 0.2 0.3 0.3 0.4 0.2 0.3 0.3 0.2 0.4 0.2 0.2 0.3 0.3 0.3 0.4 0.2 0.3 0.4 0.3 0.4 0.3 0.3 0.4 0.2 0.3 0.4 0.3 0.2 0.3 0.2 0.2 0.2 0.2 0.3 0.2 0.2 0.3 0.3 0.3 0.3 0.3 0.2 0.3 0.3 0.3 0.4 0.3 0.4 0.3 0.3 0.3 0.3 0.3 0.2 0.3 0.4 0.3 0.2 0.2 0.4 0.3 0.3 0.2 0.4 0.2 0.3 0.3 0.3 0.3 0.3 0.4 0.2 0.3 0.3 0.2 0.3 0.3 0.4 0.3 0.3 0.3 0.3 0.3 0.2 0.3 0.3 0.4 0.4 0.3 0.3 0.4 0.2 0.2 0.3 0.3 0.2 0.2 0.3 0.3 0.3 0.4 0.3 0.3 0.3 0.3 0.3 0.4 0.3 0.4 0.3 0.4 0.4 0.3 0.3 0.2 0.3 0.3 0.3 0.4 0.4 0.2 0.2 0.4 0.4 0.3 0.4 0.4 0.4 0.3 0.3 0.2 0.3 0.3 0.3 0.3 0.4 0.3 0.2 0.3 0.2 0.3 0.3 0.4 0.4 0.4 0.3 0.3 0.3 0.4 0.3 0.3 0.3 0.2 0.3 0.3 0.4 0.2 0.3 0.4 0.2 0.3 0.3 0.2 0.3 0.2 0.4 0.3 0.3 0.3 0.3 0.3 0.4 0.3 0.2 0.2 0.3 0.2 0.4 0.3 0.3 0.3 0.2 0.4 0.3 0.3 0.4 0.3 0.3 0.4 0.2 0.3 0.3 0.4 0.4 0.2 0.2 0.3 0.3 0.2 0.3 0.3 0.2 0.2 0.3 0.3 0.4 0.2 0.3 0.4 0.2 0.3 0.3 0.4 0.2 0.3 0.2 0.3 0.3 0.2 0.3 0.3 0.2 0.4 0.3 0.2 0.2 0.3 0.4 0.4 0.4 0.3 0.2 0.3 0.3 0.2 0.3 0.2 0.4 0.2 0.2 0.3 0.2 0.3 0.2 0.3 0.4 0.3 0.2 0.2 0.3 0.3 0.3 0.2 0.2 0.3 0.3 0.4 0.3 0.2 0.2 0.3 0.2 0.2 0.3 0.4 0.2 0.3 0.3 0.2 0.3 0.3 0.3 0.3 0.2 0.3 0.3 0.4 0.3 0.3 0.3 0.2 0.3 0.2 0.3 0.4 0.2 0.4 0.2 0.2 0.3 0.2 0.2 0.3 0.2 0.4 0.2 0.2 0.2 0.4 0.3 0.3 0.2 0.3 0.3 0.3 0.3 0.3 0.3 0.4 0.4 0.2 0.4 0.4 0.2 0.4 0.4 0.3 0.2 0.3 0.3 0.3 0.4 0.4 0.3 0.3 0.3 0.4 0.3 0.4 0.4 0.2 0.4 0.3 0.4 0.4 0.3 0.4 0.3 0.3 0.4 0.4 0.4 0.3 0.3 0.3 0.2 0.2 0.3 0.3 0.2 0.3 0.4 0.3 0.3 0.4 0.2 0.3 0.3 0.2 0.2 0.3 0.2 0.3 0.3 0.2 0.2 0.4 0.4 0.3 0.2 0.3 0.3 0.2 0.3 0.3 0.2 0.4 0.3 0.3 0.3 0.3 0.3 0.4 0.3 0.4 0.3 0.2 0.3 0.4 0.3 0.4 0.3 0.4 0.4 0.2 0.3 0.3 0.4 0.3 0.2 0.3 0.3 0.3 0.3 0.3 0.3 0.3 0.2 0.3 0.3 0.3 0.2 0.3 0.4 0.2 0.3 0.3 0.2 0.3 0.3 0.4 0.4 0.3 0.4 0.3 0.3 0.2 0.3 0.3 0.2 0.4 0.2 0.3 0.3 0.4 0.4 0.4 0.3 0.4 0.3 0.2 0.4 0.3 0.2 0.4 0.3 0.3 0.3 0.2 0.3 0.4 0.2 0.3 0.3 0.3 0.4 0.4 0.4 0.4 0.3 0.3 0.3 0.2 0.3 0.3 0.4 0.3 0.4 0.4 0.4 0.2 0.3 0.4 0.3 0.3 0.3 0.3 0.3 0.4 0.3 0.2 0.3 0.3 0.3 0.4 0.4 0.4 0.2 0.3 0.4 0.4 0.3 0.3 0.3 0.3 0.4 0.4 0.2 0.2 0.3 0.2 0.3 0.3 0.3 0.3 0.4 0.3 0.3 0.3 0.4 0.4 0.3 0.2 0.3 0.3 0.3 0.3 0.4 0.2 0.3 0.3 0.4 0.3 0.3 0.4 0.4 0.3 0.2 0.4 0.2 0.4 0.3 0.3 0.3 0.3 0.2 0.4 0.3 0.3 0.3 0.3 0.3 0.3 0.3 0.3 0.3 0.3 0.3 0.4 0.4 0.4
163 174 67 3 10 134 108 151 84 89 77 154 124 64 116 159 74 78 93 161 136 144 123 22 150 35 174 30 14 60 101 58 120 5 100 1 142 156 159 179 106 88 65 38 145 79 138 155 54 170 41 111 12 13 172 61 87 24 77 20 79 138 136 19 86 50 38 170 43 172 136 93 8 126 77 119 62 31 109 82 93 132 143 179 51 88 167 11 139 112 101 105 96 144 104 104 57 44 141 100 63 134 177 63 64 116 179 128 14 161 129 95 104 153 15 106 96 14 14 69 74 68 42 26 70 167 123 13 27 164 15 61 83 53 76 36 76 110 111 77 154 82 8 51 141 116 128 32 173 9 49 151 73 51 54 83 32 10 179 96 32 69 63 91 99 159 54 45 180 42 174 146 172 169 94 42 82 12 16 139 74 33 22 40 133 108 66 133 29 26 66 26 150 24 166 175 11 131 70 88 180 137 180 180 60 4 53 98 114 166 129 165 138 119 49 175 126 43 37 139 16 159 94 52 122 68 61 176 84 60 139 144 71 134 128 14 168 115 142 142 81 74 67 67 94 168 164 26 103 67 180 110 135 57 149 29 141 129 21 85 109 14 161 109 162 165 55 145 76 20 50 91 117 67 109 62 147 116 152 77 163 25 89 109 74 121 119 113 118 178 149 80 145 62 51 144 142 55 180 101 35 90 66 67 48 160 114 7 77 60 119 59 3 94 32 178 47 4 5 136 129 34 14 108 68 1 57 161 122 44 69 123 142 47 150 147 74 125 105 134 148 42 105 50 144 120 102 69 128 176 68 39 127 156 178 107 17 160 124 174 30 40 96 98 86 88 146 138 32 77 44 44 31 45 58 59 84 121 174 10 160 107 174 156 32 66 94 93 111 57 1 130 134 3 11 50 95 57 126 33 38 67 73 47 105 102 172 143 145 20 59 159 28 72 106 5 144 4 147 30 128 14 144 67 143 108 66 111 7 133 6 44 34 96 28 161 34 17 11 73 180 129 138 7 55 41 163 74 97 156 159 69 138 154 38 146 164 177 6 90 96 150 44 62 27 22 114 146 41 165 120 110 101 21 127 127 171 137 20 75 89 132 177 160 68 127 172 61 97 135 79 126 109 11 130 110 3 49 94 73 73 137 176 126 32 135 120 8 76 162 136 68 151 113 95 170 67 61 135 174 107 146 155 148 67 49 118 58 49 52 58 159 165 129 79 179 171 4 4 60 26 14 18 51 112 133 64 87 148 57 115 44 140 64 15 8 13 68 21 170 81 21 127 144 115 104 156 139 161 73 40 114 102 35 112 120 35 29 2 158 156 49 28 174 98 21 91 25 130 85 151 110 86 52 125 28 40 40 155 138 2 47 95 29 12 84 94 28 44 138 56 13 54 115 52 43 95 20 14 173 85 120 1 128 113 115 59 29 35 139 6 180 62 68 160 32 90 170 41 53 66 158 165 164 1 136 143 153 65 161 147 102 135 143 123 158 123 64 179 3 104 23 150 138 144 77 68 90 73 176 76 96 56 176 54 108 92 30 100 170 133 103 23 107 159 15 144 51 180 16 88 42 1 120 53 61 62 126 12 63 23 22 174 38 1 138 79 84 143 169 169 26 59 161 134 170 31 112 55 64 41 74 64 76 153 18 88 39 180 96 119 68 115 91 14 97 172 152 93 72 28 90 11 113 37 121 173 167 76 163 120 97 95 26 118 42 120 111 31 15 13 14 171 138 62 76 75 72 46 126 99 157 78 63 164 11 75 76 151 126 146 83 47 142 114 138 12 132 23 146 161 83 23 64 42 32 132 61 64 104 152 25 159 149 78 163 35 27 64 165 5 106 38 43 25 52 127 35 164 102 40 105 108 2 127 104 86 116 140 11 156 57 165 10 166 56 169 12 140 151 179 39 38 171 166 140 129 88 159 92 118 95 5 31 63 22 102 94 21 87 175 47 137 133 85 46 140 43 70 69 25 41 14 50 16 164 102 45 8 138 155 106 26 40 40 143 177 95 174 176 60 165 161 64 27 159 161 131 114 15 149 139 82 75 141 149 138 130 4 104 157 14 123 163 115 79 162 110 16 179 153 132 30 139 33 165 176 97 77 20 84 38 103 154 179 76 23 135 7 95 101 172 88 105 4 26 173 168 97 2 13 112 55 68 67 130 51 67 35 173 6 23 117 172 6 148 151 94 25 142 67 82 114 26 124 137 145 81 145 76 33 61 147 160 134 58 125 13 159 144 15 160 133 91 154 91 55 173 2 173 74 7 68 13 129 160 59 33 129 176 24 128 99 77 31 112 150 25 174 82 17 152 100 82 69 131 121 108 14 62 24 94 32 115 2 8 30 27 136 154 38 159 161 92 1 91 71 154 42 117 137 134 9 72 141 52 177 82 5 136 108 54 114 21 18 18 76 150 141 48 149 121 38 161 56 137 127 18 24 40 53 45 121 55 11 122 175 28 105 67 76 32 35 97 6 82 87 95 39 39 101 165 75 165 42 139 140 105 82 118 159 57 9 107 102 25 131 62 122 52 21 55 96 23 175 164 179 87 100 36 117 175 16 84 147 27 102 29 141 63 143 16 79 158 34 53 149 122 44 82 55 100 125 80 11 60 152 29 76 5 164 50 140 57 100 156 114 110 24 71 180 66 126 74 127 50 42 109 52 30 102 130 162 6 55 75 119 96 134 45 101 130 89 116 176 78 6 108 90 113 7 4 151 169 65 53 47 18 140 152 43 55 134 60 130 89 148 40 96 21 63 138 125 37 119 15 70 78 28 75 16 73 156 150 51 134 80 140 20 34 15 63 112 153 55 160 180 84 21 110 128 29 138 175 7 85 2 39 145 29 91 23 73 16 7 67 37 28 25 48 63 94 11 24 59 5 155 43 127 62 178 26 72 94 32 106 54 87 152 22 167 156 34 76 138 88 169 94 132 169 103 52 23 14 171 34 103 3 88 146 25 29 8 125 31 83 22 152 28 3 117 101 9 120 146 42 34 107 177 21 80 99 174 15 75 87 125 150 173 96 19 172 16 101 172 22 52 4 51 168 174 65 122 104 127 144 125 96 57 119 126 56 81 73 97 146 137 81 150 100 63 74 71 164 90 90 87 26 95 119 146 105 173 45 143 57 179 23 139 25 1 91 84 93 110 43 155 37 178 82
42 125 44 102 87 6 27 25 99 159 150 101 56 31 59 75 142 162 14 123 44 84 93 159 29 85 91 16 121 7 174 158 177 171 1 113 150 177 50 52 24 132 163 167 115 145 129 104 153 49 176 163 16 122 104 21 169 129 59 173 49 19 71 148 124 84 57 137 96 172 64 172 31 105 148 148 120 134 59 128 169 41 160 28 102 132 138 62 2 135 57 85 108 126 40 100 156 164 47 175 175 150 62 101 139 125 70 144 17 143 134 30 101 17 126 161 141 95 156 122 42 140 126 165 85 128 36 159 174 142 58 127 124 68 135 6 98 20 43 35 79 97 22 129 127 15 170 63 111 122 136 18 142 95 132 120 29 142 73 114 23 93 90 71 9 81 42 100 84 140 58 92 25 171 97 108 102 78 9 44 171 159 88 12 92 151 163 117 88 85 118 3 44 128 78 4 37 69 143 8 83 135 14 90 11 7 7 160 175 170 12 172 65 9 42 126 52 139 100 87 141 175 150 116 1 141 25 2 75 163 169 95 156 58 162 56 75 141 107 68 165 175 137 31 147 114 89 35 47 47 110 156 125 80 113 126 128 39 17 136 39 68 54 5 94 92 55 66 40 124 54 29 110 88 70 66 17 6 38 109 96 30 165 58 83 88 132 84 179 128 16 98 174 45 140 12 159 28 104 87 158 152 156 12 58 97 44 130 140 115 136 65 13 161 17 71 75 123 128 128 109 23 44 120 93 58 174 86 40 166 72 91 146 160 131 68 16 127 70 147 13 175 134 20 47 159 94 73 4 91 147 151 139 5 64 7 72 17 30 79 119 147 37 103 152 126 16 34 159 16 164 70 164 43 141 69 77 35 136 12 124 163 6 88 138 24 32 66 12 24 144 5 52 115 139 141 97 172 61 30 73 22 3 69 62 134 165 106 60 73 43 167 121 11 55 76 122 11 18 157 115 121 136 152 2 142 1 19 157 151 34 79 46 172 114 89 137 71 66 148 160 47 141 168 152 34 55 84 138 94 43 39 90 27 72 58 29 122 50 104 153 148 3 75 34 154 64 32 127 129 98 160 80 172 30 65 65 46 85 2 144 143 54 174 27 127 172 58 82 99 109 61 119 74 175 37 64 83 31 25 88 94 148 137 159 86 162 67 11 75 36 133 12 67 56 51 126 60 132 174 71 85 131 136 108 133 54 73 51 108 104 122 5 40 173 32 143 74 116 36 121 102 140 26 159 6 1 125 146 105 82 91 154 87 5 40 99 91 76 105 94 124 39 104 88 89 134 132 16 25 161 142 71 156 153 38 148 50 107 146 165 61 86 123 42 95 20 177 128 81 137 91 67 118 119 37 75 175 113 5 174 111 94 144 148 137 33 9 179 80 68 15 40 84 60 55 52 64 110 99 81 56 75 146 176 14 138 105 168 105 37 119 62 85 161 89 139 82 97 65 23 72 111 1 26 49 154 147 42 3 99 156 116 44 160 176 77 60 166 156 169 155 75 112 85 37 33 123 133 4 17 147 97 45 121 98 50 127 40 66 63 60 142 53 174 92 10 18 53 134 142 77 45 101 152 59 88 59 70 21 91 68 141 59 3 50 121 54 43 15 6 90 64 113 76 126 123 102 151 5 78 115 53 76 56 12 149 31 119 168 88 160 147 63 89 106 155 39 180 28 151 76 167 122 124 31 23 97 39 40 141 137 173 88 57 18 2 168 180 178 96 28 11 15 76 85 134 59 117 64 144 64 10 98 154 53 41 36 84 39 28 49 74 108 145 179 91 105 3 51 133 55 56 53 6 58 16 27 150 118 136 36 159 79 30 150 121 164 145 46 26 25 35 57 136 106 76 20 143 76 68 5 41 8 18 8 32 23 58 144 46 94 70 166 175 154 138 38 143 153 27 128 11 172 169 150 178 36 1 33 75 7 67 118 134 32 162 90 119 77 82 37 169 152 56 94 4 60 115 40 110 101 160 144 89 153 132 68 122 85 41 37 17 75 72 52 68 122 72 37 90 162 47 162 47 109 2 162 134 168 46 3 33 169 33 160 109 83 80 110 164 89 23 94 180 75 85 3 126 135 138 37 94 137 76 77 41 101 48 87 70 170 148 27 8 147 171 107 99 83 153 50 115 2 53 179 42 173 22 14 24 154 88 98 84 15 19 94 128 122 113 39 152 124 65 9 41 110 63 63 174 171 110 133 4 72 142 164 180 9 29 64 88 14 26 166 135 93 157 176 16 7 5 23 114 21 81 22 17 150 58 41 58 42 28 20 118 146 12 10 20 36 93 33 107 90 18 2 3 69 156 12 104 99 124 96 65 13 11 158 151 64 12 33 57 144 146 119 41 7 73 105 24 22 172 137 109 70 64 52 160 67 147 150 17 127 57 143 154 98 13 43 113 60 30 180 121 66 55 118 180 170 176 169 54 9 149 150 118 118 134 16 175 147 132 3 62 22 156 152 174 37 117 60 136 24 145 80 148 140 52 19 72 155 18 86 93 159 48 18 111 88 105 177 176 61 159 138 151 51 175 32 4 11 102 92 86 158 125 34 172 76 48 10 156 32 6 150 160 174 128 154 162 178 26 144 23 113 128 169 132 26 48 12 43 159 56 173 3 122 175 170 105 78 51 17 149 107 126 138 50 99 99 3 143 128 145 43 103 168 22 65 49 164 99 43 141 7 21 86 152 176 140 88 61 85 15 50 35 22 132 150 126 4 118 34 110 155 69 9 80 170 92 28 90 121 172 110 73 140 5 109 38 180 70 68 77 101 45 179 75 92 33 97 33 77 120 133 54 61 110 167 177 6 148 64 67 11 149 9 14 87 67 79 125 31 154 102 163 151 55 170 7 123 168 86 178 43 75 51 110 153 118 45 28 26 12 66 172 159 176 6 25 150 20 94 25 138 139 77 104 48 159 96 167 180 93 105 57 161 143 117 133 26 36 123 55 95 10 39 9 42 120 159 128 49 176 25 13 134 145 24 102 157 12 42 30 82 80 52 33 178 171 176 8 171 146 85 54 7 13 34 125 63 36 64 54 130 103 22 86 80 88 99 41 111 49 2 137 164 152 130 65 159 61 18 177 71 94 70 107 157 116 162 83 26 74 64 153 109 132 34 161 166 80 13 56 118 53 6 15 104 90 14 168 19 97 145 3 62
168 126 111 92 166 142 56 112 161 175 116 119 85 120 105 155 34 60 16 175 13 129 34 86 115 8 54 162 173 69 9 147 123 151 124 59 94 158 18 129 46 153 56 1 120 35 2 153 61 72 143 154 86 71 109 115 37 40 34 150 64 179 164 2 37 47 46 10 5 80 61 17 111 35 43 74 149 87 109 151 75 27 180 127 115 29 21 106 100 115 77 129 38 19 42 23 153 49 3 63 117 178 110 154 94 114 57 175 130 114 118 76 24 27 135 18 158 144 168 54 170 161 79 141 179 11 24 41 162 31 27 160 166 78 24 81 146 33 109 61 106 84 167 43 159 159 153 40 80 178 147 56 108 177 34 68 107 75 54 163 86 146 13 155 150 55 50 163 153 58 165 118 110 75 111 151 62 132 119 93 93 53 72 36 180 173 154 138 179 69 86 22 104 80 175 28 144 142 20 85 149 163 156 4 171 121 95 130 9 158 59 132 139 77 166 62 63 140 8 100 71 110 34 6 102 165 123 53 88 151 48 122 84 30 141 107 30 134 77 134 82 3 157 108 123 144 140 105 111 17 17 100 123 3 172 119 50 177 89 99 85 129 65 71 71 176 72 99 34 46 1 96 56 110 111 99 83 72 108 110 34 12 26 158 73 119 174 100 136 49 43 56 119 63 95 107 113 140 154 92 20 97 162 62 72 68 34 160 31 44 123 125 100 57 93 104 125 142 32 105 85 30 180 30 44 68 175 140 175 71 11 143 129 117 151 6 54 91 106 5 48 23 36 35 47 97 31 149 1 147 45 16 34 160 11 20 136 104 85 145 27 165 70 113 127 109 117 99 95 151 120 59 15 71 131 7 110 164 4 41 87 101 10 150 81 166 116 48 57 134 68 146 98 80 20 121 152 76 67 19 47 112 130 66 63 24 150 171 90 54 30 88 99 17 87 32 166 148 94 54 178 110 35 1 31 83 173 54 161 46 2 125 80 98 169 14 42 177 88 48 24 158 132 66 173 46 123 5 5 155 125 19 92 58 172 179 31 140 9 179 163 112 162 81 24 101 83 127 180 130 108 112 18 37 82 122 163 11 13 44 55 176 153 39 40 105 119 150 92 15 11 115 44 15 81 172 7 20 165 30 28 165 121 71 154 108 110 80 85 123 175 141 162 139 92 125 78 48 160 133 130 4 32 133 73 157 158 45 46 95 1 74 92 47 5 169 98 76 163 130 46 40 69 55 127 131 60 98 122 83 4 29 157 75 154 28 27 61 79 173 109 124 18 128 70 145 17 100 13 176 91 67 84 77 159 139 161 61 169 10 60 43 54 157 51 90 90 12 5 25 157 94 124 177 69 87 23 20 15 32 39 20 113 97 37 98 63 147 158 66 3 19 6 7 146 12 129 106 57 180 84 68 96 105 163 119 27 38 167 75 46 14 34 22 159 63 113 78 55 155 109 144 150 35 167 45 150 141 93 132 135 69 59 92 60 93 59 133 101 15 172 84 111 6 99 121 163 18 129 153 6 135 93 82 5 96 126 100 90 88 15 20 29 15 95 38 129 153 109 158 149 141 146 70 49 65 48 144 156 47 172 46 47 65 85 128 10 130 59 173 123 49 27 14 6 150 74 82 151 62 44 85 56 28 140 148 102 142 148 129 159 153 88 52 97 98 178 111 102 97 1 167 170 2 18 166 74 73 5 7 98 136 150 55 91 82 45 71 109 170 118 142 89 141 77 127 115 127 48 89 149 108 161 2 24 165 72 120 166 105 124 154 9 167 133 76 77 85 86 114 107 135 136 1 146 52 113 168 66 71 103 142 8 123 141 37 110 22 169 138 98 79 42 166 82 89 52 97 103 123 68 46 153 109 68 1 159 72 138 143 89 126 24 83 38 180 71 123 83 133 178 73 98 55 139 149 105 78 105 78 18 7 162 147 94 176 27 15 3 163 175 132 173 150 113 50 24 100 97 167 146 137 105 156 152 130 110 70 97 45 72 177 17 70 90 44 158 132 78 4 5 19 36 105 19 23 54 23 154 74 144 33 3 69 68 169 151 146 9 92 137 14 177 148 78 64 167 168 95 51 128 21 167 152 36 29 44 153 61 44 55 142 169 112 55 7 20 40 28 174 10 111 42 164 142 45 107 2 76 14 13 90 88 60 132 82 64 6 82 42 80 156 93 161 53 82 84 142 30 5 54 127 53 133 179 152 109 59 74 17 59 29 78 109 105 66 26 124 88 120 49 51 9 56 79 180 52 82 175 159 47 31 180 87 62 21 56 28 73 113 81 22 123 112 108 91 125 1 168 17 73 165 176 166 128 178 178 39 85 66 87 25 24 162 81 103 164 179 19 31 45 149 30 64 26 91 113 131 69 67 169 53 67 152 163 101 108 149 35 106 72 60 104 7 10 141 147 152 98 24 41 89 33 1 171 77 157 96 78 155 104 99 177 69 114 125 78 14 75 35 112 108 35 34 168 97 173 132 160 30 94 16 102 52 104 27 163 125 170 14 58 44 114 14 25 85 55 14 131 61 27 157 127 68 16 114 67 171 179 111 82 36 42 73 133 122 153 77 34 126 107 127 157 31 81 56 126 74 141 17 162 96 75 126 10 101 124 101 99 64 108 123 17 4 100 38 124 72 103 103 157 177 121 144 40 151 39 6 114 97 151 142 36 72 35 15 172 128 143 73 54 101 154 50 114 21 60 103 93 145 136 56 92 83 54 38 178 118 45 51 50 101 73 158 157 100 96 6 118 85 175 38 174 67 110 13 59 8 77 11 158 173 160 141 62 79 31 172 77 92 99 40 25 98 88 145 123 64 149 70 171 109 11 74 93 158 87 150 47 2 22 47 176 30 13 99 171 27 64 16 10 41 171 179 65 15 146 80 61 143 20 41 11 5 83 122 173 154 89 84 144 14 39 30 137 139 59 50 161 177 137 80 67 142 67 88 8 12 101 173 79 8 59 150 119 41 160 148 22 124 6 96 171 148 92 56 57 87 144 135 111 24 170 71 171 150 130 123 20 16 5 27 105 13 156 23 93 91 154 105 125 47 22 97 74 67 48 159 98 13 16 113 130 16 140 72 38 6 168 83 30 111 41 133 34 109 96 54 137 135 36 38 10 15 135 170 137 128 145 129 1 126 78 105 166 93 94 19 16 65
153 8 142 103 146 42 67 161 114 18 51 80 146 155 115 17 157 10 117 156 133 131 73 165 71 24 53 111 94 72 65 28 112 160 88 103 113 83 177 80 102 114 88 66 3 137 175 60 172 75 42 172 5 156 88 28 104 60 37 133 106 15 98 177 99 175 34 114 49 16 25 166 80 172 99 30 4 64 58 84 84 99 5 1 168 149 72 79 81 26 36 7 92 11 147 119 115 136 30 173 163 123 55 134 107 144 30 66 156 148 68 102 172 120 113 19 65 37 66 179 159 95 51 115 54 19 53 23 112 122 128 142 44 153 98 101 145 128 10 137 148 32 72 129 12 78 90 171 154 94 174 75 33 167 115 54 152 124 17 107 169 157 132 61 138 176 97 12 162 153 3 154 25 90 159 109 70 128 35 161 48 94 59 7 3 73 116 64 120 162 64 149 138 39 142 27 72 109 87 175 33 74 61 152 50 27 114 120 99 43 148 94 95 159 2 121 179 85 115 2 107 64 16 66 152 63 97 127 45 135 146 43 134 160 13 46 80 90 58 34 86 151 178 133 15 71 64 127 85 83 102 60 175 133 18 180 114 33 107 85 142 118 122 98 15 133 20 62 157 20 74 125 86 98 129 41 129 108 13 41 118 48 75 133 138 131 47 62 2 122 160 94 137 14 119 116 16 122 121 72 139 50 62 36 12 114 4 164 150 56 84 80 53 110 176 29 116 118 50 92 99 151 82 135 27 125 20 63 5 107 76 114 30 16 92 70 133 138 145 171 124 76 102 9 28 98 28 76 173 47 76 12 161 9 59 59 118 137 116 167 152 46 99 130 149 173 174 71 146 82 101 55 145 46 32 172 96 57 75 124 6 110 111 3 42 5 131 155 78 20 47 12 170 82 97 160 11 150 102 40 156 45 166 172 81 32 46 98 84 175 11 171 155 154 108 92 161 38 32 39 145 104 41 12 25 111 37 35 167 104 117 173 148 172 149 180 7 22 24 159 90 94 106 72 87 111 34 116 38 77 123 165 124 29 44 79 93 137 55 121 164 32 104 154 73 95 79 98 142 103 125 170 79 49 115 174 135 21 139 43 125 104 93 66 141 168 55 28 132 161 29 180 100 104 108 177 11 71 21 7 169 107 38 147 25 84 79 102 167 168 61 73 152 54 124 12 76 98 161 84 147 56 80 154 55 139 120 68 27 138 73 109 71 87 14 50 120 83 101 152 31 117 102 3 5 96 91 86 48 49 168 121 35 130 171 48 78 61 134 64 139 159 56 7 30 60 44 144 82 124 167 39 27 90 105 48 33 169 45 43 168 40 75 159 133 64 144 67 65 115 132 43 146 10 68 25 94 31 144 79 69 25 101 46 157 83 98 163 32 32 47 167 115 78 106 68 8 77 51 42 83 107 32 100 97 143 44 177 130 148 7 48 61 131 168 63 96 43 122 84 42 43 164 137 131 2 39 136 125 163 136 129 27 76 20 148 94 94 151 144 167 85 62 58 30 72 119 40 121 97 32 114 113 136 61 18 97 38 180 39 4 28 174 129 148 122 150 143 11 68 119 142 114 81 99 135 173 103 135 156 139 54 127 145 38 6 109 147 9 31 87 140 29 174 85 44 141 89 167 50 72 44 86 17 72 47 102 127 61 71 5 153 73 171 65 94 168 128 27 39 98 177 105 88 150 172 71 83 46 153 9 20 21 121 129 145 48 117 13 146 49 28 7 9 141 179 62 56 152 101 13 74 23 62 116 99 134 130 70 23 7 173 69 76 6 125 22 95 54 111 139 155 149 25 176 135 135 27 122 16 76 142 124 66 139 118 112 152 26 1 116 114 59 63 104 94 137 162 28 171 170 73 24 112 176 29 18 103 5 43 132 85 24 93 45 19 37 53 46 31 158 81 48 129 148 156 178 3 39 129 37 92 60 140 176 65 155 122 62 59 21 48 26 118 139 152 179 119 153 136 174 39 147 161 84 73 60 62 87 137 11 142 113 127 167 70 115 52 77 79 54 4 89 1 61 74 91 160 34 116 106 16 101 141 82 34 12 164 130 48 165 100 26 43 89 41 93 7 147 170 96 33 25 23 79 71 19 131 86 93 144 40 95 24 28 48 158 138 39 26 145 100 89 44 93 72 136 64 134 115 150 150 106 57 47 6 70 73 67 130 43 15 90 96 17 71 114 14 50 167 74 128 169 69 88 163 72 153 178 19 177 178 177 127 84 80 167 23 54 68 21 65 179 147 166 153 96 109 127 152 98 156 141 40 88 13 70 16 61 39 57 166 121 168 56 21 76 23 3 65 117 159 89 27 134 158 8 82 166 120 68 7 137 115 116 176 75 156 25 100 55 9 141 126 140 118 59 26 83 7 103 139 86 117 15 118 23 129 148 59 128 88 77 24 144 44 113 146 43 135 161 37 163 22 46 144 55 68 33 107 180 71 89 52 85 42 31 87 137 157 19 60 25 25 164 24 35 57 12 110 176 5 168 170 131 128 68 51 84 137 48 66 36 42 39 54 90 57 140 47 56 117 7 123 94 61 83 89 7 46 131 101 154 89 121 156 114 107 23 94 148 126 135 71 26 159 28 20 117 55 97 78 169 152 134 139 31 1 35 65 95 165 104 47 124 47 80 94 6 14 60 149 41 13 66 47 108 173 1 74 28 65 71 29 98 102 108 132 17 110 114 144 51 110 84 53 152 118 34 148 90 94 68 108 67 2 96 166 23 124 22 10 35 42 68 93 91 13 70 55 120 25 81 162 168 78 41 46 56 166 4 10 88 42 23 71 52 147 13 98 168 120 137 147 113 47 120 33 67 62 129 69 9 72 11 23 125 88 160 121 152 47 20 118 98 177 107 124 50 51 61 143 111 171 60 173 37 15 35 154 156 39 37 32 43 101 103 65 63 63 108 93 63 56 25 107 175 146 157 16 89 119 171 180 150 26 70 79 140 176 58 66 26 32 109 96 161 43 48 48 168 116 40 136 123 5 130 123 98 10 17 27 168 71 172 102 179 7 26 157 174 155 132 112 82 106 100 94 77 141 50 129 140 90 26 104 137 159 155 130 92 94 164 87 11 126 167 19 14 75 56 80 126 69 13 120 136 74 177 2 29 29 68 118 150 142 37 99 125 60 168 13 165 149 164 39 145 156 119 5
61 106 97 29 85 165 147 128 131 99 39 158 58 4 168 55 175 137 56 56 10 81 63 13 139 176 36 113 164 141 105 5 14 159 40 76 15 119 27 16 26 57 11 111 63 170 98 125 123 141 80 86 63 75 147 89 164 42 59 110 105 37 66 26 146 10 144 176 164 99 47 105 144 146 6 66 92 123 42 109 125 63 67 65 110 90 78 158 65 37 52 6 127 135 38 62 34 166 128 85 119 51 110 162 120 88 51 66 98 75 17 74 174 74 97 160 91 109 44 120 102 164 139 51 166 59 44 100 38 128 123 90 62 56 144 138 54 126 23 53 110 162 76 74 101 45 66 64 74 83 161 103 89 102 10 104 33 147 178 106 57 66 153 76 59 22 149 175 3 25 22 76 28 26 34 126 174 65 56 21 110 92 26 178 117 75 42 147 128 47 174 13 78 80 72 155 124 53 11 85 98 2 90 149 109 156 14 13 115 14 99 28 170 6 165 60 46 141 168 36 155 49 168 40 57 103 83 139 159 38 152 59 64 5 149 94 79 145 40 164 26 115 114 153 135 9 31 77 80 162 10 64 32 119 87 168 170 87 81 165 53 94 137 22 142 77 82 94 162 20 101 130 120 122 34 30 173 83 110 156 90 112 108 154 173 37 53 95 23 50 110 78 158 55 37 37 134 148 29 116 16 24 67 81 128 120 41 48 95 173 74 134 56 107 120 24 132 13 111 172 70 163 9 49 7 34 90 114 37 23 129 106 99 63 44 127 113 91 58 39 93 1 71 75 130 74 98 6 130 179 150 73 94 107 86 99 48 19 61 12 80 108 6 117 26 96 58 145 180 44 124 49 156 95 163 170 48 43 27 168 163 177 118 125 30 95 152 174 58 97 10 175 47 47 176 50 166 164 60 146 52 173 45 152 78 101 110 128 147 165 38 147 144 148 7 92 27 43 170 91 91 167 159 146 70 6 143 63 126 1 24 75 31 158 178 178 123 81 6 15 149 106 30 110 104 66 104 52 11 148 170 157 108 148 97 129 4 157 173 138 160 49 126 32 45 54 12 77 99 172 72 72 110 52 32 112 173 63 171 42 50 142 24 90 101 109 175 132 169 111 16 44 157 114 56 11 134 36 160 114 37 8 94 6 52 57 9 45 73 74 144 57 159 43 153 30 179 158 177 165 168 134 43 174 40 49 177 40 67 160 72 75 67 110 158 115 173 146 31 162 78 4 33 68 172 177 117 42 151 77 134 156 132 133 163 158 111 33 42 7 179 17 60 176 54 51 16 54 155 33 125 127 87 165 144 133 97 52 85 146 166 60 37 162 32 78 139 138 115 70 32 12 67 102 5 132 42 50 4 121 172 175 11 106 38 63 9 164 30 154 59 100 24 153 1 26 7 89 14 33 17 97 108 75 110 64 170 57 172 173 163 170 151 33 128 132 91 88 67 138 38 117 172 10 176 113 136 80 50 171 108 152 172 103 1 12 158 10 74 59 103 104 132 92 44 57 138 22 138 167 129 129 161 117 118 100 38 129 114 73 115 165 87 69 180 122 100 18 44 143 57 167 59 61 82 33 143 141 21 176 35 117 87 87 26 148 130 45 65 14 120 127 151 109 119 153 23 12 40 82 13 117 30 123 132 132 74 179 60 61 35 41 154 142 85 161 36 81 6 56 156 135 126 130 59 69 44 43 152 45 139 22 56 171 167 50 106 70 77 145 75 4 117 48 180 61 100 125 115 24 85 100 39 108 19 178 6 69 79 66 142 71 145 179 177 26 83 86 179 102 157 34 31 23 21 27 93 180 152 78 113 87 98 82 40 24 124 70 102 166 55 81 156 130 126 135 134 28 65 115 150 87 126 49 138 20 82 95 4 109 108 16 132 54 51 57 142 174 112 76 7 13 24 101 32 91 92 56 120 157 6 103 43 45 43 15 125 51 146 28 12 131 95 132 123 137 151 102 105 171 23 2 22 137 123 28 31 125 82 7 82 21 77 27 177 119 156 36 60 80 22 60 129 179 169 100 15 97 141 134 13 37 143 129 46 73 113 18 71 92 40 153 83 105 28 111 103 98 107 70 163 54 116 134 110 117 56 68 134 152 108 8 58 16 86 36 96 33 153 119 8 158 4 55 35 22 90 177 38 129 91 105 175 151 55 40 52 35 42 72 54 157 136 62 177 87 176 113 162 46 132 72 11 77 54 139 168 156 137 152 156 117 132 11 178 137 30 133 174 154 76 77 169 109 45 121 99 38 81 102 33 5 134 2 160 84 91 174 52 55 32 109 95 96 51 72 155 141 46 110 11 56 107 106 128 72 149 37 13 136 80 105 50 66 119 30 138 75 56 154 57 79 161 146 29 153 30 3 121 1 152 151 132 55 173 164 111 163 40 154 114 130 81 88 56 160 45 9 13 95 98 177 145 178 35 133 174 177 54 124 124 105 67 30 74 33 20 110 129 101 7 161 97 38 40 93 76 54 90 171 78 53 149 144 75 128 32 111 103 111 162 179 160 6 165 138 65 86 147 180 138 40 61 5 129 149 118 64 64 41 108 74 34 136 82 58 90 121 106 148 177 83 140 13 25 45 152 58 41 172 119 149 57 96 180 75 64 142 121 88 175 152 131 29 170 173 33 157 11 11 21 93 168 169 9 136 49 69 161 57 31 11 76 162 94 1 47 54 37 71 127 52 116 28 103 47 12 118 20 117 3 97 130 50 160 80 42 63 91 142 25 155 52 98 175 111 63 85 38 48 155 139 96 176 109 72 92 94 124 107 177 27 66 153 8 8 169 62 172 46 33 5 131 37 34 84 9 88 76 166 157 115 42 79 90 169 128 171 36 13 165 26 147 169 180 21 103 159 61 91 97 123 17 20 121 68 112 83 115 163 159 152 56 57 159 72 149 73 10 114 69 101 25 104 11 79 124 177 116 158 94 16 40 95 57 39 169 52 102 72 45 106 45 129 76 92 155 138 168 7 58 125 161 47 48 61 81 102 49 157 42 180 126 150 59 107 177 158 74 121 33 119 178 95 33 47 30 153 102 91 140 167 38 108 146 27 110 134 167 151 44 136 122 142 161 43 149 99 94 8 158 101 124 148 61 51 115 58 52 125 68 122 145 92 32 9 91 105 128 42 149 1 106 176 98 70 19 177 89 41
48 46 14 55 69 106 96 40 90 21 3 96 109 72 165 26 7 129 167 41 78 72 135 25 163 24 149 71 3 115 176 42 97 147 120 110 17 44 180 4 150 144 69 116 53 80 86 74 20 143 124 139 25 18 47 113 153 62 19 69 73 63 49 13 118 21 170 32 103 87 168 66 13 13 15 111 31 145 66 117 156 100 165 32 147 155 32 103 17 166 58 167 87 51 116 119 115 60 37 111 176 23 158 179 87 96 70 94 142 12 159 121 127 84 100 26 59 12 179 95 57 152 157 33 87 45 111 22 44 70 7 91 130 22 21 103 97 81 29 22 161 121 60 111 124 2 126 103 171 88 110 159 151 157 60 65 2 58 78 24 159 143 174 130 121 2 166 60 79 56 12 148 61 123 98 163 96 14 30 35 123 53 102 156 135 174 6 102 159 10 97 22 14 144 36 23 45 100 59 36 86 39 108 162 101 149 167 145 25 177 153 113 83 150 25 15 164 74 80 98 153 107 28 93 53 24 95 171 100 138 131 176 27 93 113 156 114 75 32 6 42 6 120 129 88 123 32 128 123 123 126 158 82 80 104 19 150 167 129 180 111 118 54 88 34 165 143 34 124 153 134 108 9 151 79 141 143 172 57 110 93 146 8 74 11 112 64 153 163 154 103 132 95 174 82 26 137 5 25 170 75 130 93 96 129 12 41 100 86 83 14 13 51 14 7 88 150 107 96 22 153 22 136 140 38 74 105 51 41 35 145 5 105 118 172 129 177 100 155 6 114 47 16 82 96 167 40 87 26 54 141 47 116 87 175 163 87 156 69 31 92 129 19 63 145 77 68 43 145 61 9 110 93 176 9 124 157 44 92 174 66 82 75 9 14 74 131 87 126 28 132 179 33 152 180 156 59 175 109 47 22 23 174 22 91 45 50 7 42 20 101 141 140 24 172 165 100 76 106 129 139 162 26 74 45 16 66 111 48 27 118 39 39 44 89 171 153 68 117 45 153 2 26 119 142 64 1 128 21 21 44 5 91 25 128 140 107 67 17 87 15 130 122 88 147 169 148 123 10 125 150 23 62 167 31 84 127 101 180 122 83 26 19 103 172 94 2 100 127 12 21 143 83 78 46 86 97 145 28 47 106 45 100 39 126 128 178 4 74 159 116 10 100 143 59 125 60 27 27 119 90 34 86 19 117 25 39 53 12 22 152 14 22 15 83 92 83 73 20 135 49 108 72 160 98 170 19 52 164 18 18 112 173 62 173 8 135 176 21 94 103 176 172 139 73 5 25 171 167 100 96 115 98 67 160 11 112 94 107 137 103 17 83 22 78 68 128 121 115 46 99 22 66 72 141 108 33 23 134 14 52 123 145 43 24 51 53 22 168 14 27 48 105 93 9 68 149 114 148 174 47 143 58 171 19 131 31 26 88 37 40 157 83 160 11 104 18 50 138 57 48 101 162 72 25 112 93 22 123 12 131 159 107 11 11 69 44 44 110 151 161 158 124 39 44 87 19 157 134 27 124 44 9 146 13 99 61 33 65 150 163 111 126 147 51 147 109 55 40 59 144 57 13 133 33 5 18 83 128 2 159 27 178 61 141 144 34 58 169 27 94 180 90 17 43 53 70 168 178 157 69 3 75 21 128 179 25 81 80 180 79 95 105 104 57 25 73 161 116 119 84 9 13 140 178 4 177 75 76 89 65 102 136 60 87 20 25 164 108 16 158 55 112 31 104 73 45 111 132 3 140 6 95 80 87 74 73 144 43 23 128 162 76 134 135 82 70 76 89 170 179 157 171 174 131 20 42 25 170 129 151 56 62 152 98 134 166 43 10 117 118 112 107 66 60 25 91 168 10 143 53 103 43 39 35 68 134 127 53 163 82 139 62 108 18 130 100 90 93 160 141 111 74 5 173 3 12 35 169 100 153 75 29 115 129 167 153 44 17 157 93 134 1 94 118 116 122 49 149 93 133 71 158 114 20 66 143 98 76 39 22 50 132 11 162 13 132 152 50 53 22 46 63 83 114 102 131 22 56 38 116 162 157 19 31 86 105 61 179 67 78 97 8 57 94 7 2 115 111 133 19 162 65 75 38 49 7 46 124 105 74 17 139 30 66 45 170 2 88 72 171 5 152 13 64 124 179 132 171 158 20 13 105 25 45 17 94 131 77 144 82 163 172 80 1 70 155 72 64 131 1 173 29 74 76 169 84 30 58 122 104 107 22 145 167 101 36 30 116 127 79 21 153 121 69 149 102 143 117 77 10 44 164 167 96 103 110 28 94 143 71 51 45 85 159 2 96 138 54 156 18 102 102 131 91 122 4 100 53 89 45 163 94 168 52 153 140 19 40 41 131 124 102 121 81 164 68 170 55 68 104 83 141 38 176 6 3 28 85 168 104 56 165 125 49 49 94 129 98 35 136 81 2 25 5 12 111 101 173 43 11 33 105 44 168 84 45 3 2 131 27 13 113 121 80 62 156 179 4 104 77 138 170 108 152 14 103 144 6 97 12 17 117 155 21 10 140 62 62 108 45 59 73 92 79 56 144 140 108 157 119 133 30 65 136 72 72 134 123 47 63 130 101 147 84 150 5 94 88 58 33 175 112 97 49 20 159 139 84 48 91 72 129 93 76 5 75 136 94 37 15 161 60 52 18 5 157 137 95 69 118 40 94 27 43 52 156 32 48 174 58 137 34 18 81 41 177 154 159 66 105 124 14 131 144 45 25 108 143 169 165 93 51 38 166 2 71 42 136 88 77 140 135 32 155 133 163 146 147 40 167 149 88 67 87 124 90 107 143 21 125 5 101 22 18 168 56 69 41 83 37 164 152 105 86 63 1 41 126 5 177 130 80 136 119 47 31 146 141 73 162 102 88 30 82 145 142 61 46 43 88 121 31 171 49 166 95 59 104 20 106 7 21 40 163 50 178 43 167 49 36 176 165 161 28 57 150 11 17 23 91 127 112 77 59 169 35 45 6 102 122 102 153 66 100 32 150 50 29 33 139 137 80 26 80 179 160 52 134 151 174 80 63 104 159 115 27 39 159 85 80 3 33 134 101 179 46 163 174 176 109 85 116 51 19 143 87 1 99 128 3 166 144 45 71 98 178 163 77 110 55 65 37 86 64 174 109 64 51 159 89 119 134 61 56 37 63 91 62 37
149 5 149 81 165 126 84 164 108 165 1 150 151 111 28 42 33 151 94 19 63 121 80 131 160 27 151 137 139 141 148 82 74 38 22 74 142 129 41 120 90 35 64 160 169 34 159 55 3 85 21 139 62 24 83 77 78 128 165 141 6 111 55 64 135 99 149 42 171 115 165 160 46 37 90 44 115 164 35 6 157 32 62 6 167 107 71 172 136 64 1 168 92 96 109 54 100 130 168 177 151 165 7 44 145 155 73 142 96 2 95 95 89 109 70 179 137 144 158 18 5 177 72 176 32 147 72 31 54 158 55 105 160 140 14 158 167 56 59 6 4 140 74 114 22 114 86 40 114 88 51 1 155 153 20 35 178 48 121 71 72 85 163 20 141 177 67 137 88 158 149 46 162 44 145 129 166 16 154 144 162 157 152 4 65 102 75 91 92 154 58 53 107 105 173 129 143 122 109 160 15 58 111 29 109 141 128 123 23 37 37 164 86 151 20 55 73 114 159 70 99 77 17 102 129 118 100 128 46 151 141 147 170 152 135 20 3 103 49 86 145 88 65 119 163 72 38 91 42 125 59 73 167 166 65 120 119 31 140 170 176 104 113 168 80 19 177 71 7 113 142 106 56 175 130 70 104 43 32 39 57 11 44 28 128 66 52 63 27 24 20 151 89 61 21 43 163 27 168 149 4 151 180 47 91 68 122 36 136 73 147 24 178 169 167 78 120 138 17 135 141 173 133 67 175 152 148 127 125 102 152 30 8 144 114 146 75 115 81 52 67 23 94 48 107 108 165 99 98 84 63 21 35 20 40 121 152 180 29 80 158 82 54 119 119 79 154 175 11 67 158 4 89 33 95 5 78 74 151 139 30 133 12 44 61 47 110 180 174 4 17 98 49 49 23 2 177 12 25 63 81 99 148 174 93 17 67 64 3 133 81 147 79 170 113 10 94 111 10 125 137 46 176 19 6 27 9 120 98 30 149 44 162 178 50 161 66 40 88 177 173 109 77 109 88 63 172 159 15 37 170 111 51 168 107 126 88 157 52 10 146 88 105 65 90 125 104 169 13 105 114 138 137 32 97 77 18 26 127 94 144 55 86 64 99 77 169 24 149 106 134 141 179 59 124 43 171 112 165 47 160 99 50 18 109 99 97 10 168 102 154 2 112 154 88 18 18 67 98 8 15 40 179 22 163 122 150 70 103 116 75 166 128 14 129 150 93 143 82 86 78 177 152 37 60 109 64 152 6 105 131 170 156 20 87 124 12 72 2 35 118 153 166 166 57 157 27 75 156 100 150 160 20 179 120 68 1 68 67 124 137 47 163 22 118 175 122 75 77 145 131 68 163 97 171 50 138 27 83 115 59 72 164 178 165 168 41 24 37 9 11 127 99 54 152 155 97 100 158 21 155 158 84 1 60 61 62 144 7 7 124 29 91 39 159 54 93 55 152 37 107 164 109 106 50 129 144 129 14 169 93 115 86 126 155 19 13 17 6 97 75 149 102 162 43 137 101 121 48 113 159 82 128 98 122 146 143 10 30 165 22 95 36 83 80 98 104 29 179 174 13 77 174 67 75 8 40 49 77 1 140 63 78 95 59 148 12 14 82 35 82 123 92 69 68 63 34 32 67 63 90 175 1 69 115 139 19 126 45 111 155 24 138 46 77 159 2 151 47 77 145 126 160 168 131 146 137 135 132 29 52 64 143 83 149 165 98 51 102 30 38 34 104 140 107 81 175 55 100 141 5 117 155 123 62 164 21 157 3 85 106 21 72 150 84 1 37 39 168 147 139 134 89 163 168 2 167 76 61 93 56 54 133 80 44 35 74 133 19 172 109 101 33 90 158 53 180 146 115 51 50 58 140 76 54 178 59 167 38 24 146 80 53 18 5 68 174 7 92 44 52 124 53 43 32 82 137 115 54 123 176 24 53 124 62 58 67 14 130 12 172 63 134 11 32 160 9 173 47 161 112 58 16 19 172 112 83 172 54 15 72 146 43 33 115 161 11 178 129 89 10 89 47 31 108 84 31 61 81 171 14 108 80 7 46 36 160 1 7 174 52 51 148 134 29 45 49 29 43 148 86 55 98 62 91 81 132 77 114 93 130 87 101 56 38 24 150 7 96 75 39 177 156 94 70 177 3 140 158 76 3 27 59 23 150 164 155 151 55 37 22 53 71 141 101 95 180 58 48 10 27 66 94 83 70 46 146 165 176 158 139 146 49 43 57 59 34 159 30 142 120 108 51 70 89 52 27 124 48 130 98 50 154 156 115 166 77 116 55 108 12 12 155 38 94 71 103 42 16 7 159 80 75 149 172 51 158 42 138 11 88 74 158 35 5 71 36 26 162 42 49 70 179 64 67 114 161 59 15 26 145 131 171 141 126 179 65 130 98 97 155 110 58 15 44 104 79 140 114 166 50 93 123 50 143 80 20 28 68 121 60 91 51 81 114 51 99 129 47 94 123 19 129 165 93 136 30 56 117 74 71 15 146 119 15 85 53 79 170 122 15 99 100 168 36 145 138 125 113 173 62 139 81 5 156 110 124 9 113 12 61 57 73 2 90 159 161 69 109 109 112 160 43 100 133 75 73 136 24 27 153 13 107 103 101 5 3 129 59 146 5 107 62 92 85 55 138 26 47 68 31 118 179 34 120 86 167 24 85 15 96 114 129 146 142 121 69 33 75 71 165 23 15 36 10 56 41 177 65 58 110 86 37 106 108 23 12 121 99 141 56 81 119 118 174 33 140 16 133 119 133 57 45 69 86 10 129 157 46 176 92 166 151 107 96 56 76 175 38 159 3 152 130 113 109 48 50 24 125 176 28 112 153 37 169 24 21 64 58 133 149 130 150 28 116 29 99 67 69 121 83 100 42 81 58 122 133 126 52 76 95 173 106 132 96 64 172 50 164 172 52 111 154 143 14 53 118 155 17 63 34 141 110 56 166 97 86 148 132 102 155 143 100 60 37 38 112 1 178 35 62 30 96 145 64 17 33 151 140 95 79 65 146 62 109 168 52 156 104 53 136 7 159 170 67 141 70 178 126 2 66 177 96 153 9 179 133 98 1 23 32 56 75 46 173 176 40 67 126 177 105 93 96 88 89 141 107 42 58 170 12 27 129 45 154 15 134 87 54 142 100 39 5 166 122 21 130 94 17 95
23 8 180 20 174 137 69 73 141 8 121 77 80 176 124 47 166 100 29 100 83 145 73 31 32 7 134 106 176 136 59 137 26 139 136 95 96 91 87 19 167 127 103 110 74 113 72 113 120 118 162 51 47 31 62 63 12 123 67 172 87 99 94 118 119 173 176 67 103 89 91 2 116 50 114 94 146 144 173 35 151 117 112 76 147 82 148 102 134 176 163 93 173 16 165 40 20 123 118 105 163 46 85 86 72 140 78 157 117 152 30 122 72 87 117 84 119 30 15 22 139 41 142 106 33 130 157 109 60 80 99 163 175 97 140 132 134 121 131 107 178 57 45 134 2 116 17 44 170 124 72 56 72 112 88 59 16 148 148 171 60 179 179 22 110 142 69 117 124 53 9 16 15 38 170 25 149 101 45 59 125 9 139 71 129 156 125 162 173 140 94 3 118 130 17 148 98 4 113 8 30 119 113 174 11 69 149 140 174 14 123 110 106 116 116 66 112 142 112 159 125 83 73 112 7 174 2 100 12 62 81 46 90 83 29 81 47 21 46 124 163 136 138 84 141 120 177 131 129 148 70 106 11 150 20 1 160 136 168 90 105 101 49 165 78 16 14 62 82 42 102 28 24 125 85 161 149 126 159 124 58 105 86 34 156 87 152 155 11 110 126 51 134 53 77 107 1 84 156 49 101 143 105 174 84 19 21 125 82 150 141 110 5 106 175 65 132 52 164 102 152 92 166 57 166 57 79 164 106 37 41 25 69 132 123 146 53 57 122 156 90 63 55 168 131 44 107 29 18 3 67 2 6 61 156 85 82 135 101 132 145 36 110 86 128 126 114 80 107 74 106 39 77 59 121 46 18 31 11 34 160 51 91 110 154 1 180 144 117 118 59 84 28 152 64 97 55 118 92 95 57 10 162 173 131 19 96 78 68 117 108 70 31 71 92 138 74 91 176 38 57 111 122 97 59 131 97 108 23 100 180 84 178 174 52 110 2 136 158 178 7 103 79 57 47 128 119 89 46 177 174 106 111 19 19 40 73 25 9 36 99 93 93 149 9 81 59 21 169 38 77 5 37 61 145 8 161 35 38 116 174 37 19 19 164 96 114 134 156 79 87 85 8 132 168 133 120 26 14 137 17 95 80 24 159 25 161 166 52 2 117 88 107 124 151 91 97 69 9 42 54 156 5 7 137 158 7 170 108 164 122 15 119 4 173 143 3 154 49 18 111 125 110 60 47 62 180 67 99 62 149 138 99 164 43 33 131 38 160 75 168 179 60 59 130 155 26 91 165 109 146 133 73 10 86 59 83 134 82 156 114 103 53 53 81 102 112 50 119 101 45 4 141 98 86 54 72 132 56 173 175 82 168 71 91 110 36 34 99 157 87 174 6 179 163 13 92 74 81 135 114 74 48 53 36 177 70 43 18 157 149 55 164 69 117 27 29 69 125 76 152 91 83 112 131 77 12 99 41 5 46 72 112 14 40 40 120 161 58 156 71 143 139 90 178 106 57 51 25 149 75 152 73 83 156 148 67 155 147 40 77 103 72 74 92 151 17 77 127 79 100 140 147 116 102 14 119 140 170 57 82 21 177 113 57 42 175 32 142 100 138 151 6 166 8 45 166 23 95 42 37 54 47 154 29 1 144 82 124 122 132 8 45 156 166 11 3 159 84 43 5 81 158 30 107 75 110 50 177 107 133 72 135 87 34 179 151 137 125 5 46 173 31 172 38 147 77 71 57 86 58 15 9 78 120 33 161 164 113 101 82 39 97 84 28 171 121 83 50 87 48 113 165 93 66 34 45 12 55 113 45 99 29 149 54 17 32 145 157 98 114 35 56 127 158 87 177 156 53 104 152 32 33 53 19 108 86 155 176 24 79 39 168 34 141 167 1 4 167 19 3 32 11 131 172 128 149 26 51 179 64 177 160 84 19 113 66 117 114 138 5 98 158 20 47 133 125 64 107 170 19 62 177 47 18 38 8 119 44 3 55 128 25 131 15 44 79 54 154 18 103 97 179 47 100 91 110 27 34 103 28 95 107 117 134 165 122 150 103 32 20 34 36 116 45 85 76 69 34 85 83 167 106 84 171 22 108 100 151 126 67 32 34 172 22 61 111 134 127 166 85 12 74 91 23 55 65 13 3 19 157 167 84 24 101 168 21 87 73 143 69 78 37 113 117 74 92 9 107 25 16 119 155 57 151 168 15 32 112 15 167 171 59 72 169 114 66 153 121 25 31 97 66 49 83 100 73 28 94 122 27 79 25 137 65 164 16 16 162 17 103 140 118 157 23 37 111 156 171 27 165 45 40 180 135 55 66 95 174 13 25 15 120 147 110 38 145 59 146 10 48 43 71 17 107 87 105 171 67 168 164 72 69 19 19 16 26 157 101 141 41 58 3 111 176 175 23 177 138 172 179 94 49 45 116 50 22 139 16 3 86 56 94 166 97 85 108 43 127 2 103 20 170 101 140 147 7 104 47 140 10 159 13 148 169 169 80 110 85 39 57 17 22 174 166 39 76 142 107 51 65 82 39 5 66 179 27 100 14 70 63 40 77 135 144 5 42 131 104 152 136 51 42 154 3 126 62 105 58 46 149 28 153 171 57 116 118 55 156 88 107 180 73 56 105 18 17 8 132 170 108 8 45 130 23 128 141 120 177 167 55 96 140 125 102 29 38 147 22 70 47 30 94 92 130 30 74 76 155 151 50 106 157 153 70 41 40 136 113 146 2 151 136 141 38 44 157 126 47 129 175 163 111 155 153 14 92 74 85 22 164 18 115 88 176 180 2 32 60 164 28 10 72 128 83 180 152 172 125 158 10 132 139 110 173 32 30 14 113 149 138 168 49 148 75 90 151 94 3 18 6 70 91 35 49 89 73 3 27 122 118 54 69 169 100 15 54 57 143 81 46 174 92 29 42 52 105 41 160 126 170 78 44 32 166 158 6 105 91 107 122 97 102 127 135 94 59 179 179 145 69 175 108 105 127 128 130 37 86 172 5 172 74 90 33 81 148 178 80 112 14 110 44 80 147 14 168 145 136 147 95 116 151 92 111 88 138 64 51 6 94 72 50 44 94 178 35 31 99 173 106 64 1 19 64 167 7 21 62 105 91 62 110 88 144 142 6 133 81 170 159 115 36 97 126 33 87 170 97 68
49 37 21 106 102 8 24 177 98 32 134 154 50 161 145 23 33 163 1 80 85 105 108 156 131 146 172 180 51 95 37 121 170 55 24 16 67 10 3 25 87 71 42 120 142 105 40 165 28 61 79 48 13 145 81 61 22 17 76 99 17 5 141 6 49 81 100 133 125 88 82 40 67 92 47 165 25 155 123 98 69 141 72 124 62 131 151 11 172 32 103 118 106 66 178 76 98 177 165 46 46 179 1 38 141 65 49 155 110 34 158 49 35 154 111 164 143 172 9 42 31 164 111 21 54 14 125 86 23 25 174 161 5 145 161 92 168 82 88 165 158 47 70 153 117 63 71 165 111 46 44 52 105 177 95 178 106 109 120 177 18 99 70 114 155 108 43 52 88 54 110 110 171 135 103 127 173 45 113 31 142 27 136 73 49 129 134 150 117 135 136 52 75 15 124 10 66 28 17 88 140 13 45 121 35 44 111 3 35 41 19 117 97 11 5 87 32 15 19 33 112 146 85 177 111 121 105 30 167 167 24 94 47 106 150 36 156 32 17 97 150 79 106 129 49 103 107 110 78 143 92 84 60 155 62 163 80 35 36 41 76 125 61 78 25 51 24 121 155 17 20 164 154 14 140 111 23 34 109 142 55 145 154 151 88 167 162 57 65 120 74 110 159 139 107 97 16 114 75 164 7 14 1 163 158 168 19 87 33 54 89 43 96 9 160 50 45 25 174 148 177 117 116 166 114 74 63 91 14 11 167 88 59 18 48 20 146 163 21 7 75 127 131 140 94 155 54 23 147 82 38 103 15 133 163 160 177 7 118 148 125 180 13 90 65 5 150 47 100 95 123 72 127 109 72 50 135 68 91 34 85 90 97 23 103 47 10 139 15 169 155 131 76 98 160 27 172 75 127 166 92 42 6 1 146 22 20 179 157 175 112 104 9 23 56 61 103 64 163 73 106 38 23 13 66 86 9 62 26 23 95 135 27 154 123 104 140 96 86 147 45 114 127 94 28 39 46 29 107 18 116 104 166 76 5 165 14 161 126 18 54 42 110 120 10 10 107 144 47 68 101 50 46 119 93 4 74 110 122 116 78 121 176 158 116 73 66 103 113 41 39 101 68 175 131 119 49 117 98 32 41 39 170 100 116 180 104 112 113 173 108 142 177 127 51 135 26 123 154 151 138 109 70 1 87 152 32 119 7 103 173 21 125 69 134 143 139 16 58 118 132 101 90 24 30 164 103 92 125 33 87 22 136 121 136 11 174 6 16 81 12 15 75 123 23 16 156 125 136 119 21 104 96 112 40 166 124 153 101 104 150 152 64 19 28 29 68 169 97 133 152 23 65 154 180 86 30 90 8 46 157 1 1 61 42 62 148 121 122 105 177 107 99 134 3 24 126 52 135 75 129 130 40 35 51 1 37 161 176 179 176 17 79 141 95 157 104 104 17 120 66 91 22 38 53 172 80 7 113 77 64 152 50 177 97 15 107 163 90 52 12 171 163 60 24 155 139 80 66 12 24 8 44 89 148 3 81 6 104 96 179 131 140 93 167 50 6 10 58 54 69 173 1 92 26 140 90 36 178 27 159 103 79 100 71 156 38 125 147 118 131 43 146 64 56 7 172 55 101 121 150 142 94 159 45 63 156 164 33 157 161 24 152 70 105 6 172 135 106 118 26 62 143 152 47 155 109 131 79 64 84 33 144 35 30 84 67 106 114 63 155 82 139 116 101 130 133 50 63 171 57 167 172 97 166 96 111 114 100 63 45 21 21 99 88 38 127 162 64 97 116 45 131 1 80 179 136 5 74 122 84 68 50 37 153 71 27 73 45 52 161 172 179 180 98 12 54 112 64 156 85 160 25 43 119 93 141 114 39 5 15 110 1 86 82 76 99 105 132 160 169 30 91 76 21 13 24 163 159 166 64 119 172 153 7 70 99 38 176 179 90 153 19 122 155 51 13 146 146 77 29 57 154 51 27 95 106 171 92 80 172 163 127 18 80 180 161 79 13 167 72 54 55 95 110 78 144 27 160 99 17 139 23 92 31 60 174 106 17 73 46 7 121 132 7 69 163 29 150 113 123 26 97 56 79 175 44 84 46 134 51 30 137 20 8 97 34 74 70 22 123 87 13 78 130 88 162 14 136 108 57 96 175 31 114 81 23 103 21 75 18 168 119 59 157 96 85 51 97 2 95 40 111 154 50 155 15 157 75 91 20 138 20 105 177 66 153 56 84 171 177 120 73 167 57 24 126 59 53 63 120 99 65 73 32 149 63 138 51 46 133 46 57 124 89 39 43 125 4 36 137 74 88 54 106 149 90 57 118 98 145 165 59 91 83 7 138 124 94 146 98 11 176 107 79 32 139 43 93 12 125 110 46 68 148 161 2 146 59 170 149 171 9 78 121 170 57 117 86 65 57 119 124 135 48 96 17 53 61 35 107 20 24 172 149 101 118 58 144 65 144 128 18 109 153 172 155 34 44 155 35 151 112 55 90 107 172 83 22 89 113 166 32 76 92 160 10 139 130 96 142 75 130 22 127 61 76 169 23 167 167 113 117 156 34 177 126 76 53 24 172 13 96 126 92 164 49 15 38 25 14 95 178 147 56 35 76 2 103 79 177 119 167 127 131 166 126 175 35 33 133 43 85 45 155 19 171 42 42 10 5 175 174 104 90 83 134 85 32 20 141 27 53 52 2 9 128 24 17 129 62 22 115 110 176 130 167 69 87 155 19 66 8 12 42 180 36 32 152 174 154 47 93 146 98 82 153 20 119 48 61 105 132 20 40 47 147 34 87 113 84 47 107 19 123 90 6 3 128 69 59 167 136 10 173 25 21 82 144 1 67 82 147 66 170 85 19 2 30 114 67 54 46 77 159 151 174 102 84 34 124 100 157 71 45 115 105 107 174 63 36 166 106 106 26 60 112 170 133 66 37 44 103 175 177 122 98 123 92 38 98 31 34 82 106 96 97 1 73 6 172 97 120 40 68 93 25 84 8 88 178 107 116 154 163 99 79 70 139 94 154 64 27 109 173 167 78 82 74 6 47 105 19 57 153 180 163 155 120 71 70 130 118 169 38 12 175 147 148 5 64 9 122 144 56 105 37 158 114 178 145 47 46 65 122 177 175 36 179 135 35 74 68 62 17 55 61 153 53 177
166 11 161 130 37 112 87 105 171 67 127 11 94 10 128 54 18 54 79 109 7 166 13 162 29 98 171 5 61 171 22 30 67 142 9 77 111 109 82 74 74 28 145 146 121 164 146 142 28 130 1 149 106 50 111 66 33 54 127 155 114 69 73 143 170 179 169 161 169 105 132 140 176 52 6 175 50 71 21 33 122 168 48 149 98 107 7 145 38 164 165 67 112 145 59 133 135 30 31 135 139 149 144 46 122 126 77 160 114 48 51 31 47 27 101 169 97 42 13 135 109 120 59 157 76 112 79 133 12 108 7 159 65 40 19 13 9 62 39 75 98 23 161 78 82 80 18 63 27 60 64 147 152 92 113 26 159 96 28 152 87 78 69 67 9 63 132 147 162 136 68 112 72 128 120 116 139 54 124 159 68 4 83 140 20 7 32 72 71 83 132 93 159 31 168 54 75 133 136 43 26 40 154 7 94 142 76 65 59 70 167 89 175 87 158 129 111 73 9 46 104 129 162 131 119 122 96 5 79 8 40 166 13 64 71 163 12 137 34 48 92 151 106 137 160 11 113 125 18 12 54 110 85 49 176 9 86 155 53 28 45 113 146 172 58 62 114 107 157 50 2 132 154 10 133 2 24 130 156 31 139 137 51 81 137 37 67 4 19 156 101 17 155 140 141 6 46 12 119 84 156 119 49 44 146 102 63 49 14 65 114 22 147 168 65 16 171 23 4 86 98 105 160 15 64 139 154 55 124 27 12 104 1 64 152 45 175 64 136 165 98 34 160 63 155 133 150 112 156 119 14 16 74 64 149 116 13 99 6 96 125 109 44 14 7 56 122 120 32 149 131 137 112 113 120 35 122 36 11 157 142 93 29 86 126 170 17 53 88 157 141 101 157 130 77 79 116 46 38 151 111 176 5 139 146 83 103 105 180 131 27 136 26 65 75 6 78 138 177 7 16 154 30 34 42 72 60 110 111 167 14 168 104 84 141 60 162 73 20 129 65 158 63 75 139 6 37 32 2 19 38 7 27 84 133 29 108 146 105 94 82 126 131 50 83 116 11 77 57 18 168 169 112 99 49 63 96 82 138 103 146 124 144 8 92 126 1 134 131 139 28 95 152 36 119 119 56 120 20 72 51 128 66 89 89 11 17 114 105 136 34 13 18 57 129 143 3 83 46 50 175 34 43 71 11 38 40 117 67 18 128 130 68 7 36 1 46 94 20 123 7 156 18 116 11 8 178 49 131 165 140 167 32 39 96 141 32 98 86 150 103 47 28 144 174 62 86 161 33 3 92 105 180 117 4 145 159 131 87 66 101 59 147 10 126 39 21 119 89 41 60 60 105 37 175 85 23 64 150 10 71 78 172 43 89 151 87 66 50 58 86 149 123 28 140 124 109 21 100 157 105 45 96 3 4 80 176 86 165 84 41 4 141 36 124 145 165 101 84 146 100 82 136 153 68 25 157 79 41 21 77 127 41 174 180 158 50 16 125 135 117 180 66 149 48 148 32 141 154 179 65 131 168 31 62 17 69 165 172 157 165 41 19 91 148 145 73 173 84 177 75 130 44 132 66 167 47 74 39 39 139 88 154 107 90 79 133 170 151 72 170 115 169 2 41 158 118 43 119 50 42 98 40 82 35 15 166 33 151 122 62 16 45 74 121 28 39 66 74 73 86 83 32 158 94 152 60 70 89 27 85 150 165 143 18 54 54 11 7 90 25 107 71 71 76 87 169 12 75 158 163 177 65 124 164 136 95 173 49 166 18 176 31 76 120 115 34 9 132 147 107 58 31 4 78 139 157 4 31 138 13 102 105 105 14 71 20 38 84 25 6 22 17 162 132 46 25 170 35 32 42 31 42 109 117 76 64 180 131 54 162 149 163 37 74 21 160 18 64 24 9 112 102 27 81 106 84 81 5 61 64 155 11 32 81 40 163 104 36 120 27 176 152 107 162 37 64 65 147 152 103 79 72 32 30 170 9 10 177 20 89 147 61 129 88 83 124 5 32 85 105 158 156 179 114 14 24 125 166 112 75 138 55 157 38 133 155 108 126 17 72 80 142 170 7 15 121 78 83 3 61 165 134 10 14 55 177 142 37 32 79 31 15 96 154 57 131 161 107 16 136 50 56 35 149 30 178 81 59 166 151 87 47 161 69 148 47 99 85 71 117 104 126 175 70 51 138 116 127 44 84 14 125 136 95 14 28 150 82 167 139 151 55 68 124 117 107 153 173 77 54 84 141 91 14 120 60 108 36 157 150 84 179 8 63 8 174 142 159 49 52 102 169 37 147 127 114 19 11 84 108 92 37 120 75 175 98 131 32 35 46 57 91 179 76 134 135 12 8 145 101 88 64 17 165 7 56 60 85 121 134 66 46 72 70 15 30 145 85 43 66 26 71 77 75 124 138 164 11 164 152 34 174 24 29 46 77 117 25 68 164 33 18 18 38 128 179 130 24 13 85 64 62 146 60 93 174 27 95 66 80 158 145 106 52 47 66 157 139 40 72 104 138 161 53 36 80 149 8 150 12 152 93 93 126 58 114 109 179 63 3 3 75 62 33 54 165 95 49 170 97 156 94 88 17 7 4 126 51 93 67 35 99 57 138 172 126 24 2 141 90 126 179 157 165 69 110 99 170 137 103 99 31 28 141 116 56 157 38 88 177 100 141 65 115 146 23 38 135 33 172 117 81 176 43 47 91 128 85 9 17 99 140 36 97 15 18 119 19 179 151 68 26 150 90 35 15 149 87 143 91 15 94 65 7 62 127 55 27 15 82 90 145 75 123 58 107 129 167 54 165 60 84 73 80 127 113 69 139 74 52 52 157 180 1 117 56 110 175 22 167 96 29 123 114 20 147 52 109 38 49 25 97 54 87 52 64 113 161 24 97 33 135 78 49 153 107 37 133 55 75 107 150 54 4 71 14 179 6 111 42 172 67 146 104 131 16 123 109 39 10 66 53 167 30 68 135 73 152 11 104 139 128 152 113 178 138 176 143 142 100 47 68 19 178 33 171 27 88 174 8 98 51 133 109 154 132 123 64 40 177 110 167 168 37 66 15 160 164 124 63 49 140 124 94 172 61 156 2 109 169 107 17 63 65 156 149 133 101 139 91 45 103 142 25 78 175 21 15 82 57 90 101 44 76 41 165 159 136 25
37 24 92 152 13 177 93 162 17 44 161 82 114 55 113 67 82 106 170 35 143 131 124 56 128 80 12 79 104 89 95 26 134 45 111 55 111 149 130 4 88 158 107 22 118 94 81 25 103 42 67 39 8 113 165 158 70 126 118 10 125 87 97 127 158 179 32 130 99 43 24 70 161 44 180 169 125 165 16 154 54 107 40 73 30 42 53 132 118 80 155 104 61 7 67 156 83 40 7 35 146 121 49 8 94 30 113 171 106 161 20 33 162 108 12 94 55 68 63 173 58 39 158 112 179 106 13 79 150 80 6 147 59 4 55 42 140 168 87 2 50 108 40 70 38 177 142 134 72 51 165 133 46 128 78 179 136 145 106 153 171 142 44 74 2 146 136 128 31 81 155 140 22 135 18 138 16 82 178 14 63 77 173 113 29 21 143 164 11 86 20 6 63 102 93 129 75 168 84 77 162 162 57 138 176 109 137 30 57 142 165 160 75 73 86 45 131 15 10 12 5 169 57 49 84 143 21 47 96 48 24 117 70 165 147 16 144 70 176 101 153 55 23 119 75 44 126 97 48 100 159 52 82 135 14 87 109 19 22 104 82 108 174 26 54 85 10 31 62 37 162 48 14 124 81 78 58 10 166 176 81 115 178 134 29 164 144 129 34 165 137 109 123 81 76 135 139 139 12 77 123 160 158 137 76 172 70 162 138 3 48 98 143 179 99 171 144 108 16 44 28 47 82 67 24 173 2 31 97 12 99 58 19 16 17 123 167 68 102 178 17 49 161 165 124 73 3 105 59 132 57 171 171 139 72 97 88 5 23 133 134 52 57 134 78 18 161 18 127 23 114 142 77 143 85 72 174 121 70 44 9 92 39 172 177 151 131 46 146 23 119 160 24 142 159 122 53 47 50 118 52 80 168 107 89 24 10 92 163 127 72 114 160 111 137 114 76 80 16 30 119 122 65 6 160 88 17 98 108 89 145 6 7 42 59 108 62 110 43 68 81 92 2 95 22 20 92 92 93 179 42 68 81 7 87 25 126 59 11 157 145 158 39 145 86 127 87 143 74 75 122 141 116 133 168 10 161 134 172 105 109 79 43 34 32 145 145 11 138 100 46 71 143 152 60 36 51 35 4 167 58 172 48 43 116 176 169 119 81 46 56 83 36 139 49 62 63 165 109 91 155 34 93 14 106 160 148 159 65 89 149 114 82 172 133 42 49 117 9 137 168 89 107 153 170 151 107 109 122 15 53 129 124 22 170 42 6 22 158 133 165 82 107 35 65 143 27 123 47 32 32 39 88 88 124 132 78 144 78 43 158 19 7 163 102 54 35 21 51 10 72 174 116 134 73 23 161 59 36 108 177 64 28 5 133 57 153 154 65 177 121 131 18 127 172 108 61 59 27 73 114 70 56 43 36 71 116 155 106 158 73 158 91 143 65 144 141 56 12 80 110 151 114 109 53 74 144 104 179 148 75 17 15 49 17 104 140 157 33 120 70 127 1 175 151 81 78 147 36 143 46 150 180 161 109 89 66 39 105 65 21 128 8 30 65 56 9 175 84 121 47 36 123 152 87 116 101 60 113 161 69 137 21 123 53 98 78 50 128 23 104 96 136 152 141 17 49 141 86 11 53 146 87 65 79 103 19 161 102 161 138 175 117 16 83 79 14 21 154 159 40 80 161 148 49 165 153 165 55 9 43 28 102 55 39 163 171 44 82 122 50 47 149 133 98 33 4 116 147 71 51 158 69 33 21 3 132 29 90 155 51 61 43 152 48 51 157 106 142 59 131 151 134 66 62 44 87 101 59 103 155 95 58 153 123 144 169 1 123 112 127 103 61 108 167 63 113 59 33 66 150 37 56 45 165 116 91 141 127 51 152 23 18 40 40 120 66 33 166 137 117 180 117 5 123 71 162 155 44 125 40 120 61 14 149 93 98 130 121 75 147 30 88 83 94 176 82 107 38 65 87 100 87 2 105 179 148 59 48 73 123 18 147 145 65 104 30 173 132 146 29 61 47 172 42 160 81 94 68 121 125 122 174 54 128 123 163 132 30 156 146 154 151 107 56 152 10 119 174 159 133 44 121 166 71 176 121 96 119 180 8 5 32 166 109 37 137 22 26 153 171 45 34 137 111 98 69 41 142 82 156 50 74 12 17 79 80 20 11 103 163 159 93 168 70 148 178 165 112 131 128 136 169 82 93 27 159 70 97 18 138 130 133 104 49 110 119 50 179 160 117 13 65 129 152 105 88 93 124 149 82 6 20 8 23 140 144 126 157 114 173 71 61 13 45 154 18 89 8 59 150 90 118 23 75 40 73 115 73 7 154 172 151 64 109 48 74 127 22 166 130 73 91 144 148 166 91 120 64 19 170 109 113 30 175 140 179 163 114 136 175 89 151 40 144 170 148 125 172 19 9 4 148 140 7 70 45 140 139 98 45 45 1 174 130 94 6 16 176 80 48 83 46 4 5 138 109 61 13 36 153 61 72 171 84 12 132 15 52 23 100 18 167 62 7 177 73 134 60 163 80 118 124 79 171 72 144 91 57 132 99 102 44 1 63 24 119 105 33 154 156 151 164 113 74 175 87 23 52 55 60 121 134 37 72 123 68 1 10 149 61 141 110 100 100 15 17 171 48 36 164 83 27 106 101 157 83 16 23 85 148 74 49 154 9 133 41 9 138 165 102 46 143 13 130 34 80 138 43 17 150 160 64 167 83 175 23 139 77 102 2 97 31 155 177 53 27 23 163 85 152 105 28 145 50 180 117 144 38 70 113 90 156 87 12 149 91 20 144 140 123 124 53 150 150 142 52 154 67 130 77 35 48 66 49 92 110 92 162 97 147 71 44 76 110 70 56 155 29 68 81 20 170 74 131 22 142 14 165 23 55 12 31 33 108 116 91 19 27 152 10 84 38 32 63 17 34 149 37 16 43 20 133 67 71 85 72 172 101 23 25 68 128 95 6 146 79 33 19 53 30 4 94 95 142 5 169 90 79 89 139 166 108 125 64 104 17 113 98 122 89 99 38 167 62 36 34 23 88 77 103 140 175 55 112 136 123 13 38 154 29 106 175 98 85 25 44 73 115 41 59 57 40 165 1 77 41 30 177 177 39 48 40 18 13 40 56 159 174 72 133 112 25 160 16 34 59 145 98 101
28 88 79 169 129 107 38 128 108 122 89 47 66 150 160 115 76 83 146 131 97 152 48 79 136 42 48 142 53 179 152 4 178 5 5 5 145 36 79 53 19 67 170 166 84 110 56 82 160 51 51 70 168 8 141 146 153 47 98 105 139 70 43 41 72 145 131 172 168 39 137 47 11 5 44 46 178 132 35 66 14 33 141 57 174 42 50 16 143 115 105 82 102 73 176 116 89 86 138 163 39 94 118 13 106 84 8 140 6 29 85 54 120 103 105 15 92 98 152 123 145 134 110 118 14 152 152 147 96 135 41 128 59 169 166 33 89 164 89 21 70 83 10 140 107 34 118 74 55 151 168 73 135 103 145 86 2 73 114 156 128 5 146 96 176 108 28 154 112 130 146 104 85 70 9 165 11 173 109 59 82 44 121 106 101 153 120 123 153 29 180 42 151 146 120 87 23 158 32 88 104 46 96 95 31 180 136 57 118 1 135 132 114 178 71 66 121 145 38 9 90 10 144 18 47 33 25 28 152 59 78 127 127 93 159 170 29 163 100 27 11 42 111 33 146 116 53 55 23 168 73 83 130 147 147 131 68 171 149 9 34 166 87 78 100 101 92 9 88 76 4 174 19 45 86 30 123 62 98 101 50 21 162 128 107 72 136 105 41 135 153 103 27 178 45 20 90 38 156 173 158 118 145 172 43 95 20 87 177 46 42 17 77 41 142 23 56 100 178 126 121 39 4 107 153 128 76 72 90 98 159 170 134 5 169 154 140 88 57 76 66 113 139 152 53 99 140 50 114 105 141 126 42 83 145 180 22 35 21 32 154 132 67 89 16 47 133 49 164 88 6 44 176 143 28 175 66 38 152 29 179 179 37 84 141 165 113 2 29 105 147 36 173 11 13 159 121 47 51 27 171 9 89 133 115 2 59 33 87 129 152 115 164 127 44 139 134 65 14 75 4 90 90 123 64 16 157 68 15 10 70 124 123 173 20 41 153 11 60 160 113 145 88 60 131 68 142 63 158 178 58 59 56 102 69 13 139 103 75 159 49 163 108 95 26 14 5 120 131 43 48 8 89 18 81 120 52 171 175 164 63 59 157 81 161 159 88 98 58 108 16 8 121 140 120 54 175 130 170 139 46 77 138 56 166 134 148 86 108 134 100 33 90 59 77 112 22 98 7 58 101 25 133 126 177 39 151 57 43 36 153 12 135 28 123 93 64 48 47 26 41 90 104 139 3 178 72 180 32 36 87 148 107 130 100 96 103 21 19 174 56 91 117 162 59 51 25 62 160 9 60 90 107 80 30 36 78 49 116 47 116 67 30 130 38 48 158 12 59 124 158 101 117 143 167 39 142 163 33 117 121 58 125 20 85 73 43 101 110 2 66 55 169 54 99 68 63 14 57 48 61 61 156 171 138 117 82 72 177 39 175 39 26 10 67 83 175 92 83 124 12 74 88 115 106 146 148 48 58 117 64 74 90 72 94 178 30 127 106 117 44 131 178 158 16 97 89 20 118 110 156 96 163 14 60 87 142 135 8 79 159 78 60 3 60 142 170 46 76 37 47 67 161 53 163 116 147 80 174 91 124 141 119 174 173 39 68 81 9 161 143 50 176 22 47 103 143 67 139 82 19 90 156 72 83 168 13 45 173 17 164 19 117 69 25 8 144 100 60 133 133 111 87 122 100 160 163 21 58 75 23 91 136 21 121 113 168 40 155 64 146 110 88 32 81 175 110 113 109 60 30 91 114 153 133 100 143 59 102 50 32 66 175 116 147 132 70 86 111 118 10 173 179 146 130 16 114 70 145 73 16 52 5 83 94 5 154 153 44 48 175 59 92 145 85 20 139 12 67 85 1 105 33 146 33 10 108 70 149 59 99 68 57 126 34 118 137 85 56 94 109 50 83 69 29 176 79 173 169 163 97 139 146 67 146 72 25 166 146 108 91 133 84 68 178 172 174 69 174 30 113 94 62 148 20 130 8 143 122 121 8 115 147 34 50 17 60 110 3 154 67 25 161 141 180 134 70 64 51 97 105 172 177 168 15 156 2 81 65 91 46 137 112 167 77 138 44 52 117 144 125 70 55 72 39 34 25 46 85 15 168 163 102 148 178 58 15 88 79 9 15 24 73 67 28 137 72 55 127 53 31 143 176 54 135 43 42 31 155 80 151 136 62 138 37 177 167 131 31 179 4 1 122 118 169 91 154 11 21 159 112 114 179 44 63 35 26 3 7 114 43 160 18 166 84 126 148 154 156 96 89 106 148 31 99 86 80 17 130 132 62 176 29 168 155 23 143 53 157 129 118 152 125 99 110 41 38 134 60 136 12 56 156 120 31 140 10 116 175 168 97 153 145 53 174 178 174 1 75 93 26 2 100 15 9 131 69 83 20 117 105 84 23 73 83 66 114 49 74 137 78 130 150 61 57 75 176 108 172 174 71 144 56 66 175 120 21 83 13 88 140 75 104 73 13 180 3 18 11 28 139 24 93 49 57 90 26 118 171 127 180 146 149 59 149 37 1 114 36 171 81 68 175 43 16 129 101 31 24 46 34 7 78 53 176 154 130 51 60 97 25 131 111 180 14 93 20 145 122 26 169 149 171 51 145 47 70 55 8 143 41 84 161 173 75 143 43 66 39 74 73 166 99 161 44 107 12 128 7 57 11 155 101 179 168 134 130 51 145 70 123 52 25 73 101 46 145 77 162 22 28 22 29 7 50 74 31 60 171 65 99 64 35 21 75 116 53 89 133 113 35 109 60 129 109 95 175 171 14 69 49 124 124 130 66 139 112 42 91 126 73 141 142 134 18 40 151 40 94 75 147 52 119 41 16 2 158 103 115 29 57 106 13 171 87 140 86 8 157 103 44 48 54 135 136 141 24 160 178 61 86 143 149 81 65 156 106 138 162 179 63 51 90 99 77 106 105 107 159 12 97 33 54 90 99 38 81 27 111 148 93 84 101 111 139 159 172 119 27 97 34 53 139 97 65 142 14 158 28 30 12 106 12 167 90 74 59 175 86 128 89 62 133 32 123 34 29 98 84 22 80 142 128 89 53 50 157 157 164 51 40 55 175 49 24 116 159 122 93 157 76 109 164 43 124 128 149 127 22 139 151 173 15 93 65 149 53 74 130 154 132 169 16 151 121 21 159 21 178 21
0.3
0.3
0.3
0.4
0.2
0.4
0.4
0.3
0.2
0.2
0.3
0.3
0.3
0.3
0.4
0.3
0.2
0.2
0.3
0.3
0.3
0.3
0.2
0.3
0.3
0.3
0.2
0.4
0.3
0.3
0.4
0.3
0.3
0.3
0.4
0.2
0.2
0.3
0.4
0.4
0.3
0.3
0.3
0.2
0.3
0.3
0.3
0.3
0.4
0.3
0.2
0.3
0.3
0.4
0.3
0.4
0.4
0.4
0.2
0.2
0.4
0.3
0.2
0.4
0.3
0.3
0.3
0.3
0.2
0.2
0.2
0.4
0.2
0.3
0.4
0.2
0.4
0.2
0.4
0.4
0.3
0.4
0.4
0.4
0.4
0.3
0.2
0.3
0.2
0.4
0.2
0.2
0.3
0.3
0.3
0.2
0.3
0.3
0.3
0.2
0.3
0.3
0.4
0.3
0.3
0.2
0.4
0.4
0.3
0.3
0.3
0.4
0.2
0.3
0.3
0.3
0.2
0.3
0.2
0.4
0.4
0.3
0.2
0.3
0.2
0.3
0.2
0.3
0.4
0.3
0.3
0.2
0.3
0.3
0.4
0.2
0.3
0.4
0.3
0.2
0.2
0.3
0.3
0.3
0.2
0.2
0.2
0.3
0.2
0.3
0.2
0.3
0.4
0.3
0.3
0.3
0.3
0.3
0.3
0.4
0.3
0.2
0.3
0.2
0.3
0.3
0.3
0.3
0.3
0.2
0.3
0.3
0.4
0.3
0.4
0.3
0.3
0.3
0.3
0.4
0.2
0.4
0.2
0.2
0.4
0.3
0.2
0.3
0.2
0.3
