70 12
15
18336
18981
19569
19127
18082
17841
19731
19565
18111
18246
18293
20783
18753
18142
19454
3.7 37.3 15.8 2.2
2.3 41.6 54.2 2.1
4.5 40.4 5.4 2
4.5 16.2 54.4 1.9
4.8 23.4 66.3 2
5 41 9.7 1.9
1.9 43.9 34.5 2.1
4.7 13.1 93 2.5
1.8 14.8 80.8 2.1
4.5 28.1 89.6 1.8
4.2 26.9 76.3 1.7
4.9 25.5 54.6 2.3
2.2 41 54.1 1.6
2.3 40.7 16.7 2.4
3.3 12.2 29.6 2.5
4 41.2 75.2 2.5
4.7 38.9 11.1 1.6
2.9 18.3 79.8 2.5
4.4 44.2 26.5 1.8
3.8 18.7 21.1 1.8
1.8 43.1 18.1 2.2
2.4 19.3 59.9 1.5
1.8 49.5 33.5 1.9
2.6 41.7 76.9 1.8
1.7 20.2 81.1 1.8
3.8 26.2 12.1 2
4.6 10.9 52.8 2
1.2 45 41.8 1.9
3.9 45.2 15.9 2
1.4 18.8 75.9 1.6
1.6 18.1 65 2.1
2.3 12.4 48.9 1.9
3.7 15.1 51.8 1.9
2.2 42.8 24.9 2.3
1.5 48.4 19.4 2.5
4.4 27.4 64.7 1.6
1.9 19.4 46.2 1.8
1.2 41 60.4 2.4
3.6 19.4 16.7 1.7
3.9 23 19.6 1.6
3.9 17.3 31.3 2.2
1.8 46.3 81 2.1
4.8 33.9 31.8 2.4
2.6 45.7 43.5 1.7
2.2 38.6 14.2 2
2.8 20.8 41.1 2.4
2 46.3 44.3 1.8
2.7 49.9 24 2
3.7 48.5 85.5 2.1
3.9 39.6 23.2 1.7
1.4 32.4 91.1 1.9
2 19.6 52.7 2.4
1.1 41.1 22.1 2.3
4.2 44.8 71.2 2
4.5 18.8 31.3 2.2
1.1 32 86.5 1.9
1.3 46 71.3 1.9
3.5 14.9 35.7 1.6
1.7 21.4 60.8 1.7
1.6 28.3 17.5 2.2
4.9 11.8 93.6 2.3
4.6 11.2 35.6 1.7
4.2 11.6 8.1 1.6
2 10.1 41.8 2.2
1 16.2 28.9 2
1.7 19.4 78.5 1.8
3 48.1 40.9 2
2.7 25.9 39.1 1.7
3.9 19.9 35.9 2.4
3.1 41.9 46.9 2.1
4.4 44.6 28.7 2.1
3.4 10.1 65.9 2
3.3 24.1 34.2 1.7
2.7 31.9 41.2 1.5
1.2 10.9 88.4 1.8
2.9 37 88.1 1.7
2.6 37.1 34.7 1.6
1.7 42.1 71.3 2.3
2.2 42.8 50.2 2.2
3.4 33.2 5.3 1.6
3 36.1 13.4 2.4
3.3 26.6 73.4 2.4
4.9 14.6 48.4 1.7
1.8 20.6 40.4 1.7
3.1 48.6 37.5 2.3
4.4 45.4 39.2 2.3
3.2 20.5 16.3 2.4
1.9 12.9 49.7 2.5
4 23.9 28.5 2.2
3 13.8 35.4 1.6
3.8 16.6 31 1.7
2 24.6 22.8 2.4
4.9 44.2 88.2 2.5
4.9 48.2 60.1 2.2
2.1 39.5 63.2 2.3
4.1 23.6 82.3 1.7
4.8 30.3 87.1 2.2
2.9 26.9 83.9 2.4
1.5 26.4 31.6 1.9
2.3 28.3 22.4 1.8
2.4 32.9 75.5 2.1
1.2 16.7 59.9 1.6
2.9 24.6 17.3 2.3
4.3 21.5 46.8 2.2
4.5 13.9 84.8 1.6
2.8 31 31.6 2.5
3.7 43.8 27.8 1.6
2.3 40.6 25.7 1.6
2.6 35.4 9.6 1.7
2.1 39.6 9.8 2.2
5 45.2 90 1.9
3.4 29.4 28.5 2.2
3.6 41.5 43.8 1.8
2.5 13.2 15.7 2
1.4 25.4 13.9 2
2.6 28.4 7.2 1.6
4.5 19.6 92.2 2.2
1.9 12.6 30.8 2.3
2.8 33.8 40.5 1.6
4 43.5 26.1 2.4
3.5 15.4 65.5 1.8
1.5 12 38.1 2
3.5 46.8 19.3 1.9
4.3 43.3 51.1 2.1
2.2 27.1 77.8 2.5
3.9 14.5 28.5 2.2
1 10.2 15.3 2
3.1 45.1 71.5 1.9
1.1 30.3 30.4 2.1
1.6 10 38 2.3
2.6 14.6 67.8 2.3
3.4 31.6 88.6 1.9
2.1 20.7 50.4 2.2
2.3 24.1 42.8 1.8
4.5 45.9 38.6 1.6
3.7 46.4 42.7 2
3.5 14.2 33.5 2.5
2.9 45.5 32 2.5
2.3 17.9 85.9 1.8
2.4 30.2 86 2.3
1.6 46 77.8 1.8
1.9 11.3 51 2.4
2.1 28.2 8.1 1.9
1.3 45.5 32.2 2
4.6 26 30.7 1.8
2.9 14.7 21.3 1.9
4.4 32.5 7.9 2.4
4.2 39.4 20.1 2.5
3.1 23.8 36.4 2.3
3.4 33.1 50 2.4
2.5 23.8 82.1 2.3
4.1 34.5 7.1 1.7
1.2 41.1 43.4 2.4
3.7 18.6 92.8 1.8
5 27 50.1 2.2
3.3 25.5 70.3 2.1
3 35.4 14.4 2
2.6 35.2 62.5 2.1
3.7 10.7 52.6 1.9
1.4 35.4 72.9 2.4
1.8 17.1 82.8 1.7
1.2 17.9 61.8 2.5
1.3 27 50.6 2.4
1.8 39.4 94.3 2
4.8 39.5 30.8 2
2.7 35.7 70 2.2
2.5 48.5 5.4 1.9
4.9 20.6 19.6 2.3
4.7 19 37 1.9
4.2 43.7 38.4 2.3
4.6 30 53.7 2.1
3.6 14.8 50.1 2.1
3.6 27.7 70.1 1.8
1.6 21.8 61 1.9
3.9 29.8 90.1 1.5
2.5 36.7 10.9 2.3
1.4 31.9 92.1 1.9
3.6 30 75.7 1.9
3.8 22.2 17.2 2.2
1.6 10.2 36 2
3.9 24.8 73.6 2.3
2.8 21.5 52.8 2.3
1.5 11.8 67.9 2.4
4.9 47.3 10.7 2
4.5 33.4 34.5 2
3.5 13.8 55.6 1.5
4.8 41.6 71.2 2.3
2.9 48 85.3 1.6
2.8 20.6 86.8 1.5
3.9 11.9 48.9 2.2
2.4 20.5 64.2 2.5
2.3 39.4 87 2
1.5 18.1 88.8 1.7
4.5 48.2 79.1 1.6
4.8 20.3 63.1 2.4
4.6 15.6 60.3 2.1
1.1 17.4 30.9 2.3
1.4 41.2 13.4 2.1
3.1 49.1 85.8 1.9
4.3 44.4 10.4 2.4
1.2 37.3 72.6 1.6
3.5 25 76.4 2
4.2 29.2 30.3 2.2
2 12.9 78.8 2.2
2 26.2 22.8 1.9
1.3 15.9 14.4 2.1
1.7 25.6 11.9 1.8
4 39.2 67.2 1.9
1.5 20.8 35.9 2.3
3.2 12.2 85.6 1.9
1 20.5 44.5 1.9
1.3 16.6 37.5 1.5
3.8 33 39 2
1.8 47 85.1 2.5
1.7 13.6 25.1 1.7
4.5 10.1 87.8 2.2
4.8 39 21.9 1.9
3.3 33.1 14.7 2.2
4.9 14.5 86.1 2.3
3.7 17.2 64.2 1.7
1.7 50 25.3 1.8
1.4 49.2 24.3 2.4
4 38 44.4 2.3
1.2 20.3 52.9 1.6
1.9 24.6 36.9 2.2
2.8 30.7 87.9 2
3.6 16.2 75.3 1.9
2.6 17 64.7 2
4 30.6 88.8 1.8
2.4 29.7 94.4 2.3
1.3 36.3 56 1.6
1.5 30.9 16.1 2.3
1.8 25.6 92.9 1.7
3.2 23.7 86 2.3
5 27 39.6 2.1
2.1 30.2 50.5 2.1
4.1 31.7 10 1.9
4.3 37.6 5.1 2
1.6 38.6 53.2 2.3
3.4 30.2 29.8 1.8
2.9 49.2 14.7 2
1.7 20.7 23.8 2.2
2.3 38.9 79.5 1.5
1.8 24.8 6.5 2.1
3.9 34.5 64.2 2.1
2.6 33.4 43.8 2.4
1 39 68 1.7
3.8 13.9 73.5 1.9
1.6 26 29.5 2.2
4.8 32.8 51.9 1.6
4.5 44.5 21.8 1.9
2.3 20.5 16 2.1
3.7 40.7 54.7 2.4
2.9 39.6 22.1 1.9
2.9 19.5 7.7 1.7
1.8 36.7 63.1 2
2.6 32.8 86.4 2.5
4.4 15.9 20.9 2.3
4.5 48.4 49.2 2.4
1.8 28.7 84.6 2.4
4.9 26.3 59.7 1.7
1.6 19.6 37.4 2
4.1 24.8 10 2.3
1.1 35.5 29.9 2.1
3.8 26.1 80.8 2.3
4.5 43.9 47.6 2.4
3.3 14.4 61.8 2.2
3.2 24.7 82.9 2.2
2 37.5 68.8 1.5
3.2 27.6 59.7 2.3
3.9 30 91.7 2
5 36 36.6 2.1
4.3 48.5 22 2
1.7 11.7 51.6 2.3
3.6 11 7 2
2.7 12.2 67.1 2.5
4.8 28.7 21.9 1.8
2 40.3 86.2 2.1
3.1 33.1 55.7 1.7
3.5 27.1 81 2.1
1 48.5 9 1.6
4.2 21.1 85.4 2.3
1.6 14.2 70.6 2.2
2.2 30.2 53.3 1.5
1.7 37.4 6.3 2
4.7 25.5 18.7 2.1
3.7 26 43.5 1.9
3.3 20.3 61.6 1.9
2.8 24.4 13.7 2.1
1.7 30 89.3 1.6
4.3 42.1 38.1 1.5
2.7 28.2 38.9 2.3
1.1 33.5 49.2 1.7
3.3 30.4 64.7 2.3
4 31.9 79.1 2.5
3.9 40.4 41.2 1.7
2.2 33.7 43.6 2.3
3.6 31.2 90.5 1.5
1.2 46.6 41.9 1.8
1.5 35.5 31.4 1.7
2.9 16.1 66.1 2.1
1.3 27 19.8 1.6
3.8 24.1 60.1 1.8
4.6 33.3 92.6 1.9
2.8 25.4 35.9 2.5
1.2 15.5 30.6 2.5
2.9 12.6 86.5 1.7
2.1 11.6 36.5 1.6
4.3 12.9 90.1 2.4
3.8 41.9 21.1 1.8
1.8 26.3 83.7 1.8
4.4 36 56.9 2.4
3.6 13.7 69.4 2
3.7 35.7 5.3 1.7
3.1 26.3 77.9 2
1.7 30.8 61.3 2.3
3.9 27.9 55 2.3
1.7 47 33.5 1.9
1.4 20 10 1.5
2.1 30 67.5 2.1
1.7 36.7 79.4 2.2
3.4 33.2 54.2 2.2
1.5 39.8 93.1 2.3
3.1 10.1 10.6 2.5
1.2 28.8 47.8 1.6
4.2 29.6 33.3 2.4
3.6 21.6 8 2.3
3.2 38.1 74.2 1.8
1.8 15.8 34.9 2
1.5 41.4 75.6 1.8
4.2 29.8 28.1 1.6
1.1 50 54.7 2
4.5 23.5 78.1 1.5
3.5 29.5 53.6 1.7
3.8 17.8 34.2 1.6
1.1 45.5 22.9 2.1
4.3 28.4 20.5 1.9
4.4 27.8 19.5 1.6
1.9 14.7 68.7 2.1
2.7 44 77.5 2.3
1.4 34.1 75.5 2.3
2.7 34.6 26.9 2.4
1.9 22.1 29.4 1.5
4.2 12.1 72.5 1.9
4.5 39.5 8.2 2.2
1.8 12.1 24.7 1.6
3.3 15.7 36.3 2.1
4 19 51.6 2.3
1.4 36.4 31.8 2.1
4.3 47.9 57.1 2.4
2.6 47.9 64 2
3 40.1 59.9 2.1
3.7 23.4 49.6 2.2
1.3 37.8 57.9 2
4.1 45.2 85 1.6
3.9 42 50.2 2
1.8 30.3 30 2.3
3 39 30 1.8
2.5 36.1 7.7 1.7
4.8 34 37.9 1.7
4.1 31.7 42.8 1.6
4.7 20.5 71.9 2.2
2.8 17.1 72.2 2.2
4.3 38 48.8 1.7
1.2 11.5 19.6 1.9
1.3 25.5 63.1 1.9
1.9 48.6 14.8 1.6
4.7 19.2 47.7 2.1
4.5 25.7 92.6 2.3
1.2 26.8 18.4 2.4
3 12.8 61.1 1.5
4.2 40.3 31.4 1.9
2.3 24.2 9.7 1.5
1.4 34.6 32.1 1.6
2.2 34.6 92.5 2.3
2.2 32.9 19.1 2.1
2 34.2 18.8 1.7
2.8 19.9 39 2.4
1 25 15.8 2
1.5 19.3 60.4 1.7
1.4 31.7 59.6 2.3
4.1 20.5 10.9 2.4
2.1 22.2 85.2 2.1
4 24 16.9 2
1.8 19.1 16.4 2.2
1.1 11.3 26.1 2
2.1 16 56.1 2.2
3 27.3 91.4 1.6
4.7 13.5 5.9 1.8
2.3 32.2 20.2 1.6
2.3 12.6 90.5 1.8
2.4 11.5 11 2.5
3.6 26.9 16.1 1.8
4.5 38 9.3 2.4
3.2 37 22.8 1.6
4.8 10.1 70.4 2.3
1.3 17.2 27.7 2
1.1 47.8 7.7 2.3
3.9 45.6 38.9 1.6
1.8 46.5 72.3 2.3
3.9 41.3 80 2.4
4.8 24.1 48.9 1.6
2.9 33.6 29.2 2.4
2.7 48.4 31.4 1.9
2.8 41.6 12 1.7
3.4 48.6 69.2 2.2
1 19 47 1.5
1.9 22.5 67.9 2
3.5 34.1 41.4 1.8
3.7 34.2 44.4 2.2
2.5 13.6 58.2 2.1
1.7 27.6 68.4 1.9
2.5 39.9 42.7 1.8
3.4 49.7 94.4 2.3
2.5 32.7 37.6 1.7
3.3 45.7 88 1.8
2 31.5 82 2.2
3 32.6 36.7 2
4 23.2 32.7 1.9
3.3 49.7 6.8 2.3
2.1 26.3 39.6 2.3
3.9 48 65.4 1.8
1.9 35.3 43.5 1.7
4.1 26.8 10.2 2.3
1.2 35.4 6.6 2.4
3.2 33 47.1 2.5
3.5 16 86 2.3
4 20.8 74.8 2.4
1.4 33.7 79.9 1.8
2.1 22.9 73.7 2.1
4.6 37 29.6 2.1
4.7 15.5 52.5 2.5
2.8 26.2 46.7 1.8
3.4 21.7 65.4 2.3
3.7 21.5 75 2.1
2.4 32.5 76.6 1.9
2.2 42.7 6.1 2.3
4.6 31.3 87.2 1.8
1 18.6 87.6 1.7
4.3 18.2 79.3 1.5
1.6 15.9 74.1 2.2
4.4 22.5 20.9 2.1
2.9 19.7 10.6 2.4
1.6 47.8 87 1.7
2 29.3 44.2 2
2 49.3 59.5 2.3
4.7 49.2 41.9 2.3
4.5 47.8 94.6 1.8
3.2 37.9 62 1.7
3 27.4 61 2.1
2.3 14.2 76.8 1.5
3.7 15 68.1 1.5
2.7 32.7 40.6 2.2
3.5 34.7 45.3 1.6
2.6 38.6 86.1 1.9
4.6 42.7 25.6 1.7
1.7 44.9 91.7 1.8
3.2 19.9 92.5 1.5
3 46.9 65.6 2
2.9 12.6 88.7 2.5
2.1 41.8 30.7 2.1
4 37.2 72 1.7
4.8 37 21.3 1.8
2.1 12.5 66.1 1.6
1.2 49.6 6.6 1.7
3.7 29.5 44.1 2.5
3.1 41.6 23.3 2.5
1.2 17.1 56.2 2.2
2.3 29.5 40.1 2.1
2.9 43.3 5.3 2.1
3.4 17.6 7.3 2.4
3.9 39 85.3 1.5
3.1 36.6 62.2 2.1
2.8 49.7 37.2 1.8
3.5 19.3 73.9 2.1
1.5 17.5 45.3 1.7
4.8 29.2 71.5 1.6
2.5 20.2 71.2 1.8
4.9 21.3 85.3 2
2.2 41.6 33.6 2.3
3.9 48.5 44.3 1.7
3.6 36.8 48.4 2
2.3 34.1 18.9 2.3
1.4 35.8 83.7 1.8
3.8 33 37.4 2.4
3.4 25.2 15.5 1.7
4.4 35.1 48.7 1.8
2.2 19.3 24.6 2.5
3 13.4 44.8 2
3.8 43.1 73.8 2.4
2.8 35.5 93.2 1.5
3.1 28.3 86.6 2.1
3.8 33.3 32.5 1.9
5 14 75.9 2.4
1 43.6 48 1.6
3.5 16.3 62.9 1.7
4.5 12.2 72.6 2.4
3 31.9 45.4 2.5
3.4 35.2 90.4 1.7
1.7 33.9 82.9 1.6
1.7 31.3 35.8 1.6
4.6 35.3 61.5 2.3
3 26.5 5.5 2
2.2 31.9 56.7 2.4
1.9 30 46.2 2.3
3.8 40.1 6.5 1.6
2.1 45.3 16.4 2.5
2.2 16.6 40.1 2.3
1.5 37 31.8 1.6
3.2 20.3 13.4 2
1.9 28.3 25.3 1.8
3.8 32.8 22.7 1.7
4.4 38.9 18.9 2
2 40.5 68.1 1.7
4.9 43.9 67.5 2
4.2 17.3 31.5 1.9
3.2 39.9 10.8 1.8
2.5 16.2 32.1 1.9
1.8 16.3 93.3 2.2
2.4 36 74.3 2.5
3.1 27.8 91 2.1
4.4 21.9 81.4 1.6
4 47 44.2 2.4
2 39.1 57.3 1.9
3.1 15.5 7.3 2.2
1.4 29.1 72 1.8
2.1 10.7 87.3 1.6
4.3 28.2 70 1.7
4 28.4 22.5 1.9
3.7 41.3 73 1.8
4.3 35.6 71.6 1.6
1.8 36.5 48.4 2
3.1 36.7 78.8 2.4
1.5 21.2 42.5 2.2
4.9 26 13.4 1.7
3.8 43.9 85.2 2.3
4.9 33.7 14.5 2.1
2.3 32.6 51.9 1.8
1.1 13.4 6.1 1.7
3.8 21.4 34.6 2.1
2.6 20.5 7 1.6
4.1 15.7 71.8 2
4.4 42.4 19.2 2.4
3.3 40 31.9 2.1
1.5 16.2 75.6 2
1.7 11.9 16.4 1.9
1.6 22.9 20.7 1.8
2.2 18.6 86.4 2.2
3.1 26.7 50.1 1.9
4.8 14 7.4 2.1
4.6 31 9.1 2.3
4.8 45.2 45.6 1.8
3.1 30.2 29.3 2.3
4.3 33.4 9.4 1.6
1.9 45.6 8.7 2
4.3 48.5 58.3 2.2
3.7 47.2 47.6 2.5
2.5 10.3 13.9 2
4.5 38.2 22.8 1.7
2.4 36.2 34.3 2.1
4.8 20.6 12.8 2.1
4.1 27 57.6 1.7
1.1 44 44.3 2.3
2.4 31.2 91.7 2.2
3.2 23.2 80.3 2.5
2.9 29.4 16.6 2.2
3.7 25.3 50.6 2
3.4 35 59.7 1.8
4.4 49.2 28.3 2.3
5 39.3 45.4 2
3 44.1 92.4 1.9
2.9 46.1 59.2 2.2
4.5 21.3 79.9 1.8
2.8 10.8 63.6 2.3
3.2 29.2 87.4 2.5
1.7 39.2 52.8 1.7
1.5 16.2 5.7 2.2
2.4 26.5 6.7 2
3.7 41.4 57.1 1.9
2.8 26.3 63.6 2.5
1.9 37.6 78.1 2
3.6 28.6 68 1.9
2.6 27.7 26.3 2.1
2.3 48.7 45.1 1.9
1.7 49.4 17.9 1.9
1.9 35.7 39.2 2.1
4.3 18.9 49 2.3
1.9 38.9 48.5 2.4
1.9 14.1 25.4 1.7
2.2 47.1 17.3 2.2
1.7 19.4 71.9 1.9
4 39.3 84 1.8
3.9 31.9 63.7 1.6
2.4 15.2 75.9 2.2
3.6 38.6 32.1 2.1
4.4 15.2 72.3 2
2.4 24.5 59 2.3
1.9 13.1 34 1.5
4.1 20.4 47 1.7
5 15.7 30.9 2
4.3 24.5 62.9 1.7
2.1 24.6 18 1.9
2.1 17.8 84.7 2.3
2.6 25.9 57.2 1.6
1.6 25.5 7.6 1.9
1.1 16.3 83.4 1.7
2.1 16.7 25.2 1.6
3.4 27 29.2 1.7
3.6 10.7 94.7 2
4.1 35.3 38.8 1.6
1.3 19 86.4 2
2.1 38.4 25.5 1.7
3.6 32.8 13.6 1.8
3.8 22.7 42.2 1.5
2 29.7 77.9 1.6
4.8 23.7 92 2.4
2.1 13.4 30.8 2
2 12.6 26.6 1.8
3.3 32.5 62.1 2.4
1.1 12.1 67.1 1.6
2.5 21.6 40.2 2.3
2.1 43.8 8.1 1.7
1.4 30.8 22.1 2.1
2.6 46.2 13.7 2.1
3.9 39.5 30.5 2
3.8 25.7 91 2.2
1.1 48.4 43.5 2.2
2 42.6 24.4 1.8
4.5 15.6 55.6 1.7
1.9 48 58 2.3
5 46.7 12.7 1.9
1.1 33.1 64 1.5
1.4 32.9 28.7 1.9
1.5 23.6 87.3 1.8
1.3 16.9 64.4 2
1.5 32.8 70.4 2.1
1.5 41.8 35.9 1.8
4.1 17.2 56.6 2.4
2.3 26.9 5.5 2.4
1 48.4 76 1.9
4 48 47 2.4
2.2 45.1 54.5 1.6
4.3 35.7 92.3 1.6
2.5 47 33.2 1.9
4.2 36.4 13.4 2
1.3 33.1 53.7 2.2
2.7 24.7 19.3 1.8
1 29 18.1 2.2
1.7 19 54.2 1.7
1 36.9 44.4 1.6
2.3 11.7 50.2 2.4
3.8 42.4 12.8 1.7
2.6 29.7 68.3 2
4.2 41 67.8 2
2.2 48.3 46 1.8
3 44.7 21.7 1.5
3.8 11.7 73.4 2.1
1.6 12.9 6.6 2.4
4.7 24.2 90.1 1.7
5 15.8 44.5 2.3
1.7 10 68.4 2.4
1.6 48.8 91 1.9
2.1 12.6 79.7 2.2
2.3 42.5 40.6 2
1 37.7 57.1 2.2
1.1 35.2 37.3 2.4
4.6 23.4 80.4 2
4.2 33 80.3 2.1
2 45.6 22.5 2.2
1.2 29.1 80.7 1.5
4 16 51.9 2.4
4.8 32.6 7.8 1.9
4.1 25.7 60.6 1.5
2.2 10.3 73.1 1.6
4.5 38.5 29.5 1.7
1.6 42.9 80.1 1.8
3.3 12.8 72.1 1.9
1.8 33.3 69.8 2.2
1.1 11.8 89.7 2.1
5 10.6 27.2 2.3
4.4 38.2 69.7 2.4
2.6 27.8 11 1.9
3.6 42.4 31.8 1.7
2.9 38.3 35.1 1.7
1 45.9 18.8 1.9
4.8 32.6 69.3 1.6
2.7 23.6 46.3 2.2
1.9 44.6 18.9 2
3.2 42.9 50.5 2.3
2.7 40.7 52 1.8
2.4 33.2 5.8 2.3
4.8 49.6 40.3 1.6
1.4 44.2 24.3 2.2
4.7 22.9 33.8 2.4
4.3 28 24.3 1.9
1.3 27.9 76.6 1.6
4.7 22.4 30.7 2
4 13.9 62.7 2.3
4 48.7 24.4 2.1
4.9 17 81.2 2.2
1.4 46.8 14.1 2.4
3.7 42.6 63.2 2
2.1 18.3 24.1 1.6
4.4 38.7 90.7 2.1
3.8 36 18.6 1.7
2.4 47.2 20.9 1.8
3.2 12.7 79.2 2.1
2.9 45.8 45.4 2.4
2.2 11.6 23.5 2.3
3.2 36 77.5 2.1
2.7 34.7 5.4 2
1.6 37.4 13 2
3.2 24.9 28.4 2.2
1.7 48.3 12.9 2.2
1.9 25.6 59.3 2.1
3.1 46.5 91.9 1.6
4.9 31.2 25.7 2.3
4 45.3 12.5 1.7
1.4 12.2 41.4 2.1
2.6 24.2 5.9 2.2
1.4 44.8 81.7 1.5
4.7 14.5 46.5 1.7
2 48.5 13.6 1.6
2.5 44.7 83.7 2.1
1.3 12.4 35.3 1.7
1.2 47.8 10.7 2.3
4.4 44.2 54 1.8
1.1 17 86.8 2
2.2 29.9 35.7 1.6
4.7 29 77.3 2
2.2 35.7 16.2 1.8
2.7 19.8 76.6 2.1
3.4 14.8 69.4 1.9
2.5 17.1 75 1.8
3.6 17.1 68.3 1.5
3.8 42.2 49.6 2.1
4 15.9 37.3 1.8
3.6 16 75.4 1.9
4.5 30.9 27.1 1.7
3.9 10.1 21 2.5
4.2 21.4 93.6 1.9
2.3 46.6 47.7 2.1
2.7 24 79.7 2.1
2.4 43.8 90.8 1.9
1.8 30.6 18.7 2.3
4.3 13.4 78.3 2.4
4.8 19.2 41.8 2.1
2.9 10.8 22.5 2.1
3.5 29.8 48.9 2.2
1 15.7 10.9 2.1
1.4 28.3 13.4 2.4
2.2 46.4 14.4 2
2.9 15.1 92 2.3
2 31.7 52.3 2.1
3.8 31.1 68.4 2.2
4.7 45.8 65.3 2.2
1.1 38.8 40 2.5
2.6 37.3 40.3 1.5
1.3 18.5 72.6 1.6
1.6 14.8 8.1 2.4
3.3 31.4 66.1 2.3
4.9 32.3 42.8 2.2
2.9 46.2 64 2.2
4.5 33.4 38.4 2
2.5 27.8 44.2 2.5
4.1 34.7 20.2 1.6
2.2 16.5 84.9 2
3.2 36 39.7 2.2
2.9 16.7 17.8 2.1
3.1 18.3 87.7 1.7
2.1 43.8 92.7 1.9
4.3 40.4 10.8 1.9
2.9 28.7 80.4 2.1
3.8 44.7 33.1 2.5
3.3 35.4 42.6 1.8
4.3 18.4 66.2 1.7
4.2 36.7 84.3 1.5
2.1 31.1 62.6 1.9
1 17.8 8.6 2.2
3.9 11.5 65.2 1.9
2.6 22.9 17.8 2.5
4.1 19.3 37.9 2.3
1.9 45.3 23.8 2.2
4.1 31.5 17.9 1.8
2.2 11.4 89.2 2.2
3.7 20.4 36.2 1.7
3.6 24.1 54.7 2.3
4.7 21.7 79.4 2.3
1.4 20.3 30.7 2
4 42.5 72.4 2.2
1.5 18.2 23.7 2.3
3.6 27.9 40.1 2.2
2.8 32.8 15.6 1.6
3.7 26.6 60 2.4
1.4 19.1 57.6 1.6
4.5 32 74.2 1.9
3.6 22.9 24.3 2.3
4.3 27.5 28.6 2.4
3.9 47.5 11.3 2
3.9 45.5 7.4 2.1
4.6 28.4 76 2.2
2.9 43.5 87.5 1.8
3.4 45 65.7 1.9
4.6 44.3 12.1 2.3
2.5 26.3 89 2.4
4.9 21.3 79.3 1.9
4.2 26.6 78.9 2.1
4.1 33.4 62 2.4
4.6 44 90.9 2.4
3 48.9 19.2 1.5
2.4 21.5 8.1 1.5
2.6 40.1 19.5 2
4 14.9 58 1.7
4.6 15.2 73.2 2.1
2.9 39.1 7.4 2.1
3.7 44.5 33.5 2.5
3.8 38.9 71.9 1.6
2.5 44 28.8 2.2
4.5 30.6 78.8 2
4.9 37.7 16.4 2.4
3.8 14.9 94.9 2.3
3.2 30.7 52.7 2
2.5 17.8 76 1.6
3.4 43 87.9 1.7
3.9 43.6 42.5 2.2
2.1 26 68.8 2.5
1.5 35.6 59 2.2
1.8 19.4 16.5 1.8
1.1 21 40.1 1.9
1.6 46.1 39.7 1.6
4.5 44.6 74.8 2.5
4.7 48.4 49 2.3
1.4 31.7 48.3 2.4
1.3 29.9 63.1 1.8
4.7 47.2 11.3 1.8
4.5 37.1 93 1.8
2.3 18.1 79.3 2.4
3.9 34.5 9.9 1.9
1.6 35.2 8.6 2.3
3.2 19.3 82 1.5
3.4 46.1 76.3 1.6
1.8 23.6 83.7 2.2
2.5 13.4 47 1.7
4.5 12 45.9 2.3
3.1 41.6 53.9 2.1
3.4 21.1 88.1 2.2
2.3 31.6 19.2 2.2
2.5 17.7 69.2 1.8
1.8 11.4 38.1 1.8
2.5 12.8 18.5 1.8
3.3 31.8 68.4 1.7
2.2 13.4 85.4 2.4
4.7 19.9 39.5 2.1
3.9 23.4 90.1 2.4
1.7 32.8 53.9 2.1
3.5 24.7 91.8 2.2
2.4 42.7 46 2
1.1 32.9 25 1.5
2.2 26.9 63.8 2.1
3.5 46.6 68.3 2
2.4 19.9 30.7 2.1
4 33.8 67.5 2.1
2.1 17.8 24.8 1.8
4.8 31.3 86.8 2.1
1.4 48.6 79 1.6
3.2 28.9 38.2 1.8
4.1 10.7 61.5 2.3
4.8 41.9 34.3 1.7
2.9 49.7 66.5 2.3
2.8 36.2 59.7 1.7
1.9 38.8 42.1 1.8
1.4 42.3 39.8 1.6
3 36 61.1 1.9
1.7 21 71.2 1.6
1.6 26.2 55.4 2.1
4.9 31.3 86.3 1.6
4.2 30.3 52.3 1.9
4.7 40.8 57.4 1.5
2.1 11.5 32 1.6
2.6 34.6 72.6 1.7
3.3 26.4 87.4 1.9
3 11.9 43.7 1.9
2.1 36.9 28.3 2.4
4.5 43.3 56.7 2.2
2.4 18.9 85.9 2.2
4.2 35.7 59.7 2.2
3.2 14.3 93.8 2
3.7 26.3 37.2 1.9
3.5 44.7 33.5 2.3
1.9 11.8 88.6 2
5 33.8 83.5 1.9
1.3 22.8 83.1 2.1
2.2 46.4 48.3 1.5
4.4 44.2 86.6 1.8
3.2 31.9 43.1 1.5
2.6 11.7 57.1 1.7
3.6 46.4 77.7 1.6
2.8 19.5 88.6 2.4
2.9 10.5 65.4 2.1
1.2 10 86.4 1.9
4.6 13 91.4 2.2
2.9 17.2 39.5 1.6
2.9 33.2 51.4 2.4
3.6 27.3 56.7 1.8
1.4 49.8 33.6 1.6
1.7 28.4 88.5 2.2
3.7 27.5 67.4 2.1
4.5 49.3 11.2 2.1
1.6 45.6 78.2 2
4 43.8 7.3 1.8
4.4 10.4 19.2 2.2
1 30.5 32.7 1.7
3.4 45.4 38.5 2.1
1.6 46.6 57.4 2
3.1 41.7 83.7 1.9
1.5 44.6 67.4 2.1
5 12.1 20.3 2.1
1.3 24.9 38.3 2.5
4.6 47.2 75.4 2.4
2.9 33.2 77.5 1.6
2.3 32.6 45.7 2
3.5 24.3 84.9 1.9
4.9 46.2 23.9 2.4
3 20.9 38.3 1.8
1.4 18 5.4 2.1
3.9 17.7 39.3 2.4
3.3 23.8 43.4 2.4
5 15.3 91.4 2.2
3.9 28.9 7.5 2.3
3.1 41.9 7.6 1.8
2.3 36.1 87.1 1.9
2.7 16.5 68.2 2
2.2 37.9 77.6 1.9
2.4 46.3 50 1.9
1.3 49.9 12.2 1.6
2.5 10.1 34.2 1.9
5 21 19.2 2.3
1.4 24.3 33.1 2.4
1.5 49.2 92.2 2.1
3.2 24.3 76 2
4.9 32.7 82.5 1.7
1.3 45.9 68.6 1.7
2.6 35.1 20.1 2.2
3.2 49.3 28.1 2.1
2.1 36.5 93.9 2.4
2.7 30.5 78.9 1.9
2.1 19.8 65.3 2.4
2.8 44.1 12.3 2.4
4.5 46.1 35.1 1.8
2.1 30.4 22.1 1.6
2.5 13.7 38.2 2.2
4.6 43.2 79.2 2.3
4.8 37.7 25 2.2
3.7 20.2 69.7 2.4
4.6 17.4 58.1 2
1.7 14.8 30 1.8
1.8 20.3 72.9 2.5
3.5 26.6 13 1.6
3.1 28.3 77.2 1.6
1.2 13.2 81 2
4.1 43.4 59.1 2
1.3 39 64.5 2.2
2.9 17.5 37 1.7
2.3 47.2 70.8 1.8
1.5 48.1 36.5 2.4
3.3 43.8 81.3 2
3.1 44.5 47.4 1.9
4.5 26.6 63.2 2
2.1 43.1 41.7 1.7
1.6 47.8 16 1.5
1.6 46.2 22.1 1.9
1.8 21 68.1 1.7
1.6 30.4 79 2.1
4.4 22.5 41.4 1.5
1.2 43.2 68.9 1.7
1.3 18.3 74 1.7
2.9 47.7 44.9 1.8
4.3 42.7 43.9 1.9
3.8 18.2 73.1 2.4
2.5 33.3 51.7 2.5
4 17.3 54 2.3
1.5 11.4 28.5 2.5
1.1 49.6 48.9 1.7
1.7 48.4 34.4 1.8
2 19 12 1.8
3.5 41.7 76.1 1.5
1.8 34.1 50.9 2.5
3 30 88.9 1.6
4.9 49.8 31.7 2.2
1.7 41.9 82.6 2.2
3.1 49.5 67.4 2.1
2 31 17.3 1.7
2.5 33.2 62.5 2.3
4.4 22.2 26.7 2.2
4.1 41.1 30.6 1.5
4.9 14.7 91.7 1.8
1.7 42.7 65.5 2.5
3.4 17.9 63.6 2.5
2.7 33.9 39 1.6
2.9 10.9 30.6 1.6
4.9 10.6 66.3 1.8
3.7 37.6 30.4 1.7
4.5 40.8 31.6 2.1
1.7 29.3 94 1.9
2.5 35.4 14.7 1.8
2.4 17.2 34.4 2.1
2.5 17.1 7.1 2
3.9 11.3 65.1 1.6
2.3 42.6 22.8 1.5
4 30.2 22.6 2.2
2.8 14.5 66.5 1.6
3.2 20.4 35.9 2
3.2 44.6 69.6 1.8
2.1 18.5 75.8 2.4
2 17.2 83.5 2.3
3.3 47.1 39.5 2.3
4.1 32.9 9.7 2.3
3.2 15.3 30.8 1.7
3.5 37.1 13.6 2.4
1.4 41.2 79 2.4
3.2 42.8 19.1 1.8
4.5 33.2 33.6 2.3
4.8 20.8 86.8 2.3
1.6 26.2 68.7 2.2
4.1 11.3 8.4 2.2
1.8 10.2 6.3 1.8
3.2 47.7 34.3 2.4
4 43.7 39.6 2.3
4.8 19.8 20.5 1.5
3.9 21.3 25.6 2.5
4.2 42.2 72.7 2.3
3.5 35.6 91.6 2.3
4.2 18.5 69.8 1.6
4.3 39.3 60.1 1.5
4.6 10.2 77 2.2
1.7 40.8 63.8 1.6
1.2 19.3 63.8 1.7
3.2 26.6 42.7 2
4.3 47.9 9 1.6
4 24 84.9 2.4
2 10.8 23.5 2.5
2.6 18.9 16.6 1.8
4.9 28.5 14.2 2.2
3.3 12.1 69.5 1.5
2.1 11.9 16.1 2.3
2.2 28.7 35.2 2
1.6 24.3 22.4 2
4.9 26.2 91.7 2.5
2.5 37.5 56.3 1.9
3 30.7 75.6 2.2
0.4 0.4 0.3 0.2 0.3 0.3 0.2 0.3 0.2 0.3 0.2 0.4 0.2 0.3 0.2 0.3 0.2 0.2 0.4 0.3 0.3 0.3 0.4 0.3 0.4 0.2 0.3 0.3 0.4 0.4 0.3 0.2 0.2 0.4 0.4 0.4 0.2 0.3 0.2 0.3 0.3 0.3 0.3 0.4 0.2 0.3 0.2 0.3 0.3 0.2 0.4 0.3 0.3 0.4 0.4 0.4 0.3 0.3 0.3 0.3 0.3 0.4 0.3 0.3 0.3 0.3 0.2 0.4 0.4 0.3 0.3 0.3 0.3 0.4 0.3 0.2 0.2 0.3 0.3 0.3 0.4 0.2 0.4 0.3 0.3 0.3 0.3 0.3 0.3 0.2 0.3 0.2 0.3 0.3 0.3 0.4 0.3 0.2 0.2 0.3 0.4 0.3 0.3 0.4 0.4 0.4 0.3 0.3 0.3 0.3 0.3 0.3 0.3 0.4 0.3 0.4 0.3 0.2 0.4 0.3 0.3 0.2 0.3 0.2 0.3 0.4 0.3 0.2 0.3 0.4 0.3 0.3 0.3 0.3 0.4 0.3 0.4 0.2 0.2 0.3 0.4 0.3 0.2 0.3 0.3 0.3 0.3 0.4 0.3 0.2 0.3 0.3 0.4 0.3 0.2 0.3 0.4 0.3 0.3 0.4 0.3 0.2 0.3 0.2 0.4 0.3 0.4 0.4 0.3 0.4 0.3 0.3 0.3 0.3 0.2 0.3 0.3 0.4 0.4 0.3 0.4 0.3 0.3 0.3 0.4 0.4 0.4 0.4 0.4 0.2 0.2 0.3 0.3 0.4 0.3 0.4 0.2 0.2 0.3 0.3 0.3 0.3 0.3 0.2 0.3 0.3 0.3 0.2 0.4 0.3 0.4 0.3 0.3 0.4 0.2 0.4 0.4 0.3 0.3 0.3 0.3 0.3 0.4 0.3 0.3 0.3 0.3 0.4 0.3 0.3 0.2 0.4 0.4 0.3 0.2 0.3 0.4 0.3 0.4 0.2 0.4 0.2 0.3 0.4 0.4 0.2 0.4 0.3 0.3 0.4 0.4 0.3 0.3 0.3 0.3 0.4 0.3 0.3 0.2 0.2 0.3 0.4 0.4 0.3 0.4 0.4 0.2 0.4 0.4 0.2 0.2 0.2 0.2 0.3 0.4 0.3 0.3 0.2 0.4 0.4 0.3 0.4 0.3 0.4 0.3 0.3 0.3 0.3 0.2 0.3 0.3 0.2 0.3 0.2 0.2 0.3 0.3 0.3 0.4 0.3 0.3 0.4 0.3 0.2 0.4 0.2 0.3 0.2 0.4 0.3 0.4 0.3 0.2 0.3 0.2 0.3 0.3 0.2 0.3 0.4 0.2 0.3 0.3 0.4 0.4 0.3 0.3 0.4 0.4 0.2 0.4 0.4 0.3 0.2 0.4 0.3 0.3 0.2 0.3 0.4 0.2 0.2 0.4 0.3 0.3 0.2 0.3 0.3 0.3 0.3 0.3 0.3 0.2 0.3 0.3 0.4 0.4 0.3 0.3 0.4 0.3 0.4 0.3 0.3 0.4 0.4 0.4 0.3 0.2 0.3 0.3 0.3 0.3 0.3 0.4 0.3 0.2 0.3 0.3 0.4 0.3 0.4 0.3 0.3 0.3 0.4 0.3 0.4 0.3 0.3 0.4 0.3 0.3 0.3 0.3 0.3 0.3 0.3 0.2 0.2 0.2 0.4 0.3 0.3 0.3 0.3 0.4 0.3 0.3 0.3 0.4 0.3 0.3 0.2 0.4 0.3 0.3 0.2 0.3 0.2 0.4 0.2 0.4 0.3 0.2 0.2 0.3 0.4 0.4 0.4 0.4 0.4 0.3 0.4 0.2 0.2 0.4 0.3 0.2 0.3 0.4 0.4 0.2 0.2 0.4 0.4 0.3 0.4 0.2 0.3 0.4 0.3 0.3 0.2 0.3 0.3 0.2 0.2 0.3 0.2 0.4 0.2 0.3 0.4 0.3 0.3 0.4 0.3 0.3 0.2 0.3 0.3 0.3 0.2 0.3 0.4 0.3 0.2 0.3 0.2 0.4 0.4 0.3 0.3 0.3 0.3 0.3 0.2 0.3 0.4 0.3 0.4 0.3 0.4 0.4 0.3 0.4 0.3 0.3 0.3 0.3 0.4 0.3 0.4 0.2 0.3 0.3 0.4 0.3 0.3 0.2 0.4 0.3 0.3 0.2 0.3 0.3 0.3 0.2 0.3 0.2 0.4 0.2 0.2 0.3 0.4 0.2 0.4 0.2 0.4 0.4 0.3 0.2 0.3 0.3 0.4 0.3 0.3 0.4 0.4 0.2 0.3 0.3 0.3 0.3 0.2 0.3 0.3 0.4 0.2 0.4 0.2 0.3 0.3 0.3 0.3 0.3 0.2 0.4 0.2 0.4 0.3 0.3 0.3 0.3 0.2 0.4 0.2 0.3 0.3 0.2 0.2 0.4 0.3 0.3 0.2 0.4 0.3 0.2 0.3 0.3 0.4 0.3 0.3 0.2 0.3 0.2 0.2 0.3 0.3 0.4 0.3 0.3 0.3 0.3 0.2 0.2 0.2 0.4 0.3 0.4 0.2 0.3 0.3 0.2 0.2 0.2 0.4 0.4 0.3 0.3 0.2 0.3 0.4 0.3 0.3 0.3 0.3 0.3 0.3 0.3 0.4 0.4 0.4 0.3 0.2 0.3 0.3 0.3 0.4 0.3 0.3 0.3 0.2 0.4 0.3 0.3 0.2 0.3 0.4 0.3 0.3 0.3 0.2 0.3 0.3 0.3 0.2 0.3 0.4 0.3 0.4 0.3 0.2 0.2 0.3 0.3 0.4 0.4 0.3 0.3 0.3 0.3 0.3 0.2 0.2 0.4 0.3 0.2 0.2 0.4 0.3 0.4 0.3 0.3 0.2 0.3 0.3 0.2 0.2 0.3 0.2 0.2 0.3 0.2 0.4 0.2 0.2 0.3 0.2 0.3 0.2 0.2 0.4 0.4 0.3 0.4 0.2 0.3 0.3 0.3 0.2 0.2 0.4 0.3 0.2 0.4 0.3 0.3 0.4 0.2 0.2 0.2 0.4 0.4 0.3 0.3 0.3 0.3 0.3 0.3 0.4 0.2 0.2 0.3 0.2 0.3 0.4 0.3 0.3 0.3 0.3 0.3 0.4 0.2 0.3 0.4 0.3 0.3 0.4 0.4 0.3 0.3 0.4 0.4 0.2 0.3 0.3 0.4 0.3 0.3 0.4 0.3 0.4 0.3 0.4 0.4 0.3 0.4 0.2 0.3 0.3 0.4 0.2 0.4 0.3 0.2 0.2 0.2 0.4 0.2 0.2 0.2 0.3 0.3 0.3 0.3 0.3 0.2 0.3 0.2 0.2 0.3 0.4 0.2 0.2 0.2 0.3 0.2 0.3 0.3 0.3 0.3 0.3 0.3 0.2 0.4 0.2 0.2 0.3 0.2 0.3 0.3 0.4 0.2 0.2 0.3 0.2 0.3 0.3 0.2 0.3 0.3 0.3 0.2 0.3 0.2 0.3 0.4 0.3 0.2 0.4 0.2 0.4 0.4 0.2 0.3 0.3 0.2 0.3 0.4 0.2 0.4 0.3 0.2 0.3 0.4 0.3 0.3 0.2 0.4 0.3 0.3 0.2 0.4 0.2 0.3 0.4 0.4 0.4 0.3 0.3 0.4 0.3 0.3 0.2 0.3 0.3 0.4 0.3 0.3 0.3 0.3 0.4 0.4 0.3 0.2 0.2 0.4 0.3 0.3 0.3 0.4 0.4 0.2 0.4 0.4 0.3 0.3 0.4 0.3 0.2 0.4 0.3 0.2 0.3 0.4 0.2 0.4 0.4 0.2 0.3 0.2 0.3 0.3 0.4 0.4 0.3 0.2 0.3 0.2 0.4 0.2 0.2 0.3 0.3 0.3 0.3 0.3 0.2 0.2 0.3 0.4 0.4 0.4 0.3 0.2 0.3 0.2 0.3 0.3 0.3 0.3 0.2 0.2 0.3 0.3 0.2 0.4 0.3 0.3 0.4 0.3 0.4 0.3 0.4 0.3 0.2 0.3 0.4 0.4 0.3 0.3 0.3 0.4 0.3 0.3 0.3 0.2 0.3 0.3 0.3 0.4 0.3 0.3 0.3 0.2 0.3 0.3 0.4 0.2 0.3 0.3 0.3 0.4 0.3 0.3 0.3 0.4 0.3 0.3 0.3 0.2 0.4 0.2 0.3 0.2 0.2 0.4 0.2 0.4 0.3 0.4 0.3 0.4 0.2 0.3 0.3 0.3 0.3 0.3 0.3 0.3 0.2 0.2 0.3 0.3 0.3 0.2 0.4 0.3 0.3 0.3 0.2 0.3 0.2 0.4 0.3 0.2 0.4 0.3 0.3 0.3 0.3 0.3 0.4 0.3 0.3 0.3 0.2 0.2 0.2 0.3 0.3 0.3 0.4 0.3 0.2 0.2 0.2 0.2 0.2 0.3 0.3 0.4 0.2 0.4 0.3 0.4 0.3 0.3 0.2 0.3 0.4 0.3 0.4 0.2 0.2 0.3 0.2
134 150 2 72 139 73 6 2 37 122 55 143 94 156 89 157 62 87 153 146 6 44 89 56 33 134 150 81 112 87 82 26 130 39 103 22 86 72 48 177 129 1 37 151 146 108 165 126 58 3 45 31 119 39 43 169 138 8 41 172 24 167 74 38 145 98 172 126 34 77 8 101 20 87 22 132 64 125 160 180 94 100 177 48 86 38 68 26 60 22 122 57 109 29 41 137 68 180 105 111 84 166 49 103 53 156 174 79 42 88 82 125 153 141 135 149 10 142 96 64 163 145 23 13 142 139 84 157 130 151 24 74 39 82 39 129 107 92 157 28 101 64 95 174 93 112 84 171 27 127 137 156 177 139 170 58 111 4 73 79 150 25 176 54 138 52 180 169 29 139 138 10 172 172 52 28 61 80 144 96 124 116 44 43 39 135 56 113 80 82 131 151 123 130 83 87 58 163 178 87 118 47 57 154 16 139 27 166 158 82 125 117 14 108 33 134 43 14 100 70 37 52 80 132 131 78 85 162 35 57 129 134 179 106 148 28 53 123 70 72 95 151 27 113 67 66 78 51 26 38 24 100 96 3 44 153 11 12 148 15 124 171 148 174 146 83 147 23 15 132 177 102 129 105 174 162 75 3 178 72 102 140 61 20 7 47 89 65 80 43 161 115 67 138 70 147 162 129 60 41 4 1 79 165 11 139 82 39 178 27 46 66 70 95 168 110 59 81 45 56 175 167 26 44 95 120 16 59 97 41 53 141 164 63 172 165 160 80 8 26 33 47 151 156 132 151 89 111 64 164 167 36 94 163 53 127 126 145 51 56 61 97 35 65 120 62 157 3 113 50 27 22 139 7 16 165 102 95 102 61 18 73 34 39 11 77 101 115 49 118 15 68 178 22 130 36 123 115 125 81 85 145 100 135 57 30 148 88 27 159 61 161 19 142 132 104 35 68 25 149 91 94 38 151 70 49 145 60 104 179 52 81 140 23 143 165 61 142 137 3 132 59 161 4 159 172 28 132 174 118 16 46 36 116 179 114 82 114 84 70 10 56 30 103 67 86 36 53 7 126 54 11 88 46 150 40 94 127 144 137 114 133 11 104 28 116 55 158 141 130 15 153 120 63 172 89 58 37 135 30 75 36 39 158 40 88 50 61 164 126 170 104 76 73 35 58 1 99 68 84 80 25 45 11 64 51 180 113 132 124 18 1 96 63 56 86 135 57 133 162 165 32 104 53 69 5 43 72 95 38 57 38 130 57 64 12 54 158 131 83 132 141 46 147 41 6 160 176 67 180 50 4 115 116 50 113 116 76 10 162 119 80 40 43 17 132 55 23 111 147 128 109 55 163 17 13 154 127 154 152 89 162 83 83 45 14 148 57 54 108 116 56 3 79 78 138 134 99 78 110 69 74 100 52 53 23 3 58 125 104 18 84 108 48 119 119 59 137 104 90 171 58 148 22 11 130 44 13 147 70 76 161 134 31 159 43 128 78 34 47 173 146 94 51 111 179 49 31 53 164 137 100 13 31 83 150 43 47 123 10 27 162 137 24 58 60 67 28 61 43 28 73 167 139 118 17 73 37 164 111 68 128 46 37 79 56 138 57 37 57 32 96 155 136 162 53 49 103 109 130 52 23 175 46 151 75 116 177 115 8 112 84 153 126 77 37 96 107 138 69 160 61 112 37 29 79 67 79 7 102 24 30 128 76 3 75 133 125 103 108 172 22 175 7 158 74 135 43 115 127 51 79 162 55 154 54 9 60 100 151 42 126 140 65 27 105 43 90 42 115 43 58 82 81 167 8 164 174 180 180 82 109 12 144 22 154 78 140 98 179 6 79 71 157 84 145 75 177 57 145 39 144 14 7 172 49 5 70 143 82 115 67 133 136 173 56 41 68 29 106 51 22 144 96 113 23 97 142 2 79 72 24 117 180 88 19 77 101 147 119 47 92 65 131 125 11 94 88 167 90 91 103 172 47 107 161 161 63 117 153 49 180 152 67 58 119 122 118 23 87 22 85 101 21 143 125 110 110 64 166 73 174 6 168 68 80 21 45 36 158 169 112 95 99 94 161 48 37 81 155 145 76 66 91 168 68 76 78 145 166 61 80 90 13 15 8 177 5 58 166 132 100 43 91 45 146 138 132 68 145 73 52 35 114 109 126 69 52 124 34 29 74 157 164 1 173 101 73 165 45 12 44 52 60 60 173 92 63 72 107 100 153 24 24 34 31 42 71 5 86 9 99 155 162 157 57 28 168 66 84 93 79 41 50 30 19 35 153 58 109 122 161 44 112 7 155 2 84 77 22 84 88 2 9 73 40 15 108 45 124 169 112 150 40 21 116 23 141 162 111 60 131 96 93 22 99 39 103 149 178
135 136 52 154 3 148 54 88 79 155 141 68 16 123 154 64 6 49 98 133 54 1 116 68 79 62 45 55 102 46 115 161 97 129 115 66 100 102 107 28 153 175 76 7 45 71 44 15 69 91 91 169 179 32 106 53 10 153 30 56 61 5 7 170 180 123 128 146 16 126 5 118 76 68 132 7 148 13 79 2 172 157 12 140 69 102 124 162 169 163 75 163 29 29 15 27 166 1 136 24 57 79 27 25 119 80 76 46 68 154 34 178 179 126 99 151 47 1 69 130 8 100 133 20 105 126 135 39 112 79 38 2 107 48 116 19 153 58 136 74 156 85 135 9 59 70 140 60 110 148 30 37 103 167 42 179 109 51 88 101 121 94 143 114 87 170 4 88 38 169 21 99 94 33 140 35 156 60 175 102 11 147 38 95 93 66 67 151 119 129 54 159 79 63 162 26 141 16 178 11 165 23 33 83 65 82 84 145 118 79 139 77 9 151 25 35 83 55 51 136 10 70 151 41 69 96 146 50 66 97 11 67 148 26 112 113 9 162 122 155 140 134 109 155 13 71 97 122 169 49 60 124 93 41 115 168 3 148 121 72 171 55 4 123 119 85 47 148 178 126 16 17 61 147 79 159 145 29 130 84 50 44 145 100 137 50 131 26 51 140 140 84 10 24 57 8 27 64 170 164 84 145 147 153 172 36 115 159 158 58 30 177 39 3 118 166 42 18 93 109 14 57 74 151 33 121 97 121 157 54 46 86 111 130 133 171 78 132 149 60 145 62 158 95 1 114 135 93 76 27 157 59 40 9 94 76 135 54 95 74 85 12 7 14 151 7 110 175 38 7 6 66 26 28 133 131 170 128 59 122 83 137 56 87 29 176 164 122 168 170 60 143 144 80 93 28 31 33 156 108 117 139 32 167 83 78 160 153 104 128 131 9 42 38 147 165 149 156 32 20 48 139 92 99 132 149 32 120 160 39 26 8 88 81 73 62 111 62 124 113 140 117 21 174 27 111 71 119 71 116 18 107 131 38 112 94 131 68 162 92 57 23 120 59 161 167 61 123 36 53 63 70 127 16 110 52 158 177 169 1 2 104 172 114 142 7 35 160 122 164 147 73 55 90 129 86 44 96 44 39 36 1 97 153 24 19 117 93 133 104 24 95 136 64 176 144 117 131 41 155 93 154 91 7 88 57 55 136 39 131 176 122 9 24 85 14 155 66 98 117 91 119 165 48 62 72 104 109 156 180 38 60 163 128 98 58 98 43 106 157 75 113 7 134 73 162 168 93 111 2 56 106 105 43 77 8 14 135 169 24 57 102 64 177 150 160 71 11 17 79 21 82 140 43 72 84 110 7 141 65 26 59 24 68 90 89 151 179 78 40 166 97 129 155 52 140 175 168 129 139 70 96 124 141 73 76 133 94 39 159 156 92 108 165 145 166 28 38 6 71 164 156 161 50 11 172 40 78 22 137 157 139 27 62 12 100 169 79 90 131 160 68 153 133 112 118 66 154 152 18 180 89 127 7 46 126 6 85 175 160 153 156 41 112 7 134 168 156 132 58 157 172 128 147 123 166 124 103 25 99 57 30 25 146 7 52 51 155 156 141 80 13 152 17 8 34 115 175 23 41 51 103 86 116 54 89 136 176 179 97 88 17 61 41 104 42 9 43 158 36 171 62 138 113 105 20 38 135 102 78 90 84 136 50 75 162 28 166 94 90 108 137 159 135 4 96 37 25 21 107 35 107 68 24 55 95 6 123 143 169 49 114 116 18 59 123 48 130 17 17 39 29 177 120 174 72 178 145 155 163 155 64 34 104 122 110 37 137 14 70 78 120 78 38 107 74 75 102 140 133 136 161 153 44 87 163 125 99 95 14 63 160 29 84 138 1 44 68 104 20 119 70 83 9 83 177 7 133 155 77 56 56 95 130 108 71 104 97 9 70 79 28 114 109 126 107 106 95 148 127 173 94 130 171 26 68 108 148 163 68 123 4 151 11 126 132 78 145 53 84 156 101 127 47 25 155 130 54 117 90 174 26 126 33 77 76 173 99 128 4 4 93 77 81 106 96 159 180 174 29 23 20 44 135 15 157 58 112 30 151 179 32 155 110 147 68 108 48 101 163 60 166 11 49 111 8 57 68 94 39 49 85 30 3 14 160 63 24 123 23 1 55 63 48 15 2 123 11 122 147 142 11 50 120 75 131 166 43 169 167 128 179 94 86 174 177 138 55 78 19 2 97 180 65 15 107 83 33 139 147 115 20 141 22 67 129 63 46 151 38 42 150 5 6 82 85 59 16 24 97 34 149 178 11 77 38 52 146 67 37 42 179 140 81 146 11 110 67 159 47 84 97 179 8 129 48 159 76 176 176
121 104 165 59 115 152 81 67 51 35 34 175 119 168 142 55 126 20 143 1 171 3 145 86 47 18 12 73 79 123 17 60 32 135 45 43 71 160 127 94 11 1 46 77 173 9 145 36 171 77 77 144 46 86 153 129 145 4 158 29 136 102 4 24 149 109 22 75 44 79 178 11 91 110 175 34 162 17 76 19 32 21 170 36 13 91 46 4 9 40 1 101 49 136 29 114 126 83 165 36 159 114 96 143 151 10 179 57 79 5 76 29 76 158 170 119 121 150 77 166 141 140 148 29 1 166 55 114 115 80 24 179 34 162 75 120 41 45 22 114 115 109 12 173 89 139 147 127 171 18 108 47 166 157 91 151 151 74 122 87 97 160 110 27 52 31 160 154 150 162 161 84 59 70 77 159 36 33 155 60 13 96 108 56 102 168 105 106 118 159 96 1 39 3 102 68 3 43 112 136 152 174 98 114 85 161 37 90 67 113 28 143 180 36 77 123 38 170 43 117 30 119 135 136 174 169 86 35 60 20 31 111 88 151 59 39 21 116 140 112 33 135 115 123 23 76 69 154 63 108 147 162 90 18 26 140 89 79 50 68 17 132 109 35 137 44 178 43 45 169 51 43 167 101 69 131 177 180 50 110 178 19 6 145 125 107 82 130 104 107 107 139 103 140 43 100 25 42 176 39 96 19 7 96 142 42 175 149 10 32 157 137 5 3 55 166 129 93 157 51 4 27 110 173 134 103 171 44 17 152 41 125 136 108 115 154 14 83 66 151 117 113 96 161 10 19 176 152 144 63 114 133 168 147 5 130 75 8 43 128 32 109 92 26 28 60 142 165 156 96 159 54 52 8 158 154 140 59 20 129 149 143 39 129 146 12 12 46 159 90 70 129 32 2 83 171 16 96 6 80 107 74 162 79 59 138 78 102 155 121 7 74 142 19 158 84 127 21 73 137 61 10 41 106 155 17 72 59 40 63 164 117 172 47 54 33 65 159 108 173 159 8 84 140 90 94 84 75 59 53 115 87 57 3 153 175 63 12 162 13 38 118 128 172 69 158 121 145 93 70 7 11 70 93 102 127 103 47 32 107 178 80 123 63 48 6 78 36 2 60 104 33 114 5 45 61 59 125 158 164 42 34 29 140 176 101 180 32 18 76 75 69 98 81 28 138 111 81 33 171 148 180 178 9 140 31 73 149 149 82 100 138 172 51 103 93 27 108 68 97 154 158 168 36 80 136 22 84 150 10 19 111 86 100 129 45 72 29 140 118 175 136 43 171 177 82 160 96 80 129 160 22 47 41 39 76 112 90 169 42 110 64 166 116 125 41 77 141 70 16 46 21 123 87 156 93 114 92 107 73 171 77 95 39 172 178 63 167 57 61 44 51 33 69 35 160 107 157 80 143 21 43 55 14 11 90 131 85 7 24 154 166 44 36 64 129 123 73 73 148 13 60 48 58 7 107 84 119 23 52 97 84 39 71 73 92 86 141 176 173 140 114 93 128 154 127 144 62 122 146 36 24 46 124 153 157 88 28 26 143 171 49 48 108 172 159 172 30 8 2 124 123 20 135 48 157 137 131 177 104 72 159 44 122 174 79 137 119 118 79 133 101 14 14 98 96 76 85 159 153 87 140 90 111 14 157 176 143 122 83 6 43 79 66 169 136 168 2 132 151 52 2 86 152 141 165 23 154 102 116 136 171 87 84 70 76 15 170 155 60 54 144 97 164 178 21 30 86 78 8 102 133 83 38 21 93 79 129 7 35 65 108 177 50 102 46 21 114 107 50 43 139 13 112 71 2 168 2 108 107 4 86 78 155 94 136 10 94 138 42 23 157 84 128 137 5 145 113 79 63 68 83 9 155 162 88 115 92 20 100 142 62 53 23 118 146 38 89 140 44 59 133 179 7 63 129 141 93 121 57 103 43 84 7 3 179 104 104 21 88 119 20 169 70 48 109 155 1 126 48 16 135 76 97 135 141 167 66 60 66 148 56 86 75 150 58 91 147 122 130 29 133 109 101 121 147 109 51 170 85 86 50 93 99 141 77 136 41 62 160 7 91 8 17 58 49 132 33 171 133 145 74 149 94 102 108 65 52 145 116 178 108 91 132 59 60 38 59 149 177 88 149 27 66 105 135 4 135 119 163 120 147 44 136 59 24 32 8 31 77 18 140 113 101 51 12 112 62 131 37 74 131 47 13 126 76 51 96 52 105 93 36 96 73 160 155 23 33 177 11 34 32 33 23 42 147 156 158 141 117 48 63 118 44 173 14 46 80 154 154 129 45 3 53 68 167 166 98 162 94 44 27 154 17 10 176 49 53 26 13 129 11 57 55 169 97 113 30 120 155 32 96 175 37 145 99 3 23 139 64
97 109 22 136 152 162 170 114 95 14 47 31 150 97 4 82 55 56 101 125 161 111 6 58 1 18 101 90 119 99 102 13 71 134 171 163 168 106 34 115 24 152 51 19 57 91 49 11 164 130 135 16 80 39 84 36 39 45 76 144 107 73 164 25 141 93 60 19 60 179 27 52 58 127 104 15 32 99 142 82 49 7 85 17 29 146 99 50 38 176 128 27 96 124 49 48 73 150 38 175 111 33 45 29 18 37 106 94 179 174 150 75 172 138 85 167 169 147 63 23 117 85 77 126 134 103 177 127 27 143 172 118 98 71 48 116 49 153 125 14 171 124 115 2 123 81 11 81 80 86 94 41 144 22 45 29 155 168 34 63 119 37 129 94 14 159 113 113 6 133 160 22 165 180 101 146 140 51 27 54 46 63 75 82 67 63 79 36 169 23 135 90 13 33 15 17 169 11 78 11 95 159 150 174 82 42 16 49 44 17 124 59 176 15 150 91 25 109 86 67 30 25 69 178 8 37 176 42 18 122 61 49 42 86 180 22 170 47 68 126 63 77 35 102 88 6 168 128 23 20 143 92 102 120 114 78 121 151 85 154 23 99 77 179 100 55 70 168 11 101 104 136 139 4 68 152 89 130 164 40 50 34 71 170 96 33 99 125 26 13 161 162 128 170 135 54 159 30 16 178 26 16 45 165 130 160 56 19 34 12 38 72 116 123 137 31 99 96 38 165 145 92 128 77 139 54 124 93 178 27 118 126 26 30 42 90 114 3 172 49 174 23 152 118 91 21 75 20 111 7 81 178 45 82 63 41 99 170 28 87 23 177 140 46 173 84 138 79 162 86 166 127 98 116 81 51 34 43 38 137 151 135 100 46 131 56 117 92 92 92 91 122 70 111 82 171 123 151 97 114 2 28 94 83 49 171 44 121 174 119 119 133 36 137 126 24 64 26 27 167 124 105 64 6 77 29 74 175 159 100 34 114 148 52 72 164 100 8 113 13 23 92 12 12 18 7 89 95 154 165 160 29 9 1 143 144 15 74 56 7 29 150 170 102 4 19 92 23 151 144 153 52 176 73 154 14 170 123 140 86 131 46 81 86 10 78 33 120 27 55 30 52 58 125 22 168 107 142 80 116 139 164 132 27 164 87 11 87 86 104 146 139 74 136 32 68 136 131 114 60 94 106 152 23 11 12 8 45 110 74 160 37 73 22 29 27 110 159 151 45 14 78 109 134 105 178 138 176 94 26 74 103 118 158 39 53 14 16 52 32 132 93 107 11 97 18 150 173 136 116 112 14 4 168 42 61 172 133 36 62 36 72 18 140 143 76 103 30 37 101 143 115 12 144 15 74 168 5 171 163 174 20 49 134 158 81 156 154 30 38 83 165 126 94 134 62 42 14 65 57 108 176 2 28 142 167 33 66 89 56 58 37 98 97 69 58 154 173 83 100 31 144 103 105 16 150 146 145 47 38 99 60 80 164 30 110 57 126 101 15 32 110 75 176 73 170 58 143 65 147 19 131 105 128 167 70 72 7 57 113 142 1 132 169 5 75 165 110 127 132 78 54 77 33 106 127 55 122 31 10 89 167 121 5 138 165 162 107 31 114 26 118 14 121 100 1 64 118 54 64 75 64 105 8 78 23 134 109 45 14 4 11 87 91 128 122 52 119 131 163 156 33 163 98 85 104 17 163 164 53 41 35 173 121 62 70 1 31 135 158 132 7 120 7 133 8 125 76 163 56 98 179 117 57 12 94 102 13 180 121 165 156 125 130 63 37 86 61 65 30 177 3 68 149 179 15 52 97 130 114 91 159 101 35 158 158 101 75 11 140 146 85 152 64 130 50 70 122 127 9 36 34 164 127 160 107 135 16 30 111 4 92 38 21 72 103 62 73 52 18 24 20 65 174 26 172 70 115 65 160 82 112 125 146 154 96 122 81 72 174 137 47 174 35 3 116 118 157 53 61 172 8 79 70 30 51 9 35 93 128 132 54 61 15 102 168 97 163 160 62 54 169 98 158 155 149 132 62 75 66 22 165 52 137 58 54 64 145 104 37 178 54 91 30 154 98 28 112 56 59 76 25 146 112 99 152 110 7 99 11 133 20 10 28 147 56 32 131 77 138 7 5 54 123 9 180 122 38 118 141 96 85 12 11 160 108 140 116 78 48 166 37 76 147 36 83 87 155 159 177 104 104 147 90 35 21 69 148 57 141 128 150 159 53 88 141 120 152 81 165 72 33 76 68 51 25 135 58 44 136 9 167 49 100 100 127 67 153 8 165 165 125 49 62 141 71 134 163 13 15 101 142 85 141 129 45 171 104 158 82 151 146 102 81 46 27 71 32 106 100 169 11 13 130 83 145 92 42 65 43
48 101 89 10 3 142 73 12 52 90 154 151 68 161 53 104 8 177 78 114 137 97 137 144 53 147 159 113 108 107 149 123 123 151 136 163 48 153 180 71 152 23 81 12 88 36 109 94 30 102 169 20 29 41 14 23 42 114 126 159 10 85 96 19 46 108 130 98 29 161 113 120 61 9 121 168 65 115 34 95 75 141 54 8 58 13 151 9 170 129 77 146 84 6 94 163 140 147 26 87 50 91 151 100 136 39 160 166 135 132 4 55 158 19 3 44 51 95 126 177 80 51 13 80 128 143 28 148 65 103 23 153 55 169 177 113 49 102 134 175 22 179 157 12 6 169 87 62 137 47 115 94 144 141 116 49 141 137 132 36 119 4 48 100 32 163 135 171 53 26 86 65 159 21 171 15 156 12 161 117 17 146 41 107 4 62 146 154 16 12 52 157 128 173 75 20 142 150 5 39 171 172 180 74 149 152 89 137 77 92 29 85 109 115 55 103 95 125 149 48 2 120 101 110 63 26 8 152 5 66 125 158 119 157 45 155 145 16 133 148 103 48 43 99 40 32 118 94 10 71 166 35 159 132 102 33 169 131 168 130 164 35 100 100 175 21 66 176 72 49 29 76 145 112 38 79 131 123 162 138 171 121 152 135 48 111 26 30 115 61 93 180 51 138 179 105 172 49 1 131 32 154 138 46 58 73 137 33 64 164 148 8 106 51 117 74 176 34 63 132 2 98 132 29 66 64 102 57 127 156 178 136 81 149 176 98 84 111 94 43 85 65 170 91 90 34 139 4 95 166 111 75 87 69 122 88 133 135 179 105 94 72 71 75 22 47 2 26 103 3 99 60 110 160 107 111 114 4 98 158 165 130 177 160 37 154 105 113 157 56 73 2 27 4 74 126 4 166 161 6 140 16 165 63 67 3 90 71 48 13 118 57 77 46 176 102 11 21 20 51 89 171 71 5 51 112 66 142 92 134 93 125 166 116 151 164 29 113 65 13 156 180 105 2 127 50 119 125 83 6 80 167 77 133 118 37 22 50 137 114 73 47 33 32 170 169 178 40 120 29 81 85 157 61 148 170 50 165 42 56 140 96 166 72 105 144 170 172 111 134 144 179 111 110 114 130 136 40 128 38 47 51 95 1 115 38 153 14 52 58 81 39 120 122 173 14 156 40 126 2 143 78 26 152 135 48 64 100 170 65 118 90 19 103 179 42 60 36 93 146 102 69 45 92 78 115 65 10 51 8 148 29 106 121 6 131 61 47 1 25 83 105 118 68 78 134 31 151 37 110 155 48 78 51 37 72 99 165 26 101 51 129 24 37 99 71 73 117 132 119 120 45 149 90 61 110 66 161 72 144 152 114 124 97 98 165 17 42 81 118 64 108 176 121 122 142 100 88 32 136 9 38 127 144 33 135 15 176 4 30 25 113 35 7 161 4 6 49 97 46 173 166 49 157 146 125 56 133 164 35 82 73 59 17 164 62 100 6 106 165 14 136 58 75 28 178 35 13 158 106 101 98 30 170 87 56 136 132 62 66 34 176 37 81 65 85 129 75 133 156 122 33 163 75 170 49 13 157 43 73 13 172 152 122 22 100 63 159 106 42 1 141 101 140 13 39 62 99 78 154 74 84 29 118 169 48 70 109 19 48 139 66 74 15 176 76 134 170 18 14 79 57 64 51 19 143 174 20 3 169 62 77 162 119 33 128 11 62 5 32 136 161 155 32 39 174 1 113 131 41 131 158 51 58 65 117 118 139 61 100 37 119 6 62 44 117 12 103 44 69 24 178 22 164 15 91 148 12 150 125 31 136 145 75 27 149 156 62 127 117 87 6 43 106 4 123 177 82 90 54 90 121 173 29 75 5 22 41 54 70 42 87 60 147 35 69 117 57 120 167 77 150 57 1 118 11 56 13 84 69 112 172 83 140 134 109 145 9 158 31 124 7 39 71 68 32 59 175 25 105 47 153 85 21 150 78 158 92 89 60 122 162 2 23 40 123 113 97 64 42 57 130 176 170 137 180 72 12 152 104 93 68 112 171 6 170 77 15 14 153 139 105 168 48 109 124 130 70 139 20 17 25 106 139 133 42 69 66 60 151 90 160 41 172 96 54 161 53 121 108 64 8 160 173 43 123 70 65 151 2 62 109 151 86 4 28 93 167 61 113 12 180 120 123 104 49 100 171 117 79 59 174 108 27 20 28 78 109 89 38 143 158 132 71 145 113 17 157 143 89 103 27 119 137 117 122 48 107 46 37 174 171 28 126 99 114 108 114 57 129 129 72 3 11 175 75 85 157 2 157 156 4 27 97 15 88 25 56 31 8 54 123 24 170 155 155 88 172 175 138 17 22 85 153 61 122 93 8 66 2
22 2 10 142 58 94 176 105 144 18 32 31 74 70 155 69 17 128 146 133 82 23 42 138 53 31 128 92 85 147 74 143 26 29 179 25 30 80 50 90 66 80 129 43 180 170 50 2 149 15 141 144 148 93 26 9 49 77 63 150 176 9 88 113 153 32 100 9 58 89 4 89 65 66 141 72 137 171 21 125 168 22 104 67 140 157 178 125 13 65 77 10 84 88 59 115 159 83 133 71 178 171 75 97 85 89 93 39 10 36 124 18 37 41 164 148 173 124 135 156 9 75 151 57 124 149 134 41 126 177 128 88 16 148 31 150 49 105 171 43 146 148 12 49 146 178 94 7 59 124 103 105 58 138 108 59 136 61 124 96 13 65 17 111 120 130 36 59 18 10 120 17 65 130 68 90 71 51 72 173 73 11 144 76 86 151 11 58 142 127 157 141 49 63 142 50 2 173 167 171 19 64 139 110 68 133 53 6 89 156 9 143 71 107 45 22 4 113 12 110 38 86 43 172 153 2 150 19 100 34 20 32 10 180 153 1 102 156 27 175 143 165 127 102 170 3 163 117 161 174 125 73 151 18 91 14 48 116 103 171 26 142 131 102 108 77 111 16 55 147 44 7 18 145 80 105 160 98 119 138 26 74 78 174 19 170 4 10 160 73 9 56 117 10 136 70 74 132 11 5 21 165 69 81 114 7 178 76 115 152 19 142 48 53 7 53 124 171 152 161 62 51 96 85 132 114 137 29 9 131 163 7 122 60 16 113 113 24 60 44 23 69 70 149 161 177 101 163 27 79 55 137 96 113 51 64 99 34 160 98 11 96 40 74 176 25 9 140 38 141 106 52 2 130 25 42 30 100 96 29 173 117 115 175 52 158 25 166 6 55 114 14 28 84 6 132 164 165 35 118 125 21 125 47 27 139 105 46 54 27 74 83 105 175 2 161 62 108 103 15 14 80 157 39 162 4 97 114 107 101 180 1 166 172 102 108 122 161 74 128 115 49 116 86 176 67 88 169 107 139 141 148 99 31 81 65 158 28 107 113 169 68 175 131 82 131 174 178 56 20 157 14 172 2 49 170 95 54 113 111 34 3 110 47 60 109 2 13 169 93 180 49 75 99 78 62 103 43 135 80 32 116 142 175 174 70 38 173 90 59 6 30 111 24 131 125 74 23 40 118 25 91 55 17 131 153 71 173 102 10 179 55 21 147 87 41 4 105 35 114 104 105 97 136 76 118 95 41 132 87 2 151 169 135 6 59 71 9 35 14 145 56 48 10 166 27 162 80 113 52 17 90 83 106 155 141 89 4 128 114 43 156 68 112 63 95 174 22 60 51 20 85 29 149 5 155 23 143 112 105 45 85 113 150 152 45 67 93 41 42 15 5 52 154 98 110 2 78 112 120 69 156 73 38 129 148 73 46 25 70 10 23 32 123 15 50 131 143 3 161 31 126 171 90 166 89 31 58 91 141 165 130 158 12 147 173 87 87 155 154 180 142 32 66 137 89 139 65 132 80 109 155 50 20 3 104 145 126 34 159 180 109 20 80 93 165 79 25 11 95 114 73 47 82 33 42 27 135 144 63 80 81 11 4 174 44 26 13 26 77 178 43 133 2 31 15 57 149 8 77 30 67 153 69 85 139 51 135 35 40 35 14 4 139 153 148 155 32 51 26 115 34 10 74 78 26 110 72 90 84 63 20 139 41 113 89 78 84 71 156 162 52 14 68 15 47 151 105 169 104 49 92 147 99 153 15 43 69 94 2 110 172 56 116 25 79 1 89 148 95 91 105 130 100 100 103 79 40 163 100 115 5 62 139 164 86 80 50 47 97 130 11 180 104 179 62 132 140 98 116 110 122 180 166 25 127 63 156 131 67 167 13 20 36 84 107 54 84 128 88 42 84 93 118 158 15 29 59 6 113 123 129 18 87 163 146 56 149 106 43 99 95 81 128 138 18 112 46 168 80 26 163 69 171 99 89 154 1 57 85 137 147 107 163 111 6 35 24 41 62 38 41 79 76 111 145 109 62 55 10 65 119 75 77 77 6 23 59 36 4 137 103 12 12 10 59 123 143 42 31 174 173 76 159 105 80 64 34 100 10 3 62 31 94 156 137 101 21 28 36 3 33 58 13 96 57 5 51 84 16 29 58 5 88 179 162 54 6 8 110 118 166 65 114 151 68 174 101 14 126 64 17 143 125 162 150 19 88 160 77 2 2 22 134 86 12 7 118 52 78 65 30 27 138 160 85 61 14 136 136 42 138 114 161 26 13 174 68 161 125 10 176 176 73 75 118 129 142 94 100 97 129 170 31 42 26 178 169 176 140 126 52 164 14 35 167 117 55 164 149 30 49 11 157 173 19 137 3 21 88
18 78 8 59 89 49 131 103 32 19 71 32 140 47 174 114 27 7 98 59 37 43 33 108 53 160 96 156 2 3 61 55 47 5 154 125 149 114 143 164 6 49 10 16 172 71 36 60 56 77 53 167 88 60 154 57 175 132 75 9 177 154 90 89 34 108 94 178 51 66 161 55 83 45 104 86 65 138 91 160 80 63 84 118 134 58 16 136 94 61 29 88 65 177 58 125 86 34 57 124 25 117 140 36 141 64 41 80 165 163 65 78 168 171 161 76 91 62 8 50 130 38 40 126 16 16 38 170 132 12 180 97 124 65 134 30 94 147 104 23 68 21 72 58 11 112 63 99 52 4 113 152 146 175 63 29 86 54 177 59 3 89 95 112 63 133 88 1 51 121 2 81 22 10 110 43 149 172 60 156 30 103 106 139 78 6 129 18 34 157 64 78 162 146 8 14 59 47 147 29 76 130 153 42 43 71 90 109 117 87 65 86 137 126 35 52 41 96 111 84 82 59 137 168 104 120 32 35 139 79 75 97 29 178 76 56 51 90 49 155 103 119 160 113 131 25 117 64 160 7 176 111 150 106 129 77 39 61 107 55 134 124 166 11 81 136 133 138 47 93 69 109 3 79 23 108 128 30 150 18 127 64 109 58 13 21 2 18 69 151 125 128 41 3 89 143 124 132 71 72 39 73 32 126 146 111 159 56 80 103 103 26 148 58 62 141 62 108 103 58 124 163 72 5 173 24 110 90 150 40 150 95 168 49 145 15 75 39 63 155 164 29 147 104 74 1 48 107 156 128 140 61 40 21 3 100 130 121 161 104 22 77 140 94 65 13 34 163 84 69 91 68 60 160 103 133 82 180 102 179 150 14 46 12 25 62 66 55 20 119 102 160 139 115 55 108 98 108 22 157 140 65 140 117 81 86 81 164 158 110 124 42 100 155 133 65 2 78 81 72 143 46 20 90 32 97 119 133 177 140 139 69 71 51 120 171 69 2 107 138 178 141 173 50 87 179 151 96 1 163 155 23 106 88 77 176 33 125 176 149 81 75 35 45 167 26 46 61 83 23 71 139 152 121 50 78 37 94 78 124 40 83 88 140 67 100 60 156 171 3 92 109 23 4 52 168 25 53 65 94 161 48 86 105 141 158 13 21 45 116 26 116 156 154 169 153 63 146 2 149 42 117 91 31 40 18 98 53 25 43 97 10 8 128 153 1 144 45 64 147 33 107 141 58 88 109 161 47 32 50 110 124 121 112 142 161 176 77 152 43 132 77 16 154 106 146 143 78 47 147 88 27 124 100 5 47 143 52 101 38 33 77 179 154 107 161 37 51 43 149 167 40 45 65 79 10 57 81 48 122 132 156 24 87 139 171 14 63 116 96 43 10 147 115 71 29 153 22 21 35 30 107 80 48 20 101 103 106 83 51 68 1 172 171 86 96 148 10 8 28 36 109 133 76 8 179 99 107 155 24 99 157 45 103 12 148 177 177 60 177 1 79 72 134 99 8 113 16 16 171 85 14 103 92 90 110 99 166 112 15 112 66 15 158 150 159 153 121 109 61 108 51 143 95 21 61 75 124 80 23 40 61 126 136 112 168 135 142 107 42 173 145 177 129 150 76 99 160 118 54 74 60 111 136 167 85 147 106 131 86 23 124 73 162 58 122 107 113 131 87 63 71 95 10 64 8 155 115 17 103 164 3 45 95 109 110 43 103 84 31 138 9 87 142 2 157 161 76 15 68 96 10 82 34 71 153 25 45 49 26 22 39 112 65 20 14 144 154 107 27 80 100 40 122 9 159 159 98 115 85 168 147 111 64 81 137 133 15 40 147 32 29 79 157 118 118 51 97 140 47 171 114 162 48 8 75 1 106 64 92 110 105 157 170 100 132 47 38 60 107 92 60 130 7 140 66 46 101 94 142 24 82 8 4 81 67 1 29 159 54 3 48 34 97 22 137 59 92 99 33 26 16 89 78 119 142 125 143 99 141 6 136 144 4 63 97 47 167 46 28 16 108 28 174 118 105 92 23 43 91 120 114 82 18 144 133 52 92 2 38 172 129 80 147 117 134 5 168 155 51 134 157 175 10 29 154 167 61 140 43 127 114 125 13 10 58 83 96 84 109 14 129 9 116 42 140 174 159 171 11 129 170 124 7 172 135 92 142 62 37 129 34 177 6 136 135 142 104 63 30 144 100 180 39 165 156 17 83 32 150 175 164 32 116 147 14 97 39 132 100 129 165 147 47 138 85 40 104 90 48 122 117 70 154 127 65 94 100 62 114 136 166 66 64 34 44 125 157 14 99 19 57 85 123 102 158 68 47 39 129 1 123 177 179 60 121 6 80 108 79 145 42 57 69 20 72 19 125 25 72
144 104 96 61 114 165 94 119 100 76 141 175 172 145 121 151 156 64 131 117 119 87 18 111 47 145 153 66 160 74 117 156 62 108 174 14 161 14 141 33 24 91 150 35 171 47 4 75 70 14 163 83 171 61 6 121 106 83 131 120 107 39 7 142 118 51 53 129 120 85 48 59 97 121 56 102 88 152 78 58 167 159 119 118 97 133 7 149 141 21 110 146 154 45 26 85 122 130 114 114 72 50 178 81 41 139 161 36 29 64 143 56 4 14 2 27 156 131 174 176 87 102 24 124 171 82 165 61 175 14 176 49 3 23 103 55 117 109 20 118 105 91 101 66 144 105 29 179 35 178 116 96 110 87 133 133 39 152 177 26 77 156 72 142 7 142 175 77 95 85 151 87 150 59 134 68 173 14 96 144 156 36 59 141 62 22 152 165 160 54 107 71 17 127 46 151 45 146 157 40 125 72 129 107 69 139 107 176 34 78 133 2 32 169 67 52 74 31 60 38 83 138 80 133 61 53 55 161 139 53 111 35 140 165 168 22 125 20 91 157 114 93 143 106 8 17 29 139 167 135 173 61 114 40 6 159 99 71 8 84 48 166 67 153 76 91 180 142 130 55 65 70 9 128 153 78 149 172 78 68 134 152 101 146 180 162 89 85 90 54 16 121 57 59 121 31 85 39 2 176 83 147 70 129 145 28 159 83 75 43 177 107 154 106 131 90 7 32 69 6 90 167 119 156 6 64 89 3 32 99 126 155 180 141 132 15 160 173 75 55 109 13 80 55 66 94 16 29 167 169 62 111 44 85 31 89 159 1 53 60 7 60 72 68 175 40 5 76 3 78 18 31 170 101 2 86 40 39 20 46 136 73 129 86 145 10 91 120 33 22 178 5 94 122 19 148 119 78 137 50 141 85 98 100 169 68 41 22 131 106 55 86 175 164 154 95 84 153 162 126 68 140 165 167 106 65 153 151 117 15 139 98 61 68 8 113 99 122 26 62 148 107 3 5 1 123 178 57 24 50 19 177 61 25 151 100 59 158 109 83 86 70 18 35 36 134 11 14 129 128 106 14 52 128 45 61 164 104 91 7 36 48 177 114 156 120 134 12 28 16 33 64 139 77 3 139 42 96 162 26 137 169 78 71 114 50 26 57 81 178 49 32 50 158 180 68 120 24 105 147 114 27 153 98 82 81 100 137 139 167 107 110 110 52 94 25 148 157 178 32 2 52 126 82 178 124 150 153 15 89 83 90 130 126 161 138 173 165 126 4 30 103 29 134 90 57 127 41 155 44 79 46 38 38 164 30 31 119 1 169 154 171 132 62 179 19 127 156 30 108 116 81 50 157 109 95 3 154 29 125 95 57 26 156 26 87 119 37 148 120 2 37 171 107 136 8 45 151 120 15 175 122 5 177 24 110 86 47 150 124 160 94 145 43 156 160 1 27 134 105 138 158 24 145 127 162 71 176 172 90 121 133 81 83 132 108 6 142 74 51 116 25 180 174 49 18 24 131 54 90 116 110 39 61 69 64 170 127 75 24 59 162 164 130 77 87 127 47 2 114 171 179 112 35 51 115 64 52 69 82 146 144 155 80 115 157 5 46 94 36 114 177 90 60 8 46 93 72 63 167 111 67 152 146 62 48 29 137 113 9 133 129 165 144 56 42 102 96 43 150 118 47 41 121 148 148 46 145 101 150 77 179 108 48 38 167 107 72 122 73 140 52 68 61 54 124 93 18 34 21 102 125 91 92 51 149 156 112 14 73 44 172 180 143 157 41 5 164 82 103 101 89 94 71 32 58 91 149 21 12 56 17 130 146 62 64 134 60 180 17 119 123 56 43 44 180 152 125 52 40 98 35 107 149 3 17 74 133 122 171 109 152 1 123 49 32 13 36 29 77 140 27 76 109 101 69 129 153 30 131 55 116 25 45 18 50 161 134 122 88 86 132 151 93 85 69 68 67 128 69 20 68 62 147 97 109 121 180 151 142 100 29 15 138 125 152 180 56 119 179 149 57 128 84 69 8 87 75 63 42 99 65 47 180 59 91 11 109 3 177 33 66 178 158 131 177 110 24 131 108 92 9 15 120 173 138 149 155 98 45 97 173 73 99 147 55 32 179 77 111 9 151 92 127 93 86 55 15 121 23 37 39 4 159 126 9 131 53 48 155 38 135 139 34 70 138 157 164 60 36 83 11 55 63 143 132 157 54 126 128 90 1 57 134 40 12 124 123 19 157 115 61 146 43 172 141 14 146 176 147 20 176 24 141 38 30 93 46 147 45 117 85 142 124 60 106 56 165 151 59 29 120 83 145 40 94 40 90 144 131 61 75 139 142 63 102 138 54 91 77 38 51 64 178 108 13 72 47 55 109
166 19 161 42 172 31 167 169 7 37 119 26 79 91 76 175 33 70 75 61 64 82 115 46 56 23 4 175 29 92 124 37 74 102 83 20 65 171 35 107 120 48 20 150 116 106 96 142 103 121 48 70 81 167 90 42 100 90 22 33 33 1 163 61 139 141 21 152 77 85 138 90 63 64 87 64 17 132 63 66 64 149 142 179 175 115 37 159 96 124 60 174 31 156 64 2 95 145 113 143 66 57 15 128 177 106 125 1 136 55 97 51 30 142 106 110 50 104 169 53 41 5 47 164 1 44 131 82 3 79 134 118 142 43 140 50 110 87 25 55 58 6 145 60 31 137 73 164 100 38 94 180 26 141 50 14 41 161 163 179 57 153 45 42 84 67 96 161 127 75 74 62 105 55 46 178 92 71 101 72 59 152 60 31 78 103 10 8 146 163 128 140 59 9 176 106 119 77 136 89 70 165 133 138 4 88 179 123 99 153 2 134 153 102 77 17 46 60 161 15 94 142 43 16 61 178 64 47 62 110 43 113 105 55 46 161 97 150 79 148 26 145 80 180 119 91 148 36 135 19 152 173 100 36 40 48 23 179 68 101 77 112 82 83 170 75 88 120 81 135 148 39 16 48 93 176 30 150 163 83 78 39 102 171 155 162 113 147 50 122 17 18 161 15 164 45 166 130 33 147 171 80 87 112 66 60 126 6 131 54 24 45 173 32 131 142 179 101 55 132 163 65 3 96 16 23 23 56 151 24 63 54 30 42 109 121 6 125 15 109 172 55 46 175 143 33 49 109 8 99 44 59 163 163 152 115 64 113 57 159 24 144 91 35 106 95 139 34 112 64 179 107 92 21 89 91 134 51 53 43 90 4 87 79 109 24 32 33 143 146 140 71 33 111 102 93 48 171 166 49 32 42 143 59 78 76 49 102 40 89 43 33 67 169 2 39 141 150 109 72 68 154 107 73 160 158 120 137 42 91 62 80 171 69 120 47 30 167 32 166 13 65 85 38 98 115 63 139 170 50 27 25 83 24 91 9 139 66 161 21 111 69 2 43 85 93 154 139 61 170 61 163 141 158 146 50 43 96 118 103 135 36 59 26 94 74 73 4 17 21 19 26 50 53 114 68 99 89 157 172 61 97 85 122 58 55 175 175 38 95 17 161 90 9 1 72 48 16 152 171 76 65 30 94 108 1 3 50 140 159 103 160 155 147 6 88 175 64 151 12 3 162 70 114 135 101 44 163 72 150 151 135 98 5 32 63 35 12 148 118 16 142 100 36 32 110 5 84 57 138 176 57 145 125 173 89 56 91 72 122 169 120 68 53 18 131 27 11 158 89 133 173 173 45 115 172 68 144 180 135 17 13 141 19 122 10 180 133 2 167 53 146 70 70 102 55 97 159 30 65 165 82 128 5 63 44 165 78 69 153 151 86 164 114 141 166 95 144 141 50 177 162 53 86 15 82 41 55 169 121 16 124 21 69 167 152 178 34 53 8 105 154 176 25 180 135 162 33 165 74 83 55 34 53 131 88 138 109 88 51 156 64 63 103 143 147 35 141 10 137 142 97 91 77 177 31 144 164 18 3 143 150 159 54 96 67 61 33 75 60 70 100 40 159 106 141 104 103 48 142 136 150 73 166 146 102 104 147 90 25 95 54 44 122 41 70 175 167 132 13 83 139 75 78 9 94 167 122 161 86 152 21 164 19 164 111 111 129 114 29 54 130 102 164 173 1 152 43 142 19 86 90 50 22 79 45 104 55 126 80 16 35 57 60 124 97 110 109 116 12 138 35 56 56 162 134 89 121 139 99 31 180 4 133 124 160 157 72 95 144 156 77 70 52 105 9 130 103 62 126 153 95 55 150 66 83 34 96 110 55 52 180 36 138 69 65 93 108 86 12 83 158 148 99 68 72 95 64 78 27 56 86 175 20 79 66 171 111 72 30 24 24 83 53 85 62 73 130 176 58 143 162 174 1 15 77 133 179 114 16 71 33 29 13 56 43 13 66 3 5 89 11 108 14 102 134 121 80 16 107 152 160 139 76 60 130 159 62 12 7 60 155 100 65 143 124 144 34 153 165 84 67 164 52 168 70 10 19 37 155 63 176 40 101 107 35 118 78 65 120 64 118 110 106 19 94 129 86 30 33 17 35 97 48 120 40 137 4 66 27 153 122 130 13 77 23 71 120 20 32 72 75 111 1 164 45 155 177 42 170 48 14 132 70 109 31 141 113 96 129 32 34 72 95 146 92 122 124 144 94 29 166 81 118 46 96 76 68 147 103 62 74 42 142 33 132 2 101 82 138 154 103 172 61 62 53 90 167 51 180 15 58 79 51 151 101 143 107 27 179 110 53 81 149 70 97 31 49 24 120
4 79 20 43 123 72 5 9 179 16 122 68 29 9 170 105 163 4 109 8 128 172 110 5 175 178 68 49 121 111 154 96 90 152 129 98 60 144 22 11 120 96 75 9 78 74 18 149 133 79 137 118 92 52 24 38 82 8 139 83 161 57 21 1 135 52 166 177 97 85 82 78 112 79 152 149 128 6 64 78 113 133 177 5 168 31 3 140 85 51 163 82 115 117 80 91 138 177 104 37 104 78 169 4 152 55 20 86 122 71 11 92 148 59 2 114 171 46 60 152 68 123 18 23 142 3 175 29 179 16 66 53 175 38 134 52 177 178 24 56 80 143 161 60 64 100 81 53 9 122 47 63 35 159 159 142 105 93 175 77 149 171 73 48 15 152 161 68 164 10 157 138 107 130 29 174 74 16 90 148 152 54 31 88 47 121 130 72 149 171 18 26 136 30 98 133 156 98 98 118 41 65 71 165 12 130 180 70 107 109 172 91 178 119 47 141 74 76 32 120 23 27 170 164 46 88 151 123 65 151 80 160 37 163 4 145 69 153 114 89 76 37 97 136 142 83 90 31 20 79 67 147 70 38 73 67 69 31 157 72 135 59 99 173 133 152 151 160 94 126 19 159 156 58 62 171 95 122 30 40 47 68 3 111 141 65 34 138 31 126 161 167 82 75 158 29 83 96 120 173 81 174 75 49 145 156 145 71 93 157 95 56 168 36 160 107 109 7 26 9 172 123 129 166 162 53 160 55 126 90 21 81 96 161 126 19 66 100 62 102 7 50 144 39 138 94 41 98 165 12 27 22 105 160 56 19 33 170 170 47 29 174 154 163 172 79 82 159 81 23 103 137 153 56 19 92 80 138 174 86 81 82 74 115 140 156 97 11 169 99 135 124 7 66 179 131 44 104 92 134 135 35 74 33 118 115 123 37 134 65 168 42 85 167 68 153 138 25 163 60 44 154 52 108 163 138 166 74 28 150 172 119 53 172 130 49 5 74 17 82 172 72 86 113 90 121 126 140 26 117 120 85 140 177 180 141 155 175 20 51 9 163 50 128 43 143 71 163 92 74 151 121 110 163 63 74 170 56 15 42 34 145 36 30 35 35 36 7 35 130 143 79 52 93 58 21 135 10 30 64 114 177 48 12 45 68 123 125 152 99 128 177 45 101 143 2 118 117 100 61 7 38 94 85 96 128 107 2 176 55 168 56 142 164 108 32 45 13 128 27 157 57 50 74 62 27 92 98 6 65 106 54 117 146 43 107 25 56 62 133 129 83 74 51 41 135 38 179 155 154 76 138 51 150 163 64 137 24 32 171 36 122 23 32 141 83 71 66 95 12 62 98 42 57 136 161 137 34 43 135 70 49 99 60 66 52 27 150 2 49 48 147 78 92 125 174 172 79 107 42 158 5 42 98 97 14 163 147 92 98 81 76 87 101 173 64 82 23 55 138 82 178 112 145 1 102 49 133 108 9 108 17 52 41 137 166 166 160 44 76 114 120 3 55 95 23 71 166 52 75 149 139 10 155 42 110 30 100 156 48 10 83 26 129 153 90 151 41 63 171 126 87 114 79 175 14 157 142 120 5 72 72 137 83 170 49 24 150 32 124 113 172 158 29 133 65 145 135 22 65 83 98 99 89 126 21 180 71 126 173 149 131 158 107 75 26 7 64 152 127 140 119 40 23 139 168 108 54 26 35 166 100 40 113 81 78 101 49 146 153 13 16 48 36 76 143 93 180 14 131 77 89 41 112 21 120 1 96 68 53 63 133 39 131 176 121 157 142 171 154 130 95 73 114 71 135 100 38 102 33 101 154 123 118 154 142 166 11 179 38 78 118 133 102 167 76 23 30 61 140 1 111 82 55 52 139 40 42 126 159 172 176 97 39 72 11 45 20 71 17 15 17 165 121 20 147 118 57 5 101 94 64 18 93 178 112 177 47 4 179 85 177 63 106 179 29 55 93 44 64 77 117 112 48 109 122 52 86 169 25 126 107 164 107 160 16 166 67 149 44 136 26 94 104 55 20 115 53 1 32 56 137 63 28 19 31 150 93 73 175 172 168 164 150 139 37 123 5 35 91 59 67 143 158 18 52 30 180 4 40 62 178 81 141 99 30 44 170 66 82 11 93 149 163 84 87 59 104 152 97 101 83 111 151 152 67 86 145 180 7 155 78 180 122 22 68 17 18 90 125 146 155 138 140 106 17 23 159 133 142 125 155 33 35 121 91 78 34 93 147 113 22 3 138 120 81 116 89 2 36 1 82 154 79 60 83 44 8 152 144 41 72 61 136 73 83 114 18 74 139 5 147 60 49 177 82 133 133 178 6 17 24 53 67 179 60 114 108 65 7 83 37 90 132 129 103 71 30 175 160
157 19 43 166 160 132 103 20 64 97 18 126 180 132 80 152 128 119 141 53 98 36 15 87 11 118 60 64 30 106 93 2 58 171 158 79 101 107 87 175 155 178 95 157 157 95 6 137 67 40 68 10 180 143 172 83 37 180 73 4 173 54 15 112 154 50 11 46 91 152 21 25 14 18 30 143 33 91 120 141 143 99 51 109 88 117 36 6 111 20 158 39 169 132 155 77 157 94 85 159 118 3 126 118 37 122 45 134 6 176 113 59 177 99 156 137 171 107 117 40 75 2 84 125 43 77 13 88 63 17 104 180 42 65 124 135 157 45 61 146 180 17 29 3 151 116 72 109 162 161 70 62 124 95 135 179 140 138 145 147 123 156 44 165 112 152 64 173 60 14 153 44 111 172 100 83 126 129 105 101 128 119 56 13 75 23 13 86 144 44 103 78 109 173 107 43 176 136 69 72 139 81 117 16 108 55 76 122 154 61 2 3 51 96 158 90 136 38 43 86 55 166 135 156 151 22 29 139 83 125 50 169 163 64 54 170 71 139 146 87 174 148 97 155 80 64 107 87 148 15 43 166 92 155 35 92 133 174 150 28 167 7 134 18 122 87 36 18 99 109 100 128 143 108 118 5 159 142 28 121 9 46 14 4 71 41 20 15 50 159 167 162 34 12 144 150 114 106 133 81 163 55 124 115 3 108 126 116 130 3 56 134 70 14 106 158 127 163 178 75 64 148 13 134 96 81 8 102 124 114 146 108 79 61 49 36 151 176 52 20 167 149 7 169 138 7 5 107 51 166 5 129 27 32 4 37 177 164 21 31 51 19 80 155 42 13 150 173 28 57 176 144 54 50 100 180 167 161 66 82 148 71 11 17 4 124 12 47 65 89 147 126 110 59 28 144 174 154 69 48 87 42 81 9 73 131 109 130 105 75 155 121 30 140 38 177 141 112 49 6 96 61 65 170 85 34 143 21 30 7 175 127 63 99 45 19 155 80 73 24 24 148 84 25 64 82 174 96 171 64 78 4 133 137 48 148 9 53 5 99 146 119 174 50 46 161 173 68 114 31 22 47 129 74 163 8 52 106 83 54 107 104 73 102 143 166 124 27 12 25 122 28 49 147 83 87 161 82 58 39 41 170 136 7 172 146 126 160 174 5 24 22 115 45 111 76 178 11 116 1 143 60 128 74 151 4 27 122 165 14 172 14 115 28 97 150 22 116 159 33 118 178 134 159 169 138 103 136 126 130 24 179 111 73 40 114 116 54 145 123 161 14 8 179 51 101 142 109 156 90 30 122 145 52 152 50 62 17 88 148 78 118 52 49 67 12 70 119 11 167 124 37 25 32 139 90 140 169 152 58 144 178 177 103 30 19 28 3 29 18 120 15 104 162 108 85 139 95 60 54 98 140 127 84 11 24 46 154 124 18 73 107 127 133 102 75 133 77 54 151 132 33 149 37 57 179 88 152 34 67 162 153 95 131 83 55 179 81 139 27 102 95 58 166 88 65 65 92 114 110 47 2 72 144 119 40 111 140 107 23 179 28 23 98 115 170 27 32 153 97 61 156 105 45 22 73 49 86 47 3 52 108 46 66 132 107 123 51 52 2 48 88 116 76 1 76 143 105 108 136 74 68 166 157 40 32 177 3 12 80 55 47 159 177 56 14 103 27 44 10 6 135 148 7 85 25 24 114 119 107 73 59 71 16 118 146 83 176 139 122 80 157 110 73 54 101 52 61 95 46 22 39 12 161 68 146 44 26 130 51 104 172 64 179 179 54 169 123 165 177 16 125 127 80 25 155 27 6 114 37 55 48 138 145 14 24 117 133 114 135 132 150 124 83 46 167 58 173 151 121 59 47 168 51 33 76 93 77 3 145 29 36 74 30 45 27 72 58 22 160 143 65 30 180 9 119 136 88 82 11 17 54 85 160 94 154 26 73 59 178 117 117 170 19 176 145 176 86 177 79 176 140 69 41 156 5 157 113 160 85 81 157 6 135 105 97 93 39 41 118 172 80 92 32 52 51 21 87 22 88 59 179 178 76 63 6 90 117 97 177 161 22 180 19 131 130 111 9 155 93 17 134 83 68 95 3 82 91 12 1 87 33 135 111 163 24 62 73 81 32 140 83 36 136 133 70 140 54 24 61 77 28 70 159 58 22 157 152 17 59 100 42 166 40 162 157 81 91 42 69 50 23 84 114 60 160 85 165 120 84 102 143 34 68 144 45 121 113 115 170 22 16 114 33 71 115 23 53 156 128 57 29 94 137 122 122 99 98 29 38 133 19 116 127 39 115 145 170 180 115 108 77 149 67 127 4 47 2 169 121 115 86 120 30 67 71 16 74 152 34 49 31 146 29 162 164 39 138 131 58
58 128 90 34 133 51 142 65 170 171 7 175 150 65 151 120 106 167 89 157 91 143 118 168 54 169 12 154 68 161 7 79 63 31 132 79 93 156 165 33 83 61 165 168 172 134 43 74 19 163 161 110 14 28 67 5 138 174 117 63 129 12 4 39 40 162 103 6 82 100 124 96 123 36 107 42 98 28 112 21 19 83 150 36 92 47 20 171 84 109 154 151 81 30 54 85 28 13 123 98 12 23 163 82 31 76 36 118 120 90 21 174 108 128 4 175 107 180 90 90 123 62 47 141 90 20 95 42 1 122 134 64 82 36 37 45 137 112 166 139 65 124 82 82 4 98 157 139 35 115 26 154 170 3 109 31 164 145 176 20 127 142 106 26 165 108 12 142 107 90 46 162 1 1 151 102 122 93 172 107 148 126 50 24 17 32 53 178 84 51 150 122 95 128 170 95 116 55 56 39 93 140 111 137 120 62 168 161 160 62 130 114 137 13 35 177 8 103 164 39 105 103 157 138 85 165 17 88 11 124 172 48 56 126 3 104 165 17 148 43 144 41 36 42 129 122 32 172 71 103 22 171 26 5 113 17 106 113 9 64 43 59 178 131 35 15 9 19 17 171 161 123 140 118 42 69 20 117 8 77 138 100 63 83 51 54 58 92 22 64 7 123 37 29 157 124 96 8 46 162 12 87 121 153 74 45 43 146 56 64 31 12 159 66 120 4 131 98 56 158 54 51 73 131 86 126 96 144 81 38 113 148 174 96 80 176 161 180 29 136 59 133 27 109 17 48 12 138 43 97 160 149 76 49 96 57 122 61 115 93 128 118 132 1 103 4 27 64 148 99 23 97 93 126 116 59 120 129 114 47 114 74 144 76 55 147 86 11 180 122 166 33 124 164 103 3 109 159 28 72 156 153 180 44 65 106 124 179 104 180 18 52 9 92 124 169 75 175 141 180 156 141 91 30 74 115 150 160 56 57 18 81 128 155 164 180 152 31 2 169 118 155 55 34 108 96 15 180 65 161 84 172 13 70 106 54 177 91 165 139 115 48 165 36 10 156 72 96 171 50 15 51 167 171 178 124 75 53 115 174 59 21 55 159 133 136 74 141 126 177 60 58 28 34 170 86 108 14 89 88 128 166 169 17 156 84 151 126 109 101 30 44 164 149 90 3 118 90 23 69 138 124 116 71 115 121 150 94 26 126 121 47 172 108 162 115 11 149 156 141 35 24 56 52 160 58 9 169 7 58 7 149 12 69 157 55 130 136 173 170 148 20 158 130 102 44 171 120 35 94 1 144 172 59 141 21 29 14 31 69 21 14 138 132 66 5 164 94 1 4 40 150 70 93 29 117 164 97 127 140 66 104 123 167 127 75 138 3 83 49 136 30 39 70 164 53 118 167 141 51 20 121 14 171 114 34 36 42 126 126 161 15 119 54 130 36 43 81 144 91 68 10 155 57 44 55 175 149 64 180 104 62 143 41 149 135 93 112 36 2 125 74 27 78 167 115 3 51 176 59 3 101 136 67 9 76 113 12 118 61 8 36 124 19 38 20 14 132 177 173 41 125 102 31 75 43 22 21 159 180 58 122 124 5 14 180 56 139 35 96 59 136 58 24 37 89 96 48 1 5 177 8 141 65 65 155 8 91 118 142 159 96 109 29 159 80 61 90 3 26 155 65 66 95 11 144 144 143 152 120 146 21 90 163 121 174 170 75 101 180 54 54 85 94 148 52 105 146 5 115 114 178 178 122 105 139 164 92 96 143 88 54 177 104 110 141 37 144 94 49 179 153 46 58 14 56 84 103 131 54 156 14 36 130 156 69 73 31 50 129 162 77 156 151 101 41 32 64 51 127 32 171 133 126 20 166 82 152 111 126 4 73 130 42 179 72 147 178 163 72 176 60 43 45 157 174 139 64 64 32 134 82 3 95 41 19 26 82 76 86 180 148 93 130 101 12 99 71 95 81 160 46 179 97 102 67 147 121 4 54 143 52 40 36 147 8 119 77 84 150 105 68 11 86 138 171 22 128 125 144 136 31 49 160 180 157 77 87 173 167 110 18 35 55 83 177 30 149 59 138 132 17 64 13 133 168 7 101 76 105 62 168 70 99 28 117 97 92 99 76 62 131 41 123 50 39 167 82 18 86 170 128 49 23 36 150 161 166 137 85 31 160 74 128 147 158 110 108 131 55 62 120 23 174 172 105 42 155 42 43 31 12 46 59 43 75 103 118 13 64 7 145 13 66 59 51 15 104 93 139 33 48 82 76 97 109 86 100 62 134 53 130 83 152 135 67 67 146 139 67 9 162 53 180 104 138 93 163 148 144 125 13 145 101 160 152 16 52 79 22 8 180 40 65 125 109 106 175 40 68
0.3
0.2
0.3
0.3
0.3
0.3
0.4
0.3
0.2
0.4
0.2
0.3
0.4
0.3
0.3
0.4
0.3
0.3
0.3
0.3
0.4
0.4
0.4
0.3
0.2
0.3
0.2
0.4
0.3
0.2
0.2
0.4
0.4
0.3
0.3
0.3
0.2
0.2
0.4
0.4
0.3
0.4
0.3
0.3
0.3
0.4
0.4
0.4
0.4
0.3
0.2
0.2
0.3
0.4
0.4
0.2
0.4
0.4
0.4
0.3
0.3
0.4
0.3
0.3
0.3
0.2
0.4
0.4
0.2
0.2
0.3
0.4
0.3
0.3
0.3
0.2
0.3
0.4
0.2
0.4
0.3
0.2
0.2
0.4
0.3
0.3
0.4
0.3
0.4
0.3
0.3
0.3
0.3
0.4
0.3
0.3
0.3
0.3
0.2
0.3
0.2
0.3
0.3
0.4
0.4
