70 12
20
18570
20146
19311
20158
19933
15817
18450
18576
18633
19912
18056
19314
18754
18593
18711
19447
18163
17347
18820
19506
3.6 45.8 73.7 1.9
2.1 32.9 49.6 1.5
1.3 45.2 36.2 2.1
3.4 20.1 51 2.2
1.7 34.3 33.5 2.4
1.2 45.8 53 2.4
3.4 27.4 26.6 1.8
3.2 11.2 13.3 1.7
2.3 23.7 48.8 1.5
4.3 42.8 55.1 2.1
1.4 28.1 73.6 1.9
2.3 22 94 2
3.5 10.4 65.6 1.6
1.6 30.1 7.8 1.7
2.5 25.1 39 2.4
4.4 38.1 57.6 2
2.1 43.3 46.6 2.2
3.9 38.6 73.4 2.4
2.9 44.1 56.6 1.8
4.2 27.1 68.8 2.3
2.4 47.4 56.2 2
4 44 90 2.2
3.2 13.4 54.5 2.2
2.8 35.2 54.7 1.9
3.4 11 82.7 1.9
3.6 12.8 41.5 2.3
2.5 25.1 49.8 2.3
1.2 13.7 61.4 1.5
4.4 17.2 8 2.1
1.1 40 55.6 2.4
2 16.5 43.6 2.3
3.1 19.3 79.4 2.3
1.1 30 41.5 2.1
1.7 37.9 24.1 1.7
4.1 39.7 93.1 2.1
4.4 15.7 32.4 1.6
3.4 22.2 88.8 2
1.7 17.4 41.8 1.5
4.2 42.8 16.7 1.6
4.9 23.2 38.5 2.4
3.1 45.4 45.2 1.7
3 26.3 5.8 2
3.7 41.7 73.8 2.3
4.1 25.4 56.9 1.8
1.7 11 58.5 1.6
4.8 15.2 15.5 2
4 12.1 92.5 1.6
2.7 48.2 75 2.2
1.7 27.6 49.5 2
1.7 47.2 94.6 2.4
2.6 46.7 61.8 1.7
1.1 35.9 37.2 1.9
3.3 49.7 74.6 1.9
1.9 16.7 63.4 1.6
4.1 27.9 88.3 2.4
3.9 15.9 85.4 2.1
4.6 32.8 23.6 2.4
4.3 18.5 51.8 1.8
2.2 25.8 49.7 2
1.6 12.2 16.5 2.1
3 47.6 21.3 2.4
4.8 10.3 69.5 2.2
2.3 45.2 13.2 2
1.6 16.8 70.1 2.2
1.1 14 58.2 1.5
2.9 10.4 58.3 1.6
4 45.4 63.4 2
2.3 26.5 40.8 2.5
4 47.2 73 1.9
4.8 16.4 10.7 1.6
1.6 24.1 26.2 1.9
4.9 13.1 89.6 2.3
4.4 34.7 27.6 2.1
4.1 10.6 31.2 2.1
4.2 11.5 34.2 2.1
1.4 12.7 57.9 2.2
2.5 43 62 2.1
3.1 35.2 94.1 2.4
4.7 49.7 55.9 2.2
4.1 22.5 35.3 2
2.2 12.3 56.7 2.3
2.2 12.3 9.4 2.3
4.9 40.4 87.3 1.6
1.8 47.9 90.4 2.4
4 17.7 80.8 1.6
3.6 17.5 15.9 2.4
1.5 37.6 18.9 1.5
3 37.7 81.3 1.8
2.4 31.5 21.5 1.9
4.3 35 74.7 1.6
3.4 46.4 58.6 1.8
2 31.7 86 2.2
4.9 12.2 41.3 1.9
3.1 37.4 94.4 1.9
1.5 25.9 39.7 2.1
1 11.2 32.7 1.5
4.1 48.9 30.5 2.2
2.7 20.1 79.7 1.9
2.8 11 84.3 2.4
2.7 11.1 23.7 2
2.5 44.2 52.1 1.7
3.8 42.9 64.2 1.7
2.9 21 38.4 1.9
4.8 18.6 42.6 2
4.7 47 49.5 1.9
3.4 36.2 66.3 2.5
4.9 29.4 21.9 2.1
2.4 29.9 46.7 1.7
4.4 11.7 22.9 1.9
3.3 28.7 12.8 2
2.6 12.1 55 2
4.3 34.2 42.1 1.7
2.3 44.5 68.8 2.4
4.3 38.8 52.6 2.5
2.8 23.7 16 1.9
4.2 21.7 17.9 1.6
4.3 33.3 53.7 1.9
4.8 48.5 26.3 1.9
3.6 25.3 79.5 1.9
1.7 40.3 52.4 2
3.1 23.6 27.8 2.1
4.4 41 86.3 1.9
4 19 25.4 2.1
3.5 35.4 45.6 1.8
4.4 34 15 2.1
1.3 43.7 11.2 2
4 15.4 21.2 2
1.5 40.9 10.7 2.3
4 19 48.8 1.7
4.9 17.6 60.7 2.2
2.5 44.2 53.9 1.8
4.4 18.9 32.3 2.1
2.7 19.8 51.9 2.4
3.2 46.5 9.2 1.9
2.8 17.1 13.8 2.2
5 44.7 9.2 1.8
1.2 42.8 44.9 1.8
2.6 23.8 55.5 1.6
1.8 36.3 12.6 2.5
1.8 10.1 25.2 2.1
3.3 21.6 53.5 2.4
2.6 10.8 36.1 2
3.3 26.5 46.3 2
3.2 19.2 44.7 2.3
2.2 46.8 62.4 1.6
2.1 48.5 94 1.5
4.2 33 78 2.4
1.7 15.8 70 2.3
2.1 12.6 74.5 2.3
3.5 25.5 91.1 1.6
1.6 38.4 54.1 2
2 29.9 11.1 2.2
4.9 43.1 16.8 1.5
3.6 36.9 11.4 2.4
2.6 13.1 51 2.2
2 35.1 29.7 2
3.7 40.6 80 2.4
2.1 26.9 29.2 2.3
1 33.1 43.8 2.1
4.5 47 39.6 2.1
4.5 41.3 40.8 1.7
1.9 45.4 45.7 2.1
2.2 19.1 93.9 2
4.6 41 16.3 2
3.1 32.2 43.1 1.7
4.4 15.6 88 1.9
4.7 31.3 45.6 2
4 37.5 76.7 2
4 13.8 28.4 1.6
2.9 36.2 47.1 1.6
4.1 13.8 42.7 1.9
2.6 32.5 12.6 1.8
1.9 40.8 7.1 1.6
3.6 23.3 35 2.3
1.7 37.9 63.4 2.4
1.1 37.6 61.8 1.6
3 21.5 39.7 1.7
3.7 38.1 80.1 2.4
4.6 20.1 62.1 2.2
4.1 45.8 27.5 1.6
1.9 10.4 64.4 1.8
2 36.8 74.6 1.7
3.3 38.9 89 1.5
1.7 48.3 22.7 1.8
3.3 44.1 28.4 1.8
1.2 30.2 31.4 2.1
2.4 23.6 22.8 1.9
3 12.5 31.3 2.4
3.5 24.2 56 2
2.7 48.6 77.1 1.9
3.2 45.5 59.1 1.6
4.3 44.9 93.9 1.9
1.6 43 9.1 1.8
1.5 32.5 36.9 2.5
4 35.1 75.8 2.2
4.4 17.8 25.7 2.4
3.5 43.4 44.6 2
3 19 23 2.3
4 24.4 63.2 1.6
3.7 47.7 39.3 2.5
3.4 17.7 9.9 2.1
2.3 31.3 6 1.6
1 18 65.3 2.3
4.1 40 6.4 2.1
4.8 47.6 58.4 1.9
3 39.9 47.2 2.4
1.5 14.7 45.1 2.3
4.9 14.5 94.1 1.7
4 40.6 52.1 2.5
3.9 32 32.9 2.2
3.3 25.4 65.1 2.1
3.8 16.4 62.3 1.6
3.6 10.2 45.3 1.5
4 41.4 49.9 1.7
2.5 36.2 85.6 1.7
3.9 41.3 68.3 1.8
4 41.5 91.6 1.8
4 27.7 16.7 2
3.6 30.7 10 1.9
4.7 35.4 58.5 2.3
3 29.7 59.5 2.3
1.2 20 48.3 2.4
1.5 24 71.2 2.4
3.4 34.3 68.6 2.4
4.5 10.4 94.4 2.5
2.2 20.5 44.3 1.7
2.8 15.8 88 2.2
2.4 20.4 19 2.4
3.3 26.3 93.1 1.8
4.8 12.3 93.6 1.7
4.8 30.1 8.3 2.4
3.1 20 42.3 2.1
3.2 30.5 88.7 2
3.2 32.3 58.8 1.7
3.4 20.8 90.3 1.6
4.1 25.7 64.7 2.4
3.8 49.9 63.6 1.7
4.6 22.3 32.3 1.6
4.1 29.5 14.5 2
2.3 31.1 50.1 2.5
2.1 37.1 70.5 1.7
2.9 18 48 1.6
4.5 27.2 65.1 2.1
3.8 22.2 9.7 1.5
4.5 31.8 25.7 2
3.4 47.7 8.8 2
1.3 20.6 14.2 2.4
3.4 31.8 91.8 2.5
4.8 28 93.7 1.8
1.7 37.2 73 2
2.5 37.6 90.2 2.5
2.5 39.1 90.3 1.8
3.9 43.2 89.7 2.2
4.4 20.1 10.2 2
3.8 18.9 48.1 1.8
1.3 16.5 83.1 2.2
4.7 44.9 9.8 2
3.7 24.9 15.3 1.5
4.9 32.6 24.1 1.7
3.3 30 16.2 1.6
1.2 43 76.5 2.3
1.4 48.1 84.9 2
2.8 12.1 14 2
2.5 27.5 84.3 1.7
3.9 41.1 53.6 2.1
3 43.9 85.2 1.6
2 22.3 92.9 2.5
2.4 14.5 54.1 2.2
1.8 29.3 22.4 1.7
4.2 14.5 25.6 2.2
1.4 43.9 82.6 1.7
3.7 48.8 78.9 1.7
2.2 17.5 13.3 1.7
1.4 26.7 11.7 2.2
5 18.3 74.1 2
3 18.5 77 1.8
1.1 46.7 46.5 2.1
4.7 38.1 23.1 2
2.8 11 12.5 1.5
1.7 11.8 63.5 1.6
3.1 48.1 18.1 2
5 34.9 32.9 2.5
2.4 46.9 5.6 2.1
2.7 47.7 33.9 2.1
2.8 47.7 9.2 1.6
1.9 12.6 38 2.3
3.8 20.9 49.9 2.1
2.2 33.3 32.4 2.4
2.2 29.7 31.4 2.1
1.3 44.2 20.7 1.8
2.4 47.1 44.1 2.4
2.9 48.2 16.1 2
1 37.7 21.2 2.4
4.4 24.5 33.5 2.3
4.1 38.2 14.8 1.7
4 10.9 78 1.8
1.9 41.6 20.4 2
1.2 31.2 11.7 1.7
4.9 35.8 49.1 2.2
5 26.2 35 2.1
3.4 34.3 76.9 1.8
4.8 25.8 62.3 2.5
2.5 41 69.5 2.3
3.1 11.8 90.7 2.1
3.9 46.2 83.3 2
3.7 43.9 77.1 2
3.3 24.5 7.7 1.7
1.2 24 21.1 1.6
1.1 30.7 39.9 1.8
4.4 42.5 94.9 2
3.5 15.7 77.2 2.2
2.6 37.6 81.4 1.9
1.6 47.6 83.9 2.5
4 21.1 47.9 2.1
1.8 38.8 43 1.8
4.8 47.8 49 2.3
2.9 25.1 27.1 2.1
3.1 34.1 32.9 1.5
4 42.3 13.3 1.6
4.6 36.6 86.9 2.1
2 12.4 42.7 1.6
4.4 25.6 34.1 2.3
4.9 32.4 6.8 1.9
2.3 24.9 17.1 1.6
4.8 41.2 30.3 2.2
1.9 45.5 5.3 1.7
2.3 42.8 88.7 2.2
3.2 48.3 72 2.4
3.2 40 69.7 1.8
3 49.8 5.4 1.6
2.5 46 9 1.7
3.7 39.4 52.2 2
4.9 23.5 10.9 1.8
2.6 28.8 13.2 2.4
3.1 15.4 86.6 2.2
2.4 40 6.1 1.7
1.7 27.5 74.5 1.7
1 12.9 63.1 2.4
4.2 41.6 86.9 2.3
3.6 35.9 33.6 1.8
1.6 40 47.6 2
4.1 19.7 46.3 2.2
4.7 41.3 92 1.8
4.5 34.7 47.4 1.7
1.4 37.6 84.9 2
4.2 41.6 38.7 2.3
3.5 22.7 37.3 2.5
2.5 20 67.1 2.4
3.6 28.9 94.1 2.2
3.4 21.4 8.5 2.2
1.3 34.2 10.8 1.7
1.2 32.2 18.9 2.1
2.1 28.2 8.9 2
2.3 20.6 5.5 2
1 41.4 74.4 1.7
1.5 30.3 29.8 1.8
1.8 48.3 45.5 2.3
1.5 34.1 17 2.2
1.6 38 66.6 2.2
3.6 29.9 50.3 2.3
2.5 17.5 16.9 2.4
2.5 47.4 50 2
4.9 21 43.5 2.3
3 19.5 25.4 1.5
2.8 41.2 39 2
1.4 27.3 63.6 1.6
5 40.4 67.7 2.4
3 38.5 86 1.5
1.4 35.8 11.7 2.5
2.3 17.9 14.5 1.6
4.2 41.8 14.4 2.3
1.6 21.3 89.5 2.3
3.9 25.7 45.4 2.4
1.6 30.1 12.9 2.1
1.6 47.5 53 2.2
3.8 18.3 12.4 2.4
2.4 44.3 66.3 2.1
3.2 29.9 49.7 1.7
1.1 43.7 38.6 1.5
3.7 32.6 92.6 2.5
2.1 13.3 32.5 2.4
2.4 37.4 10.5 2.2
1.8 32.6 28.4 2.4
2.5 23 24 2
1.8 12.1 37.6 1.7
4.2 35.3 42.4 2
2 44.5 94.8 1.6
4 29.5 34.3 2.3
2.4 43.8 76 1.6
2 21.2 76.1 1.6
1.5 19 44.4 1.7
4.6 20.2 46.9 2.1
1.8 14.9 42.6 2.5
4.9 38.7 19.2 2.2
2.4 43.1 49.5 2.1
4 13.8 54.4 2.4
2.2 45 74.1 1.8
1.6 11.9 36.1 2.2
2.2 41.6 19 2.1
1.3 32.9 38.6 2.5
3.5 40.8 70.3 2.3
4.5 21.3 82.2 1.7
1.4 24.1 11.1 1.5
1.5 11.1 59.4 1.7
2.4 36 88.7 1.6
2.9 35.1 41.2 2.1
2.6 14.6 27.6 2.3
2.8 28.5 6.9 2.4
2.5 15.8 77.2 1.6
4 43.7 30.3 2.1
1.3 25.9 11.4 2.3
1.4 35 19.2 2.2
2.6 44.2 43.9 2.4
1.2 11.2 79.8 1.7
1.2 27 62.5 1.6
1.5 22.4 7.2 2.4
1.9 31 58.7 2.3
2.2 32.7 66.3 1.7
2.4 28.3 85.3 2.4
2 11.8 68.2 2.4
3.4 48.7 47.4 1.7
1.2 17.8 42.2 1.9
3.2 36.7 34.2 2.2
3.1 36.9 92 2
4.9 23.1 67.6 2.3
4.2 45.3 90.3 1.5
4.8 23.8 8.5 2.3
1.6 30.6 5.6 2
3.8 39.3 94.4 1.9
4.7 30.9 19.1 2
2.7 25.9 72.3 2.1
2.9 39.7 79.6 2.3
3.9 45.1 21.5 2.2
1.7 17.2 40.5 1.8
2.6 25.9 13.2 2.5
1.8 13.6 25.3 2
2.3 28 64.7 2.2
3.4 25.2 85.7 2.2
3.5 44.7 50.2 1.6
1.3 13.7 51.4 1.6
3.9 26.9 37.5 1.6
1.9 48 17.7 2.2
1.2 30.6 51.8 2.4
2.5 43.8 82 1.9
2.8 16.2 55.8 2.1
2.2 37.8 40.1 1.6
5 44 56.9 2.4
2.1 10.7 26.3 1.8
1.9 23.4 61.8 1.7
4.1 17.7 58.3 2.1
1.3 27.6 24 2.1
1.9 17.2 38.2 2.3
4.9 24.3 77 2.2
3.5 25.6 65.2 2.3
1.5 36.6 84.4 2
2.3 17.6 90.6 2.4
5 13.5 49.4 1.8
2 40.2 72.6 1.7
2.6 21.7 44.5 1.7
1.5 48.1 9.5 2.2
3.1 16.2 43.8 2
1.3 18.1 14.8 2.5
3.5 35.5 31.5 1.6
3.2 17.3 10 2.4
3 30.1 75.9 1.5
2 43.8 31.1 1.7
4.8 30.6 13.9 2
4.8 42.9 8.6 2.3
1 10.7 73.8 1.7
2.5 26.4 55.1 2.1
1.5 14 64.7 2.2
5 15.7 31.4 2.1
2.1 42 27.2 2.3
3.6 14.2 46.4 2.4
2.8 27 68.2 1.9
2.2 41.1 50.9 1.9
1.7 38.7 90.5 2.2
1.7 37.9 82.7 1.5
3.4 20.3 87.8 2.4
3.7 32.7 16.6 1.8
2.3 31.3 84.3 2.4
3.5 15.6 19.2 2.4
3.2 43.9 84.9 2.4
4.3 47.9 66.6 1.6
1.2 13 41.3 2.1
4.4 27.1 19.7 2
4.7 35.2 21.4 2.4
2.2 40.5 52.1 1.9
1.3 16.8 40.9 1.5
4.4 48.4 5.4 2.1
1.4 32.5 28.4 2.1
3.2 20.9 23.8 2
1.6 10.1 50.2 1.9
4.6 45.7 60.5 2
2.2 47.5 32.5 2.3
1.7 23.3 54.3 2.2
3.1 18.4 48.1 2
3.8 38.4 52.8 2.1
3.1 13 92.2 2.1
1.8 45.1 57.2 1.5
1.3 12.9 8.6 2.1
1.1 35.7 46.1 1.8
3.9 40.5 42.7 2.1
3.3 37.4 67.3 2
1.9 11 18.9 1.9
2.9 41.2 68 1.9
2.4 38.9 50.4 2.2
4.2 41.9 30 2.4
3.5 42.4 43.4 1.9
3.1 35.7 15.2 1.7
4.5 39.2 81.5 1.9
2 15.4 46.1 2.2
2 20.4 35 1.6
1.4 20.2 55.4 2.2
2.3 16 8.6 2.1
4.3 23.9 16.2 2.2
4.4 37.1 85.8 1.6
1.1 42.3 78.1 1.6
4 35.7 57 1.7
2.3 15.2 71.1 2.1
1.6 44 40 1.9
4.4 32.3 58.5 2.1
1.7 34.5 72.2 1.7
2.7 22.5 55.6 1.7
4.3 16.8 94.2 1.7
4.4 24.8 56.3 1.8
4.1 35.6 18.6 1.8
1.4 12.4 35.7 2.2
4.8 22.6 47.8 2.5
3.9 13.8 54.4 1.9
1.1 36.7 37.2 1.6
3.6 26.6 60.9 2
3.1 25.9 74.5 1.9
3.9 10.3 53.5 2.4
3.3 22.7 48.8 1.9
3.4 19.3 59.1 1.8
2.8 36.8 42.4 1.6
4.6 22.9 67 2.3
3.1 25.5 54.2 1.8
1.3 33.2 42.5 2.3
4.2 20.9 8.3 2.3
3.2 38.7 42 1.7
2.4 29.7 6 1.8
2.1 44.1 69.5 2.1
3.2 37.1 17.8 2.2
5 26.8 67.2 2.4
1.9 24.8 68.7 1.8
2.8 16.3 17.7 2.1
2.1 29.2 70.1 2.2
1.5 29.5 94.3 1.6
1.2 16.2 51 2
3.8 42.1 5.3 2.1
4.5 48 87.3 2.5
2 16.1 7.2 1.8
2.2 45.5 76.9 2.1
2.8 18.1 12.9 1.9
4.4 20.3 63.4 2.4
3.1 32 64.4 2.3
2.5 44.2 84.8 1.8
1.6 31.2 77.7 1.6
4.3 18 90.3 1.9
1.4 12.3 40.1 1.7
1 43.5 55.2 1.8
1.1 40.5 78.5 2.1
3.2 32.6 30.7 1.6
3.2 17.3 26 1.6
1.1 36.5 24.8 1.9
2.9 11.9 74.9 2.5
5 30.3 83.9 1.6
4.5 15.1 19.5 1.6
2 16.4 42.2 1.5
3.7 42.3 7.1 1.8
2.5 23.2 7.5 2
4.8 34.3 81 1.9
1.5 46.8 5.1 2.4
4 14.9 34.1 1.7
2.6 11.4 32 1.9
2.3 17 10.3 1.7
1.5 21.3 74.8 2.1
4.2 41.9 60.6 2.1
4.2 27.7 46.8 1.7
3.2 36.1 77.7 2.2
4 48.6 87.5 2.4
4.6 44.9 20.3 2.4
2.1 19.4 62.3 1.9
2.3 23 5.3 2.2
1.6 17 47.6 2.2
3.5 47.8 71.8 2.4
3.2 27.3 43 2.3
4.2 34.3 93.6 2.2
3.9 33.2 10.4 1.6
4.2 20 67.4 1.7
2.5 32.5 7.8 2
1 39.1 76 2.5
3.6 28.2 31.6 2.1
4.2 40 92.8 1.7
1.5 46.2 62.7 1.7
3.9 35.8 32.5 2.4
1.7 48.8 64.7 2.2
3.1 10.2 70.4 1.7
4.1 37.9 24.9 2.2
2.1 42.7 20 2.1
1.2 31.6 67 2.1
4.5 36.9 10.6 2
2.5 47.8 40 1.8
3.7 50 68.5 1.9
4.8 35.2 48.9 1.7
1.5 43.8 59.8 2
4.6 13.9 23.1 2.1
2.5 29.5 76.4 2.1
4.5 37.8 34.5 2.5
3.9 38.8 58.8 2.2
3.6 48.2 54.6 1.7
2.7 40.9 10.5 1.9
3 29.8 35.4 2
1.3 20.8 94.6 1.8
4.8 11.8 19.7 1.8
3.3 38.3 68 2.2
4.9 19 76.7 2.3
3.3 37.9 7 1.6
3.9 32.3 53.7 1.6
3.7 49 55.2 1.9
2.2 14.2 25.1 2.4
4 30.3 47.4 2.3
1.5 22.5 24 2.4
1.9 37.3 29.5 1.6
1.1 24 63.7 1.9
4.8 44.2 76.1 2.3
1.6 41.9 24.8 1.9
4.1 46.3 60.1 1.9
4.3 14.8 31.5 2.4
3.2 41.2 35.8 2.5
3.8 40.2 24.3 2.1
2.4 13.2 26.7 1.6
1.8 22.8 84.6 2.2
3.7 11.7 32.8 2.4
3.8 11.6 55.3 2.3
4.1 31.7 37.7 2.3
2.8 12.7 45.8 2
4.2 20.7 88.4 2.4
3.2 35.1 21.7 2.1
3.5 48.4 88.8 1.6
4.7 30.2 40.2 2.3
3 25.8 66.4 1.6
1.1 11 49.8 1.5
4.2 34.2 84.1 2.3
3.1 17.4 22.4 1.5
4.2 17.9 89.8 1.6
4.7 26.1 34.6 1.7
3 16.3 82 1.6
2.7 46.8 74.1 1.5
3.3 37.8 36.5 2.2
4.4 17.9 37.7 2.5
1.2 39.6 36.1 1.7
3.3 34.4 28.8 1.8
4.7 45.8 30.5 1.6
3.6 21.4 20.9 1.6
3.7 22.1 72.4 1.9
4.6 46.8 73.1 1.6
4.4 30 22.5 1.8
4.2 18 9.8 2.1
4.8 26.3 94 1.9
1.3 19.2 80.2 1.9
4.8 19.5 37.8 1.6
3.1 45.3 58.5 1.6
1.9 31.6 17.2 2.3
3.3 35.5 76 1.6
1.1 16.8 44.7 1.8
1.5 49.6 35.1 2.5
4 48 85.3 2.4
1.9 33.4 63.8 2.5
2.5 14.6 11.6 1.6
4.9 35.8 84.5 2.1
1.6 37.8 35.2 1.9
2.9 12.7 92.4 2.2
4.9 38.2 18.9 1.9
2.2 25.5 29.6 1.5
1.9 46.8 49.9 2.3
2.7 49.2 50.2 1.8
2.2 10.4 59.4 2.5
2.9 33.3 93.1 2.5
3.2 24.9 70.8 2.1
1.8 28.6 36.8 1.6
1.8 26.4 28.2 2.4
2.2 14.2 75.4 2.3
1.3 37.9 29.7 2.3
2.1 41.4 79 1.9
4 12.6 44.5 2
1.9 14.1 42.9 1.8
2.7 49.9 29 1.8
2.6 20.1 82 1.5
2.2 19 36.4 2.4
2 39.9 6.3 2.4
4 38.3 33.6 2.2
4.7 45.9 54.6 2.3
2.8 49.2 16 1.6
4.5 27 92.1 1.6
4.8 13.6 64 2.3
3.2 48.8 74.5 1.7
3.1 21.4 18.9 2.4
1.4 20.9 40.3 2.2
1.6 47.5 76.2 1.9
3.3 46.9 70.6 1.6
3.6 38.3 40 1.8
4.2 15.4 45.7 2
1.6 37.8 58.7 1.7
1.6 14.4 20 2.3
3.8 20.6 60.6 1.7
4.6 22.5 64.5 1.8
2.7 39.9 49.6 1.8
1.5 28 53.3 2.4
3.2 19.7 45.2 2.5
3.3 39.3 74.9 1.5
2.2 20.6 84.3 1.8
4.4 22.5 22.5 1.8
4.1 27.6 83.4 1.8
1.3 42 33.2 2.3
2 38.5 48.7 2.4
2.3 13.7 40.3 1.7
1.2 38.4 39.2 1.8
4.1 13.1 15.6 2.1
3.7 16.5 51.4 1.9
3.7 21.9 19.2 2.1
1.5 26.8 56.1 1.7
1.7 23.9 15.5 2.3
4.9 24.5 73.8 1.7
1.4 41 57.6 1.7
2 34.2 64.6 2.1
1.5 10.6 16.5 2
2.9 44.3 88.9 2.4
1.8 11.4 48.4 1.7
3 39 13.4 2.5
1.6 29.3 78.4 1.5
1.8 41.6 93.9 2.2
4.9 42.6 86.4 1.7
5 39.5 39.1 1.9
2.8 21.1 79.5 1.6
2.2 35.1 47.9 2.2
1.7 31.3 15.9 1.8
3.6 40.4 77.1 2.2
1.3 13.5 79.8 1.6
1.3 32 37.1 1.9
4.7 19.2 83 2.2
4.9 12.6 15.9 2.3
4.2 38.6 41.4 2
4.6 24 77.9 2
2.8 32.5 73.2 2.3
1.7 42.9 86.3 2.1
1.8 45.8 39.5 2.1
2.1 33.1 42.3 2
2.1 41.1 82.4 1.6
2.4 34.9 77.6 2.1
1 46.2 22.2 2
1.3 49.9 71.4 2.3
3 35.4 66.8 1.9
2.2 16.1 85.3 1.9
4.3 14.8 12.7 2.5
4.6 18.6 13 2.4
2.3 17 37.3 1.6
3.5 48.8 63.1 2.4
2.7 47.2 39.1 2.4
4.5 35.9 48.3 1.6
1.2 46.5 70.7 1.9
2.8 49.2 65.2 1.7
4.1 13.4 87.4 1.7
4.1 14.1 38.8 1.8
3.2 41.9 69.1 1.6
1.1 39.1 34.9 1.6
4.5 28.9 53.1 1.7
2.3 48.8 81.1 1.8
3.2 22.7 6.1 1.5
2.6 42.8 47.9 1.8
2.4 38.7 78.5 1.9
2.2 48.4 60 1.7
3.2 49 59.3 2.3
3.4 49.8 18.7 1.8
2.2 47.3 29.4 2.1
2.1 47.5 77.9 1.9
4.6 29.4 57.1 1.7
4 34.4 34.2 2.3
3.7 32.7 25.1 2.5
3 15.5 82.4 2.3
3.8 45.7 33.5 1.6
2.5 42.2 16.1 1.9
2 15.1 5.7 1.6
4.4 13.4 77.7 1.8
1.6 26.3 16.5 1.6
2.4 30.5 42.7 2.3
4.2 38.5 12.5 1.5
3.7 48.8 33.5 1.7
4.9 45.4 73.5 1.9
4.3 49.8 13.6 1.9
1.7 46.2 42.6 1.9
3.3 42.1 89.1 1.8
4.1 25 40.1 1.8
1.2 19.4 85 2
4.2 12.2 54.1 2.4
2.6 40.3 59 1.7
3.5 22.9 13.1 2.3
4.3 24.8 69.2 2.2
2.9 36.1 16.1 2.2
1.9 14.5 91 1.6
2.8 41.5 72.8 2.4
3.4 36.1 56.7 2
4.2 35 36.1 1.7
1 12.3 57.4 1.6
4.5 10.1 89.6 2.1
2.8 27.1 45.4 2.4
1.3 40.9 93.9 1.9
4.5 31.3 7.4 1.7
4.5 29.3 94.9 1.7
5 31.6 77.8 2.2
4.4 23.7 25.7 1.8
4.6 16.5 89.4 1.6
1.2 12.6 78.2 1.9
3.7 39.5 75.5 1.6
4 31.4 16.8 2.4
1.3 29.8 67.5 1.6
2.8 35.6 28.5 1.8
3.9 22.2 62.6 1.5
1.7 38.3 39.2 2.2
1.2 14.7 66 2.2
2.8 36 75.8 1.6
4 13.1 9.2 2.2
3.6 23.3 94.3 2.1
1 28.1 27.6 1.8
1.1 12.1 21.4 1.5
3.6 40.9 38.4 2.4
2.7 49.2 42 2.4
4.7 18.2 5.3 2
1.4 49.6 63.7 2.4
2.2 27.9 6 2.3
1.5 49.7 36.4 1.8
2.6 43.8 89.3 1.8
1.4 21.8 69.6 2.1
3.8 10.5 70.7 2
3.5 16.8 10.3 2.5
4 36.8 18.5 1.6
3.7 19.5 34.2 1.7
1.4 24.7 21 2.3
3.3 10.6 46 1.5
1.1 16.1 61.1 2.5
2.2 17.7 32.2 1.8
1.5 46.3 58.1 2.1
1.3 28 33.1 2
3 49.6 16.4 2
1.9 38 10.1 2.1
2.7 37.4 6.5 1.8
4 12.8 94.6 1.8
2.5 10.5 57.1 1.7
3.4 43.4 25.6 2.1
4.7 18.3 94.1 2
2.5 25.7 55.9 1.9
4.9 29.9 20.2 1.8
1.1 10.3 43.9 1.8
4.4 10.9 18.5 1.8
3.5 49.7 46.9 1.8
3.5 25.8 6.6 2.5
3.7 16.2 49.9 1.8
1.3 49.8 56.6 2.2
1.8 42 52.5 1.8
1.9 40.4 91.2 1.6
4.4 17.2 64.9 2.4
3.1 39.1 55 2.1
1.8 49.3 80.5 2.2
1.1 38.3 84.2 2.2
1.7 36.2 19.3 2.5
4.4 42.6 69.8 1.5
3 43.7 51.2 2
4.4 40.4 43.5 1.6
2.2 49.5 41.8 2.5
3.8 24.3 71.4 1.6
2.7 40.6 85.7 2
2.1 19.4 8.9 2.1
2.7 49.3 58 2.2
4.3 37.5 64.7 1.6
1.9 27.9 21.9 1.5
4.8 19.6 56.5 2.5
2.2 18.2 15.4 1.9
4 14.3 28.8 2
1.1 39.9 10.7 2.2
3.7 28.7 10.2 2
3.3 31 15.1 1.8
1.5 27.8 63.2 1.5
2.8 17.4 40.7 1.6
3.6 45.8 87.1 2.1
4.3 10.7 70.3 2.2
2 21.3 31.8 2.5
2.1 20 88.5 2.4
4.4 46 53 2.5
2 26.5 32.6 1.5
2.3 30.9 28.9 1.8
2.4 30.7 50.4 1.5
3.4 15.8 70.8 1.9
4 23.7 9.3 1.5
1 21 83.8 1.8
2.6 27.9 70.7 1.6
4 12.9 52.9 1.9
1.7 17.9 10.7 1.9
2.6 21.6 37.4 2
4.7 19.3 21.9 2.2
2.5 48.9 66.7 2.1
4.2 16.3 88.7 1.5
1.2 24.7 54.4 2
3.6 26.5 15.2 2.4
1 41.6 58.4 2
3.1 29.8 18.9 1.7
4 40.5 30.6 1.9
4 36.1 62.4 1.8
3.1 30.7 54.1 1.6
2.2 18.9 5.5 2.4
3.6 29 11.3 2.2
3.2 39.2 15.2 2
1.5 24.9 37.3 1.8
2.6 48.1 94.1 1.7
3.4 23 44.7 2.1
2.7 21.1 93.9 1.5
3.8 15.4 68.1 2
1.1 40.4 59.5 1.7
1.9 40.4 84.9 1.7
3.5 42.5 86.6 2
2.8 25.8 92.3 2.4
3.2 39.5 75.4 2
1.8 48.4 83.7 1.8
3.9 46.2 30.5 1.6
4.6 17.6 14 1.6
4.9 37.7 32.8 2.4
3.2 18.7 34.6 2.1
1.2 35.3 54.6 1.6
2.6 48.4 47.3 2.2
1.7 42.7 58.1 1.6
3.1 24.4 51.2 2.3
1 19.2 89.8 2.5
1.7 30.4 20.3 2.2
5 28.6 55.7 1.9
2.8 12.4 14.8 2.4
3.3 37 33.3 2.1
3.7 13.2 7.8 2.3
3.9 31.9 69.1 2.4
4.4 10 58.5 1.7
4 15.3 56.1 1.7
2.9 48.9 91.2 2.3
4.3 36.2 34.8 1.5
2.5 10.7 11.6 2
2 30.3 29 2.3
1.1 25.4 89.8 1.7
1.8 15.3 71.7 2.3
4.3 26.8 87.3 1.7
2.6 24.8 70.4 1.6
3.7 30.3 21.2 1.8
2.7 10.4 10.9 1.8
4.2 24 36.9 2.3
2 37.7 94.9 2.2
2.6 31.2 12.6 1.8
2.6 22.1 70.8 1.7
4.1 41.4 92.5 2.1
4.9 20.2 11.7 2.2
1.2 14.8 35.4 1.6
2.5 13.7 93 1.9
4.2 41.9 79.8 1.9
2.3 32.1 89.2 1.7
4 39.3 93.3 2.4
1.1 37.6 52 2
4.3 11.8 53.1 1.7
1.4 21.5 16.5 1.5
4.6 17.1 78.4 2.5
2.1 27.8 36.4 2.5
3.4 33.9 93.9 2.2
3.8 14.3 60.2 1.8
4.5 35.9 39.3 2
3.2 38.9 25 2.3
2.1 48.9 45.4 2.2
4.8 35.3 79.9 1.5
2.4 19.3 53.8 2.3
4 35.8 50.3 2.2
2.7 13 5.1 2.1
3.1 11.6 42.4 2.3
4.8 21.3 87.4 1.6
2.3 41.6 18.1 2.3
4.9 14.4 35.7 2.1
4.2 34.2 47.4 2.1
1.9 39.9 17.1 2.3
3.9 16.2 80.5 2.5
2.6 27 60.3 1.6
1.7 27.6 88.6 2
2.3 16.1 90.4 1.9
3.9 31.3 30.9 1.6
3.7 48 88.6 1.9
2.4 27.1 6 1.7
4.1 45.3 39.2 1.7
2.2 44.4 79.5 2
4.1 48.6 24.8 1.9
1.2 39.8 91.3 2.2
1.2 44.1 58.9 2.1
4.8 11.7 57.1 2.4
4.6 29.8 60.3 1.9
2.5 26.4 22.9 2.4
5 49.7 70.1 2
4.6 32.8 45 1.8
1.2 21.8 46 1.6
3.6 37.5 54 2.2
3.8 49.5 45.2 1.9
1.4 16 61.5 2.5
2.4 17.7 81.8 1.6
3 20.9 5.1 1.5
4.5 30.1 15.2 1.7
2.8 23.7 50 2.3
2 44 71.2 1.7
1.1 19.5 78.3 2
2.5 42.7 41.6 1.9
2.9 42.3 16.3 1.8
2.9 32.6 57.4 2.5
2.6 48 15.5 2.2
4.8 18.9 9.2 2.2
2.9 37.2 35.3 2.4
1.2 13.4 28.4 2.1
4.4 39.9 5.2 2.4
2 15.2 32 1.8
1.6 17.6 31.7 2
1.5 28.8 90.3 1.6
2.6 34 76 1.9
4.7 47.1 91.4 1.7
3.8 31.1 67.2 2
3.1 48.7 5.3 2.4
1.4 48.6 52.7 1.9
3.7 21.6 37.2 1.7
2.9 39.1 89.9 1.6
3.5 42.8 70.1 2.1
4.5 12.7 91.4 2.4
4.7 43.9 20.3 1.6
3.6 17.5 8.1 2.1
2.7 46.9 89.9 2.2
1.9 40.1 54.5 1.8
2.5 34.6 74.7 2.4
3.9 47 30.3 2.4
1.7 15.9 46 2.3
1.1 32.5 71.8 2.4
4.8 34.7 8.6 2
1.1 22.2 11.9 1.9
4.2 17.4 64.1 1.9
3.9 26.9 51.1 2.1
1 47 69.9 2.5
1.5 44.4 80.1 1.6
1.4 38.8 67.1 1.6
2.6 33.9 7.1 1.5
3.5 36.9 10.1 2.1
2 21.6 20.5 2
2 32.2 61.2 2.4
4.1 39.7 22.9 2.1
3.7 12.5 60.2 1.6
2.9 48.5 61.4 2.4
2 46.3 47.2 1.8
1.8 10.3 93.5 2.2
1.4 33.1 17.4 2.2
2.3 40.6 85.7 2.3
4.9 44.4 24.5 1.7
2.2 31.9 7.2 2
3.9 29.3 24.5 1.9
2.6 21.8 13.5 1.5
3.4 19.8 33.7 2.2
3.9 37.2 56.5 2.4
4 13.7 42.5 2.2
1.5 16.8 43.6 2.1
1.8 29.5 18.3 2.1
2.8 45.2 45.9 2.5
4.9 42.6 40.8 2.5
4.3 38.8 35.7 1.6
2.8 30.1 12.5 1.6
2 49.7 61 2.2
3.8 47.7 15.8 2.4
4.4 18.2 83.5 1.9
3.7 31 7.9 2.2
1.7 32.8 8.9 1.8
2.6 41 45.9 2.3
4.7 31.1 41.1 1.8
3.2 44 47.5 2.1
4 25 63.4 1.7
2.9 12.7 57 2.5
1.6 14 76.2 1.9
1.4 11.2 40.9 1.8
4.1 36.2 22.4 2.1
4.2 45.3 79.6 1.9
1.9 47.1 81.6 2.4
3.8 19 23.9 2.4
1.8 46.3 35.4 1.6
4.3 19.5 88.8 1.8
4.8 43.4 32.8 2.2
3.3 33.5 67.2 2.2
4 29.9 16.1 2
2.1 17.5 67.6 1.8
3.8 36.7 69.2 2.3
2.7 26.6 20.9 1.6
1.1 45.5 29 2.1
1.2 31.2 77.3 2.4
4.8 29.4 39.2 2.2
2.6 16.3 26.4 2
3.2 22.8 49.3 1.7
2.5 45.7 8.5 1.7
2.2 44.1 57.3 2
4.9 41.2 22.3 1.9
1.4 21.4 28.1 2.1
4.6 34.6 78.7 1.6
2.5 39.3 58.4 1.9
3.3 17.6 88.1 2.2
3.4 10.7 47.5 1.9
1.6 27.2 25.2 1.7
2.7 34.3 11 1.9
2.6 49.5 27.2 2.4
3.7 46.6 76.2 1.7
1.5 43 6.8 1.9
2.8 35.2 79 2.2
2.5 40.7 61.7 2
2.4 27.2 39.7 2.2
4.7 26 32.8 1.9
3.7 36 67.7 2.5
1.7 46.4 85.9 1.9
1.7 30 90.4 2
2.4 33 13.8 1.9
3.3 48.2 17.8 1.8
4.2 47.6 73.8 2
3.9 37.6 23.3 2.5
1.5 17.8 30.5 2.4
1.2 42.4 56.3 2.4
2.2 34.6 49.4 1.9
2.8 38.6 82.3 2.3
1.9 44.5 68.3 2
4.1 28.6 6.8 2.1
1.6 35.7 42 2.5
2.4 46.8 27.6 1.5
2.4 30.8 29 2.1
4.4 18.4 82.4 2.2
2.9 37.8 40.2 1.6
3 14.5 35.7 2
2.1 29 91.3 2
1.1 30.4 33.3 1.7
2.9 28.6 57.1 1.7
4.6 17 73.4 2.2
4.1 11.1 53 2.2
2.7 20.9 29 2.4
2.1 23.8 7.8 2
4.2 28.1 8.8 1.7
1.1 24 26.8 2.1
2.9 43.2 60.9 1.6
3 34.3 65.6 2
4.7 43.4 90.5 1.9
4.9 34.6 19.2 1.7
4.5 21.2 48.7 1.6
1.1 10.7 68.6 1.6
3.5 34.8 81.1 2.3
1.1 18 29.9 2.2
2.3 41.2 30.3 2.5
1.7 13.9 83.8 2.2
2.6 19 82.6 1.8
4.4 18.6 67.4 2
3 13.6 53.9 1.6
4.4 19.4 87.2 2.1
2.6 10.2 89.8 2.1
3.7 42.2 53.3 1.6
5 32.6 30.9 2.3
4.2 45.5 30.2 1.6
4.1 43 11 2.3
1.3 43.6 29.7 2.3
3 43.5 67.4 2.1
2.3 27.6 87.5 1.6
1.6 29.3 8.5 2.5
3.9 44.3 31.2 1.7
3.4 31.9 72.8 2.1
3.3 45.6 94.1 1.9
2.4 13.4 52.9 1.7
4.8 43.9 61.3 2.1
4.9 35.6 15.1 1.5
4.4 14.7 7.5 2.3
4.7 32.5 63 1.8
4.9 24 6.6 1.8
1.1 32 8.3 2.3
1.2 16 84.3 2.4
2.1 29.9 70.4 2.3
3.3 40.3 29.6 2.4
2.5 15.5 53 1.9
4.1 42.6 70.7 2.4
2.6 23.5 88.1 1.9
4.6 42.6 49 1.5
2.9 38.9 29.8 1.9
1.9 13.4 20.5 1.6
2.9 12.5 57.5 2
2.1 10 38.6 1.9
1.4 18.4 57.7 1.9
1.9 24.5 9.3 1.9
2.1 29.8 47.2 2.1
2.9 15.4 30.5 2.4
3.9 37.8 5.1 2.1
3.9 31.1 64.9 2.3
3.2 26.5 24.3 2
2.9 24.2 34.7 1.8
3.9 29.3 14.8 1.7
1.2 30 19.5 2
2 49.1 15.9 2.3
4.4 23.2 63.2 1.6
2.2 10.5 71.8 2
2 24 61.4 2.4
3.2 42.5 48 2
3.3 45.3 75.4 2.4
1.7 22 45.9 1.8
2.1 37.3 21 1.8
3.1 18.6 58.5 1.5
1.4 28.7 9.7 2.4
4.5 26.1 9.7 1.9
4.2 29.2 73.9 1.8
1.7 40.6 69.6 2.1
2.4 47.5 18 1.8
2.5 22.9 83.4 1.6
1.1 47.3 9.1 2
4.6 39 56.8 1.6
4.8 30.4 17.7 2.4
3.3 12 7.3 1.9
1 31.8 80.4 2.2
3.2 22.5 68.3 2.2
4.7 13 83.1 1.6
1.9 43.7 56.4 2
2.6 48 82.1 1.9
1.2 41.3 52.8 2.3
4.1 49 34.3 2.1
1.2 40 46.2 1.7
1.9 31.5 49.6 1.8
1.6 17 14.2 1.7
2.1 39 51.6 1.9
3.5 17.7 19.1 1.7
2.1 12.7 81.7 2.5
3.5 36.2 46.5 1.7
2.5 13 25.1 1.8
4.7 40.5 87.2 2.2
2.5 42.5 35.2 2.5
3.7 17 51.1 1.9
3.1 26.8 6.7 2.2
1 18.6 64.6 2
3.2 11.1 78.6 1.6
2.9 14.8 69.8 2
2.5 40 36.2 1.6
3.3 26.6 56.4 1.8
1.6 11.9 93 2.5
2.4 34.4 94.9 1.8
2 15.8 70.1 1.7
1.7 19.8 85.4 2.2
3 20.5 40.7 2.4
3.4 32.8 43.6 1.9
1.5 48.7 29.3 2.4
2.1 40.6 44 2
3.1 49.4 90 2.4
3.6 30.5 66.6 2.4
2.7 42.5 42.5 2.2
1.3 10.1 22.3 1.7
2 10.1 61 2.2
3 36 51.1 2.5
2 41.9 8.2 1.9
4.9 19.5 59.1 1.9
1.6 40.5 57.9 1.6
4 49.8 49.5 1.9
2.7 37.7 40.2 1.7
1.5 31.8 27.4 1.6
2.5 48.5 80.6 2.4
3.9 12.1 52.2 2.3
4.5 34.8 90.7 2.2
5 49.2 26.2 2
4.4 38.9 69.2 1.8
2.9 26.1 67.8 1.9
1.9 44.8 32.2 1.7
3.9 49.8 80.8 1.7
3.3 48.9 36.3 1.7
2.1 34.3 85.5 2.4
4.7 16.1 61.2 2.3
2.8 46.1 21.2 1.8
4.1 24.9 84.6 1.6
1.7 24.8 73.2 1.8
3.9 30.9 43.2 2
4.9 22.7 45 1.8
4.1 26.9 41.4 2.3
3.1 44.1 71.7 2.3
1.9 24.2 79.4 2.5
2.3 34.2 10.2 1.7
1.5 39.8 71.6 1.7
3.9 32.1 55 2.5
3.7 48.1 76.1 2.4
3.8 35.1 93.9 2.3
3 15.1 33.6 2.2
3.7 23.2 73.2 2.2
4 36.9 28.8 1.8
1.1 14.9 36.8 1.8
2.1 35.5 67.7 2
2 13.4 32.5 1.9
3.6 34.6 8.6 2.5
2.5 43.1 8.4 2
4.3 43.4 53.1 2
2.4 28.9 27.9 2
3.1 18.7 44.7 2.3
1.7 25.2 33.6 2.1
3.2 13.6 30.8 1.5
4.1 20.6 48.1 2.4
2.8 19.2 72 1.8
4.2 32.9 6.7 2
1.3 49.4 89.2 2.4
3.4 12.6 92.3 1.9
2 15 52.9 2
5 33.6 8.2 2
3 32.6 61.5 1.9
2.4 22.9 46.6 2.3
4.7 44.7 19.1 1.7
1 45.9 82.8 1.9
1.4 28.8 22.4 2.3
3 22.7 80.1 1.5
3.3 36.9 85.5 2.2
2.5 10.3 44.7 1.5
2 42.4 40.7 1.6
1.5 10 79.6 2.4
2.1 37.9 25.8 2.2
1.3 17 70.9 2.5
4.2 17.9 77.4 1.5
4.5 47.6 54.2 1.7
2.8 16.4 45.9 2.5
2.4 11.1 5.7 2.1
3.1 16 48.2 2.5
4.6 27.8 50 1.7
1.5 14 77.7 1.7
1.8 17.2 29.8 2.4
2.6 46.6 17.5 1.6
4.9 47.1 5.3 2.4
4 21.7 60.5 1.7
3 18 86.4 2.3
1.3 27.1 8.8 1.9
2.7 38.6 34.2 2.1
3.2 40.9 37.3 2.2
2.7 22.6 79.6 1.9
2.7 24.1 14.4 1.6
3.5 37.8 88.2 2
2 31 77.3 2.2
2.6 36.9 94 2.2
1.6 37.3 48.1 2.2
4.7 12.5 29.1 1.7
3.2 10.4 23.8 1.8
4 39.1 72.7 1.7
1.3 31.1 71.1 1.8
4.1 47.1 9.7 2.1
1.8 34 29.4 1.5
4.4 30.9 85 1.8
4 22.1 41.6 2.2
1.3 19.4 66.8 1.5
4.1 11.9 90.9 1.9
3.8 44.1 71.3 1.8
3.1 43.8 91.6 2.5
1.6 37.3 24.2 1.5
4.2 26.6 12.3 1.6
3.7 27.4 29.3 2.3
4.9 24.5 33.4 1.7
2 12.4 83.1 2.2
3.5 37.7 46.6 2.3
2.9 40.3 49.9 1.8
2.2 13.8 65.4 2.2
2.3 38.8 90.9 2
4 11 70.4 2.2
4.2 10.8 48.6 1.9
3.3 42.2 56.6 1.8
3.9 28.3 30.6 2
4.8 36.3 80.5 1.5
1.6 47.9 20.3 2.2
4.5 25.8 28.8 1.6
2.9 41.3 30 2.3
4.2 29.7 71.8 2.2
4.7 34.5 16.3 2.3
2.9 47.7 29.9 1.8
4.8 41.5 82.4 2.3
4.3 17.9 72.7 1.8
2.7 16.9 12.3 1.6
3.7 49.3 33.5 2.4
4.7 19.2 5.2 2.3
1.5 17 13.6 2.5
4.9 20.3 59.3 2.2
3.8 21.4 63.5 1.9
1.1 10.5 21.6 2.3
2.3 31.4 47 2.1
2.3 17 20.6 2.3
4.8 37.8 25.3 1.6
2.2 20.6 26.9 1.9
2.9 42.3 75.4 1.5
1.6 38.5 38.4 2.4
2.9 15.4 67.1 1.6
2.6 25.1 7.6 1.6
3.1 23.7 33.9 1.5
3.4 29.6 31.5 1.8
1.5 45.7 83.4 2.4
1.2 49.7 54.7 2.1
1.4 46.9 84.4 2.1
3.7 37.8 31.3 1.8
4.9 16.8 54.8 1.9
4.5 17.5 51.4 1.8
1.5 36.5 46.8 1.8
2.4 36.2 17.2 1.6
1.3 19.2 62.6 1.6
3.4 49.7 32.7 1.7
4.2 41 84.5 2.2
4.5 21.1 41.4 2.4
1.1 33.6 65.7 2
0.4 0.2 0.3 0.4 0.3 0.3 0.4 0.3 0.3 0.2 0.3 0.3 0.4 0.3 0.3 0.3 0.3 0.4 0.2 0.2 0.4 0.4 0.3 0.2 0.3 0.3 0.4 0.2 0.4 0.3 0.2 0.2 0.3 0.2 0.4 0.2 0.2 0.3 0.2 0.2 0.2 0.3 0.3 0.3 0.4 0.3 0.4 0.3 0.2 0.3 0.3 0.4 0.3 0.2 0.2 0.3 0.2 0.2 0.3 0.4 0.3 0.3 0.3 0.4 0.3 0.2 0.4 0.2 0.4 0.3 0.2 0.2 0.3 0.3 0.4 0.3 0.2 0.4 0.4 0.3 0.4 0.4 0.3 0.2 0.3 0.4 0.2 0.4 0.3 0.4 0.3 0.3 0.4 0.3 0.2 0.3 0.3 0.4 0.4 0.2 0.2 0.4 0.4 0.2 0.3 0.3 0.3 0.3 0.3 0.3 0.3 0.4 0.4 0.3 0.3 0.3 0.4 0.2 0.3 0.3 0.3 0.4 0.3 0.3 0.3 0.3 0.2 0.3 0.4 0.3 0.3 0.3 0.3 0.4 0.3 0.4 0.2 0.3 0.2 0.2 0.4 0.3 0.3 0.4 0.2 0.2 0.3 0.3 0.3 0.3 0.4 0.2 0.4 0.2 0.3 0.3 0.3 0.2 0.4 0.2 0.3 0.3 0.2 0.2 0.3 0.3 0.3 0.4 0.4 0.4 0.4 0.3 0.3 0.3 0.4 0.4 0.3 0.3 0.3 0.2 0.4 0.2 0.3 0.2 0.4 0.2 0.3 0.3 0.3 0.2 0.3 0.3 0.2 0.2 0.3 0.3 0.2 0.2 0.3 0.4 0.3 0.3 0.3 0.3 0.2 0.2 0.4 0.4 0.3 0.3 0.4 0.3 0.2 0.4 0.3 0.2 0.4 0.3 0.2 0.3 0.4 0.4 0.2 0.4 0.3 0.4 0.4 0.2 0.4 0.3 0.3 0.4 0.3 0.4 0.4 0.4 0.3 0.3 0.3 0.2 0.4 0.4 0.2 0.2 0.3 0.3 0.4 0.4 0.3 0.2 0.4 0.3 0.3 0.2 0.4 0.3 0.2 0.3 0.4 0.4 0.3 0.4 0.3 0.3 0.4 0.3 0.3 0.2 0.3 0.3 0.3 0.2 0.3 0.2 0.4 0.3 0.3 0.3 0.3 0.3 0.4 0.3 0.3 0.3 0.3 0.4 0.3 0.2 0.3 0.3 0.3 0.3 0.3 0.3 0.4 0.2 0.3 0.3 0.4 0.2 0.3 0.4 0.3 0.4 0.4 0.3 0.3 0.3 0.4 0.3 0.4 0.2 0.3 0.3 0.3 0.3 0.2 0.3 0.4 0.4 0.3 0.4 0.4 0.2 0.3 0.3 0.3 0.3 0.3 0.2 0.2 0.3 0.3 0.3 0.4 0.2 0.3 0.3 0.3 0.4 0.3 0.3 0.3 0.2 0.2 0.2 0.3 0.2 0.4 0.4 0.2 0.4 0.3 0.3 0.4 0.3 0.3 0.3 0.2 0.4 0.3 0.4 0.4 0.4 0.4 0.4 0.3 0.3 0.3 0.3 0.2 0.4 0.3 0.4 0.4 0.2 0.2 0.2 0.4 0.2 0.2 0.3 0.3 0.3 0.2 0.4 0.4 0.2 0.4 0.3 0.3 0.4 0.3 0.3 0.3 0.3 0.4 0.3 0.3 0.3 0.3 0.3 0.2 0.3 0.3 0.4 0.4 0.3 0.2 0.2 0.3 0.2 0.3 0.2 0.3 0.4 0.4 0.4 0.3 0.4 0.4 0.4 0.3 0.3 0.4 0.4 0.4 0.3 0.2 0.3 0.2 0.2 0.4 0.2 0.2 0.2 0.4 0.3 0.3 0.3 0.4 0.2 0.2 0.2 0.3 0.4 0.3 0.3 0.2 0.2 0.4 0.3 0.3 0.4 0.3 0.2 0.3 0.3 0.2 0.4 0.3 0.2 0.3 0.3 0.3 0.3 0.2 0.3 0.3 0.4 0.3 0.4 0.3 0.3 0.3 0.2 0.4 0.3 0.3 0.2 0.2 0.3 0.2 0.4 0.3 0.3 0.2 0.4 0.4 0.2 0.3 0.4 0.3 0.3 0.4 0.3 0.3 0.3 0.3 0.4 0.3 0.2 0.4 0.3 0.4 0.3 0.4 0.3 0.3 0.4 0.3 0.3 0.2 0.4 0.3 0.4 0.3 0.2 0.4 0.4 0.3 0.2 0.3 0.3 0.3 0.4 0.3 0.3 0.2 0.3 0.4 0.3 0.3 0.2 0.3 0.4 0.2 0.3 0.3 0.3 0.3 0.2 0.4 0.3 0.3 0.2 0.3 0.4 0.3 0.3 0.3 0.3 0.4 0.4 0.2 0.2 0.3 0.4 0.2 0.3 0.3 0.4 0.4 0.3 0.2 0.4 0.3 0.3 0.4 0.3 0.3 0.3 0.4 0.4 0.2 0.3 0.3 0.2 0.3 0.4 0.3 0.3 0.4 0.4 0.3 0.3 0.4 0.2 0.4 0.2 0.2 0.3 0.4 0.4 0.3 0.2 0.3 0.4 0.2 0.3 0.3 0.3 0.3 0.3 0.3 0.3 0.2 0.2 0.4 0.3 0.4 0.4 0.3 0.4 0.4 0.3 0.4 0.3 0.2 0.3 0.4 0.3 0.3 0.3 0.2 0.2 0.3 0.3 0.3 0.3 0.2 0.2 0.2 0.3 0.3 0.2 0.3 0.2 0.2 0.2 0.3 0.3 0.3 0.3 0.4 0.3 0.3 0.4 0.3 0.3 0.4 0.2 0.4 0.2 0.4 0.3 0.4 0.3 0.4 0.2 0.3 0.2 0.2 0.4 0.2 0.4 0.2 0.3 0.3 0.4 0.2 0.3 0.2 0.2 0.2 0.3 0.4 0.2 0.3 0.3 0.4 0.3 0.3 0.2 0.3 0.2 0.3 0.4 0.2 0.4 0.2 0.3 0.3 0.4 0.3 0.3 0.3 0.4 0.3 0.3 0.2 0.2 0.4 0.2 0.3 0.2 0.3 0.3 0.4 0.3 0.3 0.4 0.4 0.3 0.3 0.4 0.2 0.3 0.4 0.3 0.3 0.2 0.3 0.3 0.2 0.3 0.2 0.4 0.3 0.3 0.3 0.3 0.3 0.4 0.4 0.3 0.3 0.4 0.4 0.3 0.2 0.2 0.2 0.4 0.3 0.2 0.4 0.3 0.3 0.3 0.4 0.3 0.3 0.3 0.2 0.3 0.3 0.4 0.3 0.3 0.4 0.3 0.4 0.2 0.2 0.2 0.3 0.4 0.4 0.3 0.3 0.3 0.2 0.3 0.2 0.3 0.3 0.4 0.3 0.2 0.3 0.3 0.3 0.3 0.4 0.3 0.3 0.3 0.3 0.3 0.4 0.4 0.3 0.2 0.4 0.3 0.3 0.2 0.3 0.4 0.2 0.3 0.3 0.4 0.4 0.3 0.4 0.2 0.4 0.4 0.2 0.3 0.2 0.4 0.2 0.3 0.4 0.3 0.3 0.3 0.3 0.2 0.2 0.4 0.3 0.2 0.2 0.4 0.3 0.2 0.2 0.3 0.2 0.4 0.3 0.4 0.3 0.3 0.2 0.4 0.3 0.3 0.3 0.3 0.2 0.4 0.2 0.4 0.2 0.3 0.3 0.3 0.3 0.3 0.2 0.4 0.4 0.3 0.2 0.4 0.4 0.4 0.4 0.3 0.3 0.2 0.2 0.3 0.2 0.3 0.4 0.2 0.4 0.4 0.3 0.2 0.4 0.3 0.3 0.4 0.3 0.3 0.3 0.3 0.2 0.3 0.3 0.4 0.4 0.2 0.4 0.2 0.4 0.3 0.4 0.3 0.4 0.4 0.3 0.3 0.3 0.2 0.4 0.4 0.3 0.4 0.3 0.2 0.4 0.2 0.4 0.4 0.4 0.4 0.4 0.3 0.4 0.4 0.3 0.4 0.3 0.2 0.3 0.2 0.2 0.4 0.2 0.3 0.3 0.3 0.3 0.3 0.3 0.4 0.2 0.4 0.3 0.3 0.2 0.4 0.3 0.4 0.2 0.4 0.3 0.4 0.2 0.3 0.2 0.3 0.3 0.4 0.3 0.3 0.3 0.3 0.3 0.3 0.3 0.3 0.3 0.4 0.3 0.3 0.4 0.2 0.3 0.3 0.3 0.3 0.3 0.3 0.2 0.4 0.3 0.2 0.2 0.3 0.4 0.2 0.3 0.3 0.3 0.4 0.3 0.2 0.3 0.3 0.3 0.3 0.3 0.3 0.2 0.3 0.3 0.4 0.3 0.2 0.3 0.3 0.3 0.2 0.3 0.3 0.2 0.2 0.3 0.3 0.3 0.3 0.2 0.4 0.2 0.2 0.3 0.2 0.2 0.4 0.2 0.4 0.2 0.3 0.3 0.3 0.3 0.4 0.2 0.4 0.2 0.2 0.3 0.3 0.3 0.3 0.3 0.2 0.4 0.4 0.4 0.3 0.2 0.2 0.3 0.3 0.2 0.3 0.3 0.3 0.3 0.2 0.2 0.2 0.3 0.3 0.2 0.3 0.4 0.3 0.4 0.3 0.3 0.4 0.2 0.4 0.3 0.2 0.3 0.3 0.4 0.3 0.3 0.2 0.2 0.2 0.3 0.4 0.3 0.3 0.3 0.4 0.4 0.4 0.4 0.3 0.3 0.4 0.3 0.4 0.3 0.2 0.3 0.3 0.2 0.3 0.3 0.3 0.3 0.4 0.4 0.3 0.3 0.3 0.3 0.3 0.2 0.2 0.2 0.2 0.4 0.3 0.3 0.2 0.4 0.4 0.3 0.4 0.3 0.2 0.4 0.2 0.4 0.3 0.2 0.3 0.3 0.3 0.4 0.3 0.4 0.2 0.2 0.2 0.4 0.3 0.4 0.3 0.3 0.4 0.4 0.4 0.3 0.3 0.3 0.3 0.4 0.3 0.4 0.3 0.2 0.4 0.3 0.2 0.3 0.3 0.3 0.3 0.2 0.4 0.3 0.3 0.3 0.3 0.4 0.4 0.4 0.3 0.3 0.3 0.3 0.2 0.3 0.3 0.3 0.4 0.3 0.3 0.3 0.3 0.4 0.3 0.3 0.3 0.3 0.2 0.3 0.2 0.3 0.4 0.4 0.4 0.2 0.4 0.2 0.3 0.3 0.2 0.3 0.3 0.4 0.2 0.3 0.2 0.2 0.3 0.2 0.3 0.3 0.2 0.2 0.3 0.2 0.4 0.2 0.2 0.3 0.3 0.3 0.4 0.3 0.2 0.3 0.4 0.3 0.4 0.4 0.3 0.2 0.3 0.2 0.3 0.3 0.4 0.2 0.4 0.2 0.3 0.2 0.4 0.3 0.2 0.4 0.3 0.2 0.2 0.4 0.3 0.2 0.3 0.3 0.2 0.4 0.3 0.4 0.3 0.2 0.2 0.2 0.4 0.3 0.3 0.2 0.3 0.3 0.2 0.4 0.3 0.3 0.3 0.2 0.3 0.3 0.3 0.2 0.3 0.3 0.3 0.3 0.3 0.3 0.2 0.3 0.3 0.3 0.3 0.4 0.3 0.4 0.3 0.4 0.3 0.4 0.4 0.2 0.4 0.3 0.3 0.3 0.4 0.2 0.2 0.2 0.3 0.3 0.2 0.3 0.3 0.4 0.3 0.3 0.2 0.3 0.2 0.3 0.3 0.2 0.2 0.3 0.4 0.2 0.4 0.3 0.3 0.4 0.3 0.3 0.3 0.2 0.3 0.2 0.3 0.3 0.4 0.3 0.3 0.4 0.3 0.4 0.3 0.4 0.4 0.2 0.2 0.3 0.3 0.4 0.3 0.4 0.4 0.3 0.3 0.2 0.3 0.3 0.3 0.2 0.4 0.4 0.3 0.3 0.3 0.2 0.3 0.4 0.4 0.3 0.3 0.2 0.4 0.3 0.4 0.2 0.3 0.4 0.3 0.3 0.3 0.3 0.2 0.4 0.2 0.3 0.2 0.4 0.2 0.2 0.3 0.3 0.3 0.2 0.3 0.4 0.3 0.4 0.2 0.3 0.2 0.4 0.3 0.4 0.4
74 31 90 28 177 87 167 68 120 10 58 110 5 138 114 170 176 46 153 67 57 79 168 45 31 60 52 152 176 37 138 38 159 171 124 84 143 109 33 26 141 123 152 115 103 83 113 44 130 31 112 93 71 72 119 162 30 101 62 125 55 4 3 46 54 20 126 13 65 158 163 140 9 123 150 25 21 42 72 25 108 34 159 177 90 96 139 118 54 24 142 111 178 34 126 57 118 77 53 133 174 37 175 88 150 69 38 80 77 133 27 140 90 89 149 64 138 86 98 17 87 153 147 72 67 159 40 50 139 176 26 48 132 124 78 99 112 179 94 25 16 25 127 82 88 92 103 113 34 50 145 44 74 42 129 140 132 48 49 121 128 172 106 104 88 147 95 17 160 120 118 90 5 124 139 140 19 40 7 131 99 62 101 39 136 126 125 41 37 66 156 12 166 50 36 73 101 54 114 1 161 14 1 127 59 91 16 71 29 28 102 108 83 155 150 130 144 169 95 43 14 36 173 170 28 13 74 119 135 76 44 175 163 7 11 78 174 146 54 18 24 26 43 86 177 148 97 167 21 15 24 62 14 36 55 66 77 94 52 160 139 121 166 109 131 157 95 164 39 7 26 28 168 93 150 111 99 97 122 124 129 166 22 146 103 179 151 69 159 148 28 133 56 174 109 46 38 74 19 43 149 174 14 94 158 131 120 4 83 177 121 125 77 113 85 131 133 126 122 137 47 15 83 171 9 25 94 162 108 36 30 58 20 180 155 153 127 101 113 89 22 66 141 25 45 177 137 165 1 1 83 64 17 34 158 3 79 66 27 57 130 102 107 27 104 27 163 25 1 42 61 136 162 97 3 149 99 156 125 15 78 90 75 103 80 3 60 179 8 69 164 33 179 152 61 112 78 40 28 112 133 54 90 150 142 143 99 135 176 151 158 49 54 81 162 98 166 113 44 118 134 89 32 108 101 6 101 128 24 34 112 52 140 12 70 123 4 138 131 75 21 78 40 60 30 82 149 28 102 17 46 19 55 174 153 19 165 96 44 82 74 109 76 61 83 50 148 9 17 37 25 50 16 79 154 34 65 156 71 17 63 37 45 34 84 43 128 83 164 39 54 95 97 137 18 34 12 42 95 66 61 175 2 89 143 143 125 8 133 64 159 50 124 118 152 124 143 15 60 61 45 4 77 35 77 160 107 74 57 135 67 130 62 180 139 166 150 147 99 102 105 33 37 165 163 109 96 119 172 54 155 15 96 48 53 58 83 154 92 25 61 83 14 154 130 97 78 44 53 53 65 149 131 86 102 143 76 121 156 19 33 14 21 151 107 107 14 27 93 72 81 104 12 76 84 127 168 143 13 17 160 117 49 84 169 145 123 15 172 60 26 33 112 57 82 167 47 158 29 160 133 43 139 95 164 72 104 74 9 22 61 49 57 89 128 155 44 157 85 55 153 173 10 79 35 86 173 93 123 128 124 94 86 75 6 85 159 106 83 92 72 154 178 159 5 37 36 130 33 31 121 50 119 41 159 53 1 122 175 79 53 10 120 140 102 88 125 49 113 175 88 49 63 147 30 144 104 96 145 126 51 64 44 118 53 1 62 82 52 68 13 173 37 82 33 128 55 73 132 54 141 74 54 40 125 133 64 126 137 13 171 13 94 34 169 130 39 171 103 122 121 124 156 153 1 80 174 135 3 114 113 136 134 59 118 146 56 154 94 52 17 109 17 64 39 150 152 71 8 134 63 103 159 89 4 43 32 24 80 3 56 64 175 2 10 118 47 142 82 57 3 65 100 169 31 37 178 151 173 83 167 33 12 23 117 113 10 42 145 109 76 113 23 45 70 131 30 151 16 147 110 152 90 122 108 168 76 130 144 172 136 173 132 144 93 116 132 97 167 150 35 45 107 123 14 165 77 35 164 23 70 2 36 125 167 98 8 46 52 63 91 10 165 74 144 129 86 63 157 112 50 87 157 135 133 84 86 49 142 4 160 85 149 142 5 172 135 84 108 55 84 159 68 30 145 131 4 131 53 139 92 151 173 153 145 11 120 14 77 100 104 85 48 170 173 69 52 122 7 12 164 100 101 113 88 159 96 11 45 79 128 43 36 33 54 16 59 82 3 45 93 137 10 11 4 155 140 54 80 122 133 168 112 66 50 58 58 120 141 78 36 32 123 36 172 77 88 142 113 178 137 57 135 70 124 63 31 59 42 106 148 148 150 78 11 77 160 14 152 105 45 51 76 106 64 164 103 149 40 114 18 8 138 74 65 89 93 58 35 137 51 51 54 71 47 138 41 136 126 120 173 11 85 146 59 50 178 10 100 160 16 34 21 104 62 70 166 152 162 109 172 153 115 10 65 173 149 49 67 46 172 21 101 106 142 144 55 89 178 49 130 176 85 8 101 170 169 7 72 27 129 93 174 106 173 69 19 66 175 93 167 180 144 11 100 49 103 106 94 100 43 107 1 73 16 49 70 175 163 103 166 110 99 113 153 13 96 32 92 99 123 55 6 109 71 69 67 89 148 147 115 142 47 107 64 144 33 37 168 132 37 25 2 43 79 176 137 18 180 89 79 163 5 55 115 33 95 125 163 94 5 9 18 118 176 70 116 42 8 41 5 158 164 117 121 65 153 141 76 173 28 109 18 157 25 172 114 128 162 122 82 53 10 108 30 135 108 71 12 80 128 22 152 87 94 60 15 42 113 150 128 6 144 19 4 22 101 67 29 5 92 95 62 49 166 108 73 75 100 136 170 156 123 154 40 70 133 179 103 72 179 179 22 117 14 142 51 120 115 50 145 23 180 31 29 64 76 177 109 105 88 130 11 21 170 99 136 49 92 146 110 109 141 2 37 165 18 6 158 51 65 15 54 92 12 154 58 97 49 4 26 98 60 153 133 82 76 136 110 41 50 136 41 108 122 41 31 126 162 42 49 18 20 5 49 160 107 155 84 162 150 100 33 109 135 7 177 63 30 47 146 39 19 152 75 96 125 128 62 126 148 54 137 144 150 104 132 30 51 152 89 84 14 63 52 20 175 100 115 13 48 83 74 112 84 20 56 166 18 44 172 162 77 10 156 101 25 103 115 103 3 100 6 145 161 117 90 69 122 32 77 147 179 50 142 54 83 73 179 13 53 161 37 123 58 85 104 39 65 2
41 80 141 88 104 128 34 57 27 12 85 70 10 95 33 61 169 140 86 140 114 42 23 172 124 73 93 155 126 128 162 120 77 103 8 68 84 34 45 112 70 82 82 33 36 55 20 23 169 40 83 131 26 106 50 101 146 105 120 19 164 22 87 165 17 136 41 28 79 88 20 163 29 79 73 164 103 156 153 24 68 91 48 13 91 124 9 86 155 89 164 149 104 15 23 99 35 82 34 148 88 123 113 118 33 151 148 134 27 54 101 16 56 30 86 77 138 7 137 149 110 110 102 173 85 155 46 161 123 138 127 20 19 17 39 158 132 81 125 81 39 84 158 80 123 133 80 80 88 161 72 141 82 83 90 67 66 142 48 96 147 8 21 122 117 49 23 172 18 40 19 88 4 37 59 81 125 73 159 42 76 161 5 137 113 11 111 143 14 141 45 130 59 86 56 65 177 39 85 39 123 169 127 31 19 101 151 43 63 106 29 31 150 164 116 140 126 122 35 20 125 39 52 92 83 78 69 53 107 12 12 125 53 100 41 115 163 16 165 51 129 164 170 85 180 68 171 61 36 154 162 177 105 160 53 48 179 100 132 69 177 174 130 78 37 169 46 61 154 165 98 81 39 17 157 87 82 133 76 115 170 71 166 44 32 148 7 19 64 102 144 107 11 118 131 116 171 19 101 50 95 27 164 9 163 71 172 102 163 172 160 101 15 153 45 176 118 107 5 142 66 57 91 18 151 17 115 131 166 13 74 22 68 119 47 85 4 132 11 12 154 118 1 132 51 74 81 140 11 106 152 84 147 143 121 178 143 14 124 19 4 84 62 162 166 150 59 170 173 16 32 140 38 176 113 155 176 84 20 85 171 126 48 98 72 36 135 20 58 85 139 77 49 122 32 116 51 37 157 39 133 19 27 17 67 90 59 26 126 142 146 179 177 167 25 18 36 5 95 75 145 176 157 99 128 17 35 180 30 81 112 98 158 21 79 169 127 7 122 46 105 13 113 84 45 84 179 109 138 149 136 168 143 97 180 139 139 8 10 116 66 42 165 156 99 53 129 45 20 92 134 152 9 150 13 136 103 16 26 23 107 37 127 95 46 107 82 78 66 58 111 81 142 53 74 28 94 46 38 53 5 31 72 165 61 15 50 38 45 107 42 169 12 18 5 27 32 131 141 115 122 146 59 131 94 8 85 165 85 36 90 73 36 136 127 175 60 9 3 65 4 176 92 145 97 164 18 69 94 46 147 90 77 65 63 79 153 163 159 41 12 165 148 130 140 104 158 10 128 19 66 61 107 30 149 151 99 161 6 100 4 37 54 49 10 63 52 128 164 11 80 116 153 85 169 11 43 99 57 30 12 48 119 60 31 76 79 66 91 36 179 156 144 151 131 28 161 17 163 17 3 176 165 19 57 158 86 8 168 142 159 109 156 40 73 48 126 116 170 39 43 15 142 43 30 158 94 168 143 8 21 116 134 75 89 63 156 164 132 91 90 166 27 95 11 115 25 96 132 150 143 28 87 100 126 123 109 143 26 21 102 133 144 93 172 120 25 31 168 97 31 98 171 51 64 125 106 113 38 173 37 30 51 93 110 4 133 149 90 138 83 7 86 68 66 157 151 91 16 83 179 144 163 21 82 105 58 128 136 160 74 28 83 154 39 144 85 141 161 72 54 59 85 155 19 173 26 9 158 49 67 155 25 3 107 126 49 125 165 109 56 130 1 79 25 132 135 162 120 87 25 1 15 71 64 92 165 125 33 32 106 61 42 123 19 156 152 162 31 26 7 89 39 158 123 43 21 154 131 89 106 86 44 165 141 73 7 92 77 125 152 170 116 132 127 141 83 131 92 56 73 24 82 52 5 165 85 117 117 81 148 11 108 150 153 78 136 142 94 106 173 177 72 96 97 165 175 133 94 178 76 6 54 45 98 118 16 81 157 70 123 164 94 45 66 87 8 41 174 43 2 59 116 129 27 153 67 179 143 141 152 9 155 61 44 109 146 139 114 12 1 112 27 49 96 89 99 145 117 41 18 38 17 144 1 3 167 22 160 159 150 167 153 36 59 139 108 133 144 136 168 129 88 39 174 12 75 157 169 24 107 127 82 130 55 61 58 136 56 62 147 47 73 145 148 113 36 154 165 161 98 14 169 116 163 164 19 99 49 5 29 121 116 119 52 39 9 21 140 145 85 73 68 130 158 160 149 107 125 90 114 50 68 142 65 1 70 109 12 11 49 114 73 47 151 105 122 149 90 76 59 75 41 30 142 14 120 177 115 108 27 66 27 44 84 144 31 153 34 31 116 170 74 5 161 146 106 98 156 130 164 81 125 139 114 179 3 176 79 60 72 153 113 76 158 140 164 180 149 101 24 117 110 45 163 118 36 129 150 153 170 51 87 152 123 30 146 157 56 5 57 173 101 166 16 69 32 88 104 57 72 145 103 32 91 171 151 86 155 94 25 170 112 161 151 31 50 52 81 145 76 52 90 93 8 120 177 72 42 11 5 165 6 135 116 4 37 106 20 14 75 38 47 141 132 22 9 135 77 136 82 154 152 4 132 76 91 93 97 1 30 115 53 128 106 99 167 11 59 70 4 69 43 143 8 134 67 24 138 34 12 147 12 5 107 84 109 4 34 18 68 173 166 49 134 112 22 137 1 154 100 31 178 93 180 32 124 40 32 166 157 70 8 120 142 1 17 91 168 148 7 27 88 117 7 130 70 80 165 41 117 22 4 165 22 137 76 109 50 161 70 75 22 47 105 23 8 51 93 178 99 78 46 177 161 105 54 172 15 147 40 48 132 98 70 167 86 91 151 4 174 44 123 179 6 49 163 60 178 108 149 127 122 164 88 9 104 92 15 32 76 89 43 98 106 77 17 98 146 25 165 149 142 133 111 173 132 171 38 41 31 75 50 154 65 107 169 41 92 29 129 56 174 79 32 78 6 47 91 51 57 60 151 17 169 169 176 9 18 18 173 81 30 120 65 179 66 20 111 100 10 84 79 112 126 129 138 130 124 12 147 153 61 37 154 111 139 144 23 21 59 20 154 34 87 107 165 95 126 56 42 92 124 119 84 168 43 37 45 78 23 55 176 131 9 76 164 123 134 37 178 129 96 104 113 137 130 2 69 17 126 72 125 137 164 100 76 28 37 8
128 153 145 81 91 96 168 179 137 126 85 48 131 21 85 51 125 27 48 165 64 160 97 19 144 13 91 2 42 123 52 1 4 59 83 114 67 94 1 102 23 60 104 125 81 60 8 149 94 68 173 100 42 111 118 147 174 150 109 3 172 111 151 120 25 110 173 45 96 116 142 98 140 137 120 5 45 129 15 89 133 3 108 78 60 170 83 112 53 145 16 42 162 41 114 37 68 109 119 67 69 60 118 65 147 145 23 66 76 121 111 139 26 43 9 157 16 132 166 19 36 86 4 16 51 142 110 110 159 41 48 70 81 76 102 36 7 10 40 46 134 124 100 108 149 167 96 122 111 112 110 150 128 153 29 100 39 28 57 132 180 171 22 52 21 108 159 29 49 16 12 82 140 68 96 35 132 136 39 81 13 41 85 116 89 50 54 167 3 144 176 99 100 116 116 9 66 180 76 107 35 149 73 13 139 81 94 17 24 80 71 90 39 101 22 83 50 81 39 78 140 7 18 17 130 57 87 7 136 136 40 166 34 31 128 85 123 135 8 103 159 56 43 12 168 5 42 126 139 121 94 28 50 69 144 101 159 126 103 136 44 106 106 35 85 132 92 19 139 98 123 144 20 126 57 134 89 116 12 6 120 131 12 93 164 58 103 135 17 71 173 28 7 74 84 64 114 50 119 157 55 52 49 139 134 156 99 168 5 31 141 144 180 5 95 77 142 69 106 42 167 31 172 15 151 175 83 171 169 126 93 142 12 175 151 91 99 96 69 41 5 60 53 164 131 116 60 128 89 111 70 6 37 4 175 81 20 34 45 59 158 168 59 10 87 155 42 40 86 48 47 129 114 163 155 14 27 164 113 114 125 136 17 39 122 22 40 128 22 53 121 167 38 160 92 74 157 67 26 133 106 68 77 88 78 95 123 29 10 168 109 86 114 160 97 46 154 167 175 2 165 4 177 104 40 77 72 39 173 141 138 123 105 38 70 118 15 139 55 14 93 18 49 61 75 151 52 125 100 108 150 64 120 117 109 93 176 11 144 63 102 20 134 82 23 77 174 178 16 137 34 45 46 103 64 106 3 107 7 1 38 77 38 33 37 90 133 39 18 30 74 19 12 134 173 16 109 33 112 164 10 138 23 141 137 75 83 28 32 142 55 110 110 83 54 68 48 28 140 81 112 129 43 178 160 27 34 142 31 157 176 61 123 57 55 167 18 79 56 92 80 66 133 36 160 121 31 14 31 169 45 139 31 108 140 135 134 115 86 47 96 97 57 102 75 24 56 170 49 169 121 99 55 50 11 60 153 93 111 9 6 126 120 56 77 30 81 14 94 84 79 87 5 143 102 166 83 51 171 28 111 86 102 1 42 139 174 138 112 67 59 103 168 38 43 50 164 8 74 96 173 118 23 40 53 33 159 149 155 79 173 18 77 43 141 68 122 122 66 151 113 161 11 149 117 11 125 152 59 175 47 51 140 87 164 50 5 35 46 5 38 8 43 70 52 58 49 45 25 106 123 124 91 48 7 118 178 132 94 54 93 131 65 172 124 102 179 81 127 51 100 129 1 150 90 72 90 112 86 55 98 68 95 15 146 106 158 176 42 95 85 42 2 77 101 24 53 91 165 118 154 68 39 42 18 59 68 25 102 39 44 5 113 117 119 80 174 10 39 11 99 88 17 178 98 84 135 26 136 28 136 10 164 99 105 77 41 13 122 142 150 96 22 102 31 19 113 123 164 63 161 109 64 10 161 51 99 141 48 27 88 119 18 160 76 172 155 33 40 120 41 40 144 68 86 58 74 134 131 10 169 52 145 57 49 76 135 152 29 158 127 42 10 70 147 106 86 58 7 14 152 167 77 65 130 85 161 22 8 31 64 121 141 2 126 162 147 83 60 122 30 7 153 69 143 55 27 103 155 120 36 138 149 176 167 43 180 101 103 15 140 34 48 73 81 146 29 178 118 162 87 110 143 53 4 106 108 110 120 149 40 140 172 105 41 52 56 9 30 48 34 137 116 74 64 68 135 148 170 118 167 108 72 175 94 95 70 167 142 99 88 1 132 4 24 3 23 110 40 81 54 42 94 49 11 43 121 171 53 85 59 19 56 77 57 77 161 135 135 124 102 91 158 153 103 156 108 121 65 39 135 36 46 128 137 176 147 88 134 170 51 54 179 98 154 85 167 60 176 109 162 64 19 11 79 67 177 57 40 33 161 84 91 11 70 57 16 171 153 176 3 118 137 19 43 121 107 47 73 18 138 163 55 160 97 81 153 165 125 42 94 55 112 110 103 77 18 129 18 1 71 118 163 102 23 4 16 169 120 123 107 172 29 74 170 91 102 78 88 130 149 179 33 102 44 25 83 8 48 137 169 133 146 83 125 153 86 167 18 128 56 157 86 179 12 85 53 120 133 166 57 38 166 149 36 152 101 141 62 28 25 129 51 162 15 177 27 176 137 31 44 59 117 70 82 27 72 172 67 91 146 67 119 147 24 138 33 36 106 102 169 136 102 91 108 10 87 131 98 85 84 27 130 84 63 87 106 159 61 96 88 6 162 60 160 154 147 2 140 32 35 48 97 97 45 57 91 94 111 175 133 115 51 141 115 104 78 4 129 128 147 165 20 73 169 162 19 148 125 4 80 159 137 67 167 59 101 148 37 101 115 115 32 148 101 162 70 24 83 60 128 161 32 6 96 73 137 55 149 5 11 92 14 27 57 65 165 143 75 120 109 14 133 6 137 64 19 51 175 123 158 156 52 151 56 118 141 170 110 3 154 163 13 179 36 44 160 69 42 51 174 171 102 109 48 120 132 161 170 103 166 89 161 41 65 32 32 136 34 3 136 69 116 79 133 169 53 8 6 135 150 157 32 60 119 27 93 134 178 4 47 12 132 129 136 39 174 50 163 4 71 101 69 75 63 150 123 167 154 135 120 68 114 70 52 43 35 54 52 64 11 90 90 15 140 32 7 66 119 101 94 131 22 152 80 41 134 23 63 88 159 154 98 66 77 157 73 53 84 112 113 49 66 143 88 95 109 155 41 5 25 96 76 148 131 159 27 40 87 35 130 148 74 55 166 120 151 38 51 66 65 123 63 6 85 110 66 136 54 120 93 140 36 83 22 68 87 154 29 141 178 158 72 141 157 154 172 11 64 143
79 118 105 162 144 179 77 39 171 175 88 148 125 11 165 160 101 80 151 18 91 165 175 58 11 8 102 12 129 115 73 29 58 168 7 119 176 25 163 159 157 52 59 51 115 44 113 178 69 170 54 28 91 147 73 25 128 106 174 12 7 135 112 73 3 131 48 169 18 115 128 156 113 160 79 99 28 46 91 136 27 40 87 9 107 35 5 45 71 154 178 24 15 128 3 41 159 44 28 170 2 15 68 21 31 113 129 31 121 77 10 1 64 46 97 73 143 154 158 15 147 79 134 39 165 6 77 64 53 137 15 42 24 170 132 166 131 29 3 147 137 145 154 23 43 163 69 148 168 64 134 153 120 160 172 140 86 135 90 156 143 56 180 163 149 138 21 152 133 11 130 47 123 172 87 39 120 23 32 103 12 47 179 163 53 168 103 121 2 156 70 156 67 13 50 49 51 29 160 98 6 85 47 37 108 79 18 42 119 17 73 66 73 171 64 31 167 70 36 172 90 27 101 156 137 102 49 83 32 9 80 7 161 59 167 5 55 71 122 123 173 33 44 90 60 15 162 156 74 112 4 119 95 40 157 101 70 83 55 131 63 171 154 29 159 61 29 36 35 42 132 163 116 93 103 28 79 176 44 15 120 19 11 92 23 6 48 111 42 157 22 158 136 8 57 88 119 146 52 138 94 71 114 13 65 5 56 108 129 170 70 50 126 156 107 110 40 56 112 67 60 87 153 65 177 32 147 147 53 166 101 56 89 165 110 26 179 165 141 124 142 10 143 99 40 102 106 101 168 42 132 77 76 154 116 29 30 8 172 91 101 70 54 100 63 167 7 164 143 88 81 39 66 1 119 65 88 49 65 87 150 112 180 34 93 46 163 75 146 71 72 26 9 36 164 173 36 89 60 36 57 115 177 43 39 18 142 160 172 112 19 86 107 61 74 73 151 138 17 131 56 157 155 27 37 61 80 127 25 13 18 86 44 63 149 116 156 140 140 142 45 111 11 42 150 43 135 88 6 100 23 60 176 1 74 17 157 70 29 131 176 76 54 23 168 165 40 165 10 127 100 9 105 95 148 1 94 161 25 168 165 3 39 16 22 16 90 49 83 119 90 152 95 74 157 82 124 121 21 4 4 86 148 56 73 161 58 34 94 103 175 158 87 172 39 52 122 175 114 88 44 136 49 83 126 87 53 153 133 146 34 35 88 96 79 48 123 69 58 136 122 114 38 84 100 68 4 140 4 118 93 159 176 10 170 122 111 111 166 71 93 22 159 14 110 103 121 95 180 11 30 152 25 3 109 7 166 33 176 93 5 89 38 28 176 73 148 47 77 162 57 30 112 161 124 29 170 126 136 107 120 136 82 84 137 4 5 86 167 90 2 177 36 12 180 76 91 21 19 81 143 58 28 64 24 2 7 132 146 13 30 41 135 28 149 10 18 94 13 57 18 103 24 78 1 13 15 145 79 82 66 174 28 132 171 40 102 124 27 157 158 177 176 59 37 29 117 109 15 144 1 92 18 157 141 12 3 171 93 33 84 160 146 145 148 180 78 53 151 99 22 72 163 36 84 132 1 29 56 12 80 156 133 95 115 168 114 53 169 36 163 151 75 113 29 57 64 6 21 158 56 77 10 55 2 63 31 66 146 60 56 153 155 7 135 167 80 147 59 146 142 173 95 97 177 127 134 8 178 87 105 161 82 84 136 97 149 96 69 114 49 124 148 129 6 1 20 15 149 70 138 32 64 91 59 34 150 35 50 96 7 134 170 1 7 121 48 13 48 68 119 91 121 154 119 41 148 21 67 96 167 89 48 3 52 109 133 100 78 83 38 60 71 81 157 98 109 148 130 37 42 74 113 33 178 110 9 119 85 56 15 95 118 76 66 58 53 137 42 94 122 51 49 37 160 63 96 86 145 68 43 87 48 148 44 97 64 130 174 177 19 138 25 95 151 163 111 14 36 62 169 13 69 13 19 29 142 86 23 71 20 118 61 180 80 107 38 20 95 13 32 122 108 68 127 56 119 132 165 62 166 170 78 172 34 80 178 46 118 54 17 126 85 41 113 75 144 81 27 83 152 146 150 151 2 34 2 45 36 68 90 156 115 8 108 147 12 44 88 161 160 41 22 126 137 94 130 112 10 77 25 145 15 179 159 62 149 89 122 44 115 133 140 4 33 45 41 74 88 68 8 31 7 172 169 169 24 71 70 95 114 171 123 151 61 150 156 133 150 175 107 179 99 99 133 123 153 57 74 23 28 85 3 90 146 140 84 152 79 114 98 61 96 132 22 17 150 30 114 15 144 159 7 11 129 66 149 43 108 14 162 120 131 5 176 60 11 176 17 75 100 137 55 153 71 78 175 153 76 148 153 170 41 78 13 89 64 147 114 82 5 24 105 124 40 64 90 115 88 71 154 77 40 80 98 8 113 20 55 58 25 84 23 110 109 110 160 102 51 28 127 92 121 81 60 44 78 95 115 114 98 35 8 111 20 90 25 91 95 36 163 151 64 103 99 122 127 147 118 75 44 28 41 83 68 153 175 176 94 80 156 23 97 159 74 81 24 179 96 29 22 158 104 11 19 158 144 37 93 50 37 14 65 142 170 39 76 85 148 49 148 175 111 171 13 45 55 147 134 38 56 46 115 70 86 92 153 137 40 43 46 89 143 6 78 165 4 65 92 95 130 17 118 52 55 50 105 103 88 45 17 92 92 42 159 44 169 84 129 89 74 128 113 96 77 18 2 167 152 115 165 7 87 65 162 106 112 115 28 1 87 166 58 124 164 29 63 4 121 5 80 61 97 163 92 26 85 27 66 57 50 157 149 63 88 113 147 92 84 12 37 83 39 43 134 104 101 44 36 171 13 82 93 66 143 4 133 3 17 115 180 39 47 169 97 74 44 57 149 3 148 124 55 95 160 158 150 89 75 180 57 57 48 73 172 104 125 9 173 46 107 147 16 118 159 65 60 111 6 165 151 92 159 151 65 43 84 44 80 118 53 112 126 53 76 120 140 138 50 76 87 6 24 115 159 69 116 133 49 117 44 123 30 86 143 57 165 103 80 30 80 129 110 24 129 97 52 101 110 113 96 155 178 112 109 80 162 115 38 90 64 174 147 39 165 175 43 56 61 162 70 89 31 9 7 117 152 53 84 16
81 158 54 38 79 82 125 67 35 147 176 41 143 70 126 144 32 156 22 110 4 79 33 129 57 78 31 40 13 104 73 89 127 52 41 8 7 44 164 125 111 177 160 17 149 162 52 3 27 154 152 155 163 161 154 160 40 105 108 136 132 91 111 145 17 145 36 63 8 121 60 101 100 165 67 79 180 160 74 36 11 130 99 79 80 53 32 140 65 117 86 28 41 116 17 150 44 84 98 1 41 62 118 24 2 172 74 2 152 98 85 33 129 165 11 41 112 25 24 171 73 108 163 46 117 148 38 19 79 85 26 95 145 87 80 22 124 174 18 104 138 77 108 126 31 94 92 63 27 52 172 50 4 155 115 147 67 43 71 46 60 143 94 179 13 112 96 107 49 76 143 5 31 54 51 170 173 144 61 58 67 68 177 121 93 135 121 169 179 48 166 6 82 61 56 175 119 161 7 144 24 163 40 147 73 66 98 56 60 49 80 19 114 158 112 131 52 131 30 115 144 112 69 95 143 143 91 41 8 92 99 68 10 38 96 54 157 133 111 83 99 87 134 1 92 69 26 142 111 16 69 39 34 142 96 135 36 144 94 141 120 41 75 143 165 158 167 134 156 169 81 47 132 96 68 45 58 122 26 175 118 141 106 40 5 83 106 98 94 115 28 28 77 57 131 164 49 32 144 86 171 174 63 140 70 60 179 120 51 46 171 25 106 64 23 78 33 21 180 123 78 33 161 105 86 43 63 14 6 94 44 154 167 38 176 177 105 130 90 174 164 22 131 140 52 106 37 121 72 130 167 41 123 170 158 159 33 127 63 98 68 137 77 160 2 168 85 179 49 139 174 121 14 59 14 51 80 127 142 54 34 46 71 34 43 151 69 77 110 148 85 139 87 16 46 112 29 106 119 108 45 32 86 165 42 101 118 178 86 42 125 153 162 178 118 95 2 125 57 153 103 135 47 82 62 107 173 162 5 109 81 96 117 136 172 155 31 108 80 24 98 43 8 19 147 76 125 120 137 36 50 107 75 3 38 14 18 31 78 57 146 160 27 155 84 167 56 173 111 71 66 9 61 151 127 176 169 62 166 112 137 24 147 134 56 116 136 166 63 51 25 172 134 173 90 175 5 91 147 34 121 107 129 30 93 174 55 158 162 59 21 5 127 31 34 100 138 31 172 76 174 95 57 154 23 88 102 179 58 29 91 45 161 160 120 93 74 127 165 70 96 175 123 65 116 112 131 48 40 89 74 142 37 22 173 85 152 134 53 118 7 103 10 165 149 72 149 125 18 129 55 136 89 21 26 17 55 125 63 23 143 63 5 132 30 38 174 89 18 58 45 3 180 105 93 24 94 21 4 28 80 144 157 43 4 43 126 84 57 115 161 15 143 177 147 85 170 48 59 128 164 149 105 47 68 30 22 117 113 81 89 6 111 132 52 125 154 169 176 66 119 171 108 123 81 94 97 41 55 61 145 143 34 128 92 4 123 72 158 74 97 152 79 53 2 154 49 120 127 93 127 148 58 17 82 128 6 41 125 134 145 129 89 21 147 77 161 143 168 46 176 88 48 86 84 168 10 60 42 159 100 48 47 163 13 41 93 150 85 176 164 45 84 166 41 76 121 118 24 83 157 116 141 34 86 125 101 177 116 135 82 89 77 26 101 164 53 176 118 27 89 146 71 83 160 112 42 140 14 116 93 27 156 169 14 35 84 100 26 112 162 164 7 21 123 22 177 81 43 37 3 16 41 87 70 25 101 49 85 115 175 170 134 27 164 103 97 139 57 52 161 9 89 167 60 36 53 167 97 46 84 123 168 164 174 32 83 61 129 49 121 18 119 48 61 44 159 77 75 9 11 144 177 142 157 58 29 69 42 81 95 68 176 146 159 52 161 111 179 24 104 26 21 75 6 77 110 120 180 65 85 44 108 173 149 53 151 164 141 58 84 115 180 129 61 62 80 117 177 51 148 99 124 104 156 168 15 108 171 45 123 51 58 34 108 5 26 1 164 94 111 126 12 171 59 41 21 65 93 45 174 141 2 146 88 5 92 45 2 24 109 42 90 83 125 38 156 161 177 35 85 90 170 156 86 31 39 168 138 18 50 101 99 58 31 173 53 135 102 132 66 130 25 150 96 53 21 28 40 26 45 152 12 180 102 90 71 100 117 126 57 8 171 131 74 48 51 18 144 85 112 30 36 2 3 127 166 138 35 137 140 122 134 35 46 18 72 97 89 158 77 1 64 172 26 69 101 143 149 134 145 83 107 151 62 21 66 86 9 36 36 49 158 109 85 148 134 43 119 173 103 52 119 24 70 22 44 84 102 31 91 90 23 12 109 103 29 36 68 52 77 91 17 150 93 159 57 64 151 81 153 23 65 172 11 168 136 78 179 75 22 19 108 1 49 154 100 74 104 35 87 146 143 127 177 124 60 108 169 180 5 109 23 89 100 70 5 95 124 75 178 49 61 8 167 133 77 22 87 17 78 132 86 25 38 170 76 63 47 116 136 53 166 87 168 25 83 86 168 111 114 48 105 17 96 29 64 102 22 114 161 152 159 38 173 175 137 39 85 173 67 179 2 176 149 96 95 101 108 23 82 59 70 82 51 27 75 27 107 126 97 147 11 151 89 40 62 77 85 119 110 124 103 20 42 16 89 147 119 142 96 175 124 167 88 160 172 94 139 163 29 134 18 26 100 72 116 101 64 152 168 11 178 154 90 103 102 179 79 67 16 92 114 160 72 121 61 44 29 40 155 114 100 76 168 7 49 69 129 83 151 68 154 162 80 109 118 10 57 139 20 108 161 129 43 47 61 156 176 155 97 118 150 26 52 65 159 171 144 46 91 165 49 7 58 105 155 160 102 35 129 89 8 32 160 75 29 131 28 148 54 134 124 30 118 127 60 105 101 64 178 143 86 80 113 2 123 102 44 133 126 58 41 155 155 169 46 126 125 77 18 125 161 168 47 129 105 87 74 113 159 94 108 139 173 78 67 92 86 122 122 69 141 85 82 71 178 171 78 60 84 6 151 170 169 46 116 130 2 28 173 60 40 163 51 130 152 140 90 128 102 115 111 62 29 105 154 177 173 122 54 40 82 93 137 10 80 163 113 104 48 120 126 11 87 45 63 54 67 175 73 118 130 17 69 172 113 1 2 132
94 86 22 62 166 143 111 42 176 47 161 85 71 161 73 94 107 155 47 121 54 31 48 164 97 170 129 135 53 137 166 70 30 4 79 156 177 139 74 75 175 172 31 178 30 42 140 170 152 63 50 62 117 144 117 105 85 77 129 56 123 135 25 144 101 22 82 38 176 18 52 70 39 75 89 166 61 141 114 70 94 16 3 33 85 3 159 31 15 102 173 179 30 142 43 102 61 109 157 14 20 25 86 160 176 102 42 139 137 72 13 43 80 73 60 69 151 151 2 71 5 88 166 43 109 21 91 2 7 125 48 84 81 107 173 83 29 36 136 38 26 2 68 59 35 73 156 55 32 50 88 132 30 115 166 86 102 104 131 101 70 163 5 128 29 36 150 139 51 178 162 14 38 160 164 16 64 162 156 129 143 65 7 75 167 95 179 96 169 23 135 22 149 40 84 66 70 142 96 107 147 32 124 107 11 74 121 9 2 56 177 82 153 96 108 45 44 54 125 144 118 171 141 7 51 12 173 164 157 133 81 96 96 40 3 124 98 109 15 22 113 68 61 105 178 37 98 144 73 155 41 102 154 166 161 138 131 161 66 33 110 150 93 133 135 136 79 134 175 135 161 43 139 69 143 68 148 103 134 134 38 132 86 91 31 55 97 17 43 100 97 101 102 98 76 3 51 76 15 31 109 97 93 62 26 104 85 73 169 4 137 66 172 32 41 8 26 144 104 52 38 106 173 175 60 93 84 33 164 72 148 180 43 101 58 87 53 83 101 158 143 93 138 72 63 67 143 10 25 31 136 66 149 62 41 133 53 146 120 132 60 39 80 141 29 122 155 109 73 26 43 1 5 34 135 58 104 102 128 162 169 168 39 40 30 180 164 15 101 39 140 155 86 50 7 152 103 70 76 91 29 35 133 175 31 6 179 54 163 143 27 117 153 127 6 44 135 54 49 42 175 172 121 153 176 115 29 174 180 161 168 26 37 64 155 167 24 1 5 19 118 165 105 128 135 54 95 26 20 179 149 92 59 12 111 22 84 123 101 31 97 50 81 120 128 28 135 124 137 103 138 80 115 82 2 23 159 148 14 178 32 108 166 30 6 99 140 36 44 19 152 16 131 78 85 24 69 119 38 91 103 177 171 120 135 106 90 63 161 50 159 2 176 139 151 47 142 55 127 67 3 171 41 22 28 165 7 104 66 34 130 121 180 146 170 144 165 64 65 12 46 107 180 58 155 168 56 49 48 108 42 170 119 1 101 128 157 156 90 123 114 2 129 46 94 25 35 180 47 78 128 23 42 60 148 14 86 111 2 76 24 166 24 50 62 32 16 55 180 126 57 119 158 75 79 67 14 54 12 36 149 105 94 144 18 34 99 165 130 85 44 152 162 176 61 94 148 23 38 133 44 109 175 155 157 34 106 151 167 21 8 157 22 26 44 117 54 65 148 105 117 67 118 42 48 93 140 42 123 8 143 83 149 105 54 105 178 53 94 45 7 54 87 98 135 72 70 101 125 3 68 34 5 159 21 116 177 169 2 180 144 105 35 162 48 64 47 46 156 44 106 133 161 96 82 56 125 9 46 70 163 161 34 143 77 155 3 5 177 38 39 178 111 16 122 73 166 102 4 135 88 62 46 20 81 173 171 154 153 172 118 54 39 92 18 77 4 102 159 6 68 110 25 99 87 81 176 54 38 68 177 169 106 99 4 152 127 99 48 61 36 54 91 108 11 13 159 103 131 143 30 67 92 67 55 50 20 75 169 66 112 48 173 114 81 162 83 9 42 122 122 19 120 18 99 65 4 64 167 78 102 145 59 29 45 165 40 37 118 148 165 11 55 30 9 61 169 17 74 61 105 82 148 24 118 129 150 81 13 153 10 141 56 89 59 24 158 91 154 85 106 10 108 84 66 79 84 169 112 26 101 148 143 62 29 121 139 82 23 137 138 167 70 12 140 10 29 46 38 170 169 167 135 148 27 30 63 123 56 12 119 46 6 159 53 124 80 6 154 155 76 104 24 74 39 113 31 155 12 129 89 73 110 84 146 30 135 71 127 97 47 2 113 179 74 1 42 148 142 64 65 8 81 61 5 152 174 5 19 129 41 88 134 143 173 39 126 2 98 38 134 55 62 140 87 132 121 108 89 112 60 24 41 60 52 165 2 93 165 98 132 157 26 58 16 63 95 43 40 166 33 125 31 100 57 80 96 26 167 52 9 69 86 90 121 124 37 93 95 174 75 157 43 79 12 127 54 6 18 41 103 146 115 160 153 132 29 59 119 148 176 146 36 122 136 84 38 33 167 143 138 132 53 152 106 111 143 19 64 40 2 156 105 74 109 15 91 138 155 37 17 81 80 176 98 166 91 5 78 25 172 163 147 23 111 111 23 130 156 109 72 90 129 26 129 107 121 160 56 178 83 85 139 140 25 176 152 116 92 59 15 40 72 130 64 92 164 114 1 174 31 94 96 175 128 53 78 34 93 106 133 41 56 170 56 103 162 126 62 131 19 174 169 39 143 107 89 159 32 20 141 52 112 41 43 4 117 13 89 178 102 84 83 62 1 129 13 94 72 116 134 173 66 107 92 10 32 95 44 168 77 170 110 58 65 120 58 24 155 8 10 13 42 153 154 36 1 120 88 103 147 35 117 72 89 122 37 49 171 163 61 95 133 88 121 167 128 98 103 84 78 81 88 62 60 21 46 73 3 95 9 97 23 1 166 1 117 38 30 98 153 166 93 166 110 83 42 71 72 154 62 70 64 152 52 28 180 9 158 89 120 50 79 138 144 60 89 126 49 104 80 19 112 164 83 9 86 89 60 132 72 2 125 89 51 139 101 133 50 86 150 61 24 95 9 42 146 135 114 71 157 154 31 143 69 65 99 143 70 148 61 110 118 117 57 87 50 91 61 102 179 99 38 137 163 132 2 11 127 24 24 97 147 25 27 23 73 17 125 34 102 57 48 156 41 31 22 80 101 137 2 63 13 68 73 62 99 135 152 156 27 34 3 117 132 107 110 57 153 78 93 138 38 67 176 109 50 11 171 166 16 126 63 46 152 165 77 135 153 31 49 133 21 27 124 107 76 36 76 11 31 175 135 73 107 59 122 129 131 167 153 114 178 149 99 137 69 40 40 28 25 148 17 128 105 76 80 93 67 49
140 64 171 36 45 59 52 164 56 80 29 55 112 59 42 72 84 165 128 162 133 130 153 68 58 42 152 27 109 12 80 131 82 5 89 142 172 170 173 21 69 17 47 143 95 177 45 105 113 140 42 10 136 118 173 133 85 96 165 171 83 145 176 64 56 71 7 81 158 159 115 78 153 150 141 63 90 35 27 51 37 146 92 99 24 45 170 119 24 44 8 8 38 98 74 76 108 107 128 170 81 65 125 26 167 51 3 177 96 150 146 126 99 124 171 170 20 74 79 41 96 50 174 147 1 50 112 162 95 55 79 114 150 10 134 180 57 138 90 135 141 121 68 21 17 68 23 85 84 153 42 23 20 169 133 33 151 9 135 171 93 146 33 146 34 4 35 96 142 165 52 20 11 58 81 29 24 131 160 151 43 89 45 78 114 122 82 10 60 125 121 163 135 28 135 96 122 159 88 60 3 55 72 170 145 43 125 69 148 8 39 93 20 37 125 104 19 171 92 148 132 9 69 66 22 127 16 8 174 118 117 16 103 12 150 38 85 175 167 5 37 68 177 179 82 82 59 113 26 9 9 153 6 121 144 113 39 66 15 97 161 173 175 131 62 89 154 73 72 23 80 85 174 77 91 87 114 161 137 1 154 38 18 123 58 116 81 11 136 175 96 65 133 13 72 23 135 109 138 63 25 30 43 115 19 131 93 130 25 168 82 42 150 56 65 22 25 11 9 58 66 17 67 160 75 25 75 113 28 135 55 165 25 117 3 131 151 66 22 141 6 81 136 61 41 130 64 156 180 2 26 73 69 27 54 103 84 67 102 86 70 34 42 81 119 1 53 138 115 132 140 179 135 38 59 97 143 85 148 48 60 171 157 75 65 5 10 56 79 113 4 27 16 88 123 83 166 41 169 74 174 103 84 146 130 2 132 31 9 57 83 127 89 93 128 132 99 101 157 89 105 17 21 140 65 44 174 32 70 15 179 129 70 158 85 12 168 29 161 72 169 171 25 64 143 124 119 122 153 121 45 145 81 63 36 90 153 13 175 46 10 28 107 158 149 149 112 30 163 160 31 120 42 103 48 110 80 3 3 40 88 156 122 51 131 121 131 51 74 26 156 48 138 115 85 67 74 40 166 44 66 38 32 107 40 171 145 109 29 97 44 85 159 8 51 98 163 115 119 112 1 126 177 126 105 119 91 32 79 126 169 148 169 62 152 123 19 59 26 114 79 116 84 86 89 116 71 123 16 43 144 129 18 165 84 161 69 93 166 114 66 150 169 24 142 50 10 172 163 75 34 99 171 52 121 10 39 41 90 144 127 162 124 152 146 171 150 71 16 24 71 15 76 134 39 122 151 147 1 31 5 60 1 134 10 97 44 38 109 113 157 124 170 34 103 168 130 27 119 149 83 55 107 20 39 179 79 13 90 48 118 115 141 158 158 142 128 136 79 95 135 21 77 63 120 54 170 100 19 25 45 9 6 91 46 25 127 119 92 64 155 40 48 111 11 33 13 122 134 28 169 40 176 140 21 41 149 105 11 106 19 140 74 38 109 79 102 66 168 108 167 139 127 166 108 96 26 129 135 77 111 82 7 135 126 139 62 155 19 83 139 36 128 179 33 122 12 75 46 48 93 4 70 144 109 19 91 121 11 177 109 178 71 93 46 117 76 128 90 86 102 131 112 71 160 73 159 160 74 172 180 9 69 114 163 113 82 83 57 45 14 141 22 79 7 64 147 59 123 99 141 112 61 35 108 49 117 41 29 49 147 74 145 47 145 154 176 51 101 85 171 4 154 39 78 64 28 96 45 120 86 50 79 44 168 47 172 85 114 30 51 114 133 109 177 98 82 113 27 37 148 109 142 61 143 12 17 90 82 137 61 9 94 2 92 73 16 131 167 52 84 19 39 42 118 177 77 127 143 142 119 97 54 9 130 144 122 129 179 139 8 180 148 23 12 59 9 63 22 104 171 112 21 40 70 168 26 179 2 166 3 65 42 99 74 51 94 62 29 112 56 107 130 153 111 71 170 180 15 9 113 105 162 6 38 40 42 73 91 107 23 127 128 177 152 114 123 29 160 39 156 68 162 164 28 50 108 45 27 11 126 5 160 27 13 120 138 144 103 154 116 99 94 134 12 21 9 44 66 156 86 119 51 151 121 85 159 103 75 101 165 70 71 14 38 123 162 14 3 32 87 126 59 30 111 34 94 70 90 90 14 99 58 56 83 44 123 26 30 21 152 28 6 99 82 27 143 3 154 102 165 117 41 8 7 180 38 127 62 167 65 105 29 56 63 91 62 116 103 42 38 32 106 13 95 74 57 5 83 90 56 135 168 165 140 162 74 110 27 63 119 79 96 79 152 159 12 119 146 50 28 3 60 4 10 4 52 92 77 110 175 96 52 73 160 92 127 8 23 154 153 8 131 143 28 175 79 142 145 1 176 61 21 2 21 112 53 20 46 15 175 179 140 146 101 31 124 154 2 26 104 162 122 127 107 114 62 104 125 151 76 18 70 148 48 15 150 6 11 43 1 40 89 97 119 56 73 111 17 143 123 46 32 177 1 60 49 166 91 37 129 104 14 121 116 176 117 74 155 47 39 92 52 78 148 19 88 31 94 159 127 95 154 49 23 17 157 114 104 62 8 113 138 44 179 27 70 74 111 59 16 89 61 122 115 119 138 78 65 174 32 149 45 42 58 71 42 177 53 25 126 22 114 167 143 85 39 122 56 107 93 148 125 107 172 99 53 56 103 119 123 153 100 14 156 27 42 62 111 157 19 93 58 19 153 39 151 109 99 58 31 118 77 73 24 31 133 13 67 151 87 96 60 85 1 180 81 105 153 5 124 64 153 93 62 2 5 115 42 116 141 73 79 62 46 90 51 29 135 122 146 13 43 153 72 20 81 69 4 115 95 35 60 33 163 70 101 53 134 73 132 48 147 107 151 94 56 121 39 69 68 17 78 50 142 17 81 171 55 103 56 32 66 88 157 24 89 5 122 108 33 43 103 137 90 68 66 63 46 89 141 83 7 24 152 93 15 33 97 144 4 178 19 30 167 152 19 92 8 15 132 132 128 89 22 155 5 92 173 9 52 79 126 146 8 154 57 123 103 114 101 36 72 160 177 111 99 121 106 146 123 137 36 24 123 72 37 107 4 67
124 53 71 69 47 156 116 55 35 93 129 30 158 126 68 177 131 113 17 21 88 18 82 143 89 83 132 130 144 128 80 56 20 147 74 79 43 157 84 130 79 159 38 118 168 23 143 139 50 5 12 154 105 35 85 1 54 71 70 116 88 177 166 154 3 79 49 30 169 10 31 10 142 151 34 63 115 82 121 96 87 135 17 40 53 17 158 107 167 69 65 2 121 162 89 114 132 80 16 76 90 52 109 74 134 59 121 96 114 45 48 91 8 16 120 42 32 100 30 155 12 110 78 100 80 95 114 155 27 150 176 141 116 143 49 8 96 45 130 11 45 7 144 3 43 175 136 45 171 22 41 180 27 66 131 159 173 96 157 111 106 161 145 91 35 17 116 118 23 93 165 63 96 75 9 138 164 6 101 145 78 64 4 148 108 60 160 37 28 79 33 114 36 93 119 121 115 135 85 12 128 136 112 76 93 86 59 170 166 63 146 97 39 160 115 157 32 108 40 119 32 9 144 8 53 60 27 113 125 26 11 110 47 176 156 106 21 116 79 14 176 103 37 87 76 64 166 51 130 40 121 110 26 106 20 141 9 63 85 68 101 144 84 10 107 23 26 86 165 87 100 123 4 144 116 1 148 169 152 158 64 20 88 45 169 18 92 65 69 114 60 28 37 133 33 34 55 152 96 76 133 10 115 143 54 70 10 92 74 175 117 130 124 64 25 101 20 23 75 36 67 111 13 71 65 12 146 82 20 79 58 112 25 44 71 174 157 128 161 96 15 122 131 159 165 9 143 60 96 89 160 157 150 43 139 135 128 128 127 2 105 18 97 91 11 173 77 97 112 45 51 53 100 118 178 154 79 67 161 79 175 132 7 171 129 73 145 56 176 74 126 153 159 166 13 49 35 137 87 158 8 116 39 121 174 76 22 101 166 112 117 119 156 25 72 19 97 4 45 160 173 152 131 100 64 43 91 19 150 43 163 85 62 156 99 106 163 121 91 58 34 10 84 58 38 147 153 26 132 73 8 108 119 85 19 4 146 69 3 176 79 70 31 118 26 16 139 83 148 140 129 72 127 70 148 108 5 69 82 36 158 56 7 10 123 174 131 98 156 140 129 49 151 65 138 65 169 175 59 16 101 102 104 76 88 92 164 107 19 12 53 23 49 97 153 103 170 27 56 106 25 150 148 171 10 59 81 50 119 78 122 133 93 68 124 135 10 27 10 134 74 157 68 175 156 53 77 110 24 105 29 42 49 50 172 95 8 133 122 94 180 12 166 20 125 129 134 140 24 50 93 117 84 115 111 29 52 64 168 90 168 126 100 70 33 130 18 68 150 111 179 94 64 150 54 138 154 72 47 89 137 67 134 51 11 123 62 110 123 173 120 133 104 93 112 65 169 128 70 135 67 180 73 151 142 58 180 24 176 91 62 88 8 129 40 79 45 162 118 96 44 7 96 36 135 148 71 141 77 70 19 146 143 85 101 44 92 90 124 120 175 117 159 57 99 112 69 22 89 81 133 154 87 3 140 87 102 169 23 132 26 109 14 70 97 87 68 59 118 129 55 138 2 111 139 93 175 76 69 96 77 161 122 67 163 138 161 148 71 146 126 150 130 90 128 36 39 37 107 163 21 97 9 50 49 177 109 67 47 53 63 60 166 8 76 160 117 125 143 159 65 76 136 45 174 13 70 126 10 71 131 83 92 53 50 101 34 103 180 126 133 21 130 100 16 87 132 31 107 78 136 132 97 23 157 120 164 60 46 171 130 111 38 11 55 138 25 43 156 38 104 152 163 24 9 84 107 102 35 170 43 10 18 75 168 173 130 132 41 123 21 121 1 59 102 64 45 91 14 146 62 1 67 36 104 55 116 66 116 144 18 87 143 138 125 157 166 123 25 92 104 71 131 30 119 43 71 4 124 101 179 93 131 49 47 47 51 70 126 68 143 95 24 31 89 157 34 174 172 122 100 111 55 19 115 149 149 47 107 100 8 114 23 145 17 109 27 130 117 114 7 145 14 161 126 140 173 107 40 94 47 138 66 6 5 48 31 49 168 81 160 158 18 27 131 109 124 118 28 75 135 152 2 23 108 141 18 162 137 83 76 167 31 43 147 57 100 21 31 67 75 116 39 101 61 4 63 21 129 3 4 76 158 115 36 31 90 70 152 141 100 9 102 74 90 103 36 24 2 34 141 126 154 156 73 161 100 108 90 101 1 5 96 126 65 151 103 111 92 131 118 54 4 156 17 56 45 56 115 94 129 14 115 55 155 67 166 109 99 104 64 107 72 155 11 5 40 133 44 165 27 115 179 53 99 67 23 1 98 161 127 134 94 118 72 7 35 114 73 157 69 165 177 152 43 112 23 170 103 7 76 109 48 60 46 139 40 61 5 165 159 162 87 87 101 159 19 51 143 96 53 163 85 177 86 144 141 92 80 147 83 22 164 100 177 150 75 77 48 170 23 6 150 132 36 167 136 70 76 92 117 129 88 18 28 56 50 79 160 127 61 51 105 107 69 58 108 101 65 30 50 7 146 172 152 87 21 15 44 136 1 12 131 79 54 88 124 40 5 36 82 145 70 164 73 96 95 145 9 37 4 62 4 133 163 71 20 167 82 159 40 95 12 42 131 9 159 132 18 72 147 66 175 133 123 11 166 15 102 89 129 7 55 105 120 99 12 49 82 102 140 110 136 94 141 104 11 107 108 20 53 34 164 108 21 40 16 3 66 154 79 34 119 99 17 119 114 171 15 145 93 86 104 53 67 131 52 149 27 143 47 150 111 135 42 96 85 40 116 71 109 120 39 9 179 151 145 65 80 104 86 133 66 155 83 22 83 86 106 140 69 42 77 145 1 135 127 68 121 36 33 34 76 36 104 172 154 15 79 77 72 2 11 33 92 94 43 92 132 118 30 23 55 155 28 78 77 32 177 177 43 168 9 47 55 152 160 68 19 40 26 65 59 25 179 64 142 150 88 166 6 129 36 174 5 69 137 100 177 48 171 180 101 85 95 145 80 56 136 120 58 135 99 97 152 25 43 9 47 123 94 68 86 162 41 99 14 154 124 82 44 96 87 38 1 114 121 95 133 23 175 6 62 65 117 4 171 88 17 17 58 96 40 139 101 36 75 163 128 41 72 44 127 75 27 160 52 107 26 62
137 176 160 95 19 26 21 124 21 153 51 56 47 73 119 59 103 63 35 12 40 45 65 27 146 4 169 136 147 100 96 11 153 28 115 104 163 118 4 132 140 8 154 142 27 15 24 114 143 27 75 45 47 70 21 89 122 85 166 75 176 7 92 159 133 180 63 22 124 79 39 5 16 69 162 111 54 120 176 169 121 95 66 34 45 144 34 139 147 146 50 172 169 169 142 170 149 85 112 61 108 98 49 78 132 141 121 58 20 157 98 142 62 142 106 62 26 143 71 55 167 162 134 150 172 18 72 122 60 47 39 96 97 7 156 84 134 173 76 43 46 23 5 179 170 153 108 161 155 139 159 19 121 74 22 153 148 80 26 75 44 111 45 147 59 43 23 98 97 132 155 140 26 20 151 39 141 12 124 63 45 12 111 128 139 30 64 71 45 47 103 131 44 70 88 104 122 121 8 55 173 180 24 160 47 138 118 22 128 44 47 150 130 106 162 28 45 170 65 145 167 1 75 80 25 137 34 37 11 99 13 38 144 14 148 69 40 72 42 176 159 154 131 131 174 24 151 154 32 152 179 142 173 43 31 8 158 68 169 122 103 100 92 82 129 120 18 48 147 61 105 127 31 163 55 116 64 103 111 177 140 153 81 117 99 165 59 49 114 72 89 21 61 47 122 16 75 168 127 130 35 129 157 90 41 153 35 5 29 173 38 177 36 179 68 84 143 86 159 33 24 11 100 149 69 131 148 163 8 58 37 81 70 55 86 88 179 111 176 132 71 88 61 49 85 16 23 160 155 135 53 81 48 153 38 140 151 119 31 60 75 140 9 54 123 150 22 137 88 174 167 48 142 108 90 6 19 123 20 75 137 127 160 78 144 25 70 149 167 172 21 80 10 68 31 33 4 119 122 61 30 93 178 69 145 175 178 22 26 166 172 70 174 44 11 48 84 79 86 89 63 175 21 144 70 62 122 57 109 81 2 41 111 51 169 13 56 72 133 3 100 139 45 71 57 37 85 75 44 13 141 51 100 180 24 38 80 85 155 177 34 124 13 158 128 166 131 137 132 149 129 88 161 125 101 179 125 126 164 76 68 155 104 24 7 123 110 153 152 156 52 165 35 180 174 94 57 83 166 139 160 118 160 135 52 98 44 110 76 85 9 98 141 49 115 108 26 178 25 53 61 59 79 103 143 167 49 160 161 135 151 78 148 128 40 97 126 136 136 68 91 104 154 163 138 96 103 104 114 120 100 162 120 171 53 158 64 137 133 30 10 52 130 163 132 66 71 27 137 109 18 158 79 69 30 103 39 49 78 16 7 9 19 153 11 46 41 27 81 12 149 72 110 147 65 98 40 32 62 72 144 144 36 35 100 50 136 109 131 13 90 41 54 110 177 94 85 156 122 37 34 166 103 71 93 16 169 40 123 78 25 51 106 41 121 65 88 103 57 160 82 119 92 97 151 113 153 33 126 146 148 108 11 82 21 118 155 162 81 171 57 130 151 21 146 147 1 18 172 94 141 176 94 139 98 117 39 86 151 62 28 29 96 125 9 62 107 73 154 180 159 150 172 38 83 11 77 59 19 47 15 23 140 16 51 173 87 38 158 115 104 141 4 161 89 96 126 133 135 34 147 179 85 74 153 34 37 121 95 25 145 17 138 116 76 30 26 24 80 25 64 47 89 18 11 69 104 79 161 37 168 63 175 138 17 102 128 74 137 51 54 149 123 180 14 176 84 150 56 151 141 130 14 37 71 5 151 167 71 127 66 86 94 39 152 160 159 62 86 22 39 26 171 26 4 106 109 150 104 39 147 35 27 50 98 170 68 145 88 15 74 143 64 104 95 155 150 56 143 117 104 59 34 93 74 87 33 68 137 119 42 65 35 130 23 70 57 177 49 116 99 147 124 154 88 155 5 106 40 163 67 22 165 86 16 112 107 53 51 42 134 84 108 23 95 41 176 86 180 92 160 65 96 123 58 11 141 25 142 116 122 145 58 179 68 177 54 37 107 95 64 140 57 127 114 170 162 170 11 172 74 179 105 18 64 93 93 86 176 173 180 42 35 56 32 155 113 112 158 170 130 64 89 156 33 34 153 148 156 8 94 56 131 172 94 131 48 90 122 77 19 15 127 103 55 46 11 37 69 12 97 145 37 73 88 78 44 74 125 1 37 145 9 58 96 153 88 9 166 52 58 158 43 159 158 32 39 38 17 15 9 100 14 173 172 38 101 146 14 177 133 81 180 27 20 122 106 120 167 18 152 83 124 152 131 161 135 86 138 173 53 143 101 48 46 118 144 128 87 10 130 18 39 157 9 170 166 117 19 54 98 125 60 129 133 47 14 164 38 67 178 29 55 89 170 39 30 58 20 132 20 139 138 97 155 144 67 2 83 14 15 10 73 45 114 89 180 18 168 98 63 145 163 79 108 31 127 34 116 85 68 135 71 85 53 4 43 87 87 112 120 21 38 3 138 89 28 162 3 137 124 43 133 2 155 23 120 129 55 70 106 175 51 32 7 128 122 145 167 63 47 38 160 36 47 74 118 28 17 171 91 116 33 87 64 65 93 156 47 60 49 174 179 151 99 126 71 148 39 29 151 28 27 135 101 47 154 31 8 51 66 114 179 100 70 23 68 36 124 74 158 60 21 106 106 50 14 153 112 136 130 105 167 103 6 10 169 157 45 77 86 69 162 127 23 167 52 43 87 145 83 49 14 20 91 104 6 178 133 166 36 122 170 50 68 37 120 1 10 88 37 142 178 39 180 95 87 55 37 68 71 166 34 44 151 172 127 117 22 140 37 4 94 39 142 180 85 122 46 146 12 168 48 110 166 127 106 102 63 69 163 154 144 176 57 17 40 30 43 14 101 157 96 13 48 8 57 32 82 82 169 135 88 61 68 83 41 34 83 180 57 178 115 120 129 95 23 154 180 168 55 151 66 149 72 13 23 105 53 152 174 86 177 139 110 120 2 42 122 162 75 52 152 40 121 64 74 69 33 151 118 172 144 12 77 93 105 37 177 177 16 94 170 161 33 25 17 58 25 23 15 68 64 121 56 68 104 115 160 124 91 148 135 114 28 161 61 132 23 68 142 129 107 69 89 164 19 14 152 176 26 37 9 147 145 96 95 121 138 157 74 166 46 116 68 137 13 51 6 100
164 150 150 149 150 175 16 116 57 84 10 52 26 148 109 134 130 17 71 62 149 75 78 67 127 145 121 32 92 1 161 31 76 63 21 8 41 155 49 103 74 56 175 63 142 54 5 34 2 11 151 111 35 136 71 112 81 130 125 16 161 10 167 159 163 122 26 159 47 72 8 2 118 21 29 143 104 76 127 129 97 3 38 124 68 154 126 23 174 111 114 168 50 3 134 12 124 36 85 150 122 112 173 171 109 172 107 64 23 94 138 56 52 77 76 59 116 59 119 144 155 71 129 65 172 8 174 18 70 160 70 11 126 12 77 109 59 144 114 134 66 67 84 174 90 176 180 176 61 158 28 35 47 66 5 15 7 159 67 154 9 14 150 49 123 86 88 11 91 79 142 3 42 15 9 127 167 135 104 71 121 133 164 53 108 87 60 127 97 152 176 158 172 143 89 83 100 106 147 64 27 112 17 119 107 59 124 162 36 65 163 10 56 26 170 37 161 151 26 130 75 79 165 79 161 75 168 151 117 141 21 167 107 69 6 96 76 128 105 69 127 49 146 137 123 54 122 111 141 96 20 1 109 9 106 135 41 156 58 99 166 83 78 111 77 178 38 128 166 100 41 64 73 72 11 99 100 140 43 166 112 66 68 137 67 31 75 164 84 98 162 139 96 38 42 164 156 77 170 15 169 105 115 23 163 55 153 153 162 136 12 90 70 70 85 46 115 114 54 50 172 157 116 10 94 63 18 106 30 51 81 180 144 6 20 113 22 118 114 51 91 159 87 148 174 147 80 140 65 74 27 107 60 141 120 132 58 127 140 89 13 8 62 37 63 36 19 115 140 76 76 178 139 46 139 118 110 113 127 42 94 6 5 37 179 161 10 150 20 81 170 42 86 138 164 142 126 88 81 168 38 10 19 164 148 45 166 14 99 153 101 112 19 145 31 65 85 35 77 6 105 173 144 136 172 110 119 122 51 82 80 136 152 65 91 125 43 156 124 36 170 164 57 169 158 64 15 172 149 92 50 7 16 89 116 167 159 75 11 139 129 172 39 124 92 5 21 146 85 41 39 38 20 39 81 50 2 127 88 136 81 37 99 173 4 85 174 125 141 169 83 15 75 124 102 55 54 48 137 48 177 159 111 5 126 22 86 8 173 100 18 16 13 64 136 130 13 63 104 12 146 140 53 172 109 125 30 41 134 60 128 85 73 6 106 117 45 51 99 70 57 141 23 84 116 3 42 121 40 144 73 98 21 127 44 25 9 125 107 56 36 175 116 44 174 151 123 125 71 109 104 70 22 149 33 107 105 18 41 89 100 157 162 156 169 20 7 99 83 108 22 32 102 136 99 20 73 117 169 160 68 136 95 83 29 44 77 15 149 174 94 6 73 148 36 40 85 177 166 126 77 79 126 53 142 44 124 48 140 42 129 71 14 102 148 121 40 73 74 4 135 162 151 18 124 157 13 169 69 176 157 112 158 57 22 68 69 143 103 158 99 44 177 101 178 159 121 62 88 162 113 167 103 70 171 180 39 170 51 78 90 130 164 161 78 115 101 29 169 6 7 72 40 141 126 73 39 149 77 74 147 96 151 135 35 96 38 8 150 165 126 102 171 122 13 7 161 112 166 135 66 57 150 125 75 129 104 99 131 69 87 59 133 118 122 1 15 41 71 129 91 2 40 2 86 35 63 106 73 80 43 128 125 73 71 173 91 36 156 128 5 38 53 136 179 90 50 117 102 151 106 114 115 52 64 125 142 71 125 170 139 159 174 134 94 3 34 46 144 112 86 165 131 84 100 173 102 166 134 49 71 171 96 84 107 114 5 118 158 146 62 103 66 74 64 125 85 69 95 130 69 22 178 50 55 43 78 126 111 125 78 93 112 148 154 2 168 158 75 150 166 163 96 119 136 7 126 170 122 129 19 139 158 66 88 104 86 104 122 39 17 108 72 93 44 137 17 98 135 96 178 152 118 154 170 131 154 147 120 56 100 108 129 39 47 123 38 79 136 31 90 101 54 121 153 130 41 124 21 150 134 174 48 47 118 100 161 68 100 175 64 35 58 51 46 51 137 152 47 59 126 31 25 61 101 151 36 63 52 86 29 91 15 135 36 146 5 170 136 163 176 81 39 158 104 2 66 166 158 160 111 178 166 166 55 20 15 90 29 67 39 150 86 6 78 85 51 122 154 112 6 121 173 14 122 168 17 115 133 12 102 37 110 80 22 43 170 155 112 69 89 23 50 99 142 65 35 64 118 134 43 74 94 153 71 112 122 101 164 71 57 108 4 12 71 68 120 38 115 27 170 120 18 80 106 155 60 146 95 170 147 11 108 52 55 18 147 21 131 176 120 19 71 103 119 76 145 62 76 62 155 58 35 157 73 45 44 121 165 163 21 129 168 171 103 49 162 173 6 158 42 40 109 48 77 18 27 107 112 114 92 85 108 1 55 117 117 113 170 160 44 25 144 171 70 154 150 120 165 56 169 3 69 146 12 6 61 91 50 53 14 141 13 121 162 56 147 77 165 178 36 104 82 23 172 36 52 170 95 55 8 72 172 3 22 138 10 141 48 15 9 81 35 155 107 127 111 7 42 164 24 25 146 9 33 92 65 80 6 108 165 92 120 144 158 105 64 1 86 136 120 95 148 42 117 122 25 73 9 41 38 164 43 36 127 86 118 18 180 37 142 34 53 1 38 45 21 84 98 97 88 155 117 122 89 71 15 174 137 8 38 167 135 46 133 6 36 145 28 147 61 88 152 78 44 72 149 101 163 80 128 3 135 107 176 162 156 122 62 100 172 29 147 65 146 152 47 16 74 93 172 49 142 172 11 25 52 7 59 127 45 166 167 15 42 23 22 122 81 122 60 114 138 6 24 164 170 163 3 90 73 100 114 18 120 166 104 68 114 124 147 62 65 141 103 15 119 149 124 39 13 87 171 70 139 150 32 15 127 164 67 58 86 1 97 79 41 21 64 156 21 94 16 79 81 169 170 44 103 118 36 31 89 5 142 45 175 112 64 152 64 64 18 171 126 64 170 23 100 20 81 106 47 154 26 23 98 148 142 79 26 11 69 25 69 48 140 10 103 112 60 22 60 35 71 87 133 176 104 74 107 179 55 98 148 97 42 58 61 160 175 74 45 118 91 14 105 168 35 130
27 124 126 163 78 129 110 139 146 163 156 23 78 106 156 22 153 62 88 10 111 52 128 153 78 28 19 17 156 139 115 145 65 115 146 62 24 148 130 124 157 103 54 144 163 18 1 149 45 30 126 144 153 24 46 30 112 155 31 118 61 85 171 13 62 169 74 148 171 43 89 31 121 158 67 121 101 74 171 122 23 164 119 35 104 180 92 93 100 124 146 126 100 38 55 15 178 75 154 169 132 130 113 54 34 106 7 15 126 173 55 110 41 171 4 66 108 27 103 33 129 177 50 160 128 180 5 4 61 79 14 25 94 28 24 71 145 118 70 137 176 173 25 81 165 68 154 53 46 74 117 172 55 101 77 177 145 125 24 153 35 39 122 93 149 116 25 174 57 115 33 113 158 124 120 21 145 153 133 42 114 85 117 136 140 59 114 20 100 139 51 26 86 21 144 25 165 93 84 63 118 106 58 63 160 34 172 81 106 23 160 127 3 136 169 26 131 86 142 53 138 46 49 176 115 111 166 126 46 87 9 53 111 162 121 59 8 124 165 111 27 10 162 177 83 114 12 133 34 107 89 79 63 177 50 136 44 3 29 43 6 146 23 102 34 6 54 50 131 45 28 177 173 143 4 153 74 105 146 89 50 160 94 142 21 133 87 13 155 60 35 141 37 154 24 67 15 144 75 56 104 91 127 45 80 47 79 42 132 31 47 3 144 112 56 29 37 64 99 144 7 70 152 179 110 84 11 178 180 173 179 69 107 107 56 135 68 4 138 64 44 6 121 12 136 10 75 59 79 16 92 160 87 15 69 87 170 53 171 88 87 130 124 95 113 23 43 3 90 112 44 44 120 93 14 107 117 117 47 176 173 173 36 164 168 96 172 129 47 79 160 8 118 51 84 60 135 29 113 8 110 37 103 40 61 20 32 57 39 32 114 141 151 98 95 144 112 108 91 30 93 79 23 114 66 85 134 171 38 69 80 90 41 153 110 30 65 26 48 26 96 176 36 89 179 39 120 36 171 26 115 116 142 1 169 78 43 138 44 125 13 112 18 141 10 29 137 174 34 153 76 69 150 80 130 169 21 108 108 130 159 174 30 178 103 170 84 91 81 110 84 122 49 69 15 117 43 77 179 162 165 172 114 26 149 91 56 75 88 27 128 85 67 107 81 145 90 59 123 84 93 169 131 154 84 155 43 38 2 58 5 59 138 152 39 50 29 114 21 53 44 29 72 147 29 39 20 167 58 119 122 78 147 142 159 121 25 144 98 134 92 92 61 151 51 169 142 106 150 12 79 44 66 65 166 37 17 15 96 87 10 18 6 69 13 125 104 64 9 77 156 108 50 45 114 18 99 79 130 5 135 100 67 100 124 67 75 18 12 96 27 33 142 111 64 136 83 75 13 4 141 131 58 118 43 34 153 81 144 81 165 116 3 130 11 17 46 171 43 145 19 167 156 74 63 32 106 167 30 26 10 165 149 105 37 61 140 16 151 34 138 103 173 121 156 142 68 133 142 104 66 120 104 137 7 34 27 151 68 33 43 74 101 60 33 129 9 48 164 38 24 161 88 144 175 73 124 97 141 97 42 153 125 136 129 155 23 150 120 41 24 34 11 170 161 151 99 52 102 139 25 129 39 136 140 102 79 12 100 178 113 85 84 4 30 105 13 18 126 46 114 168 104 69 1 86 146 109 139 39 173 108 62 19 64 14 16 52 113 68 150 9 82 114 9 127 94 71 98 176 106 97 125 140 171 161 164 35 2 56 151 1 135 47 15 113 7 106 100 172 4 8 4 157 62 151 127 106 37 36 40 100 118 29 34 28 133 91 158 77 168 92 168 16 80 32 81 154 155 120 102 11 31 33 70 175 57 155 119 131 127 79 151 129 40 41 94 109 54 7 53 113 139 75 167 117 105 161 84 69 106 165 117 123 134 109 66 140 150 116 40 37 17 96 114 118 56 32 129 146 126 83 96 140 118 74 157 132 65 34 13 114 89 31 141 114 42 170 18 68 131 28 8 41 20 95 172 5 31 165 139 165 77 146 54 48 160 119 17 42 51 158 134 41 3 5 67 93 154 177 113 119 161 130 176 114 42 95 36 99 66 63 152 128 176 25 77 6 13 90 114 161 115 38 49 131 158 134 154 137 67 86 16 23 55 157 140 157 40 63 146 75 1 125 95 13 139 142 3 98 6 143 101 116 36 118 16 45 56 79 21 28 55 39 121 14 70 34 168 43 87 87 126 19 153 173 168 31 28 74 117 129 79 32 36 41 6 83 8 51 13 149 50 146 34 35 142 47 62 145 42 153 99 86 80 3 37 106 102 51 39 1 94 168 83 41 33 124 10 50 170 132 180 73 62 81 13 72 151 125 116 60 3 115 91 119 129 81 35 22 153 60 129 100 1 85 43 147 25 28 173 45 156 81 24 120 112 15 54 102 128 88 135 105 56 152 106 49 108 168 14 177 120 123 88 89 89 118 98 103 7 12 148 42 125 134 63 173 17 148 173 2 43 119 140 121 97 79 140 161 60 51 146 72 146 91 66 156 8 111 98 8 154 78 106 29 121 24 143 138 46 33 84 41 40 50 36 142 21 46 109 49 91 109 78 3 73 179 121 32 28 22 86 93 155 164 84 48 10 94 151 72 116 124 72 46 138 74 26 102 160 6 96 169 144 108 161 92 47 17 30 105 145 11 53 160 30 71 120 121 112 96 9 78 143 154 15 68 119 162 180 25 58 158 5 18 53 125 63 94 46 2 170 85 156 7 68 36 137 16 109 172 7 77 32 173 81 103 103 177 175 29 15 69 154 152 172 175 155 9 179 8 88 166 38 18 87 124 139 18 85 34 155 154 28 3 110 168 80 21 20 89 134 124 80 2 100 85 15 150 45 78 108 76 96 107 160 38 80 42 88 157 48 36 172 51 4 168 4 73 134 53 79 14 106 16 19 34 133 146 11 72 8 94 124 150 135 118 174 110 106 58 123 92 7 146 107 113 55 31 117 28 66 155 106 42 105 123 50 16 115 66 109 96 57 23 83 169 145 112 148 114 154 81 58 50 177 146 13 137 69 128 37 69 109 98 12 49 93 140 156 151 34 102 6 107 58 130 180 154 179 40 13 58 138 92 117 85 178 68 54 119 75 64 79 68 100 176 104 33
61 64 55 164 71 159 110 117 141 125 59 16 38 51 82 9 27 75 168 59 116 45 73 136 133 47 88 104 60 173 24 92 173 74 107 24 156 14 149 108 148 128 20 27 46 47 47 148 113 9 82 106 12 104 96 121 44 38 52 37 128 74 166 53 44 149 71 143 172 1 168 25 67 67 169 169 173 101 163 83 107 80 164 145 88 99 146 142 13 123 1 99 52 91 166 174 27 175 63 18 83 77 123 130 154 165 85 52 161 84 121 10 46 27 60 73 14 24 5 8 146 63 108 88 53 89 41 172 124 22 22 110 115 100 74 30 174 71 16 143 92 16 28 162 136 102 100 34 89 23 172 17 48 150 29 111 178 97 32 157 33 59 85 112 87 43 132 157 78 58 122 16 43 82 102 91 123 17 76 85 99 82 125 21 123 132 113 23 37 129 112 78 52 21 14 147 100 22 60 85 163 68 10 27 102 96 162 35 76 179 130 97 19 146 44 13 167 69 62 82 151 137 17 87 27 179 45 90 158 77 62 96 1 89 131 72 19 92 177 79 122 157 19 76 43 136 76 43 144 13 95 15 55 72 53 33 18 58 50 167 65 163 158 27 27 54 116 43 99 178 45 15 21 109 67 154 156 156 140 38 116 170 92 113 129 141 75 144 30 99 172 39 174 142 89 100 91 139 88 164 67 88 28 1 166 142 88 43 38 35 126 122 140 108 118 113 157 31 117 176 47 100 90 61 33 37 55 172 88 129 135 93 166 131 150 138 20 13 19 15 32 121 28 72 171 157 74 34 168 141 45 122 46 104 26 174 122 180 73 88 155 33 90 159 147 31 118 129 97 121 170 100 107 86 95 120 28 117 96 87 14 176 70 11 83 165 143 113 46 124 27 130 154 133 76 141 44 84 178 159 121 155 168 116 66 11 166 121 105 62 53 76 114 22 26 128 146 4 25 165 74 155 20 61 36 128 127 125 143 37 61 69 86 167 67 34 55 127 26 112 30 66 40 124 103 89 80 1 72 176 60 177 44 178 66 136 59 71 38 130 50 35 125 61 103 145 49 149 59 97 33 103 77 103 147 136 152 105 116 26 1 34 44 51 21 91 112 153 143 8 36 27 88 29 172 103 133 137 52 134 49 11 160 126 43 151 57 29 82 5 29 43 64 92 96 123 59 60 10 118 128 13 54 169 6 116 35 135 163 162 124 68 11 87 2 175 15 25 80 126 57 62 22 112 157 70 113 154 97 107 152 180 130 119 87 6 89 8 153 50 69 145 132 65 171 141 7 84 47 102 143 27 124 93 106 172 124 144 5 142 33 131 7 109 85 29 105 4 85 107 158 14 29 14 131 174 43 124 63 98 3 36 122 129 168 77 82 158 145 25 176 109 29 160 126 62 26 13 34 85 56 169 112 180 129 59 12 52 117 96 13 74 169 83 140 6 86 175 157 31 31 99 162 138 116 108 87 92 34 104 42 36 68 31 159 15 104 121 115 81 145 51 137 65 137 138 71 103 149 72 74 89 91 55 2 27 72 178 51 136 138 89 8 82 94 103 165 98 99 147 160 84 177 4 150 100 58 114 77 142 65 83 138 145 133 84 55 98 139 75 75 160 68 120 150 21 87 138 118 133 169 91 108 165 8 31 130 153 26 144 131 9 7 152 125 123 114 172 32 176 6 134 97 91 73 91 51 24 131 76 101 80 47 139 114 170 122 44 62 88 81 109 176 176 33 175 53 32 111 164 173 77 68 66 172 171 100 156 95 178 53 116 127 47 168 111 82 86 28 92 180 161 7 123 174 150 126 21 22 142 122 147 99 144 32 46 113 8 72 153 177 35 33 24 124 110 58 105 95 56 45 164 97 167 173 168 169 176 98 155 70 70 158 16 102 128 124 107 167 103 27 157 8 12 13 44 78 94 96 109 96 142 43 157 9 59 132 93 42 79 122 87 2 12 168 111 115 145 169 50 90 60 169 145 45 65 169 160 156 164 63 111 177 16 132 41 42 116 37 173 58 167 99 167 1 23 43 81 121 54 95 56 50 134 1 76 135 65 39 46 109 50 55 13 140 151 66 180 10 83 26 90 1 42 126 21 48 98 13 92 117 75 179 28 14 18 110 37 18 176 84 153 177 114 101 115 2 131 46 76 39 103 135 111 177 83 53 38 29 63 138 15 87 32 128 116 148 134 104 56 10 26 100 127 169 52 64 124 145 131 90 67 5 36 34 167 43 176 46 146 115 19 65 110 75 51 1 175 40 54 39 11 174 110 99 171 4 111 49 18 23 17 107 152 21 18 88 2 34 85 103 105 70 125 54 66 160 164 161 150 27 100 142 140 180 171 130 43 80 124 97 12 12 40 110 95 75 131 160 177 80 119 123 138 99 125 101 170 110 167 129 34 45 81 118 60 26 121 141 138 91 38 42 36 143 170 19 116 99 125 135 175 114 175 122 65 115 80 57 112 127 145 15 113 13 45 96 7 145 146 13 95 112 79 27 159 60 17 59 37 118 166 104 84 165 93 19 69 96 68 8 13 179 23 10 69 52 169 169 143 74 139 170 175 71 172 151 111 126 94 61 22 145 80 41 50 165 56 84 25 89 80 30 43 14 154 29 138 173 33 113 114 109 3 102 161 2 110 172 61 84 167 114 164 20 174 162 38 163 32 152 43 142 113 171 130 27 149 120 35 147 62 95 136 162 13 50 69 59 71 155 47 138 53 180 111 127 113 175 127 24 15 3 120 47 7 57 81 175 118 52 153 34 141 149 69 50 141 158 117 146 58 116 57 135 8 82 115 168 26 101 28 100 42 89 174 84 113 60 60 53 93 125 121 58 120 120 43 56 159 138 55 172 129 125 177 22 12 77 48 101 76 125 139 46 67 31 15 75 3 171 105 3 84 124 13 168 48 166 145 19 71 50 119 134 153 124 53 147 154 144 166 44 94 153 43 53 43 85 24 74 143 170 176 65 94 48 152 138 149 91 100 23 78 176 55 63 87 35 146 67 69 101 38 88 93 21 168 106 40 111 43 84 147 139 50 166 4 92 110 144 90 137 142 114 66 13 70 61 17 164 150 25 53 154 80 77 16 37 15 94 100 34 54 41 67 111 71 172 103 104 154 49 74 66 2 162 144 60 139 89 47 37 17 29 86 90 180 150 130
0.4
0.4
0.3
0.4
0.3
0.4
0.3
0.3
0.4
0.3
0.2
0.3
0.3
0.3
0.3
0.4
0.3
0.4
0.2
0.2
0.3
0.2
0.3
0.3
0.3
0.4
0.3
0.4
0.4
0.3
0.3
0.2
0.3
0.4
0.4
0.4
0.3
0.2
0.3
0.4
0.2
0.4
0.3
0.2
0.4
0.3
0.2
0.3
0.4
0.3
0.3
0.4
0.3
0.4
0.2
0.4
0.4
0.2
0.3
0.3
0.3
0.3
0.3
0.4
0.4
0.3
0.3
0.4
0.4
0.2
0.3
0.2
0.4
0.3
0.4
0.2
0.2
0.3
0.3
0.4
0.2
0.3
0.3
0.3
0.3
0.2
0.2
0.3
0.3
0.3
0.2
0.2
0.2
0.4
0.3
0.3
0.2
0.2
0.3
0.3
0.3
0.3
0.2
0.4
0.3
0.3
0.3
0.3
0.3
0.4
0.3
0.4
0.2
0.3
0.3
0.3
0.2
0.3
0.2
0.3
0.3
0.4
0.3
0.4
0.3
0.3
0.3
0.4
0.3
0.3
0.3
0.3
0.3
0.3
0.3
0.4
0.3
0.4
0.4
0.2
0.2
0.2
0.2
0.3
0.3
0.2
0.3
0.4
0.2
0.4
0.4
0.2
0.4
0.3
0.2
0.2
0.3
0.4
0.2
0.2
0.4
0.3
0.4
0.3
0.2
0.2
0.3
0.3
0.3
0.4
0.3
0.4
0.3
0.3
0.4
0.3
0.3
0.2
0.3
0.3
0.3
0.3
0.2
0.4
0.4
0.3
0.3
0.3
0.3
0.2
