70 12
15
19812
17408
17959
18080
18418
19963
19264
18432
19506
17553
19791
18224
17892
19150
19378
3.2 27 20 1.7
4.1 44 53.3 2.1
1.1 41.3 86.4 1.7
2.4 40.4 44.6 1.9
3.6 18 71.9 1.8
4.5 30.5 64.4 2.5
3.2 34 19.8 2
1.2 17.5 6.7 2.2
2.5 26.3 13 2
2.1 14.2 18.3 1.8
1.8 49.2 57.3 2.5
4.8 34.4 45.1 2.3
3.3 33.8 33.5 1.6
4.5 19.5 44.2 1.9
1.1 15.2 38.4 1.9
1.3 21.4 29.6 1.9
4.1 48.1 16.7 2.1
3 10.6 47 1.6
3.7 35.9 19.7 1.8
3.8 10.3 19.3 2.5
2.1 18.4 87.7 1.7
2.5 49.4 87.4 2
3.3 33.9 36.6 2.2
4.5 29.4 74.1 1.6
3.4 29.7 5.1 2.2
5 23.5 83.7 1.9
1.1 37.5 80 1.6
1.2 15.5 42.3 1.7
3.6 48.3 27.2 1.6
1.1 34 20.2 2.3
4.3 26.6 45.7 1.8
2.9 47.6 18.2 2.1
1.6 37.5 83 2.1
1.2 28.2 78.7 1.8
4.4 15.7 58.1 1.5
1.4 10.8 87.1 2.1
1.7 22.7 79 2.1
4.5 12.2 10.6 1.7
3.4 44.9 90.3 1.8
3.2 31.5 70.9 2.1
3 16 37.9 2
3.8 36.1 32.3 2.1
4.2 12.9 43 2.4
3 44.3 52.1 2
4.8 17.1 78.3 1.8
1.1 27.6 43.7 2.4
2.1 45.2 46.2 1.9
2.2 32.7 55.9 2.2
4 18.3 24.1 1.8
1.6 16.3 23.5 2.1
4.3 26.8 44.7 2
2.6 33.9 22.2 2.1
3.4 14.8 10.6 1.7
4.5 42.5 30.5 1.7
1.7 45 32.5 2.3
2.6 12.6 31.2 1.8
1.5 24.5 77.4 2
4.2 46.3 36.7 2.1
4.4 31.5 90.2 2.1
3.4 34.4 9.9 1.7
4.9 26.4 24.3 2.3
1.3 29.2 30.4 2.4
4.7 38.9 25.6 2
2.9 48 66.3 2.3
4.1 17.9 37.3 2
4.2 17.7 74.3 2.5
2.8 19 63.3 1.5
4.8 19.8 6.4 1.6
2.5 18.9 61.7 1.5
3.7 14.8 79.7 1.5
2.8 13.4 26.6 2.1
2.6 38.9 47.1 2.2
2.1 13.9 50.5 2.1
4.9 31.5 87.4 2.3
3.9 46.4 31.1 2
4.9 45.4 7.9 2.3
1.4 21.8 34.8 2.5
2.8 39.5 63 2
4.1 24.6 39.3 1.6
2.9 49.9 15.7 2.4
2.5 19.8 27.6 1.6
1.5 33.7 47.1 1.7
1.5 11.3 70.8 2.5
1.4 39.9 66.4 1.9
1.6 39.5 62.7 2.4
2.7 43.6 92.3 2
1.2 10.1 27.1 1.6
1.6 32 21.3 1.7
4.4 27.5 64.6 1.6
1.5 11.4 55.4 2.2
2 21.5 77.6 2.3
4.3 39.2 72.6 1.7
3.5 34.1 51.7 2.2
3.8 32.5 92.8 2.4
3.2 35.4 94.7 2.4
1.9 42.6 37.5 1.6
2.4 33.6 7.4 2.2
4.9 47 74.5 2.3
2.5 36.1 88.4 2.2
4.6 35.5 21.2 1.7
1.6 19.8 52 2
1.7 45.1 35 2
1.2 26.5 69.4 2.4
4 13.2 82.4 2.2
4.5 23.8 29.3 2
1.8 41.3 10.4 1.5
4 32.8 5.7 2.1
1.4 29.5 83.5 1.5
1.4 43.1 17 1.6
4.5 21.7 10.3 2.2
1.3 13.5 54.3 1.5
3.2 37.4 61 2.3
3.9 31.6 75.2 1.6
2.6 25 14.7 2.2
4.1 10.1 45.4 1.5
2.5 45.7 35.2 2.2
2.7 12.5 20.5 2.5
1.3 35.1 30.4 2
3.9 32.3 27 2.1
3.4 31.3 42.8 1.9
3 41.2 75.6 1.7
3.9 21.5 21.5 2.3
2.1 38.3 79 2
1.1 17.6 53.1 2.1
1.1 22.7 35.6 2
4.6 47.9 76.1 1.8
2.1 43.1 42.5 2.4
3.7 33.5 83.6 1.8
2 41.2 53.8 2.1
1.9 43.1 56.2 2
4.2 28 84.5 2
4.5 27.4 41.5 1.7
2.1 13.1 50.6 2.1
1 23.5 64.5 1.6
1.3 37.1 41.1 1.5
1.9 33.3 12.9 2.1
1.5 20.1 50.9 1.5
1.3 49 9.5 2
1.3 15.5 13 2
3.4 40.5 60.4 1.6
1.6 28.6 54.1 2.2
1.6 49.6 31.2 1.7
3.9 21 6.5 1.9
2.7 31.2 75.6 1.5
1.2 14.1 9.5 2.5
2.2 47.3 30.8 1.7
3.4 25.9 66.2 1.7
2 11.3 71.8 2.1
1.6 23.1 67 1.7
1.4 45.8 21.7 1.6
3.7 16 13.6 1.9
1.7 34.8 20.8 2.3
3.3 43.2 52.3 1.9
1.6 29.5 10.2 2.4
4.6 24 27.6 1.7
2.9 37.2 55.5 1.9
4 33.1 25.5 1.6
2.8 27.4 69.3 2.1
1.4 19.3 17.7 2.1
3.6 32.1 72.1 2.5
3.1 16.2 58.9 2.4
3.9 30.4 30.2 1.6
3 15.6 64.5 1.8
4.9 18.8 5.6 2
5 25.9 83.1 2.3
3.6 29.2 24.9 2.3
1.6 48.9 37.2 2.2
2.1 10.5 17.5 1.7
5 12.7 90.5 1.6
2.8 30 60.3 1.7
4 30.9 16.5 2.3
1.2 34 94.9 2.5
1.5 23.1 41 1.6
1 25.6 77.7 2
4.1 14.8 58 2.4
3.2 45.1 37.6 1.5
2.1 27.5 86.9 2
4 19.7 41.2 1.8
2.8 31.3 86 2.1
4.7 14.9 45 2.4
3.3 14.6 80.8 2.1
1.5 38.6 50 1.7
1.1 13.8 31.6 2.2
2.3 46.5 56.5 2.5
2.1 32.8 86.3 2.3
2 38.2 63.3 2.2
3.3 10.2 8.4 2.4
3.7 16.4 12.9 1.6
3.5 15.6 34.4 1.8
4.7 30.2 86 2.5
1.1 34.8 27.6 1.9
3.4 26.1 10.4 1.9
1.8 31.4 32.9 2.4
2.3 41.7 52.2 2.4
4 20.8 52.2 2.4
2.9 40.6 20.4 1.7
4 23.7 18.6 1.7
1.7 14.6 32.6 1.7
2.5 20 82.6 2.2
1.4 13.9 9.2 1.8
3.2 45.7 44.8 1.6
2.2 14.7 92 2.2
2.7 31.2 90.1 2
3.8 38.8 5.4 2.5
1.3 22.4 75.1 2.1
3.7 31.9 89.8 1.8
2.3 30 62.2 2
1.9 35.3 8.7 2
3.9 19 15.1 2
5 36.3 85.1 2
2.5 26.6 76.7 2.3
1.4 18.9 14.8 2.4
1.2 20.8 81.6 2.5
1.9 37.9 16.7 2.1
4.2 26.7 88.4 1.9
1.6 26 86.4 2.1
4.6 29.4 59.7 2.2
3.6 12.2 35.3 1.8
2.2 40.9 33.4 2.2
1.2 29.2 38.7 2.3
3.7 12.9 91.7 2.5
1.3 49.6 80.9 2.1
4 33.1 68.2 2.5
4.1 27.3 83.6 2.2
1.7 23 25 1.7
2.6 29.8 11.5 2.3
2 41.3 91.3 2.2
4.4 19.7 12.7 1.6
2.5 12.7 54.7 1.6
1.4 32.5 30.5 2.4
4.5 28.3 83.5 2
3.7 37.2 79.1 2.4
3.6 40.1 55.5 2
3 30.8 5.9 1.5
2.6 43.3 47.2 1.7
2.9 38 93.8 2
1.9 30.3 29.5 1.7
4.8 34.4 25.2 2.1
2.5 27.9 84.7 1.8
2 13.8 50.8 2.2
3.1 11.3 12 1.8
3.3 36.5 93.5 2.2
4.7 47.2 11.6 2.3
1.6 24 19 2.2
1.1 15.8 31.5 2.1
1.9 47.7 18.7 2.5
3.2 34.3 85.3 2.3
4.3 47.9 41.6 1.7
4.9 41.1 15.8 2.5
2.1 32.6 35.3 1.8
3.5 46.3 34.9 1.8
2.7 28.1 67.2 2.2
3 49.4 7 1.9
4.2 19.2 6.3 2
4.6 49.5 87 2.4
4.2 33.4 92.4 2.3
2 31.2 62.4 1.6
1.2 29.2 20.5 2
2.4 20.6 55.9 2.4
2.2 43.7 21.4 2
4.4 12.1 12 2.4
1.2 46 20.2 2
1.6 21.6 88.2 2.2
1.4 16.2 5.9 2.1
3.1 31.8 6.7 1.6
1.4 11.7 65.3 1.6
4.6 30.8 20.1 2.3
4 15.5 58.6 2.2
4.3 21 26.6 2
3.9 23.8 86.2 1.9
2.6 36.3 31.4 2.3
1.4 39.2 9.6 2.2
4.2 31.5 17 2.1
3.2 27.2 31.3 1.5
3.7 12.7 54 2
1.1 29.4 48.1 2.1
1.2 27.2 58.4 2.4
4.1 37.7 84.1 2.4
1.7 30.5 94 2
4 23.2 15.6 1.6
4.1 33.5 60.7 2.1
4.7 47.1 25.1 1.8
2.2 32.8 68.4 1.8
3.8 23.3 92.5 2.1
3.5 34.6 24.5 1.6
2.6 35.6 83.3 2.1
4.9 31.2 38.4 1.8
1.5 36.9 93.5 2.1
3.8 15.3 54.2 1.8
3.5 14.3 6.4 1.7
2.5 49.8 82.4 1.9
1.9 44.9 9.8 1.5
1.5 34.8 88.2 1.6
3.3 39.7 43 1.7
1.6 15.7 59.1 1.7
1.7 33.8 54.9 1.7
2.1 24.5 14.9 1.8
4.3 48.1 6.8 1.6
4 14.8 21.7 1.6
2.1 10.4 29.6 2.3
3 26.3 75.6 1.7
4.1 17.6 21.1 2.5
2.6 31.9 66 2
4.7 31 28.4 2.4
1.2 39.5 75.2 2.2
1.8 32.1 93.5 2
1 48.1 62.4 2.3
1.1 35.7 29.6 2.2
1.9 47 86.7 2.3
1.6 33.3 70.8 2
2.9 36.5 26.8 1.8
1.9 42.6 41.1 2.4
1.5 21.7 60.3 1.6
2.4 46.2 92.9 1.7
5 45.6 75.1 1.6
3.1 16.4 38.2 1.8
1.1 39.7 53.5 2.2
4.8 13.6 84.9 2.2
3.1 14 45.2 2
1.1 41.8 13.3 2
3.4 24.8 82.7 1.7
2.9 47.6 57.2 2.5
1 22.4 5.5 1.6
1.2 49.1 69.8 2.1
3.9 45 32.3 2.4
1.9 19 90.7 1.8
2.8 40.1 44.5 2.4
3.3 43.7 39.5 2.3
3.6 37 73.9 2.3
2.5 46.1 86.6 2.1
2.3 40.3 68.9 2.3
3.5 40.8 71.4 1.5
2.5 29.9 56.3 2.4
4.6 25.8 83.2 2.5
2.3 44.8 34.8 2.4
2.5 16.1 91.5 2.4
1.2 13.1 79.5 2
3.9 36.5 42.7 1.8
2.3 11.8 65.7 2.3
4.5 11.2 53.8 1.9
2.3 22.7 19.1 2.1
5 14.4 70 1.6
3.2 35.9 36.3 1.9
1.6 26.4 80.8 2.5
3.9 16.1 59.8 1.6
4.4 18.9 33.2 1.5
2.5 34.6 44.6 2.1
4.7 15.5 30.7 2.1
4.9 13.4 33.5 2.5
1.1 16 56.5 1.8
2.5 15.8 51.4 2.5
4.6 10.5 62.5 1.8
2.2 25.4 26 1.6
4.6 21.8 49.6 1.6
4.5 23.5 42.4 1.6
3.8 28.7 29.7 1.9
4.1 36.9 45.8 1.5
3.7 38.5 37.6 2.3
3.7 36.2 52 1.5
4 17 89.8 2.1
4.4 16.6 20.9 2.3
2.1 48.2 6.4 2.4
1.3 19.8 44.3 2.4
4.9 35.5 64.4 2
3.2 16.1 19.7 1.6
2.9 23.7 36.6 1.9
1 49.3 6.2 1.9
2.4 49.8 75.2 2.4
1.9 13.1 13.1 2.2
3 16 16.5 1.6
2.6 10.5 44.2 1.9
3.6 27.4 64.2 2.2
2.4 19.6 68.9 1.6
1.9 29.2 86.8 2.3
1.8 34.1 10.6 1.7
3.1 12.3 93.8 2.2
2.9 23.2 42.4 1.9
1.8 12.5 24.4 2.1
3 28.2 61 2
1.5 37.7 90.6 1.6
3.2 13.2 5.2 1.6
1.9 25 73.9 2.5
2.7 24.5 59 1.6
3.9 18.2 58.6 2
2.8 18.2 11.9 2.1
4.2 29.8 22 1.8
4.4 20.1 67.4 1.9
4.4 24.4 41.5 2
3 18.4 21.3 2.5
2.1 10.2 19.8 1.7
3.4 27.9 83.1 1.9
4.1 35.3 28.2 1.9
1.6 40.2 46.6 2.4
1.2 33.8 9.5 1.9
2.4 40.2 64 2.3
2.6 14.6 68.4 1.7
4.3 19 77.7 2.3
3 28.5 58.8 2.1
2.1 50 90.1 2
5 26.2 77.5 2
3.5 18.6 87.1 2.5
1.8 19.1 19.7 1.7
1.5 47.9 61.3 2.2
4.3 42.7 60.7 2.2
3.6 38.4 44.8 2.1
4.9 38.9 94.6 1.9
2.2 42 43.3 2.4
3.5 12.9 14.2 1.7
3.8 18.5 17.1 2
4.2 29.3 37.9 2.1
4.5 39.7 84.9 2.4
2.3 26.1 13.4 1.9
2.4 46 59.6 2
1.8 41.6 6 1.7
2.1 24.5 33.2 1.8
2.7 48.1 93.8 2
1.2 41.8 7.5 2.2
3.5 46.5 84.1 2.2
4.8 16.9 79.3 2.2
4.6 39.3 36.8 1.8
3.2 49 53 2.5
1.1 36.5 55.2 2.2
3.1 48.2 11.5 2.3
2.4 28.9 77.8 2.4
3.3 48.9 14 2.3
3.7 39.9 60 2.4
2.2 20.7 72.9 2.2
3.6 44.5 78.9 1.8
4.6 48.6 17.2 1.8
3.8 44.4 91.7 1.6
3.9 21.2 6 1.9
4.5 30.3 75.4 1.9
2.5 46.9 50.6 1.6
4 34.9 31.7 1.6
3.2 27.6 17.3 1.9
1 44.9 79.6 1.7
2 25.1 91.7 2.3
3.8 18.7 43.8 2.2
2.8 33.9 78.6 2.1
3.4 28 39.4 2
2.1 37.9 27.7 1.5
2.8 17 20.2 1.9
2.4 18.4 18.4 2.1
4.9 15 23.7 1.9
1.9 49.9 47.3 2.3
2 24.6 35 2.3
3.8 34.1 71.9 2.2
2.3 42.7 11.9 2.2
2.5 22.6 19.4 2.2
1.8 16.8 18.2 1.7
3.4 28.2 50.5 1.9
1.1 32.2 41.7 1.9
4.2 18.9 16 2.3
4.9 31.5 38.6 1.9
4.7 10.1 63.4 1.8
3.1 45.5 49.1 1.8
1.1 27.7 68.8 2.4
1.1 47.2 78.4 1.9
1.9 41.7 78.6 1.6
1.4 40.3 72.4 2.2
3.2 38.4 61.9 1.9
4.2 49.2 91.8 1.9
3.8 22.5 51.6 1.8
5 22.5 91.8 2
1.2 27.5 21.2 2.1
4.4 30.3 15.8 2.1
1.1 32.5 13.8 1.5
1.2 23.6 29.2 1.5
4 24 76.4 1.7
2.6 41.1 83.4 2.3
2.3 21 27.4 1.6
3.7 20.9 5.4 2.5
2.1 26.6 64.4 1.6
5 34 78.9 2
3.3 47.7 31.5 2.4
2.5 41.6 15.9 2.3
2.2 47.8 79.5 2.2
4.9 49.1 89.8 2.1
3.3 11.3 19.6 2.4
1.4 47.4 30.9 1.5
3.4 36.2 64.8 2.2
3.8 25.8 80.3 2.4
1.6 45.3 33.5 1.7
1.6 35.1 11.5 2.1
3.6 34 13.7 2
4.5 31.1 73.1 1.6
3.3 33.5 37.1 1.7
3.6 45.2 89.2 2.2
2.8 48.7 76.6 1.9
1.3 30 40.4 1.9
1.8 47.3 27.8 2.3
2.1 48.5 46.6 1.9
3.1 42.4 76.3 2.2
3.3 44.7 70.3 2.1
3.8 15.1 33.6 1.6
1.7 36.7 13 1.9
3.9 31.8 34.7 1.9
1.7 30.4 34.9 2.1
4.7 29.5 43.7 1.8
4.2 11.6 45.7 1.7
2.1 38.8 36.8 1.6
2.2 36.4 56.6 2.1
4 24.4 12.9 2.1
3.1 48.2 49.6 2.2
1.9 24.7 43 2.3
1.6 47.5 61.4 2.2
1.9 31.5 20.1 2.2
3.7 15.5 29.9 1.7
2.4 28.5 71.4 2.4
3.7 35.3 13.9 2.4
3.8 20.4 39.2 2.4
1.7 20.4 41.7 2
1.1 20.3 90.4 1.7
2.2 39.2 28.3 1.8
4.1 38.8 23.3 1.7
2.9 37.2 88.7 2.2
1.4 49.4 30.1 2.3
4.4 11.3 70.8 2.2
1 13.7 61.9 2.4
1.6 29.3 70.3 2.2
2.9 33.6 16.8 1.8
2.5 32.7 44.1 1.9
2.5 46.4 42 1.6
5 12.6 89.4 2.4
1.6 46.2 41.9 2
4.7 35.4 44.1 2.4
3.3 11.2 77.1 2
4 42.6 62.8 1.7
2 15.8 64.6 2.2
4.3 30.1 71.6 1.9
2.7 17.7 54.2 2.2
1.4 35.7 81.4 2.1
2.2 43.9 84.2 2.4
1.6 46 64.4 1.9
1.6 46.2 38.8 1.9
4.4 12.9 65.4 1.8
4.9 48.3 20.3 1.9
2.9 26.4 50.9 1.8
3.8 14.4 70.4 2.1
3 15.8 77.4 2
2.2 30.9 46.5 1.9
1.4 18.2 78.4 2
3.5 47.1 18.5 1.8
1.9 15 60.1 1.5
2.6 27.9 58 1.8
1.1 40.4 37.8 2.2
4.8 41.4 58.4 1.7
4.4 12.8 10.7 2.3
1.8 21.6 10.2 2
4.4 15.1 64.6 1.6
4.1 14.4 30.4 1.5
4.9 44.6 87.6 2.1
1.5 39.1 56.3 2.4
2.1 16.2 50.8 1.9
1.7 47.3 48.8 2.2
2.8 31 5 1.5
4.8 24.9 72.8 1.6
4.2 32.8 36.2 2.2
3.8 11.2 15.4 2.4
4.3 30.5 18.5 2.4
4.4 47.6 34 2
1.3 15.1 53.6 2.3
2.2 38 43.2 1.7
3.8 36.2 85.1 1.6
1.4 36.1 84.1 1.7
3.9 17 54.4 2.3
3.7 39.1 31 1.8
2.8 13.6 14.1 2.3
1.4 34.2 28.8 2
1.1 26.7 80.8 2.3
3.9 39.4 84.3 2.3
3.3 33.8 34.2 2
3.1 28.8 91.9 1.6
1.7 30 50.4 2.1
3.1 17.1 37.8 2.4
3.7 49.5 18.8 1.9
2.4 33.5 32.7 1.8
3.4 13.3 11.4 2.5
1.7 44.4 53.4 1.9
1.5 27.7 29.7 2.1
4.4 39.5 59.1 1.7
2.1 48 57.3 1.8
1 17 13 1.6
3.8 33.6 21.8 1.9
2.6 38.5 9 2.4
4.5 33.4 33.6 2.2
3.9 42.7 10.7 2.4
4.9 44.9 73.8 2
1.5 42.4 47.4 2.1
2.1 24.6 16.7 2.2
2.5 29.5 36.3 2
2.8 11.2 46.5 2
3.3 39.5 88.2 1.8
3.7 47.9 21.3 2.5
3.4 26.3 86.4 1.5
4.1 22 78.9 2.4
4.1 40.7 15.1 1.7
3 36.4 19 2
5 45.4 70.2 2.5
3.2 11.1 19.1 2.5
3.8 47.3 42.4 1.8
1.5 31.6 35.2 2.1
4.6 42.2 69.1 2.2
4.2 47.7 26.7 2.4
3.4 47.3 68.9 2.2
1.6 26 87.6 2.3
3.4 44.9 50.2 2
2.8 34.3 82 2.2
4.1 26 52.5 2.2
2.1 23.9 42.1 2.3
3.3 16 56.8 2
1.2 10.3 30.9 2
3.8 46 33 2.3
2.9 48.7 58.1 1.5
1.7 32.9 93.6 2
4.4 39.9 92.2 1.9
2.6 11.5 56.3 1.9
3.9 11.4 94.5 1.5
2.6 31.8 67.6 1.9
3.5 15.3 7.2 2
2.2 47.2 32.5 1.9
3 27.2 65.6 2.2
3.2 17.9 89.3 2.4
1.6 16 58.7 2.4
1.1 42.6 44.3 2
3.2 38.9 30.9 2
2.3 43 77.2 1.7
5 14.2 29.3 2.1
4.9 48.3 7.2 1.7
1.9 38.8 84.4 2.4
4.9 15.9 6.2 2.3
2.1 23.7 24.4 1.8
2.8 12.7 90.5 1.5
2.2 17.2 22.5 2.3
1.9 35 68.1 2
3.1 24.3 12.9 1.5
3 30.7 49 1.7
4.3 48.6 41.4 1.7
2.3 28.4 60.7 2.4
3.7 30.4 74 1.7
1.3 10.5 25.1 2.2
3.5 24.6 84.9 1.8
1.3 36.4 15.4 1.8
3.1 19.7 63.7 1.5
2.6 11.5 75.2 1.6
1 16.2 69.2 2.3
1.6 44.9 27.4 2
1.7 46.3 5.6 1.6
1.4 44.4 66.9 2.1
2.8 47.5 64.8 2.3
4.2 43 87.6 1.9
4 21.1 49.2 2.4
1.6 24.2 70.6 2.2
1.6 13.5 18 1.7
4.9 10.3 34 1.9
4.8 44.1 34 1.6
3.3 28.9 43.4 2.5
1.4 32.1 63.6 1.5
4.9 24.1 15.2 1.8
1.5 34.9 64 1.7
1.5 19.3 21.1 2
1.9 47.8 14.9 2
2.7 11.9 76.5 2.5
4.8 27.1 8.7 1.6
3.9 21.6 34.8 1.6
1.4 19.8 58 2.3
4.3 35.8 69.7 2
2.9 31.4 93.4 1.8
2.9 14.3 81 2.1
4.2 43.2 67.4 1.9
4.7 35.4 29.2 2.2
1 17.2 15.1 1.8
3.1 34.3 19.2 2.2
5 20.9 61.2 2.3
2.2 42.9 55.3 2.4
1.1 12.5 87.5 1.5
3.6 10.3 81.1 1.9
4.4 45.3 68.8 2.4
3.1 35 54.3 2.2
1.5 14.1 72.7 1.6
1.4 44.2 64.5 1.7
1.9 49 85.5 1.7
2.6 30.5 87.2 2.5
1.8 47.5 79.1 1.8
2.2 36.4 94.7 1.8
1.9 47.4 53.9 2.3
3.4 42.7 65.2 1.9
3.7 38.4 79.9 1.9
4.3 40.1 12.3 2.4
1 12.5 18.9 1.8
2.2 17.5 81.9 1.6
4.6 23.8 81.9 2.1
2 28 66.3 2.3
2.2 24.9 87 1.8
4.2 38 23.4 1.7
3.3 25.4 63.1 2.2
1.2 33.1 65 1.6
4.2 35 20.1 1.9
4.5 32.9 90.8 1.6
1.5 18.8 53.9 1.6
2.2 10.2 57 2.4
3 21.5 62.8 2.3
4.1 14.6 20.5 1.5
3.5 22.7 58.4 2.2
1.7 28.3 90.7 2.5
4.6 49.5 72.9 2.2
3.8 35.6 55 2.3
2.2 20.2 5.3 2
4.6 34.1 59 1.9
3 30.4 6.4 2.2
3.4 40 50.5 2.3
1.6 47.1 87.9 1.7
2.9 36.6 78.2 2.3
3.4 48.3 78.8 1.8
4.9 34.2 81.6 1.5
3.8 33.5 80.2 2
3.3 41.5 86.7 2.2
4.5 25.1 31.9 2.1
2.8 11.5 34.8 1.9
3.7 33.6 20.6 1.9
3.4 41.3 21.3 1.8
3.9 13 26.5 2.3
2.5 27.2 54.1 1.8
1.3 32.7 15.7 1.6
1.7 31.7 59.3 2.4
4 47.8 79.4 1.8
1.3 26.5 54.6 2.4
2.7 38.5 23.3 2.1
2.1 19.5 12.2 1.7
1.6 34 55.5 2
3.9 49.3 30.1 1.9
4.3 14.4 11.4 2.1
1.5 38.3 26.2 2.4
3.6 27 46.2 1.8
3.1 41.5 50.9 2
3.9 23.9 29.4 2.3
1.4 16.6 35.5 1.6
4.4 13.8 33.4 2.5
4.3 28.8 14.4 2.2
3.6 43.3 33.8 1.7
4.5 46.1 47.5 2.1
3.6 43.2 41.7 1.8
1.3 38.9 36.2 1.7
5 10.5 87.9 1.7
3.1 26.5 38.8 1.6
4.6 20.4 42.6 2.5
1.8 47.4 48.7 1.8
2.6 22.2 26.9 1.9
1.6 47.5 53 2.2
4.6 18.1 10.4 2
2.4 20.1 74.5 1.7
3.8 16.1 82.2 1.9
4.1 37.6 33.4 2.2
2.9 49.8 29.9 2.5
2 36.7 14.5 1.8
3.5 37.6 86 1.9
1.4 11.4 6.5 1.7
2.1 34.3 65.1 1.5
3.9 29.1 15.4 1.8
3.8 24.9 33.7 1.9
1.8 24.4 56.8 1.7
1.4 38.9 64.7 2.5
4.5 43.2 13.2 1.8
4.2 31.1 89.2 2.2
4 30 9.6 2.3
1.5 21.2 79.7 1.6
3.2 32.6 71 2.2
4.6 18.7 63 2.3
4.9 39.8 25.1 1.7
4.2 14.1 64.4 2.4
3.7 14.2 90.8 2.1
3.7 30.9 51.1 1.9
1.6 34 70.3 1.7
2.3 19.1 86.9 1.7
3 49.9 49.2 2.5
1.7 26.7 12.2 1.6
1.8 24.6 51.6 2
4 39.7 21.3 2
2.7 12.1 68.1 1.9
3.4 39.6 23.2 2.2
2.8 35.8 68.9 1.9
2.2 11.4 32.6 2.2
1.2 39.5 40.2 1.8
1.2 49.4 81.5 2.4
2.4 41.8 14.5 2.4
3.6 35.2 33.5 1.6
3.8 30.5 46.5 1.9
1.4 32.5 94.1 2.2
4.5 18.8 84.8 1.9
4.4 45.8 14.2 2
2.6 16.1 62.8 2.1
2.7 13.1 55.3 1.9
1.7 30.7 88.7 2
1.6 45.7 6.9 2.3
4.2 39.9 19.7 1.7
4.8 13.7 11.4 2.5
4.4 39.2 52.2 1.9
1.1 19.5 69.1 1.5
2.4 31.6 83.1 1.6
4.2 45.2 59.9 1.9
1.8 49.2 30 2.3
4.4 47.4 26.8 1.9
1.7 30.4 23.7 1.6
1.2 34.1 24.1 1.9
1.6 27.2 26.1 1.6
4.4 30.9 51.2 1.8
3.9 12.3 90.2 2.4
3.1 46.5 20.5 1.7
4.3 38.8 40.1 2.5
1 40 32.2 2.3
3.7 10.6 51.1 1.7
3 18.3 10.2 1.8
2.1 30.2 27.9 2
4.9 27.8 27 1.9
1.2 39.2 22.3 2.4
2.8 15.2 77.1 1.7
5 17.9 5.6 2.2
3.8 28.1 48.3 1.7
4.5 31.2 46.3 2
3 45.3 13.6 2
3.3 13.3 28.4 2.2
1.3 46.2 63.8 2.3
4 26.7 22.3 1.9
1.3 23.6 44.4 1.6
2.4 35.3 72.7 2
2.1 45.6 61.5 1.9
2.3 41.6 5.6 2
2.8 47.3 86 2.3
3.8 20.2 12.5 2.3
1.1 11.5 84.3 2
2 25.4 90.5 2
3.2 17 8.2 2.3
2.2 35.5 17.9 2.1
4.7 47.2 39.3 1.9
2.6 44.3 90.8 2.4
2.9 48.8 50.2 2
1.3 34.2 92.4 1.8
4.6 22 71.8 1.7
2 27.7 20.1 2.1
3 29.8 6.1 2
3.4 45.8 12 1.6
4 29.2 13.7 2
1.5 44.9 69.8 2.3
3.5 40.6 78.6 2.2
3 44.7 50.2 1.8
2.4 45.3 37.2 1.5
4.3 10.8 12.7 1.6
1.7 32.2 55.5 1.6
3.8 34.4 52.4 1.8
1.3 11.3 94.3 1.6
1.3 21.3 14.6 2.3
1.7 16.4 66.7 1.6
1.4 46 92.2 1.8
3.5 14.9 25.4 2.1
3.3 10.7 59.4 1.8
1.8 25.5 94.5 1.8
1.3 26.1 72.7 2.3
4.2 12.2 86.1 2.1
4.1 33.5 9.8 2.4
1.4 24.6 88.2 1.6
4.6 35.1 56 2.4
3.9 41.8 13.1 2.4
1.3 42.1 87.8 1.9
2.7 21.9 93.8 1.6
2.1 17.5 38.7 2.2
4.8 12.3 10.9 1.8
1.5 35.5 9.6 2.3
2.2 14.8 60.1 1.8
4.5 41.5 59.2 1.5
1.2 43.8 32.3 1.5
4.8 30.2 90.8 1.9
1.5 23 26.2 1.8
2.3 11.4 66.7 2.2
2.4 17.9 7.3 1.8
1.3 17.5 12.7 1.6
1.2 32.7 53.4 1.6
4 42 39.6 2.3
3.3 12 27.2 1.7
3.7 11.4 59 2.3
4.6 39.7 86.4 1.7
1.9 18.4 59 2.1
1.6 12 65.8 2.2
1.3 14.7 84.1 1.8
4.9 22.3 94.7 2.1
4.2 39.9 43.9 2.2
3.5 41.5 19.8 2.1
1.5 25.9 71.5 2.5
4.5 20.5 70.2 2.2
4.2 12.2 56.5 2.4
3 15.3 60 2
2.8 28.4 68.5 2.3
3.1 40.9 10.3 2.3
1.6 34.3 9.1 2.5
3.1 29.8 92.1 1.5
1.9 17.6 19.5 2.3
4.1 16.7 58.3 2.1
3.3 45.1 19.5 2.4
2 44.9 89.8 1.6
1.1 23.7 22.4 1.8
2.7 26.4 18.8 2
3 36.3 25.3 2.4
1.4 10.3 8.8 2.1
2.4 40.2 82.1 2.1
1.7 19.5 41.4 1.6
2.7 39.8 57.3 1.5
3.7 11.7 80.1 1.7
2.4 29.2 41.2 2.1
2.8 28.8 72 1.8
4.6 10.6 90.7 2.2
3.6 45.4 61 1.9
3.2 23.3 12.4 2.5
4.7 46.3 56.3 2.4
4.4 10.7 86.2 2.1
3.8 26.3 64.1 2.2
3.7 31 33.6 2.4
2.4 16.6 15.4 1.6
4.3 35.8 32.2 2.3
3.5 23 38.6 1.6
1.4 36.4 12.2 2.4
1.2 29.1 60.3 1.6
2 46.2 64 1.5
2.4 34.6 57 2.4
2.5 19.5 8.8 2.5
4.8 43.5 12.4 2
2.4 27.1 45.1 1.8
4.2 30.6 84.6 1.6
2.4 11.3 71.9 1.8
1.5 42.7 23.7 2.5
1 21.2 59.6 2
4.2 18.8 59 2.1
3.1 27.8 70.3 2
3.2 47.7 48.1 1.8
1.6 17.7 26.6 2.2
3.5 39.1 81.5 2.5
3.2 24 6 2.4
4.3 19 53.5 1.8
4 46.7 68.6 2.3
2.8 14.6 18.4 2.1
2.6 13 80.3 2.3
2.2 39.6 90.4 2.1
1.9 48.9 17.6 1.7
4.9 40.5 53.2 1.5
2.2 46.2 91.1 2.4
3.8 23.9 49.4 2.3
1.4 24.3 84.1 2
1.9 28 19.9 2.3
2.4 10.2 77.6 2.4
4.7 42.7 87.3 2.4
3.8 48.2 62.3 2.4
3.4 34.6 60.6 2.2
3.8 14 55.1 2.3
3.8 13.6 50.4 2.3
4.1 21.6 66 1.8
3.5 38.2 14.8 1.7
2.7 46 31.2 2.1
4.5 15.9 73.7 2.1
2 29.4 20.1 2.3
4.5 42 36.8 1.9
2.3 42.9 72.4 2
3.9 37.1 51.9 2.2
1.9 47.3 81.7 2
3.5 12.3 11.4 2.5
3.1 19.8 84.5 2.4
1.2 29.9 60.2 1.7
3 35.8 75 1.5
3.4 12.8 5.7 1.6
1.2 12.8 13.5 2.2
4.2 19 17.7 1.6
3.7 29.4 45.4 2.1
3 49.9 84.8 2
3.8 24.1 87.2 1.5
1.7 25.9 38.9 1.8
2.1 31.6 20 1.7
2.4 32 67.1 1.7
2.9 11 28.9 1.8
2.1 34 92 2.3
5 30.4 48.8 2.4
3.3 18.1 49.2 1.5
4.4 45.8 94.8 1.6
3.1 20.4 48 2.1
2.4 49.3 61.8 2.1
3.2 37.5 93.1 1.8
1.1 18.1 82.8 1.5
1.3 19.5 40.2 2.3
1.2 38.7 32.5 2
1.6 42.7 29.7 1.6
2.9 19.7 68.4 2.2
2.6 28.1 22.3 2.2
2.4 47.5 19.8 2.1
1.9 26.1 30.5 1.8
1.1 39.3 62.3 2.3
2 28.4 10.2 2
3.6 21 11.4 2.1
2.3 21.4 40 2
2.1 47.3 63.1 2.4
2.3 11.5 45.6 2.5
1.6 13.8 29.5 2.1
1.4 17 94.6 2.3
4.1 44.4 7.7 1.9
3.8 41.6 88.5 1.7
2.3 31.7 26.4 1.6
3.2 20 57 2.3
4.2 17.4 91 1.6
3.3 36.4 78.8 2.1
4.4 29.6 79.4 2.1
4.9 44.8 74.5 2.2
4.1 26.9 85.2 2.3
4.7 32.7 21.8 1.7
2.3 13.6 6.1 2.2
4.7 46.8 17.9 2.1
3 45.5 63.9 2.1
4.4 16.5 32.9 2.1
4.8 49.8 9.9 1.6
3.1 37.3 74.5 1.6
4.3 22.9 65 2.4
1.4 12.4 74.1 1.9
2.5 22.8 58.7 2.4
1.5 14.4 51.3 1.8
1.7 45.2 49.6 1.5
1.7 21 67.7 2.1
4.5 31.4 66.6 1.7
4.7 17.5 78.3 2.2
4.2 43.1 39.9 1.8
2.9 27.7 94.5 1.6
3.1 47.1 78.7 1.7
4.2 40.3 48.7 1.8
2 36.2 21.8 2.2
4.5 17.2 91.2 1.6
4.6 26.8 93.2 2.1
3.5 41.1 93.7 1.6
2.2 14.8 56 2.3
2 28.8 40.4 2.4
1.3 47.2 79.7 1.9
4 24.4 20.2 2.1
3.4 47.2 60.8 1.8
4 41.3 44.7 2.1
2.5 20.2 62.5 1.6
1.8 45.5 84.8 1.5
1.5 11.9 45.1 1.9
4.9 33.6 29.9 2
1.7 38.1 46.9 1.7
4.3 36 52.4 2.1
2.7 13.9 6.2 2.3
3.2 30.8 27.8 2.5
2.8 27.8 82.1 2.5
3.4 30.6 12.3 1.9
2.2 44.4 94.5 2.4
4.9 12.3 17.8 2.1
2.4 32.8 29.8 1.5
4.9 48.1 37.2 1.7
0.4 0.4 0.4 0.4 0.3 0.3 0.3 0.3 0.4 0.3 0.3 0.3 0.3 0.3 0.3 0.2 0.2 0.4 0.3 0.2 0.2 0.3 0.3 0.2 0.3 0.3 0.2 0.3 0.4 0.4 0.4 0.2 0.3 0.3 0.3 0.4 0.4 0.3 0.3 0.3 0.2 0.4 0.4 0.3 0.3 0.4 0.2 0.4 0.4 0.3 0.3 0.3 0.3 0.3 0.3 0.2 0.4 0.3 0.2 0.2 0.3 0.2 0.3 0.3 0.4 0.3 0.3 0.2 0.4 0.3 0.3 0.2 0.2 0.4 0.2 0.3 0.4 0.4 0.2 0.4 0.2 0.3 0.3 0.2 0.3 0.3 0.2 0.3 0.3 0.2 0.3 0.3 0.3 0.3 0.3 0.4 0.3 0.2 0.3 0.3 0.3 0.3 0.4 0.3 0.2 0.3 0.3 0.2 0.4 0.3 0.2 0.4 0.2 0.4 0.4 0.3 0.2 0.2 0.3 0.2 0.2 0.3 0.3 0.3 0.4 0.3 0.3 0.4 0.3 0.3 0.2 0.3 0.4 0.2 0.3 0.2 0.2 0.2 0.2 0.3 0.3 0.3 0.3 0.4 0.3 0.3 0.3 0.3 0.4 0.3 0.3 0.4 0.3 0.3 0.3 0.4 0.4 0.3 0.3 0.4 0.3 0.3 0.3 0.2 0.3 0.2 0.3 0.2 0.4 0.3 0.3 0.3 0.3 0.3 0.3 0.4 0.3 0.3 0.4 0.4 0.3 0.2 0.4 0.4 0.4 0.4 0.3 0.4 0.2 0.2 0.4 0.3 0.3 0.3 0.3 0.3 0.2 0.2 0.4 0.4 0.3 0.3 0.3 0.4 0.4 0.3 0.2 0.3 0.3 0.3 0.3 0.3 0.2 0.3 0.4 0.2 0.3 0.3 0.2 0.2 0.3 0.2 0.3 0.4 0.4 0.4 0.3 0.3 0.3 0.3 0.3 0.4 0.3 0.4 0.3 0.4 0.2 0.4 0.3 0.2 0.4 0.3 0.3 0.4 0.3 0.3 0.3 0.2 0.3 0.2 0.3 0.2 0.2 0.3 0.4 0.3 0.2 0.4 0.3 0.2 0.3 0.3 0.4 0.3 0.2 0.4 0.3 0.3 0.3 0.4 0.3 0.3 0.4 0.3 0.4 0.4 0.4 0.3 0.3 0.2 0.2 0.4 0.2 0.4 0.4 0.4 0.3 0.3 0.3 0.2 0.2 0.4 0.3 0.4 0.4 0.3 0.3 0.2 0.2 0.3 0.4 0.3 0.2 0.2 0.3 0.3 0.3 0.3 0.2 0.3 0.2 0.3 0.4 0.2 0.4 0.2 0.3 0.4 0.4 0.3 0.4 0.3 0.4 0.2 0.2 0.3 0.3 0.3 0.3 0.3 0.2 0.3 0.3 0.3 0.3 0.4 0.2 0.2 0.4 0.3 0.4 0.2 0.4 0.3 0.2 0.2 0.3 0.3 0.4 0.3 0.2 0.4 0.4 0.3 0.3 0.3 0.2 0.2 0.2 0.2 0.4 0.3 0.3 0.3 0.3 0.3 0.4 0.3 0.2 0.4 0.3 0.3 0.2 0.3 0.4 0.3 0.2 0.4 0.3 0.3 0.3 0.3 0.3 0.2 0.4 0.4 0.4 0.4 0.4 0.3 0.3 0.3 0.4 0.3 0.3 0.2 0.2 0.3 0.2 0.4 0.3 0.3 0.3 0.3 0.3 0.4 0.3 0.4 0.2 0.3 0.3 0.2 0.3 0.2 0.2 0.3 0.3 0.2 0.2 0.3 0.2 0.3 0.3 0.2 0.4 0.3 0.3 0.3 0.3 0.3 0.3 0.3 0.4 0.2 0.2 0.2 0.3 0.3 0.2 0.3 0.4 0.3 0.4 0.4 0.4 0.4 0.3 0.3 0.3 0.4 0.2 0.3 0.4 0.3 0.4 0.3 0.2 0.3 0.3 0.2 0.3 0.3 0.3 0.3 0.2 0.2 0.2 0.3 0.3 0.3 0.2 0.4 0.3 0.3 0.4 0.3 0.3 0.4 0.2 0.3 0.4 0.2 0.2 0.3 0.3 0.4 0.4 0.3 0.2 0.2 0.3 0.4 0.3 0.4 0.3 0.2 0.4 0.3 0.2 0.2 0.2 0.3 0.4 0.3 0.4 0.2 0.3 0.3 0.2 0.3 0.3 0.3 0.3 0.3 0.4 0.2 0.4 0.3 0.4 0.4 0.3 0.3 0.3 0.4 0.2 0.4 0.3 0.2 0.3 0.3 0.3 0.4 0.3 0.2 0.2 0.3 0.4 0.2 0.3 0.4 0.3 0.3 0.2 0.3 0.2 0.3 0.3 0.2 0.2 0.2 0.4 0.2 0.4 0.3 0.3 0.3 0.2 0.3 0.3 0.2 0.2 0.3 0.3 0.4 0.2 0.2 0.2 0.4 0.3 0.3 0.4 0.4 0.3 0.3 0.3 0.3 0.4 0.4 0.3 0.3 0.3 0.3 0.2 0.3 0.4 0.4 0.2 0.3 0.4 0.3 0.2 0.3 0.2 0.3 0.3 0.4 0.3 0.3 0.4 0.3 0.4 0.3 0.4 0.3 0.2 0.2 0.3 0.2 0.2 0.3 0.4 0.3 0.2 0.3 0.3 0.3 0.4 0.2 0.3 0.3 0.2 0.2 0.3 0.3 0.4 0.4 0.2 0.2 0.3 0.4 0.4 0.2 0.4 0.4 0.4 0.3 0.2 0.3 0.4 0.2 0.4 0.4 0.4 0.3 0.3 0.3 0.2 0.4 0.3 0.3 0.2 0.4 0.4 0.2 0.2 0.4 0.2 0.2 0.2 0.3 0.2 0.3 0.3 0.3 0.3 0.3 0.3 0.3 0.4 0.4 0.3 0.3 0.3 0.3 0.3 0.2 0.3 0.4 0.2 0.4 0.3 0.3 0.3 0.3 0.4 0.2 0.2 0.3 0.2 0.2 0.3 0.3 0.3 0.4 0.3 0.2 0.4 0.2 0.2 0.3 0.4 0.3 0.3 0.3 0.3 0.4 0.2 0.2 0.3 0.3 0.2 0.3 0.2 0.3 0.3 0.4 0.3 0.2 0.3 0.2 0.2 0.4 0.2 0.4 0.2 0.4 0.3 0.3 0.3 0.3 0.2 0.2 0.4 0.3 0.2 0.4 0.4 0.3 0.3 0.2 0.3 0.3 0.3 0.3 0.3 0.3 0.2 0.3 0.4 0.4 0.3 0.2 0.2 0.2 0.3 0.2 0.4 0.3 0.3 0.2 0.2 0.3 0.2 0.2 0.4 0.3 0.2 0.3 0.3 0.2 0.2 0.3 0.4 0.3 0.3 0.2 0.2 0.2 0.2 0.3 0.4 0.3 0.2 0.2 0.2 0.3 0.3 0.3 0.2 0.3 0.2 0.3 0.3 0.2 0.4 0.2 0.3 0.3 0.3 0.3 0.3 0.2 0.3 0.2 0.2 0.3 0.2 0.4 0.4 0.3 0.2 0.4 0.4 0.3 0.2 0.3 0.3 0.2 0.3 0.2 0.2 0.2 0.2 0.2 0.2 0.2 0.3 0.4 0.4 0.3 0.4 0.3 0.4 0.3 0.2 0.2 0.3 0.3 0.4 0.2 0.3 0.2 0.4 0.4 0.4 0.3 0.2 0.3 0.2 0.3 0.3 0.3 0.2 0.2 0.3 0.3 0.2 0.4 0.4 0.2 0.4 0.3 0.4 0.2 0.2 0.2 0.3 0.3 0.3 0.2 0.3 0.3 0.3 0.4 0.2 0.4 0.2 0.4 0.2 0.3 0.2 0.2 0.2 0.3 0.4 0.3 0.3 0.4 0.3 0.3 0.3 0.2 0.4 0.2 0.2 0.3 0.3 0.3 0.2 0.3 0.4 0.4 0.3 0.3 0.3 0.3 0.2 0.3 0.2 0.3 0.2 0.4 0.4 0.2 0.4 0.3 0.4 0.2 0.3 0.2 0.3 0.2 0.2 0.2 0.4 0.4 0.2 0.4 0.4 0.4 0.4 0.3 0.3 0.4 0.2 0.3 0.2 0.2 0.3 0.4 0.2 0.2 0.3 0.4 0.3 0.3 0.2 0.3 0.3 0.2 0.2 0.3 0.2 0.3 0.2 0.2 0.2 0.3 0.3 0.3 0.2 0.4 0.2 0.2 0.3 0.3 0.2 0.3 0.4 0.3 0.3 0.2 0.4 0.3 0.2 0.4 0.3 0.3 0.3 0.3 0.4 0.2 0.2 0.3 0.2 0.3 0.2 0.4 0.3 0.3 0.2 0.4 0.4 0.4 0.4 0.3 0.4 0.4 0.4 0.3 0.3 0.3 0.2 0.3 0.4 0.3 0.2 0.3 0.4 0.3 0.3 0.2 0.2 0.2 0.3 0.2 0.3 0.4 0.4 0.3 0.3 0.3 0.3 0.2 0.3 0.4 0.3 0.3 0.2 0.3 0.3 0.3 0.2 0.3 0.4 0.2 0.3 0.2 0.2 0.4 0.3 0.4 0.3 0.3 0.3 0.4 0.2 0.2 0.2 0.3
29 121 146 105 102 145 134 108 36 175 159 85 142 155 159 64 42 137 165 116 89 101 174 13 142 2 152 174 28 81 17 122 22 127 9 125 67 40 52 138 77 166 28 1 6 173 8 127 83 173 154 175 35 108 164 21 62 171 134 163 84 176 118 178 115 85 99 67 56 134 49 76 109 88 143 176 25 103 175 168 104 52 4 147 24 78 157 99 73 38 83 23 60 68 120 172 93 33 43 36 83 128 151 65 129 26 47 90 130 153 52 1 106 11 110 66 148 179 59 85 73 109 41 103 133 50 124 157 77 11 168 142 159 101 72 177 1 45 60 81 166 152 32 116 22 46 43 47 15 180 138 23 51 80 101 39 153 86 96 152 167 103 76 49 3 66 132 5 143 108 91 68 118 44 141 90 139 150 118 156 51 124 24 113 162 136 139 39 88 152 150 51 5 123 155 173 123 156 174 35 99 19 161 56 159 163 100 161 79 101 163 89 143 162 65 9 89 114 112 152 39 45 7 32 13 125 82 99 118 96 164 144 110 166 66 70 172 30 18 45 111 73 36 76 116 115 42 75 171 110 70 31 73 96 175 52 62 27 67 68 27 152 5 176 8 48 70 152 98 32 114 102 124 111 109 169 173 70 127 158 106 120 148 56 23 117 120 31 159 99 100 147 178 56 31 94 100 69 59 26 69 2 120 174 107 118 104 2 52 2 120 153 155 90 141 133 31 34 137 167 24 59 29 27 160 90 68 130 142 53 73 107 174 12 28 68 110 11 129 167 54 150 34 59 25 45 99 129 70 110 168 171 121 24 100 135 11 138 30 176 135 91 171 46 10 130 30 62 108 170 22 134 133 139 134 137 170 84 108 154 2 178 109 162 76 172 66 146 92 86 56 70 50 165 167 162 70 64 78 155 132 73 113 129 27 75 5 169 110 115 177 28 97 70 102 103 134 27 107 148 81 153 155 26 161 79 90 13 13 32 124 116 82 15 29 115 154 174 44 129 143 124 174 176 80 107 10 58 154 27 131 170 61 94 103 40 32 176 146 67 110 60 42 83 10 145 68 92 167 16 157 36 131 101 145 175 2 142 105 126 42 7 12 16 48 137 141 71 160 71 47 177 164 18 109 46 21 94 141 173 98 102 5 164 32 88 156 150 107 43 145 131 93 21 59 75 29 47 149 72 157 178 80 51 170 153 15 38 32 108 167 52 73 18 118 69 49 157 136 115 76 67 7 8 180 111 114 58 130 104 108 134 148 92 172 22 103 159 167 99 21 3 70 120 123 135 21 157 132 22 90 44 91 16 89 111 61 152 169 47 12 86 142 50 20 99 143 15 54 68 86 112 170 145 39 104 80 111 94 125 5 157 135 72 134 158 45 17 95 66 129 139 128 65 30 85 165 165 135 136 78 154 24 31 163 118 124 25 144 66 133 48 94 114 65 75 156 168 40 166 68 71 43 17 31 38 176 24 130 125 107 28 9 22 85 75 33 150 33 103 155 114 152 26 169 151 20 45 142 163 123 112 121 33 156 58 22 12 113 42 163 119 21 32 159 54 59 10 65 68 92 37 174 46 129 168 36 24 72 172 160 37 84 61 24 100 38 57 170 24 94 16 88 64 12 36 88 66 25 2 168 115 104 83 85 104 49 84 174 114 54 75 108 35 46 104 137 87 74 50 42 172 66 156 130 43 105 91 61 29 109 70 50 38 28 165 46 21 91 84 101 99 106 156 55 176 10 174 81 110 140 91 4 42 142 137 4 154 72 157 149 149 113 114 52 32 71 42 125 158 118 156 116 61 155 155 17 170 92 58 119 88 115 19 16 104 34 20 117 34 84 128 140 97 141 143 25 15 8 64 161 103 135 32 120 22 2 7 143 57 74 97 49 126 24 158 130 88 111 92 90 134 72 10 176 12 126 52 52 63 161 24 45 103 167 171 120 133 118 107 2 23 111 137 35 104 30 132 100 37 151 167 147 17 127 50 142 140 76 14 11 66 2 124 134 169 36 53 97 164 171 135 15 172 24 12 158 90 36 115 57 153 116 101 161 96 44 1 105 41 179 71 68 162 124 133 5 12 87 148 26 48 31 49 173 110 4 113 29 162 114 74 50 55 114 45 166 20 145 10 8 105 161 122 15 27 109 27 148 176 99 69 155 9 73 51 24 162 161 92 141 34 25 58 93 148 64 122 130 48 121 105 120 160 1 84 70 81 80 123 106 19 18 58 131 108 159 88 5 103 156 97 121 128 73 95 137 117 80 132 110 138 90 45 114 56 116 75 51 122 127 11 102 145 16 81 3 134 72 92 34 22 64 43 168 125 137 154 170 44 70 144 75 153 60 166 101 10 106 101 130 77 87 85 168 43 123 17 79 176
10 90 6 82 127 39 107 10 82 80 35 66 169 154 1 156 140 89 148 31 50 97 104 104 1 155 67 12 100 37 61 123 160 26 101 3 7 82 85 52 127 74 175 27 75 9 1 131 166 154 141 19 162 156 17 133 103 103 143 62 170 62 23 173 173 170 97 172 12 67 33 154 133 52 47 126 158 48 115 72 107 82 112 83 139 94 105 6 9 117 93 13 75 58 127 99 17 163 97 164 30 169 105 153 13 35 4 15 140 72 41 145 44 44 106 151 25 164 19 38 99 20 79 46 82 146 177 106 110 21 177 151 21 122 149 51 1 117 56 57 4 58 136 81 177 125 162 147 126 129 102 101 10 99 143 172 129 115 73 102 16 91 163 2 175 180 98 76 65 161 68 47 109 70 135 167 178 137 31 64 140 172 162 167 44 142 127 12 108 143 6 165 150 119 84 30 55 129 11 71 81 29 35 80 53 72 113 112 33 69 106 99 65 80 103 155 111 107 123 3 152 159 104 9 68 134 134 82 42 31 74 61 100 34 1 15 105 28 78 142 134 152 118 173 8 49 66 154 126 35 11 145 124 54 175 9 104 48 83 103 75 63 102 77 68 84 11 96 10 48 16 129 87 56 46 132 71 153 172 114 100 49 147 103 36 42 59 26 47 90 38 131 55 138 149 1 24 7 156 10 149 130 81 152 72 85 106 180 74 54 137 68 139 111 115 31 164 163 74 179 131 20 61 51 9 98 144 42 154 5 24 156 69 162 123 52 165 36 64 145 88 49 126 106 14 27 126 21 169 128 151 149 140 96 72 144 68 175 157 129 168 66 104 139 158 29 28 162 67 29 38 68 22 154 18 123 136 93 100 23 52 5 153 103 154 76 155 116 167 133 88 60 22 151 22 102 107 64 144 60 75 83 156 64 1 126 69 59 130 102 154 86 13 177 112 17 171 161 27 76 73 97 125 40 161 42 153 36 143 101 33 170 146 25 46 24 170 15 45 162 49 72 122 141 3 63 84 60 172 19 8 122 107 25 172 149 157 95 48 27 1 30 171 179 176 134 36 17 81 140 24 136 96 48 52 111 153 95 50 52 85 69 99 168 166 71 103 103 130 59 161 118 147 3 107 120 144 3 164 4 88 53 151 179 81 109 47 44 125 154 11 18 78 106 147 173 52 75 33 174 173 51 94 151 24 157 73 51 90 13 24 54 80 102 153 140 45 156 166 46 143 44 57 16 161 10 132 135 62 137 170 101 31 51 57 46 107 120 180 132 20 8 113 26 18 147 71 27 3 34 27 58 66 137 23 133 59 158 149 96 148 9 162 55 177 4 49 126 51 32 6 72 15 20 91 65 59 179 46 77 165 48 180 153 116 127 68 20 109 161 90 100 11 1 59 140 63 100 43 172 145 151 172 149 64 174 68 5 38 11 176 27 42 123 179 144 22 86 120 22 60 96 57 161 158 122 12 89 145 34 164 90 50 138 134 45 170 178 144 170 97 53 92 161 172 85 48 173 169 115 153 114 117 95 92 151 29 146 13 114 12 42 86 16 10 144 17 177 16 93 157 80 24 154 26 79 85 54 136 162 120 18 117 130 176 127 24 11 83 163 135 84 108 89 153 171 130 43 121 17 124 66 152 107 154 118 122 177 1 9 164 110 45 135 16 133 22 58 122 64 110 123 172 88 35 52 8 171 122 177 120 122 159 43 121 139 66 1 77 83 29 109 150 149 45 88 47 149 46 36 73 89 164 23 128 100 165 63 97 171 148 1 141 13 2 91 127 84 83 48 122 109 39 127 155 152 93 109 21 149 177 48 86 180 7 117 146 104 36 116 49 121 133 136 72 8 167 8 178 92 75 178 32 129 114 102 68 46 144 114 145 80 134 49 76 15 21 49 59 14 139 8 32 169 97 149 78 148 180 66 151 163 16 157 34 95 8 104 51 14 168 74 130 43 57 168 94 171 140 167 66 134 178 61 48 54 150 136 100 54 92 178 150 173 149 164 105 105 95 58 4 169 59 75 50 3 81 127 167 165 40 137 93 86 110 37 3 85 102 49 102 106 123 71 18 92 3 95 33 140 135 128 64 129 152 124 28 140 3 149 23 10 151 113 70 108 36 145 172 32 76 20 22 113 111 108 60 100 85 75 95 84 84 123 69 74 68 66 108 3 83 99 89 75 20 162 161 13 74 134 13 163 74 115 128 158 87 116 65 178 138 109 151 80 140 5 97 161 159 134 175 142 145 38 139 127 100 77 157 119 76 178 89 135 37 46 70 12 85 10 149 135 117 146 13 136 99 101 117 43 64 58 125 123 171 161 45 118 62 36 8 95 89 142 177 71 177 142 164 53 141 37 162 173 13 50 178 76 125 6
7 51 120 91 117 169 78 114 93 112 77 144 122 55 151 144 125 43 170 17 173 83 12 64 158 117 150 170 152 174 74 103 77 169 23 130 99 108 111 175 44 27 26 98 30 58 65 158 169 168 75 168 148 153 105 41 163 114 82 166 7 91 59 19 125 96 44 21 24 118 61 21 131 79 148 121 12 172 168 130 2 174 92 128 125 89 44 176 131 151 159 120 31 13 96 164 67 80 124 83 109 37 50 19 117 153 81 66 123 117 25 90 70 9 44 137 1 58 1 7 8 71 163 32 106 33 153 109 59 52 28 104 72 166 140 124 50 145 133 54 73 160 123 166 86 53 88 73 165 158 4 123 98 79 171 31 17 157 78 116 143 15 35 117 102 11 172 60 91 53 157 64 176 160 52 172 111 85 121 17 85 25 68 11 104 59 162 47 171 121 19 152 100 101 20 149 1 90 48 130 79 70 9 136 178 33 173 91 24 84 25 63 100 110 127 7 67 9 161 59 164 137 56 166 57 135 51 35 61 19 41 61 120 92 145 58 44 168 137 47 49 37 17 20 109 75 29 117 82 42 76 97 40 38 55 135 18 67 162 79 136 95 110 96 163 111 64 68 98 159 48 65 144 45 110 104 134 153 49 175 137 137 49 65 127 102 9 124 114 51 83 166 66 36 130 73 177 121 41 101 51 132 48 21 131 150 164 68 14 139 83 49 20 51 31 178 155 150 97 163 134 17 5 31 146 132 63 124 45 8 149 102 86 140 59 150 111 72 158 60 20 144 85 76 79 129 174 72 1 103 104 164 141 86 95 169 10 139 154 158 113 124 27 99 128 77 11 9 52 20 157 22 88 129 160 34 31 73 121 149 65 180 12 1 39 64 123 44 147 71 114 26 108 165 49 124 84 136 66 174 147 147 159 55 132 106 75 164 4 90 91 17 47 56 81 28 5 100 79 71 23 150 156 26 125 162 85 10 4 118 85 94 70 117 146 32 19 84 157 41 119 8 159 87 33 148 37 20 43 125 88 110 18 93 31 172 180 151 133 2 62 89 149 35 78 96 110 139 4 130 28 11 86 70 85 74 66 29 149 31 169 39 133 49 175 8 42 59 126 103 35 94 17 178 49 88 94 159 90 110 73 5 171 59 13 39 28 99 120 137 32 117 56 38 7 85 169 5 45 169 99 39 8 77 59 27 108 85 149 103 177 27 173 99 49 150 102 134 83 46 9 94 178 180 96 123 88 32 24 128 159 39 126 89 44 145 134 118 41 132 68 33 90 177 67 120 61 76 90 156 66 78 21 6 158 179 64 163 13 87 62 13 132 177 120 152 99 79 43 178 81 39 168 16 114 46 151 75 47 172 131 123 34 152 46 118 180 157 88 20 131 100 37 2 161 165 62 52 171 11 155 176 58 53 92 76 147 128 5 170 7 2 48 68 64 158 72 41 177 1 81 41 103 123 106 149 107 27 45 36 76 12 25 31 31 70 30 108 109 56 96 74 51 98 179 39 44 170 40 29 126 164 71 87 39 60 134 179 88 107 16 164 61 124 82 142 141 176 40 98 48 38 26 174 68 116 9 104 68 100 7 156 158 168 156 29 11 165 17 118 63 81 67 100 37 3 63 89 81 41 85 153 133 94 63 72 1 93 73 179 114 40 158 99 73 125 70 75 121 133 11 111 82 22 78 148 172 159 123 15 63 43 119 52 94 178 91 147 18 158 77 177 38 127 85 22 102 98 104 140 172 78 171 132 42 56 140 52 176 36 99 93 135 176 147 6 6 6 100 158 117 60 19 45 145 47 15 143 39 47 26 63 165 43 155 166 45 86 92 169 135 81 88 167 140 130 152 143 157 127 68 105 39 11 151 174 28 98 142 64 10 163 31 95 122 49 100 71 88 6 70 103 125 136 41 19 141 49 30 61 33 145 111 148 35 90 79 121 33 161 70 175 23 76 46 20 177 11 50 143 112 50 57 159 2 100 125 117 172 9 97 35 80 167 79 91 159 149 145 110 115 22 44 57 128 146 159 180 46 47 101 144 7 72 59 37 46 27 79 106 163 15 37 90 38 58 20 54 91 172 135 125 126 168 160 46 17 72 107 88 8 146 58 45 15 6 46 111 142 166 63 84 2 139 9 109 158 76 33 153 86 54 84 178 147 41 78 125 130 126 17 18 43 170 106 26 159 156 129 113 25 159 2 49 134 68 30 82 38 123 151 43 177 52 65 60 156 60 101 109 110 5 74 161 168 155 72 20 118 172 56 166 153 67 177 106 100 33 52 113 168 23 141 179 66 37 83 180 145 168 149 31 93 37 83 134 73 59 3 89 102 55 98 132 122 97 111 72 91 46 160 52 123 44 138 73 127 140 39 79
146 50 140 9 16 25 45 174 2 47 37 35 80 54 162 68 31 132 51 169 32 92 150 38 102 49 167 13 59 113 16 82 93 125 141 64 41 23 43 102 83 73 175 163 44 11 85 82 77 113 139 60 151 9 10 64 84 136 170 110 37 117 60 2 95 165 69 142 25 13 170 154 30 161 136 22 116 23 153 95 153 122 27 51 146 123 17 180 145 156 11 132 69 179 58 23 114 162 42 169 15 1 42 22 127 42 107 130 119 45 93 40 115 143 123 108 75 7 90 57 59 23 63 21 77 82 136 26 52 74 30 11 107 126 34 160 104 117 131 106 19 130 54 147 12 174 107 32 162 26 71 17 171 29 19 51 99 40 49 73 70 157 41 86 178 83 2 154 39 94 128 14 107 100 180 60 60 106 145 155 100 21 107 49 91 150 94 89 44 31 36 16 27 45 8 172 112 35 23 44 90 28 138 134 46 56 157 135 107 115 56 89 61 56 160 51 64 3 155 145 36 163 46 161 16 37 162 100 161 95 125 66 56 20 80 90 77 10 22 108 165 73 13 57 18 123 159 88 59 153 43 94 35 69 65 30 41 44 82 124 65 120 166 33 60 41 26 106 47 38 150 49 16 126 44 149 177 59 42 47 105 106 72 2 89 20 108 76 87 111 39 3 62 166 18 136 80 50 66 128 33 56 19 29 140 9 169 14 107 80 62 163 4 155 49 39 44 159 168 120 68 159 88 152 138 130 55 57 160 65 18 31 51 77 5 137 44 162 89 92 111 76 32 60 7 55 165 174 111 13 144 148 113 175 56 160 53 151 154 97 47 107 52 66 126 158 114 78 106 155 117 89 52 81 173 105 110 131 104 103 41 84 146 144 32 114 103 78 131 37 60 167 123 149 167 112 168 129 59 178 128 46 22 172 175 47 27 13 6 48 36 118 26 28 147 66 150 10 137 151 49 159 25 27 28 57 15 96 32 42 33 75 146 110 92 122 8 178 115 29 86 136 53 157 45 114 171 58 52 34 23 59 94 91 111 129 104 149 125 99 116 59 97 165 178 140 117 22 180 126 89 165 98 111 129 150 176 155 99 178 66 66 19 118 101 49 159 117 175 96 91 39 121 26 168 74 145 61 74 45 97 146 152 165 20 134 5 71 89 106 95 65 35 17 171 5 138 176 77 111 155 18 114 175 34 57 62 8 175 172 45 51 27 24 174 32 146 74 62 53 134 108 153 49 83 175 155 169 175 37 1 67 148 55 159 113 134 44 105 67 12 116 151 68 50 126 178 97 3 126 134 165 93 109 122 104 34 149 74 143 72 101 168 136 127 135 140 16 118 84 1 113 31 144 142 160 87 143 140 3 165 38 74 174 174 12 55 144 5 79 128 45 36 151 140 79 144 149 17 72 165 28 142 176 78 7 25 160 85 43 142 28 40 134 152 133 59 54 143 56 9 144 76 81 61 21 10 119 148 65 75 55 58 168 55 88 33 45 137 172 39 104 6 77 11 150 137 15 11 74 110 97 123 24 85 168 41 102 28 153 137 64 91 166 30 141 93 106 55 127 149 4 49 23 63 6 36 96 72 175 77 134 152 90 58 61 84 64 23 144 53 143 161 128 157 90 175 95 116 54 123 62 38 58 114 158 108 65 40 162 23 64 87 112 19 104 50 13 154 115 177 58 62 25 142 77 81 50 5 180 162 85 105 78 161 63 115 53 14 44 136 144 70 94 54 9 113 135 130 35 156 160 108 2 101 160 25 166 16 94 70 33 82 33 59 168 101 117 44 116 104 5 57 62 47 152 74 114 23 81 141 110 22 71 8 114 45 72 63 78 68 177 13 39 90 61 117 136 163 43 89 5 164 113 168 170 26 51 145 146 96 165 141 141 126 104 135 140 61 11 31 162 72 156 120 15 124 179 14 24 112 117 121 66 50 105 87 2 12 89 128 60 52 120 147 109 77 114 132 25 16 137 35 63 142 88 157 32 105 30 170 131 12 175 45 87 35 141 85 114 82 52 150 27 143 109 77 175 15 81 6 178 100 149 132 70 133 21 5 101 44 51 138 11 127 117 165 123 82 91 151 8 119 147 136 165 9 112 49 26 47 103 140 162 141 11 83 117 140 48 11 99 150 57 178 64 142 26 93 166 77 67 150 88 121 175 109 115 173 15 122 24 149 55 19 73 33 83 66 147 107 68 7 116 114 14 168 30 15 28 160 44 132 162 137 164 158 79 20 106 140 110 10 5 7 33 46 124 113 82 134 3 53 144 80 116 72 145 156 81 3 11 81 163 91 36 157 139 129 24 176 136 152 30 172 86 35 57 3 107 136 27 158 65 58 64 133 90 95 57 122 116 66 23 74 89 144 158 163 176
60 126 80 38 75 53 177 120 26 56 178 167 180 82 10 115 172 126 43 8 52 126 47 60 28 153 87 63 74 179 87 18 85 78 156 178 169 74 48 37 117 109 113 105 162 139 166 24 160 55 150 15 42 147 104 142 153 86 70 71 115 148 64 164 177 148 69 3 178 106 158 17 140 85 37 152 146 137 8 166 9 107 24 23 99 5 14 113 149 1 53 82 46 52 126 112 96 25 169 140 112 30 96 118 161 49 16 41 113 154 155 77 54 5 33 67 156 60 151 176 13 131 33 141 66 81 144 108 174 16 134 32 80 12 136 147 70 141 47 97 1 1 162 73 114 25 161 178 10 56 160 50 25 90 90 114 58 169 120 16 154 56 125 128 31 99 160 37 51 47 95 174 89 90 22 162 108 21 141 48 16 58 63 84 180 111 8 148 159 171 142 41 87 109 136 57 76 159 46 91 5 106 147 95 57 72 159 24 102 133 34 127 107 135 40 55 111 168 39 19 145 86 81 36 49 149 56 120 21 4 154 137 28 8 142 39 113 132 120 30 96 143 92 37 29 136 126 114 137 42 5 177 30 96 180 162 25 165 111 60 149 101 13 158 59 40 144 170 153 135 141 128 152 102 29 82 111 116 115 43 132 82 24 153 138 106 122 126 180 165 107 99 107 99 117 90 50 7 156 137 173 145 3 113 159 156 28 150 110 143 119 55 109 116 71 106 110 11 74 12 61 94 139 150 7 78 155 111 129 74 131 39 122 180 36 124 14 11 25 75 9 15 170 141 164 32 18 61 25 73 76 39 60 131 99 10 39 31 70 63 115 78 117 66 178 154 36 108 103 175 21 139 64 60 87 30 130 144 160 22 116 26 46 82 125 92 32 131 123 102 142 152 89 112 1 136 55 110 130 36 70 62 142 180 125 79 22 56 120 88 24 126 156 110 167 67 163 114 130 100 12 127 66 89 82 146 21 99 53 45 122 151 156 155 39 137 27 97 172 52 105 37 107 122 127 60 175 78 133 51 106 1 87 16 143 129 84 14 99 123 7 116 35 153 118 91 64 169 140 119 28 19 50 33 122 79 117 129 110 53 106 36 112 128 77 73 175 94 109 67 36 179 28 63 176 84 105 175 6 48 174 151 83 27 160 171 85 100 119 162 178 103 115 147 18 70 136 175 141 48 9 19 78 170 27 38 152 22 129 9 2 161 21 158 105 48 114 11 13 103 75 102 14 165 16 15 22 114 143 13 33 67 95 85 166 2 91 28 169 99 165 99 16 47 47 123 167 76 104 129 166 170 35 114 69 100 151 12 175 143 157 168 115 63 13 43 5 76 123 4 92 159 27 151 163 54 31 58 157 179 137 3 153 60 134 144 51 91 1 69 21 98 118 119 43 29 139 63 115 12 97 9 72 34 28 93 147 91 169 160 149 176 113 48 6 122 63 78 29 53 4 154 153 19 91 55 127 104 95 95 44 150 155 30 6 180 50 111 45 54 149 82 89 108 34 1 163 109 116 144 156 157 86 32 32 84 146 47 7 167 19 130 107 93 66 48 29 23 157 60 102 173 18 169 72 141 97 135 99 51 10 173 18 73 142 12 20 99 21 60 83 179 167 135 107 23 94 108 180 103 70 30 143 177 138 144 108 2 60 168 57 62 147 45 126 176 86 149 111 98 58 130 36 133 76 50 117 18 10 159 160 137 77 102 139 60 157 10 35 12 139 93 57 162 175 156 105 161 136 27 84 34 64 121 110 84 49 71 37 126 104 177 59 141 180 159 59 38 20 161 9 60 133 128 164 120 55 157 25 135 119 162 45 33 88 34 113 98 90 29 49 70 46 105 101 106 26 126 49 93 35 97 30 143 69 76 88 79 142 140 98 167 119 41 113 31 45 154 15 146 129 110 69 21 116 153 137 57 150 65 128 172 16 54 103 96 165 27 150 120 170 160 120 35 1 64 43 30 92 31 142 61 9 75 175 112 166 177 51 51 39 125 169 89 75 1 17 174 76 162 48 139 61 20 34 32 22 82 41 47 6 150 17 75 133 115 5 95 120 124 158 35 49 22 14 48 179 7 41 116 134 110 104 104 36 88 121 180 66 36 27 36 112 107 112 156 123 36 36 76 44 104 173 136 8 175 71 178 63 178 178 3 6 169 62 15 62 51 83 39 123 76 42 85 111 5 109 28 160 22 80 18 166 53 58 177 138 2 120 137 42 94 9 138 14 149 61 74 65 115 166 174 46 170 41 86 1 38 75 153 177 78 13 140 37 124 144 130 152 82 138 116 70 47 30 32 51 105 97 120 170 15 144 31 156 114 11 137 75 108 90 120 43 111 133 10 27 144 76 159 50 21 95 95 139 104 25 180 117 175
142 110 113 7 67 10 95 121 150 1 173 67 73 30 113 60 4 51 28 127 81 81 156 24 22 37 171 52 133 94 26 143 124 99 178 63 25 46 33 165 145 90 124 29 104 46 2 142 118 76 63 55 99 34 91 53 74 43 13 65 70 131 56 67 21 83 4 12 87 108 59 67 21 175 131 55 52 96 152 30 134 19 23 55 70 8 52 63 14 66 1 168 179 136 58 91 17 155 13 102 125 142 32 82 166 30 72 173 87 83 79 166 128 18 77 112 76 153 69 180 72 166 76 88 5 68 129 73 46 179 123 53 80 73 131 96 16 26 158 112 7 33 89 70 68 124 147 107 134 27 63 117 125 143 96 31 45 8 95 138 129 82 69 64 76 36 55 107 43 37 106 175 48 104 145 49 143 141 58 59 148 25 60 148 39 156 167 55 47 114 65 170 13 49 30 168 39 83 43 131 140 120 3 135 141 62 65 160 176 10 53 156 22 28 45 69 63 10 25 122 39 110 171 62 38 5 71 19 99 171 95 122 178 10 161 115 104 101 70 96 138 168 159 108 101 160 126 63 43 80 154 50 176 59 45 2 83 79 80 141 33 40 76 155 89 171 163 14 94 176 16 130 6 58 20 30 169 150 101 81 147 115 109 76 64 139 157 167 57 65 78 7 146 170 39 24 108 67 8 51 147 74 142 108 32 78 16 32 41 127 14 105 50 10 8 59 23 88 29 159 175 36 114 94 6 172 43 60 162 51 66 126 124 3 21 76 152 152 80 48 113 78 178 56 55 19 55 47 26 24 175 176 47 53 6 146 120 85 99 65 64 156 9 86 46 79 66 22 158 138 136 71 180 107 154 161 30 48 92 127 169 140 72 78 55 104 180 113 32 46 167 88 27 51 151 122 99 158 85 59 15 6 172 142 27 5 48 13 87 74 15 12 125 122 4 78 114 162 150 104 91 146 44 82 23 59 42 88 9 180 144 64 147 179 38 131 131 1 140 112 90 179 99 97 129 3 61 4 147 36 109 8 138 172 112 88 46 54 35 64 64 160 8 93 45 116 48 169 24 165 53 74 7 50 45 76 165 166 73 128 5 116 90 48 128 129 173 87 138 57 180 142 36 127 97 1 84 56 37 14 117 164 159 54 97 53 156 150 162 176 12 144 58 49 74 97 83 40 65 75 67 38 180 91 48 33 123 29 16 179 98 160 5 47 88 34 17 12 169 58 58 178 143 130 163 39 34 177 26 135 106 55 56 54 70 14 26 98 38 150 61 172 31 86 163 172 169 134 164 27 101 56 99 38 164 47 60 125 148 164 94 81 127 174 124 131 142 75 151 146 67 58 11 159 73 25 16 135 138 44 121 176 9 133 126 166 112 60 32 149 176 12 115 117 155 16 166 133 74 5 130 137 179 29 15 73 96 67 67 62 49 166 175 135 25 52 71 90 149 100 108 143 38 27 66 145 71 42 109 46 55 136 177 157 100 86 23 16 132 143 43 39 125 169 40 71 129 5 94 22 11 17 39 67 78 108 173 50 89 58 107 135 142 75 80 100 3 137 23 85 94 169 49 87 166 73 31 101 16 30 176 102 65 16 2 108 93 20 43 63 76 133 14 16 35 10 152 70 134 132 21 152 110 108 91 162 6 141 91 141 157 29 95 171 154 7 166 58 47 75 124 40 16 3 93 9 180 51 156 46 52 84 7 63 108 85 23 6 21 137 138 22 170 122 4 159 170 115 169 142 82 12 38 52 106 58 75 164 82 29 73 56 142 15 164 154 117 148 2 60 81 137 115 93 12 171 80 8 43 111 98 7 127 116 162 75 37 54 47 24 65 110 67 125 8 174 108 104 22 62 82 160 52 156 93 103 113 106 20 83 84 39 91 86 158 11 116 121 78 119 88 63 120 17 9 165 14 75 95 117 122 39 108 144 176 10 88 111 33 27 168 94 8 87 2 64 72 35 72 45 168 30 90 58 166 109 99 175 93 53 27 42 161 157 151 101 53 108 58 57 69 159 38 105 159 88 56 110 102 22 31 58 164 121 133 155 105 158 86 40 119 109 50 138 69 40 175 66 56 120 164 45 69 64 18 102 165 7 67 43 137 119 19 46 7 178 45 151 163 49 108 151 43 104 115 110 88 179 142 161 154 63 89 25 139 91 76 8 67 41 173 116 90 86 101 133 48 171 40 91 146 31 129 170 123 120 77 171 33 61 59 116 24 173 165 162 99 144 128 19 168 66 173 89 15 150 119 133 43 102 156 174 176 133 134 174 128 88 98 71 43 149 150 71 93 36 27 68 103 137 36 56 142 104 108 43 90 110 104 159 33 29 34 95 53 171 16 46 34 30 142 165 23 9 48 52 58 10 106 135
63 179 82 102 13 70 106 145 48 114 120 156 57 42 33 90 152 176 137 51 80 79 110 67 107 105 101 155 41 46 54 150 178 117 39 108 58 155 162 51 64 6 150 156 19 86 10 76 81 13 60 124 102 25 53 177 25 118 52 95 139 101 160 175 25 26 68 91 125 93 107 15 66 147 154 39 118 21 126 146 128 139 77 97 131 178 23 4 58 175 8 53 77 117 175 91 56 102 180 165 177 74 115 86 9 19 103 136 77 47 18 153 34 63 85 107 100 72 150 119 43 178 47 180 28 101 165 60 131 80 134 148 106 91 101 94 11 16 93 113 150 153 162 136 102 30 33 9 99 21 7 2 34 15 80 90 48 147 95 155 148 172 146 79 128 11 137 133 100 120 79 139 98 104 147 160 19 6 107 174 159 33 119 133 33 138 82 131 76 155 75 163 49 91 9 89 73 65 161 46 94 110 17 88 91 177 44 1 92 167 92 75 22 49 36 161 171 170 25 117 140 59 166 17 151 91 30 146 135 156 85 138 46 80 123 3 36 66 21 92 41 151 7 115 87 170 177 164 17 9 32 140 78 100 174 76 118 79 168 109 129 19 72 166 82 166 22 13 116 119 75 163 160 135 116 141 30 3 6 97 75 74 71 127 127 147 39 171 66 126 164 158 134 70 118 73 4 71 143 78 90 159 110 105 47 6 144 71 43 9 93 128 107 171 180 34 69 143 163 134 154 125 29 179 54 45 136 61 91 109 127 58 180 72 16 82 72 175 71 20 54 30 81 89 88 88 167 152 179 6 32 161 29 160 120 87 40 13 60 93 137 180 102 44 110 20 6 139 4 180 28 47 30 98 114 90 138 136 55 38 111 167 26 55 114 87 24 81 31 20 36 122 141 3 87 95 6 114 64 168 17 157 1 177 139 78 93 100 12 98 21 104 3 80 57 139 177 159 180 88 82 2 111 17 148 146 172 39 41 37 175 58 176 121 74 36 89 127 32 67 24 115 148 42 159 54 144 28 101 157 102 75 150 10 177 69 78 37 63 114 23 58 135 30 87 14 100 174 5 119 167 99 147 150 170 172 171 46 15 113 24 24 31 137 13 38 133 8 103 52 176 18 123 13 159 175 40 127 178 55 97 159 73 126 106 42 24 172 131 49 14 11 81 99 54 80 42 148 129 19 152 53 135 109 62 54 155 102 2 145 36 112 23 58 139 47 30 96 80 43 53 64 147 32 90 57 78 86 119 34 107 19 134 28 44 132 82 114 30 84 71 55 153 50 7 65 60 38 179 149 99 90 33 104 37 100 74 74 84 94 162 177 8 43 92 71 64 20 130 46 123 47 165 23 172 73 72 12 70 62 68 23 176 124 3 106 46 18 135 13 99 25 54 99 169 56 29 18 120 50 66 61 147 113 113 90 64 139 8 18 54 31 104 68 114 65 154 96 29 1 46 128 14 118 76 70 4 16 110 76 142 33 39 132 54 70 179 134 115 139 144 109 113 154 143 7 76 100 135 30 47 29 172 122 88 150 140 82 9 164 92 99 129 2 71 172 138 109 167 60 49 98 125 165 175 116 143 34 177 75 27 3 87 49 100 76 35 66 108 36 2 105 55 26 172 134 141 126 118 157 70 120 104 81 76 75 58 66 155 143 104 41 5 69 169 50 75 56 143 155 81 148 27 153 105 20 132 26 33 91 54 4 35 114 60 107 67 87 34 106 174 156 64 154 163 122 180 53 159 83 147 99 167 179 44 70 37 101 141 24 69 3 22 162 86 99 125 119 95 24 42 13 155 163 106 177 10 43 5 55 131 112 53 119 53 75 68 55 119 34 23 21 25 91 114 138 139 157 173 64 139 35 134 151 19 43 113 47 82 104 61 16 153 69 177 160 176 112 120 41 87 110 119 146 80 23 153 56 159 159 33 133 178 42 65 5 165 3 58 118 25 87 57 67 124 54 14 41 116 31 22 14 43 27 46 7 120 23 115 11 84 39 65 149 57 76 128 52 151 1 125 173 146 37 97 176 81 31 95 154 3 31 21 121 78 103 31 20 6 71 54 25 83 37 48 25 103 165 175 16 48 31 126 124 38 145 29 101 119 164 69 43 50 153 36 10 83 121 27 119 176 151 60 132 173 26 25 111 84 171 135 54 120 167 120 161 49 111 80 111 178 147 31 36 98 50 49 83 124 176 12 74 5 81 5 32 17 126 100 135 49 42 31 56 121 7 72 130 157 59 67 38 177 155 85 115 147 11 83 66 58 136 162 180 3 41 134 153 71 169 55 96 11 95 110 27 77 27 167 33 113 168 119 177 20 122 2 169 154 10 60 63 136 2 175 151 27 165 145 112 64 18 127 35 120 171 94 108 101 1
60 14 26 66 106 133 63 10 158 126 68 161 56 69 144 177 22 20 133 74 176 123 72 96 129 67 171 172 51 122 123 102 11 140 20 27 41 163 19 107 39 156 134 84 82 161 110 157 11 177 48 143 18 129 7 30 56 155 149 152 139 163 41 175 176 162 114 109 45 163 13 142 158 151 50 144 40 121 19 176 22 17 26 79 71 71 73 56 115 75 106 140 22 12 29 90 178 59 28 163 173 55 169 157 74 103 129 99 95 7 180 53 74 119 19 15 91 144 163 69 14 152 145 2 18 178 97 46 110 83 142 141 102 41 80 6 80 15 148 100 149 155 20 173 156 65 119 27 166 133 60 24 170 3 121 99 123 171 33 40 129 103 132 119 43 155 27 142 122 53 48 36 94 27 148 60 22 37 68 76 115 17 73 142 130 6 83 67 64 14 154 177 1 36 120 169 42 19 119 115 17 146 40 60 87 39 43 153 60 49 11 167 12 111 62 86 48 103 121 89 119 70 178 150 22 32 160 113 87 61 31 31 24 85 137 67 85 148 69 124 135 162 5 128 33 21 171 154 42 151 107 5 38 74 165 97 96 9 107 160 54 136 177 129 7 84 97 170 104 172 36 64 137 13 60 161 167 53 67 56 180 49 91 149 105 110 82 151 155 144 51 61 64 64 130 75 14 99 144 65 71 108 59 145 24 106 22 10 173 173 131 12 101 21 22 144 172 153 141 1 117 42 149 24 23 38 103 38 62 179 95 107 72 177 79 59 160 84 166 127 98 97 64 55 146 65 140 39 82 40 59 130 153 142 78 139 101 151 57 45 102 173 58 93 11 39 99 88 27 127 115 40 178 13 118 145 61 79 169 167 32 163 6 7 24 31 62 128 143 166 62 118 35 135 10 36 97 139 39 60 12 32 22 163 145 154 41 178 139 147 34 125 153 106 25 106 55 102 94 57 148 99 167 32 6 22 71 139 158 99 168 115 119 110 172 41 43 143 126 12 112 73 105 78 162 95 52 74 42 35 94 131 122 34 1 137 156 125 144 119 142 101 163 130 156 131 39 90 162 164 92 49 160 108 130 69 47 167 16 15 119 30 78 65 101 150 177 158 49 11 68 144 9 96 90 57 156 110 131 167 125 127 152 84 154 134 121 132 163 107 13 46 83 155 141 15 48 162 143 37 90 120 152 103 17 173 116 170 111 103 84 7 56 41 73 60 17 178 142 173 145 130 73 52 104 30 102 27 33 77 135 21 174 46 134 170 51 10 18 51 82 134 174 151 104 23 96 143 7 146 29 7 88 137 126 14 49 131 23 72 108 160 39 180 10 80 4 93 53 83 129 30 69 126 6 84 7 98 147 144 149 69 55 24 85 105 163 90 171 179 175 80 168 177 125 160 24 153 14 52 107 57 144 143 143 48 104 56 13 85 142 97 85 11 105 27 159 132 151 103 134 154 5 18 42 69 112 42 41 34 103 113 41 70 28 66 16 163 62 66 33 80 146 163 65 22 152 136 55 27 120 82 22 84 156 25 14 157 91 16 171 133 71 155 9 147 136 79 178 129 154 124 140 97 5 161 167 59 127 118 125 36 177 145 90 58 5 167 180 126 16 111 139 68 135 19 154 14 177 37 159 5 52 162 166 51 16 42 80 65 86 37 70 87 136 140 12 85 87 37 66 3 44 94 50 117 156 8 91 42 83 173 21 164 58 122 61 54 140 152 70 131 26 92 30 71 143 67 57 156 10 65 122 75 83 19 54 176 177 8 72 85 106 34 43 162 150 154 135 163 15 19 62 22 49 90 71 146 90 110 85 105 24 3 126 95 175 46 142 18 104 89 21 74 98 21 58 168 159 123 125 145 173 106 14 175 27 152 98 76 13 96 80 29 100 58 68 32 113 48 43 33 140 93 170 18 111 20 115 87 8 155 66 127 46 68 177 32 40 12 120 174 152 140 105 165 131 166 59 105 20 128 94 59 49 170 161 164 167 116 133 79 22 102 124 52 105 148 114 93 84 162 48 116 161 81 141 124 81 154 62 11 59 51 31 117 13 77 109 14 167 56 39 37 45 104 18 121 180 130 174 14 119 159 171 25 103 118 27 56 131 163 68 85 85 131 10 45 52 41 20 53 78 165 4 5 85 91 89 5 19 125 32 75 15 59 4 10 60 110 98 68 44 136 76 2 62 75 123 152 120 157 17 155 124 38 89 138 61 129 141 35 148 89 13 61 76 57 79 122 34 12 131 148 132 14 130 103 41 74 67 103 82 154 30 18 129 65 8 1 161 175 125 147 121 71 23 5 32 38 50 90 146 8 129 145 57 31 6 47 17 71 10 83 115 142 70 130 20 38 103 72 85 158 90 137 53 43 65 133
65 120 73 13 179 25 103 40 117 47 173 85 159 180 51 130 16 108 92 92 23 3 60 96 134 147 65 131 121 19 77 126 13 153 131 119 83 20 60 108 7 166 32 16 61 5 48 159 12 146 109 131 110 91 69 173 118 53 102 95 158 166 13 100 56 81 155 54 136 156 162 175 42 37 133 69 112 166 70 158 77 120 41 58 170 179 125 100 57 70 138 53 126 150 6 89 34 141 74 76 96 18 165 133 47 126 75 88 172 148 176 109 173 34 50 107 48 79 42 156 81 78 103 133 152 80 63 40 36 113 114 109 125 26 132 109 140 85 75 30 150 19 4 163 102 161 107 38 99 23 14 107 29 31 78 63 25 146 33 13 177 178 144 108 162 159 22 20 170 136 140 6 140 24 122 35 134 120 111 50 130 140 19 100 84 179 17 73 125 138 39 35 54 73 125 102 34 102 17 42 7 89 93 158 171 57 2 169 112 133 29 113 86 97 42 74 109 125 143 102 137 102 32 36 112 102 105 166 176 162 161 40 11 49 15 14 53 17 156 13 28 153 118 47 29 102 87 96 153 45 32 17 143 158 153 59 58 87 26 115 36 32 168 162 130 155 99 92 88 115 83 134 118 141 61 3 180 127 174 105 38 72 21 79 33 116 140 108 10 82 75 139 146 161 165 130 130 27 114 91 66 142 113 80 69 68 15 170 106 116 138 169 64 57 33 169 132 114 26 168 60 9 50 18 51 178 5 89 61 116 6 42 41 128 127 125 16 147 77 84 7 38 166 165 174 105 136 150 70 180 112 7 70 93 121 131 172 139 24 38 180 16 77 47 98 124 111 137 15 71 60 49 64 21 113 137 57 31 164 121 139 27 69 70 95 12 142 118 165 125 3 98 47 92 69 61 46 166 50 88 126 10 13 14 30 46 51 50 61 127 2 78 93 45 126 166 100 84 152 76 80 84 28 178 84 72 42 64 87 9 20 17 180 26 120 101 131 36 8 99 93 142 103 178 113 139 59 7 60 26 41 119 155 138 132 135 27 162 4 57 34 31 160 32 152 144 158 104 116 96 140 158 45 36 5 162 157 119 127 74 134 46 133 121 50 33 66 30 13 148 169 180 91 49 21 90 84 115 154 65 13 34 21 165 131 105 149 119 77 51 67 89 176 165 97 59 13 122 17 151 105 75 32 173 109 176 26 80 118 48 144 6 97 130 106 124 6 23 177 152 71 22 142 50 46 137 68 1 69 165 108 167 9 140 136 67 86 177 17 56 71 65 173 54 180 107 106 85 48 176 32 90 43 129 87 165 133 100 101 145 118 169 64 153 133 159 53 176 118 9 59 143 41 128 180 89 48 48 116 122 44 40 146 170 74 69 69 126 90 26 83 20 126 136 56 97 146 172 85 149 177 162 167 75 143 36 137 127 82 46 171 147 114 99 143 51 65 91 162 171 118 177 94 174 171 129 82 58 4 166 76 137 168 81 76 19 157 28 114 13 137 60 142 150 10 13 64 92 171 12 96 16 154 1 159 14 122 142 44 128 74 39 148 9 37 24 101 49 33 52 80 48 124 177 49 51 169 159 14 114 130 88 127 114 137 11 123 141 11 67 72 27 87 14 57 40 86 176 119 9 42 101 124 29 149 26 99 136 143 136 83 109 105 94 168 151 10 139 40 137 63 166 60 11 74 52 23 138 53 30 110 56 24 64 51 118 91 1 162 121 97 10 176 73 111 21 110 130 114 123 5 79 124 169 107 162 160 96 112 17 71 146 147 116 60 110 177 160 1 82 33 34 78 157 14 90 64 92 54 49 44 63 126 29 63 123 48 124 48 128 170 85 171 159 86 54 92 111 75 139 142 5 92 46 86 87 80 51 128 30 40 19 155 57 124 149 171 94 91 156 32 14 66 167 39 175 10 142 177 67 148 158 171 102 30 26 110 112 158 168 41 41 94 154 152 58 5 47 118 113 136 66 178 71 134 155 172 159 52 29 106 57 119 4 160 107 153 133 71 122 8 8 39 36 156 140 19 74 137 14 179 53 155 176 88 152 32 103 93 45 43 93 160 156 92 171 48 109 29 174 123 142 156 37 123 136 65 151 125 110 33 64 153 159 118 4 7 168 79 38 88 156 60 22 77 83 12 61 152 42 77 162 142 79 100 138 180 145 126 64 157 91 170 59 95 180 9 162 133 161 146 79 92 38 119 167 27 74 14 14 5 171 29 65 42 90 130 23 129 99 22 117 170 99 14 131 123 77 94 36 80 116 41 163 49 32 39 97 107 71 49 47 129 76 155 68 16 70 39 152 53 149 168 110 130 58 112 16 40 35 96 2 128 24 99 138 119 50 36 74 88 84 28 52 120 152 52 15 48 11
51 125 180 45 107 141 178 135 37 179 42 176 153 18 41 171 128 132 106 129 172 49 163 41 38 171 159 106 22 44 151 131 52 80 174 13 26 150 167 32 108 27 128 114 38 118 32 171 25 85 112 83 158 36 177 155 88 168 107 7 32 40 84 147 32 172 137 28 11 121 174 9 172 123 46 105 62 152 67 153 97 140 145 119 25 135 80 151 168 61 139 118 128 85 112 143 75 21 135 42 97 16 147 142 68 141 60 172 167 13 9 73 53 58 93 44 99 136 102 16 60 116 125 43 158 133 61 30 89 136 123 43 80 82 169 107 140 27 65 155 37 69 54 136 125 22 45 102 43 112 61 29 150 81 134 94 18 78 26 178 142 70 174 153 95 113 89 48 175 119 46 177 30 72 152 78 53 44 48 65 93 83 158 53 42 177 46 41 72 20 110 96 10 161 143 31 26 70 18 109 152 105 105 13 39 175 38 127 109 116 63 53 1 126 83 63 28 148 134 78 30 107 80 53 46 153 48 113 138 33 130 151 69 155 140 85 50 131 177 173 116 61 5 28 115 139 6 78 133 63 104 50 135 48 109 144 101 144 93 40 27 128 58 180 14 100 88 159 177 14 161 148 96 152 23 101 61 84 6 162 83 139 33 144 87 87 89 61 131 41 50 159 169 11 148 158 75 61 129 16 93 79 128 13 120 32 127 155 166 166 71 62 108 21 56 156 50 178 75 46 128 80 44 2 72 141 42 62 57 22 118 74 163 121 65 46 79 42 84 78 40 122 86 122 7 88 95 163 103 50 174 23 133 159 151 141 53 138 137 120 30 68 50 160 41 46 130 47 22 85 63 147 16 9 153 137 149 48 148 141 88 96 153 45 109 119 160 130 141 100 31 47 149 91 87 97 50 85 90 104 177 44 138 131 150 95 100 144 106 132 145 2 103 5 29 129 173 172 100 40 121 116 79 122 26 10 156 160 129 79 27 170 132 89 44 119 138 167 9 167 2 122 123 114 64 80 119 97 97 42 149 139 2 125 24 171 68 25 3 36 75 178 59 74 19 30 43 10 180 95 172 9 24 5 142 56 7 82 111 67 112 128 165 175 13 93 73 68 135 171 115 136 165 67 105 80 163 13 6 79 31 76 18 159 78 158 164 65 60 23 70 153 9 28 20 154 22 47 116 20 66 140 14 100 118 33 84 34 110 44 96 129 35 36 72 66 1 96 103 144 177 78 85 15 1 73 103 26 3 164 13 26 100 79 128 78 152 76 54 72 37 163 49 27 21 161 126 130 131 15 173 180 143 87 140 62 178 29 20 56 130 115 83 94 60 116 59 69 131 4 58 83 180 108 172 26 92 99 107 178 128 56 67 43 68 174 60 31 116 129 170 63 61 53 163 60 130 106 127 50 132 49 141 49 14 172 69 151 118 86 17 11 3 110 144 108 4 104 134 155 7 58 118 94 127 9 1 95 58 76 39 107 1 80 63 109 112 35 1 94 75 94 26 35 43 20 86 57 46 165 153 19 77 43 65 55 26 75 158 174 38 73 82 125 102 52 168 1 48 63 71 134 9 91 94 147 58 166 126 160 178 143 25 152 30 66 62 104 5 34 62 40 106 10 177 143 80 46 79 161 13 36 8 155 126 52 29 13 126 177 167 43 11 78 49 64 50 178 69 61 75 130 129 22 141 153 57 43 31 138 47 83 163 24 50 39 39 163 165 92 98 128 177 98 127 152 56 117 149 83 93 101 127 114 33 127 115 174 168 133 15 79 117 7 98 170 151 46 43 126 122 50 113 83 18 72 22 101 156 6 36 179 100 91 55 20 69 176 145 150 18 158 131 3 127 66 136 79 168 81 120 118 68 89 109 15 60 96 125 44 116 162 39 33 2 157 156 3 66 147 45 63 18 127 10 11 115 5 47 52 63 180 88 137 54 13 74 153 169 63 141 179 29 88 144 69 43 114 105 126 71 83 100 112 95 78 8 13 10 94 124 52 163 169 55 167 115 12 120 156 115 121 175 145 71 32 129 136 15 101 1 64 45 173 142 34 48 46 69 134 67 38 96 49 166 24 110 65 51 37 107 64 26 107 26 174 23 166 120 114 94 126 136 110 46 57 47 26 1 9 47 42 17 13 117 109 59 143 24 87 158 67 123 48 177 9 55 114 82 10 114 13 160 153 149 68 7 101 86 88 6 58 98 149 145 117 140 157 28 177 109 115 33 50 41 99 120 73 79 164 141 53 93 113 62 55 38 36 28 144 17 149 71 101 72 116 110 178 128 37 144 72 38 20 19 57 152 150 154 141 9 179 82 86 82 179 10 95 154 65 140 18 25 28 121 16 106 147 63 100 59 175 29 154 125 89 18 44 39 51
59 137 109 117 90 38 67 9 162 161 121 151 111 113 68 178 96 114 92 85 150 92 87 154 121 131 35 47 9 62 170 15 142 140 99 85 65 120 154 152 93 32 122 179 160 12 90 136 180 176 142 79 166 1 23 103 161 180 117 36 56 63 18 142 77 121 152 85 5 131 62 2 110 46 21 33 87 145 121 36 48 58 174 178 12 52 54 11 27 6 135 77 79 148 7 24 128 25 65 29 43 93 1 63 174 15 118 111 83 159 44 165 116 16 12 115 162 76 56 120 95 128 110 122 106 109 34 147 70 63 50 120 4 20 117 97 122 127 156 121 149 112 70 142 134 175 27 11 29 11 24 93 153 69 91 35 85 116 38 32 34 79 125 49 137 107 88 14 124 84 164 124 10 79 24 165 44 81 73 49 42 140 33 117 57 171 105 87 142 10 3 76 119 11 82 165 123 110 49 102 25 155 154 80 158 178 117 151 84 91 14 111 172 46 72 65 113 45 129 103 53 24 178 171 75 10 176 11 65 115 145 54 6 57 17 135 110 96 180 51 48 96 161 69 84 179 20 92 107 102 106 116 46 46 115 82 3 19 42 30 36 173 50 123 148 28 10 109 63 154 127 175 34 24 66 41 176 87 40 127 35 69 127 134 53 161 144 46 127 73 12 50 138 89 109 66 92 179 110 37 150 170 98 152 25 48 118 59 70 122 92 82 82 174 166 54 23 119 169 82 148 177 127 31 120 104 60 38 26 131 140 22 176 42 149 79 82 62 103 177 81 49 130 108 145 18 89 121 106 58 141 144 108 90 89 25 141 85 173 1 10 160 122 63 78 161 55 83 106 67 137 92 55 163 143 68 18 167 146 68 56 135 60 19 172 124 128 60 177 88 16 115 65 140 18 26 165 129 132 137 28 141 80 163 86 93 178 86 167 120 146 95 97 37 161 75 46 54 46 107 149 174 95 70 80 50 110 31 180 6 72 51 92 149 35 171 73 46 96 59 174 98 57 164 31 52 144 132 144 156 123 131 167 101 132 121 153 3 6 179 7 148 72 44 72 133 23 127 78 161 145 40 114 140 8 92 68 162 39 136 159 107 147 152 176 133 127 59 113 150 52 30 160 105 100 139 40 21 31 79 26 178 126 57 134 18 126 16 92 62 155 147 91 138 37 9 170 110 176 64 163 100 93 168 64 179 121 60 173 29 97 61 43 119 172 25 59 12 166 70 46 43 145 63 8 164 117 96 105 111 144 26 71 49 147 19 14 97 98 80 109 159 45 47 2 133 151 152 90 28 23 19 73 150 73 180 112 114 144 113 96 59 146 2 12 106 24 165 39 8 33 70 161 22 127 63 20 162 96 40 132 59 65 6 125 109 7 97 25 118 108 66 56 23 130 164 64 10 57 64 62 8 109 171 49 174 151 88 34 126 44 123 81 141 8 154 13 132 10 123 176 114 174 7 94 33 1 174 113 50 129 104 65 166 125 29 100 60 19 43 128 29 70 103 45 80 153 133 88 115 130 120 112 39 85 94 97 28 13 125 136 39 33 35 100 126 147 67 44 173 68 147 54 16 32 155 158 83 63 133 72 67 24 108 177 30 4 113 30 45 105 95 78 167 153 58 56 173 95 167 40 19 95 163 8 160 154 178 2 162 26 83 58 23 5 49 151 62 154 5 93 125 6 174 72 106 151 74 160 109 169 169 95 58 7 81 128 86 170 95 39 4 166 111 15 143 76 64 4 45 102 9 155 180 15 179 16 136 28 44 53 89 37 92 139 32 86 103 9 67 6 43 26 157 118 88 133 45 107 137 92 4 169 153 176 140 60 78 140 15 121 12 21 154 7 46 99 40 134 71 153 90 17 49 169 156 176 59 128 161 165 177 67 80 179 86 53 130 96 38 174 79 82 17 163 130 149 60 104 88 2 91 64 29 36 30 123 20 136 105 112 148 78 71 132 143 20 141 114 128 96 94 91 64 179 105 91 135 87 93 103 12 157 179 171 120 70 113 135 101 96 42 109 54 130 142 116 172 32 167 55 29 85 113 64 102 178 14 150 129 51 143 103 68 174 71 95 74 65 146 156 97 154 23 1 174 119 122 31 106 144 112 28 27 175 148 8 168 173 104 11 111 1 85 105 60 115 103 149 111 3 143 180 147 146 133 15 67 28 128 111 79 58 114 46 9 145 32 165 38 28 76 4 145 81 145 144 112 179 136 1 170 140 171 54 178 55 57 34 128 155 36 100 49 47 60 122 82 11 12 166 33 40 129 175 122 176 108 44 78 47 60 173 159 4 122 61 112 95 40 154 66 143 82 175 42 142 89 78 128 135 70 124 160 50 16 21 113 123 108 43 176 76 14 75 59 58 24 96 179
119 83 170 146 137 57 39 130 177 78 171 123 127 28 30 108 63 160 141 135 109 175 21 22 81 177 109 89 76 174 87 71 116 3 65 130 90 88 108 140 63 46 130 137 88 39 13 132 108 172 157 96 115 27 180 171 78 90 165 43 3 176 172 37 132 125 83 41 95 170 7 107 144 83 119 24 10 170 109 162 97 126 89 160 148 164 139 53 68 128 100 113 67 151 18 117 52 53 47 124 141 66 164 139 131 157 46 82 78 60 3 53 120 176 124 134 95 78 158 17 118 104 65 82 44 115 7 179 170 74 79 160 54 170 1 94 35 71 5 123 86 124 26 49 35 132 132 28 32 170 67 55 83 164 92 45 15 132 161 119 49 121 48 118 144 67 125 136 100 169 38 84 75 7 99 134 29 110 85 39 49 166 148 123 128 143 99 107 127 83 90 105 21 79 39 21 47 164 75 97 159 113 30 95 73 27 89 23 29 174 128 77 77 82 153 45 123 101 143 11 72 178 100 101 24 111 118 121 90 151 41 135 167 67 119 109 88 87 165 58 173 3 34 157 7 115 99 35 25 73 70 89 153 130 17 146 51 52 21 172 128 140 166 77 31 122 55 78 176 42 103 47 115 99 172 127 174 156 172 20 116 158 114 105 99 132 40 1 120 75 98 111 168 98 6 42 117 154 67 21 84 29 134 177 102 142 111 111 20 47 156 145 39 153 128 68 158 166 5 148 173 19 16 113 93 62 171 69 137 106 48 142 169 172 172 117 19 154 66 142 172 125 142 5 54 26 134 31 60 78 121 26 61 64 103 69 117 146 115 100 175 18 65 50 13 47 5 158 35 154 85 40 154 66 127 92 123 28 66 48 95 3 67 96 1 44 180 2 170 17 101 27 147 48 20 106 60 158 72 66 40 14 26 3 147 114 175 174 1 20 172 158 44 150 141 119 98 1 93 146 177 1 56 61 100 90 157 165 57 172 26 176 15 130 161 137 7 174 64 122 19 44 164 106 82 120 93 129 18 25 70 83 71 51 103 59 55 106 94 2 37 115 172 138 46 130 140 162 29 147 86 64 148 92 138 7 175 77 79 25 132 83 102 169 4 73 110 118 83 95 149 139 60 144 32 93 71 133 90 44 132 96 164 108 23 37 176 93 64 71 69 43 78 156 60 64 80 180 62 62 10 180 173 83 136 51 119 7 108 18 130 83 47 152 46 110 31 35 73 32 118 28 89 126 59 98 18 155 70 68 147 71 48 129 149 49 139 163 83 114 67 6 178 98 173 2 63 62 89 128 89 74 40 110 54 124 6 141 141 169 85 22 53 178 152 51 117 170 177 53 178 58 82 129 76 101 162 37 177 9 158 108 97 122 104 36 138 114 22 86 81 162 138 50 157 43 90 116 100 110 131 7 51 164 104 8 56 86 138 26 49 120 68 49 160 99 135 134 1 117 8 27 31 84 30 73 48 24 8 120 168 172 71 95 100 65 105 107 163 173 61 13 98 38 139 69 29 117 54 104 73 56 95 155 24 141 112 139 61 142 24 29 52 61 82 32 21 143 151 101 174 130 163 90 131 68 143 14 39 146 81 92 154 84 40 85 97 81 105 119 172 131 135 107 114 78 84 74 1 79 92 119 151 83 69 83 30 179 156 32 14 128 121 107 34 163 5 65 10 60 47 48 67 113 33 5 115 139 137 65 177 156 79 177 147 25 31 25 81 66 38 79 160 40 146 102 152 39 63 107 131 47 45 110 44 114 38 3 74 83 169 96 167 51 97 145 20 62 119 104 156 39 94 54 119 24 167 86 70 128 161 120 156 120 68 12 131 8 55 174 159 168 32 89 22 132 103 19 81 147 104 24 42 33 88 176 93 176 27 146 1 150 10 24 41 35 177 31 171 22 74 142 57 86 114 93 174 131 42 14 128 73 75 140 177 93 14 118 44 16 6 31 41 138 24 134 107 26 25 113 98 176 34 132 25 141 3 129 159 80 169 2 63 172 47 142 156 49 156 62 108 149 13 22 96 16 147 130 76 78 11 100 101 35 109 157 7 103 164 34 6 153 128 52 154 94 12 62 141 121 80 168 36 179 64 167 164 90 121 41 169 38 2 165 38 67 106 46 165 27 43 106 93 47 25 2 88 38 87 105 17 72 9 128 37 77 121 179 151 34 130 120 46 167 150 90 105 64 140 42 26 159 7 173 74 127 161 118 12 92 142 14 119 71 162 126 130 156 38 13 153 9 49 172 115 124 163 117 93 15 67 135 32 156 111 51 175 157 121 87 25 54 97 34 127 132 165 167 163 69 132 94 148 36 175 64 123 168 138 141 152 127 19 41 47 24 7 28 49 179 49 144 59 138 70 122 116 66 157 105
0.3
0.3
0.3
0.2
0.2
0.4
0.2
0.4
0.3
0.3
0.2
0.3
0.4
0.4
0.4
0.4
0.3
0.3
0.3
0.3
0.3
0.3
0.2
0.2
0.2
0.2
0.4
0.4
0.3
0.3
0.2
0.3
0.3
0.4
0.3
0.3
0.4
0.4
0.3
0.2
0.3
0.3
0.3
0.2
0.4
0.2
0.3
0.2
0.3
0.2
0.2
0.2
0.3
0.3
0.3
0.3
0.4
0.2
0.3
0.2
0.4
0.4
0.2
0.2
0.2
0.3
0.3
0.2
0.4
0.2
0.2
0.2
0.3
0.2
0.3
0.2
0.3
0.2
0.2
0.4
0.2
0.4
0.3
0.2
0.2
0.4
0.3
0.3
0.3
0.3
0.3
0.2
0.3
0.3
0.3
0.4
0.3
0.3
0.2
0.3
0.3
0.3
0.4
0.2
0.3
