70 12
15
22092
21360
20321
21025
20687
20338
21322
20661
19470
20933
21406
19971
20625
21419
21345
1.6 29.6 81.2 1.6
3.8 33 59.6 1.6
1.9 43 71.2 1.8
3.2 17.6 12.5 1.9
2.1 25.2 35.2 2.5
1.6 38.3 49.4 2
1.3 44.8 22.3 1.8
5 17.5 83.8 2.3
1 15.1 90.8 1.8
3 44.2 5.5 1.7
2.9 49.4 35 1.8
2.1 43.2 49.7 1.6
1.5 21.7 27.3 2.1
4.9 23.4 51.9 1.5
3.2 32.9 6.1 2.1
4.5 26.7 37.8 2
4 36.5 21.4 2.4
1.7 10.7 25.2 1.5
3.8 31.5 77.5 1.8
4 32.3 27.3 1.8
1.7 14.1 81.4 2.2
3.1 22.8 60 1.5
4.9 30.2 74.4 1.6
2.9 21 56.8 2.1
4.8 15.6 34.4 1.9
3.8 42.9 16 1.8
5 12 50.8 2.2
4.8 15.6 38.1 1.6
1.7 39.5 49.1 1.7
4.5 28.4 60.1 1.7
4.9 19 26.2 2.4
2.5 31.3 11.1 1.9
4.6 36.6 18.8 1.5
2.3 38.5 15 1.8
2.5 27.1 93.6 1.7
3.5 42.6 35.7 1.7
4.3 20.5 33.3 2
2.6 11.4 38.7 1.9
4.9 18.2 18.9 1.9
1.1 16.5 82.5 2.2
1.2 36.7 69.6 2.4
2.3 30.4 69.5 2
3.6 41.6 94.7 1.8
4.6 40.9 71.5 1.8
2.3 48.8 48.6 1.9
2.7 25.7 5.3 2.1
4.8 42.3 86.3 2.1
3.2 43.8 15.4 1.5
3.8 29.9 47 2.3
3.5 36.6 5.9 2.1
3.2 16.8 9.7 1.6
1.6 42.4 43.9 1.9
1.4 12.2 27.5 1.7
1.9 19 43.1 2.4
4.4 44 67 1.9
4.8 34.6 48 2.3
1.6 16.5 71.6 2.1
4.5 30.7 27.6 1.9
4.3 47.8 38.8 1.8
1.5 24.2 82.9 1.7
1.7 24.9 17.6 1.7
5 27 71.1 2.1
4.6 30.3 41.6 2
2.4 23.4 48 1.9
3.3 20.2 43.3 1.6
3.2 10.3 56.9 2.4
3 42.1 9.1 2.4
5 37.2 10.7 2
3.4 10.7 28.6 1.6
4.8 40 44.7 1.9
2.2 10.9 54.9 1.8
2.9 18.7 7.4 1.8
4.5 20.9 92.4 2.4
2.2 39.2 71.1 1.8
3.4 31.2 10.1 2
2 45.3 41.2 2.1
4 48 92 1.8
1.3 31.4 57.7 2.2
2.2 14.1 85.7 2.3
2.8 25 65.9 2.1
2.2 38.3 43.1 1.8
2.6 19.2 81 2.1
1.4 24.8 41.3 2.5
4.1 37 13.5 1.6
2.3 40.5 85.3 1.8
2.4 46.1 69.9 2.4
2.4 34 38.5 1.6
5 35.5 52.4 1.9
2.5 25.1 17 2.2
2.7 25.8 43.4 2.1
4.4 48.5 91.9 2.4
1.9 40.1 6.8 1.6
4.4 38.2 37.6 1.8
2.9 18.7 56.1 1.6
4.7 29.7 23.6 1.6
4.2 11 36.7 2.2
3.5 39.4 91.7 1.9
3.6 14.6 88.8 2.3
3.1 34.1 8.3 1.6
2.3 32.9 42.7 2.3
2.8 47.3 57.2 1.8
3.5 23.7 12.7 2.4
4 24.5 72.7 2.5
1.9 19.1 83.7 2.1
2.6 44.8 46.7 1.8
1.6 18.1 31 1.7
1.3 21.1 35.1 1.8
3.7 37.7 86.8 1.7
1 11.4 85.4 2.2
4.9 35.1 80.5 2.1
4 24.8 92 2.1
3.9 19.4 75.7 1.8
2.8 29.6 16.1 2.1
1.7 26.8 44.3 1.9
1.9 20.2 87.2 2
2.6 25.7 6.1 2.4
3.7 13.7 30.1 1.5
2.8 33.8 55.7 2.1
1.2 39.6 17 1.6
4.6 37.1 56.9 2.1
1.4 23.2 57.2 1.9
4.4 26.4 83.1 1.8
2.7 28.9 88.9 2.3
1.7 27.4 45.9 1.8
4.3 40 27.9 1.9
3.9 35.3 56.7 2.4
4 49.8 71.2 1.6
4 30.6 34.3 2
1.8 41.1 65.8 2.4
1.2 27.6 48.2 1.7
4.2 28.6 46.6 1.7
4.5 27.4 55.4 1.9
4.7 11.4 73.1 1.6
4.9 30.1 53.8 2.5
4.3 44.4 81 2.1
4.1 48.9 67.1 1.8
3.6 32.1 57.7 2
2.7 18.6 19.2 1.6
4.4 24.1 66.8 1.6
4.3 31 25.3 1.8
1.2 37.7 31.2 1.8
4.4 24.8 18.5 2.3
1.3 11 77.8 1.9
2.1 39.5 42.7 2.3
4.8 23.9 69.6 1.6
1.9 19.1 9.2 2.4
2.3 31.6 22.7 2.3
2.3 18.1 66.5 2.3
1.2 29.9 84.7 2.2
4 12.1 63.8 1.7
2.8 31.5 48 2
4.9 19.9 28.5 2.1
1.8 28.2 91 2.4
3.5 36.1 92.6 1.9
1.2 19.4 86.8 2.4
1.7 12.3 5.6 2.4
3.8 39.8 69.3 2.5
4.2 37.1 74.9 1.7
1.2 13.4 51.5 2.4
2.2 24.9 85.5 1.6
1.3 34.2 49.3 1.7
4.1 38.8 43.8 2.5
3.2 23.2 51.7 2.1
4.5 31.3 94.3 1.9
2.9 35 30.3 2.3
2.8 31 25 2.4
4.3 39.6 69.1 1.6
4.5 15.7 87.9 2
3.1 16.3 66.2 1.5
1.4 35.8 59.8 1.6
1.8 43 21.3 1.5
2.5 16.9 19.9 2.2
1.3 43.6 77 1.7
1.3 18.5 50.6 1.9
2.3 39.1 73.4 2.1
2.9 44.9 29.2 2.3
3.5 31.6 16 1.8
3.3 25.1 34 2.4
4.8 34.6 83.5 2.1
1.9 41.2 17.4 1.7
4 49.1 71.5 2.4
1.8 15.9 43.6 2
4.4 36.8 89.6 2
2.1 37.5 36.6 2.4
2.8 44.9 42.9 2.5
1.9 14.7 9.5 1.8
2.6 36.9 69.1 1.6
3.3 30.6 6.1 1.6
2.4 27.8 74.2 2.3
4.1 36.1 18.9 2.4
4.8 26.2 36 2.3
3.8 14.4 22 2.3
2.1 42.9 66.7 1.6
2.3 11.7 33.4 2
3.4 47.8 37.9 2.3
2.8 26.5 65.2 1.6
1.3 34.7 37.4 2.1
4.5 19.5 68.4 2.3
2 24.9 24.3 2
4.1 25.7 21.6 2.2
3.7 36.3 24.6 2.2
2.3 10.8 73 2.2
2.6 48.9 59.9 2
2.6 26.1 25.5 2.1
1.2 40.6 63 2.4
3.3 13.7 71.3 2.1
2.1 33.2 48.5 2.1
4.9 11.8 94.8 1.8
4.4 31.5 41 2.2
1.3 19.4 51.7 2.1
1.6 29.3 14.6 1.8
3.6 15.8 19.3 2.1
2.9 45.4 50.1 2.2
5 28.5 29.1 1.6
1.2 37.7 71.6 1.8
1.8 49.7 29.5 1.9
4.3 29.5 15.3 2.2
1.7 38.5 11.3 2.1
1.8 36.5 8.2 2.4
3 23.4 31.3 2
3.3 17.5 16.2 2.2
2.8 13.4 45.9 2
1.6 21.1 43.2 2.2
3.1 11.3 16.3 1.8
3.1 15.9 91 1.6
2 12.7 58.2 2.3
4.2 39.9 68.3 2.3
3.8 47.8 80.9 2.3
4 23.7 48 2
1.7 48.9 62.6 2.2
3 31.7 92.5 2.2
4.8 41.1 37.8 2.4
3.6 29 91.2 1.5
3.2 16.5 92.9 2.5
1.6 45.1 50.9 1.6
4.9 38.7 55.6 2
4.6 22 85.7 2.2
4.7 11.6 42.7 1.9
2.9 48.4 77.5 2.1
1.1 33.1 65.6 2.1
2.5 40.2 46.1 1.7
3.7 13 68.2 2.3
3.1 47.9 77.1 1.8
3 25.9 40.7 2.2
1.1 39.5 68.1 1.7
1.3 27.3 49.4 2.4
3.8 49.6 17.4 2.3
2.3 11.3 10.3 1.5
3.6 17.3 37.5 1.7
1.8 20 42.1 2.5
3.9 33 31 2.1
1.7 18.5 22 2.2
2.1 48.6 15.6 2
2.3 41.4 7.4 2.3
3 37.9 40.3 2.2
1.9 10.7 36.9 1.8
4.3 44.6 84 2.1
4.7 20.5 40.9 1.9
2.3 20.1 51.1 1.6
4.9 25.7 47.9 1.8
3.2 42.1 72.1 2.5
3.3 12.1 16.8 2.2
2.9 41.5 87.3 2.1
2 38.7 61.1 1.8
4.9 23.3 80.8 1.7
1.2 25.5 36.9 2.1
3.9 46.3 55.7 1.9
4 14.2 69.7 1.9
4 19.6 43.2 1.9
3.1 49 89.9 2.4
1.9 31 42.2 1.9
3.6 47.4 54.3 2.3
3.3 34.3 42.7 1.6
1.4 27.7 85.6 2.4
3.9 44.7 20.3 1.6
3.2 29.8 11.3 2.3
3.5 29.3 26.2 2
4.2 42.2 60.5 1.6
1.7 12.7 25 1.8
3.5 18.1 33.6 2.3
4.5 22 57.9 1.8
3.4 31.8 38.7 2.1
2.3 23.5 38.1 2.4
1.1 46.8 94.9 2.1
5 49.1 81.1 2.2
1 38.7 14.6 2.3
1.3 39.3 40.9 1.8
4.4 48.4 71.6 1.9
4.6 21.2 67 2.1
4.7 45.2 41.9 1.6
1.7 19.6 28.4 1.7
4.1 45.2 26.9 1.8
4.2 43 46.6 2.4
4.1 20.2 62.7 2.1
2.5 11.4 24.8 2.4
3 30.6 49.4 2.1
1.9 31.1 16.9 1.5
2.1 20.1 10.2 2.2
3 26.8 29.5 1.6
3.9 20 94.1 1.5
3.1 14.2 86.6 1.9
1.3 21.2 63.5 2.4
1.6 20.2 37 2.4
2 16.4 33.6 2
3.4 43.7 37.4 2.4
2.3 35.5 39.2 1.6
1.5 17.7 95 1.9
5 34.2 21.3 1.8
3.2 10.5 50 2
3.4 38.1 26.5 1.9
4.5 15.3 86 2.1
3.9 29.8 47.8 1.8
3.1 28.8 86 1.8
3.6 36.9 52.7 2.5
1.2 40.5 59.7 2.3
1.3 16 77.2 2
2.7 20.2 83.8 2.1
2.1 43.1 73.1 2
1.7 15.3 22.4 2.2
3.1 48.1 32.1 2.4
2.9 11.3 83.5 1.8
2.9 30.3 74.9 2.2
4.1 36.4 81.1 1.8
3.6 43.7 71.3 1.7
2.4 18.5 54.3 1.6
4.5 34.3 59.7 2.3
4 13.7 43.9 1.7
4.4 23.9 60 2
3.2 23.3 59.6 2.4
1.7 22.5 18.2 1.9
2.1 38.3 90.8 1.6
2.6 33.2 13.1 1.6
1.9 12.4 10.8 2.3
1 18.3 76.5 1.6
2.9 37.8 24.3 1.8
3.8 50 32.1 1.6
4.5 13.1 86.8 1.8
1.8 34.3 92.9 2.1
4.6 25.6 59.2 1.5
2 47.1 39 1.9
2 14.1 93.7 2.3
1 10.9 84.3 2.4
3.3 39.5 43.1 2
2.1 19.7 12.5 2.2
3.5 30.9 86.3 1.6
2.9 29.5 36.5 2.1
3.9 21 60 2.4
4.2 30.7 7 1.7
4 41.3 10.8 1.5
1.1 40.7 45.7 2.3
4.9 19.7 36.1 2.1
2.3 16.8 27.2 1.7
4.6 40.9 37.8 1.6
4.8 48.7 78.8 1.6
3.7 12.7 43.5 2.1
1.9 13.1 64.5 2.5
3.2 12.1 26.8 1.8
2.3 16.1 11 1.6
4.2 44.8 90.4 1.9
4.7 34 30.7 2.4
3.5 20.3 44.3 1.6
3.2 12.4 78 2.4
2.1 33.5 17.5 1.8
3.4 15.1 38.2 2.2
2.7 11.8 19.2 1.6
1.8 42.3 36.3 1.5
1.6 31.6 33.7 1.7
1.1 25 42.5 1.7
2 41.1 45.8 1.7
1.2 27.5 57.6 1.8
1.1 46.9 57.9 2.4
3.9 24.9 79.3 1.7
3.5 18 19 2
3.1 43 49.8 1.6
3.1 27 77.7 1.5
4.3 18.7 50.4 1.9
2.1 34.9 61.9 2
1.7 10.6 81.7 2.3
4.8 43 31.1 2.3
4.5 36.3 69.4 2.1
2.6 15 92.2 1.7
1.8 39.1 21.4 2
2.9 38.7 48.6 2.1
3.6 18.1 33 1.8
1.2 39.4 73.7 2.5
2.7 37.2 40.7 1.9
4.2 43.5 63.8 2
1.7 31.9 13.8 1.6
3.3 17 88.4 1.7
3.4 43.3 35.4 2.2
2.4 49.3 88.4 2
3.6 47.2 57.7 2.3
4.2 34.6 68.4 2
2.5 27 46.2 1.6
1.9 25.4 86.1 2.1
1.9 19 36.9 2.3
3.5 48.7 57 1.9
3 21 18.6 2.4
1.8 21.6 71.6 2.4
2 33.3 69 1.6
2.2 45.1 68.5 2
1 39.5 34.1 1.6
4.6 45.1 58.8 2.2
2.1 27.6 8.3 2.4
1.3 17.7 31.1 1.8
1.4 20.4 38.9 2
3.1 24.9 80.2 1.8
4.5 39.7 8 2
3.8 17.6 59.8 1.6
4 14.6 16.6 2.4
1.5 40.7 47.2 2.4
3.5 31 18.7 2
3.5 31.2 7.1 1.6
1.2 15 55 2.4
3.1 28.1 82.2 2.4
1.8 11.5 37 1.8
1.7 20.7 79.7 2.3
3.9 25.5 19.1 1.8
1.8 12.6 46.2 1.5
1.5 14.1 21.4 1.8
1.1 22.9 16.4 1.8
4.8 20.3 47.7 2
2.6 42.4 16.3 2.4
4.1 13.3 56.2 1.8
2.8 43 77.1 2.4
3.6 39.7 25.5 1.6
3.5 40.4 75.4 1.6
4 41 66.9 1.6
2 41.4 20.9 2.3
2.3 14.2 87.5 1.6
3.6 33.3 70.5 1.7
4.1 43.3 52.7 1.9
3.6 10.1 84.4 2
3.9 40.9 17.9 2.2
1.5 22.2 81.4 2.3
2.5 16.1 92.6 1.9
4.6 15 43.6 2.4
3.3 27.7 82.6 2.5
2.5 26 54.4 2.3
1.7 12.5 65.3 1.9
1.7 23.8 56.5 2
4.3 42.8 92.8 2.1
4.7 14.1 39.3 1.6
4.1 34.1 29.1 2.4
1.5 36.3 50.5 1.6
4.8 25.8 93.9 2.5
2.8 27.7 72.5 1.7
1.5 38.5 33.6 2.4
1.5 29.9 14.4 1.6
4.5 47.3 83.6 1.7
5 15.7 55 2
1.7 24.3 18.6 2.3
4.1 21.3 80.2 1.8
2 49.7 35 2.2
2.9 49.2 58.5 2.4
4.5 31.4 15.9 2.2
2.2 28.7 22 1.6
1.8 37.6 7.9 1.7
2.2 20.7 73.8 2.2
4 19.5 35.3 1.9
5 47.9 36.3 2
1.2 25.3 44.3 2.4
2.2 26.1 24.2 1.6
1.4 27.5 24.6 2
2.3 12.2 60.1 2.1
1.3 10.2 93.3 2.3
1.1 10.2 85.1 1.5
2.4 10 64.7 1.7
1.1 41.2 76.8 2.2
4.7 28.1 84 1.6
2.1 19.6 44.1 2.4
1.4 30.7 9 1.8
4.5 22.2 82.9 2.4
1.7 36.1 90.8 1.7
3.9 42.4 83.4 2.2
2.8 47.2 20 2.4
2 38.5 62.6 2.4
1.7 26.7 72.3 2.2
1.4 28.4 69.7 2.1
3.9 35.7 48.4 2.5
4.8 25.5 31.8 2.4
1.8 38.7 60.8 1.9
3.3 21.6 72.9 1.7
3.9 19.4 88 2.5
3.3 10.3 61 1.8
4.3 17.7 94.8 2.1
2.8 29.1 11.2 2
4 18.4 30 1.9
3.8 14.7 78.3 2
4.8 31.5 72.9 2.1
4.8 40.3 60.6 1.5
1.5 38.3 57.6 1.5
3.9 26.6 68.7 2
2.2 44 64.5 2.4
3.3 38.3 32.8 1.9
2.5 11.6 34.7 1.9
3.4 31.4 66 2.5
2.2 45.8 61.1 2.3
3 13.3 85.8 2.5
2.4 49.2 6.2 2.3
2 26.4 62.7 2.4
2.1 14.1 36.4 1.9
2.9 20.8 40.3 2.1
4.8 36.6 58.2 1.8
3 21 45.7 2.1
3.7 47.4 64.2 2.1
3.1 37 78.2 1.8
1.2 36.5 55.2 2.3
2.1 26.8 94.1 1.9
3.6 45.7 19.7 2.5
3.4 15.1 33.5 2.2
4 10.8 36.9 2.1
1 20.2 61.3 2.3
1.1 29 81 2.3
1.3 44.2 94.9 2.4
4.3 42.7 9.2 1.6
2.4 27.2 93.1 1.9
2 37.7 22 1.6
4.2 29.1 76.6 2.2
1.5 27.2 48.3 2.3
3.2 29.5 64.7 1.7
2.1 17.6 55.3 1.5
4.1 30 34.8 2
1.9 36.4 58.9 2.3
3.4 21.6 36.6 1.7
2.3 46 46 2.3
3.2 35.3 90.3 2.4
1.6 20.5 88.7 2.1
3.9 16.9 49.3 2.3
4.6 12.1 30 2.2
4.1 26.4 25.6 2.1
4.2 48.4 67.1 1.6
4.7 21.1 61.2 1.7
3 12.5 88.1 1.8
3 31 37.6 1.8
4.1 28.7 68.5 1.5
2.8 33.1 36.5 1.7
2.2 18.2 13.1 2.1
4.5 29 7.9 2.3
2.8 40.7 59.4 2
2.5 34.6 16.9 2.3
3.4 19.1 5.8 2.1
3.4 28.5 72.6 1.6
4.6 11.8 36 2.1
3.1 37.4 90.8 1.6
2.1 39.8 11.8 2
4.1 19.6 40 1.5
3.2 21.7 48.6 2.5
4.2 30.9 55 1.7
1.6 24.4 6.5 1.7
2.1 32.5 56 2.3
1.4 13.5 14.9 2.2
4 31.1 46.2 2
4.6 39.5 39.3 2.4
1.7 37.4 78 1.9
3.3 39.1 17.1 1.7
1.9 34.2 52.1 2.2
4.4 31.9 94.9 1.6
2.4 21.6 54.5 1.8
3.5 35.2 19.4 2.3
4 37.2 70.3 2.1
1.1 11.9 10.9 2.4
4.8 40.3 50 1.9
2.8 49.3 87.7 1.7
1.9 37.3 84 1.7
3 44.5 11.9 2
1.1 23.9 39.2 1.9
3.6 42.1 64.6 2
2.2 14.7 85.2 1.5
4.8 16.3 20.4 2.3
5 47 83.7 1.5
1.3 17 68.9 2.2
2.5 17.3 87 1.6
2.7 10.6 70.9 2.4
1.6 26.6 88 1.5
3.3 10.1 18.4 1.9
2 27.8 74.1 2.4
2.1 36.5 90.9 1.7
3.6 42.2 40.3 1.9
3.1 22.1 41.1 2
2.8 30.3 29.2 1.7
2.2 22.1 81.5 1.8
3.4 25.7 80.6 2.2
2.2 21.1 47.1 2.4
4 35.2 23.7 1.8
4.6 12.1 85.4 1.6
3.2 33.9 15 2.4
2.2 40.1 10.7 1.5
4.7 34 76.2 1.7
1.9 33.2 63.8 1.9
2.7 40.4 70.4 2.1
3.4 36.1 23.1 1.6
2.1 27.7 59.8 2.5
1.1 36.3 92.5 2.1
3.6 30.5 11.9 2.4
1.7 16.4 43.3 2.2
1.9 21.3 82.1 2.2
2.3 45.9 14.2 2.2
4.9 35.3 36.3 2
2 20.4 40.5 2.5
3 24.3 33.5 1.8
3.2 25.7 22.4 1.6
3 33.4 41.8 1.8
1.2 17.1 30.3 1.8
4.2 23.4 65.3 1.8
2 12.1 84.5 2.3
3.9 21.7 83.6 2.4
3.5 21.8 40.2 2.5
1.5 19.6 5.8 2.2
3.7 19.8 32.7 1.7
1.7 35.5 84.1 2.1
3.1 37.7 82.2 2
1.4 34.4 7.3 2.3
2.6 23.1 30.4 1.9
2.4 16.7 18.7 2.3
2.5 37.1 18.1 1.7
1.6 17.2 64.9 1.8
2.9 24.7 30.6 1.6
2.6 39.5 5.1 2.2
3.7 31.5 39.1 1.6
3.7 20.8 52 2.3
2.1 23.3 45 1.6
1.5 21.8 51 2.4
4.6 39.9 26.3 2.1
3 15.6 43.8 1.6
3.7 23.3 40.7 2
3.5 28.5 8.8 2.2
1.4 14.7 59.8 1.9
3.1 21.3 42 1.6
1.8 12.3 47.9 1.8
4.9 22.8 64.7 1.6
3.5 24.4 24.4 1.5
2.7 15.5 21.8 1.7
4 21.6 24.1 2
2.9 40.3 46.2 2.4
1 39.6 89.2 1.7
2.5 13.3 55.4 1.8
3.1 32.4 32.2 1.6
3.7 30.3 57.3 2
3.5 47.9 73.8 1.9
5 37.9 46.3 2.1
3.9 16.6 12.5 2.4
3.5 35.7 19 1.5
3.9 28.5 24.3 2.2
2.3 12.8 5.7 1.6
3.2 34.4 83.4 2
4.5 48.1 62.7 1.9
1.3 40.3 24.2 1.8
3.5 21.2 42.8 2.2
1 18.7 66.4 2
4.3 49.9 42.5 1.6
4.6 33 19.9 1.8
3.7 25.1 87.6 2
4.6 36.7 56.4 2.2
2.1 22.2 68.3 2.1
3.7 40.6 13.3 1.5
2.7 38.2 73.7 1.7
1.9 14.7 70.1 2
1.1 34.4 11.1 2.1
4.4 29.1 52.8 1.7
4.9 14.1 70.5 2
1.7 23.4 89.4 1.6
2.7 24.3 67.5 1.9
3.5 28 20.8 1.8
2.7 18.7 37.6 2.1
3.4 28.8 19.4 1.9
3.8 38.2 34.7 1.6
1.3 14.3 30.6 2.4
1 24.1 87.7 1.8
2.5 21.7 53.3 2.3
3.9 33.8 45.4 1.8
1 33.4 31.4 2.3
1.4 36.7 91.6 1.6
4.3 31.5 62.6 2.3
4.2 23 90 1.7
2.3 18.2 52.7 2.4
3 12.2 24.7 1.7
4.5 10.1 23.4 1.7
4.5 16.9 43.5 2.2
1.3 46.2 88.2 1.9
1 20.7 92.2 1.9
2.6 29.5 29.7 1.8
1.8 20 51.2 2
2.9 15.5 60.3 2.1
2.3 34.9 80.9 2.2
1.7 48.1 40.4 2.5
2.1 45.5 9.8 1.9
2.2 14.1 58.7 2.1
3.2 40.1 36 1.8
3.5 14.2 73.4 2
4.9 17.1 6.7 2.3
4 31.4 16.5 2
1.6 18.1 91.9 1.9
3.4 17.5 86.1 2
2.4 37.5 49.2 2
4.2 29 19.8 2
2.7 36.1 37.3 2.2
1.5 11.7 22.4 2.3
2.7 19.3 38.6 2.2
2.1 38.7 17.6 1.7
3 30.8 25.1 2.2
1 20.8 29.6 1.9
2.2 48.3 90.1 2.3
5 28.5 84.8 1.7
2.1 20.5 31.6 1.6
1.8 45.2 45.6 1.7
3.6 28.6 22.9 1.9
4.7 49.1 41 1.7
1.7 35.2 58.9 2
4.3 15.8 73.4 1.7
1.1 19.4 33.7 2.2
4.3 23.3 30.5 2.2
3.6 19.8 50.9 2.1
1 37.3 82.2 2
1.8 44.2 51.2 1.6
3.1 17.5 30.1 1.7
1.1 12.3 42.1 2.3
1.7 16.9 5.6 1.6
3.1 17.4 77.2 1.9
4.4 18 9.4 2.5
4.2 35.2 20.9 1.7
3.8 31.8 33.2 1.9
1.5 22.5 32.9 2
2.4 21.1 14.5 2.2
4.8 48.3 61 1.8
4.2 22.3 12.4 2
1.6 43.8 39.4 1.6
1.4 25.1 19.2 2.3
1.6 17.9 74.2 2.4
2.4 47.1 40.3 2
2.7 10 56.6 2.3
2.1 38.8 63.8 2.2
2.8 11.7 60.8 1.9
2.9 48.2 79.7 2.4
1.3 14.4 28.8 2
2 10.1 14.9 1.6
3.6 34.6 57.4 1.9
1.5 34.8 58.9 1.7
1.3 37.1 30.8 1.7
4.9 12.4 23.8 1.6
3.2 25.4 65.6 2.5
3.7 18.8 40.5 2.4
4.4 48.9 51.9 1.8
2.9 19.6 41 2.3
1.3 29.6 75.6 1.9
3 47.6 79.6 2
1.9 35.7 55.6 1.7
3.5 50 24.4 2.1
3.3 28.3 29.6 2
3.4 37.2 40.6 1.9
4.5 32.1 89.8 2.2
1.8 25.4 80.8 2.4
4.7 43 88.5 1.8
3.7 35.8 39.4 2.3
3.6 14.1 84 2.5
3.2 41.2 79.4 1.6
4.6 12.6 76 1.6
1.9 41.3 50.2 1.9
1 45.7 81.1 2.1
1.2 45.6 26 2.2
2.5 36.5 91.9 1.9
4 41 83.7 1.9
4 20.2 47.8 2.3
3 45.6 46.8 1.9
4 43.6 36.7 1.9
3.3 34.1 29.2 1.7
3.4 20.4 63.3 2.1
3.5 38.5 16.7 2.3
5 47 64.9 1.7
2.3 21.7 59.9 1.9
4.7 27.7 6.3 2.4
1.6 49.8 71.5 2.3
4.2 33.6 20.3 2.2
1.8 22.9 38.2 2.3
2.2 19 18.6 2
2.5 36.1 29.1 2.4
3 38.4 71.4 2.1
3.2 34.1 84.6 1.7
3.8 21.5 52 1.7
2.9 22.1 64.4 2.1
1.1 17 74.2 1.9
1 11.7 73.1 2.1
4.3 43.8 5.6 1.8
3.9 37.4 46.1 1.8
1.9 37.3 75.3 2.1
2.4 13.1 19.4 2.5
1.5 21.8 54.6 1.9
1.8 43.2 37.2 1.7
3.3 35.8 82.9 2.3
1.9 34.9 38.9 1.9
4.7 36.8 9.7 2.2
4.4 15.3 61.4 1.7
1.9 24.2 12.6 2
1.6 17.9 42.1 2.3
3.3 47 10.8 1.7
4.5 26.7 36.4 2.5
4.1 38.1 88.9 1.7
3 12 43.5 2.2
1.2 14.8 81.3 1.7
2.1 11.3 68.1 1.6
2.2 48.1 12.9 2.3
4.8 42.8 40.5 2.2
4.1 39 39.8 2.1
3 30 77.1 2.4
2.6 14.6 81.4 2
2 35.8 46.4 1.9
2.5 24.9 90.6 2.3
3 30.2 83.2 2.5
3.5 45.5 16.3 2.2
2.9 20.7 53.7 2.3
1.8 38.2 51 2.3
2.6 20.5 7.1 2
1.9 32.7 16.7 1.9
4.2 48.5 40.6 1.6
1.1 25.6 64.4 2.2
3.1 19.4 66.3 1.8
2.7 32.8 45 1.6
4.9 16.8 52.6 2.3
1.2 34.1 7.7 2.4
1.5 38 56.7 1.8
2.2 46.1 89 2.2
3 12.2 33.7 2.3
2.7 33.4 60.3 1.8
2.1 20.6 94.5 1.8
2.4 25.7 63 2
4.4 33.4 46.4 2.5
4.5 23.4 18.3 2
1.2 38.5 20.6 1.9
3.6 37.3 68.5 2.5
3.4 42.3 80 2.2
1.9 29.2 90.5 1.9
2.3 17.6 64.3 2.4
4.4 38.8 90.7 1.6
3.9 23.6 32.3 1.8
4.6 31.9 47.8 2.4
2.7 24 39.4 1.8
4.2 37.5 19.7 1.8
2.4 38.6 51.3 1.9
2.9 26.6 88.9 2.3
3.8 24.5 23.5 1.6
3.1 23.2 25.5 2.1
2 46.8 11.2 2.2
1.6 15.9 41.4 2.2
4 11 51.3 2
3.2 21.4 21.2 1.8
4.2 40.6 36.9 1.8
3 29.5 30 2.4
4.4 34.7 34.9 2
3.2 36.4 31.6 2.2
3.1 40.6 41.2 2.5
3.7 21.1 21 1.7
3.6 39.5 88.3 2.3
4.2 39.6 50.5 2
4.6 31.2 80.4 2.3
1.1 45.9 86.7 2
3.1 20.4 30.2 2.4
3.5 42.9 32.6 1.8
2.7 46.9 82.2 2.3
1.1 19.8 25.5 2.4
2.4 16.7 14.7 2.5
3.3 27.4 85.9 1.5
4.6 37.8 89.8 1.6
3.6 13.7 8 1.7
1.5 10.7 31.6 2
4.9 17.7 26.1 2
1 16.8 59.4 2.3
1.9 48.2 91.7 2.4
4.9 32.7 40 2
1.2 28.1 60.9 2.5
2.4 44.9 60.1 1.9
2.1 27.8 30.2 1.9
3.5 39.6 46.5 1.5
4.4 22.8 82.6 2.4
3 29.6 61.1 2
2.7 16.6 34.5 2
2.5 40.7 84.1 1.8
4.4 44.3 26.3 2.2
4.6 34.1 73.5 2.1
1.1 33.8 72.8 2.2
2.9 30 69.9 2
2.8 15.1 88.7 2.3
1.9 32.6 58.4 2.3
4.5 14.6 94.9 1.7
1.8 37.2 11.5 2.2
2.1 47 94.8 2.2
3 25.7 49 2.3
4.8 41.1 93.9 2.2
2.1 22.6 21.3 1.7
1.1 14.4 20.7 2.2
3.6 19 61.5 2.2
2.9 15.5 13.3 2.2
1.3 49.2 84.2 1.8
3.5 13.8 79 2.3
1.1 33.6 10.2 1.7
4.3 42.7 78.1 2
5 28.8 91.2 1.8
2.3 30.9 70.1 2
1.1 35.4 71.2 1.6
4.5 27.2 51.8 2
2.7 29.1 33.5 2.4
3.3 25.4 69.1 2.4
1.1 40.1 65.4 2.4
1.6 35.3 47.7 1.7
3 41.9 50.4 1.7
2.4 42.5 60.8 2.2
5 29.2 86.4 2.2
4.1 48.1 48.6 1.6
2 45.5 44.1 1.9
4.4 36.9 43.6 2.5
3.6 21.9 49.9 2.1
3.5 17.4 11.6 1.8
1.4 27 93.9 1.8
4 40.9 7.6 1.8
4.5 48.7 21.1 2.2
2.5 26.7 56.8 1.6
1.9 48.7 43.2 1.7
1.7 46.5 45.7 2.3
3.1 16.3 21.9 2.4
1.9 15.1 15.7 1.8
4.2 47.5 40.7 2
4.6 25.1 31.7 1.5
4.3 25.4 62.1 2.4
3.9 40.9 10 1.9
3.9 27.6 54 2.3
2.4 36 21.2 2
3.7 35 60.4 1.7
4.4 13.6 25.1 2.3
3.7 17.6 10.5 1.7
3 46.5 43.6 1.5
2.2 34.5 11 1.6
4.2 41.6 84.3 1.8
4.8 13.4 87.2 1.6
1.6 43.7 58.1 2.2
1.8 14.9 44.2 2
2.2 19.5 35 2.4
1.9 20.5 67 2
2 44.3 76 1.9
1.8 13.6 73.6 2.2
1.4 43.1 71.5 2
3.3 25 93 2.5
1.9 12.1 26.9 1.9
3.5 46.2 63.3 1.7
3.6 28 91.1 2
4.8 20.3 82.5 2.1
1.8 40.6 90.7 2.3
1.6 28.4 41.9 2.5
2.8 44 11.6 2.2
1.1 38.2 45.2 1.6
3.5 10.5 34.8 1.8
2.9 23.8 12.1 1.6
1.1 25.7 60.8 1.9
3.1 41 83.7 1.8
2.5 37.9 72.7 2.1
3.9 34 24.8 2.4
4.4 48.2 83 1.5
4.7 28.5 71.4 1.7
5 27.1 93.1 2.2
4.7 36.7 9.2 2.2
2.1 28.2 50.3 1.9
2.7 19.1 83 2.4
2.9 49.8 73 2
3.4 37.4 41.6 1.7
2.2 18.9 5.9 1.6
4.5 20.3 22.2 1.6
1.4 39.1 62 1.6
3.9 47.9 6 2.1
3.5 24.4 77.5 2
4.4 33.5 46.6 2.1
4.8 37.5 87.5 1.5
3.8 14.1 65.1 1.5
1.2 22.6 6.3 2.1
2.2 39.9 40.6 2.2
2 47.9 76.3 2.3
2 17.6 34.1 2.2
3.7 18.3 52.7 1.6
3.6 15 80.3 2.5
1.3 45.5 61.4 2.3
1.1 36 41.2 2.4
2.1 49.7 47.9 1.9
3.8 25.7 53.7 1.5
3.7 40.6 63 1.5
3 26.2 56.8 2
4.8 37.8 48.5 1.5
3.7 44.9 33.4 2.1
3.9 20.1 35.2 1.6
3.7 44.5 39.9 1.6
4.5 25.4 26.7 1.7
1.2 14.8 50.2 2.5
4.9 10.3 16.3 1.9
4.6 15.8 57 2.4
2.6 37.2 12.3 2
4.1 26.4 31.3 1.8
2.8 26.5 76.9 1.9
3.2 39.7 49.8 1.8
2.8 33.1 91.7 1.8
1.2 44 73.3 1.6
4.7 13.9 26.3 2.3
3.5 28.8 40.3 2.4
2.1 21.2 27.8 1.6
2.3 40.9 58.5 1.7
4.9 26.3 39.4 1.7
4.3 27.5 81.3 1.7
2.2 32.9 31.3 2.4
1.6 12.9 5.8 2
4.7 46.4 39.1 1.9
1.6 45.1 27.6 1.5
3 42.8 87.8 2.3
5 27.2 31.7 1.8
4.7 30.8 49.3 1.6
2.7 27.4 44 1.9
2.8 30.3 52.6 1.9
2.5 32.1 79.1 2.4
3.5 20.9 49.2 2.4
4.8 22.1 48 2.5
2.7 15.6 10.4 1.9
1 48.4 81.4 2.1
1.9 49.9 45 2
2.7 49.4 35 2
3.6 15.6 58.1 1.7
1.9 37.3 39.9 1.5
1.5 23.4 8.5 1.9
3.8 10.3 7.1 2.5
1.2 17.3 75.9 2.3
3.8 15.7 11.7 2.1
4.7 49.2 80.1 2.2
2.6 29.5 94.7 2.1
1 32.6 7.2 2.1
2.5 43.3 64.1 1.6
1.2 13.1 68.1 1.7
1.6 46.9 62.8 2.4
2.2 44.6 42.4 2.1
3.8 15.2 56.2 1.8
1.7 42.6 57 2.2
1.4 48.9 20 2.2
2.3 30.3 78.3 1.6
2.2 27 7.1 1.9
4.3 42.7 75.4 1.9
4.8 37.3 60.7 2.5
1.1 35 72.7 1.9
2.9 24.1 31 1.8
4.2 41.5 38.8 1.6
5 26.8 54.1 1.5
1.8 45.4 76.9 2.5
3.6 18.9 74.1 1.6
4.7 25 92.6 2.4
4.5 30 9.5 1.5
4.2 19 92.1 1.6
1.2 40.7 69.4 2
3.4 19.4 14.6 2.5
1.3 25.2 6.4 2.4
0.2 0.4 0.4 0.3 0.2 0.3 0.3 0.2 0.2 0.3 0.2 0.3 0.3 0.4 0.2 0.2 0.3 0.4 0.3 0.2 0.3 0.3 0.3 0.3 0.2 0.3 0.4 0.3 0.3 0.2 0.3 0.4 0.3 0.4 0.3 0.3 0.4 0.3 0.3 0.3 0.2 0.4 0.3 0.3 0.4 0.2 0.3 0.2 0.3 0.3 0.4 0.3 0.3 0.4 0.3 0.2 0.2 0.2 0.3 0.3 0.3 0.3 0.4 0.3 0.2 0.2 0.2 0.2 0.3 0.3 0.3 0.2 0.3 0.4 0.3 0.3 0.3 0.2 0.3 0.4 0.4 0.3 0.3 0.4 0.2 0.2 0.3 0.2 0.2 0.2 0.2 0.4 0.3 0.3 0.2 0.3 0.3 0.3 0.4 0.3 0.4 0.4 0.3 0.4 0.4 0.2 0.4 0.3 0.4 0.4 0.3 0.3 0.3 0.2 0.3 0.3 0.2 0.4 0.4 0.3 0.4 0.3 0.2 0.4 0.4 0.3 0.3 0.4 0.4 0.2 0.4 0.3 0.3 0.4 0.4 0.2 0.3 0.2 0.4 0.3 0.4 0.3 0.3 0.4 0.4 0.4 0.2 0.4 0.3 0.3 0.3 0.3 0.3 0.2 0.2 0.4 0.3 0.3 0.2 0.2 0.3 0.4 0.2 0.3 0.3 0.3 0.3 0.4 0.4 0.3 0.2 0.2 0.2 0.3 0.4 0.4 0.3 0.2 0.3 0.2 0.4 0.3 0.3 0.3 0.3 0.4 0.4 0.4 0.3 0.4 0.3 0.3 0.3 0.2 0.4 0.4 0.4 0.4 0.4 0.4 0.4 0.3 0.2 0.4 0.4 0.3 0.3 0.3 0.3 0.2 0.4 0.2 0.2 0.4 0.2 0.3 0.2 0.2 0.4 0.4 0.2 0.2 0.3 0.2 0.3 0.2 0.3 0.2 0.4 0.3 0.4 0.3 0.2 0.3 0.3 0.3 0.4 0.3 0.2 0.3 0.4 0.4 0.2 0.3 0.4 0.4 0.2 0.4 0.4 0.3 0.3 0.3 0.3 0.3 0.2 0.2 0.3 0.4 0.3 0.4 0.2 0.3 0.3 0.2 0.4 0.4 0.4 0.3 0.4 0.3 0.3 0.3 0.2 0.2 0.3 0.3 0.3 0.2 0.2 0.4 0.3 0.3 0.2 0.3 0.4 0.3 0.3 0.3 0.3 0.3 0.4 0.3 0.3 0.3 0.2 0.3 0.3 0.3 0.2 0.2 0.2 0.3 0.3 0.3 0.4 0.3 0.2 0.3 0.3 0.3 0.4 0.3 0.3 0.3 0.2 0.4 0.3 0.4 0.3 0.3 0.4 0.2 0.2 0.3 0.2 0.3 0.3 0.3 0.3 0.3 0.3 0.3 0.3 0.3 0.3 0.2 0.2 0.3 0.3 0.2 0.2 0.3 0.3 0.2 0.2 0.3 0.3 0.4 0.3 0.4 0.2 0.3 0.3 0.3 0.4 0.2 0.2 0.3 0.3 0.2 0.3 0.3 0.3 0.3 0.3 0.3 0.2 0.2 0.2 0.3 0.3 0.2 0.4 0.2 0.3 0.3 0.3 0.3 0.3 0.3 0.4 0.3 0.4 0.3 0.3 0.4 0.4 0.3 0.3 0.2 0.3 0.3 0.3 0.2 0.4 0.3 0.3 0.3 0.2 0.3 0.4 0.3 0.3 0.2 0.3 0.2 0.3 0.3 0.4 0.3 0.4 0.3 0.3 0.4 0.3 0.3 0.4 0.3 0.3 0.3 0.2 0.3 0.4 0.3 0.3 0.3 0.3 0.2 0.4 0.3 0.2 0.2 0.3 0.4 0.3 0.4 0.3 0.3 0.3 0.4 0.4 0.4 0.4 0.3 0.2 0.3 0.3 0.3 0.2 0.2 0.4 0.4 0.4 0.4 0.4 0.2 0.2 0.2 0.2 0.3 0.3 0.3 0.4 0.3 0.3 0.3 0.4 0.3 0.3 0.3 0.3 0.3 0.4 0.4 0.2 0.2 0.2 0.2 0.2 0.3 0.4 0.3 0.3 0.3 0.4 0.2 0.2 0.4 0.3 0.3 0.2 0.3 0.2 0.2 0.4 0.3 0.3 0.3 0.3 0.2 0.3 0.2 0.2 0.4 0.4 0.3 0.3 0.4 0.3 0.3 0.2 0.3 0.4 0.2 0.3 0.2 0.3 0.2 0.3 0.2 0.4 0.4 0.3 0.3 0.3 0.4 0.4 0.3 0.4 0.2 0.3 0.2 0.3 0.4 0.3 0.3 0.2 0.3 0.3 0.3 0.3 0.3 0.2 0.3 0.3 0.2 0.3 0.3 0.2 0.3 0.2 0.3 0.2 0.4 0.4 0.2 0.3 0.4 0.4 0.3 0.3 0.3 0.2 0.2 0.2 0.2 0.4 0.2 0.3 0.2 0.3 0.3 0.4 0.3 0.3 0.3 0.4 0.2 0.3 0.3 0.4 0.3 0.3 0.3 0.3 0.3 0.2 0.3 0.3 0.2 0.2 0.3 0.3 0.3 0.3 0.3 0.2 0.3 0.3 0.2 0.3 0.2 0.3 0.4 0.3 0.3 0.3 0.3 0.3 0.4 0.3 0.2 0.3 0.2 0.3 0.2 0.3 0.4 0.2 0.4 0.2 0.4 0.2 0.3 0.3 0.3 0.3 0.4 0.3 0.4 0.2 0.2 0.4 0.3 0.3 0.3 0.3 0.4 0.3 0.3 0.3 0.3 0.2 0.3 0.3 0.4 0.3 0.3 0.3 0.2 0.4 0.4 0.2 0.2 0.4 0.3 0.3 0.3 0.3 0.3 0.3 0.2 0.3 0.3 0.3 0.4 0.2 0.4 0.4 0.3 0.3 0.3 0.2 0.4 0.2 0.3 0.3 0.2 0.3 0.4 0.3 0.2 0.4 0.4 0.2 0.3 0.3 0.2 0.3 0.2 0.4 0.2 0.3 0.3 0.3 0.4 0.3 0.4 0.2 0.4 0.2 0.3 0.3 0.3 0.3 0.2 0.3 0.3 0.2 0.4 0.4 0.4 0.3 0.3 0.4 0.3 0.3 0.3 0.2 0.4 0.2 0.2 0.3 0.3 0.4 0.3 0.2 0.4 0.2 0.3 0.3 0.4 0.3 0.3 0.3 0.3 0.2 0.3 0.3 0.2 0.2 0.2 0.3 0.4 0.3 0.4 0.2 0.4 0.3 0.3 0.4 0.4 0.2 0.4 0.3 0.4 0.3 0.3 0.2 0.3 0.3 0.4 0.2 0.4 0.3 0.2 0.2 0.3 0.3 0.4 0.4 0.4 0.2 0.2 0.2 0.3 0.3 0.3 0.3 0.4 0.4 0.3 0.3 0.3 0.4 0.3 0.3 0.3 0.4 0.2 0.4 0.3 0.3 0.3 0.2 0.3 0.4 0.4 0.3 0.4 0.3 0.2 0.3 0.2 0.3 0.2 0.3 0.2 0.4 0.3 0.2 0.3 0.3 0.4 0.2 0.3 0.3 0.3 0.3 0.3 0.4 0.4 0.3 0.2 0.3 0.2 0.4 0.3 0.3 0.3 0.3 0.2 0.4 0.4 0.3 0.2 0.3 0.3 0.3 0.2 0.3 0.3 0.4 0.3 0.3 0.2 0.3 0.4 0.3 0.2 0.2 0.2 0.2 0.2 0.3 0.4 0.3 0.3 0.2 0.3 0.3 0.3 0.3 0.4 0.2 0.3 0.2 0.3 0.3 0.4 0.3 0.4 0.3 0.2 0.2 0.2 0.4 0.2 0.3 0.3 0.4 0.2 0.4 0.3 0.2 0.3 0.2 0.3 0.3 0.4 0.4 0.4 0.2 0.3 0.4 0.2 0.3 0.4 0.3 0.4 0.4 0.4 0.3 0.2 0.3 0.3 0.3 0.3 0.3 0.2 0.3 0.3 0.3 0.3 0.3 0.3 0.3 0.4 0.3 0.3 0.3 0.4 0.2 0.3 0.3 0.4 0.3 0.3 0.3 0.2 0.2 0.3 0.4 0.3 0.3 0.2 0.2 0.3 0.3 0.3 0.3 0.2 0.2 0.3 0.4 0.3 0.4 0.2 0.4 0.4 0.4 0.4 0.4 0.3 0.3 0.4 0.4 0.3 0.4 0.4 0.4 0.2 0.3 0.3 0.2 0.2 0.3 0.3 0.2 0.4 0.3 0.3 0.4 0.3 0.4 0.3 0.4 0.2 0.4 0.3 0.2 0.2 0.3 0.3 0.3 0.3 0.3 0.3 0.3 0.4 0.3 0.3 0.3 0.4 0.3 0.4 0.3 0.4 0.3 0.3 0.3 0.2 0.3 0.2 0.4 0.2 0.3 0.4 0.2 0.4 0.4 0.3 0.3 0.3 0.4 0.2 0.4 0.3 0.4 0.3 0.4 0.4 0.3 0.2 0.4 0.2 0.2 0.3 0.4 0.3 0.2 0.3 0.2 0.4 0.3 0.3 0.3 0.3 0.4 0.3 0.3 0.3 0.4 0.3 0.3 0.2 0.3 0.3 0.4 0.3
11 100 101 83 114 60 140 178 148 105 2 21 80 125 62 180 2 95 70 74 85 46 69 180 167 113 135 145 42 139 90 111 169 124 117 175 82 43 108 84 108 3 160 1 69 135 127 50 74 39 99 33 145 17 179 63 89 10 116 72 149 69 165 27 175 44 58 111 71 71 158 145 180 14 39 87 143 124 116 38 171 140 142 148 164 113 147 59 75 77 97 147 173 135 146 19 84 137 162 173 154 43 92 73 10 119 117 124 171 38 1 49 176 84 31 6 51 21 12 24 116 159 90 132 56 11 131 140 96 136 134 152 57 70 8 85 23 24 144 121 102 174 94 113 33 133 153 12 121 97 29 109 136 120 22 21 9 176 157 113 161 153 115 60 156 62 53 52 97 44 139 30 44 172 70 22 111 145 109 171 60 119 3 174 40 51 72 119 45 16 74 89 179 93 111 86 160 19 160 131 77 45 134 23 150 102 94 148 83 154 49 106 125 136 24 44 95 98 133 167 142 121 44 81 26 136 163 75 116 62 98 131 120 95 177 75 70 37 175 40 12 131 176 99 84 10 69 107 119 66 13 52 99 38 127 100 28 141 1 16 17 3 105 44 18 10 156 81 117 113 50 35 110 74 103 39 148 45 65 9 63 86 132 24 153 24 5 32 67 25 101 128 96 19 91 126 81 143 12 136 112 166 124 48 42 117 170 75 64 81 132 159 139 157 101 45 112 61 72 103 142 55 93 140 5 160 179 26 57 85 88 144 118 158 41 113 3 141 80 106 74 76 45 145 112 74 42 99 23 151 83 150 144 177 10 134 58 106 152 62 124 124 79 81 152 170 2 169 15 139 21 158 38 103 106 178 177 155 146 55 159 70 23 32 115 16 121 55 149 146 163 11 155 44 88 33 10 53 35 1 117 56 14 99 3 13 139 162 70 91 142 95 22 47 55 54 112 112 11 98 63 40 116 21 14 90 118 137 85 178 170 97 132 46 107 108 43 110 44 43 18 47 16 104 56 135 145 107 122 121 58 98 96 164 52 73 126 38 71 154 84 152 108 48 109 49 41 64 65 4 107 165 33 41 87 33 105 54 9 109 149 131 97 47 167 121 111 18 57 162 95 91 145 58 91 172 17 70 111 58 67 136 59 47 86 45 51 29 78 138 142 58 87 157 40 103 178 151 107 84 114 74 69 133 122 174 66 78 60 121 179 26 144 11 100 162 92 87 166 157 81 92 19 101 156 101 5 29 129 106 121 94 23 105 63 78 168 127 83 87 143 24 177 78 38 164 28 66 152 138 28 75 3 69 107 18 130 21 150 75 64 95 37 156 116 153 168 82 48 57 97 72 99 123 179 100 61 71 123 111 146 96 61 61 41 16 1 21 57 114 6 82 78 133 3 44 120 58 143 153 109 20 170 35 1 79 125 68 13 81 120 82 24 22 62 2 137 111 161 35 143 8 67 174 151 23 20 147 55 146 157 152 91 83 1 141 60 104 103 141 52 105 92 137 54 116 13 94 170 108 133 97 135 152 12 3 52 14 131 112 35 123 24 94 13 28 122 8 178 170 41 164 172 161 152 30 174 49 89 144 69 33 9 154 4 120 168 5 172 163 138 67 83 124 92 106 144 112 109 17 46 33 129 95 126 136 25 168 70 107 73 166 153 52 22 95 176 51 89 104 78 4 89 11 39 147 93 178 103 91 132 114 160 104 74 123 141 63 55 31 92 2 44 52 137 93 9 62 93 166 84 43 93 26 52 165 85 76 118 114 53 71 152 37 84 108 60 6 44 107 138 2 28 83 90 7 132 53 19 4 106 142 18 114 40 34 6 55 171 56 126 119 128 67 113 57 90 169 142 51 56 90 64 21 65 29 110 152 21 77 10 75 90 37 1 111 150 57 115 148 141 110 137 150 65 118 180 75 33 72 13 13 134 59 87 166 79 47 91 52 37 43 74 65 175 117 152 68 83 164 68 9 109 22 93 140 33 54 41 23 41 92 15 11 168 144 46 172 57 122 94 160 66 165 60 112 11 136 63 101 83 100 121 103 110 180 158 4 13 156 35 137 9 108 37 151 29 148 127 16 121 169 157 165 158 33 63 50 116 15 43 150 100 15 54 52 94 127 95 6 92 120 134 158 121 160 83 163 57 63 139 141 114 18 125 141 148 7 83 82 13 150 65 151 107 80 136 178 8 5 125 106 43 58 111 128 108 145 5 25 18 24 177 13 70 122 11 74 17 21 37 16 154 69 65 31 22 26 98 9 114 16 10 128 129 58 55 11 143 120 98 3 100 40 72 174 66 132 112 133 107 73 114 139 56 97 129 92 151 75 13 9 109 53 151 147 165 157 179 122 63 93 178 164 7 5 67 94 18 119
62 95 60 36 42 148 129 59 157 66 94 20 28 32 98 76 123 136 144 160 129 7 118 52 3 36 176 125 118 47 1 20 42 56 116 8 120 25 30 72 100 100 24 96 110 161 159 26 13 124 23 118 39 17 51 8 8 73 180 120 122 62 97 47 138 146 92 177 125 172 54 64 173 18 63 136 145 46 134 25 42 106 85 35 147 101 88 81 158 26 127 37 49 146 74 152 3 78 123 72 108 143 115 113 177 141 86 175 142 121 133 22 2 12 158 140 63 178 156 147 14 116 124 122 135 48 10 122 23 13 161 68 135 47 20 101 176 163 176 131 10 101 22 138 70 135 151 32 121 146 106 146 126 28 30 20 119 7 27 139 129 30 96 178 136 106 166 5 35 99 178 175 164 45 13 172 16 93 106 51 2 178 1 104 144 166 14 15 56 95 86 43 12 142 158 119 118 64 116 160 158 110 130 153 67 61 40 70 14 179 119 89 12 112 23 121 170 79 60 28 178 29 2 104 135 148 24 141 64 149 40 140 44 158 34 118 25 23 27 100 85 86 29 8 83 116 133 75 147 24 22 26 71 1 20 109 9 84 115 154 172 115 104 21 77 90 122 148 60 32 49 9 96 135 93 9 74 15 27 14 81 2 67 132 145 17 119 22 122 114 115 44 113 73 69 81 100 71 92 4 22 73 67 26 141 72 6 142 180 149 153 68 55 76 120 87 31 31 140 140 124 160 129 89 133 18 130 64 134 105 58 45 149 141 86 169 173 116 129 45 35 166 36 80 108 113 135 180 154 86 168 95 137 125 149 62 72 170 83 124 138 43 88 19 94 36 113 29 141 111 55 124 109 149 115 13 77 23 134 27 39 41 83 4 180 37 80 158 13 19 172 159 158 88 40 84 172 108 46 145 175 174 70 138 135 169 132 127 13 129 4 23 121 9 164 142 149 66 4 112 34 43 137 67 144 108 39 22 138 96 152 25 121 179 57 126 114 52 67 11 87 140 98 11 53 41 50 134 20 137 76 111 178 68 47 180 18 11 19 178 59 114 85 73 20 170 104 118 169 8 130 77 119 180 100 83 147 19 146 132 144 94 141 120 29 9 102 135 81 102 107 140 156 4 9 124 38 41 57 22 41 124 78 77 44 77 165 126 150 116 8 69 177 64 177 143 80 178 137 137 137 89 21 47 10 140 43 91 136 22 21 166 90 149 26 4 64 122 156 131 158 121 168 32 7 46 44 124 44 17 54 94 54 59 19 8 143 66 139 34 89 117 133 35 25 72 98 2 82 138 19 51 43 171 96 92 29 165 50 131 128 74 80 179 71 27 104 48 61 23 34 137 20 35 100 2 105 176 24 169 45 85 148 16 44 154 68 119 52 177 99 23 137 109 177 82 55 35 175 44 67 28 94 40 23 42 23 149 38 146 159 4 34 74 131 48 38 2 131 169 164 79 110 157 27 149 159 28 153 61 68 47 24 139 31 156 180 103 40 16 2 162 125 51 39 30 113 49 124 81 96 82 19 12 33 10 168 142 139 45 87 117 89 108 83 135 82 88 170 94 176 163 101 133 29 47 83 99 33 134 40 101 157 177 83 157 122 106 21 144 87 123 70 33 65 81 100 7 153 138 113 104 147 103 40 49 4 118 149 47 75 93 13 62 119 105 149 11 24 148 20 146 97 10 38 123 152 91 149 45 84 165 176 117 119 171 69 112 61 23 65 36 126 172 74 76 142 94 168 52 85 100 84 42 20 160 7 13 10 117 160 15 151 165 167 174 75 24 165 66 120 180 38 176 127 164 73 150 25 11 140 29 23 120 18 11 79 63 32 98 72 111 141 106 67 149 44 87 159 159 150 58 84 179 109 74 155 75 151 47 31 97 145 100 91 47 158 68 76 176 106 133 128 72 38 133 28 28 63 137 102 149 95 23 149 123 163 5 37 134 122 75 127 115 11 119 90 86 108 93 52 27 17 97 22 106 30 35 37 171 85 106 50 164 79 74 143 97 8 132 112 168 98 128 16 61 114 82 80 121 129 89 171 74 52 101 120 79 138 157 131 65 58 118 174 98 89 60 178 177 93 78 145 69 118 39 125 68 124 158 80 68 121 38 167 24 164 33 67 175 24 103 62 10 85 46 154 103 114 4 173 128 69 24 36 11 33 180 144 128 57 165 37 143 74 46 153 177 50 1 63 84 83 19 113 62 64 5 64 105 122 126 12 67 180 48 1 78 85 139 61 92 14 140 174 157 45 175 120 173 91 77 60 26 108 93 48 92 159 50 14 61 69 101 169 83 19 87 28 111 129 153 72 82 100 86 121 36 7 177 43 29 91 164 51 101 129 105 64 87 175 164 134 170 14 89 66 148 174 80
40 86 15 15 93 25 50 3 61 103 30 144 9 154 91 178 103 43 83 169 154 89 9 31 68 148 27 31 105 89 21 150 85 13 75 78 38 33 156 159 143 169 6 102 81 16 66 61 160 29 161 15 133 12 166 63 84 120 122 33 8 128 173 148 175 96 162 133 66 96 150 141 27 91 95 43 72 82 29 175 128 126 16 6 24 53 33 66 173 69 95 105 99 66 148 131 135 157 171 44 180 77 9 92 127 161 146 60 88 172 18 99 68 139 168 11 101 49 133 113 106 156 66 72 7 89 62 63 151 148 149 136 20 137 93 22 46 165 87 167 165 98 100 54 146 131 159 155 91 30 8 137 118 150 66 147 25 105 4 164 176 19 110 117 147 118 107 120 42 129 119 95 100 30 137 15 137 57 123 157 108 2 40 6 101 93 172 177 96 140 112 68 122 122 153 59 44 19 5 56 144 22 79 159 180 24 124 18 7 13 90 20 93 33 35 37 4 29 49 33 51 90 90 96 25 117 156 3 159 120 114 94 105 18 25 28 37 154 11 169 176 179 41 110 152 90 159 25 146 21 5 59 110 90 31 9 112 34 177 27 21 1 104 115 47 41 129 34 9 148 114 136 101 145 97 2 125 110 63 107 137 172 107 4 173 96 159 10 56 93 67 122 147 53 118 49 56 45 117 159 62 47 111 101 61 117 34 171 176 137 87 160 40 55 162 57 128 126 180 115 41 179 123 11 20 141 36 79 34 4 104 54 54 177 158 123 110 104 164 40 165 2 144 15 74 142 162 14 81 61 52 7 103 153 63 160 40 56 78 86 40 172 35 61 123 70 167 64 33 33 161 77 3 150 92 157 155 46 147 90 106 11 127 176 51 170 127 55 60 37 167 88 17 57 138 117 134 160 63 39 146 16 72 89 17 17 96 46 107 31 178 12 165 16 113 112 38 153 138 157 24 79 73 26 134 149 21 36 41 24 43 34 34 114 87 119 45 95 7 85 127 120 118 167 24 76 148 112 102 79 2 177 69 167 8 86 157 18 134 146 5 47 113 140 112 128 27 114 111 55 106 127 165 30 89 70 172 65 175 14 129 108 144 87 25 163 157 166 159 105 148 105 143 118 9 105 180 136 38 53 136 5 150 110 35 116 73 122 104 5 42 10 92 16 98 179 27 169 2 12 146 84 5 119 128 20 107 153 154 153 47 17 48 147 99 74 46 45 3 67 79 27 131 67 92 136 15 178 47 42 114 3 29 43 97 36 138 52 100 37 54 138 158 104 94 124 70 121 59 179 16 68 75 33 178 114 113 145 38 12 144 106 89 91 71 107 117 150 91 34 48 173 23 153 99 133 180 116 128 163 30 175 142 127 57 73 108 88 162 170 85 36 150 23 161 20 180 54 90 136 118 139 40 114 28 120 27 154 121 49 93 133 84 97 71 38 106 33 4 6 108 113 84 150 28 42 170 172 22 32 49 108 32 91 72 102 165 16 19 113 139 166 51 17 36 118 170 142 46 30 104 9 70 152 70 120 118 79 53 23 11 60 157 41 129 165 63 28 131 66 95 155 119 172 168 173 12 82 141 118 114 135 45 138 29 151 163 68 134 117 104 40 38 29 113 85 172 68 111 26 138 71 174 89 106 139 101 156 157 45 27 94 89 122 104 115 108 135 174 76 160 45 13 61 138 61 83 166 60 5 177 36 90 104 145 31 167 153 12 127 150 152 138 30 50 135 46 118 158 112 150 164 139 125 143 95 79 15 173 33 116 77 124 16 17 59 139 81 75 41 71 91 3 41 53 43 31 122 20 18 165 67 162 147 81 26 179 72 63 140 176 81 20 101 84 28 111 7 34 12 48 128 8 81 157 41 131 85 174 166 9 169 27 115 50 147 145 60 155 78 22 26 169 166 143 105 108 10 89 125 17 55 73 23 31 62 108 148 125 120 89 143 149 96 13 22 124 164 168 34 162 115 41 137 123 131 75 37 34 116 124 110 32 39 132 39 125 154 154 108 108 34 104 52 141 175 82 135 22 51 77 144 173 179 173 38 30 143 77 141 124 83 28 21 171 131 169 44 16 30 75 38 42 12 128 48 58 132 178 72 75 43 76 138 155 152 89 173 114 116 129 57 40 31 59 180 80 86 158 56 71 140 35 180 116 2 153 160 94 129 108 44 80 50 150 130 136 171 28 43 93 180 45 62 42 124 43 117 70 76 11 62 144 151 10 108 26 88 140 166 72 32 12 160 95 39 162 120 128 71 37 30 76 169 15 37 103 22 10 44 46 124 88 58 102 119 55 169 9 135 130 151 45 100 89 101 18 116 99 44 27 78 25 85 106 144 119 49 124 13 58 132 164 162 164 175 17 124 46 84
25 60 33 81 90 41 98 136 123 91 164 157 178 39 121 76 144 75 138 1 49 139 165 102 180 83 21 54 149 141 73 48 101 29 119 148 78 59 92 78 60 154 97 132 88 48 127 149 160 74 155 174 120 119 124 88 37 123 70 7 138 101 17 31 100 50 98 51 42 19 80 1 111 92 114 28 90 80 60 112 119 119 41 170 57 117 166 68 180 69 92 12 12 2 58 38 19 65 42 141 150 93 24 112 73 74 142 112 160 29 136 169 34 58 64 56 141 33 81 67 142 25 93 83 55 57 31 100 105 164 105 44 118 112 111 10 29 84 7 110 99 142 9 24 178 42 96 140 67 158 104 142 15 132 76 109 70 101 131 166 54 144 138 108 75 16 18 95 72 130 125 75 77 72 35 53 6 94 64 142 66 132 75 98 66 25 123 80 108 24 114 23 35 106 72 108 76 55 55 134 33 75 144 78 2 26 45 58 171 105 83 20 153 161 125 21 113 136 132 104 7 130 151 174 95 93 179 108 58 180 14 25 89 112 153 17 165 172 179 179 94 173 171 42 94 58 116 54 46 164 15 11 173 76 114 168 10 71 20 137 67 57 89 163 153 41 125 131 159 4 177 155 170 136 2 42 75 91 104 72 98 87 27 3 53 17 62 167 168 123 145 138 57 39 171 126 80 118 77 49 111 41 68 36 53 100 155 114 11 112 128 18 17 119 155 44 36 80 101 70 118 20 48 13 61 84 147 18 64 7 174 32 173 15 49 133 112 14 16 76 122 90 166 178 155 119 126 111 15 138 142 38 165 152 160 143 108 87 112 166 114 50 54 129 29 85 86 60 38 159 116 45 15 95 77 126 147 74 76 89 66 138 13 90 33 8 12 82 176 97 36 125 89 5 49 103 158 171 112 75 137 177 123 140 90 39 73 1 25 84 133 153 147 9 101 50 117 14 11 118 142 107 125 39 130 132 158 114 130 176 157 5 6 54 7 117 99 119 26 25 44 160 81 98 28 97 151 120 122 155 166 117 87 148 127 17 93 154 22 136 9 119 85 39 146 121 169 168 162 3 9 47 74 90 115 29 118 45 143 122 124 43 91 131 49 33 31 87 141 22 71 75 45 78 93 43 161 130 71 176 133 92 10 44 149 45 178 141 54 97 138 116 134 106 75 26 149 153 143 61 162 155 140 114 140 4 171 143 65 112 169 102 178 11 29 5 54 95 17 175 168 152 47 46 73 164 19 26 119 32 113 167 92 69 102 130 146 164 121 78 13 118 91 117 6 53 145 77 50 110 37 176 150 100 127 65 56 12 65 19 112 129 33 78 83 21 157 82 79 15 180 120 39 111 53 57 117 33 40 147 6 165 110 177 165 92 26 106 177 2 98 117 65 71 86 46 104 29 122 4 74 73 18 168 33 45 23 135 75 119 93 90 167 111 126 114 22 95 43 54 100 70 159 111 81 81 34 144 178 123 6 82 73 156 121 156 81 19 157 146 93 91 86 59 46 47 73 67 116 161 93 94 72 109 139 60 57 94 172 68 150 148 116 111 84 112 9 1 157 122 10 147 11 110 7 62 134 9 95 173 94 1 84 62 171 131 60 92 142 44 165 147 106 104 62 99 125 27 67 84 39 155 105 112 77 37 46 101 109 171 174 130 20 39 85 15 170 104 95 44 151 109 166 72 7 115 51 29 134 160 23 109 43 54 151 3 125 51 106 81 79 161 25 145 101 59 91 159 40 170 142 64 82 67 13 101 167 119 45 140 23 87 155 146 6 176 22 72 109 2 109 156 157 113 39 115 57 87 136 30 102 62 174 71 42 50 60 103 40 4 170 21 19 84 179 166 158 175 65 54 19 11 63 24 38 18 164 89 161 177 132 74 103 178 122 18 20 125 13 141 171 63 136 1 31 68 74 26 119 69 178 174 58 29 35 81 18 27 143 176 155 117 106 150 68 134 148 144 16 117 49 161 63 58 139 91 70 64 94 171 105 100 130 47 112 32 43 135 16 91 117 106 165 5 32 106 167 136 64 167 50 131 24 161 106 78 158 123 121 13 158 100 107 87 68 96 136 88 161 144 64 175 11 166 173 128 58 39 2 96 55 158 99 114 151 62 17 50 129 64 30 18 87 3 31 23 94 120 128 46 77 91 150 137 151 92 134 58 116 176 136 81 136 65 3 61 23 103 26 82 124 14 130 43 157 37 166 44 79 75 105 24 168 44 77 139 110 50 54 112 83 154 58 160 55 65 84 103 30 173 132 24 150 120 118 35 150 152 120 81 122 171 1 2 37 97 19 145 161 25 134 85 65 26 126 155 150 113 60 167 168 148 173 122 18 118 133 109 1 84 38 34 69 135 36 76 159 18 50 48
118 165 76 90 59 25 130 18 51 174 99 148 109 38 49 117 145 162 45 153 178 8 106 155 171 165 166 26 78 13 76 144 146 21 72 112 112 152 147 82 155 6 85 161 26 131 76 96 41 107 35 88 53 141 138 139 31 179 32 129 20 126 32 168 18 31 54 179 98 102 21 84 78 7 91 3 72 58 92 2 25 140 101 110 40 61 83 50 167 102 50 25 108 57 105 144 13 90 143 56 64 49 131 18 64 94 4 165 154 167 144 55 87 84 166 86 140 121 86 111 171 118 103 69 5 138 24 39 53 136 45 53 81 123 169 48 113 62 67 5 48 103 29 86 149 13 4 107 2 63 99 166 178 152 28 129 12 140 29 147 102 54 26 16 2 64 114 118 16 175 65 20 6 63 117 78 53 80 51 160 118 157 149 69 109 23 15 59 106 133 40 143 157 137 3 170 11 165 67 35 70 117 3 107 167 143 78 20 8 158 176 69 84 18 90 47 68 147 97 137 52 17 48 120 1 108 13 123 113 97 93 59 2 9 117 128 129 129 103 76 114 21 180 52 9 150 85 161 144 128 14 35 122 78 4 145 15 67 37 30 151 83 95 169 52 155 176 173 102 107 34 48 11 70 173 107 143 115 5 26 13 96 20 69 106 56 10 76 169 103 171 127 22 112 103 110 88 15 22 152 55 176 80 42 51 77 60 38 52 41 96 150 125 180 161 19 60 80 144 174 83 145 4 55 45 89 25 100 154 5 8 20 8 51 95 110 152 90 84 41 68 40 65 39 156 170 84 130 83 127 40 45 112 34 88 158 47 29 161 28 129 172 138 127 15 18 23 163 126 71 167 80 170 152 3 16 42 109 98 39 33 74 73 61 167 65 100 32 52 72 66 93 100 65 71 101 110 130 80 120 14 49 132 53 178 63 79 178 169 4 39 153 36 113 94 180 6 110 87 108 126 130 17 1 4 95 111 118 149 112 26 51 43 90 66 175 116 3 97 148 114 33 35 180 86 95 124 1 64 23 174 102 89 164 168 140 148 119 164 171 20 108 167 18 30 145 120 111 66 4 63 109 100 153 133 155 136 97 132 134 98 117 80 103 60 76 142 68 177 104 160 58 4 178 160 108 25 106 128 29 9 53 37 86 154 45 168 97 172 144 139 111 130 33 26 98 137 15 140 17 3 88 152 109 37 150 104 111 102 68 124 176 3 102 157 98 123 61 32 173 94 10 77 122 170 110 7 70 40 114 28 50 102 104 138 32 2 123 77 122 14 17 27 87 111 171 116 64 23 34 142 55 160 45 58 177 25 24 12 94 160 170 31 13 145 140 94 33 95 12 114 7 108 57 74 26 41 107 160 140 31 88 22 119 103 100 148 167 122 150 68 170 24 4 40 35 178 90 92 86 49 94 114 40 7 108 13 79 90 19 34 49 21 92 19 69 33 72 101 98 61 141 12 97 131 92 14 157 89 131 136 19 88 152 57 5 61 168 64 30 172 96 118 74 87 156 76 160 23 32 93 3 64 180 78 172 8 27 122 43 151 136 103 166 23 80 163 91 49 69 36 50 110 22 97 97 103 106 149 134 48 141 84 34 34 43 99 20 50 57 30 93 172 76 72 95 83 120 18 16 157 112 21 43 33 143 49 46 135 109 19 55 71 173 82 56 105 174 72 103 5 131 151 117 71 89 91 44 179 87 179 3 169 146 121 130 51 180 172 84 28 49 127 25 179 46 146 125 129 105 76 44 27 63 99 42 107 22 171 67 118 134 119 133 146 16 158 153 113 27 84 86 91 146 28 48 123 1 68 69 44 164 169 15 87 159 107 149 3 114 14 8 125 17 44 43 86 99 49 43 140 111 77 141 143 84 86 88 169 47 116 7 173 60 67 73 82 121 127 172 147 143 162 139 52 35 167 119 145 103 1 125 35 49 172 73 82 89 101 88 180 169 166 171 51 32 8 43 76 180 53 32 135 67 54 139 105 69 103 20 37 112 66 66 104 18 153 20 113 110 77 27 146 159 73 57 31 14 8 105 125 59 29 71 160 130 19 72 98 40 65 175 172 23 34 126 31 107 116 107 74 74 68 60 78 175 71 23 86 94 56 26 100 88 175 159 65 70 154 3 69 55 119 64 67 4 52 149 143 16 33 13 128 134 108 46 153 11 78 95 100 51 56 144 176 10 84 154 50 172 1 139 150 122 5 107 127 136 28 51 92 64 143 67 142 26 2 144 17 70 144 7 41 46 170 129 83 66 139 42 121 74 174 8 139 97 34 110 73 152 33 133 110 105 154 33 24 37 147 147 85 52 141 179 77 93 165 128 130 80 122 126 94 83 53 131 156 30 116 81 77 140 133 97 84 36 163 108 74 134
130 47 24 38 159 120 105 169 17 86 26 51 139 146 163 180 27 30 104 86 166 142 84 30 125 135 138 129 59 61 2 26 98 161 144 172 142 147 55 101 45 61 102 51 109 108 6 177 162 9 110 2 84 151 56 139 77 90 119 127 123 133 151 115 20 30 62 151 49 119 112 104 58 18 54 64 150 74 39 120 9 70 117 159 123 25 114 153 156 134 100 122 130 114 56 25 139 81 135 80 145 56 86 41 119 132 26 15 111 52 10 49 154 71 49 25 163 78 167 171 144 160 81 117 29 94 6 85 105 177 80 180 103 96 8 179 146 78 142 86 12 73 1 24 136 141 49 119 145 135 103 117 118 35 58 119 179 74 58 169 10 113 88 22 105 147 179 113 67 154 126 147 150 78 96 38 45 32 40 87 44 67 155 75 4 151 11 12 118 122 143 179 151 160 168 57 67 22 23 2 151 6 110 93 7 33 45 114 99 62 146 25 97 22 163 156 132 161 153 1 69 73 92 128 59 92 119 69 150 162 76 65 151 87 34 85 99 85 87 72 24 114 151 157 18 13 71 79 123 65 38 65 48 122 24 64 178 14 41 108 151 66 132 161 61 72 174 55 93 80 171 134 149 144 26 134 49 140 87 31 40 134 158 175 6 99 80 105 145 42 23 37 137 115 17 94 9 100 18 153 171 123 40 12 71 62 2 118 158 90 140 93 46 180 143 66 174 22 103 169 147 41 10 20 151 22 126 30 43 63 29 58 95 84 134 143 34 25 153 63 169 119 7 86 172 178 5 77 158 126 8 157 112 128 35 38 93 87 96 152 135 15 101 70 1 12 146 84 161 9 43 98 58 100 121 140 136 91 161 83 1 109 165 149 37 153 111 95 124 83 29 136 144 8 139 151 53 127 149 165 114 10 43 47 63 67 21 130 149 83 41 163 88 172 95 170 152 162 25 68 170 88 18 104 164 120 6 77 170 127 3 67 90 118 83 74 129 122 50 85 18 149 58 177 174 121 128 153 35 40 164 124 2 115 173 113 101 119 77 122 118 155 106 50 163 84 113 151 173 15 71 98 143 25 35 53 139 100 67 67 21 54 116 153 87 119 75 103 82 171 99 59 155 33 164 4 5 41 120 176 169 106 125 166 141 37 72 72 128 23 145 20 122 159 90 2 108 164 165 43 173 21 178 33 171 79 80 93 145 23 128 31 144 169 109 6 175 50 2 7 38 101 59 129 62 115 48 39 177 65 172 35 28 172 25 18 145 7 63 70 115 107 74 133 166 74 4 72 69 41 2 116 138 101 6 84 78 80 106 159 28 79 19 75 124 110 80 177 124 48 90 166 164 169 21 172 152 162 82 23 87 12 37 137 156 56 77 169 57 120 139 5 119 132 122 76 88 42 97 86 109 173 129 99 9 155 39 51 28 87 151 35 22 65 176 175 89 169 67 106 23 138 61 44 146 10 128 93 12 175 180 74 169 44 165 10 143 59 2 1 33 135 140 162 121 155 176 160 39 165 54 110 162 60 90 114 51 28 135 82 154 143 86 140 38 64 143 153 149 138 149 132 60 8 14 22 149 69 77 38 179 88 107 49 132 179 7 38 41 7 27 170 34 41 145 129 15 56 37 104 151 83 79 109 141 78 54 56 10 93 169 26 178 178 159 55 128 84 125 173 77 11 7 114 128 148 168 83 153 101 65 39 23 32 102 117 161 132 145 116 148 66 97 147 81 160 123 39 164 59 36 14 19 76 96 131 83 147 34 60 124 67 89 8 170 55 73 46 97 20 127 180 93 53 30 79 103 127 108 4 100 1 84 130 86 80 118 143 170 53 9 41 39 148 144 100 12 5 14 47 139 95 55 121 12 43 66 93 49 111 35 110 144 119 93 89 89 75 55 54 78 90 15 159 40 93 113 84 103 41 67 111 91 40 155 89 106 38 90 21 33 36 29 30 151 148 157 38 64 54 14 51 62 111 61 108 39 123 2 97 67 64 57 165 57 110 128 156 52 139 37 173 20 52 177 17 103 81 97 2 74 146 161 54 82 53 28 151 170 156 115 167 63 134 66 151 117 51 162 112 16 53 56 91 112 130 50 114 150 78 176 40 79 173 88 39 2 180 152 1 98 87 154 96 120 166 99 130 61 53 73 64 134 172 48 160 12 55 165 84 88 78 142 129 54 93 68 134 136 53 148 99 146 71 28 68 31 142 12 160 116 76 32 48 4 174 133 33 176 52 4 101 116 37 119 104 76 92 65 154 33 92 134 66 50 39 148 179 161 68 28 172 30 70 147 165 164 91 92 104 56 14 56 9 33 30 35 50 168 35 24 167 9 67 37 133 7 161 79 154 152 148 34 130 153 147 140 26 47 143
137 26 68 42 144 123 100 124 149 43 78 92 118 160 74 127 58 172 71 68 37 108 18 84 67 146 47 29 6 34 169 63 24 56 125 29 142 175 131 5 158 68 13 62 157 128 17 64 11 44 26 159 24 148 94 29 157 109 45 127 141 16 59 140 158 69 26 67 122 139 44 93 64 24 53 74 92 58 27 10 89 7 67 162 44 93 93 88 4 110 14 10 98 7 166 2 142 1 177 107 38 24 141 66 93 31 51 133 7 141 67 51 10 9 96 40 172 97 104 39 9 131 111 133 91 106 167 40 115 136 23 28 25 105 10 109 111 142 111 26 131 51 142 180 83 163 93 72 31 119 93 90 39 173 29 142 161 160 55 141 35 85 50 66 104 174 164 158 77 83 156 129 127 103 74 69 17 88 166 9 131 91 157 117 147 164 94 152 110 79 177 113 15 79 36 8 94 83 133 81 77 119 104 25 179 149 14 157 164 18 33 18 49 29 121 108 7 79 139 163 123 12 121 101 138 112 113 15 113 114 17 61 126 71 148 61 128 180 82 55 110 42 120 58 151 123 115 33 162 46 150 164 43 116 164 69 67 124 15 7 23 154 66 58 24 12 180 134 142 44 155 140 40 97 62 22 87 113 161 9 25 11 101 73 65 39 171 83 104 86 137 11 6 174 105 118 1 89 17 14 148 166 162 113 125 30 127 69 19 31 27 84 23 25 86 145 9 7 52 168 148 52 107 135 67 75 119 149 168 79 67 147 109 33 146 42 121 23 70 112 75 159 10 110 55 92 179 65 37 45 135 93 174 149 120 138 48 84 128 175 102 64 29 9 151 67 63 49 91 143 146 116 32 166 72 66 69 78 122 178 132 75 95 126 37 24 116 140 139 69 64 74 161 155 69 69 154 56 10 70 27 52 122 154 51 83 42 23 126 119 123 88 114 160 164 13 71 54 10 140 134 23 121 34 119 49 16 128 23 137 88 115 121 89 64 104 20 171 86 75 41 103 130 72 66 31 21 51 35 116 112 145 89 99 108 110 33 73 73 8 106 3 41 69 130 171 128 130 143 101 70 76 96 177 4 102 149 108 75 68 119 94 145 108 151 36 174 177 102 149 67 8 174 113 136 174 143 69 60 146 19 70 65 25 83 63 94 85 33 59 42 137 69 164 50 26 147 103 174 97 98 143 111 125 172 178 106 155 170 87 7 152 136 12 172 41 49 31 72 124 111 173 8 155 144 175 38 39 135 171 162 10 91 118 54 37 146 75 77 20 178 82 118 78 115 1 142 120 104 43 33 143 89 69 26 6 12 86 112 20 174 56 74 27 175 81 77 135 143 113 50 76 166 37 23 75 173 143 122 104 176 68 108 27 159 39 47 164 16 20 52 137 94 49 143 120 113 137 170 9 142 150 2 37 15 166 73 172 69 130 9 85 66 152 121 180 76 3 26 21 40 62 134 37 28 75 84 123 117 161 145 2 148 17 102 109 131 173 33 63 84 126 164 11 87 162 26 177 143 62 34 19 176 88 32 24 61 136 152 165 155 159 150 168 160 85 76 76 161 96 91 166 171 112 108 54 124 82 50 142 26 157 170 32 109 154 56 169 147 170 100 19 57 94 18 160 123 1 2 118 9 85 103 143 122 9 88 95 149 70 168 153 51 123 171 137 13 86 60 135 96 9 156 103 91 90 104 164 98 87 18 175 115 152 177 142 37 96 24 111 92 46 82 107 96 5 32 134 158 78 105 16 39 97 30 73 28 1 26 93 38 152 119 145 153 133 134 93 124 34 86 87 167 125 80 44 7 83 51 77 128 96 175 21 83 69 178 101 48 98 34 89 25 91 3 178 47 19 99 100 39 141 131 92 24 73 3 163 126 90 76 23 115 105 101 176 113 3 60 27 15 130 151 149 48 26 39 118 44 1 168 15 143 55 10 61 13 11 88 150 24 96 102 84 86 116 162 66 110 69 114 86 26 140 134 164 30 122 23 159 156 100 15 179 118 4 175 48 57 16 12 1 145 135 116 163 61 171 61 83 88 175 90 47 65 31 81 121 124 66 116 49 154 139 13 17 38 16 155 11 92 38 65 150 83 141 65 20 71 178 112 161 33 9 76 95 28 1 14 158 126 138 49 146 119 160 116 6 171 54 54 11 27 37 43 180 84 104 14 27 88 95 93 67 39 84 14 77 142 159 145 115 115 115 91 156 147 93 131 98 177 89 48 86 178 68 32 120 67 95 26 124 45 94 3 145 176 30 85 93 114 167 102 141 26 123 29 163 55 173 147 3 13 149 71 150 155 130 58 66 128 27 47 122 18 58 171 28 86 95 104 28 134 108 143 150 163 48 104 34 33 85 91 41 141 46 16 146 94 130
60 5 127 166 177 6 84 134 96 60 45 159 78 38 54 35 6 151 33 80 26 13 47 154 168 24 134 51 29 25 82 26 62 172 98 160 61 134 41 168 55 47 12 56 151 12 115 28 11 20 152 113 30 113 86 2 164 86 94 105 169 64 117 143 109 2 111 64 90 120 156 166 41 107 34 99 151 147 33 22 93 28 176 29 169 114 80 94 18 24 115 155 2 11 35 107 78 18 54 35 134 82 19 8 157 179 46 90 160 39 6 100 47 69 127 158 19 141 113 27 75 106 120 175 42 116 133 25 115 122 15 155 68 20 45 34 65 176 88 2 19 122 30 37 139 156 134 80 70 5 17 28 168 56 36 6 147 53 93 177 97 56 173 21 162 50 59 145 144 29 53 150 23 138 92 7 23 1 107 106 86 127 13 52 26 3 27 46 53 104 119 39 48 86 125 90 34 17 112 59 80 23 33 141 47 29 108 46 179 170 73 28 55 129 30 105 3 94 62 26 71 129 22 144 41 91 105 91 128 18 99 96 138 83 93 3 162 41 165 105 88 172 143 99 152 54 39 31 33 18 63 102 103 93 57 106 142 173 165 149 128 117 37 38 42 2 53 180 174 87 29 57 98 59 126 120 13 82 119 124 71 16 169 138 9 109 56 179 96 119 51 52 56 8 46 131 165 50 110 36 68 169 131 124 128 121 21 41 58 70 56 176 5 77 20 73 21 74 171 14 75 137 16 40 4 180 104 93 164 23 176 150 55 48 114 123 124 109 112 13 146 34 93 84 141 169 145 178 107 120 157 49 39 86 153 159 75 171 112 41 56 14 110 119 19 111 126 64 150 16 152 24 58 133 152 13 135 103 50 37 77 6 144 139 168 43 100 88 178 12 111 72 13 64 166 130 93 139 16 83 89 168 141 67 98 5 124 24 29 100 89 158 37 19 100 127 4 110 59 150 138 64 10 17 162 122 34 119 173 90 12 135 177 99 104 85 4 178 170 168 11 28 3 135 17 36 137 87 46 67 160 127 61 66 170 82 97 2 172 91 155 116 72 163 29 178 19 50 154 128 93 176 41 69 59 12 87 60 31 91 146 87 26 79 95 77 18 157 46 101 71 75 72 49 16 23 37 96 6 99 56 49 76 34 150 96 136 90 180 86 103 153 3 39 88 35 59 32 108 130 31 85 1 45 41 36 155 81 177 76 142 143 95 86 17 34 3 47 96 161 12 171 72 7 107 79 150 85 141 119 86 84 7 58 83 33 121 71 64 130 102 107 9 138 63 55 128 32 72 43 111 33 156 59 50 23 145 20 49 173 18 120 166 82 139 62 153 171 153 2 97 144 138 137 114 125 93 67 176 118 116 100 125 153 115 173 88 123 4 174 127 123 1 142 107 172 35 168 54 27 175 94 159 32 122 160 23 92 146 61 177 90 153 160 8 29 113 62 8 125 78 94 6 90 32 31 96 97 52 107 5 165 61 125 109 166 141 65 48 101 111 136 137 106 51 120 110 71 40 38 142 16 123 150 93 12 117 39 44 57 81 161 142 75 97 136 52 19 70 110 96 16 147 101 69 91 98 112 142 135 150 119 173 114 46 94 144 117 134 78 152 97 162 164 178 110 148 136 87 76 35 38 126 13 132 70 145 107 157 9 50 85 155 170 30 104 99 86 54 59 77 114 133 56 176 178 62 171 16 61 88 75 24 37 69 87 76 67 44 96 72 72 145 97 143 179 106 179 11 90 165 143 146 80 117 127 143 152 103 178 23 163 141 13 93 164 172 102 6 62 177 20 172 93 25 137 81 117 172 110 178 29 170 112 28 53 107 180 104 9 100 171 92 172 121 45 146 28 158 133 180 123 39 30 77 111 53 171 124 129 38 150 160 59 91 29 158 120 59 26 40 33 163 134 62 174 67 144 8 147 27 149 84 158 64 14 44 131 46 138 103 42 21 95 117 90 37 19 85 37 84 148 161 56 104 11 41 141 115 95 84 139 117 109 99 78 132 164 5 48 88 140 150 88 127 59 16 174 14 136 174 114 49 123 138 74 109 180 13 31 130 134 64 91 104 3 168 15 142 55 15 129 68 145 169 151 10 111 20 40 102 55 108 82 136 76 141 56 168 169 15 104 41 165 95 144 2 162 85 67 16 95 68 150 93 105 119 58 172 94 119 74 87 44 41 173 143 36 34 109 114 47 120 106 118 152 81 75 139 157 73 73 106 9 149 90 41 24 167 157 59 33 163 149 56 146 172 97 61 49 62 31 77 176 97 130 92 65 174 24 56 108 62 99 3 14 120 140 55 64 50 69 98 132 121 11 154 108 174 35 144 176 101 137 51 148 61 146 124 179 128 162 77 43 32 89 108 30 112 161
41 163 80 117 178 130 15 6 44 42 106 75 122 10 4 54 33 159 30 144 42 57 16 55 163 122 179 137 121 173 144 43 93 2 176 67 41 111 163 76 37 76 109 52 131 167 53 93 11 90 42 99 74 114 116 68 172 36 90 73 71 173 142 57 26 166 67 126 113 37 64 23 130 31 39 4 54 12 71 38 169 109 105 133 72 81 100 82 102 149 1 152 164 107 49 117 178 20 133 113 13 107 51 132 164 116 5 48 37 155 58 111 7 126 131 146 24 174 15 155 165 64 26 77 139 87 84 40 105 26 129 94 104 31 84 39 159 173 73 83 18 48 41 113 122 39 95 156 78 21 28 91 65 85 2 66 91 133 72 35 97 89 9 96 30 30 18 179 91 49 73 106 16 13 48 126 106 60 48 157 149 98 116 133 72 134 170 180 16 89 110 37 10 177 169 72 64 19 177 136 159 103 111 40 34 111 68 8 87 152 55 170 111 16 153 75 119 62 124 77 117 59 22 87 165 54 121 99 166 11 142 129 134 126 171 151 134 108 60 83 144 48 38 44 97 74 65 39 84 179 45 96 11 134 42 177 164 22 65 137 101 147 84 154 143 18 74 49 58 134 151 141 21 38 147 92 96 92 74 158 153 11 75 70 28 94 125 51 109 45 114 61 83 111 135 176 52 66 30 83 121 172 69 131 111 62 169 54 97 92 152 168 14 147 149 179 87 58 18 87 39 175 47 6 111 5 93 121 78 33 13 121 6 176 138 24 175 91 126 155 92 32 63 71 66 45 149 137 103 124 15 102 50 60 127 23 142 34 135 90 113 48 46 76 61 140 130 72 25 125 97 163 41 79 55 166 48 20 166 154 140 176 1 133 111 24 179 68 146 125 44 79 43 110 136 100 76 87 82 139 126 94 41 110 103 109 29 89 138 40 42 166 115 88 90 180 153 117 4 147 111 29 163 155 128 105 49 68 1 124 75 180 107 61 100 64 107 49 173 58 14 96 86 158 174 26 127 87 104 153 154 117 34 118 97 21 37 157 67 159 153 27 126 37 83 61 38 24 123 7 98 159 163 164 177 24 81 112 58 19 142 83 174 155 34 115 39 25 110 101 46 27 50 99 169 147 69 73 137 39 135 172 85 101 84 88 96 29 97 177 127 58 133 83 27 43 24 33 4 98 153 28 15 28 55 99 126 177 90 42 136 67 170 1 55 18 158 40 7 99 57 74 130 15 8 132 78 154 130 139 8 142 176 27 63 167 109 69 115 4 64 16 133 8 123 125 6 146 43 18 119 73 123 15 80 93 5 139 34 32 131 99 71 95 91 114 93 170 119 57 65 67 104 69 89 46 140 31 179 1 177 3 10 102 107 33 100 157 116 174 175 96 140 69 164 139 29 173 39 35 158 127 54 104 139 145 42 33 139 145 64 44 97 64 84 61 150 61 170 29 85 78 23 132 9 104 46 39 171 74 134 103 20 33 155 52 87 152 14 148 51 81 37 167 45 2 96 87 5 49 18 101 166 179 48 45 83 34 21 180 118 103 102 162 137 125 20 129 111 31 48 67 49 13 99 49 137 70 4 107 48 102 175 87 125 131 149 9 66 103 88 73 89 50 60 132 148 77 83 41 115 115 91 142 109 156 17 162 159 8 115 94 172 92 36 128 105 90 26 154 154 24 29 132 53 4 180 26 32 12 43 73 72 22 37 157 106 96 93 58 160 103 154 38 48 3 2 104 49 69 154 1 159 46 19 21 87 101 26 163 66 143 167 91 57 34 12 134 84 159 37 13 54 173 93 16 55 34 145 4 140 101 156 179 23 37 6 91 102 2 151 20 64 11 86 98 51 133 9 149 147 79 125 98 16 20 66 61 27 133 123 25 66 112 67 159 35 159 120 72 173 51 52 43 144 169 132 105 34 30 103 159 91 67 138 115 173 9 63 167 73 61 60 21 88 123 176 113 173 97 20 80 135 58 158 155 109 145 132 157 136 61 91 27 126 144 58 131 77 50 177 92 65 164 44 160 179 126 162 98 62 64 102 113 148 107 108 94 88 16 154 69 115 97 1 99 113 138 133 131 121 169 125 58 7 46 19 174 178 50 57 132 135 28 159 72 98 37 88 109 19 43 176 24 57 7 131 82 157 116 101 32 29 169 34 159 88 41 65 179 40 90 116 79 27 128 128 179 165 57 42 101 157 43 168 61 50 168 7 171 128 99 125 172 106 178 1 72 115 57 35 118 156 117 3 126 17 140 103 35 84 60 29 62 52 48 113 55 167 62 159 120 136 40 35 115 123 26 9 23 93 128 102 116 46 67 97 168 13 74 15 26 89 79 124 84 8 6 57 58 166 73 43 45 63 141 38 58 102 5
41 155 69 31 19 145 80 10 3 163 86 58 134 43 136 162 23 133 116 94 93 163 50 75 92 9 71 174 29 110 170 116 14 130 150 144 103 36 143 180 100 43 176 130 146 29 77 98 20 93 164 26 154 78 8 60 114 94 6 81 12 62 136 59 33 105 82 74 4 1 129 162 24 24 21 135 41 55 99 9 168 97 113 100 146 76 173 72 61 131 140 115 123 148 77 65 135 66 142 35 134 41 99 135 3 111 160 50 62 135 107 103 96 146 40 106 15 98 108 153 117 146 2 160 92 174 135 171 88 81 28 117 4 147 179 94 59 144 27 44 34 53 13 120 45 2 166 67 172 77 83 155 25 92 61 180 104 147 130 154 119 130 20 178 98 153 140 9 159 141 58 11 159 63 162 157 106 75 11 178 136 67 107 127 95 139 124 171 174 70 115 11 143 58 17 30 85 94 94 29 176 92 178 15 48 97 70 97 177 125 115 35 104 165 69 148 153 43 37 140 109 129 143 77 44 3 100 138 54 51 156 75 162 56 27 63 97 140 65 93 115 120 65 13 146 81 22 135 47 2 142 6 136 92 101 50 172 28 99 37 32 56 49 94 160 52 6 129 65 86 33 152 174 146 39 110 27 3 123 68 177 17 98 73 147 40 141 90 58 19 118 19 145 156 18 28 118 120 149 82 108 42 120 57 147 22 89 122 134 176 63 173 27 132 111 88 88 38 55 149 161 32 60 179 168 90 128 105 119 125 160 104 59 128 109 105 12 100 79 144 34 174 130 45 19 51 32 96 7 147 101 57 82 108 161 173 7 130 125 85 91 88 140 56 54 145 36 110 25 115 180 58 85 84 85 91 85 8 8 135 58 53 170 7 137 137 4 36 72 77 95 161 175 23 153 110 41 120 105 175 7 18 19 63 12 108 97 75 58 94 51 135 141 20 57 108 173 127 92 168 8 9 159 98 91 4 46 100 71 120 148 159 49 10 44 31 45 166 19 15 89 68 152 36 147 170 112 92 99 5 30 160 114 15 101 43 132 149 101 63 157 139 40 165 30 178 20 64 123 95 140 19 100 88 133 141 33 121 43 126 166 163 2 30 30 99 11 88 141 76 36 129 83 5 140 44 103 162 116 30 27 177 79 52 133 59 76 29 117 115 139 2 150 155 138 79 134 146 21 57 53 100 95 66 94 50 138 93 90 107 4 29 50 88 161 95 169 149 90 70 73 115 3 95 138 163 113 71 22 48 9 20 122 22 74 59 159 136 121 68 81 145 33 88 113 83 86 134 58 113 152 82 48 63 35 50 153 136 166 128 110 83 171 125 61 138 105 137 1 60 80 56 60 180 18 13 169 18 66 30 1 156 115 81 172 155 103 78 62 80 23 48 155 129 160 128 162 56 107 43 151 28 69 159 56 164 174 90 104 85 82 73 132 156 52 42 103 114 140 104 123 103 104 134 148 111 117 83 173 35 94 74 126 75 137 121 78 16 47 161 37 91 46 105 113 68 166 169 86 137 171 69 94 162 38 148 12 59 175 111 115 30 72 16 155 1 127 180 102 161 120 62 5 110 21 116 93 55 17 104 65 76 61 61 164 88 51 164 178 65 122 141 11 149 9 16 159 104 177 145 159 135 107 4 101 60 154 166 89 37 79 14 108 125 137 58 153 164 154 61 71 22 31 169 125 83 169 109 157 53 77 25 125 157 112 166 122 73 85 62 117 121 23 45 70 89 29 67 58 131 45 170 85 114 57 55 172 141 137 86 98 87 164 75 15 12 160 157 159 91 33 153 118 70 142 148 119 112 126 34 51 176 11 124 176 4 68 27 31 104 16 156 175 20 21 132 38 10 146 121 54 56 59 102 21 155 141 180 160 26 23 71 50 176 37 11 39 52 34 74 123 127 70 111 4 84 162 4 170 89 112 110 146 17 153 16 4 85 132 138 112 96 130 173 94 127 79 156 164 82 71 127 139 42 123 76 170 2 41 165 159 121 15 119 16 145 70 31 106 73 64 14 92 54 160 50 138 178 86 47 18 36 164 86 159 1 156 128 20 157 31 9 157 100 13 138 97 1 92 73 176 117 178 70 56 43 111 145 155 8 133 20 168 11 120 157 69 126 117 35 63 87 1 179 169 5 153 6 55 63 31 166 153 168 26 136 51 126 73 52 172 85 67 58 122 22 59 77 119 46 63 157 120 118 164 92 60 126 56 144 125 124 148 70 143 57 164 47 150 65 24 158 64 104 108 90 87 7 116 34 15 22 73 82 116 92 9 82 50 143 138 80 27 7 68 19 93 22 63 24 93 157 109 8 163 2 74 166 170 138 169 119 52 57 75 117 29 170 100 130 103 41 65 82 99 44 84 145 167 23
156 114 114 180 99 101 114 100 160 33 13 166 61 24 174 149 63 151 19 8 29 162 142 10 11 93 154 47 59 33 11 141 83 91 122 151 162 5 24 129 170 134 17 36 169 112 53 143 89 109 131 97 32 122 73 106 137 18 2 71 18 48 125 24 70 25 1 127 15 52 47 55 105 23 133 147 146 175 114 44 71 168 142 5 74 48 102 90 30 17 135 19 174 96 112 64 1 122 139 134 113 75 115 128 5 149 176 68 72 48 99 20 166 95 162 51 52 127 168 27 168 123 171 86 175 142 52 131 118 59 129 97 39 85 27 72 141 71 140 61 64 6 119 127 110 111 27 65 51 116 130 5 59 1 153 135 95 110 130 112 63 31 57 167 109 127 137 64 142 145 164 52 161 147 160 37 55 39 110 29 25 76 172 71 8 75 104 23 121 112 171 156 117 66 167 113 126 107 164 160 44 151 174 27 84 17 61 32 5 4 135 41 139 161 160 55 51 154 154 125 73 160 138 73 156 116 150 169 76 37 122 116 161 173 152 109 72 26 11 122 93 173 95 155 40 131 129 148 130 153 39 118 169 57 77 14 177 170 67 133 52 158 137 39 12 36 23 117 59 160 180 18 66 66 12 87 62 127 161 87 49 109 39 147 134 120 115 114 84 108 173 79 162 161 10 166 57 79 31 39 74 119 93 80 97 41 94 114 34 114 7 27 150 35 169 38 174 157 37 25 131 97 115 98 5 16 173 115 170 160 57 81 172 157 18 44 131 102 138 142 31 27 38 33 26 120 84 97 84 121 111 92 85 115 71 7 99 114 32 65 68 15 167 118 154 94 11 27 66 175 79 180 73 174 31 10 75 151 107 120 156 6 118 8 163 97 91 43 10 156 9 176 14 79 80 85 113 135 169 60 155 101 99 176 24 67 100 155 117 30 55 146 65 126 24 43 42 127 163 121 22 36 91 121 74 169 51 142 150 80 93 105 85 24 51 122 130 126 161 72 39 6 160 108 67 134 180 77 15 91 32 120 98 107 174 56 118 36 120 10 94 81 124 58 46 15 125 82 7 64 92 53 103 153 131 128 158 108 29 14 131 156 125 159 41 89 74 86 81 101 57 179 78 58 6 96 48 124 58 88 41 74 177 137 47 105 88 167 55 168 110 126 176 80 35 100 88 125 73 124 125 111 176 148 109 26 88 142 142 45 175 96 106 154 7 150 6 53 118 71 5 141 33 118 69 100 146 147 22 22 25 108 174 89 41 90 21 38 47 66 125 180 144 73 79 75 132 28 140 91 48 59 32 78 51 160 15 31 15 140 30 178 25 155 23 177 3 68 160 178 128 115 63 108 94 102 39 41 56 86 29 85 148 105 75 153 152 105 7 16 95 124 114 13 68 30 103 4 169 110 71 26 6 22 138 80 144 141 106 47 149 148 102 129 40 26 153 180 132 73 84 111 158 120 138 158 68 81 44 160 90 120 54 145 39 14 47 132 149 72 171 29 32 140 114 103 129 127 143 139 45 97 144 16 87 58 48 70 100 32 115 41 31 163 97 126 89 153 148 51 4 23 171 115 127 169 111 66 142 7 36 46 39 109 142 143 144 171 49 151 58 1 130 134 121 166 179 135 13 71 60 68 3 79 177 115 89 65 172 49 72 66 165 89 96 43 81 83 58 146 153 14 126 168 93 127 47 178 39 75 136 65 167 7 64 146 92 19 80 155 86 51 61 106 34 110 179 171 117 163 66 137 95 168 109 147 7 109 124 122 1 22 9 76 124 142 19 73 60 59 116 57 172 140 145 115 179 46 33 130 157 79 172 121 150 152 62 99 55 131 60 57 114 117 124 30 132 82 12 31 33 80 151 72 97 108 18 152 178 78 116 66 125 50 146 77 86 59 43 114 56 60 72 146 33 104 35 6 21 123 76 52 106 66 77 11 14 34 115 24 162 111 155 85 41 4 175 113 24 144 21 33 20 34 91 22 109 12 76 17 149 49 144 36 42 88 153 162 131 13 57 103 76 137 93 158 143 160 47 53 54 2 138 120 18 6 94 135 137 95 16 90 103 163 118 47 155 76 119 87 114 24 149 112 127 66 81 172 102 87 135 139 50 17 31 169 29 51 14 153 58 56 119 135 86 16 105 56 153 123 108 90 91 138 93 144 35 154 70 166 125 74 7 38 96 137 49 158 86 164 14 180 91 144 168 82 94 35 49 31 166 154 90 43 103 128 40 172 102 131 45 70 116 74 37 48 26 99 169 57 154 170 40 33 31 30 128 14 150 145 140 19 42 120 98 41 77 8 53 147 57 49 119 23 134 75 82 174 31 102 134 38 124 172 131 162 167 26 33 152 175 40 154 179 124 164 76 59 159 23
144 31 28 180 83 176 180 33 107 102 161 143 157 105 157 143 105 56 101 168 92 149 64 108 20 179 83 68 51 71 2 10 168 33 101 72 56 67 72 40 76 168 164 77 57 124 53 11 1 177 165 179 30 151 145 68 150 60 116 96 4 107 139 32 101 129 125 134 99 70 59 28 30 63 46 113 14 98 41 150 67 163 111 55 178 33 72 166 38 93 104 56 137 103 37 80 54 108 79 148 48 136 137 34 37 39 118 152 70 6 119 141 9 153 140 144 85 142 76 165 12 173 45 1 52 10 123 162 19 175 91 39 19 20 25 35 109 152 89 150 129 160 134 116 150 107 91 112 82 145 171 116 138 1 131 158 164 19 76 10 85 171 76 139 9 99 82 95 122 19 113 54 167 31 3 87 106 7 129 126 127 28 49 141 82 174 76 98 70 177 180 173 118 173 29 110 174 148 165 118 151 134 162 26 110 24 33 150 50 114 139 150 16 127 38 104 156 54 12 35 138 169 65 174 89 59 30 2 127 34 146 10 136 38 101 110 68 121 162 178 124 96 27 135 157 115 14 147 62 176 147 145 137 3 18 149 101 39 70 171 71 101 107 172 96 48 121 13 57 38 164 46 23 133 12 168 21 116 75 96 31 131 129 8 78 67 74 115 60 141 37 159 99 2 169 116 121 137 43 109 80 107 179 174 147 1 92 154 18 55 94 137 48 54 168 150 5 142 35 94 125 63 137 118 138 91 114 50 99 27 121 150 19 137 114 84 99 52 26 74 128 145 1 132 90 17 156 6 129 57 121 20 99 45 23 82 21 125 13 124 83 19 80 98 117 128 54 33 130 164 48 79 14 23 121 31 98 144 105 148 84 148 167 96 57 145 156 156 171 100 126 106 171 145 28 72 112 6 63 89 164 156 143 174 131 65 85 64 76 94 57 66 173 91 169 40 174 82 107 111 156 62 175 58 179 76 133 147 105 177 136 154 120 143 139 26 157 81 150 72 21 176 163 162 161 22 59 156 163 127 179 74 82 49 18 7 98 54 127 19 104 120 12 105 124 144 138 176 115 164 170 157 156 8 103 126 73 152 10 44 32 171 110 85 63 106 15 98 40 74 70 129 38 149 52 24 124 99 15 121 120 28 25 40 123 51 123 8 87 168 56 39 9 14 28 157 180 46 71 116 69 50 23 161 87 142 90 148 19 172 90 95 77 2 151 160 155 108 149 73 80 163 148 122 162 37 65 2 152 55 21 82 84 150 74 38 117 90 16 76 84 55 86 23 10 119 157 133 96 118 129 18 67 176 167 61 133 107 117 88 124 91 67 42 170 61 29 84 4 99 173 99 110 173 121 122 22 148 101 2 151 95 69 168 79 64 41 52 101 50 65 124 55 131 18 65 49 147 13 129 174 112 113 132 110 79 8 16 34 89 96 165 75 170 17 63 54 18 76 170 146 141 18 123 21 135 6 35 14 2 19 166 101 179 78 28 154 10 129 95 138 24 87 55 105 99 152 81 141 88 32 15 157 114 106 73 106 4 99 74 24 114 96 131 98 47 177 123 90 59 71 64 31 39 133 20 12 64 98 87 107 145 20 71 75 77 15 12 91 55 95 133 144 165 53 51 144 149 131 14 108 156 168 59 118 86 20 172 20 83 50 127 95 99 24 148 60 60 142 111 110 180 10 125 100 50 149 156 85 139 96 32 17 180 173 162 170 116 114 27 162 72 1 139 121 123 74 32 71 125 14 59 154 178 152 68 27 122 12 14 59 75 95 28 19 88 52 84 54 44 73 115 179 150 124 174 113 98 53 57 61 33 35 9 99 51 169 130 77 158 126 15 121 48 2 79 147 152 57 17 146 68 30 117 148 32 165 170 19 41 176 94 34 77 14 49 98 25 30 96 92 30 165 27 16 134 144 47 34 107 122 95 11 158 102 4 99 138 73 72 55 50 146 22 13 82 111 130 167 153 158 35 2 48 106 128 15 80 69 38 176 74 6 9 89 55 37 8 176 97 127 166 34 108 114 70 28 169 159 102 158 63 146 50 23 158 84 166 41 20 165 40 98 42 53 96 166 105 154 175 43 123 83 149 141 59 147 7 8 60 139 102 180 52 102 20 120 178 69 11 8 78 24 107 139 40 114 2 65 138 69 175 3 139 75 165 43 141 69 42 81 166 60 103 121 84 20 154 97 10 95 10 162 180 11 2 60 7 39 39 87 17 139 20 167 173 49 34 163 115 75 96 171 87 170 169 122 52 41 57 15 54 59 167 83 86 53 134 132 104 121 88 117 123 81 12 101 5 116 131 177 84 104 116 176 41 132 53 134 21 113 23 112 32 177 63 37 142 117 152 27 157 16 3 22 7 62 82 136 111
0.2
0.2
0.4
0.4
0.4
0.3
0.4
0.2
0.2
0.3
0.4
0.2
0.4
0.2
0.3
0.3
0.3
0.3
0.3
0.4
0.2
0.2
0.3
0.4
0.3
0.2
0.2
0.4
0.3
0.2
0.4
0.3
0.3
0.4
0.2
0.4
0.2
0.3
0.3
0.3
0.2
0.2
0.3
0.3
0.3
0.3
0.3
0.4
0.3
0.4
0.2
0.3
0.3
0.2
0.3
0.3
0.4
0.2
0.3
0.3
0.2
0.3
0.3
0.2
0.3
0.2
0.2
0.4
0.2
0.4
0.3
0.4
0.2
0.3
0.4
0.3
0.3
0.3
0.4
0.2
0.2
0.2
0.3
0.2
0.3
0.3
0.3
0.4
0.3
0.3
0.3
0.3
0.4
0.3
0.2
0.4
0.4
0.3
0.2
0.2
0.4
0.3
0.3
0.3
0.3
