60 12
6
     16009
     15190
     18317
     17907
     17393
     17370
  4.3  47.0 760.3   2.2
  4.5  72.8 651.0   2.2
  5.0  27.3 498.5   2.4
  3.3  73.1 554.2   1.8
  1.9  15.2 175.3   2.5
  1.4  48.2 810.6   1.6
  4.1  45.4 386.2   2.1
  3.8  65.0 858.4   2.2
  2.3  30.9 239.1   1.5
  5.0  55.1 312.6   2.1
  1.0  44.8  92.1   2.4
  2.8  70.6 845.5   2.3
  1.3  41.6 636.1   1.8
  1.6  26.6 318.6   1.6
  4.8  37.6 913.9   2.4
  4.2  43.2 233.9   2.1
  3.7  17.5 189.2   2.1
  2.1  73.0 449.5   1.8
  2.7  63.5  79.9   2.2
  2.4  34.8 861.3   2.2
  1.5  62.1 159.1   2.2
  2.7  64.4 569.9   1.7
  3.5  64.8 856.4   1.5
  4.1  29.1 174.1   1.9
  3.2  35.9 393.0   2.0
  3.5  73.0 892.0   2.0
  4.6  53.4 706.2   2.2
  1.4  58.0 519.3   1.6
  1.4  17.9  85.5   2.3
  1.3  43.2  97.2   2.5
  1.5  49.1 452.3   1.7
  2.0  34.6 152.9   2.3
  2.1  41.3 795.1   1.6
  4.1  35.1 771.9   2.1
  2.1  48.5 621.4   2.5
  2.5  40.1 676.4   2.3
  3.5  29.4 811.0   1.6
  4.2  18.4 219.5   2.1
  1.2  41.9 297.4   2.2
  1.8  73.7  57.1   1.9
  1.4  47.7 215.4   1.6
  4.9  19.0 553.8   2.5
  1.6  46.9  84.9   2.3
  2.1  37.1 699.4   2.5
  1.1  56.4 168.9   1.9
  1.1  71.0 872.6   1.9
  1.6  39.4 252.4   2.4
  3.8  19.5 548.4   2.4
  2.8  47.6 196.1   1.5
  4.2  56.0 707.5   1.7
  2.7  17.4 830.4   2.5
  2.0  18.7 941.7   2.1
  2.5  56.8 494.9   2.4
  2.5  58.4 933.1   2.1
  3.0  53.1 845.3   1.7
  4.7  20.2 459.1   2.4
  1.6  54.2 241.2   1.7
  3.8  71.0 575.4   1.9
  1.2  60.1 844.9   1.7
  1.8  42.0 403.7   1.9
  1.1  70.7 823.0   1.7
  1.0  50.3 737.4   1.5
  1.3  21.9 470.6   2.0
  4.1  34.1 504.7   2.0
  1.6  20.1 925.8   1.9
  1.1  73.2 678.7   2.4
  2.2  35.6 599.1   1.7
  3.6  64.1 636.0   1.6
  2.8  15.2 518.7   1.7
  1.5  74.1 574.9   1.6
  2.2  33.7 331.2   1.7
  3.6  49.0 572.5   2.4
  5.0  44.6 287.7   1.8
  4.1  33.6 334.5   1.9
  2.0  30.4 688.0   1.6
  1.3  72.5 837.7   2.0
  2.0  51.1 740.4   1.9
  1.3  17.5 388.0   2.3
  3.4  15.7 465.5   1.7
  5.0  74.8 175.1   1.9
  4.9  56.7 660.3   2.0
  2.9  45.5 318.2   2.0
  2.5  60.5 815.0   1.7
  3.3  24.0 105.3   2.3
  3.2  16.6 926.0   1.6
  2.2  61.6 885.0   1.7
  4.7  49.7 215.9   2.4
  1.1  70.7 442.2   1.6
  1.9  54.6 149.3   2.4
  4.6  59.5 940.5   1.5
  4.6  38.3 134.9   1.9
  1.4  27.4 289.0   1.7
  1.5  59.9 300.8   2.1
  4.3  67.1 306.7   1.7
  1.4  49.9 596.7   1.7
  4.5  38.2 635.9   2.3
  3.3  57.8 262.6   1.8
  1.3  41.2 822.0   2.1
  3.0  32.3 356.6   2.3
  1.5  61.7 868.4   1.8
  1.7  52.8 413.1   1.7
  1.1  43.6 949.2   2.0
  4.3  52.4 125.8   1.9
  1.6  22.5 685.9   2.3
  1.3  67.5  57.6   2.2
  4.6  44.5 294.0   2.5
  4.4  38.8 352.8   1.9
  1.3  56.2 836.5   2.1
  3.4  71.7 941.6   1.6
  1.8  30.1 826.3   1.6
  4.0  27.3 253.1   2.2
  1.7  56.9 838.9   2.4
  1.3  41.4 792.1   2.4
  2.9  53.1 103.3   1.9
  1.0  64.4 571.1   2.5
  2.4  29.2 546.7   2.0
  4.1  24.1 511.7   1.7
  3.2  16.0 505.5   2.4
  1.4  41.6 520.5   2.2
  2.4  65.4 793.3   2.4
  3.8  62.1 794.9   1.7
  1.3  38.3 921.1   2.0
  4.4  60.4 589.9   2.1
  2.0  36.5 754.7   2.1
  3.7  44.6 396.6   1.8
  3.6  35.1 946.6   2.3
  3.9  39.8 741.7   1.8
  4.3  16.8 514.8   2.4
  4.3  73.9 152.6   1.5
  4.6  20.7 241.8   2.1
  1.3  68.8 581.4   2.3
  4.8  68.1 947.7   2.0
  4.4  50.1 475.5   2.4
  1.4  30.7 523.8   2.5
  3.5  47.8 661.5   2.3
  4.7  30.9 509.8   2.1
  3.0  58.1 466.8   2.2
  2.7  15.7  59.8   2.2
  3.4  44.2 258.8   2.3
  2.4  35.0 623.6   1.6
  3.5  35.4 642.1   1.7
  2.0  28.2 442.5   2.2
  1.1  52.9 264.0   2.3
  4.5  40.8 408.1   2.3
  1.6  63.9 906.7   1.6
  1.5  21.0 353.1   2.5
  3.7  74.1 105.2   1.8
  3.8  34.0 907.2   2.1
  1.6  39.5 153.8   2.2
  3.5  62.3  94.6   2.0
  2.0  17.0  65.8   2.4
  3.8  51.7 117.5   2.2
  5.0  35.6 140.6   1.8
  3.0  43.7 695.8   2.2
  4.9  63.1 840.7   2.3
  3.7  60.3 106.0   1.8
  3.4  55.9 562.0   2.5
  1.9  64.6 920.4   2.3
  1.7  35.1 871.5   2.2
  1.1  18.1 822.9   1.8
  4.5  23.9 176.4   1.7
  3.5  50.7 355.1   1.9
  2.9  71.3 281.4   2.1
  4.0  25.1 202.4   1.6
  2.2  36.8 273.6   2.2
  4.3  70.9 354.7   2.3
  2.0  19.8 597.6   1.7
  4.0  15.5 490.2   2.0
  3.6  28.6 859.9   2.1
  2.8  49.8 360.4   1.8
  3.1  63.5 502.0   1.5
  1.8  17.8 868.1   2.3
  1.1  17.6 456.2   2.2
  4.4  62.1 153.1   2.2
  4.9  55.5 380.3   2.1
  3.7  33.6 468.3   2.4
  4.2  70.3 555.8   2.4
  3.5  73.2 346.2   1.5
  1.6  19.9 512.1   2.0
  3.3  58.7 156.0   1.5
  5.0  29.7 332.6   1.7
  2.1  34.1 342.0   1.5
  2.5  71.7 929.0   1.6
  1.3  55.1 639.0   2.1
  4.4  69.2 304.3   1.8
  4.1  24.3 867.2   2.1
  4.9  28.3 301.8   1.6
  3.1  43.4 138.0   1.6
  2.3  72.8 807.3   1.5
  4.4  36.4 294.4   1.9
  3.6  51.1 156.9   2.0
  4.3  31.6 826.0   1.8
  4.9  42.7 788.2   1.9
  3.7  68.3 153.9   2.2
  2.2  21.9 455.2   1.7
  4.5  57.3 301.3   2.4
  3.1  62.3 484.5   2.4
  4.1  36.2 446.5   2.2
  2.8  53.3 824.1   1.6
  4.6  26.3 674.1   2.2
  2.5  69.5 810.0   2.0
  3.8  16.1 616.3   1.7
  3.4  66.5 497.0   2.3
  1.6  22.8 795.5   1.6
  1.2  73.5 936.4   2.3
  3.3  36.5 823.4   2.3
  1.9  35.4 602.5   1.7
  2.6  26.6 870.9   2.1
  4.3  64.9 500.6   2.0
  3.3  70.1 766.6   2.4
  2.3  63.3 570.6   1.9
  3.0  54.9 727.7   2.5
  4.0  68.3 297.8   1.9
  1.5  61.6 333.8   2.3
  3.6  65.6 838.8   1.6
  1.1  58.6 713.4   2.4
  4.9  55.3 791.9   1.6
  2.0  59.5 489.2   2.1
  2.2  20.9  99.6   2.4
  1.8  31.6 265.3   1.7
  4.2  35.9 400.4   1.9
  4.4  20.5 481.4   1.7
  2.3  45.0 117.2   1.6
  3.2  69.0 555.0   2.3
  3.3  24.9 819.7   1.8
  1.8  45.0 113.6   1.7
  3.7  63.5 203.2   2.0
  2.2  65.0 220.0   1.7
  3.2  61.9 770.1   2.4
  2.5  43.8 946.1   1.5
  2.6  32.7 720.2   2.1
  4.2  20.8 302.2   2.4
  2.6  34.4 634.8   1.6
  1.5  44.5 115.7   2.5
  4.9  47.9 114.9   2.2
  1.9  62.9 541.1   1.7
  2.9  46.9 708.1   2.3
  3.4  68.2 103.6   1.8
  2.4  51.1 806.7   1.6
  4.0  21.0 195.3   1.6
  3.3  33.9 628.6   2.5
  1.8  34.5 420.6   1.9
  2.3  61.8 861.8   1.6
  4.7  28.9 722.2   1.8
  2.2  68.1 783.1   2.1
  4.7  31.2 135.9   1.5
  4.6  53.1 879.1   2.5
  3.9  22.3 735.1   2.0
  4.3  67.6 111.7   1.7
  2.7  18.5 552.8   1.8
  4.2  43.2 716.4   1.9
  3.8  58.5 473.5   1.9
  4.4  51.3 515.6   1.6
  4.5  72.8 809.2   1.7
  1.7  26.1 704.2   1.5
  3.8  41.7 892.8   2.2
  3.0  45.8 244.2   1.9
  3.5  40.6 564.4   1.7
  2.3  64.7 549.5   1.5
  2.9  74.9 916.9   2.1
  2.2  24.6 473.3   1.7
  3.3  47.3 370.2   1.9
  1.1  65.0 560.6   2.4
  4.0  26.3 779.6   1.7
  1.3  50.7 500.4   2.5
  1.5  27.4 376.6   1.8
  2.5  69.5 328.4   1.7
  4.1  66.7 937.3   2.0
  2.2  51.3 208.4   1.5
  1.3  44.7 388.8   2.4
  3.4  26.4 605.6   1.8
  2.3  28.4  72.1   1.7
  2.7  56.3  69.5   1.7
  3.0  54.7 447.6   2.3
  4.7  52.2 568.5   2.0
  2.5  25.4 195.7   2.5
  2.3  25.0 339.9   2.3
  2.5  73.3 150.5   2.2
  3.2  58.9 103.9   2.0
  2.6  30.4 523.6   2.2
  1.6  46.0 740.9   2.1
  3.7  54.2  63.6   2.3
  3.8  42.2 455.1   1.9
  4.1  43.9 460.7   2.3
  3.2  46.5 492.3   2.3
  4.4  50.7 795.6   2.1
  4.6  70.6 656.9   1.8
  3.8  45.1 368.1   1.6
  1.7  48.5 210.2   2.1
  5.0  27.9 138.4   1.9
  3.9  21.7 134.8   2.3
  2.6  36.1 890.3   1.6
  1.7  51.5 736.8   2.2
  2.3  51.5 327.8   2.0
  2.8  43.4 513.7   1.9
  4.4  51.6 709.5   2.0
  1.4  73.2 178.0   2.3
  4.1  63.3 470.9   2.3
  2.1  22.9 135.5   2.2
  3.0  43.8 755.2   1.5
  4.1  57.0 455.3   2.3
  3.1  60.9 320.1   2.4
  3.4  19.7 398.6   2.4
  3.4  73.3 395.5   1.9
  2.4  49.6 274.9   2.5
  4.2  22.3 326.5   2.0
  2.6  53.8 222.4   1.8
  4.9  32.3 829.4   1.8
  2.7  34.5 421.7   2.3
  2.0  27.8 194.7   1.9
  3.8  54.3 637.7   1.6
  4.5  43.8 941.5   2.1
  4.6  32.8 212.8   1.6
  4.3  16.3 616.6   1.6
  1.3  29.7 169.8   2.2
  5.0  51.3 642.7   2.1
  1.7  25.8 312.2   1.5
  1.0  62.5 777.9   1.6
  2.6  24.8 394.6   2.0
  3.7  30.2 943.9   1.9
  1.6  68.5 460.5   2.3
  1.1  34.0 817.6   1.9
  3.1  26.8 327.7   1.8
  3.9  45.9 310.5   2.1
  4.9  23.6 376.7   2.0
  1.2  56.9 861.5   2.2
  3.7  67.1 393.4   1.8
  4.2  25.5 528.5   2.2
  4.3  34.0 546.6   2.5
  3.4  56.8 895.7   1.5
  1.3  35.5 628.7   2.5
  4.1  42.6 660.4   1.8
  2.6  29.5 660.9   2.3
  1.9  58.4 437.3   2.1
  1.1  49.5 322.3   2.1
  4.7  42.4 190.2   2.4
  3.0  67.2 501.6   1.7
  3.6  23.4 833.7   1.7
  2.1  70.6 425.7   1.5
  2.1  46.5 949.3   2.3
  1.9  34.1 551.5   1.6
  2.1  21.9 693.1   2.1
  1.3  61.2 600.9   1.8
  3.9  65.3 186.9   2.0
  4.5  32.5 839.0   2.0
  4.3  31.7 151.1   1.8
  4.3  61.8  67.7   2.1
  4.2  19.4 191.7   2.1
  1.9  49.9 580.0   1.7
  3.3  44.4 654.9   1.9
  2.4  63.8 845.3   2.0
  3.8  32.3  73.0   2.0
  1.3  32.1 459.6   1.8
  1.9  16.2 332.6   2.0
  3.7  71.0 800.0   2.0
  3.2  21.0 178.5   2.2
  3.6  35.7 806.5   2.5
  2.6  46.0 512.1   2.3
  3.0  60.8 654.8   2.2
  1.9  44.1 274.5   2.2
  0.2   0.3   0.3   0.2   0.3   0.2   0.3   0.2   0.4   0.3   0.3   0.3   0.4   0.4   0.3   0.3   0.2   0.4   0.4   0.2   0.2   0.4   0.4   0.4   0.4   0.4   0.3   0.3   0.2   0.4   0.3   0.4   0.3   0.3   0.3   0.3   0.3   0.4   0.4   0.3   0.3   0.2   0.3   0.4   0.2   0.3   0.4   0.3   0.4   0.4   0.3   0.2   0.4   0.3   0.4   0.4   0.3   0.4   0.3   0.4   0.3   0.3   0.2   0.3   0.3   0.3   0.2   0.4   0.3   0.2   0.3   0.2   0.3   0.3   0.3   0.2   0.3   0.3   0.3   0.3   0.2   0.2   0.4   0.3   0.3   0.3   0.4   0.3   0.2   0.4   0.3   0.2   0.2   0.3   0.3   0.3   0.3   0.4   0.2   0.3   0.3   0.3   0.4   0.4   0.2   0.2   0.2   0.3   0.2   0.2   0.3   0.2   0.3   0.4   0.2   0.3   0.3   0.3   0.2   0.3   0.2   0.3   0.3   0.4   0.4   0.2   0.3   0.4   0.3   0.2   0.4   0.4   0.2   0.2   0.4   0.4   0.2   0.3   0.2   0.3   0.4   0.4   0.3   0.4   0.4   0.3   0.2   0.3   0.3   0.3   0.3   0.2   0.4   0.4   0.2   0.2   0.4   0.4   0.3   0.2   0.3   0.3   0.4   0.3   0.2   0.3   0.3   0.4   0.2   0.4   0.3   0.4   0.3   0.4   0.3   0.3   0.3   0.4   0.3   0.3   0.2   0.2   0.4   0.3   0.3   0.3   0.3   0.2   0.4   0.3   0.2   0.2   0.3   0.4   0.4   0.3   0.3   0.3   0.3   0.3   0.3   0.4   0.3   0.2   0.4   0.3   0.3   0.3   0.4   0.3   0.4   0.4   0.4   0.3   0.3   0.3   0.3   0.2   0.2   0.3   0.3   0.4   0.2   0.3   0.4   0.2   0.3   0.3   0.2   0.2   0.4   0.3   0.4   0.2   0.4   0.2   0.4   0.3   0.2   0.3   0.3   0.2   0.3   0.3   0.4   0.3   0.2   0.2   0.4   0.2   0.2   0.3   0.2   0.3   0.3   0.2   0.2   0.2   0.3   0.2   0.2   0.2   0.3   0.3   0.3   0.3   0.2   0.3   0.3   0.3   0.3   0.3   0.3   0.2   0.3   0.4   0.2   0.4   0.4   0.2   0.4   0.4   0.4   0.2   0.3   0.4   0.4   0.3   0.4   0.2   0.4   0.3   0.3   0.4   0.2   0.4   0.2   0.2   0.3   0.4   0.3   0.2   0.4   0.3   0.3   0.3   0.2   0.2   0.2   0.2   0.2   0.4   0.3   0.2   0.2   0.4   0.4   0.3   0.2   0.4   0.4   0.3   0.3   0.3   0.4   0.2   0.2   0.3   0.4   0.4   0.3   0.3   0.3   0.2   0.2   0.3   0.4   0.4   0.3   0.3   0.4   0.2   0.3   0.3   0.3   0.4   0.2   0.3   0.3   0.3   0.3   0.4   0.2   0.3   0.2   0.3   0.4   0.4   0.2   0.3 
   21   122    46   149    86    41   118     5    55   163   177    32    75   142    18    94    83   120    66   113    28   150   154    20   179   161     2   149    68     8    61   180   169    41   109    31    28   135   175   158   118    54   140   115    34     1   141    79   122    91   102   120    54   150    85     6   133    21   111    90    68    46   110    64    10    31     2   161    50   123   180    97   174   110    36   154    92   154    78    79   134   100   161    20   127   111    32    36    26     8    80    93    15    17    41   123   111   136   105   168    79    44   157   140    14    24   100   155    48   120   141    55   171    31    61    36   125    32     9    42    80   176    17    19   179   165    78   170    75    28     2    72   131    61    12    81    13   125    73     1    76   156    70    82    36   173    37    83     1    42   157    97   153   157   166    66   174    30    76    28   142    80    17    74   105   133   136   104   172    79   162   142    87    33    67   100   168   154    57    97   163    94    73   112    76   174   111   100   159   177   143    66    21   152   134   151    93    52    81    49    94   177    35   142   115   146    60    61    76    60    36    56   112    97   166    76   106   123   180    44   165   153    41    77    46    29   114    68    61    57     1   167    26    26    10    68   175    65   162   152    71    93    75   180   132   107    35   132    55   111   118   143    27    14    60    21   175    38   122   150    59   153    12    89    89    69    48    59   173    40   165    51   137   112    76   119   137   180    15    72    65    81    98   111    16    29    60    37    30    17   163    20    49   180    88   103   142   116    90   177    40   146   167   105   165   127   108   126     2    43    69    95   114    49   143    96    29    33    90    26   147    49    71    41     8   157   178   167    20   156    87    82    21    31   111    47     9   171   105    26    16   139    95    20    68   112    45   143   174    29    18    78   123   165    36    83   128   180   151   170 
  172    99    65    46    12   162    20    55   121   117    71    93    44    92    21   130    91    27    42   155    31    84    62   170   143    18   179    50    55   123     8   122    65   166   164    18    11    25    65     4   122   178     4    99    33   129   143    18   178    29    55    36   176   151   101   118   131    87   145   104   163   153   175   145   164    80   176    12    77    95    46   164   142   180   131    65   138    90   114   103    48    10    17   151     1    77   133   126    30   173    16    80   110    96    34   179    64    12   125   180    47    66   170    67   179    49    92   173   110   180     7   123    76   153   150   133   133   103   112    22    13    66    89    39    13    91    59   102   101    89    89   101   126   151     6    95   118   127    63    38   116   143   113     5    87    29    38    96    33    65    24    40   128   106    96   120    35   158   104   117    89   101   151   173    78    21   114   157    43   132    60    54    50     6   178    17    16    38   126    61   180   103    80   169    65    70    89    97   147    74    32    56    91   155    91   138    51     2    52    58   148   151    17   165   136    18    79   152    98    72    66    90    79    29    85   102   177    65     9   128    75    52    37    45    61    75    49    77    19   162    13    31    33    15    65    13   154    15   116     3    83    96   136    22    42    95   129   161   158    34     8    74    48    42    33   141    26    25   130   152    46    66    63    18   103    70   171    35   112   125    20   163    89   166   102   138    10   106    63    78   105   105    17    57   144    63    38   153    75   146    27   151   160    15    77   114    18     3   179   101   122   134   150   133    57    57    45   132    12   151    57   122    51   114   167    85    66    67     2    80    86    10    14   171   156   121    85    23    43    38   101   162    34   169    50    34    60   117    62   166    95     2   145    75     5   109   101    94    49   115    57   154    86   156   164    25    13    48    36   146 
   79    63   173   160    90     3    53    76    65    80   175    13   163   165    51    23   111     6   145    42    15   173    73    89   147   117   121   121   118    92     8   135   108    83   163    63    56   171    85    64    57    23    25   113   115   157   133    82   105   111   118    29    98   177   148    70    49   144    38    30    55    56   160    23    36   111    25   163   124   135   108    53    80   165     7    50   142   126    17    78   109   171   179   146    80   136    15   154    46   119   110   149    84   161     1   172   174   169    26    47   123    10    58    70    50    52    13    11    39     1   114    66   155   177    69    80   108   134   105   106    70   170   102     7    83   156    18    47    74    55   172   168   107    16    65    38   136   103   177    88   129   164    87    87    51    29    36   152   126   102    96   140    26    59   154   162    34   115    44    50   120   164   158    96    73    84   167   119   165   120    57     2   143   108   179   164    71    59    85   126    12     8    10   162   122   128   174   158   131     9    93    43   100   130    51    75   143    36    45   100    53   142   114    39     9    73   134   107    80    32    91   157   111    73    92   124   135    91    31    62    95   129     5    54   106    51   101    86    95   134    19   147    14    54   175   155    34    51   120    14   166    80    62     1     4    38    19    38    25   117   171    73    20    23   124    53    26    82    19    19    35    55   169   145    16    51   167    87    20   108    59   180    78   128   169   154    35    69    15    15    32   108   108   135   175   107    43   108     5    38    54    96    81   178    26   176    84   147   115    20   147   118   176   153    16    17    47    51   151   132    25    87   111    35    30    72    60   164    59   167    34   110   180    18    58   139   132   149   173   144    87    97    13    50   110   125     7   132    85    34    84    52   129    57   169    96   156   177    43     9    27   132   135    48   178     1   129    34   120   128 
    4   169    10    70    49    26   117   129     8   137    57    71    50    70   130   128    54   118   139   147    35   141   174    31    76    36   113    89    64    98   102    44   103    18   120    97    34   179   130   108   159    40    89     5   166    62   159   175    33    93    34   144   118    11   158    51   176     3     8    72   177    37   136   159   133   118     7    94   129   169    31   138    91    77   105   163    45    71    69    51    24     1    56   176   140   136    92   180   166     7    59   121   125    28    73    80    36     8    98   173   120   129   130    61   133    16    51   138    17   114    40    98    50   123    57    27    42   169   155    91    18    12   129    36   137    50   180   108    99    92   126   126    29    42    87    55    48    82   175    39     4    91    77   142    90    45   164   130    19   105    66   174   166    96     8   158    65   154   140    46    66   117    94    17   132    20    68    77    33    51   132   138   159    20   109    80    23   147    60   123    61    87    67    78    39   137    83     9    14   157    56    81    85   145   180   100   135    43    23    29    83     6    15     2   101    87    21   174   141   136   109    86   108    61    55    54   123    83    93    18   154   174   112    86    90   156    80   131    50    98   142   178   113   118    96    25    23     6    20     8    72    19   172   143   157   170   111   180    20   161   126     6   164    67    62   124   126   138    96    37    55   159    60   113   116    29    58    88    29    45   115    81    79    69    12    72   120    88    78   126    82   118    17   130    77   105    35   152    93     6     2   113   157   127   146   166   114   174   145   171    22    98   169   157    61   158    20    46    66     5    33    44     2   132    40   144    92    71    26   126    25   122    23    83    56   140   150    99    67   103    63   130   139    24    74    41    26   125   103    94    15    50   136    79   119   141    75     2   147   101    16   129   151   123   153   146    45     9   115   160 
   84   151   127    10    41   164    75   162   151    85    99    16   106    88    77    57   114    64   172   122    30   163   139   145    15    98    94    24    30    73    37   146   102    69   132   173   168   114    11   106    49    38   147    52   142   150     8    24   155   111    94    90    88    27   175    86    57    98   137   112     5    22     2   117    87   120    52   122   116    41   143   171    85   154   137     4    35    65     9    91   165   157    87     5   165    45     8    39     1    21   136    27   109   155    80   155    91   104    95   135   103   102    86    68    86   123    59   133   125   153   121    70    20    26   110   172    20   132    79   134   162   174    26   168    58   103   176    85   147    95   154    38   126   118    52    42   108    28    49    95   114   163    98    24    17    15    70    53    72   153   129   133   151    64   178     3   122    98    73   155    96     2   100   126    60   148   129    96    90     7    32    74    65   160   130   154   132    77    43   140   117   112     7   128   152    17    53   108    38    63    58   139   109    81   164   169   171   105   116    92   165    12    91     7    21   172   137    43    22   123   106   161   115    59    68    54   176    12   159    92   151   162    62    50   123    29     5   137    31   165   113   121   138   102    84   115   142    96   131    20    27    75    39   147   168    87    88    91    36    63   129    61    77    51   128    27   140   133    35   172     4    81    76    73   107    84    93    20    11   125   133   163    57    80    39   148    65   165    82    87    96   122    68    17    46    83   100   127     7   149    84    41   179    93   123   116   176   150   106   132   177   142    95    23    46    18    48    14   105    11   177    40   153    46    12    67    98    85   165   179    98   176    84    48   113    76   180   152   104   157    13    13   116   150    45    35   156     7   101    56    55   138    30    31   138   175    53    93    37    67   149   138   126    47   157   148   177   101   127   176 
   35   179    68   158    34    33    50    45   114    98   125   105     3    65    38    31   144   113    71    59   114    32    97   177   165   135   162   179   143     5    37   136    30    49    95   172     8   115    54   167     8    64    55    63    56   124    45   148   115   156   156    37    16   156    56    64    11   158    16   120   112    82    93    81    43   150    82   101   175   157   131    45   168    51   142   124    85    93    30   172    41   148    34    74   100    48   152    62    31    98   129     5     6   109    82    49   166   162    83   168   134    12    56    31   125    37   144   175   106    75    63    19    49   143   180    41   165    70    59   120    56    86   140    74    64    29   126   146    32    50    54   103    85   124   132    34    19    14   174    53    84    93   178   178    63   159    73    19   161   158    54   172   134    78    81    74   175     7    83   158    84   158    24   175   115   112    21   164   107   135    65   154    11    89   162   161    53    61   180    51    23   150   172   132    14   161   104   178     7   139    91   134   168    18   170   119    87   121    38   128   137    19   145    83    53    52    33    82   124    31    46     8   152   172   138   154   148    47   123   147    17   147    38   107    20    90   165    43   105    53    44    82   153   140    75    30    84   155    93   118   126    77   135    79    45    84    44   110    71   111    75   158   179    88   165    73   127    71    76    40    13    55    40    83   156    99    88    50    42   141   168    59    52   177   147   167    44   168   107    67   155   177    90   169    52    19    67    11    59   161    37   113    66    41    75    77   113    49    86   124    42   179    70   121   155   125    60    92    16   104   174    63   173   176     3    82   135   176   174    87   149    74    51    40    53   127   138    22    67   102    41     7   107   118    20    34     9   171   167   166   180   133   170    29   177   133    84     5    21   161     3    69   172    76    97    98   119   123   172    83 
  169    80   172    38     5    35    15   168    19    56   168    81   159    27    33    89   111    12   121   164   158    49    56   144   105    30     9    97    68    35    55    47   103   146    56    59    30   109   129    33    30   107    42   161   147   173   154    53    32    76     9   105    73   103    29   144   179    27    35     4    92   115   102   107    93    94    19    50   163     6   117     1     2   113    26    71    28   160    67   121   100    67    68   165    59   160    65    64    95    28    48    38    42     3   115   153    77    37    29    43    11    28   131    80   142    78    27    38    57    46    40    42   172   102   136   160   112    56   148    65   174    68    44   134    41    36    71   154    75   143    48   137    35    33   102   160   105   134    70    61   137    42    14   158   147   121   154    85   138   169    76    88   180   150    52    49    95   126   151   156   148    88   130    47    82   139   160    48   105    47    34   137    87   153   139    31    11    56   124    15    89     6    38    96   142   160     7    85   154    57    92    71   114     3   129   114   171    20    37    11   137   171    19   132   179    83   156   150    99   145    22    50   118   165    87    18    43     2     4    88    88    25     9     4   118   117   120    69    20   169   174   100    55   125   171   129   151   118    49   157    31   164   155   146   167    94    12    69    29   155   126     3    61    31    90    31    57    79    38    26   156   125   165    35   169   138   165    68   165   135    83   116    52   171    21     8   108    30   153   171    80    47    95     7     1   104   115   118   100    86    21     8   130   109   139    95    77    95    92    67   117    60   124    90   143   120    60    43   150   132   125    23   161    78   156   156    76    22    54    61   150    63     9   108    63    12   125    36   159    15   144    50    89   105    18    59   150    71    55    17    26    42    49    42   159    63   179    95   102    79   176   117    74    81   170   180    20    40   153    58 
   15   170   167   149    30    18    34   126    94   142    72   101   169   128   126    70    91    83    67   162   106   124   164    12    89   175    55    93   137    37   104   147   141   134    12   180    65    83   109    10   129    46    68   180    27    35   145   144    70   142    55    32    32    29     2    76    39     3   121   101   159     1    22   147    20    27     9    63   168    85   128   102    89   117    21    17    89     1    46    90   102    61   167   131   167   158    79   176   119    16   131   172    47    71   171   106   177   115     2    69    29    24   128    42    17    97    54    44    78   127    10    30   171    60    28    81     2   177    87    34    50    74   122   162   168    60   118   157    31    84   137   125   163    94    90    45   108   124   139    66   110    74   147    58   135    68   170    10   120   158    77    54   179    96    98   115   163   132    23    18    66    18    53    18   106    25    87    98     1    14   148    49    33    25    62   162   136   121   135   178   150   135    24    45   171    92   140   172   145   138    18   179   147    79    96    62    18   107   110    22   178   108   127    77   156   161   125    68    10   167    12   130    68   129    29   109    49    32    57   153    14   174    69     4     2   160    47    77   150    25    43    69   149    60    35   167   107   159   123   128   140    69   158   128   100    85   109   171    52   101   147   127    17    11    19   105     7   141   101    41    51   113    24    52   123    19   180    42   126    30   153    84    97    65   134   108    93    51   136    62    89   167   106    63    18   107    22    56    45    12    66    46    23    11    13    97   146   123    99   135   119     3    31    96     3   161   123    86    24    41    74   176    22    87    51    55    92    47    77   159   106   156   175   145    52   116    62    66    51    67    67   121    69   172   145   131   157    53    63   112     2   116   163    54    88    60   127    24    69    77    10   126    46   100   179   116   169   134    83   164 
  162   159    12    48    45    14    72   107    41   172   175     2    61    21    32    34    93    86    47   113   170    43    83   128   164   115   112   164    38    81    34    84    18   132   145   173   125   176    57    51   105   177    98   133    49    66    50   174   144   153   162    29    72   103   178   113    84    83   107   156   124   171    12    60    48    68   100   153   108   129     2    29   104   108   126    14   141    64    86    57    63   170   131     6    59   115    39   119   150   150    58    55   133    36   143   161   111    58    32   118    47    67    60   100    58   162    33   114    29   126    90     5   126    28    61   143    34   161    65   161   158     7    60   122    93   114   129   145   100    89    52    93    28    60    48    13    62    50    23   165   130    62   179   163   121    84   157    80   169    77   180   126   131    74    35   130    20    27    62    11     3   160    13   138    60    17   144   172   144    37    43    86   171   159   135   173   110    28   103   154    72    24   145    77    78   126    36     5   149   145   158    48   154   164    30    46    96    35    26    40    34    37   140    64   123     5   128   180   118    51   169   145    59     1    46    13   109   158    22   143   166    96    78    70    11    20    25    47     2    55     4    88   137   136    62    56    30    67    64   140    72    89   164    63    96   151    60    72    74    84    25     3   163     9    41   131    41   156    13   169   166   127   141   159   116    26    68    49    85    39   111    16   163   168   120    58   131    79    15   170    98    92    79    48   133    78    44    41    63    37    34    71   124    70    61    99    77    66   165    94    41   180   102   176    53    95   128    69    73    38    31   180   177    60   120   114    65   113    15   106    11    56    60   130    54   113   109    59   168   167    37    37   153    56    60    95   109   148    62   137    54   129    67    97   165   116     4     9    58   179   151    68   132     9    95    60   125    74    65   108 
   33   138    24   125    89    12    38   177   110    13    34    92    44   146   153   110   117   106    36   141    62   130   122    19   180   165   104   136   114   138   101    19    37   108   127   177    24   110   109    58    33    61    36    31   152   159    53   160   137    86   137   133   141   112    72    50    69    31   120   155   156   144   144   145   137   101   168    23   104   165   147    40    25    17   123   174   179     4    32   113    56   143    14    63    86    99   138    25    40   149   128    50    95   116    47    51    67    54   164    88   159   172    38   175   159   180    36   176    36   114    11   176   172    84    55    56    40    39   113   103   101     9    70   122   138   139     1    88   125    87    73   129     4   119   109   160   152   159   173    75    26   169   107     6   169    69   169     4   178   102   172    91    26    17    43   153     3     3     3    14   125    60    76    91    21   156    93    56    96    22    92    10   148    67    25   135   145   157   137   131    51    30   145    11   173    69   113    88    17    51   175    21   107    64    61    18    70    82   177    10    87   111   167    42    83    80    51    38    67   146    81    92   155   155   133    96   131   162    32   102   160    73   172    78    92   103    88    86    40    76   163    20    11    66   151    33    93   135    47    53    33   180    23   146   179   150     8     2    59    16   166    48   100    28    56   151   141    49   114    71   165   175     2    28    54    46    29   139    28    31   148   134    49    91   133    72   116   170   173   139    10    92   126    47    17   153   104   167   132   128   175   163    57   163    28    92     8    23    69    13   116    37   122    12    99   157    77    71   179   164    62   151    28   129   162    35     9    25    67   177    10   105   112     8    19   172    97   103   106    61    80    70    93   129     1   116   177   127   141    83   170    59    23   117   133   151    29   156    75   122   130    52   100    50     1   158   178    59     2   180 
   68    37   151    85    37   153    24    81   180    86   147    13   178    98   119   129    72     8    95    42    51    73   165    48   108   172   177    23   167     5   117   146    94    46    42    33     7   165    85   176   162   108    31    64     5    86    29    34    88    66   158   160    39   162   101    95    42   106   141   160    58   178    77    20    86    49    30    31    85   100   177   155    46     2    66   173   158     3    65   135   110    60    45    66    19     5   107   113    64   110    55   146    90   111   110    56   118   180   101    53    86    31    31   178    14   154    57   139    23    10    84    23   135    49    72   112     9    70   113   147   116     2   108   162   101    16    97    61    54   140    54   128   117    31   176    23    64   129    60    17    98   170    64   126   169   108    84   115    19    73    54   125   142    39   119   131    57    15   104    30   130    90    32    53    26   100    70   146    40    35   172    10   104    58    70    14   137   105    89   100    71   144    61    46    67   102   160    83    14    92   143   151   165   134    96    92   102   173    51   125    74    54    45    32    99   159    28    97   133   149    87    92    26     8   179   135    73   164    22    74    59   159    13    81    65   122    20   119   155   152   165   116     5   179    39    35    82    96    15   159   114    41     4    27   153   177   174   123   152    33   172   169   103   142    75    27   100   109    73   166    46    60   163   101    51   139    92    43   116    32    19    15   110   117    79    43   147    16    95    27   139   167   156   127   142    10   110    79    70    25    10    21   106   149    90    95   149    60   173    23    78     2    75   141   153   167    73   120    97   116    58   130     5   111    15    99   106    44   118   108    45    17   118   129   144    24    43    22   178   171    13    83   169   171    81   114   112    92   135     1   133   101   179   152   137    96    31    12    66     9   120    46   153   149    22    25   127    86    16    70 
   86   167   157     4   172    39   114   128    96   139   157    82   101   150    45   112    37    11   124   180   117   142    45    52    57    77    88   175    85    34   108   168   105    75   146   171    64    83   173    87    89    32   156    33    10    89    37    66    20    57    70   114    54   163    10    37    58    50   110   102   111   174    32    92   122   116   112   131    87    33   162    72   108    88    97    15    73    14    80     5   133   115    45    43   176   160   158    84    89   164   125    89   157    14     8   173    80    37   108    68    24   141   158    86   138    91   120    69   151    41   162    19    32    33   129   145    89    31     6   147    44    98    82    40    75    71    87   119    91    21     2    99    98   157   180    65    68    54    67    76    15    95    36     9    57     3    83   123   132    82   114   149   177   169   108   125    47   176    95     6    69   116   134    46    73   163    91    64    24    63    43   144   109   113    66    51   129    30   128   107   130    70     1    41    36    68   158   178    36     1   127    37   168   110   177   161    53    98   130    36    43     5    72   156    42   118   163    64    67    78   159   166   117    60    46   103    90   140   169   169   131     5   166   168   148    26    73    91   132    26    83   138   154    55    65     4    25    12    27   146   109   104    48     4    98   145   115    65     5   135    43   174   146   134   146   158    48   156   115   100    12    32    59    95    22   134   157    94    13    96   109    97    22    62   146   178   141   151   174   144    83   143   109   117   138   113    37   176   124    35     8   121    61    82   145    67   112    15    98   100    85   148    98    13   156   158    94   124    45   174    67    94   147    31    89    14    96    19   147   135   174   131   106    76    71    42   148   157    45     2    12   177    81   176   105    12   137    45     4    59   152     7    10   163    15    43    88    35   115    40   135   103   127    74    81    51   127    67    14   147 
 0.00  0.36  0.35  0.32  0.23  0.40 
 0.36  0.00  0.32  0.30  0.28  0.32 
 0.35  0.32  0.00  0.29  0.37  0.28 
 0.32  0.30  0.29  0.00  0.24  0.37 
 0.23  0.28  0.37  0.24  0.00  0.32 
 0.40  0.32  0.28  0.37  0.32  0.00 
