60 48
4
     16572
     16847
     16740
     16294
  4.0  23.3 226.4   1.6
  3.9  45.7 877.5   1.8
  1.4  24.4 666.1   1.6
  2.3  12.8 705.2   2.5
  3.3  42.2 494.5   1.9
  1.8  47.8 503.9   1.5
  2.6  43.2 441.5   1.7
  1.3  21.4  98.0   2.3
  1.8  34.5 441.6   1.6
  2.3  13.1 915.0   1.6
  2.2  43.8 257.7   1.6
  2.9  34.1 482.2   1.8
  4.5  28.9 846.3   2.1
  2.2  24.4 222.7   2.1
  2.6  46.9 140.8   2.2
  4.7  44.9 610.1   2.1
  2.9  28.3 614.7   2.4
  1.7  14.1 591.3   2.1
  2.2  34.7 808.6   2.1
  2.9  30.8 639.7   1.5
  2.5  40.8 213.8   2.5
  2.6  32.5 509.3   1.6
  2.6  30.5 232.3   2.1
  3.4  31.1 470.6   1.5
  2.5  10.9 484.0   1.5
  3.3  18.0 285.0   1.6
  3.3  34.6 702.9   1.6
  3.3  27.3 136.0   1.8
  2.2  43.3 908.4   2.0
  4.5  24.2 871.1   2.4
  4.1  16.0 766.2   1.7
  2.5  49.4 242.2   1.8
  4.1  15.1 159.6   2.4
  4.3  32.4 898.0   2.5
  3.8  44.9 941.9   2.5
  4.8  21.1 394.5   2.0
  1.4  14.3 297.2   2.0
  1.4  16.6 765.5   2.3
  2.6  26.3  51.4   1.6
  3.3  47.2 691.4   1.6
  3.8  36.2 657.5   1.8
  4.5  43.3 393.3   2.5
  2.2  41.7 285.5   1.8
  5.0  13.4 198.5   1.8
  4.7  40.9 849.7   1.7
  4.2  45.4 333.1   1.7
  3.7  30.7 730.0   2.0
  4.8  38.2 571.6   2.1
  4.3  16.9 124.2   1.7
  3.0  33.8 562.8   2.3
  1.1  14.0 439.6   1.8
  1.6  30.5 569.1   1.8
  3.7  42.5 388.1   1.8
  3.8  22.6 484.5   2.0
  4.1  43.3 471.2   1.7
  2.9  20.3 590.4   1.5
  4.3  43.0 799.9   1.7
  1.9  44.7 108.7   2.3
  3.6  28.4 604.4   2.0
  2.7  17.8 595.1   2.2
  3.4  46.8 692.0   2.1
  1.8  17.4 452.4   2.2
  1.7  25.0 583.7   1.9
  1.1  20.7 512.9   1.9
  3.1  32.7 728.2   2.5
  1.1  11.0 345.6   1.5
  4.2  39.6 161.2   1.6
  4.3  45.0 625.2   2.2
  1.9  41.5 479.9   2.5
  4.5  49.6 160.3   2.3
  4.0  38.8 738.0   1.9
  2.5  23.5 689.0   2.1
  3.3  44.7 877.7   1.9
  2.8  23.8 422.7   2.1
  3.0  23.4 676.9   1.9
  4.8  40.1  97.9   1.9
  4.2  46.9 781.2   1.7
  4.4  11.8 734.8   2.0
  2.5  24.6 489.7   1.5
  1.4  37.6 449.5   1.5
  3.6  19.0 721.8   2.3
  4.1  46.4 924.5   1.5
  3.3  40.3 868.6   2.5
  3.2  14.9 924.0   1.6
  4.9  23.9 602.8   1.5
  1.2  48.0 920.0   1.8
  4.7  33.3 587.3   2.1
  2.3  34.0 366.0   1.8
  2.8  24.1 735.5   2.4
  3.8  31.6 439.4   2.1
  1.9  15.0 682.7   2.0
  1.6  19.3 874.8   2.4
  3.3  17.5 859.5   1.8
  3.5  19.7 738.9   2.1
  4.6  14.1 911.8   2.1
  4.5  33.0 906.7   1.6
  4.5  44.7 158.1   2.2
  2.8  28.4 654.4   1.8
  4.1  47.1 719.6   2.0
  4.6  15.6  86.7   2.5
  1.2  33.7 688.9   1.6
  4.2  35.5 945.9   2.1
  3.3  23.8 940.0   2.4
  3.6  34.7 759.3   2.2
  3.1  36.8 768.4   1.6
  2.3  47.3 508.1   2.3
  1.7  42.0 759.4   2.4
  2.1  41.8 125.4   1.6
  2.4  39.7 933.4   2.3
  3.3  12.3 838.8   2.2
  4.8  31.7 455.5   1.6
  1.7  11.4 655.0   2.1
  2.4  44.0 538.8   1.7
  3.1  34.0 866.2   1.5
  1.4  38.9 346.7   2.3
  2.3  26.4 375.5   1.8
  1.8  46.4 402.5   1.9
  4.6  32.7 663.6   1.8
  3.1  34.6 349.6   2.5
  3.9  32.9 401.5   2.0
  4.8  27.4 831.9   2.1
  4.3  42.4 860.6   1.5
  4.5  49.3 160.6   2.1
  4.8  42.7 485.5   2.2
  4.9  21.7 302.7   2.3
  2.9  22.0 155.7   1.9
  1.1  38.4 911.8   1.9
  3.3  20.8 217.5   1.8
  3.8  18.2 900.0   1.8
  4.2  29.9 174.7   1.7
  3.7  42.9 480.5   2.3
  3.5  14.1 117.3   1.7
  4.8  22.1 629.2   1.7
  2.2  30.9 813.9   1.7
  4.2  46.7 219.3   2.1
  3.8  35.8 309.2   1.9
  1.2  20.8 482.9   2.3
  2.1  11.4 743.7   1.9
  3.9  27.5 761.4   1.5
  3.8  30.7 553.3   1.6
  4.3  17.8 341.9   2.1
  4.0  38.1  95.8   1.9
  2.5  38.4 236.5   2.4
  2.2  36.5 525.5   2.2
  1.6  45.1 703.1   2.1
  2.2  12.8 103.3   1.6
  3.5  15.1  63.8   1.7
  3.5  20.1 763.9   2.0
  3.3  47.7 429.3   2.0
  2.9  12.5 735.7   2.2
  2.2  31.0 152.3   2.5
  1.7  46.3 731.8   2.1
  1.4  13.8 194.6   2.1
  3.7  25.6 940.9   2.1
  3.4  42.6 671.6   1.9
  3.6  16.4 472.7   2.2
  1.4  36.2 226.0   1.6
  4.9  43.5 801.1   1.8
  3.4  14.4 910.6   1.8
  4.5  32.1 879.4   2.5
  1.4  29.2 427.1   1.7
  2.3  20.8 747.6   1.5
  3.7  20.2 494.3   2.4
  1.4  19.2 146.9   2.0
  3.4  19.7 180.6   1.9
  3.3  20.6 716.1   2.4
  4.1  11.7 762.3   1.6
  3.6  45.2 618.3   2.0
  2.9  29.0 542.8   2.4
  1.3  19.2 193.6   2.4
  2.5  36.7 133.2   1.6
  2.8  48.2 607.7   1.9
  3.3  29.5 839.2   1.6
  4.0  24.7 714.2   2.1
  2.4  15.5 378.8   1.6
  2.5  13.4 245.0   2.1
  3.4  31.9  67.1   2.0
  2.1  13.6 604.2   1.8
  3.7  23.5 168.6   1.6
  3.4  35.3 313.8   1.7
  3.3  25.6 621.4   2.0
  1.7  45.3 898.5   2.1
  2.1  16.3 551.8   1.7
  2.6  35.8 918.9   2.3
  2.9  37.2 519.8   1.6
  1.1  18.7 438.8   2.4
  3.8  33.4 912.6   1.8
  3.8  30.6 472.0   2.4
  2.5  27.5 704.5   2.5
  3.7  27.1 831.5   1.6
  2.8  22.7 341.3   1.6
  1.9  38.1 699.9   2.4
  3.0  16.0 451.1   2.3
  4.5  45.9 242.3   2.2
  1.9  18.7 497.0   1.6
  2.8  44.1 699.2   1.8
  4.9  36.2 183.8   2.0
  3.2  10.3 728.5   1.7
  2.6  28.2 729.3   2.3
  1.5  13.0 823.4   1.5
  2.7  19.1 406.9   2.1
  1.5  43.7 856.5   1.9
  4.8  25.8 633.2   2.2
  3.2  33.6 942.0   1.9
  2.2  41.2 221.3   1.6
  1.4  47.9 193.8   2.3
  2.0  33.9 297.5   2.2
  4.9  25.4 552.7   2.4
  2.6  16.2 750.2   2.0
  2.2  44.1 949.2   2.4
  4.9  36.5 439.0   1.8
  4.3  27.4 272.7   2.3
  4.9  27.0 587.4   2.3
  1.7  28.8 458.1   2.3
  3.0  15.9 486.7   2.0
  3.7  26.6 133.0   1.7
  4.6  44.0 771.5   1.6
  2.1  32.0 119.3   2.4
  2.1  16.1 246.6   1.6
  2.6  11.7 397.7   1.8
  4.1  15.3 401.4   2.3
  3.0  26.4 931.6   2.0
  4.0  16.4 158.1   2.2
  4.2  33.7 425.1   2.1
  1.7  40.7 796.1   1.5
  1.6  26.7 873.7   2.3
  4.5  11.8 384.3   1.5
  4.2  38.0 349.5   2.0
  2.1  19.8 675.2   1.6
  1.9  23.7 157.0   2.0
  2.7  10.8 674.0   2.1
  3.7  31.4 736.3   1.8
  4.8  35.5 512.2   1.8
  2.1  11.5 132.4   1.9
  3.2  15.8 293.8   2.4
  4.4  12.1 913.3   1.7
  2.8  48.8 494.2   2.2
  1.1  44.8 307.4   1.9
  4.6  14.2 432.2   2.2
  3.9  40.8 348.6   2.0
  0.2   0.2   0.3   0.4   0.2   0.3   0.4   0.4   0.2   0.2   0.3   0.2   0.3   0.2   0.4   0.3   0.3   0.3   0.3   0.2   0.3   0.4   0.3   0.3   0.3   0.4   0.2   0.3   0.2   0.2   0.3   0.4   0.3   0.2   0.3   0.4   0.3   0.4   0.2   0.2   0.4   0.3   0.4   0.3   0.4   0.3   0.3   0.2   0.2   0.4   0.4   0.2   0.4   0.3   0.2   0.3   0.3   0.2   0.2   0.3   0.3   0.3   0.3   0.2   0.4   0.2   0.4   0.3   0.3   0.3   0.4   0.3   0.3   0.2   0.4   0.2   0.3   0.3   0.2   0.2   0.3   0.2   0.2   0.3   0.2   0.3   0.3   0.3   0.3   0.4   0.2   0.4   0.2   0.4   0.3   0.2   0.2   0.4   0.4   0.3   0.4   0.3   0.3   0.3   0.4   0.3   0.4   0.2   0.4   0.4   0.3   0.2   0.4   0.4   0.3   0.2   0.4   0.3   0.4   0.2   0.3   0.3   0.3   0.3   0.4   0.2   0.2   0.4   0.3   0.2   0.3   0.3   0.3   0.4   0.2   0.3   0.3   0.3   0.3   0.2   0.4   0.4   0.3   0.3   0.3   0.2   0.4   0.3   0.4   0.2   0.4   0.3   0.4   0.2   0.4   0.4   0.4   0.2   0.3   0.4   0.4   0.3   0.4   0.4   0.4   0.3   0.3   0.3   0.4   0.3   0.2   0.3   0.3   0.3   0.4   0.2   0.3   0.2   0.3   0.3   0.2   0.2   0.2   0.4   0.2   0.3   0.4   0.3   0.3   0.3   0.4   0.3   0.3   0.2   0.3   0.4   0.3   0.3   0.2   0.4   0.2   0.4   0.2   0.2   0.4   0.3   0.2   0.2   0.4   0.3   0.3   0.3   0.2   0.3   0.2   0.3   0.2   0.4   0.4   0.2   0.3   0.3   0.4   0.3   0.2   0.2   0.4   0.4   0.3   0.4   0.3   0.4   0.3   0.3   0.4   0.3   0.2   0.3   0.4   0.4 
  171     8    82    60    75    29    18   104     7    83    73   115   146   165    11    52   159    36   173   135   100    17    69   129   142    88    96   105    33   158    26   137   134    42    69   177    71    70   167    68    43   170    69     1    57    73   157   108    63    53    29    83   118     1    37   144   171    57    31    50   179    43   107   161    14    90    14   168   169   128   107   178    14   101   108    71    74    99   141    78   175     3    27    60   166    43    45   111   116   156    96    19    53   138   141    84   117    55    84   152    84    36    39    30    87    51   172    44    56   178   180    86   119   144   125     4    81    41   129    55    97    55   108   131    26   160    91    60   166    39   127    74   158    95    21    87    93    89   144    91   127    63   129    69   112   139   131    31   139    77    13    50    51    29    46   178    96    65    26   172   100    20    71    32    88    96    90    24    52   126    21   129    65   110    41   153    35    42    65    40    33   117   108    18    26    47     2    31   123    97    12    67     1   112    89   144   132   128    99    14   169    21    37   132    61    75    60   178    34   109   145   163   161    88    25    11    92   160    88   114   151   176    69    86   122   121    65     7    32   127    54    40    73    54    86    84     4   126    45   136 
   93   124   101    36    60    83    78   114    19   109    75   174    82   170    62    94    45    29    65    53    29    23    17    20   110    42    55    13    93     4    71   179    38    59    95    73   172    40    29   150   157    82    32    15   172    81   172   116    44    69    44    50    68    36    62   147   149   131    24    80    87   119   106    81    77   156   137   107   150   164   167   135   104    52    79   103    13   105    75   115   178   148    65    28    66    89   109    32   110    55    41   103    85   127     6    98   134    10    60   179   105    70   146    29   146   180    58    44    74    21   147    97    49    75    45    72    40    49    64   108    63   151    24   110    96    93   114   105   107   164    40    62   134     6    60    39   100   131    62   163   157   135     2    23   129    33   107   152    79    25    81    67    89   116   162    27    68   126   160    71    99   147   120   122   167    98   148   117   147   112   155   102    75    59   111   149    95    40   108   120    81    65   117   118    92    40   142    71   167    27    50   130    41    87    59    50    92   135    83     3    53    52   117    59    59    31    43   178    66     7    59    62    62    60    55    65   134   101   174    18    99     5    38    86    53   159    36   134    33   172    70    61   145   111   149    84   106   149    60     2 
   40    40   137     5    37    19   136   134    42   108   133    65   107    65    99   143    40    98    58   172    55    78    81   171   179    87    91    49    24   105    59    14   159   123    75   103    68   109   180   107   145    50    53    13    19    11     9   161    90   153    89    36   174    56   151   157   143   112    65    14   128     5     7   128    11    70   135   132   149    66   166    72   129   134   156    30    25   115    83   130   153    95   136    88    40    40    19    10   166   121    50     5   178    63    38    52    65    77   118    15    20    23   137   127    31    92   147     2   111   157    20    10   124    83    82   120   147    84   155   120    42    77   124   145    23   111    54    35   157     8   120    66    66   145   132   149   126     1    38    72    31   143    71   149     7    21   167   179   160   148   130    73   107    49   106    94    93   133    56   113    25    47    13   176    58    15     3   120   141    64    19   101    34    12    13    21   149    77   126    40    15   135   120    61    61    53    48    37    19   166    35   175   127   132   119   153    71   161   128    87   136    54    96   116    17   136    67     2   117   126    52    75   132    16    13    62   156    35   105    80    94     1   118    39   168    10    73   100    32   121   152    88    94   145   172    40    26   118   150   114 
   64   179   103   165    36    59   164    10   139    61    51   124   135    35    72    11    80     9    26    51    87   139    75    67   164    72    60    46    88   176    38    94   142    14   132    23    50   115   103    20    18    39     4    28    22   160    98    52    77    37   180   114    52   143    77     5   180    87   144   172    71   114    68    49   130    60   137   155   111    68   104   111    62   123     9    27   157    38   133    65    63   107   103    61   143    35   134   150    79   135   164   169   103    44   149    26    99    75    71    80   128   125   133    90   134   136   126   111   180     3    92    25    81   140    44    27    73    24   157     2    75   136    95    15    33    10   104    89    19    94   115    17     4    96   128    25   138    12    10   133    53   150    19    70   126   125    26    97    21   137    15   141    72    81     1     8    17   164   144    65   104    57     3   142   120    22    37   100   177     8    69    45   119   131    29    82   150   160   112   180    58    88    64    16    17   107    13    22    69    57    61    87   165    76    94    20    81    50    47   171    26    41   159    19    12   104    76   165    51   174    68    14   160   104    87   109    21   176   180   174    73    42   139    44   174   146    38    96   115    54   152   169   158    83   140   138    16   123    27   105 
  167   150     9    53   129   170    15    46    31   163   120    72   144    87   180    36    87   114    98   145    35   102    50   129   125    91   155    12   163   160    29    10   137    63   180     2    63   114   103   124   111   178    73    35    68    15    46    17    93    98     9    30   116   126    43   114   135   164   160    11    31    59   113   171    47    28   124    65    60   139    84    82   151    64   141   172   172    47     6    10   140    58    90    28    24   176   143   138   153   161    87    36   129    61    39   149    68   164    41   132   108   108   174   173   158   135    47    59   161    78   178   160   131   133   114    84    29    94    34   156   114   111   160   107   109   171    79    71    49    25    71   124   170   112   106   173    29   174   157   179   136   164   101   173   144   140    22    27   103   121   147    30   151    37    60    56    91   122   139   158    97   139    43    98    21     2    98     2   141   169   130    77   144   158    46    62   116    67    62    75    62    61    37    83    35    16   156   126   143   155    18    52   167   113    44    60    39    56   130   128    57   148   175   123   144   149    95   142    11    19   153    91    65   133    62   179    42   131    56    64    57    53    30    95    53    32    73   139   176    51   168    98    44    63   132   178    53   130    81   168 
  174     9    18    86    11    99   145    77    51   150   136    65     4   118   158    14    25     5   137    57   146    97   100    45   164   102    83   163    37     4    51    47    68     3    33   142   108   149   103    46   117   149     6     1    39   168   167   106   160   164    78   153   102   131     4    30    67    73    53    35    69    42   107   147    83   179    55    79    32   160    27    73    39    33    83   147    30    29   153   159    30   147    60    67   103   101   112    10    71    93    36    32   127     4     9    67    92    15   101    49   150   139   131    18    82   147   121    57   118    87   114    35   177   119   172    10   156     6    46   146   164   173   177    58   131    15   159   103    32   168    61    15    94   146    29   110    89    25   109    23    41   135   164     1    53   112    34   149    65   153   111   166    92   109   118   119   105    66    87   157   169    85   138    53   101    71    76   166   144    16   167   175    85    38   133    72   112    29    55    97   130   109   115    88     3    91   109    60    43   126     7    93    66   152   163    64   147    73    97    68   151    39    52    48    14    82    13   140   104    89    76    75    17    63   140    82   112   120    20    95    91     4    34    68   144   136   180    79    15    56     5   119   110    90   115    47    46   165    61   115 
  169   135    91   129   156    85    64    92    23   148   103    47    78   165   157    13    84   140    44    81   177    14    37    86    89   113   125    90    94   115    92   112    34    77   162   126    83    28   161   103   169   144    79    80    84   145    77   101    94   127    44    50   151   111   175   137    20    24    55    65   105   128    19    94   172     4    72    49   106    87    60    97   157    91    22   153   151   108    79    34    13    10     6    67    73   179    97   177    64    64   156   176   168    25     9   130    41    57   124   131    57    71   155   180   102   134    50    94    78   104   147   112    43    14    79   165    12    49   124    35     6   171    10   104   144    61   149    24   169    34    70   134    91    83    99    23   169     4     9   116    99    45     4   162    59    41   175    70    99    84   145    77   126   180   146   127     6    89    79    26   102   117    27   108   159    50    55    37    36   152   170    34   110     8    78   138    91    26    99    62   101    83    42    33    16   126    16    19   101    55    92   123   128    34   180   117   179    34   132    90    13    30    44   142    83    96    22    22   176   149   172    63    13    59   122     2    52    44    38    69     8    60    14   167   126    18    25    49    96   149   152   124    34   119   117   115    90   119    75    87 
  135   122    55    47    68   143   158   156    37    52    71    51    41    23   119    25   178   122    16    76    28   150    47   158    82   140    26    61    38    84   100   115   100    40   162   114    19     8   139   163    78    94   160    53    38   177    20   166   122   151   123    40    27    43    18     6   131   120   106   137     2    61   136   161    77    30    61    10    49   152    67    53   180    21    97    53    52   136   117    89   126   102   124    24    84    24   104   119    32    88   109   111    71   106   179    34   137    52   165   154   119    45    26   143     1    20    82   180   179   149   129   118    61    54   146   113   177    76   145     5   180   119   121    63    50    53    22    67    42   126   111   163    44   155    40    46     9    91   142     5   147    95    29   133   174    49     8   112    17    38    22   167    40    70   128     7    99   115    90    14   161   174    53    63    37   137    10    20   151   113    42   142    65   165    19     6    23    55    44    77   180    42   125    59   160   129   152    86    50    94    95   112    76   134    66    55    87   165   142    36    20    13    55   143   126   143   101   118   174    63   124    30    98     6    63    69    29   155    13   111    68    64   178   123   110    53    10    82    53   131    29    58   116    72   114    65     4   127   106    17 
  158   121     4    99   159   180   107    13    92   120   127   104    67    51    65   113   123   127     7    31   113   118   101    46   167    15   172    43   157    97    90    35    48   131   135   172   173   106   125    59    21     4   172    43    58    17   137    77   133    36   100   147    17    34    48     2    74    38    98    42    26   156   139    55    49   103   175   111   152   119    48    81    81    69   146    50   106   150    63     8   170   178   163    58    20   163    40   153   166   107    81     5   123    94    21   134   177    79   119   164    53    73    78   169   114    33    61    91   102    94   115     2   145   152   177     8     9   134   153   163     5   128   105    73   162     1    26   131    50   136   126    33    82   162    38    90   128   148   153   121   178   160   112   108    38    32    42   157    60   148    26   158    91   122   101   159    49   170    10    80   110    20    10   172    51    94    57    46    60    86    96    70    98    62    83   128    67    56    89    98    48    44   142    13   142   119   111    32   174   163    61    75    42    15    50   177   108   138    77   123   103    95    99   171   161    27   130   144    26   136    94   168   114   100   114   159    84    74   100    48    80   152   174   170    42   169    16     1   144     4    64   154   130    69   137   173   142    48   166   161 
  117    35    23   115    27   161    30    28    70   170   114    75   171   177    92    36   116    89   126   111   146    78    27   154    62   154   155   100   154    70    97    53    71    25   171    26    22    97    34     4   163   175     1    67   126    94    57    67    84   172    41    42    98    38   172    89    72   136    75    20    72   125   103    36   114     4   116    24    33    13    24    67   160   109    24    82    60    37    28   140    71    34   178    29    81    39   156    94   114   115    81    62    24    86    40    72    52    20    97    92   106    35    18   114    93   178    17    50    68   154   113   107    73    78    59    35   135   173   150    25    42    18    12    38     3    59    23    57   105    35    35   121   151    56    68   161   122   100   101    17    75   161    12   131   138   107    30   174   166   159    93   159   108    48   171    41   163   123    59    36    10   105    38   135     1   106   132    25   116    90    32    25    49    40    35   148    56    96    35    65   177    32   131   167   173    59   108   109   146   132   141    58   150    99    98   132    15    49    32   100   110    60     8   180   130    83   112    40   100   128    74   169   140   166   114   118    74   180    84   158    33    89   164    23    66    23   165    79    91    71   171    31   155   174    49    22   153    29   113   176 
   82   146    37   105    36    52   175    92    46    13   180   178   160     8   138    70    25    64     1   120    11    89    33   142   142   125    77    72   136   145   124   149   119    56    84   130   145   166   162    51    79   137   154    61    94   152   108   121   157    96   167    99    49    82   128   105    42   136    39    86    31   180   174    83    65   154    94    41    43    86   151   130   172   126    30    37     6   161    91    93   174   133   100    84    80    12   141    72     8    21   166   150    70    56   174    10    90     8    89   120    66   149   180   159    75   174    60    15    68    16    23   167    94   171   155    25    44   148    70    99    94   142   108   142    24    60     9    84    13    21   140   173    23   135    46   118   145    11    89    33   145   105   167    37    53   133    90    85    61   170   145   119    43   129   149    49    41    93   139    93   122    19   110   113    16   107    19    54     5     9   122     8    51    77   116    24   138   104    47    82   176   125    35   169     2   173    98   137   111     2   179   137    54   171   179     8   178   153    24    99    57    58   131    98   138    66    83    39   136   170   152    77   170   150    82    74   126    77   100   173    35    31   159    74    64    62     5    19   116   147    62   124   132    87   132   176    81    14    26   111 
   29     2   109   116    24   119    70    17    75    34   140     7    48   161   161   163   174    93    65    62   164   158   105    59    69    51   105   155    91    20     6    33    42   126   179    73   136    83    58    69     2    85    55    62   123   166   175    74    97   145    89   117    22    57   111    56   134   180    93   134   152   118    90   156   109    64    63   151    83    22    33     2    40   159    43   180   125   136    34    27    13    94    30    77   170    20   109    84   160    99    31    84   176    44    55    40   146    97   109   161    82    30    78    46     3    15    38    75    50   180    92   110    39   137    91   176   108   180   167   133   121   145     2   146    28   154   156    38    16   179    67     9    60   122   116   120    76    86   109   150    42   135    47    48   113   143    13   129    17   142   173    65    64    52     3    91     6   107   179    83    51    10   176    40   126    91    12    88     3   128   123   153   135   153   134    46   135   124   174   149    28    95   147   170   161    51    80   177   114   112    79   128   155    95   159    34   123   142   180    35    33     5    15     8    57    48    64   119   139    95   177   102    86    33    82   121    23     7   177   148    99   149    50    72   104    88    33    52   174    46    98    37   159   108    82   120   139   179    21    92 
   69    26   133    67   114   145   134    85   107   131    61    97    54   122     4    36   140    69   161   146    59   166   177    41    47    70    45   112    40    50   109   105    30    28    82    99    39    28    66    40    93   102    60   130    45   138    92   111    99    73   107   180     8     8     4   126    66   174    68    32   141   176    56   114    50    56   179   143    72    19   102    20    31   157   113    97    63    42    26    37    39    33   176   158    23    89   149   113    52   112   101    75   129    66   130   168    92    53   167    55    31    87    51    70    83    24   165   116   152    24    85   111   134   172    21   106    72   126   168   106   123   158    42    34   140    83    68   100     1   167     8   105    67   149    79    73    47    75    49   172    56   129    60    36   113   134   155   161    78   107    60    55   139    67    25   159    42    76   118   171   133   161    96   121   149   147   120   126   163     3    24    62     3    80    59   152    38   153   159   170    68    33    81    50   176     4   165   136   150   171     8     8   149   108   116    18     3    20    70    69   122    47   163   145    31    30    25   131   114    48    11   145    87    59     9   149    66   121    65   157    42    17     9    56    88     9   141    87   117    21    54    68   169   105     8    33    63     3    24    16 
   56    97    89     4   114   115   122    40    83    91     2    87    76    90    93    39   133     3    67    84   119     4   102    51    13   113    94   111   180    87    85    71    85     2   155   123   147   124    25   136   139    64   179   120   132    35    25    76    29    47    83    91    17   166    74    39    23   113    19   141   139    66    79   115   147    10   159   175   167    89    57    37   123     6    22   177     1    52     9    22   117    23    46    19    82    83   138   167    81   140   125    56   140   160    15    28    11   172    45    54   150    86   132   140    33   157   109   145    78    56    15   107    77   119    81   133    51    93    11     3    55   124   104    60    29    37   124    25    75   147    50    95   107     7    68   154    91   144    63    14    15   110   113    23   167   110   142   148   155   101     3   171    95    33    73    26   109    45    92   104     4   171    77    22    64    62   167   149   131    70   179    60   101   113   128   167   168    91   141   112   139   109    16    59   115   167   174    25   158   140    51   126   125    54   155    62    73   119   168   117    36    43    69    63   133   177   135    83    76    92    61     8    26    52   114   133   165   147   180   114   101    11   157   142   120    84    22    96    51   174    83    58   152    94    93   162    67    67   151   149 
  159    51    40   101   146   138   105     3    41    73   114    90   177    80   118   140   128    99    71    84    41   114   138    75   168    48   176   153   123   126   109    54   125   175    36   138   118    80   138   114    11    40   180    52    24   109    25   157    99     3    20    33    14    11    23   133   144   118   109    62    21   147    21     4   176    20     1   109   108   109    20    14     1   105    21   141    20    54   108   145    75   105   165   180    11    97   167     1    94     1   106    99    39    36   160     8    78   152    94   119   155   143   166    44   162    32    24     4   104    37   127    22   161   143    43   165    49    42    76    23   132    16   122    54    34    63    72   130   128    51     2    68    52   156    53   114   153    96    12    48   179   140    42    90   180    53   142    38   134    92    82    29    63   168    10   160   112   143    67    89   119   151    52    62   131   140     3    38   150   166    70   172   164   126     4    28    84    84   157    11    44    30   157    81    12    21    97    93    55    93    11    56    71    94   123   172    16   177   107   173    57   167    67   113     4    83   154   175    66     4    41   137    94   156    11   111    87   115   147   139    37   105    18    90    60   179   140    11     3   100    19    23   147   137   163   112    96   115   162   111 
   85    14    82   155    39   137    70   165    31   179    57   130   156    62    35   109    28    28    17    74   122    76   102   105    26    51   106    76    19    31   180   123   111   144   111    82   138    31    93    64     7   171    80   124    87    10    42    97   111   111    87   172   106   137   178    19    89   119    20   168    97    32   126   132    85   157   171   137   151   152   170   118   171    78    93    89   155    10    46     7    26   155    85    33    39   124    16   139    99    86    71   155   176   112   128   141    56   140    51   104   113    50   112   125    21     8    41    77   121    87   160    55    37   128   127    55   151   123   150   129    44    92    59    13    71    75    59    28   170   105    52    44     1    29   158   135   123   143   143    78    18   129   107    73    93    90    72   170   120   167    51    92   145     9     2   126    16    81    30    62    49   105   109    79    51   132    86   103   135    14   161    41    75    91   170   128    35   112   121   105   154   147   128    54    75    56    33    41    92   153   120    29   147   167   165   135    68   129    30   176   127    96    86    26    90    20   106    30    41    38    34    14    96    44     1    41    75   129   148   119    36   117    88   139    31    35    46   173   126    13    68   118   163   167   130    19   176    92    39    13 
   96    54   155    35    29    91    54     2    85    25   172   148   129   108   133   162    97    51    53     6   167    25    75   110    18    34   101   109    92   149    57   142    64    49    44   170    99    71   136    45    72    91    59   121   144   113   133    68    23    53    64   173    86   175    35     9   110    73    46   131    17    51   177   100    20    20    30    95   128   152    88   164   176   177   166    80   108   112   169    86   153   119   158   174   113   144   102    71    74   143   145    92    51   174    57   151    66    41    33    55   120    59   110   101     7    22   144   173    35   117   175   169   137    11    47    98   132    95    38    51    65    46   131    55   113    45   100    38    34    84    75   160    56    63    98   102    57   165   129   144    56    37   169    94    64    18    55    71   124     1   104    43   112   159    49    31    99   148   171   162   142   177   136   176   144    13   100   128    26    79    37    92   180    77   117    46    48    89    30   180   153   180    49    82   105    76    67   171   101    21    34   151   158    30   149   111   112   179    27    72   133    47    12   132   154   101    94    39   162    33    48    38   141   136   134    92   150   122    33    27     1   169    93    69    35   124   170   137    16   108   133   109   170     7     6    34    23    91   152   154 
   49    75    50   133   122    65    44    12    39    66    91    77     2   141    89    99    55   113   163    94   164    13    69    11    90    98    79   122    51   117   143    94   167   133   139    31   161   139   113    70   153   175   142    11    91    30   135    58    66    10    18    13    15    85    12    91    92   127   176   102   156    35   106   104     2   142   107    31   138    19    98   135   170   157    70   153    17   159    75   180   163    34   141   139    63   110    81    94    15    95   173    38    25    40   132    19   119    26    91    24    91    44    54   166   114    73   171   105   128   159    14   153   148    97   149   148   102     5   135    82    34   132   160   143   131   105    31    60     2    87     7    46    88   100   116    41    65    64   162    44   155   166   141    41   179   134   109    17    88    86   129   126   137   113   133    32    93    25    99    57    32    33   107    61    66   172    15   126    33   125   118    30   115    77   133    63    89    22    15   130     2   145    43    51    28   138     4     5    60   112    68   172     3   153   107    97     9    61    33   118    17    39   158    17    93   104    27    25    77   147   107    84    89    54    48   105   149    43   121    65   122   104    16   119   135   177   131   129    68    61   168   162   121    93    75   145   175   107   108   156 
   80   164   114   157    38    85    61   137    28    79   131    83    85    81    18   143   154    44    58   149    25   131   157   164    79     1    27    88    84    86    13   156   157    73    98    21   149    51    53    69   127   123    60    90   102    79    25   100   172   102   119    45    49   146    12    36   143   124    69    96    58    48   164   179    77   135   169   109    59     2   151    96   170    88   166    86   153    31    27   166    66    72     6    49    24   117    19    89    53    66   177    29   101    50    92   134    94   119    20   176   135   152    89    64   148     1    16   165    63   150    31    95    95    30   107   124    86   157    94   123   149    58    17    29    45    79     7   151    98   162   165   159   180   110    75   144    75     8   107   114    75    87   155    79    59   101    18    99   118    41    75   119     4    45   151    38   160    81    27   129     6   151   134    66     7   159    70   127    92    62   127   112   168    27    96   111   109   169    64    98   137   131    73   178   103    72    54   162    23   141    56   175   125   165    12   144    26    53   128    33     6    89    37    15    32   138   106    88   128    66    37   122    22    10    31     3   152    23    29    33    99    87    41   175   153     1   139   117   108    22   112     7    99    81   118   114    45   113    79    26 
   57   157     4    38   114    36   157   111   121   176    14   135    54   148   135   169    55     9   151    48    86   126   178    70   167    24    68    61    74     5    76   127    72   172   167   172    65    76    72    38    73   169    70    40    83   141   152    54   140    83    83     8    52   146    98    41   118    26    63    90     7   104    70   139   116    40    47   100   135   167    38   167   119   176    85    53   102    57    96    84    34   164    67   134   145     4   129    29    93    10    14    96     7    26     6    20    39    14   123   102   164   179    38    42   175    16   133   175    49   175    52   175    69    41     4    56    67   165    73   176    68   167    32    96    89   178    57     1   120   160    92    38   174    15    35    45   128   174   171     9    58   162   113    99   127    65    56    12    15   124     4    64   117    85   126   134    28    79    57    67    62    82   173    24     2    61    56    59    25   144    61    86    80   159   123   114   117    90     6   120   140    95    24    92   152   102    67   125   134   144   155    49   102    35   106    80   125   131   103   162    99   159    88    25    32    31    30   145    93   159    89    86    69    83   147   137   151   175   175    12   124   104    12    87    33    60    45   114     1    88   104    18    13   161   148   110   147   133   118   125 
  131     2   133   176   148   166   111   104    29   147    30    48   147   170   107   107   171   135    12   132    27    64    68   127    55     2    52    12    62   179    29   122    60   149    34   133    50    41   164    63    36     9    87   151   163   138    99    62   178    19    24   180   149   176    14   140    90   139    75   117   106    33    45   131   179    37   115    23    34    94   119   138   170    47    65   163   110    30   153   101   174   134   158   125   163    63    93   169   172   106   173   101   103   162    21    93    29   143    65   111   173     2   124   154     3   175    69   119    61   127   108    67    55   113    29    92   143    78   152   103    19   125    44   126    84   131     1    55    84    31   120   106   117    84   151    95   112   161    94    25    64    92     6   110   102    99   130    91    93    55    17   133   163   146   106     8   148    98     1   155   125    92   102     3    53   101   145     8    90   129    39   144   109    38    85    60     9    17    44   168    45     6    31   152     2    96    10    83   150   135   162   120    32    99    35   159   126    60   114    58   126   155   125   116   171   104    88    81   158    64   100    41    67     5    14     9   157   165   102    26    15   163   103   103   136    35   120   171   159   164    15   161   135    35   119   113    46    93    91   160 
  102   167    36   118   126    72    97    26   168   171    17   158    66    87    93    64    32   133   122    10   137    51    25   179   134    21   159    11    68    50   118   122    85   163   107   125     8   115    31   108    75    50   139   168   102   116   178    14   180    99    79   147    52   150   123    28    44   174   154   159   113   161   147   123    94     1    81    92    38   170   170   131    38   174    84    64   122    32    40   112     4    68   112    29   159   158   154   157    18    22   172   176    42   118   173    25   155    73   139    46   121    94    79     8    76    52   180   117   156    50     1   113   110    84   167   107   102   150   141   141    80   132   148    32   107    58   117   119    28   176    45   148    10   154    77   161    74     1   176    27    74    89   125    24    80    35   176   112   158   125    88   152    85    44    79    59   104   141    74    73    41    18    17   175    95   138    82   112    76   137   180   122   125    96   153    81    25    41   170   130   108    98   125    18    67    84     6   103    29   118   108   119    84   137     8    73    74    74   139   161    23   167    64    49   158   137    30   176   168    32   171    24    91    55    29     1   179    56   131   127    29    53    42   143    34     2    21    27    48   126   113   101    86   144    12   106   113   133     7    81 
   72    50    59   178   167    48   110    71   162    55   128    66    88   121   132    41     5   143   113    43   113   106    80    58   149   164   109   130   141    45   146   136    78    80    20   133    37   140    25   108    24    66    48     2   118   123    97    96   126     9     9    75    52     8   144   104    49    58    33    35   159    66   135    58    42    66    17   179     9    25   115   110    26   148    27    31    64   132    43   117   176   120    12    49   128   151   180    71   128   164   155   110    69    17   111   158    74   111   146    60     4   105   177   135   169    99    51   101   176    43   163   177   155   176    67   169    76     4   138   179    20   115   177    38    58    43   132    15   131    95   175    96   150     3    91    39    61    50   103   137    20    35   136    95    60   148    81    83   115    84    21    92   138   109    50    77   126   112   130    93   162   130   113   165    41   159    91   157    34   132    51   112   167    14    61   176    93    48    90    69    27    65    23   133    46    12   154    82   147    51    73    12   118    78   125   147    42   154   131   133   150   173   177     3    67     2   178   108   127    68   114    86    35    42   114   105    45   167   147   113   105    34   121    44   101    68   145   103   159    61    95    34    27     1    74   151    68    48   170    11 
   60   160    94   168   172   139    32   109    12    44    24    30    27    65   146    32   167   154   100    84   142    14    67   129    39   156   180    62    31    81   114   158   174    33    46     6    98   135   174    23     5    10   167    74   162   142   159    32    25   173    42    23   132    87    48    62   127   150    67   127     6   125   107   120     8   107   125   102    15   137    52    53   170    88    59    70     5   158   164   171   154    56    25   145   116    33   161    89    72    97    83   135    67    28   127    32    79     8    92   139    59    45   143    13    23    29   154    82    97   104   172   159    94    25   167    25   118    35   152    20    35   132   173    48    75   172   157    39    11    44    32     7   122   174   123    95   133   165    93    86    24     8    98    49    47    38   153    32    79    65   142   112   153   175    17    85   116    26   121    90   133   127    48   112    90    80    60    24    97   130    37   120    47   130    16   135    24    73   147    45   133   163    80   111   111    51    15   149    72    40    30   179     6   130    83     6    26    17   135    82     6     8   123    68   173    31   159    93   124    24   148    77   102    10     1    47   143    28     1    82   150    59   147   143    21    22   123   132    33    82    33    76   153    63   104    34    93   113   153    42 
   43    32     7   114    52   141   115   130    85    36   131   137    72    77   126    63    11    95    39     5     4   121    89    12   112   127   136    53    24   164     9   118   139    18   125    93   179    19   105   177    13    57    55    23   120    79    92    14    95   152    42   141    39    11    92     1     1    72    43    69    66    27   113   160   161   114    81   136    53   176   156   112   120   114    67   123    63     2   135    16     2   106   147    56   151    36   105    64    55    85    21   152    96   127    58   106   117    12   164   176    41    66   123    69   150    66   110    86    41   131    62   164    55   170   144    17    74   161    13    28   153    48    58    43   175    39   124   102    74   148    70   179    50    87    33   111    22    67   152   103   171   106   102    30    53   135   100   126    19   171   148   107    69    20    56    13   128    64    47   152     2     5   155    22   175    85   136   180   133   127    94    89    12   177   114    67   148    52   161    33   109   120   119   100   113   149    12   139    62   132    65    62   133    59   124   123    96    32    62    85    18   177   114   130    49   124    48    58    49   166   159    75     2   176    33    72    17    80    64    91   137   160   140   163   173   121    39    38     5    23   118   124   100   103    96   134   151   146   142   143 
   39   176   111   174   127   150    85   162    74    25   151   166    23   115   142    41   116    86   137   140    76   143    31   121   142    17   153    67    53   156   165    43   121    27   152    24    20    58    78    16    67    45    12   103   179   179     9    20    23    64   127    69   141   144    56    21   114     2   134   171   117   123   134   140    87   179     4   167     4    10   143    92   135    84   178   100    82   141   140    64   166   135   136    27    99   117   160   129   138   152   102    46   180    66    57   149   110    54   180   100   117    15    87   150   151   147    72    94    59     8   109   127   142    92   154    40    30   155    46   107   119    29    56   158   148    98    69    15    27    62    62    44    45    63   137   162   153    91   123    93     9   113   164   126     9   100   104    11   167   149   145    16    71    43   142    52    94    61    69    97    53   146    44     3     3    19    62    80   143   178    33   140    47    94   122    23   113   174   121   122   128   150    34   125   168    95   173    85   151    99     4    66    30   130   126    76    89    72    25   125    51   171    67    22   144    10    44    58    25    37   102     5   140    60     9    39    92   116   110   167   116   141   173    26   142   166    37    39    60    82   133    28   150    37   156    18    15   180   164    81 
   90    34    30   142    62   169    55    32   152   114    72    65    54    68    79    69    66    90   121   101   151    54   134     5   169    56    83   133    36   117    85   104   169    67   127    46    26    16    43    26     9   161    58    70   149   101   108   110   119   133   140    21   125    65    40    53    95   143   103   172    10   123   172   131    41     8   180    32    87   154   161   157   132    16   155    42   111   101   146   127    70    11   170   168    73    46   144     8   159   103    66    95    16   133   157   133   177     7     9    29   142   150    96   104   153    83   108   170    51    94    81    50   137   162    29    26   127   162   127    17    36    64    67    87    12   105    63   163    91    96     7    44    62    58    32    14     8   134    45   137    64    98   122   133    78    26    87    36    40    18     2   160   159   123   165   143   103   163    48   107    38    26    99   119   109     2    25    28    84    28   177   136   115    87    36   175   127    11    49   100    88   126   129    94    45   159   154   104   146   120    24    90    72    69   133   130   107    14    52   160   150    68   105    89    12   166    61   107     4    96    90   117   112    18   172     5   142    47   175   158   157    98    62    67   158    92   118    50   157    51   139   100    62    19   163   111   145   178    75    69 
   14    86   166   138   145    73    63   142   164   124   133   149    19   121   123   112   117     3    71    45     5   122    26    92   166    35    74    87    98   146    98   128    78    95    56     7   114    69    42   105     1    73   171   123   111   151    75    87    19   152   153   130   178   148    92    59   163    45   166   106    90    81   135   173    45    61    99   136   107   141   155   123   135    16    92    55   166   175    27    15   128    14   136    81    34   152   118    18    50   132    93   160    10   101   172    76    23     5    41   111    37    34    22   149   143    78    52   142   131   162   163   169    34    46   163   149    50    57    75   123   154    22   137   118    24    52    24    41    49   148   136   125   134   102    24   104   166    32   132    53    65   175   174   178   114   101   131    62    59    46   112   131   131    48   134    26    65    10    59   157    90    50     7   106    25    99   105   120   178    17   163    23   146    76   153    98   156    46   153    77    42    63    84    95    42   125    92     3    32    98   127   161   160    67   133     4    60    65   145   102   146   134   106   136   122   168    96   125   147    68    62   176   170    42     5   106    83   117    54   122   117    90    57    97   120     3    52    22   137    40   168    65    67     1   162   166   131    93   150     1 
   69   128    57    79    70   141    39    31    52   118    38    63    81    98     5   162   168    13   126    21     3    19   145    89   152    38   178    23     1    79   118   149    49    39   179   137   152   118    84    93    74    70    64   153    63    34    23   122    90    65     5    18    39    62    89   170   128   157    46    89    86    88   136    25    61    88   125    19    17   157   154   154    94    48    74    52   163   109   174   120   102   105   115   168    82   152    91    64   132   143    53    80    49    49    23    11    78   106   160   122   168    46    98   130    84   143    39   108    42   112    49   148    68   150   157    82   150    73    71    70   162   142   160     1   128    62   124     1   137   131    45   130    35    79    40    21   139   109   119    47    63   108   135   173    43   174    95    31    70    38   113    53    26   112    97    35   129   106   107    91   106    21    94   172    53    83   107    60    75    55    60    64   152    92    36   154    66     5    65   151     5   156   168   171   104    31    74    59    81   105   153   165    24    77   174   125    41    50    28    38   114   120    14    44    38   116   139    29    54    53    98   110    33    51    37   126   132    23    66   148    57    58    20   101     6    77    21    62   124    77   100   169    22    24    48   163   113    62    81    29 
  173   163   111   155    34   179   167    98   166   115    32   176     2   163   100    41    22   152     3   100    94    95   152   137   146   116    77    77    84    96    65    68    43    35    47     7   151   156   142   150    72    36   137   159   114   152     3    97    76   136    71    69    96   122   108   179    99    73    25   158    44    13   159    26    93   168    47   107    84    66    54    99    26    52    75   159    49   133    63    96    25    27   151   132    34    96    18    16    75    69    90   173    34   164     4   175   167    17    46    11   103   167    41   145    87    10    24   101    84   170    98    78   143    97   150   122   137    39    65   123    14   127   164   121   158    31   149    19    13     8    71   156    83   158    67     3    89    87    66   139   163   119    31   164   143   149    56   118   142    92    67    26   148   139   143   141    39    53     4   146    95    79    52     7   180    22   151   102    40   109    97   176    35    77    93   138   162    74   161   178   126    94   162   163   174     1   150   112    52   110     7    23    43    91    85    17   178   145    47   117   146    20     9   136    61   141     5   117    89    74    16   132   118   149   120   108   124    32   119    13   149    26    60     8   136    86    17    59   136   126    29    73    69    39   103    94   167    64    75    67 
  167    23   124     5    32    29   168    79   177    43   158    38    19   148   158   156   104   142    44   163   162   160    56   117    73    49   139   103    71    25     9   129   142   124   180    48   142    86    95    97    74   106    48   129    46   167    48   156    20   135   167   144   166   136   115    61    53    53   163    92    84   101    49    96     4    69    34    71   100    88    69   107     6    24    90   131    70    57    14    96    26   138   155    50    26    33    30    87    81    22   180   161    62    66    60   136    10    91   139     5   142    11   113    32    47   128   166    52    81   100    78    41    11   101    92   106   142    95    24    66    52    22   116   147    23   114     4   100   151   165    32    27    87    33    59   112    81    81    24    72    97   133   131    47   152    30    27   132   119   159    12    68    10    87    21   161    34    47    21    39    47   135   119   107    67    61   149   173   146    35   172   174    22   118     1    16   153   167   101   106   150    33   144   101   177   104   103    88   102    67   154    99    93    82   127   116    13    67    90   115    20   148   147    83   157    97   102    44    86    27   114   129   159    53   152   127   148    33    84   109    66    35   138   126    45    36   151    49    79   165    19   142   163    37   143   119     2   128    82     8 
   85    92    34    28   122    59   172   169    82   168    60    78   142    84    54    64    21    87    80   120    20   174    17    88   157   115   144   103    33    98    98   172    29   152    34    35   147    79   176    60   112    33    47    11   169   172   119    74    61    42    95   168    80    57   110   141   152    19   119    36    86   144   145    35   151    22    46    44    18    22   173   115    73    81   149   150   104   160    20    95    44    67    29    47    77    88    61   143    55    94   156    67   127   162   113   180    41    55   175   167   109   149    75    69   118   117   111   131    44   129    25    51   100     1   129   123    94    25   172    84    22   123    81    52   147    33   166    87    52    80    31    41    99   175    47    55    91   120   104   150   130    87    40    63    17   135   122    46   174   149    65   146    89    35    38    26    99   123    64    94    87   163   111   114    79    67    16    28    23    46    38    21    16    81   155   157    86    19    93   173    39   124    29    10    14    37    90   134     4    33    30    51    21   114   159    17    76   102    70   174   177   101    32   156    72    60    68    91   119   101   155   126   169   122    91   129   102   125     4    65   100     9    42    32    36   137   103    33    15    37   114    22    47    73    36   113   146   142    35   146 
   50    98    17   115   180   124   179    85     3    55    18    65   163   144    70   153    96    10   170   136   119    58    61   162   136    26   173   155    17   105   106   121   111   126   118   178    37    35    84   159    66    81   143   166    40    15   142   142    12   115   135    67    33    59   138    35   169     6   103   178   139   155    23     1    27    62    49    68    30   128    17   114    55   136   163    68    49    53   115   114   113    69   172    30   108   107    76   104    17    76   144   160    62   109    20    71    56    33    29   152    28   153   108    44   153    14   142    10   118   142   173    22   147    67   116   151    30     4     7    71   123   122   112    10    92   167   173    34   113    58    50    29   131    99    15    49   111   114    34    43    28    27   115   164    57    23   122   124   111    31   171   160    55   172    41   105   137   168   175   158    65    96    45    73   157    59   108    50    35    46   139    81    66   110   118    18   133    89   102    48    92    99    41    18    52    23   167   114    52   156   111   140   101   175   161    81    78     5   171   142    58    42    11   113     1    37    98   139    51   129   159    99    32    36   177    58   171   103   120   122   167    70    99    57   103   175    40     8    82     2   144    57     6    32   178    30   176   133   123   130 
   11    98   136   122    84   138    51    19   115    53   168    75    78    27   115    17    55   146    62    99   125   167    12     1    30    43    62   123   177    16    57    24     8   132   150    50   135   103    12   156    41    88    77   177    40   165    12   154   101   102     2    22   161    79   168    75    16    42   119   144    69   132    50    66   162   103   111    84   123     4    93    21    34    40   151    75   157    41   168    77   119    51     8   144    36    63   137   130   171   141    99   140    28   123   126    47    37   160   180     3    64     1    80   178   178     4    21   150    79   145   171   146   125   144    85   171    71    53    91    91    28   173   125    41    12   168    13    15    41   160   180    96   174   130   148    92   178   136    63   150    91    80    58   146    47   160   155    66    59   174    20   110    76    30   120    80   119   132    96    60    49   155     1     9    55    13   118    25   154   177    18   151    76    68   170     2   157   152   161    81    60    18    71   105    74    79     7    52   168    64   143   145   102   165   138   124    41    81    56    13    27    34   110   160   138    63    59    28     6     6    80   166    71    44   136   176    18    68    91    21    46   157   168   147   134    47    59    61    95    53    50    41   126     6    74   171    97    29   158   134 
  132     9    44   160    34   143   167   105   148   120    23    97    87    10   106    84    41    27   114   169   130   128   159   120    64   139   169   161   131    97    65   140    92    88   110     1     2    54   106    28    35   135    51    11    13    58   169   163    41   135     6   165     2   146    30    58    90   147    98    42   110   137   168   167   151    10   109   141    17    39   133   137   177    52   173   137   151   174    71   113   159    15    28    39    86   144     2    22    41   171    43    98   113    28    24   104   100   135    97    50    79   121    66   176   100    88    86    71    71   153   110    10    78   168   104   103    19    84    35    22    91    76   177    51    86   149     7     4    97    26     2    99    18    63   177    24    55     2   145     4    98   101    44    62   119     6   171    46    95   179   136    11    13   168   122   135    56    55   128    41   117    64   108    94   161   161   179   104    94    21   129     8    17    99    58   118   178     9    26    62   132    99    62    69   101   158    18   158    69    90    77    70    44    47    89    23   117   165   174   177   112    31   157    80   121   169   120     2    47   170    80   117   113   154   123    17    28   139    78    69   104   174   146    44   127   107     2   144    35    50     6    79   102   112    17   102    59    81    43     7 
   10   117   167    99   140    33    39    21    15    94   161    11    73    39    84   173    72    99     5   137    43    80    64    16    83    38   122    65    23     5    29    59    74   127   160    43    15    40   136   125   174   158    16     2    75    55    65   128    77   153    78   154   164   144    75    81   109    68    77    11    75    18    63    59    94    82   117   131    20    54    26    99    78   145    82    33    74     3    38     1   117    55    81    62    37     8    97    51    96    98   127   112    91   129    16   150    31    56   106    93    49    87    10   144    88   115   155    72   143   146   167   151   112    29   154    99   101    12    93    24    76   124   165    25    32   136   119   179   129    23    80    23     1    12   156    68   155   164    13    45    28    71   169   176    37    78   123   120   116   170   149    96    38    25    79   127    81    52   173   120    73   140   113     7   159    49   140    43    19    83   167    48    35   172    59   100   123   125    84   128   166    32    74    58   128    19    28    63   146    95   137   160    18    58     8   156   177   177    90    19    84    38   110    40   101    64   165   101   102   179    30   180   173   101   140    58    17    34   165    40     6   177    37     4    32   173   174     1    37   152   177   158    40   115   141   118   139     8   154    28 
   22   107   110    62    21   179    48     5    60   158    20   134    93   141    52    39   158     3   173   125    30    70   148   153    60   127   129    60    37   155    38   147    35   144    26    64   160    16   173    54    10   106    13    13    66   118   146    97   167    45    47   106     8    91    59    78    19    25   132    59    22    41    98    65    31   142    72    41   175    74    36   113    45   147   117    42    95   116    33   125   150    17    39     1    83    17    32   137   167    88   142   126     4    21   179    99     6    34   138    23    51    55   101    85   128    24    69   136   115    68    71    75    60   125    12   148    33    37   108    71    55    70   144   145     4   122    63   178    74    96    16   116    74    37    85    12     4    71   124   178    40     7    54    74    97   104   153    66    90   146   146   180    52   154    90    95    90    70   159   171    21   145     5   146    54   100    59    45   166   170    22   164   124    21    83    39   178    66   145     5   176   180    11    58   165    56    92   103    32    75    28    33    19   122   165   126   156     4    41   141   155   130   165    84   122   126    18   133   126    56   104    16   101   152     5    70    14    16     6   163   180    45   131   118   168    46    14   102    12   121     9    10    44   174   110   149    47     9    38    92 
    1    15   129    87   132   144    35   172   175    76    72   131    99   133   115    38    16   171    67    52    28    59   177    25     2   158    79   119    19   156    81    52    67   172   125    91   168   155    16    89   119   104   121    43    17    95    32    37    24   113   164    31    65   113    16    33    60    13     7   122    68    45    47   175   100     4    38    53   130    94     1    39    77   167   162   175   111    83    73   113     3   119    45    79   173   152    33   157   138   180    98    33    86    10   143    78    27     7    46   123    37   124    60    63     1    10    95    55    24   144    80   174    71    32    34    47    51   151   144    56   141   174    87   180   109    40    74   120   176     8   134    76    31    20    19   115   131   128    46   111   144   163    53    20     1    23    87    33    97   171   140   102    69    60    77   137   150     4   168   151    82    64   151     3    41    36   124    78    96   145   138     6    29    92   113   167    47   141   111     4    18    17    98    33   149   103   112     7    62    27     7    90    16   113   166   106    93    48    37    11   107    67    90    53    42   135    57    34     4   172    18   173     7   153   117   147    90   113   166    34   113   146   176   123    67    66    14    50   147    16   147    55   164   151   109    17    70   104   130   115 
  125    36   108   168    51   148   167   133     6    43   122    81     1    24    92    52   117   125    87   174    85     3    24   171   110   172   122    45   162    92   101    42    38    90    60    61    58    86   178   130   152    93   165     5    57   105    84    65    18   129    34   144   119    12   119   158    94   123    21     5     1   110   150   173    66   148    37    13    52     3    14    37    49    50    76    71   121    44   162   113    45   133   118   118    18     8   174    58     5    31   159    82   167    50   135   138   122    74    22   110    45   141    62    47   108    58   137    12    63   176    47    21    36   107   143   177    77    94    23    74    42    26   127    12   148   173    69   141    40   111    65   167   116   163   134   173   109    33    63    73   125   149   110   162    46   148    45    61   140    88   164   124   157   136    66   117     6   133    33    58   138   176   160   138    41    11   133   175    51    83   152   140    37    74    90   118    14    87    26    27   106    22   110   102   123   137   143   166    17   150    69    65    98   159   104   148   164    16    90    30    38    64    62    43    52   165    17    71    84    48    84     8   103   149    83    94    11   174   173    37     5   164    24   114   107   116    48   125    63   177   167    30   151   175   158   156    35   120    96    11 
  174    68   111    23   137   180   164    62   134   129   102   153     7    35    31    39    60   104    14    65    83    54    65    87    26   126   105   111    76   114    83   102    65   101    92   136    47   175     7    49    35   123   169    50   139    92    15    34    85    65     8   128   135   155   150   121    53   122   121   154    62    31    20   101   142   120   102   175   168    43    45   157   106   113    73   127   137    98    97    73    32   106    17    52   145   115    14    74    52   111   163   117    81     4    61    23    36    35   178   159     2   167   169    54    79   112     6   124   101    40    17   172    68   120    96    60   172   179    91    40    10    65   128    78    30   141    80   116    35   153    74    50   166   103   137   154    96    64   130    35   134    96    38   149   142    60    75   149   113   140    24   142    56    95    34   152   129   103   179    25    31   129   138    57    83   128   165    14    52    57    20    22   170     3   161   141   143   142   139    70    66   123   162    30   104    15    52    48    20   127    58   161   168    90   160   122    79     9    21   111     5   135    23    80    72     8    81   131    83   124    53   124    94   151   174   180    83    13   141    56   109   111   157   156   155    12   165   152    14   103    17   168    77    25    34     3    60     5   167   100 
  146   172    44    97   138    25   168   115    24    33    12   180    40    21    43   146    57   150   175    43   149   171    14    48   145   123   116   175   105   166   140   171   144   145   118    51   107    27    38    86   167    50    66    75    91   127    84   161    65    62    55    41    59    40    22    60   112   100   105   173    83    78    21   139    11   167   106   140   156    78    39    69    64   165    11    47    65   146    48   174   118     9    17    74    70   136    10    42   110    29   174    81    72   168   155    45   105   145    51   129    52   134    60    78    70    52   150    77   153    56   171   101   137    98   125    31    10   172    16   164   113   129    25    73    55    18   165   111    91     8   142   138   132   171   167    11    10   157    80    82   149   114   107   138    39    31   158   129   131    77   100    56    63    50    21    11    30    48   123   104     7     6    53   164   120   135    73    55    65   116     8   172    82   163    16     4    66   165   124   132   105    65    84   174   121    58    55   170    70   162   151    21   118    19    44    58    69   176    52    66    57    37   156   134    12   152    71    35    76   173    73   174    70    21    60    82    66    97   168     5    40   109    56    44   105    41    65    36    77    93   144    31    81    44    22   108   175   155     7    32 
  112    89    41   159    98   155    72    38   152   149    75    47   122    50    21   136   139   171   175    70   127    55    59   161    25    37   103    46   116    10    55    55    46    76   143   166    87    27   155   137   105   157    48     5   110    63   131   166   149    23    28    60   109   104   151   139    31    41    82    91   141     1    47   119   137   176   179     3    16    25   171     3   161    98    47    49    48    46    69   118   144   159    38    24    79     4    41   123   109   131   124    87    48   138   158   148   174    59   140   136    81    72    48    99    94    63    35   105     4   148    39    79    99    26    61   169   127    35     3    97    86   134    31    45    64    97    54   114    20   172    98    33    69   129   133   159   127    74    63    66    99     6   127   164    56    49    53   175    30     1    64   168    49   132    31   178    19    71   102    81    14   169   178    58    97   105   152    10   161    18    34    23    17    55    93    90   108   170   143    82   158    19    66    99   111   123    84   154    46   158    86   116    92    59   140   159    62   179   160   119   123   178    26   142   168    11    56    59    90    28    53    29   159    58    96   166   138   123   123    27   136    71   126    74   115    99   157    64    51   159    47    22     2    96   171   158   137   133   100    98 
  135    33   159    87   101   138   137   121    65    89    94   156     2    46   134   124    50   151   114    20    75    58    36   156    27    24    52    79    35    17    16   150     6    43    80    68   134    73    45   110   176    78    68    22   159   124    32    83    10   109    15   149    12    64   170    24    81    20   156   128   171    81   143   176   154    43    38   127   131    13    31    88    88     5    78   154    51   176   108    26    80    57    23    53    40    48    54    38    25    94    17    64    43    25    31   140    66    89    60   107    48    97   143    40    18    44   106   144   140   114   172   164   139    36    13    14   135   166   133    66    79     7   153    63    98    17   175   168    73     5   122    87   178    76    81   169    50    22   149    29    20    39    93    13    50   130   113   168    42   128    19   108    87    12    78    62    39   148    36   122   125   168    68    85    52    35    64   130    34   131   172    69    92    41    50    16     4   127    76   101   173   113    81   132   161   125   107    98   128   177    54    93   156    34    85   180   106    14    35    38    84   173    65   123   136    67   150   132   119   131   180    44    49    78   141   103   137    26     5    19    79   110    19    88   159   111    23    26   126    49    72   115    86    81    82    35    54    84    26   161 
   31   172    22    67    73    58    63   149   156   111   108    54    80   155   129   142    35     6    17   106    64    47   101   119   136    96   167   153   106    39   135    35    48    39    26   108   165    63   137    67   131   119   120   154    55    64     1    33    90   148    84     4    88    41   167    97   120    19   146    59    23   152     1    54   113    71    54    14   114    84    57    69     3    48    80    98    75    98   101     2    89   163   125   119   108   148   120    35    79    13   113    65    12   128   135    25   137    40    17   149    48    71    35   126    57   141    41    39    61   146   171   102    69     6   176    68     7   158   161    53    98   139    17   114   172   164   107     5   103    76    19   128   103   120    55    50    36   152     3    13    34   177   175    25    14   123    52    11   154    77   108    78    69   137    10   119    80    77    85   136    48    67    63    83   145   117    49   115    59   138    45   155    77   132     2     2   146    34   126   109    88   110    51   152    55    57   111    95   152    39    86    59    73    40    69    80    50    14    16   153    41    27   100    87    66    56    93    81   132    72    91    19    58    21    14   112    39    19    57    77   156   172   118    79   104    34    46   102   143   104    78    67   109    50   108    46    21   108    73    51 
  139    47   130   122     7   136    18   168    57   151    83   104    27    75    44   120   152    81     5   179   138   136    63   175    72   102   109   136   168   164     9    83   107    32    38    18    38   144    88   131   126    31    27   112   131    24    38    37    70   140    16   150    47    63   162    62    46    40    44    85   116    32    54    63   162    45   136   109    11   116   158   141    23    29    97   147   158    44   149   179   106     4   158   179   105    11   158    12    42   173    72    18    94   175     8    11   114    64    89    76    73    96   138    58    64    71   141   131    39   114    79    79    71   122   145    22    23   160    87   127    14   117   102     5    99   112    69   161    37    40    98   160   113   121    87   149    52    61     6    38   103   158   128    97    50   133   147     4   131   129   151    87   160    79   156     6     5    68    93    83    82    59   164    58    92   171    35    32    76    25    32    51    14    33    72    96   157    91    89    21   155    39    52     1   148     2   107   156    15   107    27   162   135    18   125    24    39     1    98   130    95   176   167    29    97    15    91    60    11    94   129    49   118   125   119    81    38   125    21    28    94    16    48   126    45    25   140   143    47   163   114    36    98   175   148   179   124   178   123     3 
  128   129    14   120   129     2    20    67    46    43    98   157   133   119    17   131    98    11    62   100    44   172   179   180   173    49   106   161   117   143    94   110     5    24   164   166   178    23    81    95    73   127    30     8    76   122   101    44    94   102    94   180    11   160   151    66    99   168    81    26    30    40    76    25    98     6   108    19   105     5   131    45    50    61     5   123    73     2   173   106    37    71    45     7   173    32    96     9   115    31   176    20   136    54   116   101   155     2    48    71    20   117   170   134     7    94    71    73    31   111    20    47    61    36    19   107   165   180    68   130   133   110    90   145   140   161    11    89   122   148   116    95    46    14    80     8    40   107    86    98    26    13    39    67   112    95   111   120   137     2   129   170    45    16   142   172    48   173   121    40    31   170   116   177    49   177   126    67    23   108    27    19    64   112   133    87    75    39   158   160   178    90    29    47    39    19    22    50    23    14    45   100   124   112   142   178   141   163    74    29   104    74    61   154   149   124     1    98    27   120    76   156    44   144    68    54     2   127   168   121    20     2    90    52    49   162    36    10    97     4   150   131    56    25    27   178   144    51   108   129 
   50   162   108    51    28    85   165   160    53   113   131    75   127   123    36    44   110    90     2   121   146   177    57   105    15   146    61     2    20    58    20    95    65    68   155     3    87    20   171   118    50    64    34   129    11    39   134     7   129    80   169   145   132     8    60    60    48   105   114    93   138   168   173    59    23   131   172     8   106   101   173   142   114   121   144    55    68    72     4   119   165   101   174    77   139    90    32   124     7   174   161   135    54    66    29   132    18    28    12   125   115    54    23   156   179    66    78    96    76   123    95     9    22    23   120    65    87    36    14    52    24    52   163   111    23    15   150   117     4    76    80    83     1    90   121    32    57    11    85    65   122   144   145   171    61    51    67    45   116    22   156   132    76    56    24    65   148   164    44    65    72    86   127    29    56    18   118    69   158    87   109    54   144    17   122    32   134   172    37   147    85    46   110    45   161   172    88    33   131   152    46    47   129   171   142   110   166   139    14   154    19   125    54   101   126   132   176    59     3   141    65   168    16    54    70     3   154   147   154   168     3    52   124    41    77    45   102    99   177    24   135    34   125    20   105   137   103    57   127    61 
  128   170   144   155    40   122   105    47    85   114     1    51    72    38   112    77   177   173   127   153   143    27    39    96    36    35   161    46    77    62    44   109    30    60    41    90    91    33   177    78   122   124    77    28    20   118    69   165   128   167    39   141    28   164   145   177    61     1    36   153    81   124    93    20    39   178   115    53   145    80   111   158    94    48    16    66    26    25    14    98    85    63   106   180   176    45    12    49    68    25   166   179   149   180   147    83    95    13   147    73   129   170   151    13    96   173    60    17   144    34    86   101   179    32    76    50    57   156    23    44    22     7   159   180   116    49    81    47   125   108    79    43   144     2   118   156   146   116    85    94    17   171    76    64   161   113    63     4    31    57    89   121   171    76    82    98    28   147   101     1   179   116    99   152    46    82   169    71    61   121    28     6    22    70    40    61    80   169   110   105   136     6   162    76    13    26    30    57    32   111    90    81   117    60    86    70    64   121    11    20    79    73    67   137     8    63   164   165   147   170   109    74    24   171    84   166   145   174    98    43   107    53    85   180    74     1    82    41    26   120   114    85   163   106   162   175    35   149    11    59 
 0.00  0.38  0.30  0.36 
 0.38  0.00  0.25  0.22 
 0.30  0.25  0.00  0.36 
 0.36  0.22  0.36  0.00 
