70 12
20
19419
20279
19382
20833
20783
20055
19528
20363
19667
21176
19348
19793
20167
20451
19148
19468
20109
20209
18085
19880
1.9 70.4 930.1 1.9
1.9 66 666.4 2.2
2.6 74.8 885.9 2.3
2 51.3 295.8 2
3.3 42.1 555.9 1.8
3.9 69.9 878.6 2
3.3 62.4 195.5 2.2
1.8 33.1 816.1 2.1
4.6 27.2 93.8 1.9
3.7 36.8 782.6 2
4.7 24.2 145.5 2.2
1.2 70.1 643.9 2.3
2 53.8 550.1 2.3
4.3 43.2 931.4 2
2.7 31.3 277.7 1.7
3.5 64.2 218.7 2.2
3.5 58.5 426.7 1.7
2 49.5 716.4 1.9
3.2 66.6 835.4 2.1
1 36.9 144.6 2.2
2.4 61 64.5 1.8
1.1 23.7 762.2 1.6
2.1 31.4 225.5 2.1
3.8 61.1 161.2 1.8
1.2 21.9 613.2 2.4
4.3 56.8 820.6 1.7
4.1 33.2 462.7 2.2
4.3 62.9 388.5 1.7
1.6 51.3 829.5 2
2.6 20.2 625 1.9
4.3 20.1 102 2.2
2.4 24.7 464.8 2.2
5 48.2 192 2.4
3.6 37.9 143 1.6
3.5 17.4 401.4 2.3
3.4 67.8 746.6 2.3
1.8 33 195.4 1.7
3 59.7 639.5 2.3
2.4 69.6 201.2 2.3
1.5 60.1 483.7 1.7
2.8 29.7 635.6 1.6
3.1 62.1 420.7 2.2
3.7 68.5 393.2 2.1
4.7 21.6 165.6 2.2
1.1 18.6 507 2.4
4.5 35 246.4 1.6
1.5 51.8 428.1 2.2
4.3 22.2 535.9 2.1
3.3 34.9 901 2.4
1.2 43.3 754.6 2
1.2 65.1 143.1 2.4
2.6 30.4 535.3 2.4
4 21.2 378 2.3
1.9 23.3 76.5 1.9
1.4 51.7 911.9 1.8
1.7 67.4 543.5 1.5
3.4 71.7 144.3 2.4
3.6 46 689.5 1.9
3.8 28.7 378.5 1.7
1.3 73.6 90.3 2.4
2.5 23.4 862.9 1.8
3.6 15.3 792 2.3
4.9 45.9 440.7 2.4
3.2 18.6 889.9 2.1
3.2 72.2 212.3 1.7
3.1 49.7 533.8 1.5
2.9 50.8 256.9 2.3
2.5 41.5 380.5 2.5
2.9 31.1 893.6 2.4
4.1 21.8 494.7 2.4
4.3 28.1 907.3 2.5
1.9 72.8 654.6 2.1
1.1 58.4 548.8 2.3
4.2 34.6 865.2 2.2
4 34.1 121.3 2.4
3.1 56.6 311.2 2.3
3 36.8 101.6 1.7
1.7 28.8 687.6 1.9
2.8 16.3 764.3 2
2.4 15.6 502 1.9
1 52.5 875.3 2.4
3.1 72.9 616.3 2.5
4.1 45.7 236.1 1.5
1.8 33.2 126.3 1.8
2.6 48.9 270.5 1.8
4.3 66.6 919.8 2.3
2.9 69.4 191.1 1.6
1.1 53.4 878.7 1.7
3.9 43.7 57.5 1.7
3.2 53.9 72.2 2.1
1.9 40.6 937.4 1.6
4.5 39.2 306 2.2
4.1 50.9 542.6 1.7
3.6 55 758.9 2.4
1.6 42.8 197.7 1.9
1.7 16.9 834.2 2.2
2.4 34.3 636.2 1.6
2.7 42.5 802.4 1.9
4.3 51.5 760.3 2.2
2.7 63.1 247 1.6
3.8 69.2 653.1 2.1
4.9 19.8 406.9 1.8
1.7 40.1 163.5 2.2
2.8 34.9 88.2 2.4
2.7 40.9 407.8 1.9
2.4 63.8 938.7 2.3
1.5 47.8 309.4 1.7
3 63.7 395.3 2.3
2.1 43.3 669.3 2
2.8 46.5 149.8 1.9
2.5 73.4 716.2 2.2
3.4 33.1 780.4 2.1
3.9 34.2 721.4 1.9
3.2 19 336.6 2
4 45.6 224 2.2
3.3 25.8 563.7 1.6
3.8 38.9 534.6 2.1
3.8 16.8 187.4 2.3
2.4 17.3 304.4 1.7
3.2 22 351.1 1.7
4.1 74.4 839.2 2.5
3.1 19.3 890.4 2.2
2.3 18.9 145.7 2.1
1.6 68.3 732.2 1.5
4 72.9 808.7 1.7
2.8 56.4 307 1.6
3.9 74.4 800.8 2.3
3.2 65.5 876.1 1.9
3.8 29.3 199.8 2.2
4 38.5 174.6 2
3.2 58.4 751.5 1.6
4.6 70.3 183.4 2
4 18.2 698.2 1.6
3.1 62.7 627.9 1.8
2.9 25.4 307.6 1.8
2.5 28.2 760.4 2.1
3.9 38 892.8 1.9
4.3 32.5 520.8 1.8
4.7 28.4 602.7 2.5
4.4 18.2 55 2.1
4.5 65.1 425.9 2.1
3.2 35.6 242.5 1.5
4.6 74.6 903.9 2
2.6 29.3 336.3 2.4
1.1 17.3 138.1 2.3
3.2 68.5 737.1 1.6
2.5 23.6 258.1 2.2
4.7 68.7 104.8 2.4
3.3 62 324.8 2.5
1.4 27.3 611.1 1.7
1.5 68.6 710.1 1.8
5 26.5 498.8 2.3
2.9 51.4 134.5 1.6
3.5 36.3 801 2.3
2.4 62.6 907.1 2.3
3.5 37.4 258.3 1.8
2.7 64.9 702.6 1.9
3.9 43.5 396.2 2
3.5 42 52.1 2
2.3 20.3 375.8 1.7
4.2 55.7 888.9 1.8
2.6 70.3 818.3 1.5
4.7 44.3 404.2 1.8
2.6 49.4 912.7 1.6
3.4 70 392.4 2.3
3.6 20.7 724.1 1.9
2.1 31.2 267.2 1.8
4.4 51.6 384.7 2.2
2 60.9 344.1 2
1.3 42 382.7 1.9
1.3 68.7 659.4 2.3
3.9 54.7 62.8 2
2.7 56 678.8 2.4
3.5 63.4 784.8 1.5
3.3 73.6 240.7 2.4
3.4 66.8 434.9 1.9
1.4 67.8 683 1.7
4.5 47.8 266.2 1.7
1.4 19.3 414.4 2.4
2 31.3 183.5 2.1
1.5 55.3 400.5 2.1
1.1 64.4 396.1 1.5
3.5 15.7 487.3 2.4
1.7 50 560.1 1.6
3 53.4 170.6 2.3
1.2 61.1 575.5 2
2.1 58.8 854.1 2.2
3.7 70.7 616.5 1.5
3.3 46.1 660 2.1
2.8 51.2 317.2 2.4
1.3 46.4 467.8 2.3
3.9 49.6 651.6 2
2.2 74.6 369.7 2.2
1.3 18.6 775.4 1.7
2.4 22.8 502.9 2
1.9 54.2 763.5 2.3
1.5 54.5 766 2.1
3.8 44.7 386.9 2.5
3 50 338.2 2.2
4.9 54.6 476.1 2.3
2.7 53.8 145.6 2.3
3 40.8 97.1 2.1
3.2 51.2 347.3 1.5
3 62.7 943.8 2.3
2.7 15.2 140.8 2.2
1.3 49.9 485.5 1.5
2.1 49.9 449.8 1.6
1.3 52.1 686.4 2.4
4.5 52.4 290.4 2.2
4.9 74.2 760.4 1.8
4.5 23.2 545.2 1.8
3.2 61.8 616.5 2.2
4.8 38.7 260.1 2.2
2.5 71 934.6 2.2
2 48.9 132.6 2.4
4.1 58.5 508.3 2.2
4.1 55.3 766 2.1
4 48.7 203.6 2.4
4.4 56.1 478.9 1.5
2.4 15.1 895.3 2.3
3.1 32.8 830 1.7
4.7 24.1 770.2 2.3
3.9 38.7 822.4 1.9
3.6 71.7 341.5 1.6
3.1 29 218.4 2.5
1.8 54.1 406 2.4
2 15.1 231 2.1
2.4 59.7 754.3 2.2
3.8 21.7 256 1.7
3.7 39.3 223.2 1.7
2.1 52.4 257 2
4.6 30.2 618.8 1.9
2.8 26.8 189.3 1.9
3.5 63.4 452.9 2.4
1.5 33.7 236.7 1.7
2.6 18.1 791.9 2
2 50.6 160.6 2.2
2.6 72 630.2 2.5
1.9 65.7 85.5 1.6
2.5 36.2 914.8 2.1
2.9 28.6 500.2 2.3
4.2 70.5 267.8 2
3 61.4 648.7 1.8
4 51 606.2 1.8
1.5 68 781 2.2
2.2 21.4 687.3 2.1
2.4 20.5 368.7 2.3
3 70.9 503.2 1.7
4.2 48.7 605.9 2.4
1.1 46.1 111.6 2
1.1 35.8 839.8 1.7
2.3 65.8 817.5 2.1
3.1 23.1 82.8 1.7
3.5 69.8 176.4 2.5
1.4 69.6 152.5 2
3.8 45.4 90.7 2.1
1.6 43.3 474 2
1.2 29.2 163.9 2.1
3.5 16.6 73.1 1.7
3.2 36.5 875.9 1.6
4.9 48.2 798.4 2.3
3.1 20.3 363.1 2.3
3.3 21.1 456.3 1.7
4.6 32.6 331 1.9
3.4 73.7 897.9 2.1
4.6 37.9 626.7 1.7
4.9 58.2 613.4 1.7
2.1 62.4 275.4 1.7
3 41.1 281.2 1.5
2.7 73.5 513.4 2.1
2.3 58.1 380.6 1.6
1.3 17.2 711.8 1.5
4.7 63.2 804.8 2.5
4.3 32.1 401.2 1.7
2.7 39.7 547.4 2.4
3.2 58.7 505.4 2.4
2 62.6 450.2 1.8
2.9 64.3 411.9 1.7
1.5 19.3 454.3 1.8
3.6 70.8 571.6 1.8
2.8 34 857.6 2
2.5 36.2 744.6 2.1
2.6 72 838.4 2.5
4.3 47.5 651.6 2.3
1.1 65.5 176.8 2.2
1.3 66.3 705.7 2.1
3.3 74.9 437.8 1.9
2.3 17.2 812.2 2.5
1.6 16.1 240.5 1.9
3.5 72.7 327.9 2.2
4.8 62.9 362.8 2
1.8 43.6 166.3 2
3.3 71.9 488.6 1.6
4.6 34.7 949.4 2.4
1.6 36.5 458.1 2.1
3.1 70.2 631.4 2.2
4.7 26.7 594.4 2
4.6 70.1 936.3 2.1
3.4 42.2 277.2 1.8
4.2 36.6 237.4 1.8
3.2 31.7 313.1 1.7
3.4 67.7 703.7 1.7
3.9 42 550.2 2
3.2 29.6 431.5 2.3
3.9 56.8 527.8 2.4
2.9 67.9 65 1.7
4.3 30.4 518.7 2.1
2.9 40.1 488 2
3.7 46.1 570.8 2.1
2.6 38.7 698.2 2.3
3.2 28.4 730.2 2.3
2 33.1 485.3 1.7
2.1 46.8 398.1 1.8
3.3 29.7 279.2 2
1.2 27.2 481.2 1.6
3.1 39.3 520.2 1.7
4.6 66.4 716.1 2.3
2.6 33.5 308.7 1.5
2.1 38.5 680.7 1.7
2.6 62.9 751.4 1.9
4.2 73.2 383.2 2.3
1.7 60.3 71.5 1.7
2.4 60.2 783.1 1.6
1 26.7 114.3 2.5
2.2 36.9 744.6 1.7
1.7 73.9 130.8 1.7
4.1 20.5 708 1.8
2.5 69.4 425 1.8
4.7 30.3 643.8 1.7
4.8 50.1 810.1 2.4
3.9 67.7 887.9 1.6
4.9 17.5 737.8 2.4
2.2 65.5 582.1 1.6
2 63.6 642.9 1.6
3.1 62.5 709.1 2.4
1.3 72.5 802 1.8
4.4 68.6 179.1 1.8
3.3 71.7 868.4 2
3.8 73.1 704.2 2.5
2.2 20.6 375.2 2
2.1 39.9 76.7 2
4.6 56.7 530.8 1.7
2.7 56.6 730.9 1.8
4.4 32.9 764.8 1.7
5 55 123.6 2
3.5 58.7 453.4 2.2
1.4 44.2 249 1.5
2.5 58.2 724 2.1
1.1 29.2 691.1 2.2
2 60.6 481.7 1.6
2 37.1 427.7 1.9
4.7 54.1 435 2.1
1.5 20.9 565.5 2
3.2 31.4 866.2 2.3
1.8 62 778.4 2.5
3.8 32 450.5 1.6
2.9 53 922.5 2.1
3.7 17 546.8 1.7
2.9 29.8 758.8 1.8
3.9 17.6 841.9 2
4.5 62.7 240.8 2.4
2.7 22.1 187.1 2
3.6 71.4 528.8 2.1
3.5 53 929.7 2.1
4 29.9 386.1 1.6
1.3 43.1 618.1 2.4
1.5 56.9 171.6 1.6
3.9 45.1 311 2
3.4 51 700.4 2.1
1.1 54.9 447.2 2.5
1.5 50.3 563.4 2.3
1.2 40.8 902.4 2.3
2.7 47.1 378.3 2.1
2.8 51.9 387.9 2.5
4.2 58.9 102.4 2.3
4.7 18.6 858.1 1.7
2.4 28.8 370.1 1.6
3.2 42.5 352.2 1.8
4.3 36.8 395.6 1.7
4.6 69.2 219.2 2.4
3.3 63.3 223.5 2.2
2.1 54.1 389.1 2.5
1.9 51.7 923.4 1.6
4.1 19.6 245.3 1.7
4.4 69.1 528.4 1.9
2.6 38 593.9 1.9
2.4 49.7 202.3 2.3
3 58.6 362.8 2.3
4.1 52.4 359.4 1.9
4.5 40.3 79.6 2.1
4.4 74.9 446.2 2.2
1.6 70.8 474.6 2.1
4.2 32.7 217.6 2.1
1.2 19.2 248 2.2
1.4 57.7 793.3 1.8
4.8 52.7 698.2 1.8
1 65.9 203.3 1.9
4.7 27.6 188.7 2
2.5 46.8 54.4 2.5
4.7 46.5 746.3 1.7
2.6 73.9 772.2 1.8
4.9 18.1 348.2 1.9
1.3 17.4 62.6 2.1
2.2 36.2 601.9 1.8
4.4 43.7 485 2.3
1.6 40.1 333.4 1.8
3 24.2 806.9 2
2.8 44.4 541.3 2.1
2.7 41.9 68.6 2.1
2.4 35.8 436.4 2.2
4.8 31.5 415.6 2.1
3.4 36.3 470.4 2.2
4.3 59.2 696.3 1.8
4.9 66.6 196 2.1
2.1 32.5 84 2
1.3 43.1 639.1 2.2
2.9 55.3 550.7 2.3
2.8 73.4 903.8 1.8
1.4 28.3 575.1 2.2
1.6 41.9 490.8 2.1
3.5 49.4 446.9 2.3
3.3 63.9 181 1.5
1.9 17.8 887.5 1.6
4.5 17.6 708.8 2
4.9 63.2 696.8 1.6
1.7 40.6 669.7 2.2
1.7 42.2 291.1 2.3
3 37.2 428.9 1.7
1.2 53.5 907.9 2.1
2.4 72.2 806.3 2.3
2.4 51.8 335.1 2
4.2 29 65.7 2
2.8 61.1 317.5 2.2
3.3 17 61.3 2
2.7 65.5 292.8 2.4
1.6 71.2 101.5 2.2
1.4 64.8 669.3 2.5
2.3 61.5 588.5 2.5
3.3 70.8 452.4 2.5
1.4 73.7 493.4 1.9
1.5 69.9 515.7 2.3
3.7 46 687.8 1.5
1.4 54.4 584.4 1.5
3.8 34.5 167.1 2.4
3.5 51.1 891 1.7
4.7 54.5 641.8 1.8
3.3 57.1 556.7 1.8
2.7 62.6 256.5 2.1
3.6 66.3 132.4 1.8
3.6 15.1 130.9 2.3
3 37.5 450.8 1.6
2 45.3 530.6 2.3
1.5 64.2 828.8 2
2.9 58.1 803.3 1.6
1.2 73.8 699.7 2
2.6 60.4 222.3 1.8
4.4 70.3 228.8 1.5
4.9 23.3 343.8 1.5
2.1 18.7 917.9 1.7
2.8 50.3 748.7 1.7
3.8 38.4 773.8 2.4
1.7 47.2 386.7 2.5
4.2 15.6 512.9 1.7
3.6 43.9 291.9 1.5
4.1 72 292.9 2.1
3 16.1 733.8 1.7
1.7 37 67.5 1.7
2.4 68.2 588.7 2.3
2.3 71.4 637.3 2.3
4.1 66 289.5 1.7
2 15.4 665.8 2.4
1.3 18.4 279.2 2.1
1.1 29.7 610.1 2.3
1.1 18.6 616.7 1.8
3.4 68.3 577.3 1.7
3.4 34.9 940.7 1.7
2.4 16.2 432.5 2.1
3 66.9 759.3 2.2
2 66.9 843.9 2
3.2 62.9 617 2.1
3.2 45.3 406.3 1.5
4.2 33.7 76.3 1.7
2 38.1 883.5 2.3
1.4 71 327 2.4
1.1 19.3 57 1.5
1.5 40.7 711.3 1.8
2.4 65 477.3 2.4
2.8 65.8 627.3 1.6
1.2 22.9 381.1 2
3.7 65.9 302.2 1.7
4.1 63.2 461.5 1.8
2.2 48.4 479.5 1.8
2.2 64.1 449.5 1.7
1.7 37.1 503.8 1.5
4.4 26.1 767.7 2.1
3.6 45.8 123.1 2.4
2.3 62.9 107.3 2.4
3.3 17.2 464.2 2
2.9 67.8 445.7 1.5
3 68.4 234.3 1.6
2 20.8 614.6 1.8
3.7 55.3 571.8 2.2
3.5 72.1 229 2.3
2.2 69.8 689.8 2.1
1.7 50.7 186.2 1.8
1.3 16.7 290.6 2.3
4.7 44.1 468.6 1.7
1.6 59.7 133.6 2.3
4.4 56.6 228 1.6
2.4 54 622 2.4
3.3 58.4 311.4 2.2
1.1 47.6 219.6 2.3
1.9 29.2 700.7 1.7
2.3 22.7 153.3 1.9
4.5 19.5 322.1 1.6
1.2 39.6 75.3 1.9
1.6 50.9 881.2 1.6
3.4 31.4 360.2 1.6
4.1 24.1 303.6 1.5
4.2 35.3 591.3 2.3
3.5 59.7 850.9 2.4
2.7 37.8 782.2 1.6
1.2 33.7 122.4 2.3
4.7 73 675.6 2
4.9 54.2 770.6 2.3
5 19.8 52.8 2.4
1.3 23.1 409 2.4
4.8 52.5 359.8 2.5
3.3 19.6 703.4 2.3
2 43.1 852.9 1.6
2.9 72.6 153.6 1.9
2.7 57.1 244.3 1.7
1.8 49.4 865.4 1.5
2.4 25 382.5 1.8
4.4 22.2 316.3 2.1
1.9 63.9 545.4 1.8
3.3 20.6 463.2 1.8
2 18.7 222.3 2.1
3.1 67.4 794.3 2.1
4.5 22 403.5 1.5
4.4 49.4 109.3 1.5
4.2 66.9 919.5 1.9
1.4 37.4 487.8 2.3
4.1 50.5 631.7 2.3
3.1 25.9 152.5 2.3
2.6 47.7 90.9 1.5
3.6 62.6 914.4 2
2.7 64.8 717 2.2
3.3 61.3 239.5 1.9
2.1 49.8 878.5 1.9
1.4 34.5 535.9 1.9
3.6 44.1 847.6 1.7
3.3 64.2 658.9 2.3
1.6 40.5 105.4 2
3.7 21 328.9 1.9
4.2 30 631.1 2.4
2.3 63.7 210 1.8
4.8 66.3 732.3 2.5
2.1 29.9 190.4 1.6
2.7 51.8 628.3 2.3
4.1 57.6 841.4 1.5
1.9 66.2 902.8 2
4.1 28.8 247.7 1.8
1.5 37.7 448.1 1.6
4 69.5 861.3 1.5
4.5 44.4 600.7 2
4.4 26.3 492.3 2.1
1.5 43.9 165.5 2.1
1.3 70.9 226 2
1.8 56.1 514.3 1.7
4.6 43.2 575.2 2
2.4 65.3 921.7 1.9
2.3 43.9 754.6 1.9
2.9 64.6 509.4 1.7
4.1 63.3 92.2 1.7
4.6 45.7 128.7 2.4
4.6 32.3 750.7 2.2
1.8 38.7 475.8 1.9
4.8 65.8 319.1 2
1.5 65.5 607.2 1.8
3.6 25.2 129.8 1.9
3.2 65.9 432.5 1.6
1.2 47.1 325.2 1.8
3.1 56.9 213.3 2.5
2.1 72.3 510.5 2.4
1.4 23.9 751.6 2.1
4.7 52.1 806.5 1.5
1.8 42.6 669.2 2.2
3.6 64.4 337.3 1.9
1.4 48.7 64.4 2
1.2 65.3 949.5 2.1
1.3 43.9 178.5 1.7
2.3 54.6 532.5 2
2.2 45.2 453.1 2
2.3 37 542.6 1.6
4.2 43.7 516.5 2.3
3.1 71.4 602 2.4
1.7 42.6 136.2 2.5
2.4 33.1 573.7 2.2
1.6 30.9 775.7 2
4.2 21.4 106.7 1.7
2.6 22.3 470.8 2.5
3.1 29.4 929.8 1.7
1.8 71.3 109.1 1.8
4.1 21.6 781.6 2
4.2 42.1 777.3 1.8
4 65.4 349.2 1.7
2.8 16.5 520.5 2.3
2.1 64.2 53.1 1.7
3.7 32.6 833.4 2.5
3.6 29.2 648.5 1.7
1.7 37.9 154.6 1.6
2 55.9 707 1.9
1.2 35.9 317 2.2
1.8 15.6 537.7 1.8
3.1 51.8 398.3 1.9
3.2 49 123.7 2.4
2.7 33.1 213.9 2
2.7 36.6 113 2
2.8 48.1 589.4 2
4.3 41.9 782.9 1.5
3.9 53.7 383.4 1.8
2.7 59.1 614.5 1.7
3.8 37.7 776.7 2.1
4.6 25.8 195.4 1.8
2.8 31.1 707.6 2
4.6 54.8 756.9 2.2
1.8 65.8 318.5 2.2
4 60.6 780 2.1
4.5 73.7 751.7 1.8
4.2 23.9 142.6 2
3.6 45 147.6 1.7
2.8 34.5 592.4 2.5
4.6 49.2 629.2 1.5
4.4 31.9 191.3 2.5
3.1 66 533.8 1.8
3.9 48.8 389.7 1.7
2.8 63.5 160.3 2.4
3 54.5 862.3 2.4
2 43.4 800.7 2
4.2 73.2 309.6 2.5
2.5 25.5 217.9 2
1.6 51.3 430.9 1.5
4.1 15.6 140 2.1
4.6 26 882.5 1.9
1.3 59.2 646 1.6
1.3 23.1 751.5 2.4
1.1 48.2 361.9 1.5
2.5 64.7 570.4 2.2
2.7 74.8 613 2.1
4.4 73.6 871.3 2.2
3.4 58.3 916.7 1.7
4.7 31.3 487.4 2.3
4.9 74.2 100.3 1.8
3.9 23.5 845.2 2.3
1.8 53.7 622.4 1.6
2.6 67.7 386.3 2.2
3.2 43.4 53.3 1.7
3.7 54 866.1 2.2
2 57 497.4 1.6
4.4 27.2 234.9 1.8
1.3 58.1 557.5 1.6
4.8 56.3 178.3 2.4
2.9 60.3 429.8 1.8
5 34.1 284.3 2.2
2.5 62.9 485.3 2.3
1.2 42.8 864.9 2
4.3 72.2 117.2 1.6
2.9 15.3 816 2
3.4 72.6 634.5 1.6
3.6 19.3 104.9 2.5
4.9 28.5 365.5 2.4
3.6 38.7 510 2.4
1.1 41.4 375.4 1.7
1.6 23.9 271.3 1.8
1.8 57.7 834.7 1.5
1 20.1 736.6 2
2.1 66.5 271 2
4.7 23.1 183.8 1.7
2.7 23 699.3 2.1
2.1 62.6 250.6 1.9
2.6 45.3 616 2.3
3.5 47 306.8 1.9
3.3 32.5 890.9 2.4
1.5 27 923 1.9
1.7 67.2 858.1 2.1
4.2 16.9 775 2.4
4.3 55.6 126.2 2.1
2.5 74.8 709.6 1.6
1.6 61.6 52.1 2.3
3.8 57.6 880.5 1.9
2.8 46.7 131.8 1.9
4.5 28.2 670.9 1.8
3.7 69 531 1.7
1.2 64.1 302.3 2.2
3.5 27.9 855.7 2.2
3.1 25.7 342.1 2.1
1.3 35.5 732.3 1.9
4.7 67.4 529.5 2.4
2.8 59.3 162.1 1.8
5 58.2 822.4 2.4
1.1 64.6 610.5 2.4
4.3 40.5 729.6 1.8
4.5 19.2 736.5 2.4
2.3 38 643.3 2
4.4 48.6 845.6 2.1
4.8 56.3 918.7 1.8
3.1 61.6 734.8 2.3
1.8 60.3 336.8 2.4
2.7 56.4 374.3 2.5
1.7 52.3 103.4 2
1.5 32.8 678.7 2
1.7 22.6 824.1 1.8
4.3 45.3 857.9 2.3
4 24.3 139.7 2
1.8 31.3 859.8 1.6
4.1 25.1 313.3 2.3
4.6 42.9 769 2.4
1.1 63.5 479.5 2
3.7 71.7 799.8 1.8
1.2 34.5 93.4 2
1.6 70.5 296.6 2.1
4.2 64.1 351.8 2
1.7 25 694.7 2
1.2 35.4 268.1 1.9
3.2 17.3 874.1 2
3.1 54.2 592 2.4
3.6 65.7 400.7 2.3
1.2 16.8 692.1 2.1
2.7 19.3 638 2
2.6 41.7 931.5 2.1
4 33.2 120.7 1.9
2.7 22.3 925.4 2.5
4.2 41.6 611.6 1.9
2.1 35.8 151.6 1.8
3.3 25.8 729.2 2.5
4.2 46.8 618.6 2.1
4.3 27 142.1 2.2
1.8 43.6 827.2 1.7
1.5 16.4 764.6 2.2
1.2 66.8 517.1 2.2
4.7 44.5 55 2.2
4.5 69 604.2 1.8
4.1 37.7 628.7 2.4
5 46 567.5 1.8
1.5 46.1 397.3 2.3
4.2 62.1 390.8 1.6
2.9 23.9 934.8 2.1
1.8 19.5 548.1 2
1.5 40.4 296.4 1.9
2 40.9 175.5 2
3.5 52.1 946.2 2.5
3.9 32.3 893.3 2.1
3.5 67.5 239.4 2
4.5 71.2 732.5 2.5
4.3 23.2 490.7 2
4.5 37.1 212.7 2
3 31.8 735.6 2.3
3 72.4 761.9 1.5
1.7 21.5 799.8 2.1
4.3 29.3 401.1 2.5
2.6 60 631.1 2.1
1.8 33.1 373.9 1.6
2.8 49 543.9 2
3 55.1 454.2 2.4
2.2 61.6 323.4 1.9
2.3 54.1 441.2 2.2
2.9 19.8 151.2 2.3
3.2 53.3 532.3 1.6
1.8 70.7 172.4 2.3
3.5 47.5 823.6 2.1
3.2 57.5 753.1 2.4
3.6 65 641.6 2.4
3.5 37.9 511.4 1.7
1.2 69.5 624.5 2.4
1 31 292.1 1.9
4.9 31.4 331 1.6
2.9 64 773.6 2.4
4.1 19.1 211.3 1.6
4.6 46.8 502.7 2.1
2.7 43.5 348.5 2.2
5 58.7 441.6 1.9
2.4 40.8 879.1 1.6
3 64.8 758.1 2.2
1.5 18.9 216.9 1.7
1.3 28.5 108 2.1
4.6 15.6 126.6 1.6
1.3 36.7 759.3 2.4
3.6 18.3 775.9 2.5
1.7 61.3 243.4 1.6
1.3 71.3 606.3 1.5
2.2 22.8 370.5 1.6
4.8 44.3 572.9 2.3
3 20.8 869.1 2.4
3.6 31.4 420.3 2.5
5 37.4 158.2 2.2
4.4 56.5 220.6 1.8
4.8 50.4 187.3 1.6
2.6 30 486.4 2.2
2.2 54.8 351.7 2.1
1.8 48.5 763.5 2
2.7 17.4 244.7 2.1
1.4 38.4 226.7 2.3
1.9 67.8 846.9 1.6
3.3 41 227.7 2.2
2.2 27.8 163 2.5
4.8 67.7 212.4 1.9
2.6 61.8 925.7 1.7
4.1 73.1 238.7 2.4
2.7 71.5 351.6 2.1
4 55.8 185.6 1.7
1.7 31.8 592.9 1.9
3.1 56.7 422.7 1.5
2.5 74.1 742.5 2.2
3 19.9 358.9 2.1
4.3 56.3 828.8 1.5
3.7 35 934 2.4
2.7 51.5 430 2.3
2.8 61.2 271.4 2.3
3.8 40.5 379.9 2.5
4.1 28.4 573.2 2.1
1.6 46.8 125.9 2.1
3.4 60.8 502.4 2.2
1.1 44.4 216 2.3
2.2 48 150.3 2.2
4.8 37.2 381.4 2.3
4.2 22.9 505.2 2.1
4.1 58.8 753.5 2.2
2.9 66.3 300 2.1
1.8 58.8 336.2 2.2
2.3 45.2 919.4 1.9
4.2 31.6 313.8 1.9
3.7 45.1 930.4 1.8
1.9 20.3 433.4 1.8
2.8 22.3 368.8 2.3
3 29.5 889.7 2.4
2.4 34 885.7 2.1
1.2 57.8 616.7 2.5
2 65 784.3 2
4.5 65.1 642.4 2.1
3.9 62.5 758.6 2.2
4.1 38.3 849.3 2.1
2.5 72.3 260.7 2.2
3.8 38.3 172.2 2.2
4.2 42.6 350.7 2
2.2 15.5 112.7 2.3
1.9 65.7 944.6 1.9
1.7 53.7 813.2 2.2
1.2 59.7 314.6 2.1
3.5 25.5 232.1 2
3.1 44.9 581.1 2.4
4.3 43.3 365.9 1.6
2.2 72.8 125.6 2.2
3.2 20 945 2.5
2.8 37.7 756.2 1.7
1.1 65.6 254.1 1.5
4.3 42.9 154.5 2.3
5 74.9 695.1 2.1
4.3 63.4 598.7 2.4
4.6 17.9 176.8 2.3
2.1 17.6 529.4 2.2
4 55.6 332.4 1.5
5 70 147.8 1.6
2.6 48.3 913.6 2.1
4.5 69.8 338.4 1.6
2.8 21.3 137.6 2.2
3 63.5 102.8 1.8
2.1 38.5 348.5 1.5
4.2 33.9 80.3 2
2.5 46.2 420.6 1.6
4.4 19.3 745.9 1.8
4 65.1 720.7 2.5
2.7 46.7 873.7 2.3
2.7 29.6 742.6 1.6
3.8 41.6 937.8 1.7
1.5 66 143.8 1.9
2.9 55.9 155.7 2.2
1 54.3 68.1 1.6
2.7 22.4 670.2 2.1
2.8 51.5 417.3 2
2.2 24.7 169.3 1.8
2.6 31.6 127.5 2.1
2.9 44.4 158.3 2.1
1.3 24.3 527 1.6
2.3 43.4 67.4 2.4
4.2 16.6 674.3 1.5
4.8 62 123 2.3
2.9 51.3 899.6 2.3
2 57.7 410.9 1.6
4.4 58.8 748.4 2.5
4.4 60.4 793.3 2.2
1.9 32.3 181.2 1.9
3.1 22.2 535.4 2.2
2.4 30.9 160.8 2.1
3.6 58.7 718.6 1.7
3.4 69.5 422.5 2
1.4 61 714.4 1.6
1.2 25.8 629.5 2.3
2.5 74.2 154.1 1.8
4.3 38.5 833 1.7
4.5 48.2 75.6 1.9
2.1 25.1 813.4 2.3
3.3 61.1 346.8 1.9
4.5 46.9 575.4 1.8
2.1 58.9 133 1.8
3.9 38.5 467.4 2
2.7 28.4 802.6 2.3
2.6 73.2 356.2 1.6
2.6 18.4 787.4 2
2.5 24.2 117.1 1.9
2.7 29.5 647.6 2.3
3.5 32.5 407.9 1.8
1.3 53.4 217 2.4
2.3 69.1 593.4 1.9
4.8 61 153.3 1.5
1.7 20 777.1 2.4
2 74.6 636 2
3.7 68.3 95.4 1.9
4 35.5 55.9 2
3.6 40.1 816.1 2.4
1 45.4 758.8 2.5
4.3 54.5 114.6 1.7
3.4 67.2 672.8 1.6
1.9 51.2 135 2
5 39.9 742.8 2
3.1 52.5 431.6 1.5
1.3 50.2 534 1.8
2.9 70.7 517.9 1.5
3.9 26.2 59.4 2
1.4 65.3 851.2 2.3
3.1 22.8 103.7 1.8
1.6 28.9 123.8 1.6
4.4 50.2 68 2.2
4.9 28.9 445.7 1.7
3.4 32.1 560.8 1.8
3 42.9 246.1 2.2
3.4 58.4 845.3 1.8
3.6 46.2 258.9 2.4
2.4 41.9 737.8 2.4
3.7 24.6 932.5 2.3
4.6 47.6 758.3 1.5
1.7 42 117.8 2.3
2.4 59.2 944.1 2.4
3.8 56.9 836.9 1.5
4.4 34 313 1.6
4.4 72.3 716.5 2.5
3.1 49.3 134.6 1.6
3.8 23.1 515.8 1.9
2.9 23.2 939.7 2.4
3.9 54 138.2 2.2
4.9 48.4 903 1.8
4.2 22.8 774.6 2.4
3.4 61.8 558.8 2.4
3.8 29.4 313 2.4
2.2 33.3 570.7 1.9
1.1 62.7 555.9 2.1
1.8 71 779.6 2.4
1.4 44.5 234.5 2
2.2 22.9 262.8 2.1
3.4 52.1 420.3 2.2
4.1 25.7 178.7 1.5
4.4 71 710 2.2
4.8 33.6 563.8 1.5
1 34 929.7 2.3
1.8 66.7 800.1 1.8
2.6 74.7 170 1.7
3 25.2 835.8 2
1.1 50.7 67.8 2.4
1.9 19.9 755.5 2.1
4.1 15.7 578.4 2.3
2.4 22.6 377.8 2.5
3.6 27.8 853.5 1.7
1.5 65.5 251.9 2.4
2.4 16.8 339.9 2.2
4.8 18.6 412 2.3
4.3 28.3 217.5 1.8
1 30.9 812.8 1.7
2.3 47.5 814.2 1.9
4.4 34.2 717.6 2
3.6 22.7 751.3 1.9
2.5 45.2 413.2 1.9
4.8 72.2 849.9 2.4
3.8 58.5 572.5 1.7
3.6 34.7 528.6 2.3
3.4 33 666.3 1.8
4.9 51 853.5 2.1
4.9 71.3 431.4 1.9
1.2 45 376.7 2
1.1 31 401.9 2.3
1.9 49.2 128.5 1.8
1.3 62.9 323.4 1.7
4.5 37.7 437 1.7
4.5 66.3 629.2 1.9
1.3 24.5 237 1.9
4.3 49 690.7 2.2
2 37.8 779 2.3
2.5 35.2 895.8 2.4
1.7 41.1 228 2.4
4.3 61.6 120.7 2.3
4.6 23.6 212 2
3.2 41.5 937.2 2
3.3 74.6 365.6 2.1
1.3 29.2 412.5 2.5
1.2 48.1 566 2.4
1.8 28.9 858.7 2.2
1.9 25.8 260.7 2.1
3.3 27.6 444.3 2.3
2.8 73.6 802.8 2.5
1.9 50.2 646.2 2.1
2 35 551.1 2.1
5 16.3 73.9 2.5
1.2 26 147.7 2.3
1.8 53.8 775.5 2
3.8 56.2 721.7 2.2
3.5 23 381 2.1
4.4 34 752.6 1.9
2.9 29 685.8 2.4
4.2 65.1 208.8 2.1
2 73.9 944.6 2.1
2.2 35.2 645.3 2.1
2.7 30.3 591.6 2
1.3 68.4 491.4 2
4.6 30.2 145.2 2.3
1.6 60.9 788.9 1.8
3.1 23.4 889.6 2.1
2.2 28.4 544.5 1.7
3.6 73.4 772.9 2.4
1.1 70 864.3 1.9
2 72.1 111.7 2.4
1.7 51.9 132.4 1.5
3.6 28.8 123.7 1.9
1.7 47.8 84.1 2.4
3.5 28.7 327.9 1.6
1.7 31.9 74.2 1.6
3 58 726.6 1.5
4.7 24.2 557.1 2.3
4 69.8 937.1 2
2.8 18.4 877.4 1.6
4.1 70.9 405.2 1.9
1.6 35.6 316.8 1.6
4.6 28.8 404.9 2.3
2.1 70.5 263.8 1.8
4.9 68.3 662 2.3
1.6 47.1 84.3 1.6
4 53.4 249.5 2
1.7 35 356.4 2.3
1.6 57.3 161.1 2.4
3.4 17.2 602.2 1.7
3.5 49.3 378.9 1.5
1.5 40.5 167 2.3
4.4 41.4 503.1 2.3
2.1 33.4 167.2 1.5
1.8 19.4 170.6 1.9
1.2 27.1 794.7 1.7
4.8 57.6 551.2 1.9
2.5 60.7 178.1 2.1
3.3 64.9 548.6 1.9
2.8 37.2 931 1.8
4.2 38.5 145.8 1.9
2.2 59.1 554.1 1.7
3.1 49.9 472.5 1.7
5 38.2 815.7 2.3
1.8 70.5 407.7 2.3
1.2 16.3 659 2.4
2.4 51.7 939.4 2.4
1.1 18.4 855.9 2.3
2.6 21.4 713.1 2.1
2.2 66 634.3 1.5
4.1 32 287.1 2
4 40.1 224.1 2.4
2 40.2 268.4 2.4
1.7 63.2 261.8 1.6
3.3 25.2 794.4 1.7
1.2 55.7 820 1.6
3.7 73.1 745.4 1.7
3.8 24.7 622.2 1.6
2.2 52.5 423.6 1.7
2 57.9 801.1 2.2
1.9 24 678.7 1.7
3.9 67.9 371.3 1.5
3.6 67.7 57.2 2.3
3.9 34 252.3 2
3.8 64.2 376.2 2.2
2.8 45.4 837.4 1.5
2 73.2 744.2 1.8
4 59.9 636.5 1.7
2.3 48.8 580.7 1.8
2.4 73.9 742.2 1.6
3.4 35.4 762.8 2.4
1.4 58.3 508.6 2.5
1 38.2 752 1.9
2.8 57.7 938.9 1.6
4.1 17.3 937.6 1.7
4.3 58.1 641.6 1.6
1.2 55.3 441.2 2.2
2.3 36 802.4 1.9
4.7 21 462.1 1.9
4.2 57.7 195.6 2
4 65.1 360 2
1.1 58.7 338.2 1.8
4.7 24.8 367.4 2.3
4 60 423.7 1.6
3.9 55.1 629.8 2.3
4.5 22.8 816.7 1.9
3 27.6 836.4 2.5
1.3 48.8 505.3 1.7
4.7 25.8 154.4 1.6
1.8 35.8 700.4 2.1
4.2 67.2 750.6 1.8
2 46.8 415.4 1.7
2.1 20.7 60 2.1
2.6 25.9 272.3 2.1
3.7 51.2 506.2 1.9
3.4 59.5 543.2 1.7
1.4 21.2 894 1.8
4 45.9 261.6 2
2.8 27.8 860.1 1.8
4.7 63 492.7 1.8
3.9 17.2 202.8 1.9
1.8 53.9 717.3 2.5
2.5 63.4 412.9 1.7
3.5 53 573.1 1.8
2.6 54.5 584.3 1.7
3.3 46.9 647.5 2.2
2.2 30.4 809.2 2.3
3.7 60.2 130.7 2.4
2.9 34.1 330.7 1.5
4.7 52.8 580.3 1.9
4.3 70.2 459.3 1.5
4.4 53.8 76.9 2.4
2.6 34.7 489 2.2
2.8 30 419.5 2.3
4.2 15.5 917.7 2.3
2.6 51 310.6 2.1
4.9 34.7 817 2.3
2.2 17.3 718.3 2
2.6 49.9 903.2 1.6
4.7 59.9 740.8 1.6
2.5 26.4 394.8 2.4
1.4 74.4 923.1 1.6
1.8 71.7 308.4 2.2
2.2 46 512.2 1.7
4.7 35.5 612.5 2.1
1.1 52.8 786.2 1.7
2.2 63 236.9 2.5
2.5 41.5 149.7 1.6
4.1 48.9 809.8 1.5
3 64.1 415.5 2.2
3.6 52.4 633.7 1.8
3.1 51.1 714.7 1.9
4.1 73.3 464.8 1.8
3.8 37.4 424.9 2.1
3.4 45.3 404.3 1.8
4.7 43.6 421.4 2.2
3.8 64.2 940.4 2.3
4 58.1 735.9 2.2
3.6 66.7 72.9 2.2
3.1 62.8 447.6 2.2
1.6 65.7 54.1 2.1
2 24.9 208.3 2.4
4.7 16.2 813.2 2
4.7 16.9 245 2.3
3.1 18.3 750.7 1.9
4.4 36.4 938.6 1.8
1.3 51.4 725.7 2.4
1.4 65.4 287.7 2.4
2.2 56.2 78.6 2.1
1 45.6 760.6 1.7
2 58.7 934.1 2.1
4.1 17.5 893.2 1.9
2.8 23 428.8 1.9
1.3 26.8 946.7 1.9
5 17.7 426.3 1.7
3.7 35.2 237.5 2.5
4.9 34.1 368.8 2.2
3.7 50.4 827.9 2.2
4.2 56.1 767.4 1.8
3.5 48 641.1 1.7
2.3 22.9 230.4 1.7
1.1 45.3 196 2.3
2.1 68.3 263.7 1.9
2.3 17.6 700.8 2
1.7 46.5 104 2.5
3 61.3 326.8 2.4
1.9 74.2 129.2 1.8
3.3 49.2 505.9 2.5
1.6 32.5 393.9 2.2
3.7 73.2 677.6 2.2
4.4 64.9 782.1 2.2
1.8 63.6 58 2.1
4.1 21 805.3 2.2
1.8 50.6 293.8 2
3.9 40.2 842.6 2.2
1.5 39.5 681.6 2.1
4.3 57.3 290.3 1.8
4.1 32.8 335.2 2.4
3.3 71.3 667.8 1.7
2.9 69.3 296.1 2.3
1.4 60.1 387.3 1.6
4.8 45.6 126.6 1.8
1.3 59 383.3 1.9
3.5 20.9 727.1 2.2
4.5 33.3 730.9 1.6
4.9 38.5 400.5 2.3
4.5 36.4 421.7 2
3.5 18 434.8 1.6
1.3 41.8 730.8 2.1
1.6 42.8 922.3 2.1
3.8 19.7 692.6 1.8
2.7 51.4 670.5 2.2
3.5 16.3 72.2 1.6
1.9 71.9 105 1.7
3.4 65.2 710 2.1
3.2 72.9 337.4 2.1
2.7 70.6 849.5 2.4
3.6 53.6 322 2.3
1 22 166.1 2.3
3.9 47.8 916.2 1.6
1.7 52 427.8 1.6
2.3 49 773.9 1.9
1.9 48.7 905 2
1.3 56.4 136.2 2.4
3.8 18.9 168.7 2.4
3.2 69.9 569 2
1.6 57.9 576.4 2.3
2.1 69.6 623.5 1.7
2.5 43.7 945.9 1.7
4.9 23.3 349.4 1.6
1.6 31.1 50.3 2.4
2.6 17.2 510.3 1.7
2.2 56.5 853.5 2
4.8 70.2 541.8 1.7
5 31 925.8 2.1
4.9 59.2 138.3 2.1
5 45 934.3 2.2
4.5 58.7 583.1 1.7
3.5 59.8 148.5 1.6
3.6 43 789.5 1.5
2 39.8 208.9 1.9
2.3 68.1 237.6 2
4.5 15.5 772 2.3
1.9 66.9 853.1 1.9
4.9 24.3 514 2
2.6 24 200.1 1.6
1.5 20.7 372.9 2
1.3 16.2 787.9 1.9
1 60.7 163.7 1.6
3.1 52.2 799.7 2.5
2 19.1 881.6 2.2
4.2 59.6 491.6 2.1
2.7 36.3 462.3 2.1
3.3 62.5 306.4 2.3
4.3 25.8 239.2 2.4
5 73.4 491.3 2.4
3.9 59.4 419.5 1.9
3.6 50.2 844.5 1.6
2.8 29.5 336.3 1.8
4.7 55.7 705.6 2.4
2.5 20.5 402.5 2.4
1.3 54.9 554.4 2
2.5 32.8 414.5 2
2.1 66.9 263.8 1.6
4.5 47.4 855.7 2.1
4.7 50.1 645.8 1.5
1.3 16.4 469.3 2
1.3 67.6 625.4 2.3
3 49 936.3 1.8
3.5 35.3 199.2 1.8
2.4 35.8 173.4 2.2
3.8 53.3 148.7 2.2
2.5 52.6 619.5 1.8
2.5 41.5 767.8 1.8
1.6 20.6 574.4 2.2
1.1 28.9 811.6 1.5
2.2 63.8 775.7 2
4.2 31.3 88 1.8
4.2 16 528.2 2
4.2 74.2 576.3 2
2.3 71.7 307.3 2.2
1.3 65.7 518.9 1.7
4.8 53.7 806 1.6
1.5 65.5 412.7 2.5
4.5 18.2 797.6 1.8
2.8 59.9 837.7 1.6
1.3 60.7 750.4 1.7
2.9 37.1 603.9 2.3
3.2 51.2 458.6 2.1
1.5 40.1 727.2 1.6
2.1 33.7 476.1 2.2
5 74.3 622.7 1.6
1.2 52.7 881.1 2.2
1.5 41.1 799.1 2.1
2.7 70 423.8 2.1
3 55.2 892.6 2
1.9 71.7 783 2.1
1.6 54.4 157.4 2.3
2.2 18.8 120 1.8
1.3 18.6 727.4 2
2.5 38.1 73.4 1.9
2.6 74.8 163.7 1.8
2 18 754.8 1.9
2.8 58.9 900 2.3
2.4 46.9 206.7 1.6
1.9 33.2 762.3 2.2
4.5 41.3 827 2.5
2.9 62.6 666.1 1.7
3.8 27.2 918.3 2.4
2.1 49.3 482.8 2.3
1.4 38.4 425.1 2.5
1.7 65.4 263.3 2.3
3.4 48.4 610.7 1.8
4.9 35.3 255.4 1.8
1.9 20.4 506.8 1.7
1.5 60.2 870.7 2.3
3.9 16.5 934.5 2.1
2.8 55.3 313.1 2.5
1.5 40.9 809.6 1.9
1.7 18.3 260.8 2.2
2.1 28.6 888.7 1.6
2.2 24.7 205.8 2.5
1.9 38.4 771.4 1.5
3.3 40.9 431.6 1.8
2.7 22 714.9 1.7
3.9 61 893.2 2.4
3.4 27.7 223.3 1.9
1.3 43.2 621.2 1.9
1.3 31.9 154.2 1.8
3.1 48.3 216 1.7
4.6 18.9 946.1 2.3
3.4 41.5 150.1 2.4
1.4 73.5 381 1.9
4.2 59.4 910 2.3
4.9 54.8 884.4 2.1
1.7 38.2 92.8 2.4
3.3 55.2 672.3 2.5
3.4 71.1 259.2 1.7
2.7 30.8 283.7 2.3
1.9 33.7 849.7 2.1
2.5 26 708.1 2
3.9 49.3 852 1.9
3.6 27.2 413.5 2.2
2.3 71.7 486.9 1.6
2.9 60.3 301.9 1.6
1.3 71.9 624.6 1.9
1.4 24.7 84.7 2.3
2.3 29.3 120.1 2
2.2 22.1 604.6 2.3
2.3 24.2 884.4 1.9
3.5 58.3 464.3 2.1
2.4 34.7 834.5 2.3
2.1 72.2 101.9 2.2
4.8 72.4 67.8 2.1
3 31.8 254.9 1.7
1.2 40 847.1 2.2
1.1 53.9 756 2.3
4.5 29.3 126.2 1.8
1.4 15.5 284.5 2
4.3 27.7 113.8 2.2
5 36.3 411.2 1.6
1.7 73.6 632.2 2
1.2 68 142.5 1.6
3.3 35.2 865.3 2.4
2.5 56.4 403.6 1.6
4.9 65.8 415.9 1.9
1.9 21.6 943.5 2.4
4.2 31.3 396.4 1.7
4.9 62.1 597.2 2.1
4.3 25.7 132.9 2.5
1.7 29.9 158.4 2.2
3.6 51.5 790.9 2.4
4.4 51.3 852.3 2.3
2 57.4 558.1 2.4
3.7 30.1 435.5 2.1
1.6 55.2 211.6 2.2
2.3 32.7 749 1.5
4.3 15.3 174.1 2.5
2.2 33.3 173.7 2.4
4.7 31.3 927.8 1.8
2.7 54.9 808.8 2.2
1.3 46.4 827.3 2.2
1.2 19.1 351.4 2.2
3.4 33.4 939.5 1.6
2.7 71.7 315.5 1.6
3.8 31 942.3 1.7
4.8 32 179.8 2
2.2 51.7 677.3 2.3
2.4 60.4 197.3 2.1
2.3 28.6 55.8 2.1
1.1 28.3 370.2 2.5
3.9 35.6 681.9 1.7
1.8 59.5 352.6 2.4
4.1 27.2 450 1.5
1.3 48.9 781.3 2.5
4.4 33.1 872 1.6
3.1 46.9 636.2 1.7
3.3 24 735.5 1.6
4.3 26.5 870.5 1.7
5 22.6 367.9 2.3
3.3 27.3 530 1.8
4.3 72.7 649.4 2.5
0.2 0.4 0.3 0.2 0.2 0.4 0.3 0.3 0.4 0.3 0.2 0.2 0.3 0.3 0.2 0.3 0.3 0.2 0.4 0.2 0.4 0.3 0.3 0.3 0.3 0.2 0.4 0.4 0.3 0.3 0.2 0.3 0.4 0.2 0.3 0.3 0.2 0.3 0.3 0.3 0.3 0.4 0.4 0.2 0.4 0.2 0.4 0.3 0.3 0.3 0.4 0.2 0.3 0.3 0.2 0.3 0.2 0.3 0.4 0.3 0.3 0.4 0.3 0.3 0.4 0.2 0.2 0.3 0.3 0.3 0.4 0.4 0.2 0.3 0.3 0.3 0.4 0.2 0.3 0.3 0.3 0.4 0.4 0.2 0.3 0.3 0.4 0.2 0.2 0.2 0.4 0.3 0.2 0.4 0.4 0.3 0.4 0.4 0.4 0.3 0.3 0.4 0.4 0.3 0.3 0.3 0.3 0.2 0.2 0.2 0.3 0.3 0.2 0.3 0.3 0.4 0.3 0.4 0.3 0.2 0.3 0.3 0.2 0.2 0.2 0.2 0.2 0.3 0.4 0.4 0.3 0.3 0.2 0.3 0.3 0.2 0.3 0.3 0.4 0.3 0.4 0.3 0.2 0.3 0.3 0.3 0.3 0.4 0.3 0.3 0.2 0.4 0.2 0.3 0.3 0.3 0.2 0.4 0.3 0.4 0.2 0.4 0.3 0.3 0.2 0.4 0.3 0.4 0.2 0.3 0.3 0.3 0.3 0.3 0.3 0.2 0.3 0.3 0.2 0.4 0.3 0.2 0.3 0.2 0.3 0.3 0.2 0.3 0.2 0.3 0.3 0.2 0.3 0.4 0.3 0.2 0.2 0.2 0.2 0.2 0.2 0.4 0.3 0.3 0.3 0.3 0.3 0.4 0.2 0.3 0.4 0.4 0.2 0.3 0.4 0.3 0.3 0.3 0.2 0.2 0.2 0.3 0.3 0.2 0.4 0.3 0.4 0.2 0.3 0.3 0.4 0.3 0.3 0.2 0.4 0.2 0.3 0.4 0.4 0.3 0.3 0.3 0.4 0.3 0.3 0.4 0.4 0.4 0.4 0.3 0.2 0.3 0.3 0.3 0.2 0.3 0.3 0.2 0.2 0.3 0.3 0.3 0.3 0.3 0.3 0.3 0.2 0.2 0.3 0.3 0.2 0.3 0.3 0.3 0.2 0.2 0.2 0.4 0.3 0.3 0.4 0.2 0.3 0.4 0.3 0.2 0.2 0.3 0.2 0.2 0.3 0.3 0.4 0.3 0.4 0.4 0.2 0.3 0.3 0.3 0.3 0.2 0.4 0.2 0.3 0.4 0.2 0.3 0.2 0.2 0.2 0.3 0.3 0.3 0.3 0.2 0.4 0.3 0.3 0.4 0.3 0.3 0.4 0.2 0.4 0.3 0.3 0.3 0.3 0.3 0.2 0.3 0.2 0.3 0.4 0.2 0.3 0.3 0.4 0.3 0.2 0.3 0.3 0.4 0.3 0.4 0.2 0.4 0.4 0.2 0.2 0.3 0.3 0.3 0.2 0.3 0.4 0.3 0.2 0.3 0.4 0.3 0.3 0.3 0.3 0.2 0.3 0.4 0.3 0.3 0.3 0.3 0.2 0.2 0.3 0.4 0.2 0.3 0.4 0.2 0.4 0.3 0.3 0.4 0.4 0.2 0.4 0.2 0.3 0.2 0.3 0.2 0.4 0.3 0.2 0.3 0.4 0.3 0.4 0.3 0.3 0.4 0.3 0.2 0.3 0.2 0.3 0.3 0.4 0.3 0.3 0.3 0.4 0.4 0.3 0.3 0.2 0.4 0.4 0.2 0.2 0.3 0.2 0.2 0.3 0.3 0.3 0.4 0.3 0.3 0.3 0.2 0.2 0.4 0.3 0.2 0.3 0.3 0.4 0.3 0.4 0.3 0.4 0.3 0.3 0.2 0.3 0.4 0.3 0.3 0.3 0.2 0.4 0.3 0.4 0.3 0.3 0.4 0.3 0.3 0.3 0.3 0.2 0.2 0.3 0.3 0.3 0.4 0.4 0.2 0.4 0.3 0.4 0.3 0.3 0.2 0.3 0.2 0.3 0.3 0.4 0.3 0.3 0.2 0.3 0.3 0.2 0.2 0.4 0.3 0.3 0.3 0.3 0.3 0.2 0.2 0.3 0.3 0.3 0.3 0.2 0.3 0.3 0.3 0.4 0.3 0.3 0.4 0.4 0.4 0.2 0.4 0.3 0.2 0.2 0.4 0.2 0.4 0.4 0.4 0.2 0.3 0.4 0.2 0.2 0.2 0.3 0.4 0.2 0.4 0.2 0.2 0.3 0.3 0.2 0.4 0.2 0.4 0.4 0.3 0.3 0.3 0.4 0.2 0.3 0.2 0.3 0.3 0.4 0.3 0.4 0.3 0.2 0.4 0.2 0.3 0.3 0.3 0.2 0.3 0.4 0.3 0.3 0.2 0.3 0.3 0.2 0.4 0.3 0.4 0.2 0.3 0.4 0.2 0.3 0.2 0.3 0.4 0.3 0.3 0.3 0.3 0.3 0.3 0.3 0.3 0.2 0.2 0.3 0.2 0.3 0.3 0.2 0.3 0.3 0.4 0.2 0.4 0.4 0.2 0.3 0.2 0.4 0.4 0.4 0.2 0.3 0.3 0.4 0.4 0.3 0.3 0.2 0.2 0.2 0.4 0.3 0.4 0.3 0.4 0.2 0.3 0.3 0.3 0.3 0.3 0.4 0.4 0.4 0.3 0.2 0.3 0.3 0.2 0.4 0.3 0.2 0.2 0.2 0.3 0.4 0.3 0.2 0.3 0.2 0.3 0.2 0.2 0.3 0.4 0.2 0.4 0.3 0.2 0.4 0.2 0.3 0.3 0.3 0.4 0.2 0.4 0.3 0.4 0.2 0.3 0.3 0.4 0.3 0.3 0.2 0.3 0.4 0.3 0.2 0.3 0.2 0.3 0.4 0.2 0.2 0.2 0.4 0.2 0.4 0.3 0.2 0.3 0.3 0.2 0.3 0.3 0.3 0.4 0.2 0.3 0.3 0.3 0.2 0.2 0.3 0.2 0.4 0.3 0.3 0.4 0.3 0.2 0.3 0.3 0.2 0.2 0.4 0.2 0.3 0.2 0.4 0.4 0.4 0.2 0.3 0.4 0.3 0.2 0.3 0.3 0.3 0.3 0.2 0.3 0.4 0.2 0.3 0.3 0.3 0.3 0.3 0.3 0.3 0.2 0.3 0.3 0.3 0.4 0.3 0.3 0.4 0.3 0.2 0.4 0.3 0.3 0.3 0.2 0.3 0.3 0.4 0.4 0.2 0.4 0.3 0.3 0.3 0.3 0.3 0.3 0.3 0.2 0.2 0.2 0.3 0.4 0.4 0.2 0.3 0.3 0.3 0.3 0.3 0.2 0.4 0.4 0.3 0.4 0.2 0.2 0.4 0.3 0.3 0.3 0.4 0.3 0.2 0.3 0.4 0.2 0.4 0.3 0.2 0.3 0.3 0.4 0.3 0.2 0.4 0.2 0.4 0.3 0.2 0.3 0.3 0.2 0.3 0.3 0.3 0.4 0.4 0.4 0.3 0.3 0.4 0.4 0.3 0.3 0.3 0.4 0.2 0.3 0.2 0.4 0.3 0.2 0.4 0.2 0.2 0.4 0.3 0.3 0.3 0.4 0.2 0.4 0.3 0.4 0.2 0.3 0.3 0.2 0.4 0.4 0.2 0.3 0.3 0.3 0.4 0.4 0.4 0.3 0.3 0.4 0.2 0.4 0.2 0.4 0.3 0.2 0.2 0.2 0.3 0.3 0.3 0.3 0.3 0.3 0.3 0.3 0.3 0.2 0.2 0.2 0.4 0.2 0.3 0.3 0.2 0.3 0.4 0.3 0.3 0.2 0.3 0.4 0.2 0.4 0.3 0.2 0.2 0.3 0.2 0.3 0.4 0.3 0.3 0.3 0.3 0.4 0.3 0.2 0.2 0.3 0.3 0.3 0.3 0.2 0.2 0.3 0.3 0.3 0.4 0.2 0.3 0.4 0.2 0.2 0.3 0.4 0.2 0.4 0.4 0.3 0.4 0.4 0.3 0.3 0.2 0.2 0.3 0.4 0.3 0.2 0.2 0.4 0.3 0.3 0.3 0.3 0.3 0.4 0.3 0.3 0.3 0.3 0.4 0.3 0.2 0.3 0.3 0.3 0.2 0.2 0.2 0.4 0.2 0.3 0.4 0.3 0.3 0.2 0.3 0.3 0.3 0.3 0.3 0.4 0.4 0.3 0.3 0.4 0.3 0.4 0.4 0.2 0.4 0.3 0.4 0.2 0.2 0.3 0.4 0.4 0.3 0.2 0.3 0.4 0.3 0.3 0.4 0.4 0.2 0.3 0.2 0.3 0.2 0.3 0.3 0.3 0.2 0.3 0.2 0.3 0.4 0.3 0.3 0.2 0.4 0.3 0.3 0.3 0.4 0.3 0.2 0.3 0.2 0.2 0.2 0.3 0.4 0.3 0.3 0.4 0.3 0.3 0.2 0.3 0.2 0.2 0.3 0.2 0.2 0.4 0.2 0.3 0.4 0.2 0.3 0.4 0.4 0.3 0.3 0.4 0.3 0.3 0.2 0.3 0.4 0.2 0.4 0.4 0.4 0.3 0.3 0.2 0.3 0.3 0.3 0.3 0.3 0.2 0.2 0.3 0.3 0.3 0.2 0.3 0.3 0.3 0.4 0.3 0.2 0.3 0.3 0.3 0.3 0.3 0.4 0.2 0.3 0.2 0.3 0.2 0.2 0.4 0.3 0.2 0.2 0.3 0.2 0.4 0.3 0.4 0.2 0.4 0.4 0.2 0.3 0.3 0.3 0.2 0.3 0.2 0.3 0.3 0.4 0.3 0.2 0.3 0.4 0.4 0.3 0.4 0.3 0.4 0.2 0.3 0.3 0.3 0.4 0.4 0.4 0.3 0.2 0.4 0.3 0.2 0.4 0.3 0.2 0.2 0.2 0.2 0.2 0.3 0.3 0.3 0.2 0.4 0.2 0.3 0.3 0.4 0.2 0.3 0.3 0.3 0.3 0.3 0.3 0.3 0.3 0.2 0.2 0.2 0.2 0.2 0.2 0.3 0.2 0.3 0.4 0.3 0.3 0.3 0.3 0.3 0.3 0.2 0.3 0.2 0.2 0.4 0.2 0.4 0.2 0.2 0.2 0.3 0.4 0.3 0.4 0.3 0.4 0.4 0.3 0.3 0.3 0.3 0.2 0.2 0.4 0.2 0.3 0.3 0.3 0.4 0.4 0.3 0.3 0.4 0.3 0.2 0.4 0.2 0.3 0.3 0.3 0.3 0.4 0.4 0.4 0.3 0.2 0.2 0.4 0.3 0.2 0.3 0.4 0.4 0.2 0.2 0.3 0.3 0.3 0.3 0.3 0.4 0.2 0.3 0.3 0.3 0.3 0.2 0.4 0.4 0.4 0.2 0.2 0.3 0.2 0.3 0.3 0.4 0.2 0.3 0.4 0.3 0.3 0.4 0.2 0.3 0.4 0.3 0.3 0.3 0.3 0.2 0.2 0.3 0.2 0.3 0.3 0.3 0.2 0.4 0.2 0.4 0.3 0.4 0.4 0.3 0.3 0.2 0.3 0.3 0.3 0.3 0.3 0.3 0.3 0.3 0.3 0.4 0.3 0.4 0.2 0.3 0.2 0.3 0.4 0.3 0.3 0.4 0.4 0.4 0.4 0.3 0.3 0.4 0.2 0.4 0.2 0.4 0.3 0.4 0.3 0.3 0.3 0.3 0.3 0.3 0.3 0.3 0.2 0.3 0.3 0.4 0.3 0.3 0.3 0.4 0.2 0.2 0.4 0.4 0.3 0.3 0.2 0.3 0.2 0.4 0.4 0.3 0.3 0.4 0.4 0.4 0.2 0.4 0.2 0.4 0.3 0.3 0.4 0.2 0.2 0.3 0.3 0.3 0.3 0.3 0.2 0.3 0.4 0.3 0.3 0.4 0.2 0.3 0.3 0.3 0.2 0.4 0.2 0.2 0.4 0.3 0.2 0.3 0.4 0.4 0.3 0.3 0.3 0.3 0.2 0.2 0.2 0.4 0.2 0.3 0.3 0.4 0.3 0.4 0.3 0.3 0.3 0.4 0.4 0.3
53 141 39 165 10 7 146 102 6 5 158 94 23 80 14 27 45 164 69 128 45 161 158 32 173 108 69 13 84 150 128 23 52 86 59 30 155 17 132 4 31 130 35 11 166 7 131 121 71 92 117 19 115 138 40 114 95 75 39 135 61 158 171 132 105 117 125 107 52 66 102 161 45 74 62 90 18 95 95 60 86 121 148 155 133 36 76 50 7 120 101 130 79 87 92 88 172 66 122 178 123 11 129 174 132 62 56 147 3 120 86 85 162 38 43 68 168 87 119 157 65 31 42 19 104 97 141 120 20 95 171 164 39 169 157 33 11 40 169 117 167 142 20 167 171 144 67 53 173 39 135 103 118 122 55 171 37 53 8 71 79 102 165 6 26 138 159 99 156 84 65 73 131 151 31 51 143 176 146 175 146 108 130 35 50 93 117 53 31 133 138 51 108 148 164 170 110 88 107 121 111 89 38 66 19 15 54 66 103 90 49 87 13 87 22 105 72 174 48 153 99 132 31 39 141 104 164 105 160 70 170 83 69 160 24 174 149 29 116 175 119 73 29 37 90 28 167 66 94 27 29 3 152 5 166 135 165 40 59 12 115 7 44 159 121 18 14 35 94 168 59 126 27 27 132 87 122 42 36 19 91 30 148 64 147 20 8 65 180 157 74 111 113 126 153 52 123 116 89 101 55 56 140 76 84 44 164 58 159 153 54 105 178 179 136 42 111 62 134 25 36 175 60 149 102 32 102 130 169 117 92 8 79 69 122 99 103 93 95 85 141 55 22 140 118 6 16 65 133 169 65 136 76 158 1 119 90 12 163 18 132 93 99 97 106 60 79 105 148 95 56 92 71 160 79 139 149 18 123 63 102 96 15 160 47 47 4 117 64 44 63 147 40 57 171 19 169 142 20 137 13 69 60 85 5 100 126 132 170 13 30 12 129 177 89 149 34 166 66 147 30 95 135 62 83 58 31 130 119 29 20 147 93 81 130 83 5 3 53 135 51 59 13 1 159 120 15 88 8 129 143 107 157 65 62 47 67 74 177 11 145 86 34 168 7 6 94 157 88 59 90 153 156 50 89 122 129 12 175 23 92 155 111 53 174 23 124 173 144 149 124 36 85 26 24 160 52 91 24 8 152 91 26 57 124 3 49 133 26 17 158 167 47 87 42 27 61 117 55 144 38 171 99 115 114 50 171 154 147 154 45 57 161 70 152 116 20 4 141 148 179 115 103 122 54 35 119 171 138 96 135 166 18 83 102 1 180 179 38 169 165 50 88 74 23 167 104 113 130 110 81 158 168 53 120 134 162 23 25 37 15 35 85 101 14 58 140 26 29 55 67 176 156 164 166 51 179 67 171 70 139 44 132 133 4 124 30 66 65 13 79 32 141 162 107 66 3 33 24 123 84 5 40 116 34 48 104 13 134 149 148 95 62 110 146 63 29 77 53 75 162 141 159 49 147 57 78 17 24 83 44 49 91 23 115 132 10 174 120 44 41 72 65 71 154 112 143 145 131 59 133 170 175 117 132 47 47 25 40 89 4 140 165 31 65 114 60 132 160 16 72 61 171 144 84 87 117 86 173 153 126 78 87 57 14 122 117 70 166 111 101 142 12 157 15 32 63 85 80 178 8 7 104 176 33 97 42 12 45 37 17 12 167 91 85 25 45 119 37 12 117 126 155 13 41 129 126 66 156 178 180 62 94 109 140 85 94 43 102 3 127 47 77 160 158 26 113 80 142 95 35 124 153 98 101 152 50 39 16 30 177 153 128 123 7 47 28 167 35 139 128 171 35 172 73 159 168 133 128 109 71 94 159 156 155 84 16 167 140 153 103 28 162 158 25 170 106 110 143 3 96 168 155 44 40 46 163 24 170 179 119 85 118 31 136 16 164 60 7 151 39 59 103 172 165 15 176 5 23 76 34 114 56 144 89 96 179 40 43 148 177 121 63 151 28 161 67 103 134 95 51 173 118 48 106 72 109 170 132 124 134 114 55 73 165 55 164 75 34 102 158 12 56 158 78 98 170 135 156 120 86 80 70 91 96 4 125 43 50 180 56 68 102 68 146 28 12 55 6 165 155 126 175 99 128 113 109 125 118 159 9 169 74 39 31 140 22 175 120 41 133 44 172 18 12 62 36 38 21 151 101 97 8 58 84 177 82 62 30 154 145 16 4 161 173 153 101 66 66 11 45 123 173 43 125 15 25 29 72 22 31 90 54 101 68 42 127 135 29 115 20 8 115 47 17 126 169 43 58 32 151 135 100 93 22 141 74 34 61 19 94 180 132 117 132 72 147 53 164 1 26 157 145 90 8 14 62 158 175 104 79 96 83 40 139 93 15 37 92 81 131 103 88 134 179 91 58 174 117 159 158 157 150 32 111 25 46 26 87 28 59 63 28 172 86 82 153 65 167 115 106 127 24 52 1 180 105 154 49 87 147 116 76 170 66 149 76 118 126 98 123 8 93 94 94 50 135 134 122 135 173 27 145 62 42 104 63 17 79 67 104 23 22 125 104 41 1 14 108 46 37 68 65 66 130 149 138 34 4 48 3 140 119 25 102 9 64 3 113 119 137 14 50 61 38 110 148 166 44 100 14 127 164 115 169 176 63 52 39 20 39 99 7 65 55 92 1 96 173 95 150 13 162 35 35 107 58 31 82 5 65 160 118 47 52 8 93 109 63 162 148 12 70 175 120 141 177 162 117 121 69 61 145 103 129 100 5 130 130 70 141 162 59 150 1 49 143 99 110 86 115 18 22 110 135 123 160 141 2 162 97 42 46 5 58 54 139 86 68 38 12 169 78 50 99 134 75 15 42 108 126 16 178 80 113 100 6 139 86 135 7 15 105 55 118 103 81 24 155 79 130 1 17 140 59 118 126 47 101 168 110 141 141 154 50 150 85 110 122 106 161 72 52 7 26 81 28 126 32 20 171 44 66 121 63 135 89 104 111 138 60 90 65 59 92 129 37 60 111 99 33 177 128 25 95 67 20 159 15 148 117 116 17 134 145 26 8 55 116 151 29 31 37 75 103 154 134 99 48 141 62 48 141 121 93 35 50 150 77 88 8 83 69 38 124 173 130 35 91 91 141 77 16 20 27 33 52 20 36 154 51 45 163 8 36 6 34 59 93 164 99 179 21 73 76 75 169 2 85 117
59 121 102 136 163 42 161 61 21 53 167 37 51 10 92 172 40 154 27 39 128 72 7 47 177 20 160 23 119 99 22 120 121 132 131 1 86 126 165 137 179 177 87 75 46 85 103 99 154 164 45 178 112 10 99 6 141 132 38 57 94 151 115 12 130 106 38 65 66 76 160 127 32 100 159 63 5 114 155 122 153 157 47 119 79 171 44 113 53 31 8 149 99 38 126 88 83 115 108 13 125 99 144 21 1 81 57 85 92 152 71 132 85 156 92 122 59 52 142 57 96 36 151 95 149 61 168 32 137 80 176 38 103 26 80 175 102 33 21 166 69 93 58 165 150 80 173 105 102 94 118 118 11 66 38 180 35 160 119 28 44 27 79 45 127 162 13 6 123 93 160 135 125 99 65 127 74 37 19 153 140 100 177 58 68 28 122 23 36 161 93 103 23 52 161 180 54 11 28 120 60 105 119 7 135 9 39 54 149 31 98 67 127 24 116 146 169 42 152 104 35 93 40 122 40 121 89 65 48 62 153 117 136 107 6 157 80 121 34 170 122 127 39 47 100 138 167 36 64 87 28 86 79 86 163 163 47 174 90 38 26 84 107 125 103 23 104 85 111 62 75 11 1 81 81 163 14 156 100 74 71 79 68 143 161 120 140 20 97 16 19 171 169 152 18 157 71 28 61 98 114 18 119 71 117 138 153 60 129 177 119 33 99 112 88 60 33 115 79 83 46 83 118 144 10 158 28 124 165 155 40 9 128 1 155 105 173 48 3 109 155 71 39 166 148 147 7 73 73 159 8 140 175 164 124 58 116 16 106 60 27 104 45 65 37 179 173 130 86 161 113 124 174 177 11 175 171 122 112 157 132 92 146 110 64 43 142 160 1 43 78 127 38 58 63 11 151 76 126 111 180 18 22 64 108 173 65 131 20 171 52 20 102 179 19 60 96 171 87 15 55 83 146 86 11 108 16 157 87 141 25 158 41 149 50 145 167 174 154 96 5 176 105 31 149 173 28 133 27 70 25 52 68 83 22 151 74 97 112 110 17 139 167 144 157 119 167 158 91 130 167 130 126 153 158 9 14 84 140 15 46 27 142 71 92 126 118 8 112 98 30 141 98 6 35 116 142 9 83 118 154 112 162 90 127 138 16 18 136 38 34 92 137 107 60 16 72 100 23 160 45 151 88 48 50 6 138 49 69 57 162 95 2 87 16 111 19 177 153 163 44 174 93 158 23 123 47 90 157 153 41 122 99 169 92 93 107 64 93 45 16 165 155 16 164 131 107 154 38 20 23 44 180 139 42 166 51 59 106 41 54 14 35 20 164 11 4 162 86 35 179 83 121 106 64 28 64 70 90 102 138 74 33 121 89 91 156 130 64 152 150 113 154 104 6 150 33 156 141 9 22 105 77 142 40 41 69 44 21 88 76 107 33 46 100 125 96 92 70 180 58 78 67 116 164 126 61 13 71 62 155 33 15 127 27 173 138 134 85 77 17 55 53 12 112 62 166 138 142 82 72 94 75 24 7 87 99 175 137 2 109 132 160 122 59 178 176 135 177 90 137 173 102 105 124 8 17 79 17 154 36 16 57 105 166 10 75 26 21 116 105 71 11 151 162 128 34 125 148 57 143 112 134 142 118 131 85 29 97 29 95 45 45 169 45 55 76 134 149 91 45 9 45 3 104 2 79 45 41 145 14 175 134 175 122 117 115 38 94 61 165 79 60 24 20 35 125 86 96 145 28 160 47 15 45 135 32 60 169 139 95 94 70 138 7 58 98 88 150 119 124 75 91 15 178 44 65 151 74 111 35 108 65 108 70 43 23 174 18 150 166 161 40 156 166 157 60 12 9 76 180 59 45 139 20 133 41 164 74 30 71 73 136 20 119 1 106 28 83 160 146 67 147 127 43 137 45 44 97 161 38 55 95 154 43 1 39 145 27 147 166 152 66 19 99 110 4 160 137 101 45 84 16 163 104 36 77 65 35 134 25 132 117 46 104 55 147 177 73 16 108 87 40 132 88 81 108 114 52 48 139 112 13 17 16 19 130 94 4 47 56 36 40 98 41 30 109 122 91 123 75 84 44 17 100 109 114 111 56 116 164 48 150 26 11 134 150 140 113 122 104 14 38 141 110 138 30 161 47 68 111 122 148 51 161 48 123 117 84 122 76 39 171 144 51 80 43 127 68 50 56 160 122 145 81 91 36 156 68 7 122 156 115 21 37 172 161 65 61 6 144 134 20 140 99 142 170 73 27 34 105 45 162 148 180 10 25 25 53 58 33 127 104 140 6 31 126 49 176 163 76 51 3 127 177 5 179 135 177 75 50 96 81 144 74 170 49 37 30 96 16 114 63 37 79 168 40 14 124 6 136 112 84 37 143 79 163 43 120 43 20 11 62 39 19 117 26 179 66 101 151 12 180 96 126 82 59 169 139 62 174 172 67 67 58 69 22 101 165 5 90 114 70 116 68 4 179 167 109 87 7 58 177 121 148 176 61 160 151 124 88 4 41 31 175 161 42 28 22 65 51 159 111 17 115 133 133 171 105 58 17 98 44 65 101 176 68 78 111 59 38 47 114 52 150 124 167 55 99 6 110 58 50 80 173 104 60 98 97 117 136 93 140 166 54 169 40 65 78 42 73 158 52 174 55 78 28 80 18 123 48 61 98 175 52 90 51 62 38 58 169 89 176 176 141 155 148 162 132 155 17 97 144 124 119 113 63 13 170 13 71 119 37 65 31 14 7 46 65 14 155 103 25 30 85 95 27 82 150 63 94 64 117 62 93 49 133 37 114 62 172 66 63 23 1 142 42 41 103 64 82 42 41 152 41 32 90 66 111 120 117 77 146 179 177 141 48 95 57 57 136 18 144 44 103 71 129 17 126 10 17 65 172 142 96 41 163 150 77 118 83 24 51 100 87 115 22 100 93 24 43 74 117 152 91 180 31 172 6 105 3 24 89 114 7 4 168 26 81 92 29 55 65 103 88 59 36 80 50 158 78 154 141 57 134 36 119 175 48 45 166 35 122 16 131 84 39 99 51 116 135 62 136 78 140 110 62 142 88 115 89 168 135 141 159 36 118 76 125 80 97 99 51 132 153 81 62 36 45 56 116 142 69 53 4 118 12 44 61 129 174 72 13 6 52 180 99 81 173 47
76 86 54 102 17 62 26 93 152 75 149 162 85 158 61 99 164 156 151 5 117 169 1 160 60 9 79 163 51 37 108 130 180 101 31 103 87 152 1 33 10 22 129 63 143 148 98 32 152 58 180 101 14 16 7 119 167 29 119 24 26 84 24 98 166 48 167 55 139 100 33 135 131 143 162 107 7 7 57 163 48 157 168 36 78 170 107 124 85 60 55 40 138 37 1 152 47 47 1 101 65 169 135 135 148 171 139 145 106 29 99 180 8 139 159 77 45 123 78 26 89 27 180 152 130 65 124 45 87 14 163 11 77 85 52 74 125 110 118 2 172 120 11 90 44 124 171 39 126 82 124 16 78 91 139 52 144 40 37 11 59 164 124 113 135 129 66 46 113 155 74 15 34 97 6 149 87 30 140 60 166 146 121 165 19 53 137 165 26 156 141 15 23 14 63 86 103 123 42 48 51 118 125 20 100 24 75 106 50 3 73 26 24 32 102 172 163 65 131 97 96 29 6 70 19 92 159 21 82 87 134 53 63 174 88 160 180 138 11 175 100 55 66 73 69 131 72 50 79 165 114 49 99 44 67 150 164 67 9 122 29 113 35 64 148 59 10 125 178 162 82 24 177 72 83 26 18 162 87 35 154 87 71 10 117 125 6 8 68 59 136 153 82 93 130 128 24 146 178 117 49 38 104 26 102 118 117 7 100 163 174 91 144 104 6 15 70 150 11 72 123 31 109 104 81 55 128 156 10 153 84 97 168 96 46 154 164 24 59 50 71 78 32 77 51 29 12 37 114 54 150 25 93 87 30 172 115 135 29 107 73 99 18 21 172 140 66 136 80 9 85 151 41 179 111 2 28 98 46 60 84 84 105 33 160 15 71 31 101 61 9 128 109 133 163 114 148 59 150 157 24 139 44 68 3 140 179 148 120 149 58 145 75 180 116 125 149 153 165 65 24 27 176 88 132 18 95 92 108 73 81 61 100 163 7 98 36 144 120 88 6 30 161 158 179 180 171 63 43 65 144 55 96 172 147 9 128 91 84 94 151 127 54 180 23 157 142 65 25 159 53 1 47 156 82 66 94 137 167 114 62 169 140 124 140 16 121 51 177 25 118 86 166 44 34 95 148 144 8 71 98 79 11 59 36 141 148 179 130 162 119 48 61 180 98 71 160 95 23 117 176 122 41 120 79 143 2 153 56 73 40 50 176 62 43 121 141 49 24 162 119 28 133 141 125 63 147 132 177 172 165 36 57 15 154 149 116 74 98 25 125 129 45 24 144 64 6 80 91 64 103 46 4 126 174 132 5 35 41 9 127 174 177 43 145 171 35 15 156 132 154 76 175 148 36 87 122 123 41 103 177 25 115 151 94 95 8 117 26 118 129 54 165 93 125 100 5 147 89 71 106 4 137 151 104 151 18 83 116 69 104 58 153 147 104 71 40 34 138 6 38 130 153 97 64 137 128 20 174 133 51 94 5 140 45 168 130 83 180 162 153 71 48 27 116 180 163 121 104 104 20 1 123 64 45 122 60 95 163 161 129 6 36 149 15 108 25 39 162 49 106 79 44 167 156 89 157 64 2 172 83 55 78 138 39 84 68 77 113 96 15 101 86 29 63 105 111 151 90 138 166 119 4 16 151 72 56 10 10 86 159 76 150 61 147 162 161 122 127 179 13 72 161 52 65 169 163 63 160 52 15 90 26 48 44 165 74 43 35 47 154 87 134 45 33 84 167 67 54 17 163 113 33 149 69 11 36 148 2 39 175 126 135 114 163 13 3 123 166 47 103 92 37 132 165 141 13 18 104 39 95 61 156 75 64 133 27 93 157 149 160 127 3 68 57 169 12 95 36 8 163 139 13 113 169 75 180 168 157 65 100 9 163 48 131 159 32 35 67 49 51 26 79 129 141 162 130 97 167 164 114 124 76 90 121 125 109 136 59 2 170 35 68 36 172 134 178 56 152 35 139 113 44 84 59 88 5 115 77 78 163 20 6 115 10 126 134 92 62 3 180 65 77 58 38 7 70 62 14 142 60 110 61 67 143 114 121 143 86 157 158 60 139 144 168 130 111 53 92 126 6 87 98 53 109 70 99 117 4 56 33 156 145 132 152 109 139 146 177 92 128 41 140 172 73 26 146 63 99 89 169 44 169 118 128 111 161 124 107 173 95 37 120 155 47 44 156 173 128 167 76 170 89 17 12 147 165 161 73 170 73 127 178 119 21 179 59 16 127 129 151 25 31 147 155 31 125 88 107 70 40 149 39 156 55 114 155 5 73 168 58 63 69 63 129 132 39 100 37 86 71 36 165 84 87 133 57 79 117 98 119 160 180 151 163 100 42 116 21 31 158 117 56 25 176 144 129 18 176 44 50 33 71 162 10 103 26 48 23 27 161 123 75 13 130 150 57 107 70 17 160 47 14 43 68 2 71 124 152 111 124 73 49 84 60 7 135 132 150 100 138 46 17 160 60 87 107 58 104 95 134 55 150 154 61 46 66 103 162 34 76 168 134 166 46 131 13 141 154 114 21 20 64 55 59 167 130 179 45 72 31 102 107 117 31 113 37 110 41 38 146 139 98 103 160 170 81 162 132 94 50 22 160 105 66 125 102 95 36 114 134 24 153 141 76 127 4 31 106 127 1 20 176 177 98 144 174 32 167 168 22 131 120 44 159 142 13 158 113 83 10 151 144 55 111 32 73 148 117 22 88 67 56 179 174 151 121 92 80 104 114 169 62 86 165 97 157 97 108 46 114 160 16 134 171 45 29 36 141 60 169 36 131 137 29 8 131 112 121 99 44 88 93 133 2 87 163 146 41 50 44 158 119 77 74 80 5 118 78 57 104 100 130 117 169 167 147 110 130 36 48 46 113 115 104 76 30 24 14 100 25 178 177 146 37 6 144 53 173 109 153 36 28 2 170 5 119 157 4 5 39 144 176 176 60 2 124 67 133 102 25 29 131 54 126 174 74 12 28 30 118 110 123 175 127 29 83 53 134 88 157 114 121 16 57 88 135 77 55 57 160 136 18 121 92 52 105 90 30 22 137 29 9 8 57 55 46 170 105 146 41 45 23 98 80 134 19 168 32 65 118 2 178 99 68 87 8 88 114 142 89 173 177 39 69 150 38 42 28 122 88 35 62 57 74 146 24 165 102 147
69 14 76 26 75 124 180 47 158 143 16 13 32 120 56 113 126 153 176 152 145 159 12 134 65 75 100 65 22 82 4 60 22 57 32 166 175 71 166 86 135 174 2 108 87 152 148 50 82 2 93 51 159 177 121 91 20 171 28 95 63 116 54 109 124 5 169 42 109 57 7 124 147 85 124 67 34 112 73 85 108 70 140 157 179 41 126 4 68 49 138 95 97 81 168 175 130 126 87 164 172 141 142 73 75 65 7 124 40 95 147 23 170 121 91 65 84 47 82 16 92 36 26 137 142 46 46 32 117 117 23 93 64 93 43 61 130 98 37 118 143 167 74 135 67 40 146 180 21 53 171 102 153 120 75 22 118 5 30 52 37 134 22 93 151 66 91 25 146 160 35 112 82 131 30 17 111 49 165 93 15 54 25 30 91 158 75 64 22 166 112 12 48 88 35 34 180 103 132 23 101 65 117 86 152 145 162 138 160 10 132 10 87 56 97 107 97 64 168 64 51 176 52 44 87 140 22 155 30 8 83 117 172 103 153 33 52 40 36 119 15 56 180 20 81 141 82 133 77 91 71 115 170 95 124 168 81 7 102 158 7 153 165 99 9 55 161 129 68 14 170 46 153 15 91 65 143 175 129 167 179 121 111 108 75 43 178 62 156 99 135 111 127 49 121 82 134 153 96 129 5 139 99 159 173 66 96 86 66 66 62 156 147 46 26 61 137 72 116 78 148 58 112 22 29 139 173 62 173 87 104 34 148 3 108 84 113 153 117 54 106 23 54 128 36 98 99 157 23 120 146 137 172 22 172 122 52 71 112 170 150 97 146 48 36 102 53 92 112 124 106 44 157 12 34 16 55 165 36 86 92 62 83 143 96 125 110 160 61 143 88 129 110 12 125 58 103 104 66 82 154 117 94 133 40 130 38 172 171 142 14 173 71 2 53 127 154 10 103 149 113 128 45 127 127 151 133 168 42 155 32 105 178 141 158 159 163 126 178 137 169 25 51 108 119 164 2 152 22 179 1 140 24 170 175 154 74 26 137 135 175 30 117 167 39 43 162 170 74 12 82 140 53 133 101 144 120 1 60 166 174 14 65 72 121 122 63 170 1 63 9 145 120 45 145 33 50 71 21 88 177 78 83 35 93 171 44 60 166 148 29 20 73 172 74 117 56 166 164 157 103 38 110 16 134 65 41 168 144 63 142 166 113 158 106 151 146 166 34 139 6 97 71 29 49 60 168 90 25 159 71 35 98 162 144 151 151 69 174 34 130 57 152 135 142 154 15 27 168 40 176 41 154 19 25 28 66 44 26 96 101 152 176 123 164 12 94 29 12 129 6 45 34 70 139 5 55 130 65 133 39 135 74 157 129 12 80 113 29 109 156 115 85 79 126 135 105 120 121 159 83 136 148 173 60 22 156 63 62 105 129 68 44 166 35 147 101 44 13 122 63 120 58 158 98 43 114 55 121 1 153 46 135 119 162 94 21 67 80 14 106 24 72 171 6 57 175 83 143 153 13 40 128 141 135 103 157 11 158 61 177 61 178 23 180 165 85 139 24 71 167 155 152 41 169 85 127 97 119 54 74 131 167 92 81 171 150 169 125 85 12 129 65 81 131 32 111 141 167 167 57 88 37 51 117 26 132 101 151 129 9 136 71 22 68 55 32 23 81 80 176 79 122 157 39 2 47 113 68 67 122 19 94 48 122 73 87 122 114 52 65 42 83 108 123 59 138 57 12 53 20 6 62 4 47 69 40 8 27 171 116 177 125 32 20 50 75 171 52 172 138 80 42 172 85 68 142 136 69 27 48 33 120 2 43 174 48 151 73 107 165 19 108 132 143 23 42 82 33 54 169 166 91 44 12 113 178 69 86 46 145 38 62 153 16 97 144 76 44 132 88 56 71 119 143 176 37 73 179 133 11 156 4 131 91 103 96 120 174 77 142 148 154 118 155 10 96 40 64 54 172 102 8 50 157 162 121 172 66 175 77 109 159 48 73 79 86 48 47 1 56 121 72 138 92 108 154 114 11 94 121 4 82 142 8 1 166 123 103 74 160 15 178 20 51 18 170 167 151 5 163 19 171 153 155 135 81 129 154 88 142 136 117 96 141 102 33 145 142 123 158 164 165 108 58 52 81 178 53 173 19 141 148 37 88 73 83 53 100 31 60 143 109 50 39 29 64 128 155 23 99 32 27 124 38 39 93 95 21 29 44 89 139 103 151 23 168 142 3 173 62 147 117 174 69 78 123 40 78 156 37 80 140 72 171 168 9 49 116 83 171 74 8 66 122 128 116 165 64 144 102 52 88 145 61 3 179 6 82 20 17 147 51 125 58 46 136 107 154 138 101 58 155 135 59 87 96 26 159 82 66 164 39 150 63 69 62 92 148 118 118 74 33 20 62 54 114 157 97 70 10 81 152 50 163 41 95 38 10 162 76 145 59 101 63 100 62 5 96 59 18 23 176 52 25 95 39 34 128 110 114 170 152 4 156 95 53 121 151 77 39 141 12 144 150 97 6 144 133 69 51 71 158 51 164 159 92 142 108 47 26 118 121 51 111 112 58 113 58 146 72 88 179 44 23 54 32 9 171 162 99 47 19 111 1 98 161 76 90 13 173 40 121 152 180 113 62 36 50 109 35 81 115 91 169 105 1 17 151 171 126 85 111 71 30 46 129 176 148 179 21 84 138 164 127 76 24 70 157 170 63 16 57 44 24 41 41 24 80 108 110 63 126 61 34 137 145 11 163 42 74 79 128 95 77 91 61 35 23 78 142 76 180 92 33 101 90 29 145 21 108 121 25 66 170 141 8 51 28 154 20 17 1 71 149 24 114 152 55 119 139 3 125 88 142 60 22 178 79 1 175 29 72 129 48 107 164 143 128 152 112 129 68 121 74 23 96 4 164 174 86 47 46 118 56 103 153 67 56 152 15 52 154 72 117 81 25 92 57 85 10 167 122 59 124 173 2 62 5 62 180 63 172 52 22 177 41 156 88 96 59 52 4 90 132 36 60 61 109 13 165 78 165 94 116 117 96 86 165 71 130 116 50 161 97 116 28 154 116 123 74 164 161 120 5 34 80 39 170 179 4 86 141 173 128 114 163 39 158 51 116 151 69 113 79 79 62 156 100 113 2 78 27 127 13 94 142 52 172 88
133 6 71 157 40 92 17 4 58 12 80 101 58 39 4 97 102 65 85 133 154 86 23 119 14 176 6 51 39 2 21 159 77 165 131 88 90 45 28 45 136 4 6 62 51 117 63 96 163 127 37 134 33 157 36 46 165 112 1 31 155 164 156 93 1 127 145 117 152 115 129 3 180 87 36 59 173 108 88 52 136 87 128 44 28 28 13 150 57 24 129 22 148 16 156 9 112 127 173 154 48 99 133 25 116 176 37 137 159 14 166 91 178 87 137 137 31 158 77 144 155 118 163 43 94 124 101 54 30 22 64 31 29 133 90 10 138 44 86 158 103 143 56 65 179 132 169 137 154 82 130 71 45 40 109 48 94 151 143 77 170 75 65 22 31 35 94 23 160 49 8 38 156 61 153 69 90 70 7 79 150 49 119 84 54 3 105 91 168 173 171 76 10 8 170 32 164 165 152 9 139 73 106 175 160 107 113 85 148 145 90 26 175 64 17 118 108 83 16 13 173 154 2 142 43 134 62 180 160 101 98 132 6 104 13 88 85 148 22 92 133 41 157 119 79 128 82 146 124 65 34 51 172 107 173 145 63 60 90 178 18 65 150 125 171 10 62 156 74 175 156 9 48 137 45 136 26 58 33 88 93 167 37 28 89 35 113 136 117 180 164 45 56 96 155 120 165 157 135 168 179 170 74 71 142 128 137 85 100 142 179 101 116 26 82 95 20 50 85 27 114 62 71 103 37 31 20 144 158 50 49 78 128 83 136 26 71 134 101 103 19 169 75 87 112 115 52 73 148 89 170 106 93 101 103 102 169 162 137 49 120 179 90 100 87 14 166 157 89 160 19 53 30 34 133 45 143 179 47 101 51 110 66 20 92 80 96 178 95 5 138 89 28 45 36 143 85 130 132 105 76 61 69 113 50 180 67 159 108 171 69 76 123 77 168 178 26 101 107 46 151 132 64 105 19 9 178 120 64 27 117 60 46 30 38 7 72 112 139 140 9 91 129 129 126 91 45 7 82 89 178 67 52 95 85 96 11 35 52 142 167 71 13 36 180 155 167 85 153 134 24 78 9 84 107 47 135 129 152 149 173 113 49 130 71 55 88 78 169 174 41 101 51 97 158 33 90 69 62 10 86 175 82 96 110 4 1 163 122 156 11 136 25 99 130 97 30 64 28 171 34 106 18 44 63 152 59 130 173 44 125 9 12 28 129 112 45 65 144 155 164 162 168 76 7 56 141 158 23 160 126 138 147 119 42 170 142 61 148 69 124 171 153 40 72 75 176 165 164 137 54 49 142 77 170 76 100 159 63 63 89 151 14 104 106 78 115 37 147 20 60 66 100 10 133 132 69 46 77 65 74 16 44 4 38 148 2 74 75 5 6 88 39 118 101 146 158 75 172 105 26 12 111 164 94 34 159 67 54 161 105 59 89 140 33 94 84 106 171 115 11 172 126 115 156 74 150 42 125 101 143 126 67 111 51 64 16 81 12 20 94 164 16 130 55 174 31 158 119 167 24 93 135 40 50 123 176 103 73 108 50 99 89 38 96 77 152 129 30 141 28 77 124 12 123 173 16 97 44 38 16 154 36 5 171 109 40 53 55 140 87 18 54 101 41 30 77 98 6 156 9 33 180 58 117 176 53 152 105 145 87 169 4 87 114 141 139 46 22 82 173 111 54 69 141 38 150 19 175 87 12 108 82 128 137 114 77 2 119 141 34 163 102 18 72 12 30 86 151 43 17 162 5 1 149 76 44 7 123 63 55 117 15 24 6 73 114 66 70 178 61 126 12 74 82 119 10 147 66 17 86 119 14 32 48 109 28 129 68 98 40 142 76 25 91 60 97 153 121 144 176 113 125 33 151 49 35 180 117 30 168 89 5 44 175 24 144 38 148 74 109 95 118 30 73 163 94 26 127 91 74 140 136 63 103 146 55 174 95 18 135 98 48 138 177 145 83 157 104 126 60 135 97 78 25 138 6 152 19 79 172 138 101 138 97 93 163 132 91 145 22 42 86 33 83 128 40 4 144 56 78 143 105 79 61 43 79 144 105 91 105 163 64 144 74 136 133 25 180 160 76 52 51 145 37 177 167 32 173 23 21 22 9 36 57 139 28 8 90 40 48 146 105 152 18 42 49 122 66 86 35 28 131 105 143 88 138 150 169 131 139 109 99 92 108 162 10 3 120 58 45 56 132 43 27 137 37 46 169 150 114 126 103 157 156 168 175 161 80 170 26 7 9 22 161 144 64 49 79 115 161 9 127 74 19 150 72 87 145 141 98 107 92 14 4 29 177 100 138 149 23 178 145 1 40 60 165 132 107 5 107 60 89 133 70 1 69 168 103 99 37 73 84 108 28 98 151 161 130 10 15 38 121 104 128 163 93 121 93 67 19 133 101 12 129 177 37 99 42 70 173 13 110 65 167 68 84 161 159 120 36 98 9 2 9 57 76 61 124 124 37 155 2 166 90 107 83 2 64 42 66 45 168 38 64 72 37 10 6 148 84 157 82 67 53 145 158 32 92 1 144 130 108 40 102 34 118 57 74 112 41 106 88 2 78 163 113 28 2 50 42 26 88 76 29 127 132 58 88 74 120 82 36 155 29 176 86 36 83 9 153 62 150 165 137 148 42 141 106 87 136 131 23 162 77 173 31 40 34 75 69 160 62 9 165 100 62 137 50 139 109 106 164 99 136 136 117 21 44 72 53 47 19 107 31 125 19 82 49 169 35 4 82 150 169 32 85 19 39 20 12 38 118 19 132 113 50 161 113 97 147 130 84 154 141 125 19 174 87 89 20 76 39 135 177 116 105 47 59 81 62 116 36 6 110 29 104 118 65 113 168 32 115 26 85 57 110 147 114 93 139 163 90 91 16 51 52 149 169 96 127 46 124 171 120 120 166 7 123 123 5 176 171 43 151 175 165 68 95 100 162 97 173 63 22 152 60 137 99 53 14 163 56 73 62 110 51 149 74 147 125 47 45 33 157 67 29 43 36 145 179 129 30 111 128 120 17 142 153 93 141 26 120 30 165 138 94 63 177 98 67 127 4 67 133 56 33 142 115 105 53 147 158 171 71 118 138 48 74 126 22 61 146 96 137 107 30 133 71 18 136 122 144 56 71 62 111 81 123 108 118 169 168 5 126 71 129 46 93 27
151 168 93 47 159 160 94 73 127 43 167 155 99 17 51 88 142 155 93 54 102 78 112 21 9 136 24 114 112 135 138 112 114 44 171 85 115 102 82 41 118 114 137 153 114 16 152 140 15 173 19 100 148 175 51 62 106 157 3 160 125 169 121 103 120 1 81 71 130 7 60 161 23 146 148 81 154 58 87 124 21 64 18 157 98 12 63 122 30 75 17 3 132 12 53 16 80 91 39 20 115 142 68 35 127 102 34 68 99 54 152 115 113 68 145 3 27 177 176 24 160 127 119 69 112 127 3 167 115 9 40 75 99 174 112 41 57 34 50 145 38 85 68 166 24 73 128 46 38 30 138 12 68 92 38 81 178 17 56 93 171 57 30 31 67 25 73 27 135 24 143 126 125 58 160 64 96 58 86 85 75 174 57 169 68 153 144 168 74 64 50 21 112 121 67 16 84 121 167 64 180 170 67 72 20 105 91 133 3 13 22 106 24 131 114 109 92 68 117 168 77 136 124 126 37 132 133 131 77 125 58 144 107 60 118 108 131 55 57 43 171 97 9 49 104 88 89 100 90 139 155 166 172 161 108 18 156 20 145 77 67 30 22 33 152 171 27 1 178 159 84 58 175 29 170 158 31 136 119 114 165 69 119 70 138 36 164 4 160 101 128 39 26 163 69 13 10 76 139 169 150 174 144 71 28 21 33 129 25 131 127 137 118 143 22 90 33 54 145 179 177 116 17 26 93 17 78 89 177 31 90 126 134 95 90 147 164 58 105 83 19 157 175 54 99 51 47 148 172 102 125 64 52 88 56 164 9 175 154 49 85 85 106 38 15 139 141 11 82 100 169 140 163 10 41 164 111 157 88 49 1 70 150 164 52 176 112 164 2 58 37 158 79 21 76 136 66 76 27 51 34 134 72 11 122 158 54 134 119 134 125 131 25 122 83 150 7 166 38 1 27 127 108 111 155 58 139 61 108 96 20 87 158 91 158 97 47 154 55 59 41 166 175 24 170 130 167 99 132 176 120 94 134 110 115 69 7 40 10 57 57 153 127 93 158 118 49 163 176 17 5 83 5 113 25 103 139 36 2 127 174 14 109 122 105 93 127 77 104 140 96 12 65 81 5 22 132 173 132 78 107 109 23 136 120 54 18 8 20 53 57 122 140 105 66 83 115 46 128 43 82 47 42 11 55 45 169 61 61 14 135 74 64 91 86 5 70 92 163 177 143 14 157 178 76 165 95 133 69 30 49 84 44 39 133 70 25 51 1 163 12 102 169 177 7 148 135 102 35 29 135 38 43 28 177 153 113 140 86 52 9 37 93 126 86 114 24 161 155 167 44 27 99 24 101 14 107 86 153 122 164 125 144 173 133 138 41 156 174 135 96 115 53 60 121 81 100 136 75 40 17 67 14 154 161 153 97 125 32 47 80 48 135 131 7 24 12 122 111 90 124 15 115 108 69 48 177 86 50 131 154 97 161 97 75 177 151 136 101 117 34 107 151 145 91 125 76 41 28 158 72 13 152 72 94 149 123 33 143 105 47 124 119 34 166 27 111 64 10 75 157 13 37 124 45 105 136 106 93 20 10 27 79 175 107 116 38 158 167 120 37 80 71 149 177 92 62 74 111 22 39 70 45 27 61 130 166 160 36 163 169 133 132 44 81 25 65 85 104 80 9 56 3 173 53 164 26 12 178 140 56 50 100 116 132 92 61 178 10 6 57 12 157 18 167 42 46 140 21 50 42 94 65 44 84 108 29 176 67 117 27 60 125 31 76 125 53 138 167 67 31 158 47 24 177 27 33 173 104 126 85 136 23 106 112 95 29 159 79 18 39 92 162 147 58 81 126 79 125 138 120 118 160 41 1 96 111 91 166 123 119 77 30 170 35 83 140 43 134 148 74 158 58 68 23 136 158 131 46 21 18 21 25 29 56 137 178 165 101 52 75 5 72 162 178 65 35 97 24 20 75 90 53 107 108 112 8 110 179 130 171 172 160 88 23 8 76 63 88 157 104 100 22 160 61 48 21 19 57 178 79 148 27 65 26 21 161 95 127 82 55 36 47 82 180 32 1 1 47 91 86 83 37 16 63 86 108 134 167 4 27 73 117 43 166 79 26 168 79 135 48 124 124 120 40 159 58 85 18 107 165 42 75 106 74 78 96 5 60 135 123 86 50 43 65 35 47 112 16 164 96 72 155 20 147 46 180 26 115 108 55 164 92 93 67 81 15 14 163 20 39 139 141 128 40 67 148 145 43 16 127 35 44 50 81 38 81 62 36 79 120 36 163 66 46 180 43 129 45 164 58 152 122 124 96 178 79 32 11 173 27 76 1 53 82 134 126 107 20 38 178 144 99 96 132 111 26 67 43 76 92 82 150 53 35 105 158 43 73 140 178 171 160 118 84 79 136 56 167 96 17 165 140 148 94 6 66 148 80 176 139 134 7 17 96 15 14 175 154 54 65 11 14 84 15 95 124 133 73 162 106 105 53 177 76 139 145 98 153 104 157 36 73 157 2 16 81 120 82 28 21 135 28 14 89 21 96 32 18 42 136 160 140 4 144 128 58 155 3 93 82 77 72 146 19 96 125 4 131 52 54 60 36 24 22 18 22 178 31 6 44 25 64 106 128 77 61 177 120 146 156 8 86 37 174 81 75 151 130 145 129 79 10 63 17 127 13 170 98 151 3 4 88 117 179 115 115 177 151 157 121 51 13 28 146 52 149 165 65 4 39 88 16 22 137 9 18 1 74 22 20 3 21 106 66 110 72 149 19 173 158 2 143 155 33 44 115 90 163 102 107 127 79 97 64 154 34 14 42 54 58 57 169 14 50 17 65 138 9 167 149 39 73 80 21 78 94 71 77 26 40 84 86 175 114 151 116 85 82 82 122 163 37 25 146 73 44 140 19 69 121 125 161 130 80 147 40 148 55 141 24 62 162 65 60 46 80 18 143 172 38 64 154 129 148 115 111 87 20 14 173 167 13 124 144 130 54 153 179 77 151 69 106 75 71 98 84 31 3 96 36 68 175 128 112 45 166 29 132 134 2 141 176 173 129 81 38 140 158 116 88 12 128 175 141 123 169 95 119 158 42 26 40 42 128 48 133 123 99 128 39 160 9 158 82 90 145 17 168 82 86 136 80 113 111 167 175 63 137 126
16 56 26 141 129 9 129 136 95 80 67 147 5 105 45 55 147 22 142 150 57 143 147 44 155 47 103 123 129 80 133 38 65 110 137 90 90 119 78 26 62 122 123 113 91 20 71 161 12 14 51 150 173 141 120 84 112 130 102 95 14 34 171 108 163 40 152 169 108 143 38 117 95 117 159 145 28 141 89 69 178 125 142 44 47 64 31 57 8 109 143 179 91 165 55 168 131 19 79 163 134 83 133 48 163 4 44 88 20 101 130 129 50 60 146 164 10 85 3 33 11 63 62 6 123 147 91 165 76 76 163 46 70 36 51 81 144 73 144 132 166 104 127 149 1 90 92 39 16 36 2 174 68 106 58 174 90 78 82 150 30 158 125 83 115 54 178 91 157 71 100 73 94 180 123 143 37 136 13 73 84 101 89 180 161 2 117 96 175 65 136 63 62 39 68 46 178 138 29 115 47 79 30 86 8 155 174 159 19 137 147 152 43 4 60 123 45 57 176 165 153 129 1 90 57 176 115 113 84 35 163 46 91 163 99 107 166 140 15 90 18 164 95 40 169 43 71 177 111 77 40 134 59 63 17 144 50 33 18 75 168 79 33 67 78 134 155 129 145 106 57 37 134 29 56 106 27 26 96 112 65 111 153 149 93 174 125 151 85 157 84 177 150 155 65 97 82 75 16 31 133 115 32 25 126 56 31 75 176 78 123 157 96 53 126 136 127 37 143 120 82 117 108 11 151 31 115 91 61 151 26 46 100 167 88 57 160 1 140 179 16 3 83 96 71 179 50 45 10 115 3 18 8 118 45 101 14 11 89 72 69 59 168 100 83 46 40 21 89 35 146 60 148 109 125 8 47 36 115 130 102 31 141 10 115 132 119 163 133 149 51 128 42 53 136 134 98 159 108 138 122 105 39 61 96 54 132 32 147 13 5 51 69 170 151 93 67 117 119 91 47 105 102 16 136 166 28 121 55 53 105 7 60 135 30 75 6 35 52 166 57 146 138 5 34 82 143 155 142 50 93 130 175 110 3 172 76 5 108 35 103 46 117 173 166 82 63 143 35 6 44 123 173 137 91 89 149 90 147 88 80 149 155 111 121 164 25 31 164 165 134 33 102 24 9 35 117 175 160 110 166 4 88 174 155 109 168 18 83 50 70 40 87 103 75 127 28 28 172 124 173 38 106 150 55 127 24 62 160 175 84 26 143 98 51 63 162 65 46 73 72 110 148 176 24 70 96 9 96 4 27 180 122 83 14 157 105 138 54 155 31 15 81 21 20 91 156 175 19 24 107 70 141 117 24 102 79 138 54 149 33 44 70 40 38 32 3 45 92 33 47 60 122 93 155 153 68 33 179 145 159 14 25 66 17 115 76 90 28 76 78 79 10 80 117 14 35 13 31 63 9 110 131 96 174 148 66 46 109 101 36 171 75 165 161 6 63 98 137 34 77 38 21 102 21 58 150 137 109 133 128 122 75 121 69 59 21 80 20 49 6 120 128 163 114 131 54 34 89 108 14 139 100 34 10 57 114 80 18 46 159 96 63 120 115 123 111 145 1 127 42 71 158 149 125 119 145 90 72 137 140 60 159 43 94 115 178 67 42 22 113 95 9 6 34 150 7 66 12 2 10 59 165 130 167 85 2 80 122 82 64 88 45 104 8 50 11 16 116 84 91 117 162 1 19 151 151 147 2 130 24 171 16 2 59 6 33 169 83 139 119 140 119 162 166 165 124 23 33 110 145 170 134 95 25 115 112 163 179 55 60 102 8 122 100 32 34 139 50 160 4 99 99 141 148 4 103 95 157 25 4 112 126 72 133 174 43 9 76 6 44 128 79 68 178 142 143 150 123 39 49 35 157 64 128 108 85 16 90 116 166 106 141 163 32 20 127 167 164 174 91 35 147 2 38 53 10 126 65 32 53 25 80 74 28 157 58 18 82 71 12 133 71 52 74 26 79 165 43 29 95 127 26 85 57 129 66 51 178 98 45 149 10 118 131 2 4 139 18 163 76 123 78 160 35 83 121 133 141 64 175 81 124 60 91 18 77 102 146 94 68 24 32 147 175 110 126 110 94 12 89 93 24 82 92 111 158 132 138 161 137 16 130 34 110 31 150 45 33 123 36 167 110 107 30 26 98 44 5 175 145 34 35 76 75 37 39 25 16 47 6 140 116 140 12 150 90 132 97 108 167 114 94 98 62 111 46 48 70 33 6 147 11 79 147 61 177 151 10 102 19 73 141 43 127 146 94 134 150 76 23 122 83 120 132 95 18 1 68 71 168 31 119 122 49 98 37 81 27 74 96 136 64 111 72 8 143 4 37 58 151 48 77 67 2 90 110 74 128 106 28 106 154 110 85 66 113 180 78 77 124 140 166 89 76 14 137 112 141 70 79 77 33 178 171 96 102 41 7 81 135 149 66 154 155 74 174 135 138 78 64 174 36 22 46 46 68 149 62 33 63 167 69 80 86 19 12 130 121 104 146 126 90 47 4 169 32 140 18 80 78 162 180 117 88 108 92 2 19 63 60 119 29 82 64 41 20 153 94 60 81 143 93 176 105 77 159 119 20 19 38 89 53 90 106 174 28 68 56 29 62 128 144 27 6 108 126 133 97 60 15 161 84 8 145 80 49 152 155 2 175 178 128 78 103 146 42 35 156 5 131 141 31 2 9 135 146 168 31 67 125 2 93 164 138 155 168 130 141 174 71 108 127 45 165 28 86 132 72 103 39 179 161 79 83 137 49 20 26 162 53 14 151 115 4 91 152 144 106 180 115 79 129 53 41 42 147 152 119 59 141 52 101 165 53 118 160 128 32 124 50 32 46 103 69 171 9 129 161 110 117 45 84 19 123 147 128 14 175 127 26 78 109 148 179 50 123 164 33 121 123 125 72 75 100 124 166 72 65 29 25 58 139 6 95 91 167 6 38 178 74 124 47 96 46 175 159 107 46 165 28 69 40 170 86 103 107 141 125 155 132 131 78 42 132 8 14 33 160 131 18 49 175 27 94 180 152 13 6 118 55 92 169 178 92 115 42 130 99 51 64 20 61 42 39 26 152 160 29 18 21 103 180 86 115 121 40 68 71 102 6 174 78 112 140 129 48 135 139 51 91 96 9 159 145 5 106 115 66 121 27 33 115 155 116 6 6 63 37 136
116 13 103 72 117 153 100 152 20 41 21 38 34 66 180 26 18 99 2 93 4 107 121 85 124 174 151 94 139 139 98 180 84 120 59 127 93 120 26 114 164 121 157 28 47 31 47 166 165 146 102 161 1 57 94 164 26 49 21 143 34 64 40 141 42 10 133 87 104 77 18 14 68 13 61 15 2 159 57 118 53 29 133 170 134 84 138 66 12 54 91 3 93 13 167 23 166 153 1 160 96 46 118 108 85 76 48 129 62 123 78 83 129 178 152 135 97 42 8 147 119 101 31 89 87 34 87 100 174 96 144 69 143 56 25 165 68 146 108 9 139 20 150 61 71 133 150 133 66 161 18 56 101 97 43 176 150 123 31 97 20 128 63 6 21 137 160 107 20 55 21 157 55 114 14 111 103 149 38 9 154 86 47 58 143 9 146 158 26 15 110 41 65 127 93 125 28 5 26 120 121 127 82 39 99 155 111 168 142 147 151 148 14 135 148 92 42 106 32 179 75 174 26 146 89 47 87 68 164 172 57 60 53 114 119 173 116 15 155 66 120 139 22 137 79 179 14 115 138 28 180 162 85 140 89 93 136 26 93 67 139 67 141 146 143 80 36 41 112 159 148 64 118 50 160 107 1 49 108 167 69 155 133 108 115 98 173 3 127 17 127 104 118 148 47 25 135 127 56 45 35 43 152 91 144 27 171 12 169 65 31 52 172 29 77 59 55 25 111 76 132 95 87 17 166 29 63 61 125 139 91 159 111 169 70 43 45 170 23 158 149 119 109 74 100 132 127 28 126 64 43 101 26 67 109 90 157 112 149 69 69 111 156 6 94 135 83 74 46 114 38 95 138 124 176 130 51 99 48 97 177 50 118 168 169 91 72 93 154 163 75 4 109 71 49 124 22 7 2 110 30 4 133 158 83 19 48 106 45 158 167 45 146 89 161 160 31 61 160 85 69 3 83 46 46 118 153 153 81 2 20 168 100 161 136 38 35 71 164 104 108 74 177 136 174 40 17 121 128 81 164 66 86 114 173 62 145 56 87 98 32 14 98 64 163 17 22 128 14 164 114 133 149 129 162 90 155 144 113 4 104 162 7 129 28 41 72 111 22 139 33 171 52 163 32 140 58 150 107 84 138 95 14 54 16 44 37 37 145 144 41 101 22 155 82 9 112 174 138 11 106 95 61 6 99 125 134 93 31 35 21 177 29 77 19 179 36 93 77 54 120 33 176 12 122 76 47 154 161 76 97 140 152 78 137 137 37 97 7 179 178 165 148 82 177 123 68 156 179 140 76 48 9 171 165 84 162 19 170 158 80 21 177 174 63 127 95 154 168 166 162 167 132 179 172 48 11 130 86 49 124 118 18 106 130 103 93 158 120 37 53 145 67 1 126 79 7 164 66 155 156 5 40 97 3 173 128 47 86 75 178 94 107 14 12 12 134 42 120 75 171 173 13 127 93 51 102 71 34 1 169 107 68 34 129 36 10 48 130 46 20 47 180 2 163 161 91 75 10 144 135 172 164 69 50 170 166 60 25 94 17 153 38 66 105 17 61 168 62 49 70 83 123 87 162 145 22 75 60 136 129 148 115 60 150 173 39 146 147 42 32 66 97 46 119 111 20 59 27 98 169 108 125 10 43 134 47 75 59 87 60 96 91 137 180 41 90 108 103 131 131 109 26 104 67 10 150 172 171 10 113 111 18 105 3 180 160 33 54 105 164 138 11 62 51 146 59 145 17 165 168 55 21 65 151 72 113 174 116 54 73 3 44 18 153 119 3 118 36 139 96 97 58 173 62 75 106 127 99 79 153 144 165 14 105 169 54 9 180 145 129 158 115 27 92 154 95 134 15 24 75 179 111 75 162 179 32 168 154 84 90 45 158 67 23 38 153 82 98 136 160 4 178 96 102 11 64 11 30 31 32 12 110 162 40 146 93 33 18 73 48 162 47 53 49 139 168 149 64 104 91 149 28 130 177 89 18 105 82 172 63 67 75 101 60 71 67 4 169 149 176 111 155 101 46 30 136 85 42 142 74 45 21 152 45 72 105 108 72 65 174 140 167 21 141 171 151 140 124 152 127 152 45 175 48 57 58 179 30 39 152 80 49 171 62 34 42 70 66 127 108 125 54 4 165 159 163 24 103 112 115 43 137 136 97 40 121 134 165 171 45 53 150 154 158 54 93 106 138 169 151 43 71 123 86 177 86 82 76 133 137 100 109 172 127 125 65 112 14 116 51 144 178 9 155 93 46 34 100 127 37 27 179 176 158 171 15 44 11 174 120 72 123 147 78 75 91 170 170 95 42 54 12 45 68 7 25 58 72 20 135 68 154 16 172 43 126 46 105 175 48 17 109 30 64 156 78 44 28 149 143 108 54 119 153 153 72 141 137 54 60 53 28 161 32 119 147 22 40 162 157 47 131 61 117 11 161 157 27 55 145 128 126 41 166 28 153 158 145 126 160 24 100 175 133 25 32 36 28 159 62 48 115 162 94 6 115 9 99 55 62 76 176 139 14 152 28 68 39 93 68 66 54 101 88 36 21 85 82 61 57 51 74 114 143 46 55 171 145 19 89 81 142 107 44 124 106 149 53 124 97 158 134 7 34 158 46 146 88 27 115 129 148 132 143 20 2 34 152 109 92 132 91 71 138 155 83 157 10 12 36 99 121 177 76 3 81 64 66 23 107 180 110 62 39 152 61 125 6 30 118 127 121 179 54 97 46 72 174 74 175 69 20 17 175 151 110 20 140 55 113 22 35 29 79 115 129 35 168 132 46 151 98 110 159 92 173 12 154 87 43 44 63 17 163 130 20 111 125 161 3 54 29 172 177 114 35 78 4 28 75 154 165 47 37 8 57 59 28 34 23 104 151 10 71 147 13 38 24 147 98 169 128 138 136 9 179 37 66 91 36 166 12 137 144 124 56 116 40 169 163 149 145 170 162 87 46 132 51 82 100 157 24 77 178 143 86 132 45 128 118 109 154 174 116 100 82 77 77 89 170 90 156 83 46 171 125 51 132 147 78 30 36 139 146 114 84 35 154 62 130 60 164 175 48 156 119 153 151 77 79 64 102 164 163 89 90 118 136 6 67 31 43 126 99 102 122 62 110 133 86 135 111 155 90 81 174 74 23 147 4 137 40 50 152 174 17 105 27 149
64 98 63 105 15 39 158 120 76 54 44 76 12 99 67 159 148 18 25 61 24 158 146 64 13 121 117 17 168 119 141 177 92 179 168 103 36 25 13 120 37 111 3 114 120 21 174 96 93 139 16 158 53 158 68 95 42 24 134 97 61 36 85 119 96 117 166 83 65 129 68 40 118 26 38 67 164 81 146 80 121 127 122 142 81 180 102 46 34 23 83 120 124 81 9 61 15 24 103 74 128 122 55 91 62 12 80 142 82 17 174 44 161 116 148 108 113 171 108 142 114 130 93 71 107 137 88 98 9 74 169 5 179 31 53 176 98 115 156 16 39 99 135 131 174 170 130 57 105 16 6 104 101 30 92 153 142 171 61 58 61 69 15 123 82 115 162 113 13 80 162 73 97 107 115 60 20 125 100 10 23 103 174 50 95 35 45 169 24 47 94 139 55 85 148 4 146 38 13 136 41 123 77 88 17 83 38 97 175 86 148 152 49 100 13 100 15 101 108 18 166 85 29 138 38 25 159 7 70 96 105 49 137 138 111 165 151 48 138 1 166 78 157 68 172 62 170 12 146 157 8 40 60 31 172 144 54 60 41 156 14 140 121 38 91 123 92 37 123 142 100 51 167 25 68 127 83 129 102 44 36 52 154 62 19 50 9 33 92 150 17 47 19 173 55 94 151 12 114 118 85 127 178 43 84 134 87 120 171 67 54 71 2 104 86 173 33 26 73 168 113 89 151 31 48 64 94 30 54 139 37 55 133 66 146 153 95 165 140 109 85 9 29 37 59 161 115 32 128 105 179 135 154 175 80 167 122 160 144 88 63 51 148 108 79 138 161 102 180 170 162 88 134 58 159 11 40 26 6 101 60 177 75 177 56 31 7 122 101 50 3 31 177 36 19 122 133 106 141 99 22 139 26 125 44 26 75 155 63 45 28 114 65 83 43 73 97 35 133 147 161 145 75 178 59 144 145 51 134 180 153 129 26 112 143 50 177 24 111 129 18 163 93 29 94 168 46 67 121 165 108 139 159 157 143 19 157 167 134 20 43 78 93 155 119 91 165 95 102 142 169 137 27 9 116 110 79 63 54 135 102 13 61 113 93 10 65 180 130 113 37 132 158 42 122 122 159 127 15 28 56 107 134 79 117 73 70 72 177 170 143 62 27 143 115 86 176 79 57 172 18 108 118 80 18 162 142 125 93 62 1 159 122 95 40 83 108 38 8 116 52 45 54 44 120 63 83 139 91 113 117 67 109 104 108 146 78 163 14 146 22 149 141 96 5 32 93 26 68 17 102 1 121 111 10 153 98 159 79 63 82 158 29 41 87 64 168 134 45 16 69 119 178 114 98 156 6 115 46 87 139 12 51 103 133 48 43 67 144 37 39 75 21 131 159 149 104 65 27 78 106 66 51 156 141 70 51 99 118 99 49 41 73 82 156 82 65 11 140 161 30 107 146 75 159 136 135 33 37 13 87 11 123 67 148 68 138 122 145 52 164 164 132 160 120 152 42 111 75 180 45 146 154 159 56 152 141 17 115 116 96 120 165 95 121 117 110 167 45 64 58 132 92 28 42 104 124 20 126 90 137 145 86 49 139 84 71 80 47 2 172 30 143 35 69 108 24 62 73 156 73 27 122 110 101 148 162 80 75 109 94 157 73 35 129 51 111 37 141 106 128 49 145 81 178 127 20 157 155 174 166 61 19 141 14 66 81 106 137 26 33 158 47 54 100 149 65 62 150 44 47 14 145 168 114 30 6 34 143 34 6 8 179 19 129 151 160 25 88 164 29 68 164 1 83 74 78 160 105 22 104 97 8 161 21 12 140 88 160 118 109 7 139 166 116 157 45 10 150 7 176 11 51 160 138 7 121 64 2 62 101 14 149 107 51 180 142 103 19 112 98 13 18 124 140 139 84 95 55 71 77 166 159 25 77 120 55 120 112 149 8 88 179 96 5 111 13 167 143 145 13 117 21 152 176 128 69 160 154 111 27 72 24 107 39 177 90 93 125 138 45 125 56 91 39 104 76 150 62 46 42 106 90 91 18 12 178 30 83 169 13 29 139 84 3 174 111 160 55 80 152 81 40 81 68 117 66 142 137 168 45 42 137 28 28 153 96 66 132 156 180 4 77 46 139 20 32 152 173 155 89 157 76 73 68 91 1 55 135 32 116 144 102 172 112 23 21 91 106 54 147 79 48 140 128 100 132 65 172 111 14 164 7 133 116 44 11 118 22 14 30 59 32 88 20 100 35 46 51 154 146 169 38 117 66 128 21 179 13 97 36 3 102 97 161 9 172 150 77 69 7 78 180 41 82 166 31 57 149 14 51 19 14 148 109 162 124 62 158 123 81 67 142 99 169 96 71 150 148 108 49 81 173 112 10 32 158 140 34 161 170 109 44 141 32 77 128 100 12 142 71 118 22 171 32 73 179 166 163 16 146 87 175 64 155 147 141 177 135 87 157 15 34 114 64 39 34 48 114 140 77 140 80 137 136 86 16 23 3 92 155 180 81 164 30 126 4 31 82 74 80 34 107 103 16 49 38 4 10 173 117 143 83 120 47 176 139 33 178 47 33 82 172 73 46 15 83 53 51 124 5 145 128 130 43 79 27 94 125 18 57 33 24 91 114 17 13 171 123 73 22 83 153 169 153 130 77 14 113 71 103 53 16 21 44 143 2 67 1 157 98 44 135 128 32 5 38 138 154 5 67 118 178 36 71 75 175 84 48 65 61 76 120 60 17 117 44 163 127 64 98 67 105 124 169 4 95 31 20 135 98 163 106 74 39 65 111 151 171 78 22 98 171 34 165 18 155 33 46 53 63 73 61 101 176 27 134 104 43 83 44 118 113 172 162 108 148 99 166 74 179 175 118 151 162 10 86 80 115 106 59 122 42 65 144 120 66 128 110 139 104 83 24 42 3 127 147 134 149 95 6 25 44 168 115 10 126 135 92 174 107 114 162 166 13 121 48 134 91 8 80 36 139 114 157 65 38 77 133 117 97 99 15 103 61 10 143 175 127 58 167 179 108 134 15 44 110 149 26 85 93 179 18 130 169 43 148 60 176 10 143 148 57 58 81 11 96 145 173 55 109 161 134 89 8 130 72 43 28 96 169 80 39 65 29 85 99 74 48 126 142 50 34 86 13 12 7 177 72 77
28 120 22 88 70 152 108 3 170 78 176 20 86 43 22 121 144 79 159 46 76 64 143 164 167 26 9 53 146 61 133 73 86 32 170 163 14 77 34 132 61 106 41 22 73 56 54 47 158 116 141 133 99 58 173 31 107 180 75 73 97 26 54 133 150 142 147 35 71 111 50 160 140 164 31 103 19 67 158 119 59 156 120 87 28 82 105 48 35 52 88 44 88 42 3 39 64 6 14 33 56 89 110 157 120 168 9 13 121 126 41 112 21 64 58 2 28 147 176 164 36 107 85 45 53 20 104 57 165 26 27 83 160 36 173 94 164 112 16 72 57 113 86 113 128 17 60 169 95 28 82 61 91 52 150 25 121 153 61 58 2 175 146 16 87 95 114 88 19 87 77 156 20 174 25 4 20 171 164 21 151 129 111 131 151 101 154 97 167 123 51 58 122 52 151 15 96 1 127 103 11 7 128 93 179 45 68 91 144 41 103 156 166 118 122 121 70 51 72 80 111 43 141 87 101 7 77 69 129 98 170 116 108 102 66 51 56 180 95 163 75 43 8 101 1 72 13 44 89 144 177 7 124 73 33 142 69 123 125 168 2 40 102 74 59 13 45 84 153 178 179 83 21 158 60 149 140 174 70 93 32 79 112 1 101 10 178 52 159 36 131 85 66 60 12 19 160 141 52 127 180 136 134 36 79 33 62 160 66 39 24 69 168 113 147 105 124 40 81 139 47 15 119 73 30 9 19 104 137 74 54 18 47 83 50 80 3 24 10 117 175 93 163 137 93 165 141 103 28 97 41 140 72 148 129 141 135 156 106 169 17 128 17 106 161 3 85 58 17 59 70 128 88 12 17 91 109 146 112 45 46 96 106 101 141 82 125 89 56 114 132 13 164 40 157 15 14 35 88 15 90 106 165 64 10 81 143 4 142 165 178 35 29 115 67 74 31 166 138 157 5 80 113 24 67 130 91 75 155 4 171 118 179 144 147 5 46 141 77 52 36 168 172 38 70 34 5 160 178 54 127 39 127 117 22 70 110 35 14 41 4 61 145 114 45 58 49 107 84 133 82 40 140 111 38 165 112 37 158 8 26 69 122 23 83 156 125 103 139 149 6 173 123 35 151 102 153 25 107 17 168 61 8 141 135 51 138 28 109 75 49 109 160 84 5 131 130 66 72 69 120 140 91 169 118 155 146 174 58 86 64 110 59 91 151 12 50 104 72 105 96 15 70 179 28 2 66 138 11 33 170 21 136 66 49 70 152 85 102 164 83 104 122 174 162 9 168 141 27 3 58 33 122 28 68 10 3 20 120 52 120 22 167 8 76 116 32 163 97 10 59 154 161 155 101 61 145 9 29 136 158 176 6 165 49 135 121 18 101 165 94 35 22 43 82 63 118 64 36 36 165 161 6 48 50 23 5 135 3 144 153 118 129 51 180 126 89 87 145 95 28 156 4 180 138 30 44 90 148 42 148 46 69 90 155 23 162 143 146 113 169 162 173 167 62 52 91 23 78 107 63 18 151 171 95 110 173 54 49 107 21 4 121 25 45 153 149 148 15 110 20 83 125 148 36 180 109 125 39 44 38 105 123 70 8 96 75 104 135 122 155 71 146 165 171 73 36 101 61 122 63 156 110 61 22 16 51 88 101 106 153 82 161 34 135 77 27 20 33 62 151 128 76 177 9 37 17 164 89 30 68 159 63 137 168 146 117 164 144 77 97 28 144 45 56 32 150 102 60 121 76 32 101 5 89 67 175 35 139 60 111 80 71 157 62 59 64 91 90 110 146 97 40 180 100 8 42 34 82 90 159 64 2 49 83 89 53 129 109 84 30 75 31 105 114 91 115 90 52 143 3 74 153 36 87 180 178 15 81 135 170 4 45 118 4 88 172 174 22 146 173 76 164 26 17 99 113 155 58 50 119 161 180 159 135 33 165 110 119 40 7 12 56 122 87 13 168 69 84 12 119 90 157 123 134 139 3 109 57 132 50 82 159 19 60 134 141 123 12 162 23 4 8 82 77 128 86 2 144 77 179 9 16 8 48 5 99 18 83 9 113 55 82 86 167 102 141 5 110 102 125 125 153 73 135 135 145 74 84 70 69 89 48 54 28 108 54 64 90 46 49 158 141 105 91 92 170 120 163 18 167 32 116 58 107 20 146 169 178 115 104 83 35 31 19 124 50 52 42 103 139 80 97 47 103 161 19 171 13 133 167 20 158 117 125 7 54 26 155 21 115 25 18 92 105 117 4 167 165 128 29 131 66 135 71 37 28 98 102 29 31 36 49 14 80 23 59 167 49 161 26 68 133 142 28 135 114 61 162 138 78 34 36 85 137 69 137 44 56 146 27 87 94 163 143 45 84 61 102 149 4 153 64 84 82 172 180 100 153 21 115 45 13 99 60 65 180 153 77 153 100 147 63 93 4 48 105 12 173 111 35 141 96 87 110 155 172 32 131 60 99 90 101 41 180 115 84 114 70 23 84 147 65 4 157 17 51 148 87 29 134 70 47 136 18 122 42 95 136 18 180 16 107 30 113 122 156 90 136 123 98 3 29 140 72 125 111 69 61 95 48 128 62 54 129 115 180 148 55 81 16 94 107 97 52 102 57 142 38 87 106 54 147 126 84 178 102 123 163 30 160 113 22 152 109 167 124 16 21 143 138 14 14 139 180 59 54 119 2 161 85 44 155 140 163 177 87 4 7 86 112 160 164 96 53 94 43 49 175 16 73 89 27 174 138 20 129 110 21 16 2 33 144 139 159 58 125 175 168 109 40 48 164 169 82 69 139 36 41 26 112 118 1 159 25 59 39 39 86 11 168 94 34 68 46 156 121 169 67 63 129 160 121 30 161 156 152 143 29 151 99 177 140 53 158 36 9 24 50 48 106 94 85 60 127 80 73 151 47 47 118 78 120 95 91 117 8 130 6 23 41 84 31 112 97 62 56 111 66 66 47 95 136 82 122 163 5 34 176 49 25 80 27 57 21 167 75 153 98 33 165 98 36 92 9 104 66 109 86 154 127 87 111 153 55 52 73 45 73 85 94 92 62 130 136 76 108 154 111 82 12 180 15 123 42 12 87 122 57 83 137 63 93 80 118 24 163 174 123 84 41 85 89 140 141 29 59 34 9 57 54 79 141 158 113 174 158 29 38 38
89 87 56 147 105 111 134 146 125 86 98 164 115 45 179 5 156 36 18 176 64 48 36 133 131 176 134 159 99 36 140 101 137 67 107 58 123 15 67 129 158 28 100 130 13 32 108 128 89 127 3 16 164 87 163 62 21 85 124 46 71 154 102 156 72 164 4 117 15 156 125 126 166 18 51 79 123 36 109 51 10 4 76 39 80 6 77 146 127 60 30 19 103 66 43 165 44 142 11 118 149 176 133 83 50 33 103 57 2 35 124 34 165 15 99 75 75 121 78 119 75 93 47 17 50 111 35 158 78 118 46 168 55 170 63 56 171 60 127 35 118 84 19 24 88 13 47 106 125 173 91 180 103 157 155 180 127 86 7 139 8 138 26 27 149 117 44 177 40 49 112 164 22 93 144 96 44 27 131 146 121 154 118 61 141 130 140 159 72 147 55 47 25 86 27 147 149 54 5 91 67 175 146 132 47 127 35 39 94 82 120 46 136 146 104 113 39 130 7 53 158 34 80 139 32 56 112 103 167 70 64 63 67 85 166 81 87 168 140 152 155 62 155 95 52 85 108 131 156 22 52 144 155 47 114 180 151 49 116 146 133 12 176 133 26 162 175 113 4 139 19 47 79 32 115 29 98 13 87 131 112 133 122 65 90 43 61 154 133 115 102 54 84 31 148 100 83 69 3 100 93 154 93 68 78 82 46 132 55 53 68 63 81 84 38 21 27 80 127 128 139 141 123 40 22 88 137 125 129 150 95 60 69 83 156 36 74 123 1 1 65 112 77 24 48 123 111 108 152 91 88 54 23 31 153 82 112 146 62 180 144 82 106 1 77 98 100 129 121 118 94 121 85 74 13 106 25 120 77 102 104 77 35 37 24 77 142 133 132 40 11 17 53 79 11 52 136 129 45 161 175 49 24 15 69 54 109 7 138 160 118 30 27 30 177 15 11 95 152 147 156 143 67 177 123 6 76 120 59 66 22 100 75 29 52 45 132 106 38 35 101 173 114 128 149 143 164 124 116 18 131 15 16 157 155 48 117 158 120 125 170 178 30 157 6 79 61 17 20 27 102 178 38 175 78 100 71 78 169 123 49 179 152 157 69 120 116 6 162 149 18 177 130 74 169 103 167 60 152 93 13 152 49 131 124 118 83 154 138 151 40 76 70 150 94 4 166 153 77 72 101 158 19 138 51 50 170 136 47 80 135 154 56 169 151 113 129 180 147 89 82 61 34 130 76 23 72 106 47 78 37 106 139 151 73 119 179 152 68 103 20 129 143 118 9 13 62 117 108 123 105 164 61 51 134 157 122 84 159 69 74 110 12 122 154 42 147 100 135 148 6 173 45 101 180 14 91 108 143 180 6 140 83 149 146 113 155 6 45 128 175 167 178 113 90 127 114 151 9 13 67 17 178 121 155 129 15 12 14 158 51 88 180 109 175 64 172 154 73 12 173 115 134 118 132 167 143 163 121 43 111 114 130 122 72 6 116 127 74 75 55 25 46 70 133 60 79 179 45 102 57 147 43 4 102 47 118 157 34 9 47 13 65 34 118 167 176 18 102 152 16 50 93 87 106 119 103 23 178 75 91 65 84 169 101 113 161 50 16 98 70 84 160 64 20 70 88 164 62 172 83 152 72 176 34 91 140 53 148 37 174 6 110 180 29 85 42 50 32 18 115 8 5 63 149 90 128 76 11 107 45 114 180 142 123 63 75 5 7 88 30 165 159 112 105 151 168 119 79 9 160 144 173 159 113 31 128 46 150 174 115 53 62 109 125 51 97 42 155 47 47 66 90 14 95 113 10 97 76 72 35 77 63 21 170 110 51 174 5 81 48 138 22 23 36 94 66 128 138 27 86 90 50 122 159 171 151 10 95 96 123 120 147 35 11 32 44 136 78 88 84 161 43 64 161 12 61 174 143 75 84 108 65 52 146 43 25 3 76 115 176 50 22 132 39 163 86 37 45 14 127 98 18 138 138 136 98 112 9 51 138 105 95 154 74 174 6 68 31 11 152 127 21 124 24 70 52 145 48 169 18 15 8 56 100 145 132 87 32 140 167 52 12 20 66 160 106 176 59 141 42 44 25 28 54 167 3 88 100 175 98 1 93 134 171 8 50 82 69 40 128 121 44 172 97 39 102 130 55 122 142 93 130 108 159 134 174 22 32 140 142 106 6 99 14 48 164 18 128 88 109 8 167 164 140 37 95 111 55 22 74 125 160 64 159 164 88 180 125 47 101 6 158 49 167 15 59 110 140 40 96 14 84 94 154 3 40 33 45 41 77 52 25 45 145 142 172 28 145 164 155 40 159 147 64 17 126 168 12 144 22 116 13 36 176 142 117 23 7 152 22 31 47 31 31 12 21 146 100 12 120 60 37 177 120 95 6 24 113 31 172 104 120 55 22 168 14 43 168 24 7 137 146 21 30 102 143 42 88 5 105 141 67 80 5 115 4 60 71 29 28 127 94 42 17 53 43 156 179 115 77 111 58 151 4 94 161 56 162 88 153 101 79 76 120 162 178 122 133 68 57 95 31 62 157 148 36 75 111 168 54 122 95 12 116 112 11 137 59 95 172 141 84 167 172 9 68 146 128 139 128 70 50 81 41 9 171 98 96 148 17 94 156 58 154 177 2 73 13 95 62 93 165 130 121 55 94 70 36 87 5 54 103 10 83 14 146 51 1 124 99 76 69 120 80 106 145 50 66 16 161 13 125 74 27 166 139 123 46 168 122 28 79 137 163 12 21 95 103 100 61 128 115 55 104 20 32 111 129 49 156 97 100 57 156 137 167 29 34 12 39 56 62 114 17 8 12 63 127 136 4 135 51 53 171 21 132 95 163 166 157 25 90 3 144 56 2 7 120 73 99 110 83 160 52 59 25 17 132 154 120 110 91 34 109 139 140 22 103 122 102 160 138 8 80 92 158 163 179 20 5 71 173 20 156 164 109 24 137 57 40 135 176 161 26 20 45 142 158 27 109 88 56 21 159 89 75 113 28 38 34 101 25 10 37 27 51 41 40 175 124 34 65 9 94 167 140 18 39 144 107 47 138 55 124 79 35 66 76 173 106 5 38 4 125 37 55 146 39 90 2 50 104 107 73 17 16 81 107 20 84 40 56 7 107 82 106 69 171 14 3 129 179 90 62 44 51 120 110 179
126 54 110 34 174 16 143 70 85 177 136 27 59 45 162 25 18 155 167 12 12 42 87 107 43 49 176 178 178 23 120 41 175 88 122 120 104 110 171 89 86 146 88 56 8 2 52 33 12 108 83 69 149 131 38 73 20 32 2 79 86 151 9 150 152 144 119 166 93 12 58 169 163 81 45 12 81 77 13 159 90 138 155 164 166 124 28 37 105 131 137 107 137 104 21 170 54 139 167 47 92 4 80 1 126 25 163 35 88 11 109 128 101 11 152 175 156 133 96 144 30 169 36 12 123 11 46 82 148 73 41 63 48 57 47 8 125 130 169 120 66 78 159 138 96 36 118 173 93 9 58 151 2 98 81 179 35 137 74 76 101 72 141 67 29 41 171 13 143 155 74 91 145 132 171 45 6 175 137 29 161 104 24 125 60 75 44 54 149 14 64 103 77 1 134 115 17 26 127 172 40 131 31 158 136 37 120 36 176 12 28 17 116 100 76 115 157 141 40 20 44 149 138 140 126 124 157 175 92 100 161 36 159 35 37 70 174 154 99 114 174 129 148 61 72 57 121 168 144 75 1 155 109 13 27 89 168 173 112 71 104 170 141 165 102 124 157 80 2 5 110 161 34 72 140 131 34 45 132 135 73 154 41 177 110 30 81 35 35 66 22 115 35 36 110 98 180 93 142 166 39 158 7 23 165 131 116 116 42 133 76 87 124 43 146 94 59 56 17 66 107 21 151 12 76 101 45 75 93 72 60 172 118 62 5 16 21 33 106 74 92 144 89 111 102 139 128 45 137 15 117 72 94 164 10 44 63 169 28 169 88 152 33 76 21 6 70 41 47 170 3 81 121 8 172 155 152 19 103 96 115 77 121 97 6 101 65 16 26 64 148 34 53 26 13 81 58 63 13 79 103 156 149 16 5 19 123 141 4 44 169 89 142 32 111 79 84 65 39 96 91 163 18 140 56 8 84 114 79 137 165 159 127 131 82 130 92 161 86 108 180 31 147 72 156 128 68 66 115 78 49 90 28 137 132 20 53 111 42 145 90 109 149 127 35 59 168 86 165 32 167 60 57 176 80 96 11 130 160 88 26 99 137 54 180 164 2 102 133 159 11 22 127 138 52 19 146 175 144 143 128 179 100 150 175 164 99 59 40 81 154 70 18 27 81 29 57 32 97 168 35 94 92 101 163 93 167 31 72 78 173 164 94 12 109 88 63 149 156 40 128 115 123 172 177 74 163 86 99 77 2 67 44 9 37 169 155 115 90 74 17 66 171 139 81 176 180 20 128 129 151 100 178 15 46 126 52 151 60 127 96 155 158 73 99 95 15 109 82 90 32 90 163 43 130 24 43 8 25 83 166 134 121 67 130 79 173 53 89 124 140 86 52 88 166 39 147 32 56 21 175 65 143 72 68 1 6 126 69 68 23 133 78 15 52 89 9 123 75 79 104 52 88 167 49 133 110 88 172 179 5 59 136 145 156 94 14 123 150 23 88 105 141 125 121 3 165 109 104 100 160 38 122 92 90 155 109 106 91 27 79 112 99 44 11 95 102 166 150 16 73 108 44 97 69 135 171 54 44 91 78 131 61 93 23 93 8 34 64 124 7 70 178 11 64 6 149 164 98 11 49 89 16 45 82 16 145 113 180 94 51 110 142 71 17 57 158 81 43 111 138 61 73 47 155 132 164 157 93 112 85 49 53 87 149 58 75 20 119 62 32 134 142 141 106 115 33 153 89 168 49 158 21 147 58 87 33 141 37 172 49 85 70 52 112 120 101 68 24 12 151 4 147 84 82 60 45 16 43 110 174 90 145 45 30 67 37 78 53 78 39 22 42 169 156 97 156 167 135 60 68 35 17 5 136 1 114 49 44 172 104 60 25 119 79 137 30 86 60 89 179 99 45 121 76 66 134 151 174 86 176 155 21 79 21 37 123 170 126 93 41 161 35 21 62 145 174 37 84 139 108 177 42 85 171 5 151 147 105 159 148 33 91 179 38 116 26 63 94 165 179 72 113 130 136 21 65 84 113 156 62 97 33 39 107 153 41 161 142 137 156 176 70 11 14 158 172 59 140 134 170 67 95 132 23 80 151 129 24 13 32 1 48 69 172 94 41 13 83 3 18 57 79 81 100 113 81 148 31 31 137 11 17 116 57 86 134 15 158 99 117 134 124 111 129 95 134 93 108 165 142 113 132 94 49 87 167 136 144 135 176 22 78 122 46 18 57 5 112 142 77 137 174 105 78 136 137 42 147 35 21 145 47 172 7 51 133 39 40 69 14 4 57 12 60 155 153 164 142 102 25 152 27 165 147 129 80 158 172 152 29 82 66 92 69 151 14 161 145 71 106 114 150 50 66 160 81 41 126 169 59 69 142 97 107 179 16 78 58 151 118 22 96 83 97 47 113 42 33 37 173 46 173 23 126 10 85 118 106 54 59 117 130 140 171 9 26 40 127 65 35 170 35 39 129 36 125 6 80 4 35 18 63 26 122 113 7 17 130 119 84 74 117 132 106 30 69 162 120 29 176 163 54 16 29 152 130 130 128 24 50 126 65 157 130 22 140 151 59 56 144 56 138 127 82 171 107 57 49 93 7 61 99 163 34 37 53 135 163 11 53 96 147 114 123 114 121 49 156 8 85 145 167 110 130 53 158 33 96 83 29 144 31 105 101 35 150 140 157 162 21 56 24 130 50 100 37 87 40 120 123 166 6 96 165 172 100 110 148 34 58 20 117 105 155 147 129 74 105 114 54 116 89 124 126 9 174 157 152 75 96 21 92 2 147 52 168 102 159 80 10 20 32 145 90 43 116 130 157 134 103 158 38 175 41 140 144 92 49 9 25 102 144 74 139 99 177 24 45 115 102 116 99 114 53 156 143 155 20 148 117 12 119 94 85 5 19 86 99 65 70 81 80 21 21 173 139 38 71 143 80 154 10 23 163 124 89 2 110 137 159 119 97 67 53 3 57 96 65 109 41 109 61 87 93 133 84 162 111 56 51 90 118 128 144 110 89 87 159 20 49 97 165 97 175 149 133 84 177 5 15 77 114 32 77 52 61 9 141 179 99 105 176 139 129 7 104 89 149 47 111 39 23 89 178 20 74 104 153 61 48 152 107 91 178 97 156 102 64 100 138 180 121 145 167 119 96 112 157 61
0.4
0.3
0.3
0.3
0.4
0.3
0.3
0.3
0.3
0.4
0.2
0.3
0.3
0.3
0.3
0.3
0.2
0.2
0.4
0.2
0.2
0.3
0.4
0.2
0.2
0.2
0.2
0.2
0.4
0.2
0.4
0.2
0.3
0.2
0.3
0.2
0.3
0.4
0.3
0.3
0.3
0.3
0.4
0.2
0.3
0.4
0.3
0.3
0.3
0.2
0.4
0.2
0.2
0.3
0.3
0.3
0.3
0.2
0.3
0.2
0.4
0.3
0.2
0.3
0.3
0.3
0.4
0.4
0.3
0.4
0.4
0.2
0.3
0.3
0.2
0.4
0.3
0.2
0.3
0.3
0.3
0.2
0.4
0.3
0.3
0.3
0.3
0.3
0.3
0.4
0.3
0.2
0.3
0.4
0.3
0.3
0.4
0.3
0.3
0.2
0.4
0.3
0.3
0.3
0.3
0.2
0.3
0.3
0.3
0.3
0.4
0.3
0.3
0.3
0.4
0.4
0.2
0.3
0.2
0.2
0.3
0.3
0.3
0.3
0.3
0.2
0.2
0.4
0.3
0.2
0.3
0.2
0.4
0.2
0.3
0.4
0.4
0.3
0.4
0.3
0.3
0.2
0.3
0.3
0.4
0.4
0.4
0.3
0.3
0.2
0.4
0.4
0.2
0.2
0.3
0.4
0.2
0.2
0.4
0.4
0.3
0.3
0.3
0.3
0.3
0.3
0.2
0.3
0.3
0.3
0.2
0.3
0.2
0.4
0.3
0.2
0.3
0.3
0.3
0.4
0.3
0.2
0.3
0.2
0.3
0.4
0.2
0.4
0.2
0.2
