50 12
6
     13856
     14044
     14434
     15098
     14226
     14329
  2.8  69.8 644.8   2.0 
  4.7  28.5 175.0   1.7 
  4.5  48.2 945.1   2.3 
  1.1  24.7 635.7   2.3 
  1.7  58.8 700.9   1.8 
  4.9  67.0 229.5   1.7 
  3.3  74.4 504.6   1.6 
  4.6  44.7 587.7   2.3 
  3.5  73.9 177.2   1.8 
  1.8  68.0 164.5   2.2 
  4.4  42.3 811.9   1.5 
  1.9  27.7 380.1   2.2 
  2.5  50.0 253.1   1.6 
  1.9  68.0 873.0   1.7 
  2.8  38.6 545.4   2.0 
  4.3  47.0 553.4   2.1 
  4.5  72.8 902.1   1.7 
  5.0  27.3  86.5   1.5 
  3.3  73.1 196.8   1.7 
  1.9  15.2 561.5   2.2 
  1.4  48.2 192.9   2.3 
  4.1  45.4 377.3   1.8 
  3.8  65.0 484.1   2.1 
  2.3  30.9 631.7   1.8 
  5.0  55.1 226.0   1.9 
  1.0  44.8 481.8   1.6 
  2.8  70.6  95.9   1.8 
  1.3  41.6 395.4   1.6 
  1.6  26.6 300.9   2.2 
  4.8  37.6 227.1   1.6 
  4.2  43.2 493.5   1.7 
  3.7  17.5 410.5   2.0 
  2.1  73.0 220.4   1.5 
  2.7  63.5 586.5   2.2 
  2.4  34.8 500.7   2.1 
  1.5  62.1 861.1   2.0 
  2.7  64.4 100.9   1.9 
  3.5  64.8 363.9   2.4 
  4.1  29.1 109.8   2.0 
  3.2  35.9  93.3   2.0 
  3.5  73.0 413.6   1.9 
  4.6  53.4 199.0   2.3 
  1.4  58.0 257.8   2.3 
  1.4  17.9 529.5   2.4 
  1.3  43.2 339.4   2.3 
  1.5  49.1 692.2   2.0 
  2.0  34.6 284.5   1.5 
  2.1  41.3 570.3   1.9 
  4.1  35.1 390.3   1.5 
  2.1  48.5 755.3   2.1 
  4.9  31.3 162.7   1.8 
  2.5  35.2 767.9   2.3 
  3.6  67.4 212.7   2.1 
  1.5  74.4 837.1   2.2 
  1.4  66.8 491.3   2.2 
  3.8  28.5 344.7   2.2 
  4.6  67.6 815.8   2.2 
  4.5  64.5 857.6   2.3 
  2.6  18.6 280.2   2.0 
  4.8  49.7 873.9   2.1 
  3.1  48.1 423.1   1.8 
  1.7  45.8 200.6   2.2 
  4.4  45.4 737.6   1.9 
  3.8  46.4 700.8   1.7 
  4.7  64.6 188.5   1.7 
  1.1  70.7 742.0   2.0 
  1.0  50.3 897.5   2.2 
  1.3  21.9 749.0   1.6 
  4.1  34.1 881.0   2.4 
  1.6  20.1 534.1   1.5 
  1.1  73.2 794.9   1.7 
  2.2  35.6 320.1   2.4 
  3.6  64.1 754.7   2.1 
  2.8  15.2 274.9   2.5 
  1.5  74.1 741.7   1.8 
  2.2  33.7 829.4   1.8 
  3.6  49.0 241.8   2.1 
  5.0  44.6 637.7   1.6 
  4.1  33.6 475.5   2.4 
  2.0  30.4 616.6   1.6 
  1.3  72.5 509.8   2.1 
  2.0  51.1 312.2   1.5 
  1.3  17.5 258.8   2.3 
  3.4  15.7 943.9   1.9 
  5.0  74.8 442.5   2.2 
  4.9  56.7 327.7   1.8 
  2.9  45.5 906.7   1.6 
  2.5  60.5 861.5   2.2 
  3.3  24.0 907.2   2.1 
  3.2  16.6 546.6   2.5 
  2.2  61.6  65.8   2.4 
  4.7  49.7 660.4   1.8 
  1.1  70.7 695.8   2.2 
  1.9  54.6 322.3   2.1 
  4.6  59.5 562.0   2.5 
  4.6  38.3 833.7   1.7 
  1.4  27.4 822.9   1.8 
  1.5  59.9 551.5   1.6 
  4.3  67.1 281.4   2.1 
  1.4  49.9 186.9   2.0 
  4.2  35.3 948.0   1.7 
  1.7  51.5 653.5   2.4 
  2.8  44.3 172.6   2.3 
  3.4  69.0 152.3   1.9 
  2.3  35.7 238.6   1.9 
  1.1  45.1  78.6   2.4 
  4.2  69.5 365.6   2.1 
  3.8  42.1 911.0   1.6 
  3.8  21.9 915.4   1.6 
  3.2  37.0 434.2   2.4 
  4.7  42.9 821.4   1.6 
  4.7  48.7 417.1   1.8 
  1.0  34.7 786.0   2.2 
  2.9  45.8 313.4   1.7 
  1.1  22.1 171.7   1.5 
  3.8  62.1 935.0   2.3 
  1.3  38.3 144.4   2.4 
  4.4  60.4  58.3   1.6 
  2.0  36.5 455.2   2.0 
  3.7  44.6 622.4   2.2 
  3.6  35.1 907.4   1.8 
  3.9  39.8 515.2   2.0 
  4.3  16.8 319.3   2.2 
  4.3  73.9 843.9   2.3 
  4.6  20.7 918.2   1.8 
  1.3  68.8 244.2   1.7 
  4.8  68.1 315.6   1.8 
  4.4  50.1 886.2   2.4 
  1.4  30.7  95.7   2.3 
  3.5  47.8 125.3   2.5 
  4.7  30.9 643.5   1.8 
  3.0  58.1 765.0   1.9 
  2.7  15.7  83.5   2.4 
  3.4  44.2 475.4   1.6 
  2.4  35.0 380.5   2.1 
  3.5  35.4 769.8   1.6 
  2.0  28.2 937.8   2.5 
  1.1  52.9 826.2   2.2 
  4.5  40.8 462.9   2.4 
  1.6  63.9  51.2   1.6 
  1.5  21.0 307.3   2.1 
  3.7  74.1 568.2   2.3 
  3.8  34.0 727.6   1.8 
  1.6  39.5 794.8   2.2 
  3.5  62.3 775.2   2.3 
  2.0  17.0 780.4   1.8 
  3.8  51.7 695.6   1.7 
  5.0  35.6 516.3   2.1 
  3.0  43.7 391.8   1.6 
  4.9  63.1 647.5   1.6 
  1.9  19.2 639.8   2.1 
  3.0  25.2 945.6   1.5 
  1.7  26.3 674.0   2.4 
  4.5  63.0 414.0   1.8 
  1.0  74.7 710.1   2.4 
  3.5  59.7 672.4   1.8 
  4.6  31.8 694.7   1.7 
  1.4  54.0 503.1   1.7 
  4.9  19.4  56.9   1.7 
  3.7  19.3 752.2   2.0 
  1.9  47.7  50.9   1.7 
  4.1  58.9 645.0   2.3 
  2.1  18.6 286.7   2.1 
  1.3  65.4 535.6   2.4 
  1.2  24.7 515.3   1.9 
  5.0  29.7 727.3   2.3 
  2.1  34.1 856.3   1.8 
  2.5  71.7 299.4   2.4 
  1.3  55.1 709.0   1.5 
  4.4  69.2 692.6   1.7 
  4.1  24.3 455.3   2.3 
  4.9  28.3 589.9   2.1 
  3.1  43.4 395.5   1.9 
  2.3  72.8 946.6   2.3 
  4.4  36.4 222.4   1.8 
  3.6  51.1 152.6   1.5 
  4.3  31.6 194.7   1.9 
  4.9  42.7 947.7   2.0 
  3.7  68.3 212.8   1.6 
  2.2  21.9 661.5   2.3 
  4.5  57.3 642.7   2.1 
  3.1  62.3  59.8   2.2 
  4.1  36.2 394.6   2.0 
  2.8  53.3 642.1   1.7 
  4.6  26.3 817.6   1.9 
  2.5  69.5 408.1   2.3 
  3.8  16.1 376.7   2.0 
  3.4  66.5 105.2   1.8 
  1.6  22.8 528.5   2.2 
  1.2  73.5  94.6   2.0 
  3.3  36.5 628.7   2.5 
  1.9  35.4 140.6   1.8 
  2.6  26.6 437.3   2.1 
  4.3  64.9 106.0   1.8 
  3.3  70.1 501.6   1.7 
  2.3  63.3 871.5   2.2 
  3.0  54.9 949.3   2.3 
  4.0  68.3 355.1   1.9 
  1.5  61.6 600.9   1.8 
  3.6  65.6 273.6   2.2 
  3.5  64.7 287.9   2.3 
  2.1  55.5 520.8   2.3 
  1.5  36.2 636.3   2.5 
  3.5  25.7 537.7   2.3 
  2.4  20.9 787.2   1.9 
  4.1  20.7  87.4   2.5 
  1.4  71.0 447.3   2.0 
  4.0  60.8 776.7   2.2 
  2.9  33.5 683.5   2.3 
  2.4  45.9 680.6   2.0 
  3.0  59.0 734.7   2.3 
  4.2  23.5 896.7   2.4 
  4.3  43.1 730.2   1.6 
  3.6  20.7 728.7   1.5 
  1.1  62.0 146.2   2.2 
  3.3  33.9 354.4   1.7 
  1.8  34.5 792.0   1.7 
  2.3  61.8 893.5   2.4 
  4.7  28.9 298.2   2.4 
  2.2  68.1 875.7   2.2 
  4.7  31.2  51.5   2.2 
  4.6  53.1 133.1   2.5 
  3.9  22.3 408.6   1.6 
  4.3  67.6  89.3   2.4 
  2.7  18.5 167.0   2.4 
  4.2  43.2 193.4   2.3 
  3.8  58.5 261.6   1.5 
  4.4  51.3 428.8   2.4 
  4.5  72.8 383.3   1.8 
  1.7  26.1  54.4   2.0 
  3.8  41.7 397.8   1.7 
  3.0  45.8 219.8   1.9 
  3.5  40.6 436.0   2.4 
  2.3  64.7 249.9   2.3 
  2.9  74.9 254.1   2.4 
  2.2  24.6 194.6   2.3 
  3.3  47.3 227.0   2.4 
  1.1  65.0 202.4   2.1 
  4.0  26.3 831.1   1.5 
  1.3  50.7 830.7   2.3 
  1.5  27.4 231.6   1.6 
  2.5  69.5 263.4   1.8 
  4.1  66.7 201.7   2.1 
  2.2  51.3 919.1   2.2 
  1.3  44.7 545.2   1.7 
  3.4  26.4 474.7   1.6 
  2.3  28.4 236.9   1.7 
  2.7  56.3 759.8   2.0 
  3.0  54.7 781.8   2.2 
  4.7  52.2 747.5   2.4 
  2.0  21.7 823.6   1.7 
  3.6  16.2 396.2   2.1 
  3.5  24.4 323.4   2.5 
  2.0  50.3 241.7   2.2 
  2.4  55.3 737.7   1.7 
  2.9  68.0 382.0   1.7 
  2.8  16.5 103.7   2.4 
  2.2  42.3 910.4   1.9 
  2.9  33.8 721.7   2.2 
  2.8  65.0 530.3   2.0 
  3.9  23.6 582.5   1.8 
  4.8  65.4 398.5   2.1 
  4.1  45.8  53.5   2.4 
  3.8  55.3 723.5   1.7 
  3.9  30.0 479.2   2.1 
  4.1  57.0 623.0   2.4 
  3.1  60.9 301.7   2.0 
  3.4  19.7 594.2   1.8 
  3.4  73.3  75.6   2.3 
  2.4  49.6 545.0   1.7 
  4.2  22.3 921.1   2.0 
  2.6  53.8 398.6   2.4 
  4.9  32.3 396.6   1.8 
  2.7  34.5 326.5   2.0 
  2.0  27.8 514.8   2.4 
  3.8  54.3 421.7   2.3 
  4.5  43.8 581.4   2.3 
  4.6  32.8 941.5   2.1 
  4.3  16.3 523.8   2.5 
  1.3  29.7 169.8   2.2 
  5.0  51.3 466.8   2.2 
  1.7  25.8 777.9   1.6 
  1.0  62.5 623.6   1.6 
  2.6  24.8 460.5   2.3 
  3.7  30.2 264.0   2.3 
  1.6  68.5 310.5   2.1 
  1.1  34.0 353.1   2.5 
  3.1  26.8 393.4   1.8 
  3.9  45.9 153.8   2.2 
  4.9  23.6 895.7   1.5 
  1.2  56.9 117.5   2.2 
  3.7  67.1 660.9   2.3 
  4.2  25.5 840.7   2.3 
  4.3  34.0 190.2   2.4 
  3.4  56.8 920.4   2.3 
  1.3  35.5 425.7   1.5 
  4.1  42.6 176.4   1.7 
  2.6  29.5 693.1   2.1 
  1.9  58.4 202.4   1.6 
  1.1  49.5 839.0   2.0 
  0.2   0.4   0.3   0.4   0.3   0.3   0.2   0.3   0.4   0.4   0.2   0.3   0.3   0.4   0.2   0.3   0.4   0.2   0.4   0.3   0.3   0.2   0.3   0.3   0.3   0.2   0.3   0.3   0.3   0.3   0.3   0.4   0.3   0.3   0.2   0.4   0.3   0.4   0.2   0.3   0.2   0.4   0.3   0.2   0.2   0.3   0.3   0.3   0.4   0.4   0.2   0.4   0.3   0.4   0.2   0.3   0.2   0.2   0.3   0.3   0.3   0.4   0.3   0.3   0.2   0.2   0.3   0.2   0.3   0.4   0.4   0.3   0.3   0.4   0.3   0.4   0.3   0.3   0.3   0.4   0.4   0.2   0.3   0.4   0.3   0.3   0.4   0.3   0.3   0.2   0.2   0.2   0.3   0.3   0.2   0.2   0.4   0.4   0.2   0.3   0.3   0.4   0.3   0.3   0.3   0.3   0.2   0.2   0.3   0.2   0.3   0.4   0.2   0.3   0.3   0.2   0.2   0.3   0.3   0.3   0.2   0.4   0.3   0.2   0.2   0.2   0.3   0.4   0.3   0.4   0.4   0.3   0.2   0.3   0.2   0.3   0.4   0.3   0.3   0.4   0.3   0.2   0.4   0.4   0.2   0.3   0.2   0.4   0.2   0.3   0.3   0.3   0.3   0.3   0.2   0.3   0.3   0.4   0.4   0.4   0.3   0.3   0.2   0.3   0.2   0.2   0.2   0.4   0.2   0.4   0.3   0.3   0.3   0.3   0.4   0.3   0.3   0.3   0.3   0.3   0.4   0.3   0.3   0.3   0.3   0.2   0.3   0.2   0.4   0.4   0.3   0.3   0.3   0.3   0.3   0.3   0.3   0.4   0.3   0.2   0.4   0.3   0.4   0.2   0.3   0.4   0.2   0.2   0.4   0.3   0.3   0.4   0.2   0.2   0.3   0.4   0.3   0.2   0.4   0.2   0.3   0.2   0.4   0.3   0.3   0.2   0.4   0.3   0.2   0.2   0.3   0.3   0.3   0.3   0.2   0.2   0.3   0.2   0.4   0.4   0.4   0.3   0.4   0.4   0.3   0.4   0.2   0.2   0.4   0.3   0.3   0.3   0.2   0.2   0.3   0.2   0.4   0.4   0.2   0.4   0.3   0.3   0.3   0.2   0.3   0.4   0.3   0.3   0.3   0.4   0.4   0.4   0.4   0.2   0.3   0.2   0.3   0.3   0.3   0.3   0.4   0.3   0.2   0.3   0.4   0.4   0.4   0.3   0.2   0.3   0.3   0.2   0.3   0.2   0.4   0.2   0.3   0.2   0.3   0.3 
   69   110   145    11    36    17   174    28    50     5     6    25   125    80   142    39   113     7     8   173   171    43   142    10   177   162   141     0    63   109    11    99     8   134    94   165    19    15    34     4   146   110    57     6    42     4    84   164    90   124   161   125    16   121    89   116   108    20   175    30    41   172    52     8    20   168   158   104    29    31    91     1    58    76    56   149   146   155    48   149   139    16   122    92    44   118    21    51   156    68 
   75    43    10    80   176    98    11    95    66   124   168    73    13    97   123   145    48   156   170    28    98    91    17    24    28   152   179    76    11   179     7   129    72    90   133    79    22    50    68    37   117    34   138   131     8    21   153    44   103   152   173   117    14    97     6   111    80   171    11   164   178   175   126   170   160    79    26    29   108    75   114   112   159    36    45   134    78   160    31    24    68    10    18    50    11     2    86   115    52    76 
  158   105    15    88    21    33     4   146    27    13   162   154    11   108    36   166   142   177   104    17    64    20   178    64    54   174   130   132   124     6     9    50   133    30    18    61   123   166    14    53   175    29   131    84    26     1   136     7    94   120    25    51    69    72    31     6   163   136   158   112    69     2   137   166     2   171    32     8   128     8   101    25    64    28    39    23    95   124    56    42   157    18   179   135    65    30    50    61    62     9 
   69   128    78    52   140   113    85   112    22   157    88    71   123   170    45   104    95   166    25    77    45   129    49     3    35   144    64   125   179   122   161    74   106    61   146     0    52    86    14    95   152    71   148    33   131   116     3    38   134    69   167    41    52   154    73   127   168    42    91   120   120    81    21   165    68    37    88    96    32   104   106    70    63    42    41    44    61    67   152    68   127   104    41    61    45    95    54    65   111   125 
  122   109    38    31     4   158   110    85   134    55   146    45   133   115    80   164    28    19    15   122    11    90    54   121   175   163   137    29    46    75   121   142    79    94    13     3    25    19    31    80    15    59   172    83   134    86    34     0   102    19    57   107    71    95    64   151   170    21   150   137   154   134    66   179   171     4   110    67    29    72    92    27    94    10   171   170    17     9    13   148    99     6   125    88    22     2    91    50     1    45 
  135   122   148    60     9    26   107   168    30    65   167    14     1    40   104   126    32   155   138   164   161    26   122   177   150    79    89   172    65   152   127    35    31   128    53    37    81   107   107   177    16   163   143    51    47   119    64    20   101    25   102    27   152     1   159    16   104   122   161   101   124   175   101   132    75    34    11    34   106   102    93   159    27    27   101    91   106   166   173    59    84   140    29   166    10   160    46    66   115    99 
    3   175    45    53    34   142   153    57   100   104    37   121    55    99    66   107    89    86    94    35    19    41     7     3   100   175   113    15   169   149   173    44    90     4   174    18    18    58   107    25    46    58    86   128   177    51     8   135    85   109   175    48   128    99   129    52   115   105    61    83    59   173    40   169    96    14   120    54    41    28    18    66    47   130   135   139   109    11    68    34   108   100   152   105    12   122    76    66   162   178 
  130   120   133    17    49    62    16    90   161    29    89   145   150   140    86   125    25    81    19    82    54   154   121    98   117    11   102    79    66   132   157    99   156    53   154    37    18   179   134   175    50   166    96    56     0   121    90    26    67   171    84    94   132   125   153   107    91   160    49   114    91    86     6    28    97   167   163    46   160   143    49   120    37    79   159   171    21   129     3   166   170    40    83    62    96    85   158   120    53   115 
   66    56    68    98    72    26   123   126   137   100   153   161   125    31   178     1   146    20    67   127   120    30    64    32   130    76    47   109   178   132   130    52   110   105    33    24    34    77   174    83   150    33    12   168   128   115   164   108    85    19   146   113   150    59   131    37   164   114   122   141    15   148   106   176   118    18   157   102   146   178   162    99    41   141   111   144   177    67     1   106    51    50    96    17   145    23   105    68    87   168 
   31    30   174   131    46    93   117    81    86    94   107   166    90   100    38    42    48    30   111   179   116    83   165   128    86    94     9    95    48   102     8   141    72    50    50   116    54   127   106   146   131   109    49    95    33    40   156   154   122   131    94   162    63   147    76    62    11    58    28    95   103    73   117   132   122    55    48   145   172    26     5    66     2    77    55   137   107   128   159   158   100   112    64   106   122    40   155   171    59   133 
  168    88   118    48    49    38    49    12   128   155   147   148   144    41   102    68    70   110    44   150    70    61   163   142   144    45    16    33    91   111    92   113    91   100   119   170   168   168    42   114    24   179   109   155   119   142    86    79    58    78   153    97   177   128    42    57    90    67     4   130   173    50    19    83   171   167    55    55   153    34   116    67   114    26   147    17   126    28    46   122   146    23   133    21    98    73   174   144   126    82 
   82   156    25   166    94    57    20   138   150    52    50   140    13   104    88    94    40    46   142   169    92   169    17    17   103   163   150   178   172    21    42    38   123    85    13    72   144   153   107    19    86    17   124   176   127   170     4   154   132   133    37    23     2    95   139   138     6    53   136    19    62    39    33     4    82    80   143    58    52     3     0   164   152    37    64   178    76   108    76   127   126    51   107    55   134   175   144   130    23   163 
   76    43    66    65    91   167    25   126     7    33    20    74   178    27   121    67   173   126   110    47    79   130    35   173   171   162    20   114   105    60    70    26    88   136    29    12   125    86    34    42   179    90   135   176    18    82    47   102     9    74   121    50   155    59    48    78   162   146    55   104    54    79    79   173    38    69   106    50    33   164     3    49    75    33    32   176    90   139    35    16    17    28    89    64    32    60    84   100   122    49    71   163   115   119    92    21     1    55    25   146    83   105    14   167   154    26    76   106    64     6   176   152   112   155    36    34     2   164     7   114   111   167    99   165   105    55    84    62   174   106    22   167    52   147   104   125   178   155    43    58   173    34   146    94   104    88   113   178    42    19    30    60   168   107    99   116   160    62   149   101    14   168    88    64    69   158    88   166   176    77    49   162   134   162     0   161    60   163   124   143   123   103    58   110    28   157    27   120    19   143    71   153   122   108     1    71   162   115   130    62    40   176    53   108    57    32    43   179    23   136 
    7    11   125   130   114    15   117   167   135    80   121   141   160   134    90    45   109   110   135   119   175    60   172    29    78    93   151   145   122    56    92    13    68   179    16    65   150    28   157   131   102   154    17    64   161    95    41    69   105   145   133   113   120   116   114    62   164   116   170   110    55   164   135   168     0   169    15    28   114   119   168    69    35   178    92    36    76   135     7   113    11    41    44   153    50    86   144    86    82    97    18    66    28    87     5    97   131   139   124   100   150    87    97   113   110    74    50    83   164   148   141    45    75     6    66   178    64   134   114   155    81    50    47   161    74    85   123   158     6   134   149    17    51    46    52    76    87    98   167   160    67    32   120   125    46     5     2    82     1   168   163    30   137    29    85    59    77    11    70    78   169   127   174    82   141     0   116   157   114   126    73    93    67   131    13   158    20   114   175   152   170   107   114    57   125     6    59    83    26    36    23   163     4   157    54    88     8    25    78    36   179    59   112   147   178   137   145   164   109    85 
  137    33    13    84     2    65   140    98    17    62    45    17     1   174   101   109    35    31   104   140    16    11    36    75   161    72   133    59   179     0    74    59    47    14   162    88     5    37   103    59    79    90    78     8    12   135    32   170    62    26   149   166    84    61    56   172    50   120    84   117   159     6    14    25   113   101    64    35    43    56     9   129   112   129    33   135   104    91    97    39   128    86   163   139   131    66   179    20    92   141   171    61    57    77     1   168    39   149   102    15   126    76    93    10    93    38   127    92    81    83    94    11   179   100   148    67    37   161    53   155    92   141   151    82    62   139   131    72    82    64   171   169    32   122    43   134   164    87   106    36    43   101   153   150    33    37   128   155     3   173   154    89   164   152    20   123   155   124    54   175   166   125    54   108    54    21    20    78     1     9   121    89   169    22   147    11    31   111    56   161    11   125    38    31    89    59    47   156    61    42   144    29   127    21     3   163    40    67    14    33   101   119   108    61   150    23   152   103   108   136 
   36   125    79   114   148    42    27     2    79   151   148    93   148   157   119    63   153    35   167    54    18    80    82    27   141   111   150    60    43   166   179    20    58    71    19    38    94    95   116    53   168   137   151   127    30    21   140    34    77   150   132    84    22   165   153   159    22   120    63    28    22    49   153    46    65     6    37   151    49     1    69   127    88   107   143   158   162   179   172    97    35    54   129    45   137    77    99   173    17   177   142   123    87   125   112   156   143    98    93   128     9    56    23   105    89   146    26    19    86    40    22    66   151    55   137   157    30   178   166    36    80   123    61   167    18    73    33    18   157   153   131   118    81   146    81    78    72    49    66   112   133   159    84   155   136    95   113   149    87    99   145    30    67   170     7    89   155    35    16   116   148    69    92     9    31   146    16   175    68    29   161    44     9    17    48    47    33   163    50    28    59    13   118   117     4   121    12    79    10    85    76    45   179   142    87    62   130    48   169    70   175   113    58   136    67   124   109   135    57   132 
   95    34     2   153   175   120   144   113    28   103    85    82    67   117    53     9    91    25    78   170   178    12     0   141    86    75    92    75   164    25   131   174   172    64    48    12   117    32    88    49    64    50    97    74    32    41    25   111   104   159    56    65    42    94    85    89   110   117    56    97    35   141    45   122   154    82   135   125   119   142    48    53    63   158   117   132    44   165   119    49   136    47    18    65   158    38   134   140   153   112   156   125    28    81   156    60    91    66    14   150    40   113    29    48    87   167   139    10    95   178    45    97   103    54   125    33   143   142     7    15    42    84    30   133    48    63    18   160    83    10    13    86   123    16   152    44   126    41   154    65    40   104   137   147    86   141   170    98    87    54   166    56   164    79   129   142    75   158    25    73    29    90   136   128    31    19    88   118    28   170   167   107   119    65    32    44    92    37   104    71    47   140   149    46   125    92    61   168     2   170    77    95   117   165   136    95    40    84    97   123    52    64   167    53   131    88   116   113    32   140 
  145     8     7   141   121    55   165   174    14   131    40   119     7    53   149    30   153     7    43    30   164   124    41    79    32   173    51    59   152    25   106    37    39    80   179    90   126    64   100     5    69     1    71    51    14    94    24   124   104    14    56    66    37     1   155     2     5    91    22   176   110   125   118     9   176   155   102   101   163   107    25   117    97    39    10   117    70     6   128   122    49    81   104   116    19   136    42   135   173   117   169   137    44   117   126   157    70   102    49   122   163    63    72    37    26    86   132   124   121    92    17    84   156   137    46    32   112     4    63   155   149    92    97    11   142    28    13   157   157    88   160   120    30   146   139    83    70   140   176    40    35   133   168    87   152   159    19   144    24   124    93    78   134    46   108   119    21    14    41    80    17    82    36    45    28    26     0    15    23    59    59   123   157    17    24    13    85    80   176   102    67    63   149    66    27   113    49    76   159   158   125    34    50    95   135   150   155    38    91    69    94   112   166   128     8    11   105   137    60   111 
   71   141    70    22   175    40    83   107    63   136   117    65    60   139    84     1    77    79   156    60    77    72   156    16    66   110    80    35    40     9    34   121   164    97    87    58    62    23   150   177    88    51    65    36    64   128   129    19    16    76    44     1   100   144   163    52   144     7    24   147    24    16   109    57    68    17   176    95   157   178   116   138   101    88   157     6    68    58   129    56   179   174    65    93   108    82    22   108   111    95   110    95   114    16   145    19    25    62   135   152    74   171    36   146   174    87    34   132    67   122    47   164    12    29   156    49    70    36    54    55    81    29   128    55   179   125   173    53    23   161   103    37    45    37    74    43    75   167    89    74    70    69    75   129   138     6    36    21     8   170    11    37    82    94   138    59    53   143    48   169    33    66   103    67     1     8    45   130   127    27   117   138    76    52    61    71    46    33    97   177    99    85    57    59    60   128    22   179    12   134    35    25   168    77    61    59    12   110    78    60   127    14    36    66    94    37    35   100    35    71 
   52    17    58    88    98   143    95   159   108    17     4   112   179   114     5   160    78    92   139    35   169     0    96    73    99    99    48    55    76    67   131   149    50   110   102   101    37    39   172    16    96    57    89    44    12   160   151   162    56   113   131    79   161    74    24    75    41   134   112    69   162    77   148    69    79    46    87   139    95   163   128   146    43     4    50    93    50   120    60    26   107    38   173    16    79     8    28    85    85    24   179    36    80   129   165    45   125   129    78   145   161   121   145    51    85    90   171   162    16   115    13   178    12    30   147    44    58   135    62    63   100   171     4    30    40   145    52   171   174   160   177   127     7   106    29   109    39    58   168    76   153    60    87    46    30    84    10    49     3   128    68    25   115     6    94    42    60    49    41   179   125   161   146   179    75    62    89   171    41    80   156    65    53    17   161   106   112    83   132   112   152    56    54    99   142   144   164   125   137   172     4    39   144    69    55    71   168    15    47    98    68   105    36    96    59   176   140    18    30    49 
  129    73    31    59    80   152    16   139    50    90    54    27   168    33   132    49   133    14    13   124    74    75   152   104   167   158    93   111    45   174    54    58   136    15   141   100   115   127    77    15   146   147    78    60   153   157    45    88   143    17    11    85    33     4    12    64    14   107   114    48   123   108    83    49   107    73   128    25    72    70     7    34   102   165   175   128    23   124   132    41    98     3   165   131    22    13    82   107    89    22    19    54    78    76   113    65    24   138   118    44   150    29   101   141    56    35     3    56    45   175   104    97   115   137   176   113   113    29    55    10   174    40     5   124   164    31    83   133   114    52     6   136   151    19    83    70    12    51    51   112    74   136   179    81    10   153   136   117   117   150    28   155    51     0    76   149   149    88   158    19    93   105   140    26    38   167   101    46    16     1    30   109   178   105   135    40   169    17    48    83   107    62   132    57    33    99   129   130    59   109   148    33    58    10    29    73   165   162   132    76    72    10   152   164   124   109    61    36   151    68 
   20    63   109   109    85   109   174   144    23    86   162   149    40     0    20   122    99    16    23    31    27   155   156   132   153   176   176    96    28    64   110   152   111    28   115    88   142   105    20    37    73   150    28    74    14    33    65   165    62     2   150     9   168   108    47    79   172    82   156   143   134   170   160    51   133    54   163    58    83    58   136   140    17    61     2   168     0    27    15   168    91    90    95    19   146   156     5    60   155     5   160   158    68   104   173     4   121    23   140     8    84   162    68   149    97    62    80    79    82   149    10   175   149   174   100    97    31    48   123   157   156   147   108    36    69    49    92    77   111    60   138    18   171    89   154   110    54   176    18    48   142    41   149   138    55    56   170   164   116   117   154   124   170   103    94   131    62   104    62    39   141   123   133    34     2    84    60    70    96   176    83    73    95    24   120   171    42   131    65    82   128   169    35   161   160    88    61    73    16    27   144    36     0    19    66    83   126   167    77    65    37    55    55   115    73    12   129   107   158    30 
   65   126    15    40   120    98   118    70    90    41   176   153   108   140   110   179   160    40    99     8     1    69   165   135    56   142    34   165   113   161   117    11    75    59    89    88   112    95   113   125    31    16    84    48   115     7    62   101    37   178    56    13    49   100    35   174    72   162   132    37   107   178     0    12   104   171    86   153   166    84    56   173   119   158     7    30    55    72    50   154   125    76     7    67    59    55    14    54    79    19   125    59    11    34   144    32    22    73    74   114    98   138   131     7   136   128    75    38    99   105   176    83    44    52   126   124    96    94    44    15   130    33    81   143    58    53   177    80    20   179    90   144   137   164    92    74    39   146    66    85    47    13    51   159   123    91    18    86   119    48   125   164    20   114    91   124     8    17   178   152    71   163    11   144   120   127   166   170    53    86   136   146    97    86   134   174    82   144    49   106     1   130   142    32    64    51   178    34   143   102   157   139    45    24    63    24   140   119    43   164    30    59    59     3    64    33   121   126    52   119 
  146    52    51     3   168    18    62    92   137    87    31    19    30    78    89    96    19   122   154    41    71    81    65   103    96    65   141    75    67   151   142    88   118    36   176   100     4   119   156    60    55   164   101    76     2    73    17   137   152   100   121   170    33    93   145    12    88    62    81    29    52   145   171    10   105   167    86   161   118   125    70    30    96   174    71   137   175    79   137    90   125   141   157    76   122    80     1    53   130     7     5   112    71   151   170    43    82    40     1   159    15   144   172    23   111    60    72   147   126   131    39    47    34    92   175   104   176   171   147   119    44    73    48   174   119   102   177    73   163    50   133    82   153    42   117   157    82   166    10   123   136   157    48    47    14    70   131    17    68   156     2    34     7   117    66    22   107    58    94    57   100    11   179   143   100   101   130   105    43    33   124    57   114    97   177     1   127   172   173   155    28     5   160   113   160    92   162   129   171   153    47    63    12    46   139     2   158    57    40    93   179   129    94     8   107    91    18   176   159   154 

  0.37
  0.36
  0.36
  0.36
  0.35
  0.31
  0.39
  0.22
  0.31
  0.38
  0.36
  0.24
  0.23
  0.22
  0.34