70 12
20
19431
20199
18852
19236
18706
18715
21035
21375
21120
21106
21178
20394
18934
20294
20526
18808
20177
19400
18620
19202
4 59 645.8 2.4
2.4 73 176.7 1.7
2.7 40.3 676.6 2.3
1 58.7 559.7 2.3
4 46.6 879.7 1.5
2.3 53.8 920.5 2
1.5 42.1 365.8 2.4
3.4 72.9 508.7 2.5
3.1 51 347.3 2
4.9 64.5 515.9 1.9
4.8 34 844.9 1.8
2 18.3 701.8 2.3
3.8 34.7 601 2
4.2 52.7 118.1 2
3 39.9 329.6 2.1
4.4 50.8 90.1 2.4
2.3 27.6 654.4 1.8
3.8 22.6 693.6 2.4
2.7 29.1 275.1 1.6
2.7 24.3 489.3 1.6
4.3 38.3 920 1.6
2.2 27.4 863.4 2.4
2.4 71.5 932.9 2.1
2 63.7 913.5 2.2
4.8 67.2 843.1 1.5
4.7 32 219.9 2.5
2.4 49.4 688.4 1.7
1.1 19 353.7 1.5
2 18.8 835.8 1.5
4.6 64 94.5 1.7
2 60.1 109 2.1
4.3 38.1 184.2 2
3 61.8 842.8 2.2
2.8 61.5 193.5 1.6
2.9 22.1 463.5 1.6
3.7 19.6 467.3 2
1.1 57.2 574.1 1.8
4.2 52 873.7 2.1
2.2 18.3 536.2 2.2
4.3 61.4 786.4 1.5
4 46.1 427.4 2.3
1.4 21.1 885.6 1.8
3.5 57.5 525.4 2
2.2 21 247.6 2
2.8 58 443.1 2
3.9 25.1 945.8 1.7
2.6 66 495 2.1
4.3 56.7 489.6 2.1
4.7 42.7 733.5 1.7
1 55.3 849.9 2
3 41.6 760.1 2
4.6 53.3 321.8 1.6
2.4 55.1 195.2 2.4
3.6 67.1 200.8 1.8
4.9 19 804.3 2.2
4.9 33 56.1 1.8
2.3 36.2 668.9 1.5
2.2 54.6 710.6 1.9
1.8 51.8 532.2 1.6
2.6 46.8 178.1 2
1.2 57.4 211.6 1.5
2.6 39.7 778.2 1.9
3.3 55 534.4 2.1
2.7 68.1 331.1 2.3
2.8 46 516.7 1.9
1.9 18.9 528.7 2.3
3.5 28.1 750.9 2
1.1 59.4 287 2.2
3.2 50.3 246.6 1.9
3.1 50 350.4 1.8
4.6 24.9 528.9 2.3
3.6 61.6 252.9 1.7
3.3 22 248.9 1.6
1.1 28.8 303 1.8
1.3 38 579.4 1.7
1.6 52.6 615.1 1.9
3 44.8 424.8 1.5
4.5 73.9 245.4 2.3
2.6 19.1 261.3 2.1
1.3 63.8 110.6 2
4 29.4 454.3 1.8
2.2 15.3 218.6 1.7
2.8 19.3 737.5 2.3
3.2 42.7 274.3 1.9
3.9 24.5 749 2.1
2.1 28.6 949.2 1.6
3.7 30.6 159.1 2.1
2.5 42.2 891.9 2.5
1 64.3 98.5 2.3
4.7 39.8 742.4 1.9
2.8 35.1 428.5 1.6
2.2 58.8 588.5 2
2.4 58.5 784.3 1.6
2.5 15.8 814.4 1.7
4.2 36.6 753.4 2.3
2.6 18.9 514.2 2
4.3 26.5 390.9 2.3
5 39.4 631.3 2.3
2.2 26.1 666.9 1.7
4.6 51.4 514.8 2.4
3.8 42.3 938.3 1.6
3.3 48.6 935.6 1.9
2.9 72.7 551.3 1.6
1.5 21 178.1 2.1
2.4 29.2 339.6 2.4
1.2 17.6 712.5 1.7
5 18.8 732.5 1.5
4.6 39.6 893.8 1.6
1.4 28.3 851.3 2.4
4.6 61.3 755.8 1.9
2.8 41.6 80.8 2.3
4.8 18.7 907.5 2.1
1.8 32.2 308.2 1.6
3.7 43.8 802.5 2.4
1.6 18.7 888.6 1.8
1.5 36.8 565.9 2.3
4.7 34.8 455.1 2.4
1.2 19.8 301.3 2.2
3.5 24.3 658.7 2.4
2.3 63.5 150.1 1.8
1.7 69.5 677.9 1.7
4.2 26.9 622.8 2
1.1 55 433.9 2.1
2.1 45.5 780.4 1.9
4.5 19.6 464.2 2.2
4.4 59.9 125.2 2.4
1.5 74.9 91.4 2.1
4.2 62.8 295.1 1.6
2.3 16.6 528.5 1.6
3.2 62.3 684.6 1.9
4.7 36.6 471.6 2
2.3 71 554.5 2
2.6 70.9 546.6 2.1
2.2 69.1 649 2.4
2.6 61.4 506.5 2.5
2.9 72.3 446.5 2
3.2 34.7 690.9 2.4
3.6 48.2 594.4 2.2
4.1 51.1 494.5 2.2
3 60.2 887 2.4
4.9 59.6 800.6 2.3
2.1 28.7 151 1.7
1.7 22.8 339.5 2
1.5 66 705.1 2.3
4.8 64.4 93.1 2.1
2.6 17.5 574.9 1.6
4.1 35 180.8 1.6
1.2 51.7 638.2 2.3
3.7 15.7 713.5 2.3
2.1 29.4 460.2 1.5
1 59.5 329.6 2.1
3.7 65.5 458.5 1.6
1.9 24.1 292.7 1.6
3 28.9 539.5 1.9
1.5 27.9 217.6 2
1.2 68.9 679.6 2.1
4 73.9 306.7 1.7
4.8 16.3 68.8 1.5
1.1 36 422.5 2.4
3.6 70.2 327.1 2.3
4.1 46.7 738.2 2.3
3.7 26.6 517 2.4
2.3 38.2 768.1 1.6
4.4 71 70.9 2.4
3.8 61.7 493.1 1.8
2.6 40 694 2
1.1 71.9 334 2.4
2 33.1 429.7 2.3
1.8 61.4 902.7 2.2
4.7 65.2 940.9 2.4
1.6 72 104.9 2
4.9 62.4 907.1 1.9
1.2 53.5 199.2 2.4
4.5 72.2 849.3 1.9
2.9 53.8 326 2.1
4.3 44.3 659.1 2
1 41.8 536.6 2
1.5 56.4 743.4 2.3
4.1 22.5 219.2 1.6
2.8 27.6 451.5 1.7
3.5 29.7 884.8 1.6
2.4 26.4 315.6 2.1
4.2 57.4 539.2 1.6
1.7 64.6 97.6 2.2
4.1 32.8 921.4 2
1.5 70.7 466.4 2
2.7 40.3 196 2.5
2.1 19.9 823.1 1.5
1.9 39.8 137.9 1.9
4.8 49.8 577.6 2.1
2.4 59.3 877.3 1.9
3.7 67.1 703.6 2.1
2.1 42.9 193.9 2.2
3 64.7 817.4 2.1
2.9 42.4 329.2 2.2
1.8 32.9 104.4 2.2
2.5 16.2 79.3 2.4
3.8 45.2 668.4 2.1
4.7 18.5 453.8 2
2.8 52 418.5 2.2
2.4 72 858.4 1.8
2.4 23.4 520 1.7
4.6 28.6 450.4 2.2
2.7 15.9 188.6 2.3
4.1 15.2 314.6 2.1
1.1 54.1 389.4 1.9
3.8 39.6 484.5 2.2
2.6 20.1 302.8 2.3
4.6 49.9 777.9 1.9
2.4 27.2 804.5 1.6
3.5 38.7 118.2 2
1 69.1 835.9 1.7
1.5 28 521.3 2.4
1.7 59.5 326.1 1.5
3.3 67.6 448.1 2.3
1.2 30.1 575.6 2.4
4.9 74 345.9 2.4
1.1 37.4 794.6 2.1
2.6 25.3 553.1 2.5
1.5 33.3 783.4 1.9
2.6 16.6 237 2
3.1 34.7 503.4 2.1
3.4 69.4 901.9 2
2.9 33.3 386.6 2
4.9 55.5 230.5 2.1
1.9 29.3 662.8 2.2
4.7 31.2 883.1 2
1.2 24.3 644.2 1.7
2.5 47.3 841.5 2.2
3.1 67 66.1 2.1
2.9 58.1 91.2 1.7
1.8 39.3 783.6 1.5
4.3 49.7 438.1 1.6
3 59.3 920.1 2.3
4.8 31.1 675.5 2.5
5 23.8 83.2 1.6
1.3 19.7 225.5 2.2
3.6 51.6 898.5 2.2
3.5 27.1 706.6 2.5
2.5 43.9 478.1 2.1
4.2 50.6 154.5 2.1
4.3 28.7 196.8 2.3
1.2 43.6 199.1 1.7
4.1 69.3 712.4 2.3
1.7 22.7 392.6 1.7
3.2 36.5 801 1.8
4 31.8 714 2.2
2.3 54.3 663.8 1.5
2 44.7 466.4 2.5
3.5 62.6 317.2 2
1.9 63.8 792.1 1.6
3.8 65.7 683.6 2.4
1.1 64 261.9 1.8
3.3 55.6 654.1 1.7
3.3 58.8 473.8 1.8
2.3 48 906 1.8
2.1 68.8 901.6 1.7
2.5 33.2 941.4 2.2
4.9 69.1 386.9 1.6
3 48.3 641.6 2.3
1.6 62 58.5 2.3
1.5 43.7 360.8 2.4
2.8 49 622.1 2
3.9 62.9 456.5 2.2
2.7 35 845.7 2.1
3.1 34.8 551.3 1.9
1.2 34.7 157.3 1.9
2.8 20.5 66.2 2.1
2.5 58.9 872.9 1.6
2.3 64.3 300.9 1.6
4.2 40.7 215.9 1.6
1.1 44.1 358.2 2.2
4.6 24.6 743.8 1.6
2.9 56.8 324.1 2.1
4.5 59.6 663.2 2.4
1.8 73.2 665.8 2.5
2.5 24 759.5 2.5
1.9 25.6 216.2 2.5
1.9 61.1 939.6 1.7
2.5 45.1 544.1 2.1
1.3 59 327.7 2.2
4.5 49 464.7 1.8
4.9 58.9 921.3 2.4
2.2 23.8 142 1.8
3 55.8 510.2 2.3
5 16.8 768.5 2.1
1.1 21.3 178.4 2
2.8 42 778.7 1.7
2.5 32 892.2 1.8
3 18.1 790.3 1.9
2.6 15.4 582.4 1.7
3.8 46 825.5 1.5
2.1 50.4 445.4 2.3
3.2 19.6 533 2.5
4.9 20.8 493 1.8
3.3 41.7 606.6 1.6
2 45.5 722.6 2.4
2.3 62.5 762.4 1.8
2.5 69.6 310.5 1.9
3.3 21.2 142.7 1.5
2.4 19.4 877.6 1.5
2.9 41.1 679.6 2
3 63 791.2 1.7
1.2 21.3 625.7 2.4
3.2 74.3 384.9 2.3
1.9 30.4 866.1 1.6
2.5 32.9 362.4 2.1
1.2 52.4 266.1 2.2
1.4 18.2 518.9 2.3
3.3 55.6 639.2 1.8
1.5 72.7 289.2 1.5
1.7 68.7 623.7 1.9
3.5 38.7 398.3 2.1
3.9 33.4 813.7 1.6
1.8 32.7 280.8 1.8
3.8 22.1 131.3 2.4
2.5 39.1 604.6 2.1
1.4 36.2 448.9 1.6
3.4 29.1 70.1 1.7
3 46.4 772.3 2.4
4.7 30.8 194.6 1.8
4.5 39 821.8 2.5
1.9 52.7 733.1 2.2
2.6 70.9 230.4 2.1
4.3 30.2 214.8 1.6
4.4 44.8 866.9 2
1.5 57.7 843.5 2.2
4.9 39.9 764.3 2
2.6 15.4 804.3 1.7
3.6 17.7 547.1 2.1
3.7 26 841.7 1.6
3.1 39.8 879.3 1.7
1 45.4 614.4 2
3.5 74.6 683.8 2.2
1.1 26.7 461.9 2.4
4.5 71.7 66.8 1.5
4.8 19.7 603.8 2.4
3 49.8 942.8 2.5
4.9 70.3 711.1 1.9
1.2 46.7 182.2 2
4 22.2 415.5 2.2
3.5 66.1 573.7 2
4 20.8 96.3 1.9
4.1 32.5 164.8 2.1
1.8 57.8 551.9 2.1
2 59.1 603.7 1.7
3.4 20.6 832.3 2.2
4 47 564.1 1.9
1.7 71.5 97.6 2.1
2.7 37.2 879.4 2.2
4.5 57.1 813 2.5
1.7 15.1 68.5 1.8
4.6 61 748.9 1.6
1.1 29.2 716.4 1.6
4.7 55.8 719.4 2.2
1.4 41.6 241.6 2.1
1.7 68.5 660.9 2.2
4.4 43 777.9 2
3.7 72.1 937.9 1.7
2 64.3 304.3 1.7
2.8 55.6 736.3 2
3.9 65.3 296.6 2
2.9 24.3 509.8 1.9
2.9 18.5 361.3 2.4
3 66.6 353.8 1.7
4.2 45.3 61 1.9
2.8 50 328.6 1.5
2.8 28.3 807.8 1.9
1.9 71.4 207.2 1.8
2.9 43.2 634 2.1
4.3 17.4 231.3 2.1
4.2 65.5 779.3 2.2
4.8 34.5 652.9 1.6
2.8 69.6 293.9 2.3
2.3 37 771.7 2.2
3.6 73.8 274.3 2.2
2.4 74.1 525.5 1.8
2.2 33.1 235.2 2.5
1.6 50 198.8 1.7
2.8 26.9 530.9 1.7
3.9 43 59 2.5
2.9 45.4 675.6 1.9
4.7 68.3 615.9 1.7
4.1 53.9 445.8 2.4
3.1 70.4 624.7 2.2
2.7 65.8 263.3 2.3
1 67.9 803.1 2.2
2.3 45.8 253.7 1.8
2.6 19.5 835.9 1.7
1.2 18.1 530.4 2.4
3.1 44 687.6 2.2
3.4 44.6 187 2.1
4.8 50.7 561.1 2.2
1.3 21 326.9 1.7
1.8 28.2 778 2.2
1.3 36 248.7 2.3
2.5 15.7 484.5 1.8
1.6 22.9 445.3 1.5
4.1 38.1 938.9 2
3.7 61.6 515.4 2.3
1.8 54.8 128.1 2
4.1 41.9 152.1 1.9
1.7 29.9 883.2 1.8
2.5 39.3 263.2 2.1
1.2 61.4 914.6 1.6
2.1 23.2 833.5 2.2
2.7 33.9 617.7 2.1
2.8 61.5 200 2.5
3.3 15.8 839.9 2.5
1.6 51.5 899.4 2.2
2.5 22.1 575.3 1.5
1 74.6 57.7 2.3
1.8 55.8 58.4 2.2
1.3 35.5 464.5 1.5
1.6 61.9 220.1 1.5
3.9 48.7 669 1.9
4.3 24.2 462 2.2
1.8 44.6 264.5 2.1
2.9 62.2 316.2 2.1
2.2 31.2 227.9 1.6
4.9 23.1 899.3 2.4
3.4 56.9 656.2 2.1
1.4 74.2 122.5 1.7
1.9 55 308.2 2.4
2 37 490.7 2.1
3.5 69.6 871.9 2.1
3.4 40.7 713 2.2
3.4 33.7 640.3 1.5
2.9 67.8 164.4 2
2.1 50.2 916.8 1.7
3.4 15.7 362.2 2.2
2.4 67.8 644.6 2.5
1.6 60.8 889.2 1.9
4.3 62.7 202.8 2.3
2.4 46.3 265.7 2.5
4.5 27.9 135.5 1.9
4.8 19 139.2 2.3
3.9 67.3 561.6 1.8
2 73.7 532.6 2
2.1 35.3 785.9 2.2
3.1 31.9 165.5 2
3.1 24.1 265 2.2
1.3 41.7 901.6 1.8
1.3 63.7 930.8 1.6
4 69.7 865 1.9
4.1 28 232 2.5
4 42.1 89.6 2.1
1.6 24 543.3 2.1
2.5 71.5 106.5 2.1
3.3 45.5 762.8 1.7
4.5 57 926.7 2.2
1.1 46.3 888.2 2.4
3.9 53.9 585.9 1.8
3.8 50.6 464 1.5
5 38.1 723.7 2.1
4.1 43.5 105.1 2.3
2.3 20 121.6 1.7
3.2 74.4 572.9 1.9
2 36.7 400.5 2
4.4 16.4 283.3 1.9
3.7 58.2 713.4 1.7
3.8 63.8 408.8 2.2
1.5 73.9 652.8 2.4
2.4 41 581.6 1.6
4.2 35.4 342 2.3
3.5 38.3 705.1 2.4
2.2 60.7 484.9 2.4
2.8 24 634.7 1.7
3.8 34.5 537.4 2.2
1.5 61.3 322.9 1.7
2.8 35.8 332 1.5
3.7 37.3 259.4 2.1
4.1 32.8 932.6 2
4.9 44.9 410 2
3.5 48.2 828.3 1.6
1 49.3 315 1.6
1.1 45.5 504.9 2
2.6 57.7 104.4 2.4
3.4 59.5 360.2 1.6
4.4 56.4 661.9 1.6
2.1 66.3 405.4 1.8
2.9 55.7 386.2 1.6
2.6 27.7 235.3 2.3
2.9 54.1 846.6 2.4
4.6 65.8 386.4 1.8
3.4 70.2 185.4 2.1
3 62.7 372.3 1.6
2.8 37.4 743.1 1.6
2.8 71.3 708.6 1.6
4.8 57.4 180.8 2.1
4.4 21.9 409.2 2
2.2 26.9 567.1 2.1
1.7 24.1 458.9 2.4
1.2 64.2 490.8 1.7
3.1 19 188.9 2
1.7 44.9 936.3 1.5
3.1 20.5 395.9 1.8
3.7 15.3 882.4 2.1
2 53 251.3 1.9
1.9 61 167 1.6
2.5 23 212.4 1.8
2.8 69.8 178.8 2.4
4.9 24.2 461.2 1.7
1.3 24.4 898.6 2.4
3.9 41 387 2
4.9 24.1 191.6 2
3.2 44.6 405.5 2.3
1.1 51.7 345.9 1.9
4.4 49.7 736.8 1.8
4.9 70.3 731.6 2.1
3.5 65.3 767.8 2.4
4.6 61.4 782.3 1.8
4.2 41.7 529.5 1.8
1.2 74.8 764.3 1.7
4.9 21.4 837.3 2.1
1.1 63.2 736.1 1.6
3.6 20.9 561.5 2.1
2.7 67.2 814.9 1.8
1.3 67.6 339.4 2
4.4 16 773.3 2.2
4.2 46.5 855.9 1.7
3 42.8 929 1.6
3.7 17.8 76.5 1.9
4 62.1 385.3 2.1
2.8 40 573.3 2.1
4.4 31.2 534.8 2.2
1.9 43.1 437.2 2.1
5 48.5 318.9 1.8
4.4 66.6 318.8 1.8
2.5 47.9 473.6 1.9
1 22.7 911.4 2.4
4.5 52.4 254.7 1.6
4.6 69.2 528.9 1.9
3.5 23.7 731.6 1.8
3.4 65 282.3 2.2
3.7 51.2 515.7 2.3
3 22.1 662.8 1.8
3.6 59.5 190.6 2.1
4.6 36.2 455.5 2.3
2.8 52.2 674.4 2.5
3.8 72.3 859.6 1.6
1.8 60.6 572.5 2.2
4.2 46.1 107.2 2
1.3 17.6 245.3 2.3
3 51 699.9 1.8
2 56.2 529.5 1.6
4.8 29.3 794.5 1.8
3.4 52.9 817.7 1.6
3.2 60.9 136.9 2.5
3.4 16.3 689.4 2
4.6 60.3 52 1.8
3.1 43 93.5 2.5
4.4 53.8 494.1 2.2
4.9 46.4 508.2 2.5
2.1 43.5 853.4 1.8
3.2 22.5 854.8 2.5
2.6 43 412.1 1.5
4 25.7 406.9 2.1
3.5 66 482.8 2.4
3.7 26.7 464.2 2.1
3.4 40.6 807.7 1.6
4.6 71.2 734.3 2
3 59.2 292 2.4
3.8 58.5 630.1 2
4.6 48.8 186.2 2.2
1.6 43.3 753.3 2
3.2 67.9 652.6 1.8
3.7 67.7 223.1 2
5 70.2 473 2.2
2.6 41.7 496.7 2.3
4.6 74.5 630.6 2.4
1.1 45.9 334.2 1.6
3.7 39.3 190.5 2.2
2.9 31.9 886.9 2.3
4.6 27.6 280.1 1.9
2.6 67.1 241.8 2.2
3.1 43.5 60.7 2
1.4 67.7 128.5 2.4
4.6 43.1 215.2 1.8
4.2 64.9 747.3 1.7
2.6 65.9 197.2 1.8
2.3 16.1 294.3 2.3
4.8 50.3 715.4 1.7
1.5 39.1 291.6 2.4
1.5 63.6 470.7 2.2
2.1 20 693.6 2.5
3.7 30.8 936.1 2.3
2.1 62.2 109.1 1.6
5 72.5 127.7 2
1.7 60.1 589.9 1.6
4.9 60 453.3 2.2
4.7 15.8 534.2 2.5
3.1 67.9 680.5 2.2
2.9 39.9 606.3 1.6
1.7 29.7 516.5 2.2
3.6 39.3 514.3 1.8
3.3 39.7 766 2.3
4.2 49.7 357.8 2
1.2 19.8 146 2.3
1.1 40.2 698.6 1.7
3.9 65.2 794.6 2.2
4.1 47.4 934 2.2
4.7 66.3 568.3 1.6
2.3 23.1 668.3 1.7
2.9 56.1 823.5 2.5
3.2 68 468.6 1.9
2.8 32.2 311.2 2.1
1.5 73.6 583.5 1.8
1.8 21.8 132.1 2.5
3.9 65.8 827.8 2.5
3.3 48.1 696.5 2.4
3.3 69.5 568.3 1.7
2.4 37.2 71.2 2
4.8 72.9 135.2 2.4
1.7 39.7 583.5 1.6
1.6 52.1 828.6 1.8
3.2 26.8 912.6 2.4
1.3 67.8 773.1 2.5
1.7 25.3 478.1 1.7
5 29.3 507 1.7
3.9 55.7 230.9 1.9
1.4 26.3 87.4 1.9
3.6 15.3 320.7 1.7
1.1 51.3 604.8 2.1
3.2 57.5 574.6 2.3
3.5 20.6 403.9 2.4
3.7 19.3 220.5 2.2
5 65.5 418.9 2
3.3 48.4 527.8 1.9
2.1 69.2 189.1 2.3
4.1 28.8 664.9 1.8
1.9 50.7 365 1.7
3.7 54.7 241.9 1.9
2.1 64.6 706.4 2.2
4.9 21.9 604 2.4
1.9 18.6 191.8 1.9
1.8 48.1 555.1 1.6
4.5 62.7 946.2 2.1
3.6 37.2 779.2 1.7
2.6 41.5 890.5 2.4
1.8 58.4 815.6 2.1
1.3 71 677.8 2.2
3.9 53.3 382.4 1.9
1.4 59.6 148.4 1.9
5 58.1 510.8 2.5
3.5 74 701.8 1.9
4.3 44.7 671.1 1.7
1.9 41 161.4 2.1
4.9 55.3 103.4 2
3.2 60.9 708.2 2.3
1 49.5 438.2 2.5
1.4 62.3 201.2 2
2.5 37.6 143.4 2.1
3.9 59.7 202.7 2
2 71.4 714 2.3
4.3 15.3 677.4 1.7
3.2 16.6 351.1 2.1
4.9 22.5 464.2 2.4
3.8 74.9 871.1 2.3
4 28 810.6 1.8
1.5 27.6 543.1 1.6
4.5 31.9 188.9 2.1
4.2 41.2 67.8 2.2
3 52.4 788.9 2
3.8 59.6 516.5 1.7
1.1 61.4 838.4 2
4 35.7 131.2 2
3.5 59.7 77.5 1.6
4.7 21.1 314.3 2.5
2 54.4 242.9 2.5
3 40.3 398.6 1.7
1.8 25.6 671.2 2.1
2.1 23.1 76.4 2.2
2.1 61.3 397.5 1.6
4.3 18.6 824.7 1.7
3 74.4 917.7 1.7
2.5 72.3 639.5 2.1
3.7 58.2 447.9 2.3
1.9 70.8 224.4 1.6
2 34.3 799.5 1.6
3.7 53.2 880.8 1.7
2.3 71.4 692.9 1.9
3.3 70 810.2 2.4
4.2 54.5 913.7 2
3.2 60.3 409.3 1.7
4.4 43.6 59.6 2.4
2.1 31.8 195.3 1.7
3.6 30.9 483.5 1.7
2.5 42.3 690.5 2
4.7 74.6 569.2 2.1
3.6 67.5 262.7 2.5
3.4 64.2 203.4 1.9
1.2 71.7 523.1 1.8
4.8 19.2 484.6 2.2
3.7 68.4 206.2 2.1
1.2 41.7 645 1.7
4.8 68.6 258.3 2.3
2.2 16.3 526.3 2.2
4.7 72 415.9 2.2
3.7 37.7 874.9 2.5
1.2 46.3 483.8 1.5
2.9 43.4 191.3 2.4
3.4 43.8 444.1 1.5
3.7 73.1 315.8 2.4
3.1 62.2 150.5 1.9
1.6 54.2 844.5 1.9
4 50.9 946.7 2.4
4.9 39.1 791.8 1.6
3.8 32 621 2.4
4.7 15.9 910.7 1.8
4.3 66.7 109.4 2
1.8 59.2 839.3 1.6
4 41.1 138.6 1.7
4.4 18.5 497.4 2.5
1.6 26.3 116.9 1.9
2.5 61 713.4 2.4
1.4 19.3 785.2 2.3
2.6 53.7 788 1.6
1.7 48.1 116.1 1.6
2.5 61.5 72.2 1.6
3.7 67.5 188.2 2.2
2.2 53.9 327 1.6
4.9 39.3 949 1.5
3.8 52.3 213.7 1.9
3.6 62.6 555.1 2.4
4 58.5 882.3 2.2
4.6 66.1 426.1 1.7
1.8 54.3 864.4 2.4
2.3 18.7 780.4 1.6
3 29.8 899 2.4
3.1 72 411.6 2.5
4.5 52.9 249.7 1.9
4.8 16 839.4 2.2
4.2 34.7 224.4 1.7
1.2 69.6 264.8 2.3
3.9 67.3 749.8 2.3
3.7 37.9 272.4 2.3
2.2 30.3 614.4 1.6
4.6 50.7 407.3 1.7
2.7 22 691.6 2.1
1.6 69.9 360 2
3.5 74.4 327.1 2.3
4.1 65.9 800.1 1.9
4.1 64.5 853.9 2.5
3.7 29.2 290.4 1.9
3.1 39.5 879.5 2.3
4.5 19.2 320.9 1.7
4.4 17.5 610.1 1.8
3.3 64.1 272.9 2.5
3.3 19.5 750.7 2.2
3 72.5 349.6 1.6
2.2 27.8 682.5 1.8
3.9 43.9 408.8 1.8
1.9 71.7 145.9 1.9
1.2 54.3 613.9 2.3
1.8 58.9 188.2 1.6
1.2 73.1 829.2 1.6
2.8 39.6 297.6 1.7
1.7 71.1 380.4 2
4.1 52 655.7 1.6
1.2 27.6 706.6 2.1
3.9 36 198 1.8
4.6 61.2 888.8 2.1
3.8 27.6 773.5 1.6
1.9 60 452 2.2
3 29.7 131.2 1.6
3.7 18.3 884.7 2
3.8 22.9 446.2 2.1
4.5 31 713.8 2.5
1.7 66.6 472.5 2.3
2 60.1 379 2.3
2.4 35.2 607.8 2.3
2.5 72.5 90.2 2.4
2 27.3 670.1 2.3
4.2 28.8 802.7 2.4
1.2 40.6 576.6 2.5
4.1 57.8 52.6 1.8
4.5 54.3 219.3 2
5 39.3 866 1.6
1.8 25.7 760 2.4
4.3 24.7 418.4 2
2.1 18.5 550.5 1.5
1.7 50.2 518.8 2.2
4.1 53.4 185 2.1
2.5 43 467.9 1.7
1.2 17.6 516.3 1.6
1.8 38.5 816.6 1.6
2.2 32.9 180.2 1.5
2.4 50.2 447.7 1.7
2 71.1 710.9 2.1
1.2 18.4 279.2 1.7
4.2 23.7 345.1 1.7
3.7 74.8 880 1.7
3.9 47.4 899.9 1.8
3.9 16 451.1 1.7
2.7 71.2 285 1.6
3.5 62 204.2 1.8
1.9 25.9 466.2 1.7
3.8 48.7 682.1 2.3
2.2 20.2 866.4 1.8
4.4 72.5 438.1 1.9
1.1 47.6 715.9 2.2
3.4 47.5 169.9 1.8
1.4 44 441.8 2.3
4.2 46.2 896.4 2.4
3.4 51 911.1 1.9
4.6 43 302.9 1.5
1 54 691.6 1.8
3.8 66.1 665.3 1.7
4.3 61.5 598.6 2.5
1.8 24.6 541 2.5
1.5 29.2 197.4 1.7
2.3 53.8 292.5 2.5
2.8 49.6 160.6 1.5
2.4 49.4 349.9 2.4
2.2 59.3 318.7 2.2
4.3 71.8 617.3 1.9
4.3 71 499.3 2.3
3.1 73.6 608.5 1.7
4.2 69.6 185.3 2.5
2.3 49.3 83.3 1.8
4.1 59.3 165.6 2
4.8 50.3 363.4 2.1
4.4 16.2 106.1 2.3
2.6 46.6 759.3 2
4.7 31.9 55.8 2
3.6 48.5 674.2 2.4
4.8 30.4 233 2.2
2 50.6 667.7 2.1
3 24.1 156.5 2.2
4.4 64.4 768.7 1.7
4.8 18.8 582.8 2.3
1 41.8 162.6 2
1.5 53.7 518.3 1.6
1.9 58 782.9 2.2
3.2 65.9 70.3 2.2
2 17 555.8 2.2
3.8 66 214.9 2.3
1.2 53.8 674.2 1.9
4.9 52.2 322.6 2
3.2 66.4 684.4 2.4
3.8 54.5 578.5 1.6
3.4 23.5 642.2 1.8
4 67.8 354.6 1.6
4.9 66 203 1.7
2.5 15.8 579.7 2.3
1.1 29.8 184.7 2.1
3.5 17.2 614.3 1.8
1.2 70.3 654.1 1.8
2.6 60.4 879.8 1.7
4.4 28.4 161.8 2.4
1.4 16.2 849.6 2
3.1 59.5 908.3 1.8
1.1 51.6 420.1 1.9
1.9 22.4 129.6 1.8
3.6 17 488.6 2.3
4.7 31.8 785.8 1.5
2.4 65 776 2.4
2 20.9 489.5 2.2
1.1 43.3 647.6 2.4
1.5 65.1 647.6 2.2
3.7 40.7 565.8 1.5
4.6 22.2 284.3 2.3
4.9 50.7 698.4 1.8
2.9 58.4 501.1 1.9
5 37.8 279.5 1.9
3.1 34.6 494.3 2
4.6 27.8 859.8 1.9
1.2 29.4 750.4 2
1.1 20.9 91 1.9
2.6 56.7 291.9 1.8
3.7 52.2 579.5 1.9
3 51.9 282.5 1.8
3.4 46.7 581.9 1.8
1.2 72.2 765.3 2.5
1.3 24.4 465 1.6
4.6 72.9 437.4 1.8
3.4 18.8 809.2 2.5
1.2 49.8 377.1 2.1
3.3 20.4 375.4 2
1.6 70.8 160.2 2.1
4.4 61.7 482.6 1.7
3.6 23.1 727.6 2.1
2.2 52.2 687.4 1.6
3.6 39.6 878.1 1.5
4.5 29.4 531.3 1.6
2.5 18.3 570.8 1.8
3 57.4 522.1 2.2
1.7 39.6 208.6 1.8
2.8 63.3 893 2.3
3.3 59.1 431.6 1.9
3.5 59.3 718.1 2.1
3.9 42.7 410.3 1.8
2.3 41 542.2 1.9
2.4 44.2 571.1 2.1
4.2 64 365.6 1.7
4.8 62.8 112.5 2.4
4.4 69.2 886.7 2.2
1.7 23.5 80.6 1.7
3.1 69.6 925.9 1.5
2.3 49.5 444.3 1.8
4.4 15.1 53.4 2.5
2.3 43.2 566.7 2.2
1.3 63.4 857 2.2
1.7 45.4 404.6 1.9
2.4 34.7 684.5 2.4
2.4 71.8 471.6 2.4
1.7 69.6 818.5 1.6
3.6 74.4 568.7 1.8
4.2 37.4 143.1 1.9
2 19.5 172.1 1.9
4.2 32.9 319.3 1.8
1.1 45.2 943.1 1.8
1.5 68 541.6 1.6
2.8 59.2 516.8 2.3
1.3 46.6 809.5 1.8
2.3 37.1 666.9 1.8
1.6 45.1 840.3 1.6
1.8 57 379.6 1.9
3.9 26.1 219.1 2
2.8 17.2 394.6 1.9
3.3 21.3 222.3 2.3
1.7 18.4 445.4 1.9
1.2 55.7 634.1 2.1
1.5 69.5 231.3 2
2.5 66 585.2 1.7
2.1 44.2 370 2
1 18.7 649.8 2.4
5 67 83.8 1.9
3.5 59.4 690.8 1.8
3.8 67.4 496.9 2.4
1.9 43.6 110.7 2
4 71.1 411.5 1.8
1 48.6 442.7 2.3
2 57.4 74.5 2.4
4 71 663.8 1.8
2.2 19.7 658.8 2
3.7 25 831.6 2.3
1.6 62.9 643 2.1
1.2 61.5 643.2 2.1
3.7 64.4 91 1.7
4.3 29.5 810.6 1.6
3.9 59.2 839.5 2.3
4.9 63.5 63.7 2
5 52.8 100.5 2
3.2 62.7 768.4 1.6
4.3 15.3 496.6 2
2.4 49.7 604.6 2.3
4.5 60.1 819.1 1.8
1.5 39.4 687.9 1.6
4.6 43.7 383.9 2.2
2.5 52.6 322 2
4.6 64.6 740.5 1.7
1.7 68.4 733.2 1.8
1.3 51 465.2 2.2
3.8 65.9 669.2 2.2
4.3 51.7 320.3 1.5
1.1 64.9 461.1 2
3 44.5 765.4 1.8
2.5 54.4 841.3 1.9
2.3 49.5 865.1 2.3
4.5 68.7 756.9 1.8
2.6 22.1 203.6 1.6
2.9 46.8 380.2 1.7
4.4 25.1 701.2 2.4
4.9 43.1 79.3 2.2
4.8 66.7 943.7 1.7
3.3 59.1 734.6 1.9
4 34.9 767.5 2.2
2.1 17.1 123.3 2
4.9 19.9 945.5 2.2
1.7 54.9 849.7 1.8
3.3 74.1 273.6 1.6
1.8 39.8 444.9 1.9
4.8 44.5 304.1 1.5
2.7 59 810.9 2.4
4.1 37.1 794.4 2.4
2.7 39.2 266.2 1.9
1.5 72.9 536.4 1.6
3.1 45.4 465.6 2.4
1.3 25 852.5 2.1
2.2 72.4 592.4 1.8
2.9 40.5 164.1 2.3
1.7 41.1 823.4 1.9
1.2 62.5 578.8 2.3
2.3 20.7 142.7 2.2
3.8 69.2 591.5 2.4
3.6 49.4 286.8 2.3
1 36.5 179.8 1.8
1.5 35.4 305.2 2.3
2.8 16.3 701 1.9
2.9 21.8 803.6 1.7
4.9 71.4 783.6 1.7
4.6 40.5 142.2 2
4.3 44.7 676.7 1.6
1.3 60.9 763.6 2.4
4.1 62 179.1 2.2
2.2 38.2 742.1 1.6
2.4 39.7 81.4 2.2
3.3 50.7 596 1.8
3.2 23.9 458.3 2.3
4.5 54.2 238.6 2.1
2.7 20.7 573.4 2.2
4.7 35.7 120.8 2.4
2.6 57.5 390 2
2.2 26.6 259 1.8
3 59.9 853.3 2.3
3 34.9 744.3 1.8
3.5 62.4 334.9 1.6
1.5 68.5 629.6 2
1.2 31.1 504.5 1.5
3.8 49.1 510.7 2.3
1.8 66.6 586.3 2
2.5 48.7 160.6 1.7
4.1 53.6 470.1 1.8
4.8 63.4 100.8 2.1
3.4 17.1 607.2 2
3.5 57.2 121 2.1
3.4 46.5 638.4 1.9
4.9 69 888.2 1.9
3.8 71.7 825.1 2
1.8 29.1 67 1.9
4.6 67 600.5 2.3
2.5 37.8 337.2 2.3
4.4 32.6 595.4 2
4.9 56.5 767.3 2.1
2.3 15.7 504.7 2.1
1 23 97.1 1.5
2.7 72.5 319.1 2.1
3.5 34.4 553 1.7
1.4 16.7 563.5 1.6
3.1 24.8 763 1.6
3.5 46 875.4 2.1
4.3 63.6 187.7 2.5
1.9 22.8 558.1 1.8
3.1 16.6 58.2 1.5
2.2 32.9 220.1 2.4
3.5 44.2 333.5 1.6
3.5 19.2 369.4 2.4
3.8 47 824.9 2.2
4.2 20.9 653.4 1.6
4.3 24.8 863.2 2.2
4.1 41.9 188.2 2.5
3.1 37.3 283.1 2.4
3.8 17.3 286.4 1.9
1.1 62.2 172 2
3.2 63.7 433.9 1.9
3.7 44.3 874.6 1.6
5 27.2 103.9 1.8
2.4 65.3 303.5 2.4
2.3 47.5 97.9 1.7
1.6 27.5 51 2.5
1.8 24.1 233.6 2
2.4 66.8 577.4 1.7
4.3 57.5 199.6 1.8
3.9 15.8 549.6 2
3.5 57.7 449.8 1.5
4.8 52 278.3 1.6
1.8 31 294.2 2.2
2.7 18.3 572.2 2.4
1.6 52.7 288.3 2.3
3.8 62.8 433.8 2.1
1.2 39.5 514.8 1.9
4.4 64.4 515.4 1.7
3.6 58.6 765.5 2.3
3.1 69.5 97.4 2
1.7 27.8 478.7 1.7
2.3 64.4 128.1 1.6
4.8 36.6 509.4 1.5
2.7 46 520.9 1.7
2.5 27.1 461.2 2
1.3 48.7 449.6 2.1
2.3 62.4 349.1 2.4
4.8 56.3 668.9 1.6
1.2 67.3 746.1 2.1
3.2 21.7 80.3 1.9
3.8 63.8 638.5 2.2
1.8 26.8 186.4 2.1
1.4 44.2 682.2 2.4
4.8 43.8 108.4 2.5
1.1 27.7 350.5 1.7
3.5 27.9 763.7 1.6
3.2 23.8 574.1 1.7
2.7 56.2 424.2 2
4 60.9 501.5 2
4.5 48 703.9 2.2
4 43 260.6 2.2
3.8 33.8 722.4 1.7
1.5 74.4 946.8 2.4
1.8 69 724.6 2.5
2.7 17.1 740.8 1.7
2.8 71.9 710.3 2.5
1.7 33.2 83.7 1.8
2.8 68 153.7 1.6
1.6 46.5 217.8 1.7
3.1 30.1 436.7 2.4
4.8 19.3 889.6 2.4
4.8 23.8 653 1.7
2.4 29.1 886.2 1.7
1.9 19.1 420.8 2.1
2.3 63.6 107.9 2.2
4.2 23.6 741.5 2.3
2.7 73.7 783.8 2.4
3.2 35.5 933.5 2
1.5 23.1 342.8 2.5
1.9 31 414.5 2.1
2 74.6 118.1 2
2.9 33.1 867.6 1.7
1.2 51.4 428.4 2.4
4.6 39.6 773.8 2.2
3.3 33.7 483.2 2
2.7 32.6 666.9 2.1
4.5 53.6 668.2 2
4.8 62.7 541 1.9
3.8 23.9 290.5 2.2
3 16.3 324.7 1.9
1.2 71.6 274.4 2.3
2.9 56.2 363.3 1.6
1.6 21.1 582.8 1.8
4.8 18.5 822.3 1.8
4.7 51.1 693.3 1.8
2.3 55.2 729.2 1.9
3.4 48.2 132.5 2.3
2.7 67.2 381.8 2.2
1.5 17.2 255.1 2.4
3.9 64.4 232.8 2.4
4.5 30.5 560.7 1.9
4.7 69.4 519.3 1.9
3.2 32.4 66.9 1.7
4.1 19.7 555 1.9
2.2 69.1 181.8 2.4
4.5 41.1 62 1.6
3.7 28.9 759.7 2.4
3.4 35.5 517.7 2.5
3.6 27.4 882.5 2.3
2.3 46.3 281.4 2.3
4.8 31.5 218.6 2.1
2.5 25.3 476.6 1.7
4.5 42.4 188 1.9
3.3 26.8 615.5 1.9
2.7 58.1 348.7 1.8
2.4 46.4 664.6 1.8
2.7 72.9 899.6 2
2.2 66.9 506.2 2.1
3.1 47.5 363.1 1.7
1 44.3 271.8 1.6
4.2 25 198.3 2.4
2.3 69.3 391 2.4
1.1 73 412.6 2
4.3 34.6 855.4 1.6
2 23.4 451.2 2.2
4.3 45.1 344.6 2.4
1.5 64.4 827.2 1.8
4.4 51.7 447.7 1.7
4.3 33.8 803.4 2.1
3.5 27.3 521.2 2.3
1.5 44.2 814.5 1.6
4.2 43 701 1.9
3.2 65.7 933 1.8
1.8 16.6 307.9 1.9
2.1 46.8 378.9 1.6
1.7 67 901 2.3
4.7 71 350 1.8
1.4 55.7 888.3 2.4
3.8 45.2 417.2 2
3.7 31.5 613.5 2.1
3.7 51.5 709.3 2.5
4.5 32.9 852.2 1.5
3 15.5 850 1.9
2.4 27.7 701.9 1.7
3.1 61.1 243.6 2.1
1.4 65.3 712 1.7
4.7 66.3 162.9 1.7
3 70 157.9 2
1.4 25.5 123.7 2.4
3 56.8 292.7 1.6
1.2 45.2 304.1 2
2.2 66.8 443.4 1.7
1.3 64.3 390.7 2.3
1.7 29.4 646 2.1
1.9 63.9 423.8 2.4
1.7 28.8 745.4 1.8
2.6 40.9 742.9 1.9
4.8 63.9 719.3 2.3
4.2 22.9 839.5 1.6
1.6 32.8 743.2 1.7
2 70.4 58 1.7
3.1 45.7 538.8 1.8
3.7 49.1 797 2.2
4.7 56.5 78.6 2
4.8 53.8 514.8 1.8
3.5 37.7 702 1.6
1.9 63.7 634.3 2.5
1.1 60.1 772.8 1.6
2 51.7 396.8 1.7
3.7 23 740.3 1.5
3 22.4 887.2 1.8
3.6 18.7 637.5 1.9
2.5 59.3 931.5 2
3.3 20.7 111.8 2.1
3.1 17 881.3 1.5
1.3 70.6 435.9 2.1
4 16.4 331.5 2.3
2.7 27.4 486.1 1.6
1.5 29.9 141.6 1.9
2.6 18.2 323.5 1.7
3.5 58.9 458.5 2.3
2.2 39.6 207.4 1.9
1.1 23.6 314.8 1.5
2.8 29.6 277 2.1
3.4 54.9 699 1.8
1.4 72.6 249.8 1.7
2 37.4 135.4 2.2
4.6 56.6 504.9 2.4
4.5 38.6 219.3 1.6
3.8 47.8 760.7 2.1
1.1 22.4 412.2 1.8
4.4 26.7 506.8 1.7
3.2 68.9 588.5 1.7
1.7 73.2 599.7 2.1
4.2 31.6 687.8 2
3.3 58.9 135 1.6
1.7 44.8 652.1 2.3
4.2 25.7 541.6 2.2
1.2 31.3 73 2.3
4.2 32.5 150.3 1.6
3.2 19.9 780.2 1.8
3.5 58.4 56.5 2
4.1 46.3 873.4 1.6
3.1 62.2 880.8 2.4
3.5 18.4 157.5 2.2
1.5 18.1 922.6 1.7
4 51.5 339 1.7
4.1 38.5 381.3 2.4
1.6 17.1 826.7 2.3
4.2 67.6 472.2 2.2
4 58.4 212.7 1.5
1.6 51.5 409.1 2.4
4.7 50 230.2 2.3
2.2 15.2 429.9 2.3
2.2 66.8 664.7 1.6
1.3 74.8 784.2 2.1
4.5 28.5 309.2 1.6
4 42.5 679.5 2.1
2.8 71.5 638.6 1.9
3.3 17.6 638 1.5
4.3 37.7 740.8 2
2.3 51.4 348.2 2.2
1.2 61.3 562.5 1.6
2.6 36.2 176.1 1.5
3.4 59.4 823.9 1.8
2.9 69 665.8 1.5
2.7 60.5 68.2 2.1
2.6 68 866.6 1.8
3.7 35.9 145.3 1.9
2.4 45.1 427 1.8
1.7 45.3 285.2 2
3.5 47.6 561.1 2.3
2.9 55.4 608.8 2.4
1.3 71.9 630.6 1.9
3.6 25.8 573.4 1.6
3.8 21.3 881.6 2
2.8 57.3 604.1 2.3
3.8 28.2 539.4 1.7
4.5 63.4 865 1.8
3 16.5 844.3 2.3
3.2 16.5 312.7 1.7
2.7 21.2 314.4 1.9
1.1 51 531.6 1.9
3.9 60.2 215 2.2
2.6 27.8 598.2 2
2.6 23.7 371.2 1.8
1.4 56 943.2 1.9
3.2 24.6 537.7 2
3.5 66 444.5 2
1.1 63.1 271 2.4
2.7 28.5 783.5 1.8
3.9 41.9 688.2 1.6
1.6 46.3 885.2 1.7
2 74 782.6 1.6
3.1 51.6 722 2
4.7 24.3 365.1 2
1.3 68.2 824.4 2.4
1.5 31.5 876.6 1.7
2.9 58.5 145.7 2.5
3.2 28.5 381 1.7
4.2 31.3 535.7 2.3
1.5 70.1 568.2 1.7
1.6 57.1 474.2 1.7
1.9 35.2 462.7 1.8
3 52.5 390.4 2.1
3.1 44.3 886.1 2.3
1.5 40.7 826.6 1.8
1.2 17.7 181.1 2.1
3.4 17.8 400.3 2.1
2.3 58.1 109.1 1.5
4.8 39.2 642.9 1.8
4.7 56.7 248.5 2.3
2 48.8 302.1 1.9
1.2 72.1 634.9 1.7
1 54.2 587.7 1.9
1.7 30 135.6 2.2
4.5 58.1 790.8 2.2
2.7 23.1 307.5 2.4
2.3 70.4 690.2 2.3
2.9 55.2 364.3 2
3.8 18.1 846.8 2.1
4.7 23.6 818.6 2.1
1.1 18.8 628.5 2.3
3.2 63.9 148.7 2
4 27.2 669.5 2.4
1.6 46.6 414 1.6
4 23.7 671.7 2
1.3 36.7 782 1.9
4.9 42.5 650.6 2.3
4.8 62.2 738.6 1.9
3.9 51.7 188.9 2.4
2.3 70.8 277.5 1.8
4.7 19.8 686.8 1.8
2.3 15.3 528 2.4
4.5 30.4 262 2
4 22.6 411.7 2
1.5 36.6 805.1 2.1
1.1 50.2 745.6 1.9
1.3 64.8 657.2 2
4.9 34.9 382.3 2.2
3 17.4 626.1 2.3
1.7 24.3 728.9 1.5
2.8 69.6 757.4 2.1
4.7 68.4 516.3 1.6
4.8 71.7 65.1 2.2
2.4 66.2 249.9 2.3
3.1 36.9 349.4 1.7
1.7 45 436.1 1.6
1.6 51.4 539.3 2
2.4 54.7 538.1 1.7
1.2 50.6 784.3 2.2
2 71.3 673.5 2.3
1.1 18.3 617.4 2.3
1.9 58.3 244.6 1.8
2.4 27 292.2 1.6
2.8 66.8 128.5 2.2
4.5 71.1 803.8 1.8
1.5 18.8 423.4 1.8
2.2 36.3 459.9 1.5
3.7 58.9 946.9 2.3
3.7 53.1 859.6 1.8
4.2 36.3 661.2 1.9
1.9 44.7 404.5 1.5
3 18.3 543.7 2
4.5 24.3 589.5 1.5
3 28.7 867.2 2.4
3.2 48.8 728.6 1.9
1.2 72 529.8 2.4
3.5 54.7 357.3 2
1.1 60.1 202.6 2.1
2.2 62.6 548.5 2.2
1.8 30.5 902.3 2.2
4.9 67.1 256 2.2
4.4 55.1 233 2.4
2.9 25.3 692 2.2
1.3 58.4 517.1 2
3.2 56.7 162.5 1.8
2.3 17.7 321.8 1.6
3.5 24.2 667.1 1.5
3.5 61 474.3 2.3
4.8 74.9 828.1 2.2
4.7 65.1 123.4 2.1
4 17 506.4 2.2
4.4 47.8 116.2 2.5
2 52.6 170.8 1.7
1.9 32 403.2 1.7
2.7 61.8 341.3 2.5
1.3 33.4 793.9 1.6
2.2 62.9 325 2.2
2.2 66.8 61.8 1.8
2.7 50.1 476.4 1.7
4.7 21.9 280.5 2.4
2.8 56.6 111.7 2.5
3 28.1 395.1 1.6
1.6 53.6 382.3 2.3
3.3 55.7 339.4 2.3
2.9 68.8 916.8 2
1.8 47.8 925.8 2
2 61.9 746.3 2
3.8 35.5 607.1 2.3
3.1 36.9 773.6 2.5
4.6 22.8 865.5 2.4
3.6 37.7 67.9 1.9
2.1 68.3 279.5 2
4.6 47.4 681.8 1.9
2.4 22.1 539.2 2.3
3.1 55.6 896.2 1.6
2.4 55.8 787.6 1.8
1.4 64.3 288.6 1.7
3.2 28.2 186.4 2.4
1.7 31.4 637.5 1.8
2.4 45.5 411.3 1.8
1.2 61.1 202.5 2.4
1.2 62.6 609.6 2.3
0.3 0.3 0.2 0.3 0.3 0.4 0.3 0.2 0.4 0.3 0.3 0.2 0.3 0.2 0.2 0.3 0.4 0.3 0.2 0.3 0.4 0.4 0.3 0.4 0.2 0.2 0.3 0.3 0.4 0.3 0.4 0.2 0.2 0.2 0.3 0.3 0.3 0.2 0.3 0.2 0.4 0.4 0.4 0.3 0.3 0.3 0.3 0.2 0.3 0.2 0.3 0.3 0.4 0.3 0.3 0.3 0.2 0.4 0.2 0.3 0.2 0.2 0.2 0.3 0.3 0.4 0.3 0.2 0.4 0.3 0.4 0.3 0.4 0.3 0.3 0.3 0.2 0.2 0.4 0.3 0.3 0.3 0.2 0.3 0.3 0.4 0.3 0.3 0.2 0.2 0.4 0.4 0.4 0.4 0.3 0.4 0.3 0.4 0.3 0.4 0.3 0.3 0.4 0.3 0.3 0.3 0.2 0.2 0.3 0.3 0.3 0.2 0.3 0.4 0.4 0.4 0.3 0.2 0.3 0.4 0.3 0.4 0.3 0.4 0.2 0.3 0.3 0.2 0.2 0.3 0.3 0.4 0.4 0.3 0.4 0.4 0.3 0.3 0.3 0.3 0.2 0.3 0.2 0.3 0.4 0.3 0.2 0.3 0.4 0.2 0.2 0.3 0.2 0.4 0.3 0.3 0.4 0.2 0.3 0.2 0.3 0.3 0.3 0.3 0.3 0.3 0.2 0.3 0.4 0.2 0.3 0.3 0.4 0.3 0.3 0.4 0.3 0.3 0.4 0.3 0.3 0.2 0.4 0.2 0.4 0.2 0.3 0.3 0.4 0.3 0.2 0.3 0.4 0.2 0.3 0.2 0.3 0.4 0.2 0.3 0.4 0.2 0.4 0.4 0.2 0.2 0.3 0.3 0.4 0.3 0.3 0.4 0.3 0.4 0.2 0.3 0.4 0.4 0.4 0.2 0.2 0.4 0.3 0.2 0.4 0.4 0.4 0.3 0.4 0.3 0.3 0.3 0.2 0.3 0.3 0.3 0.4 0.3 0.3 0.3 0.3 0.2 0.2 0.2 0.4 0.4 0.4 0.3 0.3 0.4 0.3 0.3 0.3 0.4 0.3 0.3 0.3 0.3 0.3 0.3 0.4 0.3 0.3 0.3 0.2 0.2 0.2 0.3 0.2 0.4 0.2 0.3 0.3 0.4 0.3 0.3 0.2 0.3 0.2 0.3 0.4 0.4 0.4 0.3 0.3 0.2 0.3 0.3 0.4 0.4 0.4 0.4 0.4 0.4 0.3 0.3 0.3 0.3 0.2 0.4 0.2 0.2 0.2 0.3 0.4 0.4 0.3 0.3 0.3 0.3 0.2 0.4 0.3 0.4 0.3 0.3 0.3 0.4 0.3 0.4 0.3 0.3 0.3 0.2 0.4 0.3 0.3 0.2 0.3 0.4 0.2 0.3 0.4 0.4 0.2 0.3 0.4 0.3 0.4 0.2 0.4 0.3 0.2 0.3 0.3 0.3 0.2 0.2 0.3 0.3 0.2 0.3 0.2 0.3 0.4 0.3 0.4 0.3 0.3 0.2 0.3 0.4 0.4 0.4 0.4 0.3 0.2 0.3 0.3 0.4 0.3 0.4 0.2 0.3 0.4 0.3 0.3 0.4 0.3 0.3 0.4 0.2 0.2 0.2 0.3 0.3 0.3 0.4 0.4 0.3 0.3 0.3 0.2 0.3 0.3 0.3 0.4 0.3 0.2 0.2 0.3 0.3 0.3 0.3 0.3 0.4 0.3 0.2 0.3 0.3 0.3 0.3 0.4 0.4 0.2 0.2 0.3 0.4 0.4 0.3 0.3 0.4 0.3 0.4 0.3 0.4 0.4 0.4 0.3 0.3 0.3 0.2 0.3 0.3 0.4 0.3 0.2 0.2 0.3 0.3 0.4 0.3 0.2 0.4 0.2 0.2 0.3 0.3 0.3 0.3 0.4 0.2 0.4 0.3 0.3 0.4 0.4 0.4 0.4 0.3 0.4 0.4 0.4 0.4 0.3 0.2 0.3 0.3 0.3 0.3 0.3 0.3 0.2 0.3 0.4 0.3 0.3 0.3 0.4 0.3 0.2 0.4 0.3 0.3 0.3 0.3 0.3 0.3 0.2 0.2 0.4 0.3 0.3 0.2 0.3 0.3 0.2 0.2 0.4 0.4 0.3 0.3 0.2 0.3 0.3 0.3 0.3 0.4 0.4 0.4 0.3 0.3 0.4 0.3 0.4 0.4 0.3 0.4 0.2 0.3 0.3 0.3 0.3 0.2 0.3 0.3 0.4 0.4 0.4 0.3 0.4 0.3 0.4 0.4 0.3 0.3 0.3 0.2 0.3 0.2 0.3 0.3 0.3 0.2 0.3 0.3 0.2 0.3 0.4 0.3 0.3 0.4 0.3 0.4 0.2 0.3 0.4 0.3 0.3 0.3 0.4 0.4 0.4 0.2 0.2 0.2 0.3 0.4 0.4 0.3 0.4 0.4 0.4 0.3 0.3 0.3 0.2 0.3 0.2 0.4 0.3 0.3 0.3 0.2 0.3 0.4 0.3 0.4 0.3 0.2 0.2 0.3 0.3 0.3 0.3 0.3 0.3 0.3 0.3 0.3 0.2 0.3 0.3 0.3 0.3 0.3 0.3 0.3 0.2 0.3 0.2 0.3 0.2 0.2 0.4 0.4 0.3 0.2 0.3 0.2 0.3 0.2 0.3 0.3 0.3 0.3 0.3 0.2 0.3 0.2 0.4 0.3 0.2 0.2 0.3 0.3 0.2 0.3 0.4 0.4 0.3 0.3 0.4 0.3 0.2 0.3 0.3 0.3 0.4 0.3 0.4 0.3 0.3 0.3 0.2 0.2 0.2 0.3 0.4 0.4 0.4 0.2 0.3 0.2 0.2 0.2 0.3 0.4 0.3 0.4 0.3 0.3 0.4 0.3 0.3 0.3 0.2 0.3 0.4 0.3 0.4 0.3 0.3 0.4 0.3 0.4 0.2 0.3 0.3 0.3 0.4 0.4 0.4 0.2 0.2 0.2 0.3 0.3 0.3 0.4 0.4 0.3 0.2 0.3 0.4 0.3 0.2 0.3 0.3 0.3 0.4 0.2 0.4 0.2 0.2 0.3 0.2 0.2 0.3 0.3 0.3 0.4 0.3 0.3 0.3 0.3 0.4 0.4 0.3 0.4 0.4 0.3 0.4 0.3 0.4 0.3 0.3 0.3 0.3 0.2 0.4 0.4 0.3 0.4 0.2 0.3 0.4 0.4 0.3 0.4 0.3 0.3 0.4 0.3 0.3 0.4 0.2 0.3 0.4 0.3 0.2 0.3 0.3 0.4 0.3 0.2 0.3 0.2 0.3 0.3 0.4 0.3 0.3 0.3 0.4 0.3 0.4 0.3 0.3 0.4 0.4 0.2 0.3 0.3 0.2 0.3 0.3 0.3 0.4 0.3 0.3 0.3 0.4 0.3 0.4 0.4 0.3 0.3 0.3 0.3 0.4 0.3 0.4 0.4 0.2 0.2 0.4 0.3 0.4 0.3 0.3 0.3 0.3 0.3 0.4 0.2 0.3 0.3 0.2 0.3 0.3 0.4 0.4 0.4 0.4 0.2 0.3 0.4 0.3 0.3 0.3 0.2 0.3 0.3 0.3 0.4 0.2 0.4 0.2 0.3 0.3 0.3 0.4 0.3 0.3 0.2 0.3 0.3 0.3 0.4 0.3 0.3 0.3 0.4 0.2 0.2 0.4 0.3 0.3 0.4 0.4 0.2 0.3 0.4 0.2 0.2 0.2 0.4 0.2 0.2 0.3 0.2 0.3 0.2 0.4 0.3 0.3 0.2 0.4 0.3 0.4 0.2 0.4 0.4 0.3 0.3 0.3 0.3 0.3 0.3 0.2 0.2 0.4 0.2 0.2 0.3 0.4 0.3 0.3 0.4 0.4 0.4 0.2 0.3 0.4 0.3 0.4 0.3 0.4 0.4 0.3 0.3 0.3 0.3 0.2 0.4 0.3 0.4 0.3 0.2 0.4 0.3 0.4 0.4 0.4 0.3 0.2 0.2 0.2 0.3 0.3 0.4 0.4 0.2 0.3 0.2 0.3 0.4 0.2 0.3 0.3 0.3 0.4 0.2 0.3 0.3 0.3 0.2 0.3 0.4 0.4 0.3 0.4 0.3 0.2 0.4 0.3 0.4 0.3 0.3 0.3 0.4 0.2 0.3 0.4 0.3 0.3 0.3 0.4 0.4 0.4 0.4 0.4 0.4 0.3 0.4 0.3 0.3 0.2 0.2 0.2 0.3 0.4 0.2 0.3 0.3 0.3 0.4 0.3 0.2 0.3 0.3 0.2 0.4 0.4 0.4 0.3 0.4 0.2 0.4 0.4 0.3 0.2 0.2 0.2 0.3 0.4 0.3 0.4 0.3 0.3 0.4 0.3 0.3 0.2 0.2 0.3 0.3 0.2 0.2 0.3 0.2 0.4 0.3 0.3 0.2 0.2 0.3 0.4 0.2 0.3 0.3 0.3 0.2 0.4 0.2 0.4 0.3 0.2 0.2 0.2 0.4 0.3 0.2 0.3 0.2 0.3 0.2 0.3 0.3 0.3 0.2 0.3 0.3 0.4 0.3 0.2 0.3 0.3 0.3 0.4 0.3 0.2 0.3 0.3 0.2 0.3 0.3 0.3 0.3 0.3 0.3 0.3 0.2 0.3 0.3 0.3 0.2 0.4 0.3 0.4 0.2 0.3 0.3 0.3 0.3 0.4 0.3 0.3 0.3 0.3 0.2 0.3 0.3 0.4 0.3 0.4 0.3 0.4 0.3 0.3 0.4 0.3 0.4 0.4 0.4 0.2 0.4 0.3 0.3 0.2 0.3 0.2 0.4 0.3 0.4 0.4 0.4 0.3 0.3 0.2 0.3 0.3 0.3 0.3 0.3 0.3 0.4 0.4 0.3 0.3 0.4 0.3 0.3 0.2 0.3 0.2 0.4 0.3 0.2 0.2 0.4 0.2 0.2 0.3 0.3 0.4 0.2 0.3 0.4 0.2 0.3 0.4 0.3 0.3 0.4 0.4 0.2 0.2 0.3 0.4 0.4 0.3 0.4 0.4 0.2 0.2 0.3 0.3 0.3 0.2 0.3 0.3 0.3 0.4 0.3 0.4 0.4 0.2 0.3 0.3 0.4 0.4 0.3 0.4 0.2 0.2 0.2 0.3 0.4 0.3 0.3 0.4 0.3 0.2 0.3 0.3 0.3 0.3 0.4 0.3 0.3 0.3 0.3 0.3 0.3 0.2 0.2 0.3 0.3 0.2 0.2 0.3 0.3 0.3 0.3 0.2 0.4 0.3 0.3 0.2 0.3 0.4 0.3 0.3 0.3 0.4 0.3 0.3 0.4 0.4 0.2 0.3 0.3 0.3 0.3 0.2 0.4 0.3 0.3 0.3 0.2 0.4 0.3 0.4 0.3 0.3 0.2 0.4 0.4 0.2 0.2 0.3 0.4 0.4 0.3 0.2 0.2 0.2 0.3 0.3 0.3 0.3 0.3 0.4 0.3 0.3 0.3 0.3 0.2 0.4 0.3 0.2 0.4 0.4 0.2 0.2 0.3 0.4 0.2 0.2 0.2 0.3 0.4 0.2 0.2 0.3 0.4 0.3 0.2 0.2 0.3 0.2 0.4 0.4 0.3 0.3 0.4 0.4 0.2 0.3 0.4 0.3 0.4 0.2 0.3 0.4 0.4 0.2 0.2 0.3 0.3 0.2 0.3 0.2 0.2 0.4 0.2 0.2 0.2 0.3 0.2 0.2 0.3 0.4 0.3 0.4 0.4 0.3 0.3 0.3 0.4 0.2 0.4 0.2 0.3 0.4 0.4 0.2 0.3 0.2 0.3 0.4 0.2 0.3 0.3 0.4 0.4 0.2 0.3 0.3 0.3 0.3 0.4 0.3 0.4 0.4 0.4 0.3 0.2 0.3 0.4 0.3 0.2 0.2 0.3 0.4 0.2 0.4 0.3 0.3 0.2 0.3 0.4 0.3 0.2 0.3 0.2 0.4 0.4 0.2 0.3 0.2 0.3 0.3 0.4 0.3 0.3 0.3 0.3 0.2 0.3 0.2 0.3 0.4 0.3 0.3 0.3 0.4 0.3
95 80 152 161 78 160 172 20 110 14 151 88 69 7 44 124 128 44 69 152 2 59 23 145 70 108 169 7 27 45 42 72 167 12 46 103 60 97 26 47 46 179 115 61 175 87 64 163 38 133 130 50 136 66 35 119 168 88 148 114 28 176 166 174 104 130 133 65 73 25 77 24 47 48 28 176 121 117 13 157 14 177 162 102 121 133 134 142 178 25 85 40 16 20 149 41 170 55 164 1 79 140 106 131 60 144 13 14 122 109 103 178 119 129 129 70 149 88 22 19 29 170 146 140 172 125 46 7 144 46 149 161 8 81 7 55 116 149 116 106 7 60 106 133 156 7 168 175 177 45 53 22 62 67 33 99 49 139 122 10 80 101 155 29 70 154 67 54 28 147 86 144 77 35 140 180 65 84 101 159 67 86 145 103 51 176 56 120 121 36 7 46 80 75 141 159 3 125 39 33 82 7 93 18 167 137 127 31 114 106 180 79 166 57 155 24 32 99 100 158 117 31 26 12 120 18 151 157 14 17 51 19 49 82 155 3 85 111 95 55 117 42 78 112 108 31 102 21 127 163 90 17 109 124 118 95 84 57 176 146 163 118 72 101 79 160 73 28 150 178 168 64 105 152 32 12 74 48 56 88 30 106 88 39 123 154 36 167 85 23 61 37 93 111 44 28 106 9 150 15 82 126 132 80 107 37 71 60 59 103 20 33 89 12 91 54 43 28 102 157 64 43 94 105 71 82 31 178 4 173 61 88 93 81 19 143 61 23 175 12 48 94 114 69 14 145 164 139 19 174 142 115 123 136 41 157 101 107 59 162 82 143 18 6 71 86 97 112 35 104 33 80 138 92 141 170 167 5 3 128 2 16 83 119 156 158 122 127 26 1 46 110 17 127 122 84 95 131 110 36 53 102 8 59 106 40 60 74 70 162 167 27 167 113 149 31 169 40 8 112 170 7 115 38 178 123 153 176 90 143 143 141 32 56 73 155 160 73 167 36 87 136 126 70 68 13 103 159 89 38 176 43 106 62 48 24 138 135 55 111 159 15 78 76 75 112 134 92 174 83 7 18 91 84 121 133 86 42 100 144 177 89 26 176 143 11 104 46 88 172 84 114 99 159 136 87 149 6 56 12 66 30 153 134 44 136 8 73 92 1 66 79 37 171 38 83 51 107 157 4 35 89 160 89 119 119 117 91 96 67 151 115 128 41 130 72 133 168 159 55 173 21 10 2 100 121 65 91 137 167 60 142 76 67 5 115 140 95 169 109 112 68 101 31 87 112 43 87 1 131 173 116 63 85 179 174 142 97 94 27 169 166 65 53 50 79 79 48 17 149 14 152 45 11 171 126 55 95 58 132 171 47 36 176 128 3 180 83 1 26 155 25 81 11 67 79 36 75 28 176 141 64 62 169 98 89 176 144 157 79 56 59 117 154 164 67 76 167 140 70 82 36 123 76 126 1 31 5 131 122 8 23 140 11 30 141 124 125 129 108 116 147 3 169 104 6 142 55 114 85 77 164 150 159 50 62 164 136 151 109 99 177 80 23 17 140 72 175 47 159 108 132 64 41 147 13 168 145 134 152 28 107 35 163 105 46 43 136 160 17 147 93 42 172 164 84 40 22 150 58 29 110 66 164 73 120 112 81 98 28 104 33 177 172 56 169 153 29 64 22 147 140 25 159 152 85 170 129 32 127 140 70 82 131 2 67 56 82 46 81 45 151 108 169 180 172 51 45 52 15 162 152 157 125 159 33 91 39 81 168 125 70 135 87 115 65 51 82 63 13 111 115 75 7 53 139 44 180 155 61 173 129 107 42 19 56 71 145 166 119 68 94 75 89 83 66 37 174 84 161 148 126 158 89 35 97 127 76 23 66 46 80 28 107 43 71 31 83 169 120 32 46 178 143 66 107 103 13 39 45 61 95 16 14 34 175 64 157 102 46 32 82 9 121 76 45 125 24 62 75 171 67 95 37 70 168 9 101 4 94 63 24 105 139 20 142 80 127 163 15 143 90 19 164 113 77 111 132 14 142 104 29 35 159 8 16 95 36 137 61 69 90 63 157 78 76 85 90 161 88 107 41 21 66 130 21 108 65 32 12 16 175 37 54 176 171 64 125 7 133 86 50 77 44 145 54 75 98 154 76 64 6 168 155 65 84 15 64 56 83 107 120 33 137 157 105 159 143 68 100 79 66 174 38 12 53 156 95 123 176 121 95 159 16 31 129 100 103 85 45 32 71 2 152 103 106 102 22 78 148 110 99 65 34 118 77 85 97 122 91 118 153 17 70 140 173 94 175 107 10 40 55 71 179 24 134 128 57 37 164 11 143 117 49 22 35 179 141 137 177 95 57 47 18 52 126 66 110 50 39 135 111 161 127 6 97 81 84 46 113 46 109 119 16 30 49 106 31 78 86 2 75 79 180 127 77 66 28 68 25 67 34 25 124 51 12 164 99 8 92 97 8 158 146 98 177 68 106 50 178 64 120 141 53 110 133 37 23 122 110 8 59 28 74 161 26 6 108 74 68 141 56 23 54 169 109 120 144 46 143 29 102 102 131 144 143 91 147 150 27 70 56 47 40 41 156 59 130 156 122 70 138 74 74 147 117 52 92 119 115 9 18 161 179 157 153 143 73 150 12 85 53 93 115 114 114 28 71 72 101 1 109 114 120 47 79 94 42 162 144 29 45 13 26 80 165 63 104 77 154 127 6 141 146 38 32 177 166 99 164 134 156 18 165 86 75 148 86 84 165 9 29 26 32 91 168 107 50 164 153 28 78 111 118 24 115 59 173 5 101 10 8 103 11 71 51 91 50 159 179 155 68 40 8 61 97 163 138 32 34 100 168 64 67 77 135 55 142 40 141 16 37 135 43 152 48 117 9 168 65 171 74 160 123 14 34 2 150 57 48 2 111 157 77 131 11 81 106 26 59 28 13 39 179 89 142 144 73 159 11 141 66 166 56 106 147 113 56 106 45 107 104 88 101 157 156 48 80 30 176 81 42 121 144 6 130 160 144 36 169 167 142 128 125 130 166 4 180 87 155 126 10 108 70 35 107 148 16 117 72 23 170 86 48 40 99 44 5 41 54 95 22 62 2 180 94 54 118 122 6 143 132 115 135 32 127 13 152 164 36 163 99 119 169 43 16 128 152 130 69
84 110 20 2 67 177 32 11 42 179 48 145 127 91 93 20 25 48 180 39 36 119 84 15 153 42 95 16 41 135 149 58 176 67 101 126 154 34 25 6 106 137 2 54 99 92 149 13 37 30 120 29 91 150 74 58 124 24 135 29 149 24 29 112 102 138 168 121 99 144 69 143 158 47 155 174 124 137 7 154 95 123 42 59 169 130 93 160 48 26 144 1 164 35 146 61 32 44 132 134 116 158 43 92 102 120 144 44 89 116 117 173 127 39 165 75 29 141 177 55 108 104 81 16 167 130 30 156 155 122 58 85 155 42 140 133 45 79 114 161 108 63 150 137 32 149 106 1 142 170 122 112 51 87 19 50 147 155 97 148 122 40 115 100 89 77 71 179 109 177 168 34 83 113 84 102 64 52 51 102 176 127 78 108 170 65 30 159 131 75 70 158 161 92 22 92 177 95 150 48 126 8 34 13 57 142 71 60 34 16 99 42 166 171 52 94 4 145 18 28 112 76 27 154 25 175 58 120 107 145 103 90 5 166 73 124 163 4 169 31 137 166 87 162 79 63 176 67 98 149 112 68 168 1 83 166 97 22 170 92 116 37 137 73 119 107 118 125 5 128 94 88 67 61 124 94 154 36 75 37 138 166 41 15 178 105 42 105 99 155 155 132 4 7 31 39 48 81 178 125 92 15 59 34 65 59 172 134 3 81 101 108 109 90 160 90 174 115 92 139 85 22 81 76 43 7 3 100 164 159 26 32 80 134 139 73 113 23 119 79 57 82 81 18 4 16 56 90 34 144 5 11 82 58 144 168 169 179 61 10 153 86 15 24 153 163 105 169 177 171 155 3 154 34 98 91 88 168 52 165 128 69 14 91 113 32 14 38 92 109 130 168 39 130 127 57 117 77 59 100 124 135 33 20 164 22 164 141 78 174 40 41 56 150 122 12 25 95 141 17 124 147 110 60 69 30 165 54 164 137 11 91 82 153 99 172 117 81 21 145 140 30 177 12 124 169 8 123 58 152 116 47 149 130 126 2 100 156 166 4 164 101 18 81 112 111 43 23 96 129 121 86 142 156 57 71 146 80 64 133 67 82 31 20 158 137 168 32 22 66 60 162 154 110 58 154 58 17 38 5 103 110 3 57 172 108 23 70 130 125 91 126 146 156 66 112 96 179 103 63 27 166 123 139 31 145 75 19 143 165 7 60 127 168 74 68 72 142 29 30 4 123 90 165 137 33 165 51 128 46 168 111 174 55 13 136 173 34 96 133 68 32 62 9 38 139 157 131 179 156 57 128 106 145 149 173 45 14 134 135 104 116 167 98 154 71 112 77 50 88 30 158 6 53 69 128 81 132 108 75 121 97 8 125 97 140 39 143 93 160 73 70 29 180 164 101 32 170 97 80 28 137 113 166 166 34 78 1 150 137 173 146 160 8 120 117 137 18 122 97 59 18 14 3 124 79 44 66 45 20 85 78 151 56 27 136 36 158 131 35 127 133 97 106 32 111 26 52 2 88 172 16 66 47 57 2 13 142 133 21 90 6 107 47 34 39 171 139 39 22 13 73 48 148 102 43 6 44 34 150 6 122 110 112 124 22 23 163 67 50 64 68 63 162 12 62 174 31 16 176 150 27 155 136 26 162 71 35 111 6 44 51 10 126 51 138 144 128 47 172 102 131 15 124 176 134 33 35 26 87 106 85 27 135 116 155 45 121 53 2 5 50 57 141 129 116 116 179 83 134 70 96 153 119 107 106 150 38 52 32 14 177 173 132 124 132 1 63 56 61 128 98 138 119 128 6 165 169 41 41 14 121 136 120 97 9 20 104 64 147 139 67 108 44 154 15 142 110 80 88 94 116 105 28 11 141 131 81 51 72 130 23 106 170 9 161 80 74 56 67 108 2 79 87 119 9 163 152 88 178 163 117 15 122 150 28 55 147 111 26 83 110 152 12 105 166 72 118 94 152 59 178 3 145 56 76 176 43 151 64 91 33 84 168 98 76 139 178 93 163 15 121 54 36 41 29 109 45 140 63 40 98 46 151 150 148 47 111 54 33 19 169 85 135 90 60 53 130 171 30 60 39 24 155 145 25 113 53 139 35 45 118 179 153 109 106 133 139 162 116 114 139 63 121 178 11 111 104 172 37 144 2 57 127 9 46 126 40 65 145 12 45 135 174 15 92 134 161 155 74 10 77 45 148 142 78 7 105 152 13 167 169 116 139 165 68 160 152 178 114 12 112 80 23 140 133 28 9 86 71 128 14 177 160 84 141 107 154 162 18 8 47 121 29 20 148 109 25 61 11 156 47 45 162 125 15 54 30 36 102 93 55 56 5 48 1 145 152 166 145 75 94 101 97 155 90 102 125 169 44 118 58 8 140 119 100 6 165 105 37 59 77 62 49 73 57 105 81 108 76 177 137 86 11 152 152 26 92 153 158 153 12 106 81 45 102 50 50 94 36 76 27 152 155 103 164 106 154 63 63 65 71 77 64 6 21 167 50 30 103 96 178 170 115 86 76 26 139 4 107 83 34 118 149 43 96 24 4 128 31 161 15 88 155 12 22 160 178 167 85 149 133 40 17 150 34 26 155 92 128 11 94 81 168 53 91 152 176 127 109 22 133 155 169 133 99 73 90 122 48 95 172 130 125 80 124 19 140 94 116 69 93 174 103 93 71 58 166 126 111 169 138 115 92 149 33 63 91 28 177 137 98 38 118 68 39 45 180 81 48 11 82 99 13 26 84 75 44 41 145 35 96 137 154 92 167 29 31 31 54 17 118 162 22 150 3 113 82 174 103 104 122 150 172 126 87 20 135 163 146 42 165 166 10 101 28 31 30 130 66 180 145 49 116 12 99 94 131 141 49 176 75 171 21 89 12 115 6 29 150 88 103 104 59 102 114 37 7 141 100 144 94 161 120 59 113 119 122 78 146 47 62 22 36 49 74 106 28 33 42 79 63 145 82 161 23 28 125 176 78 81 130 179 83 179 85 140 142 179 176 39 162 158 126 125 84 165 139 109 14 146 87 134 45 140 123 62 26 110 140 11 107 30 45 158 74 4 46 20 63 102 15 57 113 14 35 167 83 146 85 97 123 161 156 71 30 126 88 176 152 174 20 91 97 147 26 131 135 37 48 73 153 151 165 6 53 94 14 47 177
38 105 37 37 79 41 68 109 64 60 140 92 16 22 51 54 163 145 157 64 27 102 85 143 58 50 6 141 72 180 37 111 39 92 87 79 135 70 44 66 32 42 113 110 125 96 160 119 34 159 114 93 79 15 4 12 109 60 77 99 171 4 113 10 87 63 102 37 15 162 14 25 84 98 52 53 46 83 126 45 69 86 90 109 52 148 116 54 156 170 8 107 36 138 123 60 22 94 147 156 134 94 128 126 50 15 156 12 86 149 91 134 49 27 134 140 41 47 39 74 165 9 136 125 68 175 159 34 34 174 146 20 135 9 179 132 12 23 34 42 126 104 76 64 62 11 103 71 59 10 47 156 34 6 19 21 60 137 106 51 116 132 174 51 74 166 14 91 146 153 26 82 115 147 91 112 3 6 24 94 118 27 96 61 64 82 9 113 130 43 1 66 145 61 127 98 60 116 8 160 27 121 4 118 157 67 45 52 40 27 74 110 65 75 82 149 105 127 115 47 65 66 178 63 108 160 137 90 49 55 157 14 67 176 134 147 180 55 6 134 65 153 65 51 157 178 58 177 92 72 178 140 29 129 1 68 47 130 105 85 91 175 83 61 31 111 94 105 140 31 76 57 133 101 57 7 131 139 11 35 174 33 51 37 72 84 148 63 151 54 68 33 82 43 42 82 80 134 150 25 118 12 138 14 152 78 179 179 140 102 18 106 44 135 70 19 171 8 134 138 107 92 125 2 94 65 58 92 150 52 10 65 41 163 94 124 118 42 151 173 51 156 22 125 151 52 77 63 118 124 118 142 94 29 167 173 128 112 78 111 24 128 21 160 138 166 27 105 2 15 83 175 132 18 83 91 81 94 153 159 143 148 78 170 63 13 123 154 91 171 110 160 105 104 32 154 6 150 142 87 15 100 47 130 52 141 60 43 43 165 151 41 11 25 51 85 139 119 133 124 1 63 179 166 164 156 20 134 45 176 86 127 8 114 59 111 1 103 124 160 135 156 8 72 114 108 176 8 98 138 34 25 22 21 21 93 168 164 141 77 70 113 74 46 62 11 161 173 58 143 52 51 106 167 122 17 12 68 137 75 148 33 101 89 97 29 138 37 118 87 24 76 80 179 151 130 108 129 21 29 169 26 64 101 106 128 153 158 110 2 58 83 12 35 145 93 61 164 158 88 51 38 171 155 139 168 116 107 150 98 60 56 80 42 50 147 179 23 67 141 143 147 180 142 38 95 64 144 139 158 132 24 109 83 131 25 116 52 52 10 112 119 45 175 156 105 87 89 4 30 70 91 88 79 92 94 11 98 74 65 173 112 162 101 180 115 37 153 56 61 8 132 62 136 100 5 77 169 123 119 154 96 59 138 42 78 158 101 109 38 94 114 163 35 127 161 58 5 23 93 129 124 11 178 114 111 72 157 28 113 167 107 58 56 77 141 149 26 135 140 108 171 6 73 35 156 13 130 2 179 122 134 81 176 60 155 138 21 105 113 103 76 139 84 94 123 38 1 74 12 27 105 72 52 31 104 40 90 141 161 150 62 166 56 88 96 70 132 19 51 84 159 141 61 36 152 123 133 24 63 4 17 104 21 162 30 107 20 103 5 128 136 29 85 93 112 170 44 98 109 21 22 25 142 6 29 25 57 41 159 44 2 14 1 75 56 48 169 44 102 120 144 42 139 157 127 15 180 76 79 55 65 113 141 51 67 144 90 41 52 126 125 87 139 109 59 56 157 128 70 39 163 76 136 46 84 72 161 112 95 39 43 94 16 23 80 1 67 73 144 31 129 36 33 124 43 110 66 28 51 119 101 56 6 158 33 112 62 38 63 46 24 164 47 60 46 87 13 78 174 173 95 45 142 178 73 10 94 99 66 68 130 11 114 32 101 138 176 108 80 117 43 35 63 163 68 3 175 115 177 69 102 156 104 106 160 171 175 150 95 179 132 68 69 136 92 24 128 142 82 151 10 128 75 115 168 52 21 69 105 156 179 140 160 179 72 65 106 47 88 101 51 110 65 167 12 120 21 145 144 77 86 50 155 175 132 88 91 179 110 29 105 25 98 151 13 165 46 160 141 135 177 48 107 4 56 44 162 34 140 143 2 150 120 144 60 42 122 171 57 144 65 102 89 156 10 120 164 93 45 95 51 136 156 61 2 68 167 158 142 11 170 97 173 41 166 78 167 51 172 76 65 122 120 110 45 49 138 142 174 16 164 70 8 42 54 113 179 28 12 27 139 44 87 66 73 33 38 77 155 180 137 58 92 74 91 18 146 164 151 28 154 20 166 179 108 50 74 167 116 167 156 177 147 169 137 155 132 145 24 4 106 108 126 160 51 116 62 78 25 36 157 63 85 74 13 8 36 134 96 144 51 24 75 172 22 77 65 86 99 27 149 99 170 49 1 35 114 100 6 159 178 81 50 165 147 78 8 150 109 127 19 68 83 112 174 141 16 75 21 143 96 133 26 145 48 70 105 65 122 167 109 89 22 64 7 69 8 99 139 87 101 109 53 19 95 108 17 130 134 64 91 138 25 75 50 113 161 89 20 33 134 166 28 105 98 63 126 77 18 39 116 28 143 45 110 2 11 39 122 110 62 15 5 145 121 7 122 52 94 6 152 49 81 50 119 149 97 170 117 16 122 141 29 96 12 115 29 161 142 30 75 74 69 158 33 4 43 145 25 87 38 80 171 43 118 82 151 47 3 52 14 48 152 98 111 25 89 128 160 153 49 112 53 127 144 67 164 6 52 23 33 44 74 65 58 173 156 128 39 20 140 15 161 59 31 162 30 13 123 30 37 159 124 73 111 112 31 175 147 35 122 56 16 39 31 99 14 111 59 122 177 120 137 30 159 60 51 103 24 12 151 125 10 74 33 69 92 125 119 37 65 37 40 2 104 136 33 61 74 59 34 117 114 14 35 61 44 91 3 95 73 76 30 13 118 107 29 45 6 68 74 81 173 93 161 140 158 73 53 95 74 1 165 101 127 140 35 60 21 55 169 138 75 45 19 149 44 178 162 109 150 46 51 99 103 98 115 29 124 33 131 172 131 176 34 134 12 135 121 58 36 93 45 110 162 108 81 8 127 111 94 159 163 59 28 80 38 129 115 54 58 174 144 95 13 110 26 82 39 165 164 116 94 107 10 82 86 129 72
175 80 132 115 68 97 44 155 36 178 57 94 68 129 55 17 70 102 112 45 106 105 95 99 110 176 153 143 138 168 93 118 28 45 130 23 41 119 70 42 88 27 12 57 154 143 174 42 72 100 8 108 151 22 158 75 57 53 53 144 8 162 123 115 36 110 17 42 97 31 179 125 53 145 61 138 54 20 17 104 121 107 167 68 69 137 155 145 91 157 20 132 112 25 59 125 74 119 153 137 113 164 155 51 93 115 163 54 117 91 43 143 24 176 125 14 57 133 15 125 31 35 20 109 151 167 112 151 167 81 8 17 72 14 76 80 4 33 167 147 105 50 68 105 20 157 131 20 43 138 160 36 15 158 37 30 54 53 77 60 94 89 55 142 99 15 156 34 5 132 1 6 44 44 38 146 111 158 138 139 84 22 37 151 102 68 104 123 47 61 37 156 57 69 38 2 145 179 91 123 164 74 83 9 28 144 133 41 119 50 164 151 104 160 74 130 38 50 67 6 159 165 27 86 58 141 169 7 153 163 60 147 6 29 52 106 53 119 81 132 149 32 19 36 46 87 140 120 48 54 119 48 117 167 90 116 174 79 78 50 20 175 163 114 87 35 21 40 147 163 150 97 146 113 71 161 167 2 76 79 130 96 77 132 109 84 82 95 83 28 71 128 17 63 71 129 113 3 57 13 90 40 59 26 8 65 168 120 126 134 153 165 7 16 87 119 54 97 129 122 10 72 6 15 18 47 7 180 154 55 10 137 33 15 112 42 152 56 175 163 92 78 72 133 162 142 17 111 125 106 88 11 77 57 151 132 167 175 139 98 16 26 170 130 25 107 103 164 79 30 151 155 50 10 111 31 9 163 149 40 115 120 26 171 65 52 118 166 129 171 131 157 107 35 142 58 82 75 1 60 83 172 40 121 132 121 22 105 73 12 158 60 16 79 124 143 92 58 169 135 30 8 173 67 145 67 145 177 16 154 78 86 34 154 130 172 160 111 146 22 34 160 68 152 81 12 113 50 76 155 134 9 57 142 43 62 95 152 81 33 108 55 171 150 103 148 92 61 151 40 9 113 39 118 153 161 113 62 22 161 16 117 78 150 46 25 109 2 37 141 127 149 44 132 129 83 119 23 51 87 48 17 23 84 89 109 161 83 139 76 130 97 173 27 106 112 139 64 161 46 81 64 93 137 131 59 38 119 27 22 65 72 86 40 78 142 174 61 94 35 100 23 165 2 6 58 13 142 105 155 125 61 80 34 123 168 64 83 170 158 65 62 105 55 2 51 175 116 154 69 179 168 97 4 115 139 16 178 88 4 33 128 161 66 74 37 93 45 170 160 41 89 90 121 180 43 126 46 98 78 61 113 48 138 76 136 102 151 65 14 20 74 72 139 102 7 44 64 157 159 73 164 164 117 97 158 172 157 123 11 101 159 70 4 130 24 121 88 101 13 38 72 150 134 4 27 80 131 169 133 100 41 134 132 49 43 75 66 23 134 7 128 29 93 1 40 44 58 161 84 154 38 75 92 36 157 94 175 85 164 152 98 92 42 148 74 114 30 42 161 160 151 15 72 98 168 54 150 34 29 90 148 40 73 104 53 118 103 108 144 90 166 109 95 163 157 146 179 165 95 161 100 4 94 97 118 6 92 134 120 84 147 169 34 85 132 162 46 123 174 176 154 27 4 56 147 51 73 75 3 148 31 175 138 175 73 36 23 122 108 128 17 23 93 111 170 135 142 85 143 90 53 173 107 180 130 32 75 137 120 120 99 178 101 168 129 83 111 107 26 6 64 125 152 110 36 135 109 133 36 134 152 103 18 99 140 44 159 165 85 162 129 147 113 134 152 176 95 21 121 62 78 31 65 172 32 21 167 3 130 157 141 122 54 65 14 116 127 114 45 98 62 92 89 160 116 82 26 51 5 24 8 118 67 12 36 169 118 175 84 9 89 138 146 46 164 101 156 28 87 46 161 84 30 67 50 71 63 100 137 166 11 34 93 100 147 159 43 79 27 131 30 30 79 13 6 170 111 54 15 36 92 121 133 41 111 4 122 157 61 175 152 74 173 38 112 160 180 58 78 3 61 172 5 99 151 34 44 47 171 130 13 4 142 29 107 58 160 73 4 46 7 54 2 66 102 157 128 156 112 67 72 152 4 165 131 112 138 109 177 108 33 18 110 108 96 82 39 172 80 88 86 117 153 136 127 60 5 63 145 118 82 105 179 63 171 111 64 148 38 68 142 53 117 127 41 139 113 83 21 90 84 49 164 167 121 172 75 51 57 137 30 38 53 47 155 37 26 103 29 177 113 39 165 40 3 130 36 22 92 113 74 118 11 74 59 20 39 154 81 38 100 26 114 161 26 31 129 92 152 104 61 113 165 11 124 175 107 122 134 34 78 42 127 89 47 47 177 62 160 95 30 160 105 160 95 103 104 48 30 123 83 19 76 127 103 143 51 74 123 39 29 93 140 59 167 29 70 68 37 33 28 180 126 137 157 32 138 84 96 5 12 67 170 64 98 62 113 89 52 107 94 50 164 73 9 146 23 127 84 56 35 60 34 74 160 138 63 31 22 100 158 134 66 139 146 55 83 102 4 37 178 94 51 8 98 79 34 109 144 146 131 136 109 17 82 1 47 65 139 164 134 169 83 84 164 26 70 11 130 17 55 144 109 158 10 35 103 35 93 24 122 59 101 180 14 108 163 156 90 66 80 156 37 59 25 161 112 50 129 177 41 41 79 157 165 161 158 51 111 103 103 144 123 158 3 50 17 108 102 158 130 171 166 25 62 64 175 25 7 141 4 32 138 88 175 139 9 67 119 65 153 63 144 169 94 36 157 5 149 118 132 41 134 20 33 153 127 172 151 13 45 81 23 56 90 96 102 67 131 70 30 166 83 70 170 30 132 178 99 76 87 100 131 33 135 73 124 110 179 142 51 19 117 7 124 129 40 78 130 159 170 163 140 72 128 83 96 114 105 37 102 81 76 54 24 125 74 62 3 18 87 105 169 43 78 124 149 153 157 47 124 58 140 112 9 137 104 166 30 20 24 21 65 47 158 82 37 57 47 42 141 179 94 129 98 115 32 118 121 81 93 33 84 97 168 134 9 92 4 160 25 93 51 47 94 133 120 79 172 23 118 148 32 100 159 67 46 112 2
72 23 40 132 29 111 111 87 144 97 85 173 34 23 131 57 176 76 41 12 11 90 48 10 67 136 164 91 128 62 80 103 101 65 6 16 80 122 57 136 39 109 15 25 86 69 169 15 40 125 174 78 139 7 73 132 160 14 78 179 172 109 144 150 68 78 160 12 144 50 21 80 172 118 133 133 68 155 62 179 171 52 94 76 60 30 97 139 88 63 20 99 75 51 106 167 145 27 31 142 147 176 45 87 157 163 39 152 63 77 84 51 150 3 150 84 170 84 70 144 61 180 154 162 6 133 166 158 72 31 49 167 106 152 65 80 119 56 26 108 2 147 47 109 59 109 57 168 40 78 135 105 49 176 48 120 101 102 4 126 107 107 126 84 130 9 34 90 15 151 167 10 140 175 55 80 138 88 98 152 127 119 25 172 153 155 108 24 24 119 1 68 171 4 5 24 1 83 177 74 84 41 115 61 68 23 111 24 144 95 137 104 31 119 75 82 77 178 112 17 46 103 139 170 102 140 43 110 156 79 90 76 84 133 46 39 70 54 48 2 121 105 137 143 20 172 147 31 76 102 39 103 54 116 177 7 77 154 35 173 152 117 106 103 65 41 122 74 99 153 80 111 161 133 150 63 113 131 74 124 177 91 11 132 13 35 55 14 81 74 17 138 89 112 103 92 138 82 138 104 5 93 10 142 62 74 37 35 100 32 132 104 170 132 66 65 103 78 20 126 168 90 171 20 68 121 35 2 52 51 162 28 63 172 112 37 116 168 147 54 21 171 141 135 59 168 121 25 37 169 13 1 128 58 81 159 82 163 13 174 110 36 21 22 46 103 28 121 39 54 81 161 99 9 46 8 22 95 171 55 24 43 39 123 136 95 178 176 105 40 92 146 165 7 66 96 173 22 148 99 13 41 4 108 100 96 56 47 9 44 47 99 114 144 48 58 113 61 68 136 85 51 80 117 132 167 12 80 137 84 120 88 164 24 120 44 44 122 128 108 27 140 135 50 142 121 152 117 105 83 83 43 159 122 54 30 52 15 162 121 139 53 16 39 152 57 69 137 152 20 174 76 98 52 32 149 83 123 21 152 178 84 62 77 178 10 30 93 10 69 27 78 32 108 96 172 96 23 107 17 147 149 116 3 70 6 101 151 65 41 106 51 114 47 151 103 88 33 160 120 90 139 104 117 79 58 149 95 107 72 77 12 102 46 142 179 163 115 116 52 29 176 81 125 106 23 19 87 141 147 146 112 3 54 98 57 101 73 24 163 132 137 175 21 14 10 74 84 94 107 29 141 38 6 39 86 129 161 148 81 118 36 176 167 40 59 157 26 129 155 20 168 156 43 162 129 176 166 166 110 48 95 140 45 32 137 55 138 56 89 51 163 134 107 45 24 176 88 35 83 94 89 5 86 144 130 112 88 105 84 109 137 83 161 116 163 115 102 177 136 141 2 32 158 93 164 135 11 163 123 47 84 140 43 79 158 159 138 113 133 71 56 62 103 5 171 20 134 158 76 41 8 90 115 93 144 108 20 105 160 95 160 9 59 171 127 3 114 111 31 74 77 1 165 81 32 131 112 159 120 79 105 143 15 43 42 15 31 15 179 173 153 179 176 25 152 70 178 127 12 155 142 72 95 78 131 130 168 137 53 126 56 4 90 143 26 118 178 37 62 23 144 162 106 169 86 20 67 152 2 173 85 93 87 45 73 18 76 96 151 141 62 21 78 48 147 175 114 105 65 50 84 107 178 61 13 134 23 145 135 109 87 67 31 155 80 129 13 90 169 145 139 102 39 26 73 122 67 127 136 110 158 90 123 171 135 77 155 16 119 59 81 117 3 114 27 99 1 119 56 172 26 150 151 115 84 121 92 157 62 6 140 80 155 84 150 118 18 169 141 111 106 23 136 34 134 89 159 74 91 171 82 58 159 5 176 12 33 6 117 143 109 101 108 80 66 169 83 75 133 90 132 145 165 110 179 26 96 112 103 84 7 140 55 89 119 27 27 4 138 95 153 156 138 24 76 22 94 159 152 28 20 66 49 59 140 166 92 33 166 135 135 113 67 35 88 35 99 142 139 57 22 97 141 99 102 150 10 32 23 72 180 136 151 39 29 43 169 154 14 38 98 105 136 118 165 26 91 106 24 151 5 177 55 54 70 28 40 178 16 97 127 133 163 140 89 87 173 62 81 46 97 127 8 51 160 84 178 88 144 62 169 33 102 59 118 88 109 26 79 126 180 47 39 138 133 140 17 108 6 69 175 113 163 102 180 128 99 158 153 100 70 87 128 144 94 7 35 63 49 143 118 94 131 71 142 74 12 22 108 133 52 117 103 107 119 173 78 135 38 91 154 119 90 174 154 66 61 80 77 136 105 164 52 18 103 46 10 86 12 129 115 22 85 20 177 139 42 58 73 16 176 65 103 149 2 113 97 105 116 117 106 37 36 83 47 123 30 130 116 1 40 55 165 180 80 36 101 94 31 6 95 156 26 163 102 128 169 107 67 25 178 108 132 24 49 63 62 102 92 127 140 88 71 96 75 2 35 41 67 14 140 48 12 88 113 172 85 87 69 9 139 25 32 52 96 153 180 82 172 73 158 72 13 122 41 156 148 43 161 8 152 68 162 168 135 72 45 90 177 6 49 8 139 71 133 151 40 111 89 35 133 130 89 44 80 127 102 177 27 97 158 150 73 80 1 87 127 132 25 150 21 180 119 2 165 17 102 7 70 80 165 138 155 112 68 107 69 140 86 27 178 33 86 113 58 165 61 42 157 61 42 162 139 126 19 84 96 53 60 152 38 103 97 124 136 69 88 26 77 170 17 169 60 172 9 105 1 32 21 91 28 70 167 125 91 101 178 102 72 120 37 80 170 28 64 7 86 137 10 176 13 18 155 135 54 120 90 95 136 101 14 136 52 13 52 63 88 44 172 109 136 53 4 66 132 72 34 58 148 114 178 60 161 52 108 107 152 64 175 60 63 84 3 96 46 179 117 20 19 98 96 165 62 47 72 93 169 72 105 26 42 159 151 74 11 10 43 64 54 122 11 104 89 166 84 19 55 134 166 46 68 156 62 157 168 125 43 104 72 175 114 44 45 31 104 68 68 142 166 170 102 87 11 109 159 179 170 138 168 45 152 37 172 84 153 41 118 30 40
5 145 98 159 12 32 39 25 100 92 121 103 169 166 44 1 10 65 84 64 127 94 85 48 116 170 67 1 18 6 135 47 169 79 152 8 12 117 116 23 87 21 104 66 164 94 155 124 120 51 85 174 87 4 146 127 134 61 136 168 128 31 50 175 148 59 100 28 76 57 175 95 6 84 100 32 64 88 21 156 18 133 169 24 64 34 116 20 2 125 4 11 133 66 169 24 105 92 140 8 110 28 97 114 22 40 61 90 168 113 64 96 92 159 101 110 106 4 169 86 67 131 111 164 174 112 62 64 92 93 119 27 113 125 50 127 1 164 162 113 130 62 164 109 32 41 17 111 82 64 130 172 118 156 155 123 90 176 86 149 95 132 30 144 30 52 78 102 25 27 55 164 99 68 22 45 156 24 150 50 164 1 38 122 122 13 118 137 28 74 52 66 134 134 118 73 69 28 8 98 144 150 54 110 170 38 139 64 179 158 74 119 65 142 180 88 15 44 88 169 21 8 127 134 41 3 76 128 152 85 27 65 20 34 139 23 26 123 128 29 35 87 168 164 144 104 59 140 106 22 64 113 50 36 104 65 66 106 130 95 39 62 8 161 163 106 46 142 177 126 105 101 46 6 34 12 84 36 52 177 72 119 164 79 169 98 149 160 1 128 79 34 138 111 171 66 29 143 172 32 1 176 51 9 113 84 47 28 26 28 89 150 81 165 81 13 51 159 137 175 97 30 162 161 124 1 172 125 32 30 11 135 65 71 6 24 157 22 34 74 180 117 37 6 169 176 130 97 98 119 42 67 146 169 30 130 8 156 87 46 40 121 31 160 15 159 61 18 21 175 89 100 98 80 165 28 83 153 86 114 63 102 73 79 104 48 41 165 131 1 124 76 7 162 70 81 34 112 64 141 67 119 150 71 68 135 68 39 118 55 173 81 134 6 80 170 150 41 39 101 141 24 110 147 159 48 179 131 46 47 158 45 76 149 59 52 159 43 44 176 34 7 67 28 122 178 105 103 136 175 54 134 107 95 57 18 11 173 134 135 83 57 97 130 80 122 75 54 41 18 102 165 126 78 80 180 134 26 118 19 151 114 6 146 77 134 125 124 101 27 135 42 177 146 115 96 75 47 31 158 173 127 91 97 76 71 131 64 78 12 135 6 2 94 41 64 56 140 27 129 100 70 131 98 118 110 151 2 92 20 17 143 155 87 73 171 75 140 112 60 103 123 107 142 32 27 87 129 112 72 102 27 143 46 83 124 172 126 136 135 66 103 77 4 70 88 55 123 61 115 110 43 78 131 91 166 171 126 124 157 31 136 144 88 176 40 150 7 161 107 48 79 57 89 43 22 85 47 89 113 149 82 84 6 130 118 106 85 39 26 19 109 148 90 66 94 158 112 3 178 117 85 35 74 43 30 89 171 126 78 96 137 48 8 88 139 155 169 151 71 149 120 91 139 83 132 122 105 80 15 94 65 23 149 19 53 23 51 155 169 169 24 99 41 124 127 28 117 129 146 88 30 65 51 131 94 122 158 178 133 90 175 4 6 92 46 122 14 168 60 121 104 79 167 18 81 48 5 57 94 66 127 43 7 127 108 167 177 8 112 180 108 82 92 9 142 91 74 121 171 125 17 114 64 30 81 106 125 15 98 74 71 109 122 179 130 136 165 85 135 178 36 55 169 130 141 49 109 106 37 145 40 4 103 35 165 94 164 41 147 98 120 143 64 170 172 178 27 174 49 117 138 178 114 55 63 20 104 108 74 44 42 41 124 27 128 114 72 174 115 17 24 46 100 135 101 88 88 43 179 88 179 2 56 129 134 112 162 105 38 14 17 139 93 118 23 25 10 80 31 118 146 48 150 81 29 8 157 94 79 117 11 49 135 177 153 3 81 86 65 165 130 145 143 76 34 134 24 6 57 12 57 150 46 65 18 10 137 59 103 116 150 166 105 62 129 91 85 160 175 78 53 66 138 39 27 160 13 58 97 166 11 92 151 171 40 109 143 72 91 44 6 147 3 134 109 9 25 116 33 26 149 16 93 41 72 14 107 60 29 165 30 96 125 24 16 13 26 18 103 175 50 45 152 27 110 74 41 176 50 63 146 134 122 168 100 68 67 69 84 139 168 164 25 55 150 43 132 24 96 18 53 14 26 84 38 122 140 127 48 94 125 162 53 179 83 145 120 82 154 137 140 179 66 101 155 133 141 15 151 9 23 142 149 86 19 64 164 117 180 83 178 180 43 68 99 11 171 47 147 83 118 48 55 114 179 97 139 172 84 139 160 103 65 3 8 152 49 24 111 82 8 10 74 134 27 62 131 51 111 36 135 172 109 174 128 45 18 120 21 16 142 2 56 64 169 23 43 11 98 153 102 41 82 110 28 115 131 9 93 18 96 177 174 171 143 28 116 96 168 79 42 23 177 121 80 178 25 149 109 157 146 73 1 178 174 94 70 23 16 42 180 78 144 102 96 171 88 143 116 134 35 169 64 85 71 48 118 121 4 127 155 84 58 96 79 47 1 60 67 133 88 116 29 2 154 122 14 17 152 49 125 57 31 18 37 41 97 65 28 4 76 23 121 67 174 23 72 51 125 96 102 10 144 169 174 173 149 29 71 54 32 54 158 30 35 154 21 60 92 130 101 60 77 59 172 160 91 170 125 86 2 140 116 111 134 173 165 46 9 87 22 69 175 103 90 17 135 126 179 139 138 24 154 70 49 23 44 110 21 154 36 93 123 151 160 79 174 45 28 70 7 179 124 157 154 53 50 138 175 67 14 78 81 163 159 76 158 32 39 98 58 74 92 148 158 107 112 136 84 130 34 48 144 166 69 14 87 172 48 18 80 168 82 37 100 54 161 146 104 164 119 75 136 112 176 75 73 29 79 32 90 175 115 84 87 60 79 61 46 65 144 51 92 133 177 41 73 177 2 27 169 80 47 14 54 166 152 103 74 26 172 22 93 113 42 16 174 18 56 47 95 73 150 155 91 110 35 46 141 133 132 135 91 76 77 72 116 143 166 167 35 159 97 45 117 11 69 12 59 91 14 91 79 133 102 30 119 142 3 9 107 166 125 50 76 18 83 80 110 107 120 12 149 64 46 68 120 120 141 138 114 119 10 69 36 80 164 46 149 9 89 75 1 23 111 17 104 145 30
133 79 179 141 95 107 65 71 100 70 124 146 6 128 101 38 9 84 85 146 58 66 154 104 117 138 43 84 74 65 65 57 14 99 163 125 8 138 176 28 158 68 111 106 155 54 46 99 142 26 27 140 69 79 81 9 146 20 93 16 83 59 18 107 128 133 144 58 104 67 103 11 47 78 98 72 78 47 114 10 168 77 84 132 56 124 89 128 18 113 95 56 54 113 139 147 175 129 173 153 156 71 109 101 89 61 160 148 159 110 97 164 45 47 165 71 61 91 108 102 164 139 180 87 69 32 87 69 40 145 21 73 170 84 121 63 66 27 177 9 173 179 153 1 35 75 175 24 20 50 78 10 121 101 39 103 148 16 28 121 64 17 102 45 57 166 42 38 29 27 51 148 70 46 83 72 98 95 11 125 36 117 5 14 153 141 28 149 31 143 134 143 142 90 101 93 20 130 89 139 7 162 32 35 132 59 137 39 38 126 172 7 67 104 20 154 175 98 123 127 95 69 84 2 108 152 91 134 81 157 47 100 96 11 145 145 34 160 92 88 22 83 22 150 9 2 137 24 67 113 107 76 146 62 135 135 77 106 32 30 142 121 176 38 170 148 153 85 38 73 84 92 105 161 113 140 57 43 135 125 47 38 120 25 95 103 81 57 72 89 70 40 131 99 111 106 110 48 11 15 1 32 65 135 156 81 63 156 109 60 98 88 168 166 30 68 149 79 14 88 54 44 152 73 22 168 89 8 137 51 45 64 169 159 138 92 16 97 114 1 101 65 12 13 136 123 1 155 56 129 86 90 85 137 170 145 105 70 140 102 29 6 34 38 136 111 53 19 160 66 139 21 4 78 22 35 140 153 83 42 75 171 81 156 80 62 94 66 102 146 110 12 82 69 178 56 82 105 72 177 180 147 42 119 61 41 24 64 104 155 50 113 142 28 120 114 46 156 101 179 82 101 85 61 161 66 119 102 167 70 162 44 13 178 60 146 93 151 180 103 123 173 160 63 100 16 8 64 152 59 24 150 107 141 37 111 112 91 110 159 173 53 133 164 95 10 7 45 20 154 84 172 168 67 111 83 155 43 159 82 138 173 111 39 39 146 173 45 63 3 177 145 174 17 158 126 66 31 85 165 86 8 163 2 99 36 14 56 146 34 179 45 150 28 36 64 31 111 72 20 52 25 73 111 147 87 52 147 102 132 22 36 95 19 66 2 19 132 105 137 43 114 171 52 78 23 28 166 159 166 4 144 78 44 147 172 102 64 152 89 27 6 15 129 62 94 48 17 50 173 151 69 118 27 162 115 98 178 52 148 62 135 151 77 75 76 133 121 84 58 69 36 30 130 108 120 144 120 94 6 167 21 54 102 72 105 43 135 23 102 17 133 14 24 33 14 47 5 58 99 100 2 89 158 149 125 119 90 124 162 150 32 42 13 146 168 45 30 177 30 85 64 77 143 137 37 105 89 59 16 33 44 64 147 6 69 22 23 46 45 177 132 46 15 3 173 65 180 171 2 102 59 133 113 117 96 106 121 85 155 180 17 41 161 96 2 131 123 50 137 107 40 116 121 24 110 117 43 110 175 135 140 97 162 10 141 133 53 36 72 25 142 109 47 141 62 14 137 141 3 102 50 12 174 177 144 24 46 63 17 111 147 20 10 52 169 69 110 147 15 41 40 150 20 32 53 16 119 20 172 136 1 161 40 27 10 92 71 48 26 97 99 118 12 55 94 116 148 115 69 41 171 69 122 166 26 135 137 14 21 45 34 48 72 99 27 69 85 45 161 16 106 49 59 176 4 83 39 133 7 52 174 141 40 36 47 171 115 174 112 125 22 126 21 75 117 124 172 58 68 114 107 99 86 62 91 120 29 27 31 143 61 34 51 129 101 104 23 117 71 147 4 48 54 46 84 32 38 82 25 112 145 162 124 16 34 29 85 164 65 37 98 160 67 5 1 118 171 170 67 164 154 159 9 72 41 129 150 73 174 48 25 126 146 21 151 138 152 69 138 32 36 147 145 81 21 165 26 158 88 100 55 157 150 15 129 35 118 93 123 100 15 112 81 82 144 83 31 111 75 41 69 93 167 38 49 26 109 125 177 58 104 99 29 168 144 110 142 78 145 27 62 75 62 156 158 12 36 145 167 164 68 32 107 165 133 18 19 70 153 77 103 111 10 175 59 21 136 91 145 87 8 142 159 97 47 89 83 153 143 47 77 93 118 67 151 116 169 142 151 81 114 135 112 147 18 119 145 71 114 162 34 95 108 127 99 174 25 126 101 80 101 47 138 106 120 123 122 178 98 2 151 16 133 179 142 109 91 127 18 40 116 15 88 115 45 116 52 4 65 137 141 146 54 6 115 5 34 9 44 23 130 60 143 145 141 65 141 111 28 5 87 136 80 97 60 129 83 93 33 54 106 37 81 78 62 95 97 79 13 65 117 98 38 99 4 14 72 123 41 20 108 69 57 66 135 91 88 118 42 83 120 72 31 160 62 107 170 90 46 112 157 84 99 82 156 71 39 165 91 65 85 141 150 77 108 84 66 148 150 140 161 97 84 111 107 67 44 77 166 97 139 138 147 95 78 131 96 6 54 162 70 117 121 102 61 159 9 98 103 50 120 83 4 50 83 160 100 163 66 72 126 83 137 63 52 134 68 160 161 123 81 79 12 32 132 176 11 65 22 117 119 97 126 55 113 148 5 73 51 123 139 70 72 74 136 172 115 119 179 24 39 128 28 105 2 179 127 128 101 30 99 13 14 60 82 174 6 56 120 94 78 135 169 163 126 112 33 69 16 151 64 155 56 68 155 162 149 19 70 77 30 82 70 147 166 115 180 53 132 49 81 47 156 5 134 142 101 89 8 59 113 130 117 128 92 86 144 125 64 67 100 65 133 63 53 146 7 39 16 4 148 4 168 43 51 47 175 163 137 137 24 80 15 37 117 119 171 37 88 119 113 13 162 104 142 89 104 118 19 4 88 112 120 38 78 103 1 137 59 49 10 1 162 145 77 133 89 78 134 35 114 132 167 148 87 56 80 21 116 59 147 114 33 84 88 142 141 172 79 79 133 180 125 26 171 54 77 55 23 121 2 83 126 102 133 130 68 68 52 167 53 76 178 73 134 93 111 97 46 36 80 122 172 63 38 149 82 113 118
62 159 63 40 155 161 148 70 65 18 83 83 72 61 74 152 45 37 69 9 56 174 28 81 66 138 144 42 87 51 4 121 106 97 88 76 171 162 34 72 61 132 125 121 75 88 81 106 68 15 63 23 176 105 40 165 138 43 40 18 46 1 15 176 32 2 113 58 159 116 8 46 124 168 32 75 157 107 30 44 141 124 180 128 36 15 62 139 21 92 62 111 82 172 78 121 88 173 33 65 168 62 105 56 93 101 130 150 46 64 9 124 2 28 56 176 111 150 68 111 77 46 109 63 32 151 74 4 175 66 160 41 8 51 152 133 71 163 117 164 162 34 171 109 50 7 31 81 46 177 83 174 53 170 32 45 175 53 136 170 93 120 21 87 46 82 40 11 27 159 47 22 59 174 104 140 64 40 38 26 172 150 18 53 177 105 97 103 106 30 61 41 57 68 179 44 95 31 34 68 125 133 178 43 110 151 138 9 30 104 38 36 118 69 90 47 155 120 173 27 36 126 65 138 169 66 37 58 153 170 30 145 48 14 145 25 132 81 167 161 88 141 9 116 87 66 147 23 46 131 108 66 163 44 7 84 77 61 94 165 24 115 69 165 147 172 135 125 104 22 70 12 78 22 26 133 100 69 101 178 138 118 94 124 99 81 79 4 31 48 46 94 85 126 27 27 30 131 66 51 140 105 173 159 167 46 121 9 180 50 146 158 92 98 42 155 176 137 10 20 90 7 113 4 143 104 63 25 128 139 114 142 67 23 103 4 99 80 3 12 12 114 35 50 128 179 101 53 68 138 135 62 141 29 14 63 115 172 120 31 32 18 83 90 15 170 57 119 119 126 57 139 90 91 168 12 64 33 34 3 106 22 38 176 77 146 61 60 149 60 63 164 79 25 115 32 97 141 125 42 135 16 14 153 57 166 44 23 9 28 141 18 78 152 23 166 107 14 26 156 123 9 3 153 45 157 31 59 32 90 31 56 171 19 128 176 102 111 108 75 179 122 179 107 168 26 104 70 4 158 111 88 124 5 51 151 114 38 28 118 161 133 102 55 43 106 31 94 29 72 43 111 153 178 146 47 57 35 23 31 5 168 118 109 100 146 5 127 81 71 63 121 127 37 168 34 82 112 173 137 68 120 29 116 50 37 160 16 166 54 110 164 146 141 61 13 156 152 123 90 106 10 72 152 137 105 106 169 26 84 7 34 37 126 24 45 27 104 125 75 53 30 161 117 15 2 78 108 123 24 70 140 23 26 68 119 124 145 57 32 19 174 11 75 164 144 21 26 106 103 90 176 123 57 82 127 67 159 41 20 58 138 171 178 144 81 129 132 83 79 65 38 47 119 144 174 89 67 152 176 149 102 82 163 158 131 21 48 14 166 164 47 146 65 171 101 177 50 68 98 66 24 145 111 27 178 118 15 153 162 171 85 98 26 47 37 12 169 160 111 61 22 157 43 37 20 6 28 115 108 2 27 87 29 73 104 106 164 3 4 142 144 117 88 74 58 83 88 112 141 153 16 39 51 71 10 72 131 18 172 52 112 161 71 129 178 70 87 146 43 109 157 138 140 87 131 147 64 23 34 41 124 68 84 147 70 144 115 128 173 140 29 121 10 156 20 157 111 73 68 10 31 125 37 146 30 68 84 28 16 67 48 64 36 5 114 27 153 129 130 43 113 40 76 12 87 80 147 169 10 13 49 120 19 84 43 95 146 94 141 73 113 34 138 97 157 114 106 72 146 77 28 54 51 166 144 73 55 104 33 70 63 40 108 82 86 78 22 34 32 25 14 1 132 171 177 86 135 165 145 100 9 126 43 39 160 91 95 173 8 58 70 65 164 101 130 130 76 15 99 60 90 174 174 130 53 35 115 41 159 6 177 17 150 75 5 175 94 141 24 66 135 76 24 162 20 97 101 16 132 16 137 164 169 157 30 113 133 61 64 104 50 96 103 61 4 117 128 18 33 163 17 99 38 173 74 165 22 20 9 114 11 81 160 92 112 33 154 62 138 79 98 100 36 17 78 23 27 13 175 128 6 80 81 138 31 29 38 136 84 73 148 5 108 8 140 102 114 129 121 80 131 112 16 117 4 135 30 159 3 61 140 31 95 58 29 90 81 86 180 63 162 84 166 133 88 72 26 158 96 145 27 74 56 55 121 12 79 7 25 2 95 146 39 54 55 132 106 114 83 148 31 22 110 84 157 124 4 60 52 118 139 117 91 80 106 84 83 7 1 56 48 40 91 131 56 100 138 35 14 119 5 28 25 124 142 105 78 105 6 38 54 170 40 5 104 69 66 55 72 177 61 170 172 169 111 84 86 38 116 57 88 105 164 39 147 22 172 19 82 102 13 11 68 177 80 62 157 58 4 167 63 103 22 93 176 8 75 97 132 61 45 60 89 73 40 1 178 47 32 76 16 167 24 149 84 46 21 58 22 26 43 33 24 153 18 166 11 122 125 132 97 102 142 113 88 98 126 171 77 19 157 125 110 148 73 124 91 75 35 162 164 2 76 61 89 162 36 169 45 150 151 145 12 149 4 122 110 139 123 79 174 32 47 23 134 56 135 81 166 52 76 140 130 65 154 180 98 34 143 83 93 111 151 163 168 95 40 8 37 82 167 173 41 78 137 79 179 49 132 166 102 113 112 152 47 46 61 159 93 67 142 32 165 35 25 127 159 95 32 140 15 34 116 91 82 12 127 38 14 81 177 134 28 153 167 162 7 75 110 134 41 144 71 34 106 90 110 125 112 130 94 36 2 134 62 14 129 97 129 72 168 124 13 96 63 78 172 61 38 161 54 43 131 4 122 6 174 1 148 168 38 27 1 67 170 35 95 104 8 11 155 6 93 129 161 11 6 13 179 176 65 143 4 37 91 45 1 21 33 12 81 4 18 48 84 32 178 69 63 173 131 155 138 5 48 169 58 175 89 26 12 161 23 121 3 129 7 161 127 164 48 63 171 92 97 77 8 30 137 44 127 47 148 175 69 111 22 167 178 69 48 89 50 93 123 45 151 70 28 106 65 64 114 91 35 11 30 159 136 30 117 69 114 58 49 20 104 154 100 165 65 108 108 177 141 111 118 30 17 41 25 18 64 113 166 146 149 123 129 58 172 35 180 121 147 80 123 9 174 114 124 46 104 51 111 78 72 71 96
138 171 66 122 122 15 95 177 135 2 149 42 140 80 71 79 158 123 1 38 171 56 31 74 178 61 110 166 52 52 75 64 136 19 104 141 76 50 153 82 60 86 125 57 143 55 118 69 173 175 81 8 30 53 179 32 11 135 10 97 65 36 153 170 6 124 148 157 103 9 28 43 11 65 24 155 26 41 115 144 45 135 164 45 140 117 163 31 23 59 79 115 23 160 22 81 155 32 127 123 11 10 117 49 96 16 132 35 60 109 172 28 55 74 75 61 114 13 91 44 178 30 64 146 62 130 151 140 102 41 130 68 94 80 174 151 97 137 149 35 78 3 131 53 117 180 136 98 101 80 130 115 114 140 138 54 70 120 66 112 178 170 165 125 126 151 26 87 77 113 146 70 170 49 143 104 54 6 19 2 168 16 86 68 61 23 130 79 105 72 135 116 110 20 122 162 37 3 83 49 146 87 141 80 34 168 27 34 150 128 5 54 51 175 32 116 161 81 68 92 131 36 62 98 129 123 67 119 49 8 160 157 112 84 155 164 162 25 46 105 130 97 159 168 72 63 21 19 174 44 14 148 40 51 42 85 75 68 101 31 123 33 79 7 43 104 4 170 87 10 56 19 100 147 1 53 177 155 172 124 177 55 69 111 18 31 87 118 171 180 103 58 110 49 86 98 165 114 98 9 56 52 5 92 151 63 54 33 70 43 98 158 19 95 145 12 47 171 19 1 143 18 3 136 8 73 75 63 9 152 162 114 20 105 122 166 29 160 124 178 132 38 134 30 116 94 36 4 159 30 88 92 62 172 15 162 135 32 127 85 102 29 27 97 104 123 177 18 87 176 62 113 129 129 176 77 154 106 53 57 133 21 90 163 117 148 142 14 86 169 179 1 130 35 92 168 25 119 121 27 34 26 177 159 39 8 56 144 47 39 148 25 28 157 123 166 31 21 36 68 32 91 94 81 104 173 145 111 21 139 36 125 138 20 1 87 19 14 54 166 70 168 40 5 47 11 9 101 11 84 174 28 68 42 146 7 107 3 24 142 57 109 159 45 9 72 176 120 98 71 37 94 112 159 24 16 174 148 77 134 166 174 71 65 82 113 82 137 29 20 72 143 74 158 116 8 13 135 145 161 151 122 153 87 42 176 113 35 169 149 92 100 39 95 53 138 19 40 8 165 47 81 67 10 148 122 97 169 140 45 43 79 44 3 104 25 127 64 124 14 48 155 34 86 12 135 10 61 166 10 168 115 113 30 156 63 110 14 179 170 55 29 174 78 118 169 34 10 42 89 87 105 7 101 103 160 39 3 23 134 122 39 95 163 23 112 169 13 121 34 180 84 88 67 38 70 113 106 51 33 112 126 178 132 69 151 96 67 29 106 180 34 86 28 77 179 172 24 38 118 9 173 162 167 60 172 26 159 21 173 124 139 56 81 170 98 141 175 3 132 12 139 24 105 100 8 27 117 102 124 96 57 42 114 143 146 41 14 127 158 20 130 142 177 113 28 31 155 43 64 22 12 31 139 55 86 108 59 113 102 99 97 161 131 58 146 159 76 157 112 177 8 10 134 87 113 79 48 127 10 126 12 83 76 50 153 70 47 48 68 172 122 137 64 55 123 141 97 113 22 50 92 167 102 71 74 90 97 169 14 9 135 111 11 122 133 14 38 104 19 92 166 37 74 139 74 100 36 74 152 98 39 161 38 75 77 90 150 19 54 61 137 21 155 48 28 143 180 62 105 34 80 174 157 103 110 69 2 25 154 86 60 171 57 66 4 111 167 126 156 99 135 9 51 167 151 97 147 133 169 147 86 108 40 149 78 35 37 112 36 32 128 3 179 156 44 139 103 179 94 83 122 59 21 79 42 178 79 24 143 27 84 105 116 109 60 145 57 91 76 145 11 88 132 104 145 132 159 119 130 92 157 8 21 75 135 157 47 122 153 25 25 136 18 177 55 77 83 125 98 27 153 119 94 5 14 74 153 140 25 179 133 157 29 55 133 73 91 112 99 78 78 154 127 152 22 72 46 156 127 64 30 107 83 23 63 34 164 2 177 39 145 110 165 112 13 46 121 100 48 5 151 166 12 20 159 68 32 30 118 71 22 73 77 28 102 21 94 24 99 2 47 10 27 101 48 148 58 69 99 41 99 41 43 41 127 40 118 91 65 164 151 100 170 105 139 153 147 134 73 122 86 8 42 68 111 142 1 120 61 114 6 101 22 165 37 157 83 134 23 175 173 99 109 88 110 112 139 155 37 103 119 37 121 68 44 173 121 147 81 6 143 67 8 95 23 171 52 28 5 152 16 55 10 77 164 159 148 128 76 48 134 81 70 26 89 24 78 97 94 155 56 83 22 142 28 138 36 176 172 59 159 165 180 131 6 153 23 173 150 50 127 136 126 24 50 70 44 130 12 81 127 12 109 28 138 89 134 81 159 53 73 18 154 145 22 68 153 167 102 55 71 12 34 77 11 44 94 88 134 135 152 86 132 61 28 1 164 15 140 57 150 114 90 52 12 10 36 91 23 6 48 43 168 84 129 87 79 66 53 75 137 79 38 24 54 107 58 27 104 132 151 152 126 91 79 157 14 15 133 10 175 32 94 125 136 90 179 91 87 17 148 59 162 168 70 152 57 31 144 105 2 113 15 103 115 28 150 44 123 34 25 143 133 136 73 22 15 29 179 162 138 53 39 8 66 75 62 157 30 3 31 39 171 157 20 4 74 100 1 82 106 74 20 94 172 149 23 69 153 154 160 111 87 54 94 163 159 27 46 64 37 84 95 51 75 103 23 40 77 28 68 112 142 2 169 116 128 14 76 22 70 123 148 39 61 49 64 127 147 35 112 32 89 118 101 180 149 96 26 69 88 5 119 163 126 141 108 147 26 157 141 2 28 162 36 82 83 143 123 174 88 180 133 57 177 48 168 39 61 64 102 36 100 50 97 152 96 159 127 125 119 161 172 13 76 131 81 132 162 82 77 24 34 170 161 135 157 33 103 110 157 31 127 101 167 122 117 94 133 116 122 110 73 158 116 85 151 92 14 70 137 75 14 123 41 74 66 92 69 22 161 7 85 150 56 108 7 9 148 71 72 114 93 10 39 30 9 16 20 144 131 167 65 28 61 165 62 61 63 86 133 168 17 72 101 7 104 42 83
157 154 69 32 31 111 45 135 62 1 39 146 154 115 62 175 57 82 116 175 119 21 30 60 25 21 115 142 93 84 157 55 30 87 105 169 15 32 43 2 78 79 77 10 112 6 126 31 43 95 127 85 48 2 22 174 61 159 138 101 29 21 154 167 22 40 162 137 124 6 127 158 121 156 105 66 180 180 137 156 110 102 12 11 69 77 4 39 112 166 164 34 96 52 37 15 81 34 33 130 173 175 149 154 169 126 167 25 93 56 164 166 92 151 115 49 82 62 131 117 39 91 56 66 114 160 8 22 50 26 15 76 24 98 83 177 152 64 87 23 39 164 49 87 123 79 167 96 75 171 2 34 138 30 43 39 67 164 94 157 95 71 90 160 63 63 6 103 117 10 162 85 128 88 61 127 75 38 10 112 147 178 111 9 50 21 156 128 103 55 54 27 12 72 59 40 152 172 80 172 4 110 175 128 134 122 61 168 51 90 78 135 75 36 54 157 85 132 17 157 149 178 172 131 11 18 107 114 130 127 126 42 59 157 7 171 61 29 103 72 111 119 79 157 7 47 155 175 68 115 137 24 66 177 173 57 38 108 24 108 102 8 65 81 12 132 132 137 141 65 26 132 161 116 7 6 78 4 68 116 118 142 134 27 18 148 141 64 52 111 125 103 20 82 11 4 48 109 158 39 156 120 72 122 70 18 148 166 123 11 161 89 177 148 82 129 158 14 122 104 32 66 53 34 122 7 27 19 96 21 13 163 154 144 128 131 74 61 172 41 120 139 40 52 170 41 54 144 132 149 93 66 55 51 134 132 47 180 37 115 165 94 49 41 4 61 5 59 15 49 109 129 107 71 54 34 66 86 113 70 52 133 114 149 82 27 123 72 175 153 43 154 120 40 5 149 27 3 111 59 144 141 44 52 179 137 40 97 102 101 140 3 115 140 134 9 59 120 70 137 60 64 153 99 4 39 175 102 153 87 178 12 72 106 138 10 77 32 161 51 49 118 21 171 15 53 41 118 164 146 35 122 121 60 169 125 168 99 130 73 65 92 114 89 38 116 175 145 47 52 39 145 131 10 115 54 68 132 171 16 107 143 19 96 123 51 26 65 84 159 8 174 138 133 83 171 31 72 71 173 48 134 58 45 87 158 74 31 5 23 68 121 100 85 67 32 134 16 141 3 62 18 33 107 130 129 63 151 104 157 180 162 94 43 151 164 126 41 39 95 16 113 159 145 49 157 179 19 108 96 50 109 4 61 26 149 69 106 99 15 155 115 34 121 147 155 149 16 144 50 22 37 91 57 18 107 26 99 175 176 91 179 116 175 32 106 152 162 82 101 62 37 50 117 20 43 140 57 147 102 5 34 150 88 35 11 179 63 6 73 98 10 64 47 58 125 76 70 105 37 11 78 41 138 92 165 102 50 6 39 72 19 150 113 64 145 50 164 174 130 126 134 22 142 61 10 32 61 102 163 97 36 161 126 94 6 108 86 132 42 90 150 85 145 96 169 27 142 11 61 138 30 78 32 68 108 177 78 51 76 111 18 113 130 37 98 27 48 49 159 96 165 91 65 26 36 74 66 67 37 96 98 90 137 94 120 179 180 55 26 143 140 120 123 148 91 31 152 76 123 178 66 34 99 106 177 80 136 33 41 74 74 32 57 127 65 73 58 86 132 29 70 110 74 31 86 163 33 44 65 138 139 69 74 29 98 34 129 3 89 27 118 164 131 46 161 91 105 88 154 24 44 19 135 114 96 164 150 157 166 118 41 37 48 57 173 173 77 24 123 1 81 63 98 58 135 171 120 15 36 179 75 139 168 70 111 65 34 161 145 95 48 80 46 125 155 86 120 18 155 82 112 138 7 122 171 155 126 98 15 151 75 18 52 115 99 19 9 154 82 171 8 10 42 164 95 34 152 48 82 148 166 101 40 6 78 140 174 130 1 69 116 25 23 149 46 22 32 113 74 7 161 70 104 126 19 64 20 130 111 94 180 5 157 27 170 139 177 137 50 78 64 17 118 29 19 4 105 150 49 11 141 121 152 102 144 20 164 39 83 127 142 14 99 116 91 43 34 21 41 110 126 179 39 116 45 71 161 33 165 13 61 1 31 84 73 110 178 63 86 113 14 34 42 38 33 13 157 171 167 74 169 79 147 133 51 124 90 47 108 59 126 153 89 81 70 118 112 37 61 84 20 103 37 75 136 162 28 159 160 174 132 31 132 176 173 105 118 50 130 149 177 140 138 65 8 139 23 156 122 135 87 57 58 28 65 127 119 115 80 117 150 101 32 98 26 180 104 17 169 118 178 23 69 34 30 77 5 87 119 26 84 118 64 86 41 110 87 89 167 147 131 134 105 45 29 111 35 49 42 50 19 106 67 32 18 7 90 109 151 144 4 86 119 156 110 129 148 45 38 115 174 144 139 41 42 50 74 143 21 18 154 103 17 23 92 33 144 119 150 96 76 5 103 147 52 178 160 44 168 90 149 14 131 84 136 141 5 51 32 96 132 172 94 27 105 40 119 42 34 67 95 135 39 128 92 52 141 26 147 23 3 89 34 52 92 37 172 111 82 26 52 100 18 7 52 83 75 46 47 15 47 59 13 72 126 68 24 77 122 99 10 112 36 56 4 121 149 21 174 139 128 179 81 40 122 160 78 38 55 53 128 10 138 15 179 60 134 113 130 142 56 87 147 114 88 11 135 77 45 72 99 97 78 120 55 174 180 17 9 103 20 150 137 57 33 173 164 42 102 45 109 122 174 5 136 37 178 147 40 27 71 37 52 170 28 115 66 112 155 29 9 71 150 24 150 31 25 18 142 19 57 55 149 109 109 29 111 135 163 85 110 36 29 38 83 78 84 12 136 147 95 72 104 91 86 18 110 78 13 179 52 56 15 16 36 77 3 157 180 140 111 2 21 7 97 87 105 23 160 69 121 14 112 162 31 175 26 24 113 76 81 28 145 171 8 11 58 3 52 173 22 40 113 123 60 68 36 82 4 74 176 48 28 167 120 149 64 134 103 164 160 51 4 167 71 152 122 122 114 83 86 101 104 99 52 158 30 126 3 25 71 54 127 120 178 165 164 27 127 64 18 34 104 108 22 66 147 153 70 153 74 87 163 149 69 21 154 92 14 17 177 23 130 95 172 163 2 111 178
95 175 30 28 75 44 142 153 98 109 153 159 97 87 95 27 129 90 79 74 42 88 65 143 57 62 10 58 44 100 114 98 56 61 128 9 69 22 102 22 148 170 28 113 78 151 67 156 146 120 90 4 126 14 12 80 175 24 32 47 93 99 126 26 34 155 42 117 121 98 73 3 163 144 160 139 59 132 127 101 65 55 164 84 162 136 78 108 176 129 161 121 60 1 96 13 131 49 9 125 77 92 37 50 74 16 18 151 82 114 140 121 16 30 25 167 59 10 38 43 143 8 161 90 145 51 106 109 64 127 66 17 27 78 153 161 75 83 38 123 156 58 159 5 100 70 68 62 49 134 146 10 32 110 24 98 50 113 118 63 24 70 4 2 25 10 17 104 94 83 43 33 9 140 172 98 92 11 97 158 135 87 159 114 140 180 36 27 118 144 94 12 3 17 6 17 40 78 40 177 158 97 6 17 119 110 23 126 22 146 111 30 171 95 180 127 76 140 47 152 25 123 49 25 89 103 137 171 6 162 2 178 123 168 8 2 1 134 163 107 99 19 120 172 126 23 141 126 52 165 38 30 129 17 136 101 62 142 138 26 115 51 9 125 174 134 87 83 29 130 67 43 85 5 95 128 100 92 94 113 136 44 121 1 56 109 103 131 77 92 104 180 165 86 104 18 56 29 27 68 94 65 94 87 14 132 168 70 97 129 84 132 114 75 172 142 150 98 146 106 81 6 46 56 63 137 172 118 79 89 77 92 61 120 66 170 127 85 116 54 179 84 77 155 94 115 65 56 16 33 66 129 119 41 140 111 115 47 125 57 170 56 99 41 104 141 78 87 139 83 115 118 98 38 56 1 76 2 101 148 46 123 16 117 158 17 139 63 163 17 155 42 161 177 141 56 151 156 180 136 89 129 47 175 135 124 34 154 124 107 167 60 53 126 19 87 146 134 94 89 70 19 23 98 144 152 119 109 120 8 102 171 16 132 6 102 151 72 11 75 132 135 158 69 138 113 62 169 15 96 64 166 24 68 131 139 115 83 174 116 108 128 110 46 71 59 23 173 108 29 6 52 158 157 133 173 26 136 74 108 19 152 170 100 9 142 99 142 8 72 60 157 106 162 87 168 78 14 80 123 148 85 104 116 109 71 116 47 174 14 10 58 160 149 47 74 108 44 86 71 7 142 93 100 120 100 25 92 150 158 162 112 107 8 48 155 173 130 42 27 136 147 35 20 1 69 170 138 128 86 8 16 110 176 109 96 29 112 124 14 81 144 72 135 150 48 180 132 18 27 9 132 91 103 100 171 164 11 131 147 177 22 104 26 36 74 10 26 153 45 95 65 171 89 154 7 99 90 69 59 46 16 136 47 145 6 57 137 152 135 30 108 119 162 21 85 48 173 121 162 139 99 172 118 154 125 174 58 77 99 135 126 48 115 132 108 77 55 111 175 178 145 149 127 137 123 163 109 117 40 143 24 166 30 135 57 23 127 127 85 19 69 142 47 15 19 106 22 140 143 97 34 60 169 68 66 34 160 120 180 145 172 112 53 122 1 88 27 88 136 19 68 74 45 180 69 28 122 96 147 175 142 45 54 81 83 21 157 98 144 133 15 150 8 57 48 2 175 161 9 96 119 111 165 160 104 80 173 46 137 73 149 150 123 80 138 29 59 117 98 3 17 41 39 136 142 68 12 179 148 7 142 145 37 101 68 117 84 23 120 81 83 23 63 41 163 168 73 144 122 177 60 77 49 106 38 106 105 110 140 99 141 125 130 111 155 65 18 9 147 64 59 14 180 31 165 109 153 128 108 147 79 94 9 107 12 130 77 30 24 30 117 17 46 28 103 142 122 66 153 11 156 170 82 11 39 39 175 142 9 110 171 179 41 141 164 54 172 73 160 29 85 59 174 130 36 35 55 65 7 50 134 99 89 21 41 96 43 105 112 162 162 120 55 110 3 113 98 57 134 16 145 75 7 5 139 44 45 180 107 136 41 15 51 20 161 44 70 132 1 54 48 18 58 16 13 150 76 83 178 91 104 177 132 124 128 44 40 22 164 118 111 87 120 44 52 155 95 68 170 24 168 157 113 107 126 160 75 140 119 86 141 20 60 76 145 153 156 63 81 170 82 33 24 152 111 102 133 147 136 73 54 50 72 90 103 96 127 36 53 167 38 104 80 2 53 31 38 174 19 29 165 163 148 107 131 104 25 84 101 105 127 99 19 60 43 28 98 23 75 111 162 100 100 89 101 86 15 165 94 87 136 49 125 22 77 31 65 145 12 162 126 52 160 110 165 156 121 106 128 53 164 31 145 52 118 32 95 165 158 49 2 118 105 147 28 133 7 136 39 69 37 38 96 36 66 48 153 2 158 14 52 76 106 174 83 57 30 134 170 125 177 162 56 166 175 9 38 173 123 17 169 79 74 159 4 17 66 84 93 101 154 152 88 165 20 71 34 38 66 67 118 148 170 28 168 2 100 172 118 75 164 157 26 68 162 90 94 112 70 31 85 143 150 2 47 88 136 104 41 52 129 53 113 127 112 106 94 75 36 7 114 135 120 64 22 90 164 120 153 170 31 123 5 20 127 23 113 90 51 39 150 109 75 79 81 18 4 99 94 124 114 5 109 149 123 12 61 5 104 41 7 167 43 142 168 125 8 8 163 128 121 58 118 110 120 116 48 33 117 53 110 175 32 156 85 143 99 112 129 90 125 67 72 100 82 70 5 165 146 139 91 27 1 161 87 134 175 26 105 74 106 88 82 87 13 168 56 115 58 52 32 126 78 12 51 113 169 152 57 93 16 176 152 116 44 121 43 18 124 12 156 13 8 151 29 155 47 77 52 64 81 164 175 6 9 142 166 81 31 162 144 144 23 56 46 160 28 57 59 159 3 14 95 121 106 93 63 113 4 52 175 175 152 90 7 69 85 114 22 126 166 3 21 96 138 41 90 10 96 90 19 90 9 15 42 42 104 123 53 15 82 89 72 67 168 94 125 167 167 119 144 107 126 96 93 31 144 86 160 162 66 120 46 28 144 9 149 40 73 52 173 47 40 12 150 112 74 154 114 149 96 36 104 90 178 154 26 164 108 64 157 116 79 118 136 176 70 76 161 70 129 16 180 82 148 43 102 9 153 154 113 179 144 84 41 74 151 81 40
159 142 19 48 133 164 136 97 120 75 145 52 144 64 22 180 147 54 136 126 125 105 176 96 142 118 100 60 21 72 64 109 65 37 41 158 54 68 104 133 127 159 116 100 43 177 84 91 89 67 113 87 151 129 6 82 173 98 114 29 72 88 20 119 94 77 48 9 124 161 79 91 87 138 92 137 85 145 17 62 169 95 94 71 62 24 93 113 68 1 159 47 53 78 166 9 71 89 139 41 97 52 176 3 79 76 103 47 140 116 77 174 69 90 100 1 147 26 151 168 67 65 136 79 147 57 68 41 91 84 131 70 26 127 22 20 151 26 82 148 66 128 121 179 49 21 104 70 147 3 77 29 119 23 62 33 159 9 34 148 101 24 173 82 6 71 82 179 153 69 168 29 99 94 171 170 152 44 166 28 52 56 37 127 97 180 65 101 173 116 161 64 42 119 94 143 54 65 91 106 123 147 22 74 9 25 53 178 34 71 159 136 132 180 143 73 35 143 95 40 180 58 26 95 174 118 127 116 150 166 138 97 22 9 150 177 36 6 93 172 178 7 72 75 154 177 96 120 57 50 3 106 140 29 21 125 53 75 61 109 95 87 106 23 126 19 77 52 172 20 154 70 56 131 17 33 58 25 103 159 60 141 107 117 4 39 129 11 120 76 154 14 116 29 77 90 142 169 101 166 6 151 115 124 155 1 59 41 59 78 55 42 84 5 180 136 160 165 29 44 170 36 56 73 119 164 17 89 154 106 10 34 88 160 76 74 125 68 82 40 168 85 168 81 26 92 93 34 136 127 143 86 39 156 71 36 41 127 142 118 20 83 128 6 26 63 146 21 160 18 84 180 60 149 142 79 36 94 58 118 37 106 102 2 7 150 180 49 114 81 124 69 100 60 144 176 135 131 19 66 101 55 133 1 137 6 74 9 100 41 51 168 165 55 64 106 57 28 16 134 115 104 38 120 52 41 113 52 30 155 31 2 49 32 30 113 97 36 161 98 7 30 50 77 86 95 177 36 66 113 15 129 174 3 98 67 97 80 154 158 97 144 32 178 61 28 94 2 154 115 10 19 177 98 19 1 142 136 165 118 80 159 127 68 156 113 169 66 43 40 71 114 88 119 68 68 13 61 152 91 36 44 101 137 77 174 101 63 83 176 72 81 138 167 104 36 59 177 57 109 75 105 171 120 42 7 153 154 133 177 80 13 23 53 130 53 145 32 43 85 97 151 36 109 30 15 165 145 145 163 75 106 62 108 8 74 126 29 17 98 180 176 90 103 106 73 86 80 11 41 101 70 93 145 120 115 111 93 26 100 173 148 88 83 172 156 63 93 156 73 7 67 69 26 29 116 34 169 72 20 51 65 128 128 128 57 163 83 38 47 73 106 113 4 106 96 10 16 148 62 148 78 146 140 71 108 153 54 13 64 52 75 34 128 178 3 96 151 137 55 14 71 98 73 37 65 47 106 165 123 90 34 109 105 96 161 55 37 67 132 10 38 113 150 121 159 83 109 34 142 123 35 108 17 101 64 58 101 112 151 85 79 176 10 94 117 116 100 148 60 133 94 23 45 128 154 53 67 42 151 17 176 57 143 65 45 113 67 67 174 30 16 28 3 154 65 121 83 2 137 107 142 178 153 151 125 48 87 8 111 19 89 76 75 113 145 179 95 116 28 47 129 61 73 19 158 13 144 96 79 85 49 36 115 60 41 102 81 62 119 172 112 80 122 118 128 47 87 114 41 98 6 36 71 162 2 82 47 127 138 135 139 158 82 122 135 6 152 180 43 79 75 33 179 6 119 17 35 98 164 144 99 153 20 40 111 90 60 86 37 123 165 52 103 58 116 87 136 9 67 121 61 82 34 113 98 132 167 9 158 44 19 84 136 138 44 59 156 104 156 44 34 31 34 17 156 24 91 32 53 83 53 162 169 112 29 170 77 63 3 149 122 6 177 1 24 23 78 32 70 45 6 142 8 146 148 155 103 47 122 79 110 120 85 9 116 43 31 27 54 21 140 2 53 6 113 21 64 177 13 164 21 112 65 96 55 122 109 155 164 102 77 163 176 86 11 167 113 158 58 7 59 126 47 29 28 127 8 177 176 21 116 139 80 172 51 98 119 44 35 161 168 67 50 125 132 9 132 147 148 164 84 51 132 106 125 135 148 65 147 57 69 160 94 153 162 112 167 71 81 67 1 70 138 94 159 50 66 112 12 36 162 10 56 141 31 55 73 42 152 29 11 137 109 109 161 109 173 82 32 135 45 162 143 62 113 97 50 100 93 84 36 67 126 52 19 127 48 111 176 39 65 20 41 153 91 107 117 36 86 77 117 73 92 86 154 173 39 71 168 149 126 99 175 84 46 102 174 25 142 84 37 87 80 105 29 75 82 28 111 14 174 121 17 94 140 149 49 156 139 12 131 23 72 145 80 138 115 123 1 123 66 107 31 68 117 161 37 132 161 143 95 91 31 152 125 74 119 113 161 63 90 113 14 98 140 20 146 148 14 173 20 120 88 48 117 58 171 161 100 127 32 128 19 25 54 118 44 60 73 142 92 107 52 49 172 26 141 166 129 139 129 102 117 16 64 172 28 101 158 102 26 39 107 78 24 90 121 147 67 17 151 150 104 147 115 158 52 163 163 62 7 156 43 113 87 146 143 139 63 67 57 72 132 126 38 67 49 49 95 43 138 93 23 90 76 12 46 174 22 168 54 138 10 43 6 123 37 119 23 134 32 14 21 170 164 129 161 47 31 160 178 90 50 80 40 164 112 175 26 20 7 92 109 163 138 46 35 156 39 38 123 166 165 167 34 66 55 147 28 92 7 17 176 14 173 53 126 157 104 88 130 122 179 161 17 172 19 68 97 121 153 152 146 165 148 90 163 128 2 147 165 175 171 96 61 100 2 10 25 46 13 104 106 115 75 150 155 41 75 39 94 146 80 61 111 8 176 63 173 38 49 23 66 102 99 135 90 101 120 177 19 122 120 157 105 62 28 157 25 135 3 37 82 99 16 15 148 123 30 53 164 100 60 55 151 56 77 123 180 54 120 124 95 110 141 3 119 178 73 16 116 40 152 173 50 140 90 146 32 91 108 25 172 177 166 97 38 171 107 34 65 39 171 161 115 47 12 100 172 82 54 154 126 76 51 69 63 118 37
0.3
0.3
0.3
0.3
0.3
0.3
0.2
0.2
0.3
0.3
0.4
0.2
0.2
0.3
0.3
0.3
0.2
0.4
0.3
0.2
0.2
0.3
0.3
0.3
0.3
0.3
0.4
0.2
0.4
0.3
0.3
0.3
0.3
0.2
0.3
0.2
0.4
0.3
0.3
0.4
0.3
0.3
0.2
0.3
0.3
0.4
0.2
0.2
0.2
0.2
0.4
0.2
0.3
0.3
0.4
0.4
0.2
0.3
0.4
0.4
0.4
0.3
0.3
0.3
0.3
0.3
0.3
0.3
0.2
0.3
0.4
0.4
0.4
0.3
0.3
0.4
0.2
0.3
0.4
0.3
0.2
0.3
0.4
0.3
0.3
0.2
0.3
0.4
0.3
0.2
0.2
0.3
0.3
0.3
0.3
0.3
0.4
0.3
0.3
0.2
0.2
0.3
0.3
0.2
0.3
0.3
0.3
0.3
0.3
0.4
0.2
0.4
0.3
0.3
0.4
0.3
0.3
0.2
0.2
0.3
0.2
0.3
0.2
0.3
0.4
0.2
0.3
0.3
0.3
0.3
0.4
0.4
0.3
0.3
0.2
0.4
0.4
0.2
0.3
0.2
0.3
0.2
0.2
0.3
0.3
0.2
0.3
0.3
0.3
0.3
0.2
0.3
0.4
0.2
0.2
0.3
0.4
0.3
0.3
0.3
0.4
0.4
0.4
0.2
0.2
0.4
0.4
0.3
0.2
0.4
0.3
0.3
0.3
0.3
0.2
0.3
0.4
0.4
0.4
0.4
0.2
0.3
0.3
0.2
0.4
0.3
0.4
0.2
0.4
0.2
