70 12
15
18139
20765
20186
19889
20173
20252
20339
19520
18805
20832
20449
20396
20049
19537
19934
1.9 30.3 649.8 2
2.5 54.3 948.7 1.6
3.5 58.8 282.8 1.8
1.9 66.6 389.1 1.7
4.2 49.2 455.5 1.5
1.7 65.8 106.2 1.8
1.7 46.9 223.7 1.8
1.3 43.1 858.1 2
3.2 29.8 251 2.3
4.6 51.7 417 1.5
1.2 47.2 794.1 2.3
3.1 62.2 56.8 2
1.3 51.3 867.3 1.8
1.6 49.2 919.1 2.3
1.2 58.4 644.5 1.8
1.6 24.7 94.9 2.3
2.4 30 445.7 1.8
3.9 48.2 538.8 1.8
1 23.6 896.3 2
2.3 22 471.2 2.5
4.7 55.6 812 2.1
4 68.5 692.6 1.5
1 68.9 225.2 2.4
4 15.4 242.2 1.5
3.4 40.6 930.6 1.9
1.2 55 256.9 2.5
3.3 62.9 474.7 1.7
4.2 23.4 427.1 1.9
3.6 40.6 493.6 2
1.2 20.5 468.9 1.6
2.8 43.2 871.7 1.6
3.9 52.3 876.7 2.3
3.1 43.9 916.3 2.3
4.9 70.9 337.2 2.4
1.6 20.4 703.1 2.3
3 62.1 626 2.2
2.6 60.4 219.3 1.9
3.3 49 850.5 1.9
1.2 57.9 336.1 1.6
1.2 53.7 818.8 2.1
3.2 50.9 657.5 2.5
1.2 48.8 240.3 1.6
2.5 23 886.4 1.9
4 64.2 55.1 2.4
3.1 29.8 604.1 1.8
3.6 42.9 780.6 2
3.8 27.5 569.7 2
1.4 41 140.2 1.9
4.3 18.8 543.4 1.7
3.5 42.5 917.4 2.1
2.7 23 928.7 1.7
3.9 19.1 161.5 2
2.4 20.9 791 2.1
4.8 64.2 507.3 1.7
1.5 45.5 52.5 1.9
5 45.9 596.2 1.7
2 16.9 171.9 1.9
1.7 27.8 348.5 1.8
2.5 35.1 619.6 2
1.1 41.5 252.3 1.8
4.2 25.2 669.6 2.3
3.6 46.9 223.9 1.5
1.9 23.4 357 1.8
4.3 34.5 375.9 1.7
2.9 61.3 696.9 1.9
4 16.1 806.2 2
2.1 46.7 829.2 1.9
1.9 48.7 909.1 1.9
1.8 72.1 840.3 2.4
2.4 34.1 85.6 2.1
1.7 66.7 67.8 2
1.5 54.2 290.3 2.2
2.3 59.3 411.8 1.8
4 35.1 722.1 2.2
4.6 61.7 432.2 2
2.4 35.9 339.9 1.5
3.5 43.8 259.2 2
3.9 60.1 848.7 1.6
4.7 71.1 713.2 2.3
1.2 53.1 556.6 2
1.7 61.6 898 1.9
4.3 66.3 750 1.5
2.4 35.8 501.9 1.7
3.8 71.7 64.4 2.1
2.1 66.8 247.9 2.5
4.8 15.8 116.7 2.5
4.3 25.5 945.8 2.3
2.4 49.6 61.5 1.9
4.8 49.8 742.1 1.7
1.1 44.8 885.2 2.3
2.5 28.6 885.4 2.5
1.2 45.1 385.8 2.2
3.1 23.7 488.2 1.8
4.3 52.4 779.5 2
2.1 32.4 354.4 1.5
4.1 23 108.7 1.7
2.3 56 501.3 1.8
3.6 23.6 567 2
4.2 73.2 467.5 2
4.3 54.1 545.4 2
3.1 26.8 167 2
2.7 29 655.9 2.2
2.6 62 528.8 2.3
2.9 71.5 566.7 1.6
3.2 48.7 808.4 1.8
4 43.2 150.8 2.3
3.9 22.3 947.4 1.6
1 48.3 264.9 2.4
4.5 23.8 238.2 2.2
2.3 46.3 174.5 2.3
3.2 62.4 676.3 1.9
4.5 73.3 95.8 2.4
2.5 51.5 297.6 1.8
1 73.8 833.8 1.9
2.8 32.2 114.9 2.4
4.5 18.5 529.6 2.3
2.4 67.3 924.6 1.7
2 57.7 307.2 2.3
1.5 28.9 126.6 1.5
3.1 72.8 917.2 2.3
3.7 20.2 169.1 2.2
4.2 44.5 686.7 1.8
2.5 51.1 325.9 1.9
4.1 17.6 949.6 2.2
2.6 69.9 122.3 2.3
3.8 67.8 795 1.7
2.1 69.1 941.2 2.2
3.1 38.2 497.8 2.4
2.6 53.3 429.4 1.6
4.5 32.2 910.2 1.8
2.3 68.9 387.1 2.5
4.8 45.6 742.6 2.3
3.3 21.9 562.2 2.4
4.6 26.3 372.2 1.7
4.8 27.5 267.7 1.7
1.6 54.2 478.6 2.5
2.6 68 483.2 1.9
4.1 68.6 829.7 1.8
3.3 70 435.9 2.1
2.9 48.9 187.1 1.8
3.9 16.3 888.9 2.3
3.5 21.7 761.4 1.9
3.5 55.2 832.4 2.4
4.7 57.2 73.5 1.9
3.3 30.6 508.6 2
4.7 59.6 350.6 1.5
3.5 47.5 597.2 2.1
3.9 21.4 826.5 1.6
4.6 27.5 222.1 2.2
4.4 26.7 937.6 2.5
3.7 33 170.2 1.7
3.1 50.2 708.7 2.2
1.1 49 289.4 1.5
2.2 20.9 446 2.1
1.5 29 238.1 1.7
3.7 34.3 727.3 1.6
1.4 66 487 2.1
3.6 52.9 847.1 1.9
4.1 53.7 808.7 2.4
2.2 49.8 422.5 1.5
1.8 52.3 332 1.5
4.8 17.6 740.7 2.3
2.2 22.2 616.7 1.8
3.7 16.6 476.9 2.1
3.6 68.2 479.1 2
1 18 316.4 1.7
4.3 40.9 455.7 2.2
3.9 54.2 820.7 2.4
4.7 36.9 707.7 2.3
3.6 53.1 882.5 2
3.7 42.6 824.2 1.8
2.2 44.5 796.9 2.3
4.8 50.1 489.8 2.3
2.4 61 940.8 2.4
3.4 68.6 911.9 2
4.3 18.4 291.7 2.4
2 54.1 435.4 1.6
4.2 45.9 679 1.8
1.4 71.3 312.6 1.6
3.6 22.5 269.5 2.1
2.5 38.9 180 1.8
4.7 63.6 501.2 2.1
1.3 28.2 814.9 2
3.7 39.3 598.2 1.9
2.1 41 409.6 2.3
1.5 25.2 175.9 2
1.2 31.7 248.1 1.6
2.4 63.1 870.4 2.1
4.3 70.2 464.4 2.2
2.9 26.7 555.1 1.6
3.7 56.7 818.8 2.2
2.4 62.2 792.7 2.3
4.3 66.1 452.9 1.7
4.7 55.3 375.1 2.3
3.9 70.4 476.1 2.5
1.7 22.5 943.7 1.8
2.9 57.6 245.6 2.1
1.8 74.6 290.5 2.3
2.1 43.3 529.1 1.7
2.4 31.3 396.3 1.6
4.1 31.6 398.2 1.8
1.9 28.7 211 2.3
1.4 56.2 747 1.7
1.1 65.1 791.1 1.9
1.8 49.8 459.8 1.8
4.4 43.4 323.1 2
2.8 68 731.5 1.6
3.7 22.8 737.2 1.6
2.7 61.9 459.4 1.8
3.3 43.3 164.7 1.7
2.3 42.1 517.8 2.3
5 35.4 485.1 1.5
1.8 67.8 511.1 2.5
1.8 63.3 395.9 2.3
1.3 16.5 84.7 1.9
1 53.6 908 2.1
2.2 41.3 235.3 2
4.3 66.8 530.3 1.5
3.6 22.6 396.9 1.8
2.1 53 911.3 2
3.1 45.3 104.9 2.2
3.9 35.5 775.8 1.8
3.6 38.1 881.5 1.7
1.2 62.2 285.8 1.8
4.2 67.6 404.8 2.4
2.9 61 451.2 2
4 74.9 804.7 1.9
3.2 21.9 741.3 1.9
1.6 21.7 563.4 1.7
2.9 53.7 908.1 2.3
3.7 56.8 549.9 2.1
4.6 41.5 651.3 1.6
4.2 24.3 315.3 1.9
3.9 35.8 822.8 1.8
1.8 31.6 933.5 1.6
4.6 20 602.6 2
1.9 74.6 848.4 1.8
4.5 40 217.3 1.9
4.7 17.5 505 2.2
1.6 49.7 840.6 2.1
3.9 16.4 488.6 2.4
1.2 68.4 121.1 2.1
3.8 65.9 252.9 1.5
4.4 62.4 472.8 2
2 42 556.5 2.4
1.4 55.5 845.6 2
3.3 68.9 390 2.1
3.8 43.7 558.3 2.1
4.7 24.2 590.5 2.1
2.6 37.6 236.2 2.4
1.6 50.7 715.1 2.3
2.9 19.8 759.4 2.1
4.2 48.4 295.5 2.3
3.8 36.8 693.4 1.7
2.1 72.8 818.3 2.3
4.4 69.7 309.1 2
2.5 34.8 379 2.2
4.4 59.4 120.6 1.6
3.8 46.1 803.2 2.2
1.3 27.5 701.5 2.2
4.9 19.3 559.7 2.5
2.8 48.8 234.4 2.3
1.5 46.7 771 1.6
2.2 54.1 134.8 2.4
2.3 19.2 673.1 2.1
3.3 72.6 856.9 2.3
1.4 68.9 118.8 1.7
4.4 30.5 839.9 1.8
3 25.6 820.3 1.9
2.1 66.3 819.5 1.6
3.3 54.8 626.6 2.1
4.4 41.7 891.2 1.8
3 60.4 752.1 2.2
3.9 46.7 655.2 1.7
1.7 47.8 783.1 2.4
2 18.7 685 2.2
4.6 55.8 818.3 1.6
2.1 42.8 582.4 2.1
1.2 47.5 625.5 2.3
3.7 60.7 341.8 1.8
2.8 42.3 928.9 2.1
3.9 58.8 291.9 2.1
4.1 57.9 869.3 2
4.5 19.6 496.8 1.6
4.3 35.2 98.4 2.3
2.2 57.2 882.6 1.9
1.1 42.2 151.3 2.1
1.8 51.1 254.9 2.1
2.7 37 772.2 2.2
3.5 24.6 681.4 2.2
2.2 59.7 119.4 2.1
5 71.4 836.5 2
3.6 56.7 654.8 1.6
3.7 54.5 605.1 1.7
3.4 60.2 743.2 2.4
4.1 18.3 403 1.7
1.3 60.4 165.9 2.1
1.7 37.1 720.2 1.6
2.5 73.9 624.5 1.6
4.2 48.1 785.8 1.6
3.9 46.7 255.8 2.4
3.8 57.2 284.7 1.9
1.5 27.9 381.9 1.5
2.9 66.3 761.9 2
4.3 66.1 672.1 2.2
1.9 72.6 857 1.6
2.6 16.4 658 1.7
2.6 41.4 600.6 2
1.3 73.9 516.1 2
1 35.9 611.1 2
3.6 74.2 221 2
4.2 64.6 396.7 1.7
4.7 53.9 215.3 1.8
4.1 54.2 205.1 2.4
4.5 67 161.1 2.4
3.8 66.8 179.5 2.1
3.1 18.3 297.2 2.3
4.6 27.1 449.9 2.3
1.5 33.5 129.6 1.5
4.2 35.8 438.1 2.3
1.2 57.5 617.4 1.9
1.9 40.8 266.6 1.8
2 21.8 57.1 2.1
1.7 47 215.9 2.2
2.5 74 108 2.5
1.8 44.1 186.1 2
1.6 63.7 353.4 2.1
3 22.3 888.4 2.2
2.9 22.7 909.5 1.7
4.8 18.6 875.5 2.3
3 37.4 732.9 2.2
2.1 37.3 231.7 1.8
2.5 47.5 250.9 2.3
2.5 43 703.9 2.3
4.8 44.9 852.7 1.5
1.8 46.4 59.4 1.5
1.4 43 278.6 1.9
2.8 53.7 707 2.3
4.3 65.8 324 2.4
1.3 52.6 65.7 2.2
2.9 72.5 123.5 2.4
4.2 69.4 760.8 2.2
3.7 48.9 274.4 2.2
3.8 19.1 671.3 2.4
2.1 71.1 584.5 1.9
4.6 67.4 857.5 1.6
3.4 38.4 104 2.5
1.9 55.2 351.9 1.7
1.2 21.6 94.1 2.3
1.3 16.4 816.7 2.4
1.6 21.4 530.8 1.7
4.3 41.6 229 1.8
1.4 66.7 474.1 2.3
2.4 43.3 91.8 2
1.4 43.2 396.4 2.1
4.7 17.3 311.2 2.4
1.9 52.5 918 1.7
1.2 68.4 371.8 2
3.2 70.2 770.2 2.3
3.6 19 667.8 1.6
3.2 41 622.7 2.2
1.1 25.5 367.1 1.9
1.3 68.2 191 1.6
1.5 32.3 788.4 2.2
4.5 73.6 501.6 2.4
3.4 59.1 722.5 2.3
4.3 73.1 322 2.1
3.8 68.2 739.2 1.5
2.2 54.8 207.2 2
4.5 36.3 537.1 1.6
2.9 74.6 320.1 2.2
3.8 73 646.9 2
3.5 67.5 794.7 1.8
2.9 20.2 180.2 2.3
4 64.8 283.5 1.6
4.5 56.6 144.3 1.7
3.4 62.8 689.3 1.8
3.8 41.9 272.6 2.3
2.1 70.4 339.9 2
2.7 15.3 738.3 1.8
3.5 35.9 599.7 2
2.9 24.8 837.3 2.2
1.8 34.6 600.2 1.9
4.3 54 550.2 2.1
2.9 31.4 289.5 2.1
4.1 43.6 239 1.7
1.4 59.6 64.4 2.2
1.9 72.5 192.6 2.2
4.7 74.4 645.1 1.8
3.8 53.6 423 2.1
3.4 38.1 125.6 2.1
3.2 22.3 584.2 1.6
1.9 30.2 904.4 1.9
1.5 20.3 784.2 1.5
3.2 69.2 612.9 1.8
1.4 47.5 800.5 2.4
3.1 62.5 80.8 1.7
4.9 21.3 403.1 2.2
1.1 44.3 683.6 2.2
3.7 55.3 649.3 2
3.3 25.2 788.5 2.4
2.7 16.9 363.4 2.4
2.6 19.1 238.8 1.9
4.3 53.8 780.5 1.6
3.2 22.3 394.7 1.7
5 73.9 365 1.5
2.6 36.6 134 1.8
2.4 34.5 213.7 1.8
4.9 53.4 109.2 2
2.9 16.1 858.7 2.1
2 31.7 352.6 1.9
1.8 35.4 201 1.9
2.7 68.1 874.1 2.1
2.9 30.4 638.8 2.3
4.5 42.5 568.5 1.7
2.7 67.5 437.8 1.8
4 28.3 480.3 1.7
2.5 51.1 330 1.5
3.9 36.1 741.2 1.9
1.1 27.4 614.4 2.1
2.4 43.5 668.9 1.7
4.7 22.4 393.3 2.2
2.8 49.6 321.1 2.3
2.9 19.4 915.9 1.8
1.9 39.3 341.2 1.8
2.4 21.4 924.1 1.8
4.8 62 696.9 2.3
3 55.4 923.9 1.5
1.6 18.1 627.2 1.6
3.6 31.6 844.8 1.8
1.6 55.6 263.9 2.1
3.3 62.4 740.2 1.9
3.9 16.3 929.9 1.7
3.7 18.9 466.8 2.2
4.9 31.9 524.7 2
4.7 73.6 869.5 2.1
3.3 33.9 208 1.6
2.2 63.3 203.7 2.4
2.1 32.8 237.5 1.9
2.3 52.7 659 1.8
2.3 61.8 725.4 2.4
1.3 34.1 333.3 1.8
1.6 47.6 747.7 2.3
4.9 43.8 842.1 1.8
1.5 44.4 704.3 2.4
3.2 47.3 476 1.9
1.6 22.4 850.8 1.8
1.3 55.7 722.3 2.1
3.2 15.7 234.5 1.9
2.1 64.7 548.6 1.8
4.1 58.3 605.2 2.4
2.8 74.2 771.4 2.2
1.7 30.1 166.3 1.7
3.1 42 490.9 1.6
4.1 67.9 673.7 2
2.1 47.9 454.7 1.9
1.4 15.6 578.9 2.1
1.9 15.4 155.3 1.9
1.3 15.6 236 2.2
2.9 26 252.4 1.7
2.8 62.5 287.2 1.6
1.7 38.9 593.5 1.7
1.5 30.7 568.7 2.3
3.4 49 69.2 2.4
2.1 56 141.2 2.1
3.2 25.2 932.6 1.8
3.6 58.9 139.2 2.3
4.5 37.7 578.3 2.2
4.9 26.6 194.4 1.9
1.4 71.5 872.9 2.1
4.4 39.6 344.7 2
4.2 39.4 299.8 1.9
3.6 67.3 629 2.4
4.6 28.2 742 1.7
3.6 65.6 195.5 2.4
3.3 33.2 168.8 2.2
3.8 35.8 569.4 1.9
3.8 42.4 408.8 1.6
4.6 30.9 229.4 2.2
4.4 72.7 847.8 1.5
4.2 59.1 421.4 1.6
5 55.6 908.2 2.3
2.9 43.7 306.1 2.1
4.1 72.9 275.5 2.3
1 49.4 422.9 2.3
1.4 56.2 328.5 1.7
1.6 32.1 149.9 1.5
2.5 70.2 491.4 2.3
4.2 55 138 1.8
3.7 36.4 632.1 2.1
3.5 40 238.3 1.6
2 34.3 674.6 1.5
3 36.5 392.9 2.1
3 62 506.7 2.4
1.7 52.7 826.3 2.2
4.1 30.8 55.4 1.7
4.8 56.3 329.1 2.5
3.4 32 524.8 1.6
1.5 36.9 938.4 2.3
1.3 33.5 639 1.8
1.6 69.5 379.1 2.5
2.3 27 613.5 2
4.4 30.6 537.8 1.9
3.1 73.9 625 2.5
2.4 33.7 251.4 2.4
3 46.7 157.8 1.9
1.4 33.5 345.3 2.1
2 34.1 250.5 2.4
4.3 39.7 185.6 1.6
2.5 68.2 319.6 2.1
3.1 23.3 754.2 1.8
3.5 39.1 558.5 1.7
2.2 51.2 50.3 2
3.9 40.9 557.5 1.8
4 37.8 741.9 2.3
1 22.8 689.8 2.5
1.9 17.8 736.7 1.6
4.7 20.3 250.6 2
3.1 48.9 386.7 1.6
2.8 56.8 620.6 1.8
1.9 43.9 625.1 2.4
4.1 69.4 686.6 2.4
4.3 30.6 703.1 1.9
4.8 20.9 313.4 2.1
3.6 36.1 589.7 2
4.5 65.5 872.8 2.3
2.9 72.9 776 2
2.4 18.6 693.8 1.8
3.4 34.6 679.4 2
1.4 19 434 2.4
4.2 54.6 480.4 2.1
4.8 49.5 487.5 2.4
2 57.9 908.8 2.2
1.2 50.9 104.6 2.3
3.6 27.5 278.8 2.4
2.3 38.7 309.2 2.4
3.5 70.2 760.2 2.4
2.6 38.5 693.7 1.9
3.7 22.4 202.1 2.4
3 54.8 782.8 2.1
3.7 30.7 770.3 1.9
3.8 24.2 587.2 1.6
2.8 63 136 2.5
1.1 30 597.8 2.1
2.3 68.8 917.8 2.4
4.1 61.4 465 2.4
1.8 52.8 120.2 1.6
1.7 29.2 449.8 1.6
3.7 28.7 594 1.8
1.2 44.6 269 1.8
3.1 57.5 826.5 1.8
4.2 39.4 517.8 2.2
1.3 66.2 403.9 1.9
1.1 52 776.5 1.8
2.4 18.9 680.9 1.7
3 36.4 64.4 2
4.2 72.3 347.8 1.9
4.3 19.1 644.6 2.5
2.9 63 868.4 2.3
2.9 19.5 570.7 1.8
1.6 44.5 392 1.6
4.3 69.3 423.3 1.6
3.9 67.7 366.2 1.8
1.3 15.4 115 2.3
2.9 39.1 708.8 1.5
1.4 37.1 754 1.7
1.8 56.8 93.2 2.3
1.2 35.7 459.7 2.1
2.5 61.6 618.6 2.4
4 55 909.4 1.9
3.3 33.1 273.5 2.3
1.8 45.1 170.5 1.7
3.5 69.9 795.3 2.4
1.3 55.9 463.6 1.8
4.3 38.4 540.3 2.2
2.7 33.5 494.2 2.1
2.4 21.4 585.7 2
3.8 25.6 667.5 2
1.4 16.6 330.9 2.4
1.4 35 758.3 2.4
1.8 60 841.3 2
3.9 40.3 323.9 1.8
3.9 17.1 87.1 2.4
4.8 25 411.5 1.9
2.1 59 293.3 2.3
3.6 54.5 168.4 1.9
3.6 18.2 229 1.8
2.9 65.5 95.6 1.6
4.2 17.8 84.4 2
2.4 47.6 347.4 2.2
3.5 61.3 111.3 2.1
3.5 18.6 150.8 2.1
4.5 74.3 391.5 2
4.8 41.6 814.2 1.6
3.4 27 863.5 2.3
3.5 68.2 500.6 2
3.7 19.5 177.6 1.8
1.9 71 510.9 2
3.3 33.8 797 1.6
1.9 39.6 687.3 2.2
2.8 67.3 458.1 1.9
2.2 46.1 482.1 2.4
3.6 19 931.5 1.9
1.7 17 102.6 1.8
3.1 61.1 936.3 2
3.1 67.9 627 1.8
3.6 33.1 679.8 2.2
2.5 15.8 883.1 2.1
4.7 49.5 695.9 2.2
3 27.1 342 2.2
1.9 17.1 256 1.6
1.9 58 87.9 2.5
1.7 51.9 560.4 2.4
3.6 40 785.1 2.1
4.3 58 492.9 1.9
2.7 59.5 405.8 1.9
2.5 27.1 397.2 2.2
3.1 56.2 885.9 2
1.6 48 700.2 1.6
2.1 16.3 606.9 1.7
3.1 33 626.1 2.5
3.4 72.7 133.4 1.5
1.6 68.5 60.1 2.1
4.1 30.2 763.1 1.7
2.6 35.7 707.3 2.2
1.1 40.3 406.2 1.5
1.8 23 721 2.1
3.8 74.1 242.9 2.3
3.1 23.2 594 1.6
1.4 20.3 663.5 1.9
4.9 39.7 274.1 2
4.1 19.7 299.6 2.1
3.6 16.3 688.9 2.3
1.7 69.4 60.1 2
3.3 19.5 117.3 2.1
4.5 26.7 332.6 2.2
4.5 36 407.9 1.7
1.3 20 558.9 1.9
4.4 50.4 353.3 1.7
3.9 43.5 849.4 1.6
4.1 21.7 792.2 2.3
1.2 50.2 782.5 2.2
3.6 49.3 326.3 2.4
3.4 68.8 848.6 2.4
1.2 71.8 579.6 1.8
4 26.9 628.4 2.5
3.1 67.3 711.9 1.7
3.4 48.2 772.1 1.6
5 55.3 458.6 2.2
4.9 28.2 503 1.9
3.9 46.6 528.1 2
4.6 21.1 297.9 2.5
1.2 17.7 414.3 2.5
2 61.7 605.3 2
4.8 31.7 698.1 2.5
1.9 20.5 334.9 2
1.5 63.9 384.6 1.6
1 68 698.9 1.8
2 31.9 206.7 1.9
3.1 48.5 725.6 1.6
2.3 17.5 95.1 2.5
2.1 67.7 352.8 2
1.1 69.7 211.4 2
3.9 50.3 547.8 2.5
1.9 68.4 272.5 2
2.5 40.5 767.9 1.7
2.8 58.2 263.3 2.3
4.1 48.4 73.7 1.8
3.2 21.2 812.4 2
2.1 39 572.1 2
1.8 62.6 74.8 2.2
4.3 17.1 417.1 1.9
3.4 43.9 428.9 2.3
2.9 59.1 143.4 1.6
3.8 45 151.5 1.7
3.2 15 370.5 2
2.7 73.8 490.1 2.2
2.7 29.4 798.7 2.1
2.7 74.9 163.5 1.6
2.4 34.2 422.4 2
2.1 47.4 172.1 2.3
4.6 52.9 436 2.3
4.4 62.6 141.3 1.7
2.8 24.6 336.6 1.9
3.6 62.6 735.2 2.3
4.8 23.4 430.4 2.2
2.8 38.8 97.7 2.1
4.8 36.8 748.2 1.6
4.5 62.7 716.8 1.8
1.5 20.9 565 1.9
4 72.9 905.1 2.5
2.4 52.7 864.1 2.4
1.9 30.6 328.7 1.7
4.5 65 307.4 1.9
2.8 63.9 310.5 2.5
3.2 66.1 630.5 1.6
2.9 46.3 841.8 1.8
1.2 27.5 56 2.2
3.9 44.4 468.4 1.7
4.9 51.6 215.7 2.4
4 51.2 74.1 1.8
4.2 15.7 469.7 2.1
2.8 41.6 725.6 2.5
3.5 64 207 1.8
3.5 51.4 858.6 2.2
3.3 71.6 102.3 2.2
2.1 35.9 554 2.4
4.9 32.5 548.2 2
4.3 70.4 629.1 2.4
3.6 31.4 292.7 2.2
1.7 55.6 310.9 1.8
4.3 30.2 368.4 2.3
1.8 27.2 413.1 2
4.5 54 807.3 2.1
4.6 55.5 353.7 2.5
1.8 15.3 545.9 2.4
4.6 72.1 236.4 2.1
2.8 23.4 575.6 1.8
4.2 37.9 295.2 1.5
1.4 49.5 532.6 1.7
2.4 38.9 438.9 2
2.1 63.4 122.2 2
1.2 67.8 695.6 2.4
1.7 36.9 247.4 1.6
4.2 74.9 838.5 2.5
3.7 49.4 607.3 2.1
2 36.9 115.3 1.9
2.6 16.9 609 1.8
4.9 61.5 349.2 1.8
2.8 27.8 380.7 1.6
2.5 70.2 502.1 2.4
2.4 46.7 604.5 1.7
4.8 21.3 195.7 1.8
2.7 72.7 639.2 1.7
3.3 35.7 746.1 2.1
2.4 69.4 173.4 1.7
3.5 21 241.1 2.3
2.9 40.4 792.9 2.1
4 74.2 336.3 2
4.9 65.7 476.7 2.3
2.2 59.9 823 1.6
1.7 51.3 845.3 1.6
2.2 27.3 703.9 1.7
3.1 29.6 115.2 2.1
1.8 40.1 72.3 1.9
1.3 61.4 506.9 1.8
2.2 32.8 277.7 1.6
1.2 53.8 554.3 1.9
3.7 52.4 247.7 2.3
2.8 49.9 602.9 2.1
1 17 52.4 1.7
4.4 15.5 103.7 1.8
2 45 127.9 1.8
3.6 35.9 835.3 2.3
2 68.6 293.8 1.9
2.3 66.7 510.6 2.3
3.7 52.9 629.9 1.9
1.8 40 126.9 2.3
1.2 59.4 812.2 2
5 22.5 789.4 2.3
4.5 51.2 645.5 1.9
4.9 18.5 945.8 2.3
3.5 39.5 162.4 2.1
4.8 33.1 641.8 2.3
3.1 52.9 266.3 1.8
3.3 21 59.2 2
1.1 35.9 948.7 2.2
4.1 63.1 725 1.6
2.8 40.2 459.6 2.1
4.9 39 285.7 2.1
4 52.2 410 2.2
1.1 36.2 741.7 2.1
3.7 59 891.2 2.3
1.6 51.2 176.2 1.8
4.2 39.8 391.2 2.2
4.5 25.6 937.2 2
3.9 31.4 875.3 1.7
2.6 67.7 265.6 2
2.8 26.7 876.7 2.3
4.4 67 543.7 2
3.8 31.2 156.1 1.7
4.8 55.4 307.9 2.3
3.3 40.5 286.7 2.3
1.4 69.9 240.4 2.4
2.1 32.1 210.8 2.4
2.5 42.8 127.7 2.3
4.4 55.4 583.7 2
2.7 42 331.1 2.2
3.8 22.9 212.8 2.2
1.3 25.7 429.1 2.4
1 20 386.5 2.3
3.3 57.9 424.1 2
5 33.9 305.4 1.9
3.5 48.7 189.7 2
3.9 60.8 123 2.3
2.8 36.9 255.4 1.6
1.8 24.5 251.6 2.3
3.8 73.2 592.2 2.1
1.5 26.1 260.5 2.2
2.6 55.3 242.8 1.9
4 37.1 281.5 1.9
3.3 44.8 737.8 2.1
2.9 60.7 731.4 2
2.9 44.9 103.1 2.1
4.2 39 405.9 1.6
4.8 66.3 411.8 2
2 42.6 686.9 2
1.2 46.4 311 2
2.7 38.8 858.1 1.5
4.5 37.6 401.3 1.8
2.2 66.9 336.6 1.5
4.2 22.4 763.5 1.9
3.8 21.3 449.6 2
3.8 25.3 250.5 1.8
2.3 65.8 190.6 2.2
3 22.4 250.5 2.2
1.6 52.1 336.5 1.9
3.2 37.1 387.6 2.5
3.5 70 771.5 1.6
4.2 31.5 482.1 1.9
1.5 17.4 67.5 2
4.5 54.9 788 1.7
2.1 74.2 243.2 1.7
2.5 73 230.5 1.9
3.7 60 671.7 1.6
3.2 67.4 521.5 1.8
3.1 24.4 905.2 1.6
1.5 67.8 499.2 2.4
3.2 50.1 275.1 2.3
2.4 30.2 421.4 2.1
1.2 63.3 210.5 2.2
4 42.2 855.8 1.7
3.9 71.9 624.8 1.9
1.4 71.8 52.3 2.4
1.5 73.7 553.9 2.2
1.8 60.2 702 2.1
1.2 40.4 264.3 2.1
4.2 57.6 536.7 1.9
3.2 28.6 228.1 1.9
2.5 71.6 762.7 1.7
1.3 41.9 769.3 1.8
1.4 59.9 316.5 2.2
3.2 25.1 846.9 1.9
1.1 49.7 75.6 2.3
2.1 31.9 167.8 2.4
3.7 52.9 246.6 2
5 59.6 383.9 1.9
2.2 30 304.8 2.3
3.9 49.6 366.6 2.5
1 62.6 110.3 1.8
1.7 49.4 515.6 2.1
4.3 41.9 277.7 2.1
4.4 47.5 532.1 2.4
2.3 21.9 886.2 2.3
4.9 55.2 245.2 2.1
4.3 49.9 501.6 2.4
3.9 17.7 363.7 2.5
3.3 32.6 663.5 2.3
1.2 50.4 301.9 1.8
5 70.5 765.2 2.2
2.4 58.5 341 1.6
4.1 33.2 788.6 2.3
3.9 20.5 120.2 2
1.4 74.6 504.7 2
2 53.4 745.9 2.4
3.6 56.2 391.6 2.1
1.5 32.6 235.3 2.1
4.1 42.3 576.3 1.6
3.8 59.9 821.1 1.7
2.2 63.8 299.4 2.4
1.8 34.2 696.6 2
3.6 25.1 578.4 1.8
2.3 38.4 125.9 1.5
2.8 52.8 76.2 1.9
2.4 56.1 166.9 1.6
4.9 32.1 765.4 1.6
4.9 17 937.9 1.8
2 37.9 776 1.9
1.7 39.9 794.4 2.1
1.9 54.2 498.3 1.6
3.9 47.9 534.1 2.3
1.2 37.7 520.2 2.1
2.7 61.5 633.6 2.4
3 19.5 648.8 1.6
3.2 64.5 729.7 2.4
1.5 69.1 182 2.4
4.4 54.8 144.7 1.7
4.4 64.4 618.8 2
4.9 62.5 628.6 2.3
1.4 20.3 591.5 2.2
1 72.8 378.7 1.6
2 52.8 543.8 2.3
1.9 56.2 69.7 1.7
2.5 49.5 231.3 2.1
4.3 19 541.4 1.7
4.1 45.5 363.1 2.3
1.8 70.4 837.4 2.3
2 46.4 570.3 1.9
4.8 20 709.6 1.9
2.6 67.4 793.7 1.7
3 24.1 288.6 1.8
2.2 55.2 377.8 2.2
1.2 68.9 947.9 2.2
1.5 20.1 268.5 2.5
4.7 45.9 415.5 2.3
4.9 29 833.8 2.5
3.1 52.5 449.8 1.5
2.5 51.1 588.2 2.4
4.5 30.2 690.3 1.9
3.8 57.5 879.9 2.1
2.2 41.8 681.3 1.8
1.3 35.1 646.9 1.9
4.7 31.1 318.7 2.4
3 43 511.4 2.1
2.3 29.5 159.1 1.7
2.6 39.1 832.6 1.6
2.8 70.6 824.6 2.3
3 43.9 515.7 1.7
2.2 24.5 51.8 2.4
1.9 51 791 2.1
4.4 21.6 327.6 1.9
3.4 27 545 2.1
2.4 40.3 142.9 2.5
4.1 31 129.8 2.1
4.4 73.3 640.2 1.6
2.9 41.1 577.4 2.1
2.6 72.3 383.4 2.3
1.6 36.5 839.2 1.5
2.1 29.5 356.8 1.7
2.5 66.8 242.5 2.2
1.7 19 141 1.9
3.1 42.3 918 1.6
1 67.8 180.2 1.7
3.5 74.7 780.2 1.8
3.1 17.4 264.2 2.4
1.9 36.7 627 1.8
1.2 22 847.8 2.2
4.2 40.7 596.7 2
4.7 60.9 857.1 2.1
2.7 71.1 87.6 1.8
1.3 25.7 455.6 2.3
2.1 71 268.4 2.1
3.1 66.6 578.8 2.4
2.5 53.4 84 1.6
1.8 43.5 285.9 2.3
4.2 33.1 385.5 2.2
4.5 70 603.4 1.7
2.7 26.8 660.5 1.8
2.3 58.5 62.9 1.9
1.9 71.3 200.7 2.1
2.8 67.7 341.2 1.6
1.1 53.4 847.8 1.6
3.6 37.4 725.9 1.7
4 51.6 820.9 1.8
1.8 41.6 397.8 2.3
3.6 63.8 534.1 2.3
3.6 20.3 401.9 1.9
4 15.2 146.7 1.9
1.9 34.6 86.4 1.9
2.7 56.4 188.3 2.4
2.1 67.4 826.9 2.5
3.3 16.2 743.8 1.6
2.2 34.5 598.2 1.7
2.5 31.5 129.2 2
1.2 69.5 784 2.1
4 58 787 2.3
3.8 62.5 148.9 2
1 59.5 315.8 2.3
3.5 25.1 664.4 1.9
4.3 63 380.5 2.2
1.6 33.6 642.1 2.5
1.9 65.5 937.8 2.5
3.6 36.9 700.4 2.2
1.4 69.6 493.2 2.4
4 41.1 368.3 2.2
2.6 55.9 490.8 2.5
1.9 72.4 573.3 1.9
1.9 46.1 470.7 1.6
3.5 70 650.9 2.1
1.8 30.9 305.5 2.3
4.1 27.3 211.3 2
3.6 24.1 845.9 1.6
4.3 72.1 398.7 2.5
1.7 38.7 259.5 1.9
2.3 25.8 416.1 2.2
1.6 42.8 167.3 1.8
1.4 46.7 879.2 2
3.6 57.8 483.6 2.1
1.3 43 574.3 2.1
4.6 54.4 780.8 2.4
4.1 31.3 444.3 1.6
1.6 70.3 419.6 2.3
4.4 35.4 630.4 1.6
4.8 34.2 394.9 1.9
2.8 66.5 935.9 1.9
2.6 29.2 240.8 1.6
3.5 71.1 92.6 2.3
3 61.7 432.4 1.6
3.5 32.4 85.1 1.6
3.8 41.4 506 2.4
4.2 69.9 829.3 2.1
1.7 26.5 233.2 2.5
1.4 40.4 598.1 1.6
2 60 431.5 1.9
4.1 36.7 322 1.5
3.7 62.3 659.2 2.4
3.8 73.9 781.4 2.4
3.4 50.5 420.3 2.4
3.7 24.9 255.8 1.8
4.7 44.1 343.7 2.5
3.4 53.4 104.4 2.5
3 68.2 892.9 2.1
1.7 60.9 281.1 2
1.4 47 372.9 1.8
4.5 38.9 401.9 2.5
2.7 69.6 924.8 1.7
3.2 25 536.8 2.2
2.4 29.3 643.9 2.5
2.5 46.4 596.6 2
1.9 67.4 236.8 1.5
2.9 63.7 749.7 2.1
3.2 31 441.9 2.2
1.2 15 464.2 1.7
4.1 16.5 284.5 1.5
3.4 65.5 607.6 1.6
1.9 62.6 228.9 2.5
4.6 54.4 459.9 2.2
3.3 55.1 853.6 1.6
4.2 55.9 220.5 1.7
3.8 44.4 681.9 2.2
3 44.7 644.4 1.6
2.4 19.1 434.9 2.4
4.4 37.9 922.9 2.1
2.3 73.6 543.7 2.1
3.8 72.2 794.3 2.4
2.2 74.8 206.2 1.6
1.3 34.7 369.2 2
4.5 57.9 921.3 2.1
3 48.3 498.8 2
4 27.3 449.6 1.8
4.2 29.4 446.8 2.1
1.1 32.7 689.1 2.1
1.3 71.1 917.7 2.2
2.1 20.1 481.7 2.2
2 49.2 727 2
1.7 61 503.5 1.6
3.6 73.8 439.9 1.6
4.9 15.7 940.3 1.8
2.4 51.7 61.8 2.4
3.9 26.4 781.6 1.9
0.3 0.3 0.3 0.4 0.3 0.4 0.2 0.3 0.3 0.4 0.2 0.3 0.2 0.2 0.3 0.3 0.3 0.3 0.2 0.3 0.3 0.4 0.3 0.3 0.3 0.3 0.3 0.2 0.4 0.3 0.2 0.4 0.4 0.3 0.4 0.3 0.2 0.3 0.3 0.4 0.2 0.3 0.3 0.3 0.3 0.2 0.3 0.3 0.3 0.3 0.3 0.2 0.3 0.2 0.3 0.3 0.2 0.3 0.4 0.2 0.2 0.2 0.4 0.2 0.2 0.3 0.2 0.3 0.3 0.3 0.3 0.3 0.2 0.3 0.2 0.3 0.2 0.2 0.3 0.3 0.2 0.4 0.3 0.3 0.4 0.2 0.3 0.3 0.4 0.2 0.4 0.3 0.3 0.3 0.2 0.3 0.3 0.3 0.2 0.2 0.3 0.4 0.3 0.3 0.3 0.4 0.3 0.2 0.4 0.3 0.3 0.3 0.3 0.4 0.3 0.2 0.3 0.2 0.3 0.3 0.3 0.3 0.4 0.4 0.3 0.2 0.3 0.2 0.4 0.3 0.4 0.4 0.3 0.4 0.4 0.4 0.3 0.3 0.2 0.2 0.3 0.4 0.3 0.4 0.4 0.3 0.2 0.2 0.3 0.3 0.4 0.3 0.2 0.3 0.3 0.4 0.2 0.3 0.4 0.3 0.2 0.2 0.3 0.4 0.3 0.3 0.3 0.4 0.4 0.4 0.4 0.4 0.3 0.4 0.4 0.3 0.3 0.4 0.4 0.2 0.3 0.2 0.3 0.3 0.3 0.3 0.2 0.3 0.3 0.3 0.2 0.2 0.4 0.2 0.3 0.4 0.3 0.2 0.4 0.4 0.3 0.4 0.4 0.2 0.4 0.4 0.4 0.3 0.2 0.4 0.4 0.4 0.4 0.3 0.3 0.3 0.4 0.3 0.3 0.4 0.3 0.3 0.4 0.2 0.3 0.2 0.2 0.2 0.3 0.3 0.3 0.3 0.2 0.3 0.2 0.3 0.2 0.3 0.2 0.2 0.4 0.3 0.2 0.3 0.2 0.4 0.3 0.3 0.3 0.2 0.4 0.3 0.3 0.3 0.4 0.3 0.4 0.3 0.2 0.2 0.2 0.3 0.3 0.4 0.3 0.2 0.2 0.3 0.4 0.3 0.3 0.2 0.4 0.2 0.3 0.3 0.4 0.3 0.3 0.3 0.4 0.4 0.3 0.2 0.2 0.2 0.2 0.3 0.2 0.3 0.3 0.4 0.4 0.4 0.3 0.3 0.3 0.3 0.3 0.3 0.3 0.4 0.2 0.4 0.4 0.3 0.3 0.3 0.3 0.3 0.3 0.3 0.4 0.4 0.3 0.2 0.3 0.2 0.4 0.3 0.2 0.3 0.3 0.4 0.2 0.4 0.4 0.3 0.4 0.2 0.3 0.3 0.3 0.3 0.4 0.2 0.4 0.3 0.3 0.4 0.2 0.2 0.4 0.3 0.3 0.3 0.4 0.3 0.3 0.3 0.3 0.3 0.2 0.2 0.3 0.4 0.3 0.4 0.3 0.3 0.4 0.3 0.2 0.3 0.3 0.3 0.2 0.3 0.3 0.4 0.2 0.4 0.3 0.2 0.3 0.2 0.4 0.3 0.4 0.3 0.3 0.3 0.3 0.4 0.4 0.3 0.4 0.4 0.3 0.3 0.4 0.3 0.3 0.2 0.4 0.3 0.4 0.3 0.4 0.3 0.3 0.2 0.2 0.4 0.3 0.2 0.4 0.2 0.3 0.3 0.3 0.3 0.2 0.2 0.3 0.3 0.4 0.2 0.3 0.3 0.4 0.3 0.4 0.3 0.3 0.4 0.3 0.3 0.2 0.3 0.4 0.2 0.2 0.3 0.3 0.4 0.2 0.3 0.3 0.3 0.2 0.3 0.3 0.3 0.4 0.3 0.2 0.4 0.3 0.2 0.3 0.2 0.2 0.4 0.3 0.2 0.3 0.2 0.3 0.3 0.2 0.4 0.3 0.3 0.3 0.3 0.3 0.3 0.3 0.3 0.3 0.2 0.3 0.4 0.3 0.3 0.3 0.4 0.3 0.3 0.2 0.3 0.3 0.3 0.3 0.3 0.4 0.3 0.3 0.4 0.3 0.4 0.3 0.2 0.3 0.3 0.3 0.3 0.2 0.3 0.3 0.3 0.2 0.2 0.3 0.3 0.4 0.3 0.3 0.3 0.3 0.3 0.3 0.4 0.4 0.4 0.3 0.3 0.2 0.3 0.3 0.4 0.3 0.2 0.2 0.4 0.3 0.2 0.2 0.4 0.3 0.3 0.3 0.2 0.2 0.3 0.3 0.3 0.4 0.2 0.3 0.3 0.4 0.4 0.3 0.3 0.2 0.2 0.3 0.3 0.3 0.2 0.4 0.4 0.4 0.4 0.3 0.3 0.3 0.4 0.2 0.3 0.4 0.3 0.3 0.3 0.3 0.3 0.2 0.4 0.2 0.4 0.4 0.3 0.2 0.3 0.4 0.3 0.3 0.4 0.4 0.3 0.4 0.3 0.3 0.3 0.3 0.3 0.4 0.2 0.3 0.4 0.3 0.2 0.4 0.3 0.4 0.2 0.3 0.2 0.4 0.3 0.4 0.2 0.3 0.3 0.3 0.3 0.2 0.4 0.3 0.3 0.4 0.3 0.2 0.3 0.2 0.3 0.3 0.3 0.2 0.3 0.4 0.2 0.3 0.4 0.3 0.4 0.4 0.2 0.2 0.2 0.2 0.4 0.4 0.3 0.2 0.3 0.4 0.2 0.4 0.4 0.3 0.4 0.3 0.2 0.4 0.4 0.4 0.2 0.3 0.2 0.3 0.2 0.2 0.4 0.3 0.2 0.3 0.4 0.4 0.3 0.3 0.3 0.2 0.3 0.3 0.3 0.2 0.2 0.4 0.3 0.3 0.2 0.4 0.3 0.3 0.3 0.4 0.2 0.3 0.4 0.4 0.2 0.2 0.4 0.3 0.3 0.2 0.4 0.3 0.3 0.3 0.2 0.4 0.3 0.2 0.3 0.3 0.3 0.4 0.3 0.2 0.4 0.4 0.4 0.4 0.3 0.2 0.3 0.3 0.2 0.2 0.3 0.3 0.3 0.2 0.3 0.4 0.4 0.2 0.3 0.3 0.2 0.3 0.4 0.3 0.2 0.3 0.4 0.3 0.3 0.3 0.3 0.3 0.3 0.3 0.4 0.3 0.2 0.3 0.4 0.4 0.3 0.4 0.3 0.3 0.3 0.4 0.2 0.2 0.4 0.3 0.3 0.3 0.2 0.3 0.3 0.2 0.2 0.3 0.3 0.4 0.3 0.3 0.2 0.3 0.3 0.3 0.4 0.4 0.3 0.3 0.3 0.3 0.2 0.3 0.2 0.3 0.3 0.3 0.3 0.2 0.3 0.3 0.3 0.4 0.2 0.3 0.3 0.3 0.3 0.3 0.2 0.3 0.3 0.4 0.4 0.3 0.4 0.3 0.4 0.4 0.4 0.4 0.4 0.2 0.4 0.3 0.3 0.2 0.3 0.2 0.3 0.4 0.3 0.4 0.2 0.3 0.3 0.4 0.4 0.4 0.2 0.3 0.2 0.3 0.4 0.2 0.2 0.3 0.3 0.4 0.2 0.4 0.2 0.2 0.4 0.4 0.2 0.4 0.3 0.2 0.3 0.2 0.4 0.2 0.3 0.4 0.3 0.2 0.2 0.3 0.2 0.2 0.2 0.3 0.3 0.3 0.3 0.3 0.2 0.3 0.2 0.2 0.4 0.2 0.3 0.3 0.2 0.3 0.4 0.2 0.2 0.2 0.2 0.2 0.4 0.2 0.3 0.4 0.3 0.2 0.3 0.3 0.4 0.3 0.2 0.4 0.4 0.2 0.4 0.3 0.3 0.2 0.4 0.3 0.2 0.2 0.4 0.2 0.3 0.2 0.3 0.4 0.3 0.4 0.3 0.3 0.3 0.2 0.4 0.2 0.2 0.4 0.4 0.3 0.2 0.3 0.2 0.2 0.3 0.3 0.4 0.3 0.3 0.4 0.3 0.3 0.4 0.4 0.3 0.4 0.4 0.3 0.2 0.3 0.4 0.3 0.3 0.2 0.4 0.4 0.2 0.2 0.4 0.2 0.2 0.4 0.4 0.2 0.2 0.3 0.2 0.4 0.3 0.3 0.4 0.4 0.3 0.3 0.4 0.3 0.3 0.4 0.3 0.3 0.3 0.3 0.3 0.2 0.3 0.3 0.4 0.3 0.3 0.2 0.2 0.4 0.4 0.3 0.4 0.3 0.3 0.3 0.2 0.4 0.4 0.2 0.4 0.3 0.3 0.4 0.2 0.4 0.3 0.3 0.3 0.3 0.2 0.4 0.2 0.4 0.4 0.3 0.2 0.3 0.3 0.4 0.3 0.4 0.2 0.2 0.4 0.2 0.2 0.2 0.2 0.3 0.4 0.3 0.2 0.4 0.2 0.4 0.3 0.3 0.4 0.2 0.2 0.4 0.3 0.4 0.2 0.2 0.2 0.3 0.3 0.4 0.2 0.4 0.2 0.2 0.3 0.2 0.2 0.3 0.4 0.4 0.3
78 37 50 25 43 179 177 124 41 148 60 174 74 61 7 58 91 21 164 111 68 8 37 104 130 4 40 44 87 175 82 85 146 155 62 167 143 25 2 144 126 174 154 129 167 87 35 5 86 49 58 30 40 34 24 110 41 159 7 53 155 15 128 109 30 146 174 120 28 13 67 167 177 36 129 80 15 110 68 5 58 91 155 159 31 61 7 63 70 18 176 48 79 146 179 66 77 99 33 111 13 91 76 77 140 173 93 27 138 86 9 146 36 82 175 147 145 159 102 57 3 169 2 75 14 1 78 97 108 89 130 63 9 54 158 140 160 11 125 43 46 126 149 176 89 178 12 164 34 56 103 24 20 180 34 102 117 122 129 11 147 99 59 71 71 27 73 102 141 54 114 157 52 7 154 79 168 137 178 125 180 176 9 55 160 104 124 39 14 17 165 173 94 109 74 180 175 86 25 44 75 10 177 12 148 134 176 98 82 110 89 45 151 64 48 103 92 66 1 70 105 10 127 2 32 148 111 126 170 45 137 101 24 129 147 36 56 81 17 57 177 41 92 29 72 131 168 109 180 39 161 112 104 130 143 133 73 105 103 122 116 25 143 76 137 74 99 75 80 174 134 178 133 111 108 84 114 151 105 62 150 13 110 135 83 2 2 107 141 82 139 30 156 67 78 77 23 103 93 51 138 103 82 61 168 49 132 30 94 111 47 129 87 43 49 72 116 90 102 134 61 168 7 2 18 138 131 103 89 78 114 97 90 109 83 97 62 144 47 170 1 178 171 46 27 58 77 160 142 27 111 96 90 85 62 132 139 152 32 130 2 89 156 105 20 35 96 144 47 136 83 74 168 26 91 57 118 64 112 72 18 73 165 131 110 33 69 51 59 154 175 47 2 83 115 109 22 144 156 179 20 108 78 116 14 11 1 103 133 49 43 38 158 21 67 119 154 156 150 4 126 84 162 165 72 17 171 74 162 126 156 98 55 79 140 154 63 80 47 63 29 73 43 107 174 64 121 113 2 171 124 37 79 157 11 88 78 142 171 117 81 96 78 53 6 65 4 170 46 172 80 147 111 123 12 139 1 174 116 157 60 76 110 59 64 99 91 105 120 65 154 5 23 101 161 163 21 62 74 75 127 37 150 90 42 66 13 33 82 48 45 68 66 28 10 138 177 156 105 96 155 150 2 88 62 95 172 104 64 9 42 123 69 178 175 148 160 100 113 105 54 4 67 46 8 71 8 167 23 110 154 12 168 8 68 82 57 36 142 84 78 164 119 81 117 161 119 11 135 116 112 116 4 49 90 148 22 175 172 83 71 103 22 107 79 9 128 154 154 130 45 88 28 18 43 89 122 157 65 118 176 162 168 10 82 49 45 127 177 85 19 129 162 44 43 159 7 57 60 90 23 104 8 2 160 156 154 120 146 44 89 30 171 156 79 153 91 97 40 8 92 31 104 130 171 159 69 25 29 134 93 97 168 126 116 42 28 176 41 146 10 118 21 86 118 107 142 67 155 47 75 132 114 145 58 90 42 110 159 169 179 8 24 72 176 10 52 116 34 68 44 18 45 115 35 6 2 88 102 35 150 23 162 16 107 86 160 46 98 22 49 124 153 98 18 71 159 118 9 138 78 40 105 52 107 106 6 1 19 98 63 172 76 153 143 57 119 117 122 19 74 34 89 156 28 180 151 46 157 98 103 26 155 8 45 174 78 151 2 112 109 59 5 118 13 172 101 4 43 42 114 109 159 7 92 37 112 159 148 158 5 130 25 32 31 26 112 21 60 143 99 137 36 122 10 139 156 52 134 95 25 27 175 152 51 87 52 117 164 47 143 97 162 72 137 73 88 133 68 1 99 156 113 33 32 46 98 175 97 112 61 176 102 69 12 1 1 115 14 138 44 41 142 162 101 76 161 9 79 21 159 167 177 142 114 137 107 174 158 119 117 9 177 40 120 137 121 67 33 151 92 140 167 17 101 117 115 79 170 157 111 67 89 102 139 111 53 54 131 18 109 75 45 67 51 116 20 4 133 139 58 90 50 166 72 171 158 119 96 170 176 75 17 13 28 145 129 7 130 173 34 89 51 127 97 15 129 125 151 99 180 51 103 170 121 1 106 163 141 173 72 115 92 31 153 96 135 42 140 70 167 83 71 105 154 2 96 152 166 140 33 148 128 28 133 111 62 116 8 178 77 135 128 158 95 47 36 46 156 167 97 146 55 11 77 34 110 121 127 93 41 16 16 136 86 173 126 35 136 7 47 146 79 5 90 174 101 92 51 178 165 58 17 6 84 54 31 138 111 89 56 157 179 113 31 141 9 67 178 81 140 20 115 164 44 156 29 22 65 169 94 68 152 152 74 19 134 55 115 149
32 34 15 147 94 35 175 85 122 103 129 20 25 26 36 107 54 22 11 180 149 62 151 166 68 49 65 159 88 91 18 135 69 166 129 115 128 84 90 35 117 106 3 16 19 30 106 18 58 97 53 102 91 73 107 159 46 117 177 71 109 46 116 33 132 131 58 97 129 25 9 140 158 147 86 58 24 133 36 73 2 66 111 145 137 154 90 71 125 166 180 141 92 122 153 110 11 163 23 139 132 149 3 6 120 156 164 158 17 82 45 96 42 136 85 63 41 29 33 84 64 179 102 15 49 134 78 172 20 88 64 73 103 161 8 73 112 51 161 27 5 32 113 59 159 52 90 143 73 69 46 160 39 73 34 15 52 64 86 175 110 38 63 86 6 74 19 40 25 15 48 73 12 25 9 64 35 102 76 92 152 156 127 22 166 101 112 162 165 106 76 71 133 35 36 110 171 66 171 126 106 138 1 149 155 37 140 176 67 180 155 42 27 171 102 55 64 10 135 79 41 120 69 59 92 149 162 122 138 71 172 13 158 45 91 129 72 110 87 124 8 92 180 107 161 134 6 167 36 77 61 27 88 137 137 69 105 93 134 33 112 132 12 139 173 25 49 122 137 44 2 116 57 31 129 103 69 19 61 7 109 64 118 124 79 107 32 139 51 1 138 136 113 21 136 100 109 167 4 79 83 47 105 150 73 64 56 133 75 117 18 30 15 133 2 88 135 100 32 158 16 167 22 37 59 159 137 83 169 42 77 38 42 119 83 157 173 51 166 174 18 180 151 140 91 13 123 131 163 82 79 27 131 68 172 146 98 168 51 20 152 81 89 163 117 98 4 87 93 162 29 123 72 154 32 124 12 90 7 35 77 148 91 3 16 153 23 22 26 102 150 85 167 40 20 94 139 1 98 122 133 172 42 43 95 93 150 110 98 136 91 114 102 152 88 100 1 138 69 49 29 124 43 135 85 21 145 139 46 142 77 41 133 26 70 83 51 86 118 124 37 161 60 40 166 53 155 60 15 14 69 34 129 116 20 100 48 49 2 73 18 85 171 166 115 95 164 42 43 37 27 173 141 47 23 162 24 169 128 89 167 157 87 169 163 151 93 68 17 134 16 110 167 171 14 114 170 139 76 85 53 92 128 156 8 81 133 89 175 46 60 133 126 122 15 51 94 38 8 124 148 54 70 153 131 116 130 32 64 60 94 38 36 152 44 58 122 28 14 23 167 85 154 92 132 170 72 108 96 50 38 78 23 69 19 173 173 21 16 104 16 177 148 162 159 121 31 114 103 152 169 92 158 144 9 41 17 126 69 133 14 71 104 168 89 56 14 5 14 160 135 52 118 35 66 71 63 64 11 166 142 11 47 160 45 84 25 57 156 121 23 14 93 86 95 83 69 43 85 119 160 55 127 151 38 29 153 139 96 66 173 110 119 101 57 17 107 37 75 62 153 149 111 10 58 135 6 78 9 32 168 64 87 119 90 23 95 40 114 83 100 84 39 156 61 16 61 128 42 175 167 29 14 39 36 24 65 171 70 106 166 22 145 74 143 149 130 45 143 20 18 89 61 9 131 17 152 178 122 87 82 103 100 24 32 121 141 79 122 152 126 168 2 92 36 43 68 29 114 47 44 149 147 55 118 81 157 134 30 11 60 78 63 166 108 71 141 141 21 140 126 49 111 165 14 145 158 81 23 74 20 78 51 65 153 7 142 29 147 58 140 123 107 140 4 173 85 35 118 15 15 171 86 90 30 98 58 50 100 139 132 72 37 113 70 68 105 55 25 77 22 169 22 154 82 5 28 60 83 103 42 47 64 179 68 133 121 147 157 67 135 44 77 139 162 170 176 169 158 154 11 166 39 14 107 161 3 102 69 138 99 26 64 113 126 171 72 171 146 81 57 90 116 130 164 100 78 87 159 4 175 150 160 75 29 118 169 106 57 90 64 107 85 154 41 20 12 45 6 65 8 79 103 24 174 116 66 170 77 151 160 75 1 146 9 123 54 113 47 109 124 49 17 82 149 139 63 107 104 179 53 143 44 74 64 68 173 90 153 66 65 56 119 177 180 138 88 16 102 138 42 141 125 104 57 21 42 73 22 151 36 48 68 31 105 54 121 132 87 37 132 158 132 137 42 135 138 154 135 134 144 30 117 80 109 37 21 142 67 159 162 170 68 160 162 177 162 23 124 174 173 66 124 155 126 105 144 154 163 94 98 105 36 60 101 19 36 63 70 83 75 162 177 71 124 95 38 114 75 163 77 162 50 108 132 160 47 127 51 14 109 78 161 137 63 144 94 85 171 20 147 73 88 156 14 165 128 22 139 84 38 35 23 171 27 55 117 13 9 15 25 55 14 9 117 24 140 65 125 73
17 77 88 121 144 120 173 172 89 72 160 112 22 54 144 123 47 11 62 3 174 128 101 174 6 180 153 150 148 111 81 46 9 83 108 180 26 102 18 115 125 83 34 96 135 122 40 118 125 95 109 32 112 89 162 41 4 87 27 147 140 46 144 35 21 38 53 40 111 88 174 159 43 124 132 91 124 121 96 15 140 49 92 122 115 124 89 120 141 153 13 74 101 32 119 65 112 156 60 95 166 69 71 107 9 17 128 141 110 110 174 164 95 93 119 28 48 122 22 176 162 5 57 12 32 58 158 124 163 133 43 98 129 166 10 31 169 19 170 104 34 129 81 10 39 136 70 18 143 126 128 42 29 44 84 18 54 104 156 114 127 176 106 139 155 152 136 55 107 111 76 160 157 165 159 10 10 73 71 109 93 99 129 59 173 108 105 84 121 29 43 128 163 21 163 154 160 18 60 78 44 130 109 133 9 62 117 63 176 63 106 37 42 38 64 139 156 26 63 159 4 76 24 133 54 138 86 34 138 85 56 4 61 38 168 11 122 157 89 77 172 94 44 95 62 1 86 121 53 54 64 31 142 139 134 166 84 146 31 69 97 28 46 70 95 145 68 75 40 133 88 49 130 178 158 2 131 29 93 13 27 38 116 75 104 16 8 105 63 96 45 126 133 13 151 28 71 36 64 162 27 99 96 10 141 147 31 150 26 147 134 58 1 36 163 137 158 4 114 64 65 65 38 15 1 19 3 51 159 140 13 53 130 2 167 41 16 92 162 12 103 103 106 91 82 122 25 78 99 161 127 128 72 176 38 164 87 99 69 148 81 16 78 54 160 102 37 175 171 112 119 69 158 120 63 150 153 130 34 60 167 60 81 136 55 165 167 78 9 161 118 149 4 84 40 142 122 92 107 45 130 159 43 166 61 158 139 21 72 123 122 59 20 105 58 89 125 108 67 178 144 34 41 157 125 23 74 124 24 111 96 180 17 5 147 64 165 171 84 59 176 74 163 158 6 15 17 141 146 65 136 38 75 165 35 177 72 159 63 16 83 110 124 133 58 8 65 78 18 71 61 119 146 130 124 86 82 14 180 91 4 156 71 26 30 113 162 94 140 8 26 124 172 128 123 38 87 120 152 151 133 127 126 18 91 54 35 48 93 41 2 44 138 24 27 157 144 144 169 159 123 43 156 126 47 38 150 60 86 144 128 173 116 108 27 155 121 146 7 83 159 146 143 27 85 153 147 4 8 5 143 126 25 52 176 158 153 174 75 103 92 71 122 109 137 88 79 39 30 8 19 26 50 180 91 109 25 92 97 18 92 127 142 115 34 114 59 9 128 156 45 63 78 143 6 17 94 9 132 65 132 139 25 33 46 35 130 93 122 19 127 44 125 135 27 111 128 71 175 138 156 19 40 40 18 22 78 80 10 53 54 120 19 73 170 101 29 34 3 57 138 67 121 28 31 102 90 109 67 107 143 59 8 73 10 152 40 66 27 98 117 107 157 60 161 22 108 57 177 121 170 138 84 70 15 147 102 113 163 161 130 98 6 127 126 143 114 131 76 117 151 165 101 151 136 68 158 137 20 99 67 2 85 145 8 105 154 37 115 116 83 31 169 164 136 119 137 137 172 48 127 151 69 144 160 85 154 114 10 130 5 61 176 12 29 45 152 122 58 94 131 111 6 119 48 154 122 51 145 100 121 150 63 25 40 169 33 87 4 108 73 107 147 56 72 99 77 162 25 105 175 22 96 88 174 47 136 8 15 45 6 57 18 27 12 4 9 61 158 57 71 76 111 157 109 32 143 142 60 84 179 176 142 89 79 148 25 168 11 143 153 80 126 71 122 35 3 133 51 161 177 56 35 153 3 29 45 121 17 112 38 24 67 25 39 125 135 78 156 170 9 47 38 140 126 6 145 41 160 94 144 168 95 105 141 159 107 85 73 107 152 57 112 165 69 29 106 65 102 80 173 31 135 29 85 58 83 45 8 22 166 133 178 53 76 172 92 57 55 78 131 9 75 27 143 23 177 66 73 95 136 122 110 18 49 20 178 147 106 165 107 60 167 68 42 53 72 5 170 49 138 54 135 115 143 147 155 31 95 76 100 140 168 131 110 27 51 98 2 40 1 98 141 122 27 73 177 126 44 170 22 144 40 73 9 49 96 121 147 59 62 160 72 120 129 173 158 59 148 175 44 133 137 24 37 140 156 124 115 131 71 22 20 93 31 177 122 117 100 98 124 44 34 15 82 133 74 110 176 156 150 101 11 7 138 40 11 167 158 81 15 177 38 2 180 177 46 117 53 22 65 27 10 128 57 124 47 116 56 137 57 99 102 87 112 98 64 104 106 87 17 70 8 111 60 93 70 29 31 122
137 129 116 22 28 8 148 133 88 166 139 50 152 117 141 180 109 1 95 168 43 64 15 116 7 170 167 17 106 3 107 153 148 8 145 8 168 49 127 70 131 103 100 101 2 11 171 55 165 6 39 143 135 99 135 105 160 12 149 53 21 69 91 79 1 81 150 167 48 111 57 13 114 7 144 52 30 97 15 66 18 73 156 152 142 16 85 137 178 142 55 66 59 137 120 83 38 35 123 66 166 114 43 6 20 155 39 132 24 82 144 7 95 32 147 125 32 123 17 88 117 59 110 82 127 43 163 22 165 25 159 142 65 48 21 32 74 55 162 124 160 114 51 42 118 30 60 29 74 51 168 55 71 51 144 135 31 72 100 36 166 114 34 23 130 14 163 15 32 33 67 116 105 8 44 77 49 131 54 156 99 180 125 69 84 169 116 10 177 127 22 94 128 167 20 82 177 159 1 118 61 81 135 65 43 173 139 32 65 54 47 143 115 6 93 48 95 143 52 44 99 22 57 121 136 64 135 148 136 155 121 146 60 18 126 43 50 80 111 7 78 87 48 22 165 5 100 33 117 104 106 112 46 5 56 64 31 16 95 115 139 11 24 104 68 26 89 11 159 109 110 30 147 82 120 179 18 21 122 9 16 116 57 133 109 90 166 137 69 8 127 97 49 59 104 80 63 138 32 113 122 168 142 161 97 92 108 133 103 140 154 86 47 56 62 131 148 25 90 7 49 136 164 20 154 167 61 142 109 124 172 60 43 28 165 89 123 57 128 77 34 15 71 106 9 60 122 109 75 8 159 84 117 89 36 104 4 158 97 109 35 173 137 59 85 25 8 68 60 125 135 107 99 137 25 34 121 96 154 99 70 109 158 169 124 103 42 168 44 177 56 18 152 134 111 105 50 15 56 177 80 160 129 77 155 70 109 102 24 149 106 34 50 29 64 38 35 127 61 125 123 82 174 3 38 63 178 56 25 16 150 96 65 144 43 167 2 116 20 60 124 34 92 121 5 96 51 11 145 162 94 68 60 124 167 152 76 122 144 99 138 89 161 49 168 104 96 120 20 134 149 69 102 63 54 140 14 24 46 52 174 149 134 75 145 127 160 51 10 19 121 111 102 125 78 30 1 115 121 78 79 102 151 124 113 81 106 145 96 180 57 68 30 6 142 9 86 104 152 144 162 84 172 146 44 71 144 78 103 113 18 170 34 23 10 111 46 167 79 44 97 118 102 153 91 130 161 129 149 156 38 47 44 133 43 134 138 66 46 132 73 23 178 48 32 80 120 72 53 48 72 161 60 52 53 96 132 59 107 52 132 91 111 160 48 95 157 94 121 172 116 168 95 167 90 69 130 55 125 163 139 101 81 98 145 68 93 92 60 146 111 141 8 131 74 29 104 146 33 51 157 168 136 10 3 18 35 76 67 174 17 58 165 77 112 119 114 154 119 137 118 26 138 25 40 99 58 70 100 159 19 127 117 117 85 23 43 107 64 10 71 150 140 25 89 114 74 171 7 173 116 91 74 156 123 96 24 16 159 22 105 161 39 18 83 63 155 14 17 114 115 12 66 123 92 61 13 145 169 97 163 100 73 16 174 40 64 167 3 9 31 42 76 159 169 112 121 163 52 5 78 80 23 57 85 142 39 51 138 16 78 37 158 48 74 4 34 172 115 49 35 91 135 166 78 39 126 34 83 162 164 83 51 94 17 2 55 104 2 171 2 128 163 6 120 30 139 62 54 138 111 68 38 73 102 55 10 105 26 133 177 86 61 15 59 22 26 174 29 133 176 133 27 90 74 19 138 152 2 97 45 92 178 123 146 3 75 66 130 136 53 118 7 147 178 27 47 166 96 176 29 107 166 41 98 22 103 130 67 75 43 155 13 27 154 70 68 151 80 29 164 118 53 79 67 81 109 46 63 89 38 119 121 134 84 108 143 9 26 3 96 20 83 112 143 59 74 107 34 3 146 13 130 143 135 71 129 77 85 105 33 107 154 141 143 77 55 77 132 134 96 168 100 151 173 180 138 125 104 39 68 92 66 153 168 79 145 146 9 71 169 148 156 133 25 43 3 58 112 64 43 60 120 52 168 47 10 141 110 175 19 108 137 70 71 58 3 171 176 60 132 103 97 176 174 22 140 37 112 161 164 29 89 109 104 36 18 102 36 11 63 135 73 1 136 137 2 112 66 53 35 11 125 98 75 177 160 159 38 7 60 96 21 39 129 43 135 94 156 61 35 62 165 11 146 125 97 87 24 36 74 37 82 27 109 178 74 149 54 69 175 63 85 61 156 116 83 166 112 156 88 121 144 18 109 121 25 143 132 90 142 85 57 14 166 27 90 178 24 151 20 84 61 89 115 6 123 48 102 62
178 62 167 112 2 9 163 62 19 141 103 115 51 28 94 52 60 11 161 58 86 163 101 71 44 116 113 70 20 142 45 130 168 32 77 119 154 49 45 167 107 66 83 88 150 10 164 97 62 132 155 28 104 167 67 40 29 110 4 20 158 61 9 35 10 101 138 103 172 161 160 82 111 85 96 73 46 162 53 39 121 155 22 89 175 119 14 100 56 52 177 22 68 140 139 28 21 53 78 82 19 4 56 144 7 146 165 159 70 40 101 89 169 2 77 156 82 106 15 60 122 25 119 18 16 130 19 3 176 1 86 150 173 68 82 102 18 163 118 63 107 90 132 159 26 123 124 98 10 4 134 73 132 139 31 169 45 101 175 152 179 19 54 161 51 180 5 90 165 56 99 55 59 68 97 14 119 14 104 119 11 45 151 26 103 8 167 71 90 71 173 180 174 15 141 123 90 90 115 79 80 73 28 159 159 65 93 98 78 56 39 40 91 112 142 155 27 102 162 120 42 10 153 167 1 76 95 109 57 2 60 109 179 111 66 157 54 64 100 35 100 76 86 38 80 99 17 55 20 105 75 95 160 155 50 33 143 92 137 169 166 133 146 43 30 131 177 77 175 27 159 93 13 34 86 173 104 57 13 89 169 142 22 166 123 38 39 73 156 31 134 117 145 145 129 67 161 65 140 172 168 32 76 18 98 10 120 117 170 27 59 91 153 121 86 113 115 55 180 134 76 152 175 178 132 145 23 144 37 125 23 38 107 141 159 70 82 57 131 137 113 96 162 39 34 141 71 73 100 36 175 64 175 95 77 136 165 169 79 138 138 160 31 61 162 165 71 111 73 157 139 7 59 166 168 81 157 90 132 137 107 139 134 11 108 131 160 100 52 18 153 107 107 129 123 150 139 111 127 37 69 94 115 34 21 157 92 17 93 149 21 26 128 3 141 74 79 25 119 51 50 50 166 66 63 76 173 94 40 138 160 161 36 9 16 7 157 48 129 143 87 164 165 107 86 159 171 173 12 102 95 155 77 47 21 62 56 121 93 21 128 23 121 177 170 180 21 13 146 94 8 123 27 33 89 146 57 76 29 95 102 151 39 166 175 40 94 8 21 179 81 68 58 147 127 95 51 163 97 12 151 143 35 87 85 15 103 138 127 62 63 120 114 74 43 32 39 138 61 23 124 163 35 150 158 58 159 143 51 34 74 162 48 43 12 34 37 84 157 141 121 142 23 97 68 174 85 44 32 21 177 114 118 54 43 123 80 150 159 156 110 49 154 15 123 127 25 22 102 151 88 165 7 111 9 67 32 18 38 137 107 88 66 22 94 64 70 129 167 122 20 47 56 136 168 141 153 56 164 26 23 13 47 151 33 140 75 112 72 173 60 154 17 91 66 55 23 116 15 146 105 79 131 20 115 19 35 4 134 128 168 34 161 139 120 81 134 74 149 140 168 56 146 3 73 115 43 79 86 125 37 40 79 37 166 137 107 114 160 21 23 14 176 30 174 69 96 86 6 92 116 53 58 31 117 105 14 158 153 136 135 96 171 152 160 77 120 52 64 4 154 55 36 85 123 51 91 116 1 149 97 129 137 32 135 28 105 82 156 91 176 38 77 112 133 123 94 66 103 130 108 135 27 121 65 109 98 16 126 115 42 89 35 152 129 136 169 140 118 75 179 154 108 146 47 106 89 54 4 77 102 67 178 3 91 123 71 3 21 71 147 18 112 84 77 120 112 59 118 66 149 14 69 168 100 108 54 158 47 140 120 153 132 123 124 162 163 118 177 40 174 13 176 109 77 65 86 36 4 82 167 19 87 8 65 125 174 133 176 1 66 45 54 147 100 5 62 117 138 101 108 107 56 102 155 106 170 50 141 158 110 159 137 13 12 125 122 115 134 45 165 19 82 77 161 128 63 11 113 40 134 109 3 163 83 51 33 45 118 129 61 20 122 44 122 46 76 31 142 133 89 103 18 54 97 8 82 82 9 102 12 33 153 43 178 1 8 13 58 2 59 51 113 155 83 7 128 41 57 169 18 109 98 170 5 47 53 149 122 136 169 67 39 168 60 20 88 25 33 143 28 159 42 81 176 70 179 130 6 52 157 177 160 21 69 92 81 155 113 122 56 128 59 147 137 63 89 6 35 158 2 135 34 102 75 36 88 51 154 36 121 17 58 146 36 129 59 123 95 31 159 95 45 2 46 135 32 170 162 47 21 62 113 97 133 108 124 48 49 78 91 49 15 47 54 3 159 166 81 162 154 12 135 43 140 169 85 180 12 98 169 30 100 154 50 70 168 79 139 157 8 13 87 102 28 71 55 160 108 50 11 61 135 146 19 43 29 100 115 24 54 84 91 114 19 123 101 166 98 32
29 79 43 4 103 1 83 70 27 102 64 118 179 150 129 180 84 39 58 136 117 65 155 42 150 50 19 155 45 43 96 131 67 9 67 79 67 101 78 143 158 103 11 42 85 46 45 154 45 126 21 159 93 173 131 15 134 69 91 7 98 56 30 42 143 40 155 110 124 9 89 116 74 113 115 44 55 74 117 14 114 89 24 11 23 136 133 3 173 17 100 106 122 101 159 106 167 167 53 25 112 79 36 84 54 60 15 53 85 149 41 101 148 137 56 19 29 80 67 170 110 98 41 75 123 162 102 99 33 24 99 161 146 65 113 130 133 110 59 45 32 11 109 19 168 93 42 172 98 80 72 147 12 47 99 18 44 54 43 83 161 97 24 41 3 19 37 163 34 72 96 87 120 137 162 122 81 132 83 157 89 125 128 110 141 155 138 168 28 46 124 21 163 46 71 162 60 157 148 110 128 50 148 101 155 56 89 11 142 6 115 53 52 39 136 10 43 100 82 5 102 21 152 159 9 103 103 78 20 124 28 142 113 171 78 172 125 72 177 110 83 103 59 136 172 119 86 74 80 154 118 117 159 148 169 39 85 80 115 169 87 36 61 25 94 41 145 81 71 89 87 177 30 167 24 106 141 12 43 81 148 77 37 40 46 140 18 55 154 107 179 74 103 151 50 76 175 154 18 21 149 154 15 55 174 29 22 179 126 62 43 57 92 75 103 95 3 53 97 119 55 162 74 86 81 66 123 96 89 79 47 155 156 116 13 54 4 131 171 6 26 19 94 178 133 68 50 65 161 167 76 29 114 74 170 18 19 32 144 135 20 137 137 74 180 6 10 80 74 121 64 159 43 164 56 152 89 136 54 77 63 67 133 136 119 34 145 98 111 180 17 118 174 152 44 130 84 134 15 142 35 60 48 131 81 9 123 76 59 35 57 107 113 89 170 85 31 123 128 16 40 76 22 42 80 7 176 48 54 81 172 51 84 32 163 153 81 83 2 17 156 47 99 136 149 86 113 130 130 46 174 178 28 126 87 157 171 118 114 136 111 157 172 132 130 94 170 45 64 169 170 143 14 22 61 165 112 144 145 33 58 172 110 5 102 143 157 41 143 21 84 101 116 19 67 179 142 5 42 130 126 39 93 180 157 129 37 73 12 77 84 61 101 144 60 62 68 10 164 61 58 104 81 104 77 19 121 99 4 106 37 41 161 107 51 2 5 14 77 140 112 54 67 76 75 118 67 107 101 114 17 96 176 111 82 110 111 56 62 133 24 178 121 97 163 168 112 178 78 157 163 158 128 47 106 42 158 164 165 146 82 54 92 22 119 32 169 90 32 52 95 179 133 173 93 39 135 72 61 90 83 32 154 71 150 177 45 52 58 130 72 85 121 70 58 4 106 152 2 12 113 5 138 17 27 5 76 173 153 131 44 82 40 97 134 100 100 67 154 137 110 137 154 131 161 2 114 28 87 18 32 135 114 40 40 135 175 120 34 177 160 59 36 57 72 156 108 82 32 172 120 165 11 19 131 61 59 71 114 55 169 34 52 76 115 68 102 149 36 98 78 118 29 171 4 92 66 121 113 174 176 17 137 32 148 1 15 118 129 56 154 112 75 45 129 32 167 80 154 9 41 13 17 92 54 155 124 27 125 179 21 131 179 173 62 9 8 100 114 174 123 100 49 132 155 177 95 113 28 83 74 1 131 112 11 19 167 33 55 119 179 118 70 79 145 51 93 104 114 124 60 40 40 155 60 25 42 5 131 82 171 58 136 175 3 53 30 145 31 80 171 131 124 129 110 15 135 48 92 14 21 95 74 5 56 150 111 178 71 167 135 42 53 105 94 48 116 49 96 54 83 121 40 59 67 163 72 179 99 122 129 162 10 3 95 102 127 41 159 31 12 84 72 56 93 152 165 58 164 95 127 8 6 121 28 48 109 91 91 171 153 80 137 111 5 179 13 48 37 73 180 59 154 15 18 127 142 155 100 160 72 65 112 92 88 95 5 38 138 155 173 66 111 49 82 109 4 105 47 28 111 177 142 43 157 95 29 33 49 34 86 97 33 34 84 163 66 106 89 96 34 107 37 79 75 90 121 119 25 57 43 176 78 173 119 107 5 70 152 144 47 94 106 177 173 37 46 44 173 133 167 105 2 20 42 99 81 19 15 158 27 134 57 171 24 60 139 109 75 63 81 33 80 68 176 180 98 157 132 66 173 89 74 115 49 108 100 148 5 127 92 53 96 93 43 66 15 108 14 92 161 134 62 178 102 111 150 111 3 103 71 77 64 159 48 54 27 151 8 91 120 123 132 26 104 8 20 79 141 66 55 173 35 1 108 28 150 159 18 125 115 52 159 35 165 9 129 103 19 50
115 7 68 80 84 126 76 14 46 175 49 50 119 134 112 80 21 26 96 173 137 79 77 92 110 171 121 24 105 25 118 110 171 84 65 9 49 31 22 24 67 165 132 137 11 147 126 162 173 10 69 156 168 6 52 127 66 129 49 17 69 169 87 123 40 164 174 76 39 120 75 101 8 21 22 62 19 75 179 78 153 103 27 29 173 64 103 178 102 120 115 155 71 20 91 131 84 163 76 114 119 166 90 140 96 77 156 157 16 98 133 134 22 66 41 68 92 74 117 54 170 70 136 107 160 87 94 6 59 35 59 54 14 98 64 20 106 128 56 128 155 30 11 151 31 108 106 49 109 33 38 82 49 130 31 33 24 93 173 80 18 173 94 79 151 120 78 93 16 32 16 87 3 177 178 50 54 180 124 131 1 85 180 36 98 106 122 158 72 160 70 110 28 89 109 22 131 64 168 92 75 110 135 173 97 102 173 103 45 72 55 104 104 43 11 137 90 54 35 169 112 113 116 109 42 50 147 26 138 151 169 25 166 12 33 135 154 120 1 82 49 16 83 137 56 79 72 155 102 29 9 31 16 142 38 94 21 175 108 89 89 175 20 144 106 120 135 116 133 59 94 74 131 126 113 92 110 142 43 22 132 98 159 43 153 127 1 62 120 10 83 48 154 167 102 51 73 97 96 90 22 151 66 94 35 157 24 113 144 128 27 84 83 118 139 19 86 140 37 70 24 122 55 36 163 55 136 167 139 132 100 31 95 158 15 170 148 124 94 64 55 71 122 144 156 111 37 50 131 151 134 132 36 67 176 51 83 27 77 127 91 179 177 134 71 166 3 58 127 93 41 95 89 41 61 158 68 162 151 126 94 67 108 78 33 13 172 30 54 123 170 92 64 102 178 1 57 20 110 70 162 135 87 65 133 135 7 118 149 165 63 19 108 144 152 71 53 173 131 133 35 50 144 97 106 102 143 40 133 83 93 81 48 164 141 157 53 100 159 110 129 154 93 104 71 176 120 154 27 35 132 94 116 177 141 179 40 41 141 76 121 77 19 66 162 135 100 25 152 6 167 161 166 4 48 160 122 144 180 18 33 97 152 60 136 140 139 86 12 22 61 116 7 167 47 155 12 143 33 154 81 7 179 9 30 64 72 33 70 59 102 43 66 173 19 154 177 165 122 61 169 160 58 168 92 163 98 155 15 147 36 1 30 180 47 155 98 72 8 63 39 153 14 83 54 113 5 24 96 57 33 158 179 65 147 66 89 125 174 169 43 96 154 95 120 74 77 105 6 120 130 104 80 81 77 111 98 42 151 151 12 116 87 123 150 88 147 90 102 95 80 35 67 87 74 52 86 123 75 112 13 178 2 64 158 178 32 45 2 122 136 55 8 116 36 157 37 45 173 96 100 151 55 85 44 78 135 62 84 24 4 135 61 136 58 96 57 112 158 158 153 32 114 44 106 2 164 20 95 33 34 21 105 165 135 10 38 13 173 128 160 112 147 85 36 148 53 139 75 112 177 92 108 119 55 66 70 13 35 14 30 179 63 29 156 176 133 50 134 173 154 170 162 4 137 157 94 148 117 152 73 95 128 31 103 103 154 58 109 51 108 111 63 5 52 157 156 22 25 25 73 136 4 151 95 104 20 167 159 148 83 19 73 135 54 149 75 122 114 177 151 6 87 59 71 57 79 112 114 62 12 96 79 126 115 32 73 20 5 71 44 133 70 127 103 142 75 88 157 143 84 137 162 103 77 179 62 87 126 165 32 114 9 143 110 156 97 138 129 122 121 33 143 137 103 29 6 151 77 104 146 58 57 154 154 118 109 122 87 43 1 35 14 15 17 16 133 125 88 19 50 34 158 90 140 81 56 28 137 142 57 90 27 137 118 113 62 113 171 130 59 106 79 155 76 143 143 85 16 55 84 114 158 168 172 3 87 26 145 78 155 97 165 18 81 36 22 12 90 44 70 175 126 99 117 105 34 142 29 110 8 40 79 97 150 31 82 50 44 57 17 132 118 153 102 2 106 52 71 8 27 78 41 171 145 20 94 29 84 76 153 162 126 125 135 146 37 146 12 112 27 10 127 170 74 14 172 142 124 48 177 130 154 32 131 140 82 147 146 99 108 11 44 53 54 163 60 153 92 12 18 164 180 110 144 19 76 88 21 23 25 93 34 119 157 124 145 71 44 107 115 126 163 144 30 19 151 22 97 136 140 67 118 143 83 111 98 147 113 93 138 19 17 103 115 72 178 124 118 180 56 22 12 60 87 48 19 80 82 143 148 36 61 48 14 159 176 24 163 86 25 50 121 165 142 138 99 143 16 55 129 85 145 143 128 123 171 92 105 3 57 18 100 62 56 76 107 94 140 33
78 159 75 107 163 91 46 108 125 156 121 50 95 95 14 130 120 136 75 26 161 29 150 145 71 81 163 25 110 86 30 173 147 1 92 8 67 8 138 83 66 160 72 75 64 70 85 87 40 1 97 31 91 51 145 30 152 126 64 34 112 92 167 134 42 104 31 141 148 62 3 69 170 67 60 133 38 42 142 112 129 56 45 118 176 8 65 27 45 38 143 67 83 172 162 4 53 13 49 42 5 149 104 145 27 126 117 142 131 131 155 110 136 49 75 76 74 49 102 13 150 19 51 60 129 9 18 50 1 36 8 38 62 118 74 80 29 102 128 160 93 130 76 16 45 56 34 49 61 5 14 29 111 88 118 37 19 175 104 12 151 132 152 115 56 116 21 124 52 43 44 161 152 82 14 120 25 50 16 141 54 148 33 32 61 44 120 141 12 75 165 118 154 30 103 32 100 110 7 35 35 170 9 125 162 95 72 175 18 126 55 135 19 93 110 6 107 120 71 164 162 74 91 140 16 100 26 155 128 168 35 156 17 24 177 25 140 14 174 46 138 59 57 90 32 102 60 81 19 177 27 108 36 43 47 174 59 18 128 25 71 130 31 180 78 36 10 148 68 146 120 40 6 167 166 39 48 73 77 32 101 89 6 33 55 146 33 136 133 14 148 12 36 49 27 161 138 136 102 72 44 76 100 88 137 148 25 119 95 7 81 146 67 90 17 155 163 162 6 59 112 92 46 92 80 19 34 1 148 51 164 135 43 39 97 136 114 113 143 165 131 126 16 40 96 151 45 89 104 114 71 26 54 82 27 79 64 106 89 17 34 20 61 147 162 158 43 19 73 23 8 158 102 20 63 56 46 49 153 124 110 29 64 29 88 65 64 124 53 166 90 11 100 15 62 151 177 139 54 147 143 97 153 125 165 67 122 35 34 45 132 9 17 161 80 151 97 30 167 2 96 157 55 176 87 53 180 48 39 26 127 149 149 158 92 169 93 97 80 162 146 150 72 71 88 158 174 97 81 19 24 117 102 97 62 142 113 129 1 129 83 157 153 111 140 3 36 159 167 97 27 60 29 58 99 166 81 38 127 27 11 162 113 7 172 42 21 4 149 104 131 167 109 92 93 153 161 178 177 76 169 111 125 154 65 150 115 173 49 125 170 100 17 91 123 58 138 24 156 50 3 149 22 47 29 52 74 55 41 65 103 167 76 66 32 43 127 10 103 53 25 127 113 42 23 76 177 7 138 91 164 118 164 35 44 30 63 177 123 112 178 21 155 65 10 160 27 59 9 102 37 117 180 103 2 18 163 36 24 26 59 57 162 144 130 142 63 132 115 38 61 78 21 87 14 153 72 112 71 179 43 172 59 114 65 71 73 81 18 175 134 4 84 90 180 156 11 139 49 6 144 145 100 101 69 11 93 98 89 2 144 177 83 22 116 173 129 61 79 171 144 141 146 120 27 3 47 31 103 158 166 173 77 103 65 11 171 110 157 18 111 174 17 1 57 34 176 91 150 63 106 160 20 41 115 54 117 3 126 147 40 46 111 139 141 83 119 50 6 8 84 40 115 112 85 49 82 130 52 122 141 15 85 133 62 26 103 75 65 50 136 92 96 121 28 71 111 125 44 101 168 73 133 101 104 146 111 120 150 70 52 139 169 167 131 180 151 141 58 163 89 169 26 149 90 66 122 23 105 48 90 23 105 32 161 120 169 23 29 33 163 75 137 51 142 38 111 132 124 67 25 115 162 75 135 35 64 111 89 64 128 114 98 97 160 24 107 166 46 175 84 154 126 67 81 148 40 13 42 11 144 158 51 25 119 87 160 147 85 71 41 168 14 146 69 94 107 148 173 102 95 70 177 80 68 34 73 133 80 144 11 126 50 95 36 87 32 101 48 50 119 26 55 31 180 174 56 129 122 62 58 180 53 176 108 130 159 131 139 96 3 105 69 97 34 73 99 118 61 79 151 77 156 15 1 81 123 167 177 178 1 70 140 94 159 9 69 34 123 39 135 105 159 170 171 41 52 51 136 114 110 109 77 106 59 172 9 156 31 176 88 21 83 2 148 126 13 137 105 105 176 55 1 87 26 133 38 166 150 74 167 92 146 20 92 139 154 3 141 103 169 151 1 36 105 35 95 41 45 65 68 173 100 84 17 66 96 6 17 134 94 161 160 52 106 27 178 82 1 105 65 179 152 69 91 66 172 117 170 64 138 169 133 122 41 126 169 119 97 175 67 27 155 32 130 122 2 59 140 67 55 106 57 135 94 94 95 167 50 56 61 175 65 51 127 169 45 65 130 36 47 46 64 119 161 118 144 50 19 53 169 69 22 154 141 83 129 47 60 134 53 158 19 5 147 69 27 28 174 23
147 172 176 139 173 69 87 66 180 146 158 179 12 70 14 95 33 53 8 152 50 144 149 99 89 156 29 133 136 69 141 94 114 126 17 165 62 27 151 136 103 92 75 44 31 144 112 110 123 125 125 158 57 52 160 87 79 179 160 58 19 64 52 46 12 80 122 146 104 8 160 125 66 87 145 48 123 67 163 114 2 117 159 153 169 34 85 31 147 14 24 172 124 28 98 138 39 159 52 174 83 31 68 66 151 76 105 113 23 49 21 133 80 130 168 119 171 159 12 15 143 120 55 122 78 176 57 29 22 155 127 175 93 4 90 10 149 142 105 32 19 61 103 5 170 59 75 38 165 41 134 157 60 109 35 76 91 169 156 39 72 60 1 21 122 87 59 176 180 103 114 143 11 93 13 85 128 168 129 147 137 39 91 142 113 103 52 30 150 176 65 68 107 76 10 59 62 114 57 145 25 132 121 85 94 20 121 94 91 112 151 74 8 167 151 106 23 130 101 109 130 36 130 161 79 18 71 145 29 158 128 10 178 163 71 71 42 61 76 34 18 73 154 138 13 24 21 47 28 170 169 46 65 151 177 86 63 167 167 136 159 72 103 65 97 2 92 162 62 96 141 153 123 70 123 140 89 151 138 133 63 83 173 67 160 2 89 82 162 75 8 146 86 155 32 63 146 163 23 3 33 123 148 101 82 107 157 144 116 124 9 37 100 66 34 128 8 169 114 151 85 89 159 160 160 171 124 149 48 10 95 115 23 84 52 30 109 2 171 12 43 151 25 82 31 176 44 56 91 1 139 130 150 29 41 109 148 149 19 133 142 66 8 152 129 91 28 22 139 178 169 3 174 67 99 38 75 118 79 173 29 113 178 175 169 3 145 76 175 150 150 10 14 36 116 36 160 94 81 157 8 78 107 163 134 57 162 165 164 1 135 35 130 8 89 121 105 157 139 66 75 36 5 31 133 10 42 24 167 69 114 58 108 178 89 120 13 113 69 9 167 34 157 99 14 137 164 45 26 115 4 127 125 171 50 90 84 143 166 170 53 115 23 86 146 80 126 122 93 72 98 108 94 5 42 54 113 160 137 51 101 97 139 169 26 53 118 145 15 52 1 154 54 25 163 28 86 89 3 13 44 79 96 104 10 149 37 144 36 172 11 157 104 91 74 50 72 98 141 83 79 68 119 122 170 100 103 22 141 97 75 133 13 47 105 151 170 73 132 5 97 146 73 48 96 18 38 104 123 158 170 123 172 110 3 82 73 157 14 124 22 156 37 51 20 56 87 175 17 52 37 114 117 132 139 173 165 52 170 75 113 179 50 42 176 172 65 125 109 146 111 38 28 133 65 50 4 94 155 157 30 81 176 127 11 102 161 32 146 68 51 147 86 147 177 134 87 90 131 91 1 30 93 80 115 104 128 141 79 16 1 130 104 122 121 94 3 147 29 121 110 124 45 121 146 71 94 91 63 156 161 66 144 133 27 6 56 11 112 154 75 123 111 25 106 49 110 119 129 76 9 6 39 11 39 68 13 12 44 8 115 115 28 56 112 146 41 165 176 94 35 58 16 19 91 8 143 156 145 94 47 170 6 38 175 136 118 81 139 36 77 115 177 163 24 72 100 20 141 128 115 81 134 82 52 173 160 128 49 88 174 113 152 48 137 101 41 109 127 23 76 48 101 149 144 150 67 57 16 83 134 11 158 80 167 56 172 71 10 23 1 136 56 154 130 152 130 76 96 19 25 57 32 23 78 169 123 164 85 45 179 50 106 18 138 91 143 129 121 5 133 34 29 89 133 32 87 170 50 150 48 51 118 104 144 99 147 12 73 59 64 155 62 59 45 11 81 65 24 165 148 152 126 80 13 175 178 115 180 142 137 175 126 15 17 26 77 10 17 4 65 43 125 176 48 179 175 74 97 13 167 131 144 10 140 54 76 134 156 23 88 117 162 176 53 157 123 119 101 31 38 178 173 107 157 50 170 139 53 95 43 83 71 63 174 167 154 14 158 16 125 136 73 77 46 28 86 67 44 165 107 27 122 92 168 116 13 3 112 78 93 21 180 120 43 67 89 85 91 122 169 148 85 154 5 175 163 171 148 77 81 165 79 82 173 51 147 141 4 16 168 23 142 9 28 36 100 178 175 59 28 18 175 148 126 89 162 26 124 72 59 6 21 116 1 145 34 59 147 7 38 132 43 142 175 135 90 4 104 48 96 119 13 12 54 121 169 64 150 77 15 107 9 178 30 127 154 108 10 41 72 140 16 78 7 141 113 82 75 157 60 68 45 158 3 15 17 60 121 107 19 8 111 89 110 103 10 159 29 128 15 68 104 7 157 14 100 29 22 106 140 39 145 82 128 45 4 82 16 113
175 54 116 77 53 80 144 53 70 111 152 85 97 82 138 64 22 102 116 136 30 52 175 135 101 26 69 142 161 143 1 47 151 28 73 85 31 43 138 73 108 149 98 150 4 131 83 129 109 3 58 4 163 166 44 68 43 163 111 150 153 76 30 75 78 26 8 47 120 18 13 73 51 110 173 57 21 61 143 97 70 60 125 61 159 32 141 139 22 150 22 43 8 120 107 13 69 131 78 13 104 117 83 172 90 149 42 83 176 161 140 93 155 67 90 175 121 145 62 39 57 155 38 90 9 59 158 43 50 146 104 180 141 76 82 161 39 114 103 66 160 83 29 174 76 89 162 3 52 172 72 125 72 54 87 100 129 129 90 173 101 8 150 72 119 43 107 24 112 86 32 76 130 164 161 156 21 54 116 65 20 113 100 95 144 18 83 148 11 55 142 43 128 99 149 126 116 175 28 175 112 19 152 78 87 12 101 56 174 56 98 148 155 149 67 164 2 62 55 41 169 123 61 121 37 128 93 118 156 172 108 102 177 39 114 72 154 179 106 19 66 48 110 94 54 170 152 160 110 55 160 166 89 177 176 165 108 133 8 89 26 108 97 94 122 131 116 13 121 22 88 161 16 85 30 149 72 82 56 47 91 174 33 17 44 165 120 73 143 107 122 165 102 40 17 118 142 38 150 5 31 83 76 178 79 24 5 54 155 124 120 117 149 84 77 162 98 180 10 176 59 138 2 176 176 41 95 107 172 54 71 75 18 93 71 125 180 5 47 35 22 144 79 81 166 141 77 159 117 124 15 73 110 14 99 100 51 125 44 166 136 43 94 95 40 146 24 111 89 36 27 148 86 85 29 78 33 27 61 54 30 104 49 86 39 78 80 86 152 174 126 158 46 87 16 180 70 110 136 149 24 22 102 4 6 5 17 56 122 43 150 18 121 78 128 7 113 129 85 180 149 21 158 118 163 177 44 36 117 29 91 178 65 91 14 136 92 63 34 103 36 142 162 62 73 6 53 132 94 22 121 135 68 113 140 112 55 50 129 104 150 59 113 162 8 156 110 100 65 163 98 35 15 54 126 121 150 73 165 36 119 103 177 110 86 159 15 24 69 172 87 134 64 123 145 125 158 161 163 22 66 79 52 113 1 175 28 126 9 71 163 100 36 24 54 103 103 60 51 173 127 132 96 67 120 65 34 10 70 115 108 25 98 82 119 156 101 79 67 99 164 59 97 81 144 66 30 67 140 7 112 83 137 138 72 25 45 8 179 42 73 56 104 131 70 38 95 59 177 161 61 171 3 175 30 150 104 133 110 36 80 167 144 161 51 120 27 46 146 94 50 13 35 135 113 22 95 160 152 59 65 120 123 77 152 16 149 79 97 162 91 58 67 86 150 35 140 29 36 76 54 89 33 37 171 98 84 120 167 83 62 156 126 177 109 63 141 9 95 136 168 9 84 55 157 108 125 71 175 109 77 57 118 161 170 86 161 1 140 127 121 145 105 76 90 88 72 175 165 51 178 57 46 45 62 65 22 33 86 19 118 146 130 92 55 59 16 31 12 71 161 84 21 70 76 143 26 131 63 10 176 93 37 68 28 81 179 2 168 10 39 120 99 92 42 130 2 157 176 180 161 15 94 140 77 162 58 5 43 24 170 14 76 169 119 179 103 109 50 53 11 70 131 100 38 137 5 168 149 85 33 134 144 48 108 2 24 171 74 178 149 168 164 142 18 157 28 106 104 26 103 142 163 164 180 174 54 11 145 7 36 149 176 107 177 123 112 167 11 90 155 30 105 131 80 105 43 131 123 155 13 180 137 103 175 46 150 49 96 12 16 174 168 78 84 82 20 103 20 168 72 129 68 43 13 154 108 142 55 21 38 136 63 70 138 77 72 158 164 50 33 82 22 92 17 74 72 46 144 56 128 108 76 62 74 92 162 38 15 54 105 2 24 121 146 139 29 166 5 161 171 131 158 30 161 86 41 165 124 30 21 15 177 78 180 43 133 96 33 153 156 27 29 124 25 110 99 22 67 66 62 137 166 52 33 29 110 54 70 91 67 66 123 177 96 133 159 176 103 3 128 150 1 117 30 71 75 154 78 158 88 154 10 137 105 62 165 118 38 76 50 145 69 58 122 165 68 85 173 77 56 160 121 145 146 154 167 111 72 29 175 127 120 180 135 1 137 165 126 175 87 50 120 73 56 158 16 109 172 136 141 171 143 50 20 15 16 148 60 66 56 21 103 30 180 129 67 6 145 52 28 4 81 153 101 73 56 120 164 173 153 43 100 155 26 168 149 103 113 163 146 18 121 175 145 137 110 19 127 134 177 54 146 62 106 105 174 79 21 76 145 61 106 54 74 65 22 12 139 175
143 41 121 153 91 150 161 167 154 60 113 21 116 86 7 123 163 83 143 48 77 91 83 152 6 9 154 73 16 174 154 163 14 24 132 125 50 168 90 105 84 99 70 85 12 133 73 20 27 19 107 115 50 144 75 146 171 116 127 84 158 114 28 58 37 101 77 171 174 21 146 72 132 78 135 31 121 168 37 72 31 149 127 171 163 126 109 126 44 20 5 145 2 100 62 70 10 61 51 112 157 83 104 131 136 33 180 24 111 26 106 32 42 109 116 3 166 97 159 168 176 19 22 10 124 177 129 90 119 142 30 83 120 75 161 154 144 4 107 154 24 125 15 106 177 117 56 109 77 65 12 158 49 158 6 34 122 21 139 162 5 61 175 147 151 172 97 46 20 104 68 69 156 31 174 170 67 4 1 38 54 64 15 34 90 73 100 18 27 40 68 78 104 67 78 65 60 169 153 129 25 59 116 178 143 118 123 3 58 110 161 108 114 113 76 6 49 165 10 113 25 98 53 136 176 97 92 8 116 42 66 51 21 154 103 87 157 12 179 18 88 163 144 105 8 63 145 155 130 156 56 40 1 91 39 52 7 57 132 83 62 169 66 9 131 8 91 113 53 100 59 20 16 156 3 76 21 124 113 35 25 126 135 46 60 7 6 172 110 126 122 164 177 140 165 159 165 119 90 1 114 166 98 124 75 16 152 122 169 127 128 165 173 19 123 23 170 133 23 176 150 81 26 122 28 154 67 55 118 69 28 65 17 172 141 41 129 116 77 22 21 13 100 176 138 7 165 132 81 57 115 156 168 78 104 174 27 123 108 145 79 78 20 39 68 23 176 145 97 102 56 18 158 175 170 1 20 142 100 173 52 44 171 13 101 5 52 68 154 89 58 80 135 46 9 9 148 29 12 44 163 90 152 9 129 58 56 142 26 39 53 142 178 102 62 106 51 180 103 32 9 96 84 18 10 65 150 112 66 109 35 109 49 30 93 127 52 160 58 88 5 174 105 70 121 114 41 28 133 162 50 109 64 11 22 82 13 19 51 136 35 128 157 98 72 109 30 101 14 133 158 10 159 169 116 87 73 179 171 161 62 14 17 105 155 88 4 163 43 112 36 165 127 71 87 104 71 11 170 45 55 78 172 142 43 14 147 16 163 66 55 97 177 56 69 36 100 101 43 131 35 88 7 107 180 63 88 79 161 145 24 138 80 61 59 56 108 136 92 79 50 48 116 63 80 152 55 159 65 53 119 60 148 163 79 65 78 136 101 124 145 72 110 63 99 96 120 123 15 46 131 127 88 7 88 31 99 156 115 164 25 47 23 119 55 101 137 154 153 161 57 68 36 45 42 75 21 17 178 155 16 71 54 16 80 162 71 133 100 122 18 121 6 38 31 129 9 20 161 42 69 103 133 36 16 48 60 166 4 158 52 84 36 122 59 65 66 93 72 155 98 33 177 58 113 165 62 88 59 100 61 26 35 166 140 102 129 72 169 169 75 179 28 104 179 68 88 177 54 24 133 47 71 121 61 49 81 136 60 1 162 171 88 66 148 146 170 172 24 70 63 51 89 143 146 145 3 43 168 31 63 29 146 31 7 73 180 143 161 66 35 40 73 160 83 19 102 30 167 32 22 171 139 25 170 64 151 31 124 28 30 22 51 119 52 146 78 18 119 57 35 79 16 59 30 16 116 40 104 47 28 61 65 94 60 69 66 113 76 54 110 6 28 32 91 149 21 126 147 130 14 126 8 116 18 80 37 157 59 73 122 103 14 1 153 15 74 129 170 40 138 176 125 75 87 112 40 127 173 159 81 58 15 164 142 3 91 174 40 76 71 62 140 65 143 82 108 179 14 170 102 27 121 116 77 121 88 164 149 63 126 162 41 164 42 56 170 123 173 48 77 64 126 51 150 66 59 160 102 30 47 39 18 112 111 20 37 44 25 73 51 148 144 18 122 10 157 114 116 53 36 33 161 102 17 18 88 176 87 176 80 1 55 135 45 141 71 171 158 164 166 123 62 124 161 99 117 68 70 81 112 117 48 52 63 160 57 20 124 93 62 93 123 149 129 110 86 65 111 96 174 152 65 86 17 133 48 97 142 28 167 14 69 120 145 27 84 106 173 178 69 100 46 177 94 97 66 129 83 5 67 105 26 106 89 173 18 119 83 41 166 131 80 74 109 32 178 175 101 154 52 167 161 164 160 24 91 151 147 7 168 82 29 165 13 104 102 170 84 64 9 37 150 7 132 163 150 127 77 161 164 179 61 70 128 132 46 174 74 172 86 72 118 14 83 67 20 179 162 79 74 119 142 2 55 174 114 22 180 10 29 49 143 117 149 124 10 13 172 118 36 86 168 105 157 27 26 20 81 104
76 40 17 92 140 25 39 147 158 168 161 167 164 161 156 96 76 115 129 96 153 95 66 179 2 49 49 46 174 75 25 95 137 23 100 35 97 39 78 66 27 128 52 85 123 135 104 127 79 125 57 54 172 135 55 72 96 130 55 11 151 40 27 171 55 69 85 81 170 120 133 177 145 56 137 40 129 86 149 148 56 41 19 90 146 35 4 115 49 135 140 109 123 136 56 88 64 145 74 129 165 126 155 142 44 21 61 89 14 119 27 109 69 9 131 174 62 26 76 22 98 119 11 126 75 109 88 135 148 135 161 123 26 124 45 124 52 85 75 167 150 132 70 27 148 153 15 139 127 23 148 126 82 149 101 74 20 112 152 106 83 42 59 160 30 35 157 115 18 73 109 51 169 115 135 51 34 67 44 42 174 152 95 128 51 25 126 80 110 112 29 72 173 104 142 47 4 117 166 8 138 30 74 53 180 10 73 171 147 4 84 1 31 54 82 146 79 64 180 118 41 83 145 38 48 103 35 86 13 47 136 156 42 150 86 96 53 83 90 46 29 134 94 27 168 2 5 116 58 168 53 171 3 142 121 113 86 15 171 137 7 46 150 44 51 154 78 129 133 177 32 99 36 18 156 143 54 98 70 67 116 127 174 96 27 112 122 81 75 144 2 119 171 73 15 5 73 174 89 180 101 35 127 8 113 175 131 112 70 95 53 128 147 62 120 33 147 176 125 58 69 93 7 69 48 151 135 100 140 153 85 87 139 172 43 138 128 138 22 150 151 50 121 165 99 109 34 98 33 27 150 4 2 121 143 175 93 34 79 165 113 165 100 180 135 99 51 72 117 124 116 168 162 113 114 121 52 103 112 107 110 170 179 18 104 150 129 76 25 111 124 90 119 65 46 65 51 53 67 87 18 157 17 48 88 40 142 86 52 105 94 155 175 6 42 170 30 140 178 68 44 111 97 94 12 140 137 67 113 152 130 131 50 66 126 30 74 153 169 142 13 126 101 77 165 14 173 59 119 17 152 172 17 58 71 12 35 83 133 104 59 140 49 179 66 122 133 50 132 57 27 16 46 122 55 42 6 147 170 76 128 49 128 176 168 4 125 101 79 122 98 120 40 122 13 48 76 166 6 79 168 111 32 47 155 169 165 54 114 17 17 120 140 141 40 134 13 23 158 42 144 167 117 60 42 97 79 54 86 98 133 110 15 8 62 62 154 1 86 28 74 74 156 105 178 59 67 3 124 32 164 49 180 165 104 23 89 7 129 125 7 85 122 165 173 20 105 65 22 51 69 69 177 102 112 160 67 172 157 159 169 138 18 137 79 26 150 15 80 76 91 43 50 35 102 100 93 98 73 176 34 21 163 177 68 103 152 64 46 68 65 27 134 117 99 137 58 132 96 83 135 39 82 15 92 51 132 108 23 143 70 29 142 178 42 26 130 177 145 1 5 122 116 123 56 50 169 124 50 63 91 115 4 89 74 93 11 96 159 31 153 110 23 173 109 151 168 78 95 148 150 179 39 26 122 54 178 153 25 67 156 59 109 82 17 161 144 90 93 87 128 172 89 118 40 30 11 41 133 130 43 68 32 100 167 66 178 78 180 46 9 55 129 57 48 87 105 144 49 79 48 103 30 117 29 167 103 24 113 8 154 36 41 36 163 41 163 42 107 73 177 20 95 110 55 69 84 65 109 93 56 149 63 107 74 100 25 100 149 96 127 62 102 137 145 34 141 39 20 95 30 121 17 75 163 166 110 7 64 141 24 170 145 158 133 87 109 73 53 73 109 120 144 40 176 63 135 149 137 176 96 37 48 54 28 39 164 31 43 146 93 138 168 47 141 6 12 104 59 135 105 11 90 30 131 76 150 94 22 84 126 148 93 176 30 89 52 167 123 166 67 36 133 1 33 164 159 108 147 77 73 25 159 136 161 177 55 163 6 33 30 30 109 150 149 81 180 136 120 111 178 119 34 145 2 7 88 179 121 95 43 15 167 27 4 145 51 146 47 116 146 163 160 94 157 86 4 157 143 17 34 172 137 11 155 68 171 175 133 99 38 105 123 18 52 96 113 116 153 115 112 44 88 23 151 4 4 81 33 167 117 115 97 157 157 37 53 39 116 26 67 83 167 142 160 112 43 176 127 35 93 29 14 171 62 39 24 123 125 95 42 145 127 133 3 41 17 102 171 146 49 3 120 139 19 137 23 116 95 173 161 96 109 38 50 65 157 107 150 31 67 156 145 92 157 97 27 129 144 44 127 160 37 75 141 166 5 30 125 160 49 175 173 59 94 117 173 85 83 152 131 40 4 21 92 81 69 6 40 117 29 35 149 131 25 50 86 93 170 33 72 108 59 77 12 7 45 123 112 25
0.3
0.3
0.3
0.2
0.2
0.4
0.3
0.3
0.3
0.3
0.3
0.3
0.3
0.2
0.3
0.4
0.3
0.3
0.3
0.2
0.3
0.3
0.4
0.2
0.2
0.3
0.3
0.3
0.4
0.3
0.2
0.3
0.3
0.2
0.2
0.4
0.3
0.4
0.4
0.3
0.3
0.2
0.3
0.2
0.3
0.3
0.3
0.2
0.4
0.2
0.4
0.3
0.2
0.3
0.4
0.2
0.4
0.3
0.3
0.3
0.2
0.3
0.3
0.3
0.4
0.2
0.2
0.3
0.3
0.4
0.2
0.2
0.4
0.3
0.3
0.3
0.3
0.3
0.3
0.2
0.3
0.2
0.3
0.3
0.3
0.3
0.2
0.3
0.3
0.3
0.2
0.3
0.4
0.3
0.3
0.4
0.3
0.3
0.4
0.3
0.4
0.3
0.2
0.4
0.3
