70 12
20
17767
19701
19403
19460
19186
20136
19336
19393
18888
19713
19221
18771
20402
19035
21478
20878
19104
20399
18937
19488
1.5 70.7 763.4 2.4
4 26.8 850.9 1.7
3.4 24 590.6 2
2.3 63.5 610.7 1.5
4.7 47.3 593.6 1.8
1.3 68.6 609.5 2
1.6 48.7 131.3 2.3
2.6 49 188.2 1.5
1.5 49.2 536 1.9
3.6 50.2 204.3 1.6
1.7 16.8 75.2 1.9
1.1 17.2 541.3 1.6
1.9 53 278.6 2.3
1.4 26.9 163.6 1.8
4.2 44.9 700.3 1.9
3.1 53.5 366 2.1
2.2 19.9 435.1 2.5
1.8 27.1 128.4 2
4 69.9 163.6 1.5
4.7 17.2 635.7 2.1
1.1 54.7 81.7 2
3.3 54.9 356.5 2.2
2.7 52.1 129.9 2
3 72.2 291.5 1.9
2.4 52.7 292.2 2
2.5 37.7 331.2 1.6
3 31.8 265.4 2.5
1.6 18.6 197.5 1.6
1.5 58.8 913.3 2.1
3.3 65.8 753 1.6
2 33.1 346 2.1
5 61.3 645.7 2.2
2.4 60.3 632.3 2.2
4.2 70.4 768.1 1.7
1.9 59.2 55.6 1.8
2.7 43.6 872.1 1.6
3 15.8 231.9 1.8
4.4 19.6 904.2 1.8
1.2 42.2 176.6 2.1
4.6 41.4 705.3 1.6
3.5 63.5 180.1 2.5
3.3 45.6 95.3 1.5
1.3 38.9 929.3 2.2
4.9 74.8 648.4 2.4
2.2 69.9 706.2 2.4
2.8 72.9 925.2 1.6
2.8 44.5 269.4 2.1
1.7 47.8 409.1 1.7
3.1 15.1 784.3 2.2
1.3 63.1 864.8 2.3
1.6 71 208 2.4
3.2 58.8 278.9 1.5
1.8 43.3 806.2 1.6
2 39.6 840.4 2.4
3.9 53.3 506.1 1.8
1.1 69.3 229 2.4
1.6 57.1 828 2.2
3.6 23.3 113.4 2.3
1.5 22.6 103.4 2.4
4.1 70.5 703.4 1.5
4.5 21.8 117.9 1.7
1.7 46.8 250.7 1.7
1.4 66.5 152 2.5
2.6 72.3 97.2 1.9
3.4 59.2 544.9 1.6
1.3 65.7 783.1 1.5
1.3 16.5 408 1.8
3.9 49.4 315.8 1.6
1.1 35.9 607.2 1.7
4 16 502 2.1
3.6 27.2 592.6 1.6
3.7 71.9 251.7 2.1
1.7 48.1 347.9 2.2
4.1 66.2 375.2 2.3
2.5 23.3 671.8 1.9
1.1 58.5 345.4 1.6
2.6 23.9 734.2 2.1
1.7 73.6 930.6 2.2
4.4 68 640.1 1.9
3.8 20.7 540.4 2.3
3.1 58.4 842.1 1.6
3.1 43.2 843.5 2.5
4.9 61.5 394.2 2.4
4.5 22.4 58.3 1.7
4.2 71.5 902.6 1.9
3.9 52.8 918.5 2.3
1.9 17.6 758.4 2.1
3.9 38.1 855 1.9
3.8 37.7 262.7 2.4
4.6 29.2 877.4 2.3
2.9 27.5 840.5 2.3
4.2 25.2 345.4 2.1
2.4 22.1 545.7 1.7
4.9 48.8 202.7 2.5
4.6 69.9 594.8 2.1
1.4 53.4 750.7 1.7
1.7 66.2 213.3 2.3
2.4 67.8 403.7 1.6
1 21.2 851.7 2
1.4 15.6 260 2
1.4 20.4 615.3 2.2
1 62.7 304.8 1.9
2.1 51.5 72.6 2.2
4.4 64.3 90.1 1.9
1.9 47.6 552 1.8
1.7 17.7 937 1.9
3.4 35.2 856.1 1.9
3 42.1 775.6 1.8
1.7 34.9 840.2 2.3
4.1 41.5 928.2 1.9
3 62.9 165 1.9
3.7 55.5 441.3 2.1
2.7 70.6 809.8 2.5
1.6 25.8 117.7 1.6
1.2 17.6 765 2
4.8 25.1 71.5 2
4.8 43.3 210.1 2.1
3.7 16.9 543.1 1.9
4.9 47.7 273.7 1.6
2.3 60.3 187.3 2.2
2 61.3 537.8 1.7
1.7 29.5 282.8 2.2
2 38.7 135.7 1.7
4.6 38 879.8 2.2
2.4 73.2 194.6 2.4
2.7 39.2 829.7 1.7
4.2 61.4 902.9 2.3
2.8 67.9 364.4 1.7
3.5 63.8 261 1.7
1.3 53.8 171.8 2.1
3.8 50.1 409.5 2.3
4.4 15.8 519.3 1.5
2.4 16.4 633.9 1.5
2.2 42.4 823.6 1.9
4.8 15.1 404.1 1.8
3.4 60.5 268.5 2.1
4.5 26.2 410.5 2.4
1.3 62 914 2
2.5 74.4 500.6 2.4
2.7 40.3 815.2 2.4
1.4 36.7 574.6 2.1
3.2 54 677.2 1.6
1.5 45.9 153.1 2.3
1.4 20.7 326.6 1.8
2.4 41.5 821.5 1.7
3.1 39 225.1 1.7
2.6 16.6 834.6 2
4.5 52.3 915.8 1.6
2 74.2 151.8 2.1
1.5 49.3 774.4 1.6
2.1 46.6 834.6 2.4
2.1 56.8 233.4 2.1
3.3 72.3 152.2 2
2.2 68.1 910.9 1.9
4.5 27.2 560.2 1.6
3.1 62.2 431.3 2.1
1.8 19.8 294.4 2.2
2.5 24.4 163.8 1.9
4.5 40.1 785.7 2.2
1.1 26.8 779 2
4.8 58.7 541.3 2.4
4.1 65.1 898.6 1.8
2.2 48.6 891.4 2.1
3 31.8 883.5 1.7
1.2 27.1 918.3 2.2
1.1 33.2 442.8 2
3.6 33.3 63.1 2.2
3.7 28.7 702.8 1.6
4 15.4 597.6 2
2.7 55.5 52.2 1.6
4.8 17.9 651.5 1.9
3.1 47.6 317.8 2.3
4.8 63.7 275.7 2.2
4.9 33.3 641.8 2.2
1.3 38.1 306.8 1.9
2.9 48 634.6 2.3
1.8 39.4 424.5 2.2
1.3 39.2 758.9 2.2
3.8 43.9 856.9 2.3
4 15.8 893.4 1.6
2.6 19.5 638.2 1.8
2.1 46 202.2 1.8
4.6 74.1 496.8 1.8
4.1 21.7 795.5 2.3
4.2 43.4 94.8 1.8
2.8 35.7 878.6 1.7
2.3 15.9 814.8 1.8
4.9 60.9 722.3 2.4
4.6 49.6 675.9 2.4
3.1 15 689.1 2
2.4 45 481.3 1.7
1.9 61.5 215.2 2.4
2.6 71.7 298.9 1.9
1 54.7 235 1.8
2.7 55.9 175.2 1.7
3.9 38.3 679.2 2
2.6 20.1 176.3 2.4
4.4 64.2 291.6 1.5
3.3 38 218.9 1.8
1.2 54.6 782.5 1.7
3.5 66.5 317.8 2
4 47.6 401.5 1.9
1.1 63.9 84.9 1.6
4.5 63.5 270.9 2.3
1.3 59.5 777.4 2.4
2.2 61.3 201 1.9
4.7 54.3 901.5 2.4
4.1 42.9 800.6 1.9
1.2 24.3 74.8 2.2
4.2 35 440.1 1.8
2.8 34.3 76.2 1.6
1.3 39.9 550.5 2.1
4.7 70 238 1.6
2.4 37.4 58.5 1.7
2.1 22.5 310 2.2
3.4 47 353.3 2.5
5 50.9 808.3 2.1
4.7 65.8 877 1.6
3.9 28.9 816.7 1.7
1.5 48.4 615.9 1.7
4.8 25.7 138.5 1.6
2.7 24.3 948 2.4
2.5 36.6 619.3 1.7
2.5 53.2 674.5 1.5
3.7 49.8 727.1 1.6
1.4 46.7 195.5 2
4.1 66.5 257.4 1.9
1.2 29 429.3 2.2
4.2 57.2 715.2 2.5
1.2 67.2 835.8 2.4
3.2 32.5 56.7 1.9
3 23 128.3 2.5
2.2 21.9 163.8 2.3
2 62.1 106 2
1.3 20.5 152 2.5
2.9 70.2 415.9 2.3
2.1 28.9 778.5 2.1
3.7 24.7 459.8 2.3
3.3 45.3 910.5 2.2
2.4 35.5 661.9 1.7
3.2 31.8 896.5 2.4
1.5 54.8 393.6 1.8
3.3 59.7 342 1.6
1.4 50.6 230.7 1.6
1.7 20.8 624.5 2.1
3.6 38.1 403.4 1.8
2.3 15.9 259.9 2.3
3.5 33.6 686.5 2.4
1.1 36.9 166 2.4
4.1 66.8 846 2.2
4.1 55 573.9 1.5
3.6 29.1 187 2.4
3.6 64.4 913.5 1.8
4.9 48.2 568 1.6
3.6 48.6 549.1 2.3
4.8 45.2 357.8 1.6
2.7 63.9 906.3 2.2
2.8 31.6 723.3 1.6
4.1 45.2 887.1 2.2
1.5 26.1 527.8 1.5
1.2 45.6 401.5 2
4.6 43.9 424.2 2.1
1.6 71.6 188.8 2.3
4.8 52.8 704.6 1.6
1.6 44.1 724.2 2.1
4.1 72 646.4 2
4.5 43.6 352.4 1.9
2.4 59 228.4 1.6
1.3 70.7 416.1 2.1
2.4 27.8 281.8 1.9
4.2 73.3 153.2 1.9
2 40.5 874.2 1.9
1.6 27.3 608.2 2.1
2 56.9 412 2.1
2.7 35.4 851.3 1.9
2 47.4 704 1.9
3.3 64.4 475.4 2.1
4.7 30 139 1.8
4.5 47.3 393.7 2.3
1.8 47.7 791.3 2.3
3.3 39.8 288.2 1.8
3.1 62.1 322 1.9
3.5 55.4 161.9 2.2
1.6 30.2 810.2 1.6
1.7 47 645 1.6
3.4 63.3 821.7 1.8
4.6 41.3 70.4 2.3
3.3 54.1 151.3 2.2
2.5 47.3 132.2 1.7
2.3 71.8 712.1 2.4
4.5 26.8 662.7 2.3
1.7 55.3 647.9 2.1
4.8 60.8 836.1 2.2
1.7 33.8 139.7 2.1
2.4 40.6 697.6 2.4
3.5 27.1 627.8 2.3
2.5 38.1 641.6 2.1
3.6 67.7 244.6 2.1
4.5 27.6 736.8 1.5
1.7 73.9 157.2 1.5
3.7 47.7 145.6 2.1
1.3 27.1 358.6 2
2.1 59.7 136 2.2
3.4 27.4 397.4 2
1.4 46.4 302.6 1.7
2.8 58.3 903.1 2
4.5 60.8 807.1 1.8
1 22.2 288.4 2.1
4.6 27.4 517.8 2.4
2.3 18.3 59.9 1.9
3.4 26.1 249.3 1.6
2.8 30.6 561.3 2.3
3.9 19.4 113.1 1.9
2.6 74.8 629.2 2
3 74.6 660.7 1.9
2.2 59.6 479.6 1.9
4.6 46.3 935.4 2.1
3.2 30.5 72.1 1.5
2 65.5 907.7 1.8
1.6 63.2 318.7 2.3
2.2 60.9 644.1 1.6
3.9 58 819.8 1.8
3.1 74.4 768.9 2.1
3.5 62.4 206.3 1.8
4.2 71.5 304.4 1.7
2.6 74.5 682.4 1.7
1.3 51.3 334 1.7
3.9 28.4 225 2.1
2.2 38.7 319.8 2.1
1 54 611.9 2.5
2.1 60 479.2 1.7
4.6 24.4 399.1 2.1
1.5 69.5 186.5 2.2
3.7 36.2 477.6 1.6
1.3 70.3 188.7 1.5
1.1 22.4 628.7 1.8
1.2 52.9 917.1 1.5
1 68.9 318.4 2.5
3.5 31.2 284.4 2.1
3.1 72.9 915.6 2.4
4.8 64.7 343.9 2.3
3.3 16.1 706.7 1.9
4.9 32.1 268.5 1.8
2.9 28.5 221.7 1.8
3.1 57.8 761.4 1.5
3.3 62.6 271.8 2.4
2.7 58.4 653.9 1.9
2.4 16.8 526.3 2
4.7 50.5 290.6 2.3
2.2 65.8 336.2 1.6
4.7 63.3 124.8 2.3
4.4 54.6 737.3 2.4
3.5 18.7 871.3 1.8
4.3 50.7 248.2 1.6
4 58.1 383.5 1.7
1.4 59.5 631 1.7
4.5 54.2 409.1 2.2
3.5 16 896.7 1.7
3.4 24.8 855.3 2.1
1.8 23.3 936.1 1.8
2.8 38.4 336.6 1.6
4.1 70.7 411.3 2.5
3.3 22.8 621 2.1
2 34.2 135.3 1.5
3.4 31 516.1 1.5
2.3 39.2 927.4 2.2
2.4 72.7 134.3 2.5
1.4 39.9 538.5 1.6
4.2 37.7 751.4 2
2.6 50.1 554.5 2
3.6 59.7 744.5 1.8
3.6 62.3 126.6 1.9
3 60.6 944.1 2.1
2.3 40.8 63.3 1.9
2.6 31.3 819.8 1.7
1.8 50.9 280.8 2.5
2.5 51.8 301.1 2
2.6 53.5 774.3 1.8
3.9 45.2 508.3 2.4
2.7 19.6 106.9 2.4
2.7 74.6 505.3 1.9
1.3 25.9 927.4 2.4
4.8 33.1 467.2 2.4
1.8 49.8 929.8 2
2 65 657.5 1.7
2.5 30.3 314.9 1.7
3.9 35.3 473.8 1.8
3.9 30.3 254.3 2
2.4 63.9 866.7 2.3
1.9 24.1 584.5 1.7
3.6 75 324.5 1.9
2.5 23.9 766.1 1.9
4.1 60.3 545.8 1.9
3.3 53.5 359.8 1.6
3.2 36.6 909.1 2
2.3 38.6 258.3 2
4.4 72.3 538.9 1.6
2.1 28 905.9 1.8
2.4 41.8 812.9 2.1
1.5 36.4 948.4 2.1
1.9 67 200.9 1.8
4.3 55.3 565.6 2.2
3.6 64.2 327.1 2.4
3.9 22.2 779.9 1.7
4.8 49.6 627.3 2.4
2.3 55.3 343.5 2.4
2.6 21.5 789.2 1.9
2.3 19.4 862.5 1.5
2.3 27.9 541.2 1.9
4.1 68.1 495.9 2.2
2.7 39.5 145.3 2.2
4.8 50.3 949 1.7
4 58.6 832.9 1.9
2.4 69.8 939.9 2.3
3.2 73.8 762.7 1.9
4.9 18.6 365.7 1.9
1.2 21.9 564.6 1.7
1.8 74.7 891.7 2.1
2.7 67.1 407.1 2.3
1 47.8 864.9 1.8
1.4 74.1 706.7 1.5
1.4 56.2 628.9 1.8
1 20.8 252.9 2.3
2.9 16.8 760.5 1.6
2.6 25.3 851.4 1.6
3.7 71.8 483.6 1.8
4.5 33.8 449.4 2.4
3 56.9 866.8 2.4
1.9 61.4 179.7 2.4
4.7 16.6 556.8 1.6
4.8 71.6 74.8 2.2
4.5 67.3 328.2 1.6
1.2 68.5 574.8 1.9
2.5 26.9 610.3 1.8
4.5 26.4 879.5 2.3
4.3 31.2 884.5 2.3
2.4 45.8 479.4 2.3
4.2 46.9 223.4 2.3
4.8 65.3 574.9 2
3.6 20.4 221.2 2.4
3.4 71.9 764.8 1.9
3.6 28.5 161.9 1.6
2.4 29.4 541.6 1.8
4.5 30.5 332.8 2.3
3.1 43 699.6 1.9
1.1 57.6 822.7 2.5
1.8 16.4 183 2
1.9 35.6 197.1 1.9
3.5 35.5 818.8 1.7
3 53.7 656.7 1.7
4.9 29.3 483.1 1.9
3.5 21.4 568.2 2.5
2.1 28.6 844.2 1.9
2.3 70 415.8 2.1
4.7 15.3 758.5 2
2.1 61 706.4 2.4
3.9 67.1 71.2 2.1
1.2 64.1 617.8 2.4
4.2 29.1 662.3 2.4
3.2 26.2 300.4 2
4.1 33.2 398.6 1.7
1.9 20.4 481.1 2.4
1.2 35.7 691.1 2.1
3.7 42.4 854.1 1.8
3.2 69.1 309.1 2.1
3.7 34.1 542.5 2.2
1.8 29 922.4 1.8
4.5 40.4 774.7 1.9
3.6 40.1 337.9 1.6
1.6 18.7 370.7 1.9
4.1 56.3 667.1 1.6
2.5 68.6 922.7 1.7
2 53.9 235 1.9
3.5 35.1 51.5 1.7
4.2 24 195.8 1.5
2.7 74.9 797.6 2.1
4.5 35.6 79.9 2.3
4 17.6 204.7 1.9
2.5 35.8 491.4 2
3 50.4 240.8 2.4
1.8 39.7 122.9 2.5
1.6 27.9 762.5 2
1.9 62.7 215.7 2.3
1.1 41.2 194.6 2.2
2.6 28.7 391.4 1.7
3.2 39.9 757.9 2
1.1 38.7 381.6 1.7
1.4 56.5 252.1 2.1
2 68.9 232.8 2.5
1 16.8 870.4 1.7
1.3 72.3 349.9 1.8
4.8 18.2 129.1 2.2
3 69.7 691.5 2.3
4.2 43.1 355.2 1.5
3.4 68.6 924.1 2.5
1.5 48.4 638.3 1.6
4.8 23 411.8 1.6
2 17.3 875.6 2.3
3.3 42 466.1 2
2 42.7 323 2.1
1.7 27.2 102.3 1.9
2.4 32.4 798 2.5
3.5 53.4 369.1 1.5
1.3 33.8 413.9 1.8
3.6 48 556.2 1.7
2.8 62.6 262.6 2.1
3.3 40.3 323.4 2
1.6 45.4 389.4 2.4
2.7 32.9 197.9 1.6
2.6 39.8 122.4 1.6
2.1 68.1 268.2 2
3.4 19.3 105 2.3
4.7 23.5 669.1 2.2
4.7 18.2 415.2 1.7
4.2 40.9 230.7 1.7
4.3 28.5 122.9 1.7
2 44 716.5 1.8
1.4 59.1 325.8 2.3
2.6 32 622.4 2.3
2.3 74.7 90.7 2.1
3.1 73.3 732.4 2.2
3.6 44.2 720.5 2.2
2.2 53 751.9 2.2
3.2 20.9 226.5 1.7
3 48.1 206 1.6
2.4 64.8 289.5 2
2.3 51 338.1 1.8
2.5 38.6 278.7 2.1
3 55.1 833.2 2.4
4.1 47.6 819.9 1.6
2.4 25.6 305.9 1.9
4.2 31.5 714.5 2.2
4.2 35.9 237.9 1.8
2.6 39.7 53 1.9
1.7 44 573.8 1.6
3.2 55.5 191.5 2.2
1.3 69.3 552.2 2.2
4.1 20.6 458.9 2.2
4.2 43.4 479.1 1.9
1.6 21.5 384.5 2.1
2 19 787.9 2.3
4.3 31.5 732.8 1.8
4.7 38.9 108.9 1.9
2 61 146.4 2.1
4.9 26.8 815.8 2.5
2.4 54.3 432 1.6
3.8 57.9 81.6 2
3.1 42.9 512.1 2
3.8 54.1 70.8 1.7
2.6 55.7 616 2.5
3.1 41.3 832.1 1.5
1.6 22.3 928 2.3
1.3 29.7 822 1.9
1.9 57.9 397 2.1
2.4 28.2 416.7 2.2
1.9 24.3 618.7 2.1
2.1 62.3 409.3 2.3
2.8 66.9 116.7 2
2.8 26.5 232.4 1.9
2.6 26.4 759.1 1.8
2 57 584.8 1.6
1.3 31.6 557.6 2.2
2.8 62.7 892 1.6
1.5 48.3 267.7 2.2
5 66.1 523.2 1.8
1.1 33.5 93.7 1.7
2.6 41.1 624.3 2.3
2 60.6 713.5 2.2
1.2 64.6 748.4 1.7
4.6 72.2 241.1 2
2.3 39.1 80.9 1.9
4.1 54.9 913.7 2
2.8 20.7 890.2 1.6
1.3 26.4 840.7 2.5
3.2 41.5 509.8 2.4
2.9 36.6 777 2.2
5 35.6 817 2.3
3.6 62.8 685.4 1.7
4.5 53 698.8 2.3
2.5 41.6 465.5 1.5
2.6 67 406.1 2.3
1.2 30.1 785.3 2.3
3.7 45.1 508 1.7
3.6 50.1 423.2 1.7
2.7 67.7 310.1 1.9
4.6 23.2 163 1.7
2.6 27.9 882.5 1.9
2.2 17.6 775.2 2
4.8 53.4 813.2 1.7
1.6 61.6 672.4 1.5
1.6 58.1 394 2.3
2.4 73.9 924.6 2.1
1.2 22.7 748.7 2.4
3.6 42.6 844.7 1.8
1.2 45.6 372.3 1.7
1.4 69.3 896.5 2.3
1.1 40 466.5 2.4
1.8 71 606.6 1.9
3.1 24.6 112.8 1.8
3.2 38.1 886.7 2.1
4.3 64.1 282.3 1.5
2.8 17.2 698.6 2.3
3.8 74.4 593.8 2.2
2 19.9 142.3 2.4
2.2 74.8 911.7 1.8
3.4 29.3 55.8 1.8
2.1 67 460.6 2.4
3.7 57.2 313.7 1.6
3.2 55.4 344.4 1.7
1.3 21.6 233.6 2.4
1.6 62.4 606.6 1.5
1.4 34.4 410 2.2
1.7 31.9 187.8 2.1
2.8 29.6 730 1.7
2.3 50.3 911.3 2.3
1.8 29.1 241.1 2.1
4.1 25.6 790.7 2.1
2.5 72.4 865.7 1.7
3.7 48.5 855.5 1.5
3.6 18.3 608.6 2.3
1.9 39 207.1 1.5
3 33.4 429.2 2
3.4 46.2 592.8 1.5
2 43 838 1.8
3.8 50.4 758.8 2.5
3.5 24.4 798.2 1.9
3.5 63.3 283.5 1.9
4.1 22.8 653.2 1.6
2.4 58 316.4 2.3
4 25.6 878.5 2.4
2.7 18.6 936.9 2
1.8 67.1 665.6 1.9
1.1 41.9 755.2 2.2
4.5 24.3 702.9 2.4
3.7 33.1 816.1 2.1
3.2 34.4 192.7 2.3
2.1 58.2 860.6 1.6
2.5 72.8 547.1 1.9
4 69.6 424.2 2.1
1.2 72.8 615.3 2.1
1.5 45 908.1 2
2.2 31.7 230.8 2.3
3.9 44.4 432.9 2.4
4.4 19.2 209.9 1.7
2.4 64.9 814.7 1.9
4.6 28.4 452 1.7
1.3 51.8 132.6 2.1
1.7 71.4 96.4 2.4
3.1 39.8 470 2.5
4.7 39.8 890.9 1.6
3 42 717.6 2
2 50.9 281.8 1.8
3.6 39.4 224.4 1.6
1.6 51.3 484.4 2.1
1.7 47 628.7 2.2
4.2 46.6 744.8 2.2
4.8 45.5 947.3 2.2
1.1 47 185.4 2
4.1 16 73.7 2.3
2.3 60.1 153.4 1.9
2.8 73.5 399.1 2.3
2.5 61.5 654.8 2.4
4.4 61.4 471.1 2.4
3 55.8 811.2 2
4.1 61.8 106.8 1.7
4.7 52.2 637.5 2.3
4.1 34.5 257.5 1.8
4.6 48.4 167.9 2
3.7 52.4 180.9 2.4
2 24.1 503.9 1.7
2.5 38.2 231.6 2.1
1.5 58.6 621.3 2.1
2.1 63.7 480.7 1.6
4.3 57.1 605 1.6
1.5 28.7 686.2 2.3
2.3 32.9 335.5 1.6
2.5 63.4 125.9 1.9
2.4 20 162.4 2
2.3 32.5 180.7 2
1.8 21.5 747.5 1.9
4.4 22.8 465.9 1.6
1.5 43.2 483 2.5
3 57.9 52.7 2.3
1.9 60.4 531 2.2
4.2 69.1 812.4 1.7
1.3 37.2 691.6 1.6
4.5 26.8 256.5 2.4
2.9 72.7 655.3 1.6
3.4 50.1 729.4 1.5
4.8 73.6 644.6 2
1.3 61.7 529.1 2.2
2.4 25.5 299 2.5
3 69.8 605.1 1.9
2.6 70.4 718.4 2.2
2.8 65.9 137.5 1.9
3.9 21.5 762.3 2.4
1.5 50.3 85.3 1.7
4.6 71.9 214.8 2.1
2.9 33.8 557.2 2.3
3.4 41.3 893.3 1.6
3.5 57.7 90 1.6
4.6 24.5 805.6 1.5
4.6 56.7 401.1 1.9
1.4 61.2 540.5 1.6
1.7 53.3 102.5 2.5
4.2 51.7 215.4 2.4
2.5 67.7 316.7 2.4
3.3 21.5 463.9 1.6
4.1 54.8 693.7 2.3
2.3 67.3 435 2.1
1.3 37.9 370.3 2.5
3.8 54.5 147.9 1.9
1.5 51.8 666 1.7
3.6 37.5 120.7 1.9
3.9 33.1 570.1 2
2.9 56.6 234.9 1.8
2.4 48 425.4 1.7
3.4 15.7 104.7 2.3
3.5 40.8 381.4 2.1
4 49.9 295.3 2.4
2.7 65.2 56.8 2
2.2 22.9 318.6 2.2
4.6 62 685.4 2.1
4.8 71.2 555.2 1.8
1 58.2 824.2 1.6
3.2 20.3 777.7 2.2
3.6 50.7 59.7 1.9
3.7 34.9 639.2 2.4
1.3 49.3 292.2 2
4.3 33.4 134.8 2
3.1 22.1 445.7 2.1
4.4 32.8 635.1 1.9
3.1 49.5 72 1.8
2.1 19.4 442.1 2.5
3.7 53.2 712 1.7
1.9 66.5 897.3 1.6
4.6 17.1 511.9 2.1
3.3 30 357.4 2.1
3.8 53.8 424.5 2.3
1 17.7 281 2.3
1.3 47.2 870.1 2.4
1.9 17.2 662.5 2.2
2.6 70.2 813.9 1.5
1.1 58.9 851.4 1.8
4 27.5 711.3 2
3 64.9 613.8 2.3
4 58 940.7 2
1.4 63 149.3 2.1
4.5 45.6 461.7 1.7
1.3 47 690.2 1.7
3.1 72.8 727.5 1.5
1.6 44.3 409.2 1.8
4.8 46.4 260.1 2
1.8 67 320.3 2.4
3.1 70.2 868.5 2
3.9 16.9 456.6 1.9
1.6 72.9 343.7 1.8
4 56.4 723.3 2
4.2 23.9 140.6 1.8
3.5 34.5 247.8 1.6
1 56.7 856.8 2
4.4 40.5 933.9 1.8
3.2 64.2 323.9 1.7
3.7 22.5 392.5 1.9
1.6 31.4 528.7 1.5
1.5 40.1 866 2.1
2.7 38.3 801.7 1.9
3.3 31 59.8 2.5
2.5 27.7 572.2 1.6
1.5 23.7 327.9 2.1
3.1 36.3 742.6 1.7
4.4 71.1 608.2 2.2
2.8 16.2 563.8 2.1
1.1 51.6 53.1 1.6
1.9 56.9 855.9 1.8
2.8 53.6 147.9 2.2
2 23.5 76.8 2
1.7 21 612.5 1.5
1.8 30.6 793.6 2.1
3.9 51.6 759.8 2.2
4.5 54.8 499.7 1.9
2 67.1 168.8 2.1
4.9 37.7 835.7 2.1
3.4 37.4 491.7 2.3
3.5 49.7 166.6 2
1.5 29.8 518.9 2.3
2.7 34.4 647.5 1.9
2.1 26.5 114.1 1.7
3.3 35.6 720.4 1.8
3 28.2 471 2.1
2.6 73.1 112.2 1.8
1.5 61.6 397.7 1.8
3.1 29.2 500.5 1.6
4 53.7 624.4 2.5
3.6 32.4 236.5 1.8
4.7 50.5 79.5 2.3
3 18.4 456.8 2.2
4 23.3 789.2 1.8
3.9 17.5 345.5 2.4
3.4 38.1 519.1 1.9
2.6 36.7 697.6 2.4
3.1 61.4 854.7 1.8
2.8 50.5 558.5 1.9
3.9 25.6 573.5 1.8
2.1 16.9 527.2 2.1
1.3 64.5 517.5 1.6
5 56.1 838.6 1.9
4.8 71.9 373.7 2.4
4.8 65.8 126.2 1.7
1.5 63.4 917 1.9
2.4 25.4 755.4 2.4
4.7 57.3 814.6 2.3
1.3 49.8 221.6 2.4
1 19 877 1.7
2.2 30.1 433.4 2.3
1.8 27.4 787.4 1.9
2 22.5 730.2 1.9
3.1 65.9 741.2 2.4
2.7 28.8 607.6 1.5
4.7 19 72 2
4.4 31.4 430.4 1.7
4.3 57.1 835.9 2.2
2.3 74.5 475.4 1.5
2.7 68.9 67.2 1.7
1.1 40.6 408.4 1.9
1.4 33.6 65.5 2
2.5 22.5 282.7 1.7
1.6 35.3 311.2 1.6
2.3 39.2 465.1 1.6
4.3 67.1 651.3 2.3
2.7 39.3 820.3 1.6
1.1 35.7 441.3 1.5
1.9 71.3 227.7 2.4
2.1 70.2 61.2 2
3 62.6 278.2 1.7
4.7 16.1 598.2 2.2
2.3 61.2 338.1 2
2.7 21.7 53.9 1.9
4.1 44.3 809.4 1.7
3.2 23.7 220.1 1.8
1.9 48.7 433.5 1.6
3.5 73.2 928.1 1.5
4.8 37.8 808.6 1.8
1 44.4 395.4 1.9
1.5 37.2 765.9 1.9
3.4 46.2 928.1 2.4
3.3 52.7 328.9 2
1.6 23.3 633.6 2
3.2 60.1 757.8 1.6
3.4 18.2 945.2 1.9
3.8 67.2 632 2.1
1.7 57.9 694.1 2.1
4.7 61.1 610.4 2.3
1 53 332.7 1.7
3.1 68.1 82.8 1.6
4.9 26.5 761 2
4.3 28.7 949.7 2.5
1.1 45 233 1.6
3.5 71.4 900.9 2.4
4.9 50.8 704.2 1.9
4.6 73.8 163.4 2.1
1.8 56.5 266.6 2.2
2.2 22.3 430.8 2.2
3.6 30.2 776.6 2.3
2.9 51.4 244.5 2.3
2.7 61.9 63.5 1.8
4.2 33.7 243.2 1.8
2.5 22.6 411.5 2.5
1.6 70.9 926.5 1.9
2.1 50.7 487.3 2.2
1.2 42.8 746.9 1.7
4.4 15.2 936.9 2.1
3.5 31.6 702.9 1.7
3.2 57.8 653.7 1.5
2.1 67.8 793 2.2
3.8 32.2 534.9 1.9
1.8 66 915 2.3
2.5 51.1 61.3 2.3
2 35 863.2 1.5
2.3 42.2 672.2 2.3
3 59.3 555.8 2
4 39.7 276.7 2.1
1.3 70.2 847.1 2.1
3.6 31.5 438.9 1.6
4.8 71 590.5 2.1
3.3 70.4 595.4 2.5
3.2 42 583.8 2.5
2 74.6 935.8 2.2
2.3 60.9 586.2 2.1
2.8 48.1 936 2.2
3.2 72.6 712.9 1.9
1.4 40 622.7 2.5
3.3 34.4 535.2 1.9
4.4 64.4 579.7 1.9
3 62.7 603 1.5
1.5 60.7 136.7 2.2
2.6 31.1 947.1 2.4
2.9 34 381.7 2.3
3.7 71.4 761.1 2.4
4.8 28.4 202 2.2
4.9 31.5 416.1 1.5
4.3 17.9 563.3 1.5
1.4 26.6 876.9 1.9
1.8 70.9 535.1 1.8
4.2 66.5 896.9 1.6
1.6 31.5 656.4 2.2
4.1 64.3 372.9 1.7
3.3 58.1 590.6 2.3
1.1 55.7 326.6 2.3
3 52.4 524.5 2.5
1 71.9 461.8 2.4
2.9 32.4 140 2.5
4.3 34.4 113.6 1.9
4.3 44.3 445.3 1.8
3.7 36.6 849.8 1.9
1.2 56.6 748.1 2.3
3.2 40.7 272.5 1.6
3.4 38.7 147.4 2.5
3.1 28.6 612.4 2.1
2.2 35 549.6 2
3.7 44.7 488.4 1.8
3.4 30.6 210.1 2.3
2.2 56.6 932 2.3
4.4 51.6 53.4 1.9
5 51.3 915.1 1.8
1.9 18.9 722.2 1.7
1.5 70.7 873.8 2.4
1.1 51.4 893.8 1.9
3.2 18 743.2 2.5
2.7 19.5 113.8 1.9
1.9 32.6 867 2.4
1.8 53.2 809.8 2
4.6 34 67 1.9
3.3 48.2 330.4 2.2
3.2 70.4 691.8 2
2.4 19.4 788.2 2
4.1 31.9 543.6 1.7
3.8 28.9 170 1.6
4.4 60.8 236.6 1.7
3.4 42.7 450.7 2.2
4.1 30.5 661.8 2.4
2.1 27.4 917.7 2.3
1.9 71.1 659.8 2
3.3 43.9 254.2 2.1
3.5 41.8 469.1 1.7
1.4 31.3 133.6 2.2
4 35.6 759 2.2
4.1 67.9 188.6 1.8
4.8 71.2 454.8 2.4
1.9 16.1 312.4 1.7
2.4 33.9 365.4 1.6
2.3 43.7 549.2 1.7
4.3 27.6 456.9 2
2.8 60.6 899.4 2
1.5 18.9 345.7 2.5
2.6 41.6 658 2.1
3.4 67.2 206.7 1.7
1.4 44.9 445.9 2
2.5 47.8 843.9 1.7
4.1 72.4 90.3 2.5
2.4 48.6 347.7 2.4
1.4 40.5 512.8 1.7
1.5 30.7 876.1 1.9
2.6 31.5 631.1 2.2
2.5 20.8 507.9 2.3
1 62.6 492.4 1.8
1.7 46.7 614.1 2.2
2.5 17.7 406.5 1.7
2.2 46.1 125.7 2.4
4.3 46.9 330.8 2.1
4.1 42.2 480.5 2.3
2.5 20.3 233.5 2.2
2.4 36 949.1 1.7
3.1 44.5 442.4 1.6
4.6 55.2 558.2 2.4
3.7 35.3 519.7 1.7
4.5 52.7 250.4 2.2
4.4 72.3 927.7 1.8
3 38 553.4 2.2
1.7 74.6 400.4 2.3
3.9 18.5 716.3 1.9
2.4 27.1 907.1 2.4
3.3 38 674.1 1.7
1.2 54.5 646.4 2.2
1.6 31.3 279.7 2
2 45.2 341.2 2
1.1 36.3 190.7 1.5
1.2 41.3 439.2 1.8
2.6 55.7 519.8 1.8
2.1 20.5 318.3 2.2
3.9 42.3 865.7 1.6
4.5 30.4 623.6 2
4.6 70 925.4 2.2
4.3 58.7 449.1 1.9
4 63 120.4 2
4.2 28.1 206 2.3
3 55.2 103.6 1.7
3.4 35.6 687.4 1.8
2.7 62.6 762.4 2.3
3 38 364.2 1.8
3.2 50.5 303 2.3
3.4 32.7 895.5 2.2
3.9 45.8 718.9 2.3
1.1 39.5 67.3 1.5
2.9 52.2 547.3 1.7
1.5 24.7 505.8 2.1
4.4 53.4 155.8 2.3
3.8 58.3 95.3 1.6
2.5 30.1 117 2.4
1.9 40.2 765.5 1.8
4.4 46.9 280.9 1.6
2.2 64.1 808.9 2.4
4.9 71.6 381.5 2.3
1.7 21.3 675.3 2.2
3.9 63.4 437.4 2
4 32 283.9 1.9
3.4 25.7 712.9 1.6
2.8 31 824.9 1.8
4.5 30.6 247.5 2
1.4 50.6 88.9 2.2
4.5 68.3 620.2 1.6
3.7 19.2 538.8 2.1
3.2 43 159.8 2.4
4.5 50 517.1 2.3
3.1 50.6 306 2.4
1.3 27 302.2 1.5
4.1 26.2 544.3 2.1
2.9 64.9 441.8 2.4
4.4 62.1 775 1.7
1.4 37 695.7 2.1
2.2 68.8 144.5 1.8
4.1 37.9 371.8 1.6
3.2 51.2 846.6 1.9
3.8 55.7 96.7 2
5 23.2 219.2 2.1
2.6 36.4 610.2 2.1
2.7 29.6 798 2
4.9 34.7 693.3 2.4
2.1 30.1 166.3 2.3
2.8 40.8 341.5 2
3.5 20 404.1 1.6
4.6 42 109.8 2.1
3.8 17.2 601.1 2.4
3.6 63 54.4 1.9
3.2 56.1 240.2 2.1
3.9 46 272.6 1.8
2.6 63.1 285.1 1.7
4.7 58.2 351.4 1.5
3.5 23.1 647.6 1.7
1.3 46.4 860.5 1.6
4.9 51 489.7 1.9
3.7 47.2 92.4 1.6
1.1 46.6 610.1 1.5
3.8 27.1 181.7 2
3.6 18.7 320.7 1.7
2.3 43.8 106.4 1.7
4.8 17.1 272.3 2.3
2.3 21 337.6 1.6
1.7 68.4 217.7 1.6
4.4 28.1 314.2 1.5
3.9 55.5 895.4 1.5
4.7 50.4 340 2.4
1.9 56.6 932.7 2.3
2 38.1 728.2 2.2
5 39 84.4 2
4.6 27.9 590.4 2.3
3.4 44.8 441.7 2.4
4.3 22.9 895.5 2.4
4.5 26.9 820.3 1.9
3.3 27.7 609 1.7
1.4 25.2 814.6 2.3
3.7 69.5 821.8 1.9
3.9 38.5 542.3 1.8
2.3 20.2 86.2 2.3
4.3 60.7 111.1 1.9
4.8 50.3 773.7 2.2
3.5 64.8 858.2 2.4
1.9 33.3 861.7 2
2.9 32.9 946.7 2.3
2.1 66.9 111.4 1.8
3.2 35.2 758.2 1.8
2.3 20 853.2 2.3
3.9 67.5 205.7 2
1.7 58.9 383.3 2.1
3.3 63.8 654.7 1.7
4.8 46.4 688.6 1.7
2.2 74.1 481.9 2.3
1.7 55.1 506 2
1.7 24.7 727.6 1.5
2.4 43.2 155.2 1.5
4.7 33.1 415.5 2.1
1.2 28.9 482.8 2.4
1.6 58.3 386.5 1.9
4.5 68.4 145.1 2.3
1 30.2 660.4 1.6
1.7 67.5 286.9 2.4
1.3 38.7 347.4 2.2
4.1 66.9 705.3 1.7
3.3 72.5 121.1 2.3
5 17.9 75.8 1.5
1.6 74.1 136 2.2
4.5 35.7 575.6 2.1
4.8 22.3 503.8 2.4
1.1 51.7 586.2 2.1
3.5 39.7 550.2 1.6
3 59.2 691.5 2.2
5 44.6 602.5 1.5
1.9 25.4 885.1 2
1.9 70.9 154 2.3
4.1 38.9 135.7 2.3
1.8 35.2 87.1 1.5
2.7 60.9 940.6 2.1
4.2 36.1 781.7 2.3
3 54.5 117.4 1.7
3.6 37 709.1 1.8
4.5 63.7 864.2 2.1
4.1 56.9 176 1.7
3.9 42.7 404.8 1.6
1.5 69.4 681.7 1.9
1.2 69.2 208.9 2.5
3.2 48.6 640.8 2.4
2.1 46.6 894.6 2.3
4.3 21.4 504.7 1.7
1.9 38.9 470.5 1.8
2.4 56.2 588.3 1.7
1.1 17.3 615.9 1.9
3.5 41.3 111 1.8
4.5 17 298.1 2
3.8 55.2 386.5 1.6
4.3 62.2 661.9 1.7
2.6 43.5 690.3 2.1
4.3 60.4 745.4 1.8
1.1 57.4 293 2.1
3.8 38.6 196.4 1.5
1.9 43.9 164.9 1.6
1.4 15.9 591.2 1.9
2.6 69.5 205.3 1.9
3.6 25.5 870.1 1.6
4.9 40.7 733.1 2.1
3.3 35.5 375.2 2
4.8 72.7 79.3 2.1
3.4 28.3 322.6 2.3
3.9 56.5 130 1.7
3.1 34.7 537.7 1.6
3.5 72.5 447 2.4
3 57.3 304.9 1.6
1.2 41.8 223.4 1.6
1.8 28.9 400.1 1.9
3.3 73.1 536 1.7
2.7 72.1 124.1 2.5
1.8 62.3 432.4 2.3
3.8 41.2 110.4 1.8
2.7 53.1 755.9 1.6
3.1 35.5 438 1.6
1.2 61.5 181.1 2.3
5 64.1 268.1 2.2
4.4 56.2 740.8 2
2.4 36.4 219.4 1.6
4.3 19.4 485.3 2.2
2.4 61.9 569.9 1.9
3 47.8 401.7 1.7
3.4 54.3 380.5 2
3 67.5 265.2 1.9
1.8 41.9 912.1 2.4
1.2 32.3 877.8 1.7
1.1 38.6 837 1.6
3.5 46.7 820.9 1.5
3.1 57.9 219.1 2.4
1.2 62.5 253.1 2
3.3 33.3 166.5 2.2
3 37 198 2.2
1.1 67.9 318.6 1.8
5 67.2 265.5 1.7
4.3 40.4 894.7 2.3
1.7 57.4 73.4 1.7
4.6 55.3 601.6 2
3.3 27.9 889.5 2.2
2.9 23.7 197.7 1.7
2.4 63 179.5 1.7
1.1 36.4 787.3 2.4
4 38 397.3 2.1
2.7 70.5 140.3 2.5
1.4 18.4 492.1 2
1.1 61.8 576.4 2.1
2.9 29.4 619.6 2
1.4 61.6 495 2
1.7 19.8 665.7 2
2 47.3 634.1 2.1
3.6 37.4 439 1.7
3.5 66.3 544.3 1.8
2.9 20.8 673.6 1.5
1.1 42.2 647.1 1.9
2.8 71.1 688.9 1.8
3.1 24.4 592.1 2.1
2.2 69.6 276.6 1.7
4.4 34.4 332.9 1.6
3 67.9 503 2
3.1 68.2 867.3 2.4
3.7 47.2 273 2.2
3.5 65.6 929.4 1.9
2.7 45.5 877.9 2.4
3.1 30.6 281.6 2.1
3.8 37 633.2 2
2.4 59 484.7 1.9
1.6 74.4 701.7 2
1.5 60 214.5 2.5
1.5 47.9 445.9 2.4
3.8 20.9 747 1.8
2.8 36.8 671.4 1.9
1.4 61.4 71.1 1.8
3.9 18.4 410.1 2.5
2 69 265.8 2.3
2.8 23.3 178.6 2.4
3.3 27.8 373.2 1.7
4.4 26.6 634.6 1.9
4 44.9 433 2
1.7 71.8 616.4 2
4.5 53.4 803.5 1.7
2.9 55.7 641.3 2.1
4.5 57.9 369.4 1.5
1.8 57.1 458.7 1.6
2.3 72 739.5 1.5
2.8 60.2 565.4 2
2.9 53 297.4 1.8
1.6 25.2 801.1 2.2
2.5 54.2 103.7 1.9
3.8 34.7 711.1 1.7
2.4 74.6 393 1.8
3.2 15.1 391.9 1.7
2.4 40 110.5 2.2
2.6 20 865.9 1.6
4.5 22.4 503.6 1.9
4.3 31.6 277.8 2.3
2.3 65.7 590 2.3
2.9 33.3 686.7 2.2
3.8 58.2 934.3 2.3
4.5 71.5 148 1.8
1.9 17 185.3 1.7
2.7 70.2 349.8 2.2
4 34.7 848.6 2.3
4.6 52.3 593.1 2.5
3.2 54.1 352.3 1.6
3.2 46.6 770.3 2.2
2.4 62.7 278.2 1.7
4.6 48.4 494.3 1.6
4.1 43.6 114.2 2.2
4.7 64.1 925.7 2
4.9 54.8 137.8 2.1
3.3 66.3 709.9 2.4
4.3 30.6 870.2 1.9
4 57.8 292.1 2.3
1.8 54 573.5 1.7
4.3 23.4 770.3 1.7
1.5 34 388.5 1.8
4.9 50.1 731 1.8
1.5 70.2 332.5 2.4
1.3 66.1 297.6 1.5
3.9 67.7 645.8 2
1 55.9 138.4 2
4.8 35.2 843.7 2.1
4.9 65.7 367.2 2.3
1.5 20.2 661.6 2
2.9 66.5 285.7 2.3
1.7 33.4 779.9 1.6
2.2 72.9 280.2 1.6
3.1 71.1 624.9 2
1.9 39.9 288.3 1.8
2.6 36.5 466.6 1.8
1.5 52.4 199.8 2.2
4.7 44.4 811.6 1.8
1 26.8 659.1 1.7
4.6 70.4 213.2 1.9
1.5 69.1 261 1.7
1.1 70.9 303.5 1.6
1.2 40.8 591.9 2.3
4.6 61.2 452 2
2 23.7 787.8 2.4
2.2 64.2 615 1.7
1.8 70.2 194.1 2
3.9 56.4 252.4 1.6
1.4 32.2 709.7 2.1
1.5 59.2 327.3 1.6
4 15.8 937.1 2.2
4.1 66.3 337.4 2.1
3.3 36.5 560.9 2.3
3.7 21.7 774 1.6
3.1 55.8 619.3 1.5
2.9 37.9 489.5 2.2
1.8 25.6 164.2 2.3
1.9 24.2 661.7 2.2
2.3 39.3 250.9 2.3
1.3 35.2 671.3 1.8
4.4 16.1 143.7 1.8
4.5 47 398.7 1.6
3.4 21 910.3 1.7
1.9 42.4 702.7 1.7
1.3 34.3 363.8 1.8
3.4 74.1 922.8 1.9
3.1 31.7 144 1.5
3.5 30.5 283.4 1.9
4.8 48.1 592.8 1.8
3.1 32.4 134.7 1.6
4.6 38.7 412.7 2.3
1.2 70.4 150.6 2
2.1 27.6 420.1 1.7
1.8 56.7 841.1 2
1.7 67.1 236.2 1.6
1.1 22.3 274.1 2.3
4.2 25.7 114.8 2.1
1.9 26.9 270 1.6
2.4 31.8 512 1.6
2.5 50.5 391.5 2.5
2.1 49 500.4 1.6
4.7 22.4 74.1 2
3.2 49.9 840.7 1.6
1.9 28.4 719.5 1.9
4.6 21.8 608.8 2.4
3.8 66.1 277.5 2.1
3.9 46.7 948.5 2
2.1 66.2 82.5 1.7
2.4 33.8 380.8 2
3.5 37.9 906.7 1.6
4.7 49 614.9 2.1
3.4 29.6 91.6 2.3
4 47.6 938.6 2
1.9 60.4 827.9 2.3
3.9 72.5 398.4 2.2
1.6 36.8 895.9 1.8
2.4 36.8 518.7 2.1
3.1 33.9 582.1 1.5
1 64.5 365 2.1
1.6 64.8 908.4 1.9
4.1 56.3 937.6 2.2
2.8 60.1 237.5 2.3
1.7 18.2 353.1 2.1
1.3 29 810.4 2.5
4.5 49.9 454.8 2.5
1.2 19.1 892.9 2.3
1.9 48.7 326.7 2.3
4.3 55.7 213.7 2.3
1.6 66.8 357.2 1.6
3.1 65.6 786.9 1.7
1.8 61.1 393.1 2.5
2 37.2 387.9 1.6
2.2 40 455 2.4
4.8 41.2 630.7 2
2.6 16.3 236 2.5
1.6 45.3 826.2 1.9
3.5 22.4 440.5 1.7
1 43.9 458.3 1.6
1.1 65.7 470.5 2.5
4.7 70.2 229.4 1.6
2.4 72.3 76.6 2.3
2.3 48.4 786.6 1.9
2.7 71 760.1 2.1
4.1 71.1 387.2 1.6
1.5 61.3 948.6 1.8
4.9 48.2 70.2 1.6
4.8 25 343.1 1.6
4.9 29.2 671.8 2.4
2.5 28.7 311.5 2
2 67.8 668.1 2
4.1 28.3 221.7 1.8
2.6 69.3 816.8 2.5
4.2 50.1 609.5 1.9
3.7 43.3 578.1 1.8
2.2 31.4 61.6 2.3
3.5 61.3 116.4 1.6
3.2 72.8 509.7 1.5
1.7 72.5 178.4 2.1
3.4 62.9 406 1.9
1 46.4 853.3 2.2
3 53.8 717.1 1.7
4.6 54.6 599.4 2.3
2.7 51.3 863.2 2.2
1.4 42.3 343.1 1.8
4.6 67 475.7 1.6
4.7 44.3 534.6 2.3
1.3 73.1 187.4 2.3
3.6 74.4 701.4 2.4
2.3 15.8 394.9 1.7
4.4 32.1 514.3 1.9
2.3 36.1 381.4 1.7
3.9 25.5 371.7 1.8
4.7 45.5 743.8 2
2.9 36.6 896.8 2.3
2.2 49.8 693.2 2.2
4.6 44.9 357.6 2.5
2.5 55.1 758 2.1
5 31.9 847.4 2.4
4.9 72.6 838.9 2.1
2 56 308 1.8
4.2 57.2 898.5 1.5
2.9 36.6 374.1 2
2.7 74.1 141.8 1.9
1.8 51.6 577.9 1.7
3.1 64.5 148.7 1.7
4.6 40.7 315.6 2.1
1.7 38.9 557 1.6
3.3 49.1 333.2 2.2
0.2 0.2 0.3 0.4 0.3 0.4 0.4 0.3 0.3 0.3 0.4 0.3 0.4 0.3 0.4 0.2 0.4 0.3 0.4 0.2 0.2 0.3 0.2 0.2 0.4 0.3 0.3 0.2 0.3 0.3 0.2 0.2 0.4 0.3 0.2 0.3 0.4 0.4 0.3 0.3 0.3 0.3 0.4 0.3 0.3 0.2 0.4 0.2 0.3 0.3 0.3 0.4 0.4 0.4 0.3 0.2 0.3 0.3 0.2 0.3 0.3 0.3 0.4 0.3 0.3 0.2 0.4 0.2 0.2 0.3 0.3 0.3 0.3 0.2 0.2 0.2 0.3 0.4 0.3 0.2 0.2 0.3 0.4 0.2 0.3 0.2 0.3 0.2 0.3 0.3 0.3 0.3 0.3 0.2 0.4 0.2 0.2 0.4 0.4 0.3 0.3 0.3 0.3 0.3 0.3 0.4 0.3 0.3 0.4 0.2 0.3 0.2 0.3 0.3 0.3 0.3 0.3 0.4 0.2 0.4 0.3 0.4 0.2 0.3 0.3 0.3 0.3 0.2 0.3 0.4 0.4 0.3 0.4 0.3 0.3 0.4 0.3 0.4 0.2 0.4 0.3 0.4 0.3 0.3 0.3 0.2 0.3 0.2 0.2 0.2 0.3 0.3 0.3 0.2 0.3 0.4 0.3 0.2 0.3 0.3 0.2 0.3 0.4 0.4 0.3 0.3 0.3 0.4 0.2 0.2 0.4 0.4 0.3 0.2 0.3 0.2 0.2 0.3 0.3 0.3 0.4 0.3 0.3 0.4 0.3 0.2 0.4 0.3 0.3 0.3 0.3 0.3 0.2 0.4 0.3 0.3 0.3 0.2 0.2 0.4 0.4 0.3 0.3 0.3 0.2 0.3 0.2 0.3 0.4 0.3 0.3 0.3 0.4 0.3 0.3 0.3 0.3 0.2 0.2 0.3 0.2 0.2 0.3 0.3 0.3 0.2 0.2 0.2 0.4 0.2 0.3 0.4 0.3 0.2 0.3 0.3 0.3 0.3 0.3 0.2 0.3 0.3 0.2 0.3 0.4 0.3 0.2 0.4 0.3 0.2 0.2 0.2 0.3 0.3 0.4 0.3 0.4 0.4 0.2 0.2 0.2 0.3 0.3 0.4 0.3 0.3 0.2 0.3 0.3 0.2 0.3 0.2 0.4 0.4 0.3 0.2 0.2 0.3 0.4 0.4 0.4 0.3 0.2 0.3 0.4 0.2 0.2 0.3 0.3 0.4 0.3 0.2 0.3 0.4 0.2 0.4 0.3 0.4 0.4 0.4 0.3 0.3 0.4 0.3 0.2 0.2 0.3 0.4 0.2 0.2 0.2 0.4 0.3 0.2 0.3 0.2 0.2 0.3 0.2 0.4 0.4 0.4 0.2 0.3 0.3 0.3 0.3 0.4 0.3 0.3 0.3 0.2 0.2 0.3 0.2 0.3 0.3 0.2 0.3 0.3 0.3 0.3 0.2 0.2 0.3 0.4 0.2 0.3 0.3 0.3 0.4 0.2 0.3 0.3 0.4 0.3 0.3 0.4 0.3 0.3 0.4 0.4 0.3 0.4 0.2 0.4 0.2 0.4 0.3 0.3 0.2 0.4 0.3 0.3 0.4 0.3 0.3 0.4 0.3 0.4 0.4 0.3 0.3 0.3 0.2 0.2 0.3 0.2 0.3 0.3 0.4 0.2 0.3 0.3 0.2 0.2 0.4 0.2 0.4 0.2 0.3 0.3 0.4 0.3 0.3 0.3 0.3 0.2 0.4 0.3 0.4 0.4 0.3 0.3 0.2 0.2 0.3 0.3 0.3 0.3 0.4 0.3 0.4 0.4 0.3 0.4 0.4 0.4 0.4 0.2 0.3 0.3 0.3 0.4 0.3 0.4 0.2 0.3 0.3 0.3 0.2 0.3 0.4 0.2 0.3 0.3 0.3 0.2 0.4 0.2 0.3 0.2 0.3 0.2 0.3 0.2 0.3 0.4 0.3 0.2 0.4 0.4 0.4 0.3 0.3 0.2 0.3 0.2 0.2 0.3 0.3 0.2 0.4 0.3 0.3 0.3 0.4 0.4 0.4 0.2 0.2 0.3 0.3 0.3 0.3 0.3 0.4 0.2 0.4 0.3 0.3 0.4 0.4 0.3 0.2 0.2 0.3 0.4 0.3 0.3 0.3 0.3 0.3 0.2 0.2 0.3 0.2 0.3 0.4 0.2 0.2 0.4 0.2 0.4 0.2 0.3 0.2 0.2 0.2 0.4 0.3 0.3 0.4 0.2 0.2 0.3 0.2 0.2 0.2 0.2 0.3 0.3 0.4 0.4 0.3 0.3 0.3 0.3 0.3 0.2 0.3 0.2 0.4 0.4 0.3 0.2 0.3 0.3 0.2 0.4 0.4 0.2 0.4 0.3 0.4 0.3 0.2 0.3 0.3 0.3 0.2 0.4 0.4 0.3 0.2 0.3 0.4 0.3 0.4 0.2 0.3 0.3 0.4 0.3 0.3 0.3 0.3 0.3 0.3 0.3 0.3 0.4 0.4 0.3 0.3 0.3 0.4 0.2 0.3 0.2 0.3 0.3 0.2 0.3 0.4 0.3 0.4 0.2 0.3 0.4 0.3 0.4 0.4 0.2 0.3 0.3 0.2 0.4 0.2 0.2 0.3 0.2 0.2 0.4 0.4 0.2 0.2 0.3 0.2 0.3 0.2 0.2 0.2 0.2 0.3 0.4 0.3 0.3 0.2 0.3 0.3 0.2 0.2 0.2 0.3 0.3 0.3 0.2 0.3 0.3 0.2 0.2 0.2 0.3 0.4 0.3 0.3 0.3 0.3 0.3 0.3 0.4 0.3 0.4 0.2 0.3 0.3 0.2 0.2 0.3 0.3 0.2 0.3 0.2 0.3 0.4 0.4 0.3 0.2 0.3 0.3 0.3 0.2 0.4 0.3 0.3 0.3 0.3 0.3 0.3 0.4 0.3 0.3 0.3 0.3 0.3 0.3 0.3 0.3 0.3 0.2 0.3 0.3 0.4 0.3 0.3 0.2 0.4 0.2 0.2 0.3 0.3 0.4 0.2 0.3 0.3 0.3 0.3 0.3 0.2 0.4 0.4 0.4 0.3 0.3 0.4 0.3 0.3 0.3 0.2 0.2 0.3 0.2 0.3 0.4 0.3 0.3 0.2 0.3 0.4 0.3 0.3 0.3 0.3 0.2 0.3 0.2 0.3 0.4 0.3 0.3 0.4 0.2 0.2 0.4 0.3 0.4 0.4 0.2 0.3 0.3 0.3 0.3 0.3 0.4 0.4 0.4 0.4 0.3 0.2 0.3 0.4 0.3 0.2 0.3 0.3 0.3 0.4 0.4 0.3 0.4 0.3 0.3 0.4 0.3 0.3 0.2 0.3 0.3 0.3 0.3 0.3 0.4 0.4 0.3 0.4 0.3 0.3 0.3 0.3 0.2 0.2 0.3 0.4 0.3 0.4 0.4 0.4 0.3 0.4 0.2 0.2 0.4 0.4 0.3 0.4 0.4 0.3 0.3 0.2 0.2 0.2 0.4 0.3 0.4 0.4 0.2 0.4 0.3 0.3 0.2 0.2 0.2 0.3 0.3 0.3 0.3 0.3 0.3 0.3 0.4 0.3 0.3 0.2 0.3 0.2 0.3 0.4 0.3 0.4 0.3 0.3 0.3 0.3 0.3 0.3 0.2 0.2 0.4 0.3 0.3 0.3 0.4 0.3 0.2 0.3 0.3 0.2 0.4 0.3 0.2 0.2 0.3 0.4 0.2 0.3 0.2 0.4 0.3 0.2 0.4 0.3 0.3 0.4 0.4 0.4 0.3 0.2 0.2 0.4 0.3 0.2 0.3 0.3 0.3 0.2 0.2 0.4 0.2 0.2 0.4 0.3 0.3 0.4 0.3 0.2 0.4 0.2 0.3 0.2 0.3 0.3 0.4 0.4 0.2 0.2 0.4 0.3 0.2 0.2 0.3 0.3 0.2 0.2 0.2 0.4 0.3 0.4 0.4 0.3 0.3 0.3 0.2 0.4 0.2 0.3 0.2 0.3 0.4 0.3 0.3 0.4 0.4 0.3 0.3 0.3 0.2 0.3 0.2 0.3 0.3 0.4 0.3 0.3 0.3 0.3 0.2 0.3 0.2 0.3 0.4 0.4 0.3 0.2 0.2 0.3 0.3 0.2 0.3 0.2 0.2 0.4 0.3 0.3 0.3 0.2 0.3 0.2 0.2 0.4 0.2 0.2 0.3 0.3 0.2 0.3 0.4 0.2 0.3 0.2 0.3 0.4 0.2 0.3 0.3 0.4 0.3 0.2 0.2 0.3 0.3 0.2 0.2 0.3 0.4 0.4 0.3 0.3 0.3 0.3 0.3 0.2 0.2 0.4 0.3 0.4 0.3 0.2 0.2 0.3 0.4 0.4 0.2 0.4 0.3 0.2 0.3 0.3 0.2 0.3 0.3 0.3 0.3 0.3 0.3 0.3 0.3 0.3 0.3 0.2 0.3 0.3 0.2 0.2 0.3 0.3 0.4 0.3 0.2 0.4 0.3 0.3 0.2 0.2 0.2 0.3 0.3 0.3 0.2 0.3 0.4 0.3 0.2 0.2 0.2 0.3 0.3 0.3 0.2 0.3 0.4 0.3 0.3 0.4 0.2 0.4 0.3 0.4 0.3 0.2 0.3 0.3 0.3 0.2 0.3 0.2 0.2 0.2 0.3 0.2 0.3 0.3 0.4 0.4 0.3 0.4 0.3 0.2 0.3 0.4 0.2 0.2 0.3 0.2 0.3 0.4 0.3 0.4 0.3 0.4 0.4 0.4 0.2 0.2 0.4 0.3 0.2 0.2 0.3 0.3 0.3 0.2 0.4 0.3 0.3 0.2 0.4 0.2 0.3 0.4 0.4 0.3 0.4 0.2 0.4 0.4 0.3 0.4 0.3 0.3 0.4 0.3 0.3 0.3 0.4 0.3 0.3 0.4 0.3 0.3 0.3 0.3 0.3 0.4 0.3 0.3 0.2 0.3 0.3 0.3 0.3 0.3 0.4 0.4 0.3 0.4 0.3 0.3 0.2 0.2 0.4 0.2 0.3 0.2 0.2 0.2 0.4 0.3 0.4 0.2 0.3 0.2 0.4 0.4 0.3 0.3 0.4 0.2 0.2 0.4 0.3 0.4 0.3 0.3 0.2 0.4 0.4 0.3 0.4 0.3 0.3 0.2 0.2 0.2 0.3 0.4 0.3 0.4 0.3 0.2 0.3 0.4 0.2 0.3 0.3 0.4 0.3 0.4 0.3 0.3 0.4 0.3 0.3 0.2 0.3 0.4 0.2 0.4 0.4 0.4 0.3 0.3 0.3 0.4 0.3 0.2 0.4 0.3 0.2 0.2 0.4 0.3 0.4 0.2 0.3 0.3 0.3 0.3 0.2 0.3 0.3 0.4 0.2 0.3 0.4 0.3 0.4 0.2 0.3 0.3 0.2 0.3 0.2 0.2 0.2 0.3 0.3 0.3 0.3 0.2 0.3 0.3 0.3 0.2 0.3 0.2 0.3 0.3 0.4 0.3 0.2 0.3 0.3 0.4 0.2 0.4 0.3 0.3 0.4 0.3 0.4 0.4 0.3 0.3 0.3 0.3 0.2 0.3 0.3 0.3 0.3 0.2 0.3 0.3 0.3 0.4 0.3 0.3 0.3 0.4 0.3 0.2 0.3 0.4 0.4 0.3 0.3 0.3 0.2 0.2 0.3 0.2 0.3 0.3 0.3 0.2 0.3 0.3 0.3 0.4 0.3 0.2 0.4 0.2 0.2 0.2 0.4 0.4 0.4 0.3 0.2 0.2 0.3 0.3 0.2 0.2 0.2 0.4 0.2 0.3 0.4 0.4 0.3 0.3 0.3 0.3 0.4 0.3 0.2 0.4 0.3 0.3 0.2 0.2 0.3 0.3 0.3 0.4 0.4 0.3 0.4 0.3 0.4 0.4 0.3 0.3 0.2 0.4 0.3 0.3 0.3 0.3 0.2 0.3 0.2 0.3 0.4 0.3 0.4 0.3 0.4 0.4 0.2 0.4 0.2 0.2 0.3 0.3 0.3 0.4 0.2 0.4 0.3 0.4 0.3 0.3 0.3 0.3 0.2 0.3
42 122 79 52 10 83 33 74 61 14 83 94 135 45 171 113 174 4 26 152 170 90 46 62 76 76 30 4 11 84 39 48 60 142 169 169 137 150 86 16 50 68 177 98 145 108 180 59 64 153 114 17 148 145 30 122 165 65 99 29 75 80 160 3 129 103 23 107 68 28 144 116 52 72 52 114 134 114 122 173 74 89 177 26 118 20 116 23 79 23 108 157 171 8 69 170 68 114 96 138 71 67 152 30 81 88 122 63 19 52 1 17 54 75 67 117 87 42 165 36 69 25 159 96 37 158 117 89 62 146 151 137 69 86 103 61 144 117 109 178 95 11 161 109 24 117 179 158 111 122 63 172 138 61 156 72 159 174 81 38 172 151 171 170 112 139 137 158 153 111 46 128 127 34 58 51 99 20 14 153 20 137 54 159 69 104 50 3 11 146 92 51 3 110 40 33 82 100 24 133 88 164 155 44 5 175 180 105 59 156 68 22 110 164 75 29 34 40 20 78 179 175 128 125 46 141 153 128 55 156 155 114 7 150 67 157 56 4 89 48 180 127 148 146 46 135 88 121 73 20 79 111 57 56 159 117 72 107 46 178 71 153 42 61 106 176 71 38 30 42 173 57 17 91 89 39 4 57 146 64 90 169 106 89 167 100 71 132 112 21 164 72 151 120 87 52 106 15 15 3 30 61 58 160 154 18 112 23 135 179 7 39 68 171 21 151 49 34 81 22 149 145 19 174 96 95 71 5 151 131 131 97 64 19 165 103 99 100 40 120 17 24 81 138 104 128 89 29 123 128 89 154 49 26 2 61 3 100 100 85 64 149 139 100 69 104 88 105 142 72 7 32 176 176 6 39 128 159 173 93 76 160 153 105 142 44 171 136 6 66 33 40 171 63 41 173 98 111 136 111 61 113 31 178 112 59 80 64 68 129 119 125 82 105 122 76 83 14 86 106 167 46 40 139 89 164 3 122 72 146 94 163 119 121 58 15 54 99 66 148 133 104 85 45 146 106 140 108 180 50 165 46 22 51 12 110 10 21 138 3 130 174 167 27 135 76 138 120 172 160 13 94 80 156 60 155 18 55 135 149 28 154 160 16 29 102 142 71 102 24 69 82 115 138 152 129 109 102 98 81 87 102 110 91 48 100 166 114 165 78 176 41 128 157 136 89 53 114 124 56 175 17 153 93 146 73 147 10 95 167 100 1 132 50 145 156 144 61 117 163 31 2 101 131 155 121 143 95 50 167 126 103 149 115 22 174 174 35 160 119 147 176 44 97 160 92 87 16 140 96 153 138 168 98 7 96 176 130 152 148 24 32 65 17 69 139 91 126 80 17 55 150 62 150 52 105 5 30 38 152 155 105 27 101 60 113 50 61 88 73 135 74 33 62 49 170 144 174 11 175 10 110 118 80 170 108 162 143 120 81 17 101 137 141 137 63 146 77 117 59 93 136 76 25 46 31 82 50 23 86 42 100 22 157 49 129 123 25 138 114 144 6 112 135 169 99 31 69 85 5 35 75 149 53 122 139 58 37 155 82 5 79 78 112 3 97 112 119 134 160 5 7 34 68 145 171 94 113 63 30 127 52 53 23 61 27 2 67 179 63 86 116 36 9 145 98 41 32 156 93 163 4 72 81 93 21 33 125 102 167 104 143 70 36 46 20 75 159 49 147 142 102 33 60 121 129 32 84 97 171 19 158 82 169 74 51 51 84 34 46 62 110 173 180 98 40 8 178 114 33 32 90 35 67 28 120 75 151 62 65 24 36 112 123 64 164 158 76 105 7 179 22 6 139 80 149 48 168 136 9 113 75 63 86 30 133 85 19 78 31 53 148 147 43 153 66 87 121 84 105 83 118 179 180 174 73 118 151 121 141 125 176 162 68 1 115 12 123 68 145 29 99 99 109 72 132 144 70 178 160 96 123 38 34 42 57 173 97 57 132 66 114 110 130 158 31 34 64 41 11 128 10 40 45 47 101 133 80 3 111 38 4 165 139 178 37 116 88 33 53 151 63 25 140 138 20 106 61 123 111 136 46 43 126 16 85 147 19 64 45 3 66 19 91 32 68 100 13 145 63 151 95 17 62 8 90 167 165 61 139 129 112 79 9 103 35 155 166 57 3 73 6 63 78 87 23 114 28 50 82 142 128 119 177 140 172 49 101 154 176 28 118 42 25 87 17 93 153 148 71 146 131 148 51 102 68 176 53 70 23 10 75 61 27 31 21 106 157 159 84 180 120 132 23 109 43 40 124 104 54 80 148 167 55 113 95 136 84 106 127 180 13 71 8 15 155 82 21 129 85 13 106 81 117 12 153 140 138 73 47 54 53 175 146 141 102 4 31 176 62 157 95 39 99 47 169 172 109 135 69 3 118 79 104 101 133 125 180 126 84 150 153 44 156 114 166 130 102 75 176 140 146 98 31 82 164 115 93 155 33 13 95 170 173 150 68 140 70 101 143 114 100 175 160 61 30 96 150 180 69 69 87 61 100 87 48 85 135 89 73 138 167 10 27 159 111 139 102 132 180 106 95 119 92 167 78 89 32 128 165 18 121 138 77 13 62 1 176 65 6 70 50 70 144 38 17 82 120 168 6 30 124 82 55 102 164 99 7 70 89 124 170 169 34 89 16 144 41 127 44 76 21 11 37 57 2 14 82 88 77 18 105 143 156 53 135 95 117 126 80 3 48 67 4 137 131 13 26 175 42 13 143 41 79 118 11 118 114 76 128 2 46 52 6 49 43 158 91 139 88 150 132 43 106 40 56 149 52 55 15 2 122 116 18 154 120 139 114 106 145 39 114 165 43 91 171 136 7 172 98 90 106 49 18 145 111 104 180 135 154 20 23 155 32 37 152 64 49 53 107 78 74 42 34 53 24 102 164 10 159 149 70 64 116 46 154 109 14 26 121 116 180 99 53 72 50 24 84 157 40 156 48 107 40 138 17 45 125 41 156 69 111 146 118 15 103 156 136 119 156 13 151 139 16 56 93 66 103 80 131 164 176 92 35 159 49 170 61 36 20 152 68 75 79 115 17 1 45 111 56 8 72 61 113 68 79 94 137 109 38 156 36 155 88 98 77 1 147 158 171 68 104 154 31 173 120 65 79 92 95 47 145 21 73 93 22 142 22 41 28 59 8 4 144 124 57 165 11 92 10
84 153 92 41 144 40 164 144 121 153 43 41 166 174 65 125 178 61 88 33 112 84 66 152 175 25 155 1 55 124 10 8 66 8 129 55 35 92 141 9 31 5 149 123 129 110 70 20 156 138 167 95 136 162 160 162 155 83 28 118 123 139 89 52 135 95 7 60 15 21 178 112 150 150 87 109 149 7 90 160 132 34 94 14 55 87 148 98 167 120 37 159 149 96 32 76 67 83 73 38 81 163 49 99 22 30 1 6 76 118 17 28 71 90 164 124 16 16 2 152 92 61 139 120 136 11 28 82 37 24 123 67 23 77 57 19 69 69 5 140 21 6 23 90 166 64 161 118 108 108 42 137 42 42 172 169 125 66 152 138 97 85 13 52 78 6 83 115 135 153 115 169 108 142 100 84 59 108 20 133 9 170 161 93 69 173 38 169 82 88 72 89 119 136 59 152 115 137 6 176 76 46 84 87 98 13 13 66 142 49 142 116 13 176 120 145 141 46 168 101 66 31 34 14 38 88 4 30 67 152 176 175 38 156 2 104 66 122 170 136 8 128 1 120 47 150 152 165 38 25 18 123 87 173 10 158 118 87 41 146 135 67 83 36 42 111 27 62 172 34 38 175 145 177 74 117 147 91 94 128 21 39 49 21 2 105 81 18 115 1 4 142 42 44 78 50 116 126 127 123 134 20 169 76 45 75 19 105 92 97 115 27 52 19 162 4 17 169 176 10 60 94 16 33 64 73 10 146 103 40 39 179 61 4 102 101 130 152 180 29 69 139 25 100 129 178 117 47 73 49 10 64 107 127 5 35 105 66 161 80 142 72 107 178 101 106 30 120 122 97 50 34 60 121 136 146 128 28 33 60 165 153 134 3 169 81 44 12 158 41 4 107 17 65 93 19 28 19 148 56 27 106 169 121 82 39 101 110 130 75 104 31 116 36 1 162 111 108 129 165 113 13 171 114 122 65 17 36 102 154 24 102 105 31 146 99 114 112 171 159 38 14 114 83 165 173 147 104 44 128 175 105 110 94 178 42 29 164 179 116 150 95 98 133 45 162 70 26 30 145 125 142 46 19 79 104 149 51 160 76 162 70 121 125 57 67 58 83 66 18 164 14 38 152 75 124 130 33 174 79 77 32 96 81 88 155 138 162 34 23 134 73 106 140 175 174 45 147 149 44 27 98 144 146 102 5 122 14 9 134 178 145 51 5 34 125 90 103 22 136 173 73 42 98 130 125 167 130 143 53 67 158 36 122 122 80 89 73 40 38 163 161 26 41 132 156 29 38 14 20 94 145 31 130 128 152 88 52 121 32 26 21 154 40 108 48 152 130 139 91 163 133 25 87 153 98 114 135 28 35 125 9 94 79 100 68 147 75 179 88 44 169 85 10 53 162 54 113 24 159 160 21 101 173 52 76 33 13 133 165 154 169 37 136 169 17 15 49 149 21 58 26 18 136 57 162 164 95 11 91 88 19 25 97 147 50 19 137 168 12 118 173 31 83 38 171 136 63 92 147 82 33 76 170 119 175 30 68 70 115 147 177 10 41 38 144 170 72 37 61 10 123 134 99 70 69 63 108 64 16 146 4 171 120 77 31 12 83 161 16 23 116 87 112 128 88 149 175 89 133 2 167 58 170 152 17 43 174 24 18 180 171 158 32 85 8 168 146 57 175 175 2 22 32 150 88 175 150 2 44 83 5 176 98 57 141 59 162 126 140 17 121 118 22 95 126 59 94 31 123 70 138 31 95 34 91 116 16 97 53 5 161 108 67 8 116 23 146 39 76 122 113 8 62 178 48 6 107 132 13 172 32 5 69 55 66 28 106 178 3 78 165 43 84 53 180 80 24 88 77 88 173 141 169 6 35 44 170 4 5 140 137 42 45 53 16 174 4 128 116 77 102 59 93 91 67 7 171 41 141 34 133 43 139 96 56 94 10 81 63 61 53 164 51 109 42 112 73 83 115 58 30 11 167 72 158 134 90 149 1 92 105 21 27 176 96 19 21 24 154 151 142 103 113 7 88 97 85 152 85 142 82 64 10 96 162 137 41 159 82 72 23 10 142 144 63 30 30 111 93 17 138 53 135 104 89 111 148 172 132 129 161 138 99 145 117 10 71 36 7 73 59 154 118 94 84 41 69 73 84 127 76 2 116 79 154 104 152 126 10 22 148 74 117 36 179 121 146 145 127 164 84 170 134 121 124 145 42 30 112 137 155 28 160 59 2 2 20 17 13 148 54 161 23 75 17 134 172 46 102 179 30 161 23 36 66 174 94 178 142 106 173 42 146 166 76 68 106 165 156 57 150 145 13 117 89 48 69 108 5 94 106 69 178 16 139 78 91 94 114 39 109 103 180 135 133 10 120 33 32 127 29 76 138 46 174 82 141 93 88 128 13 43 138 131 90 93 171 65 25 77 165 131 93 161 24 85 40 30 105 19 48 110 131 32 128 130 174 86 14 151 31 174 33 148 44 133 134 83 11 77 51 81 87 27 63 121 64 66 73 41 131 161 119 29 105 12 38 159 71 124 54 81 133 86 35 176 78 119 71 153 180 70 130 167 44 8 114 57 87 69 55 120 103 110 118 141 66 71 150 74 8 44 137 107 91 33 164 26 95 1 11 153 129 86 154 171 9 68 73 55 61 59 78 83 78 43 151 43 154 141 117 48 32 100 18 120 92 47 167 118 26 43 165 53 3 21 99 147 57 46 138 137 36 37 175 86 61 178 37 119 12 107 99 5 77 94 123 168 124 79 73 60 23 81 164 173 78 2 105 21 70 133 87 70 64 140 180 143 156 142 77 168 18 161 158 159 32 75 68 38 88 1 170 76 118 15 103 21 106 27 147 113 43 7 117 156 55 6 105 89 19 89 65 168 52 110 156 107 114 136 178 6 180 148 133 80 24 17 169 134 106 171 88 3 79 103 116 118 155 54 106 104 79 5 159 21 80 74 10 157 155 179 13 157 146 21 173 59 55 29 84 122 137 163 61 90 48 67 93 116 128 102 99 115 36 14 141 115 48 50 86 122 22 103 62 145 24 107 175 86 34 133 78 48 75 61 16 122 90 76 176 139 72 41 3 160 92 14 11 178 158 88 145 12 150 107 5 179 143 101 16 114 143 170 127 100 116 16 105 159 104 132 83 1 86 132 50 90 89
132 112 14 75 65 66 23 47 151 117 10 119 47 117 170 69 123 59 15 118 117 41 26 89 64 127 126 158 38 33 116 21 9 48 127 117 18 172 27 5 145 114 162 156 169 123 48 167 95 9 22 144 27 7 179 125 32 88 149 148 174 48 79 136 45 7 105 94 140 143 61 64 107 69 30 137 63 109 42 21 89 38 57 156 169 23 44 57 72 162 163 177 86 144 27 124 162 14 172 169 63 71 6 127 140 100 53 110 162 56 90 107 37 22 168 129 135 21 38 47 39 24 115 147 165 67 19 6 9 103 25 132 178 99 109 60 7 138 178 115 142 13 7 118 5 123 147 107 134 155 28 85 17 124 154 96 51 101 119 156 115 139 107 60 142 169 48 117 159 78 119 128 81 13 143 9 77 148 150 111 71 172 159 69 92 42 171 78 175 83 45 146 141 65 85 101 128 134 52 6 166 74 115 48 121 127 143 35 67 149 9 85 99 54 105 100 167 170 93 131 125 159 136 136 73 175 14 117 94 158 94 41 103 79 56 129 73 175 102 109 103 98 172 150 37 57 41 160 101 28 87 160 94 96 90 49 55 81 96 128 16 161 39 88 36 156 48 20 53 131 169 153 47 141 70 61 96 45 61 177 69 62 120 53 86 125 69 101 110 145 17 138 116 34 68 115 5 74 161 83 39 67 109 140 155 42 43 87 120 165 152 112 147 128 162 41 14 152 176 52 61 137 62 108 72 161 97 70 39 104 76 58 108 64 141 118 110 180 152 86 165 5 129 3 38 20 63 158 6 175 127 59 104 33 66 119 59 129 77 33 92 141 77 63 63 44 30 27 61 38 55 17 58 124 77 81 31 177 19 174 125 99 120 76 51 81 132 162 85 47 58 88 45 163 127 73 55 174 54 152 161 8 48 53 178 157 88 180 140 79 80 129 43 21 62 120 111 113 133 85 6 119 53 8 8 51 133 39 22 145 141 84 108 25 50 112 180 92 116 143 49 117 58 127 58 57 49 95 178 52 44 157 131 66 14 152 144 67 63 177 142 165 58 79 77 145 7 158 40 171 64 149 141 130 21 63 147 123 53 10 160 57 107 118 130 177 19 156 1 116 90 141 66 177 97 151 109 169 34 136 22 37 117 72 43 45 96 165 146 105 144 60 124 70 10 94 62 92 126 11 107 148 120 121 69 129 168 111 7 23 32 59 47 131 38 12 99 113 82 108 68 1 105 78 145 62 147 96 51 74 133 46 127 95 60 143 143 75 119 66 139 72 161 19 137 148 172 92 9 171 75 108 29 141 25 177 33 100 44 141 116 14 68 75 16 96 168 111 58 156 100 107 166 96 34 1 41 141 176 45 147 88 128 133 112 87 49 66 38 78 29 61 70 103 142 29 12 158 90 50 19 158 119 148 62 32 73 163 121 177 77 56 143 59 172 75 158 108 142 66 75 21 145 59 95 26 8 14 174 119 164 147 109 34 153 114 141 64 120 61 60 85 81 77 11 28 171 93 163 86 168 118 171 34 37 79 64 144 160 144 170 45 13 51 150 75 177 88 91 10 131 95 116 79 166 69 68 99 111 107 82 84 20 45 48 87 157 76 56 2 137 142 96 52 156 11 48 118 175 17 63 82 10 91 56 9 39 155 49 127 16 37 110 28 160 51 71 109 70 33 135 159 13 33 59 119 155 53 7 62 4 115 47 4 84 180 152 45 41 161 158 132 165 25 131 37 139 41 78 39 135 90 47 23 117 69 124 176 112 145 89 141 78 153 125 117 99 59 163 174 93 162 130 100 164 171 153 83 120 147 12 59 88 12 6 46 151 108 52 99 1 134 124 97 82 4 107 159 84 4 157 43 6 122 9 91 22 116 36 70 103 60 150 89 31 97 87 120 56 144 84 95 89 148 111 152 44 68 28 131 140 25 80 8 52 108 161 137 109 85 82 145 55 3 56 153 3 90 81 164 60 112 29 32 56 164 152 162 93 140 118 132 146 164 178 168 129 37 43 2 128 166 61 120 30 24 98 112 68 142 146 22 176 55 156 34 142 99 170 125 12 150 95 35 151 55 97 106 143 45 63 179 67 153 23 9 17 18 142 102 50 7 125 146 99 44 16 89 118 4 2 120 108 58 84 27 80 138 13 59 14 24 90 102 117 91 91 134 149 31 118 117 82 145 18 138 69 119 2 143 91 66 10 119 68 101 120 127 21 147 171 145 163 172 147 141 119 60 20 16 105 1 138 148 151 49 172 150 59 32 113 157 103 78 178 137 175 46 5 84 148 149 13 35 60 172 115 11 46 49 39 174 154 139 23 43 32 125 134 98 92 120 11 13 26 65 6 156 138 41 179 115 125 53 66 88 150 8 163 126 88 73 131 144 179 83 45 35 172 17 6 119 159 142 97 116 97 9 116 163 110 55 173 68 175 50 143 85 99 62 67 83 136 106 103 135 16 89 132 166 22 6 90 81 17 40 26 157 34 93 130 138 100 120 37 76 28 9 157 40 97 77 112 15 135 142 133 152 27 76 101 70 100 163 83 152 135 34 130 151 113 60 132 179 41 89 99 84 1 101 5 92 178 42 72 30 48 154 158 171 35 16 34 90 45 25 119 169 121 146 95 13 54 139 85 132 155 53 119 95 18 149 28 134 12 135 136 41 73 28 84 60 92 113 146 56 159 69 8 37 5 99 175 176 114 52 83 180 98 163 33 21 167 15 169 165 112 116 123 56 156 35 85 166 38 10 50 42 172 77 57 171 3 163 15 39 48 51 72 18 74 141 154 144 170 12 70 72 67 66 13 159 177 45 86 146 9 171 175 74 132 88 166 20 4 71 34 25 4 5 110 135 74 173 87 76 117 132 92 150 148 25 1 127 176 119 31 30 43 123 32 88 175 139 96 63 44 24 178 2 27 143 140 120 40 109 72 132 129 41 75 150 35 174 72 97 23 171 130 24 123 1 81 166 48 112 22 83 117 135 153 101 129 79 17 65 87 113 62 155 130 129 65 36 159 139 79 78 155 7 48 89 68 6 66 66 180 111 119 39 81 138 150 4 38 34 16 22 110 34 147 180 44 2 132 32 78 10 163 85 155 102 51 96 43 69 1 71 116 84 33 57 45 155 97 169 178 62 131 92 77 140 160 47 148 74 43 153 78 19
68 118 76 65 25 91 113 113 86 88 93 125 142 142 63 38 56 123 42 115 5 76 72 43 116 153 167 110 71 131 118 115 165 76 171 79 128 102 100 166 3 10 42 76 9 125 32 125 176 163 57 95 55 32 112 25 114 51 176 24 164 167 62 59 144 51 22 49 124 130 116 8 108 162 135 1 34 135 14 72 106 15 100 119 115 155 22 67 17 132 3 82 136 121 112 124 140 13 142 116 143 91 27 159 107 83 174 150 98 44 98 63 16 53 139 155 164 111 142 55 63 33 108 65 130 28 71 72 172 177 56 9 169 49 89 76 174 79 109 171 69 133 73 118 109 106 155 46 161 166 41 178 172 80 53 2 91 38 54 36 29 150 51 22 44 54 175 25 35 71 24 59 133 93 130 1 48 175 147 108 24 88 170 9 40 43 1 52 144 44 166 110 134 104 157 110 178 106 82 23 33 89 127 138 129 142 73 163 128 80 129 12 10 73 8 67 151 145 153 127 5 91 73 64 97 162 127 7 32 139 170 82 76 174 75 167 66 156 69 12 87 132 91 94 3 143 172 35 23 97 81 164 35 24 45 104 93 43 141 164 75 14 29 116 84 45 43 4 66 121 52 94 89 61 94 111 129 1 162 32 26 67 77 9 73 17 172 137 122 175 51 175 150 144 99 160 148 158 141 65 85 91 90 37 169 154 46 163 94 53 43 114 72 58 84 151 109 135 177 121 10 147 42 91 145 170 135 35 113 163 151 153 106 83 167 65 136 107 174 179 48 26 139 18 18 125 51 81 99 71 91 147 148 143 38 82 75 145 121 124 146 161 17 16 166 84 123 127 54 12 8 163 71 56 139 147 50 169 78 11 56 28 113 35 166 79 2 164 15 20 97 167 171 51 68 13 167 152 50 43 176 139 111 76 118 113 145 140 33 155 9 83 74 8 17 37 93 3 140 64 178 27 65 167 6 131 108 8 25 136 123 63 148 162 56 23 12 83 162 130 8 4 82 144 113 166 28 141 78 145 147 98 58 112 41 175 171 168 153 19 92 100 20 44 95 85 97 100 173 162 28 20 90 23 66 41 89 122 68 57 71 94 6 110 138 15 3 75 77 110 83 112 53 54 67 81 102 97 24 128 80 157 35 27 68 118 104 102 21 1 170 145 26 6 150 50 61 64 150 149 140 59 25 7 59 140 96 161 100 180 138 171 26 104 166 131 123 83 71 166 93 10 40 102 143 166 69 73 167 17 116 3 92 34 70 7 167 110 139 66 86 81 73 136 161 79 138 11 161 152 70 139 111 160 107 161 15 146 40 35 105 165 117 68 102 16 9 154 152 56 136 112 64 59 85 37 22 147 53 61 141 88 122 165 103 104 34 89 25 137 135 53 142 94 118 176 121 102 84 13 17 12 17 79 120 64 19 48 16 64 107 93 33 164 86 147 149 54 147 88 94 115 20 93 26 120 65 58 10 126 112 21 45 164 45 52 160 111 174 97 108 171 4 66 34 49 126 159 81 177 49 19 124 126 164 145 40 25 53 60 116 130 41 83 161 62 82 158 57 99 86 161 55 6 53 142 50 145 152 106 173 34 147 59 25 64 176 105 179 174 2 40 140 144 47 131 57 171 75 31 40 9 146 4 128 75 13 62 49 179 99 8 96 173 48 161 98 17 71 115 109 115 133 160 92 11 22 7 24 63 117 81 55 33 62 98 159 123 180 106 3 144 159 179 86 104 36 8 77 115 89 159 112 44 119 36 50 140 29 79 158 173 57 74 11 84 19 19 101 87 169 179 100 9 61 167 175 108 22 37 166 4 147 137 121 148 10 88 56 76 75 142 34 56 179 23 36 164 55 141 158 50 135 76 136 62 139 105 157 47 37 95 97 121 167 161 141 1 88 107 32 95 34 7 45 15 150 28 15 155 73 78 29 170 128 49 23 87 162 73 151 39 59 1 160 50 149 84 1 57 99 126 136 109 131 18 115 24 119 78 67 68 65 87 24 39 38 178 104 159 5 21 81 131 6 69 104 176 67 125 180 104 59 121 46 10 80 152 47 80 50 115 58 157 128 150 55 100 164 85 101 156 131 164 130 56 101 170 60 136 75 79 64 153 42 120 7 162 142 14 86 172 159 165 175 172 29 99 21 22 58 159 88 78 154 48 16 93 3 41 108 101 151 174 8 31 147 112 80 99 117 103 21 69 72 126 42 180 67 14 180 48 38 164 53 56 98 173 176 129 171 99 10 170 153 139 157 86 120 144 143 43 26 140 92 136 79 89 11 10 131 82 178 157 117 136 177 81 60 13 173 166 5 81 34 75 164 155 85 9 57 143 117 175 149 87 89 90 87 97 2 150 34 79 2 73 125 46 119 124 2 129 1 52 101 12 153 38 42 175 164 56 90 156 167 91 118 143 67 22 132 154 76 61 8 46 171 103 69 157 25 122 87 160 133 33 63 158 165 148 114 162 12 89 115 179 162 180 62 156 67 12 26 15 91 15 98 99 32 174 104 85 63 9 99 157 134 85 14 135 93 23 159 132 112 23 151 38 143 127 11 23 150 51 83 34 93 45 4 58 134 179 6 176 39 167 142 111 139 41 180 125 46 178 172 38 110 81 74 154 163 77 8 81 171 58 150 101 97 137 11 36 149 81 115 1 29 153 133 94 165 88 89 93 43 161 50 131 95 170 179 12 75 135 81 94 57 154 163 1 67 145 159 119 45 119 147 173 127 61 75 9 75 121 76 105 57 5 72 145 62 102 108 2 77 91 59 13 115 67 62 35 9 114 50 4 179 39 5 174 168 86 143 142 65 39 57 5 128 179 172 35 152 90 106 47 28 137 142 4 101 138 133 134 123 106 26 114 3 73 19 59 132 165 158 180 102 3 39 119 45 118 68 25 171 165 37 147 85 154 11 112 68 168 93 129 32 171 108 144 165 149 9 110 9 125 44 83 149 149 97 133 46 118 118 119 73 120 113 24 162 20 115 85 1 2 117 46 100 166 99 95 61 59 107 10 99 49 33 126 59 109 88 164 164 136 19 180 136 55 42 162 165 64 147 6 114 121 37 125 19 142 8 31 59 134 18 77 38 26 51 137 40 56 153 111 126 107 99 170 53 179 103 66 60 72 136 172 151 5 9 21 89 176 91 59 132 177 106 161
153 51 27 157 132 95 75 149 90 166 81 10 118 122 142 138 129 172 27 161 163 105 61 125 146 165 45 156 134 32 1 51 68 30 73 42 161 93 70 153 45 17 56 20 22 30 19 122 88 88 69 83 39 166 61 128 3 133 12 145 51 15 110 97 21 46 70 47 10 5 100 24 21 60 167 130 158 163 20 167 72 128 96 41 99 82 45 157 35 149 75 15 176 149 54 16 137 114 134 142 2 104 123 116 113 111 88 132 38 178 101 36 107 149 71 111 32 6 9 37 104 179 135 73 100 92 136 160 25 158 160 131 127 79 153 38 12 126 151 53 42 147 155 38 115 104 24 130 41 80 111 82 79 139 74 112 127 163 107 144 38 113 99 57 106 45 166 152 33 1 154 53 7 84 141 153 83 38 40 60 60 147 88 49 16 114 166 159 164 102 18 33 165 55 123 133 88 36 58 155 168 50 85 139 66 161 165 139 63 160 141 59 73 104 97 142 118 101 126 30 28 99 24 96 8 97 111 103 30 28 29 91 170 176 139 130 53 26 172 143 18 71 101 61 175 85 86 86 14 66 49 47 78 130 75 146 172 15 32 41 143 9 149 68 159 99 134 114 178 137 41 10 74 55 25 146 171 60 83 114 104 5 59 149 139 112 20 98 70 113 162 85 85 43 160 33 5 118 145 56 110 38 174 80 18 113 17 71 74 101 92 119 100 164 2 58 176 98 156 4 4 125 133 83 52 40 171 52 97 9 154 169 37 122 165 138 42 146 170 55 73 179 84 33 136 84 146 84 139 26 6 162 117 94 17 93 103 134 60 37 107 74 117 93 115 145 10 45 167 69 124 136 69 15 121 38 154 87 11 3 164 41 72 83 59 60 175 14 45 136 75 180 180 73 87 13 13 109 101 155 65 108 23 125 44 179 99 1 37 70 76 113 74 70 172 81 109 15 70 31 81 140 108 85 178 130 92 78 169 21 93 11 34 77 132 98 8 47 98 54 12 62 162 81 114 119 116 86 114 135 2 49 1 23 62 138 170 23 158 141 19 104 75 116 119 48 27 85 83 112 71 46 53 37 118 170 143 175 178 76 8 87 22 154 114 12 103 152 129 174 68 35 75 161 49 52 64 114 68 105 51 102 39 104 169 13 50 122 37 80 55 43 97 27 4 85 27 79 126 29 21 6 4 105 142 174 63 71 14 6 143 77 132 136 98 119 72 63 48 136 166 134 82 44 140 54 85 179 44 30 71 100 76 111 46 116 175 2 171 135 150 122 9 130 63 158 43 79 157 111 85 37 139 3 122 122 17 120 67 78 65 11 13 69 154 103 120 153 55 5 168 42 69 59 6 89 168 102 100 141 47 75 158 173 113 119 35 116 33 67 35 95 42 72 12 76 56 141 66 43 146 103 6 44 130 144 125 33 131 41 165 156 179 29 71 114 43 118 108 68 129 49 30 61 162 93 148 144 3 23 4 12 43 2 71 3 69 131 110 174 139 76 166 6 133 130 175 36 30 62 48 127 30 64 109 166 140 110 88 6 62 48 107 126 127 118 59 163 120 60 150 36 150 129 92 26 54 52 140 86 114 2 135 177 32 9 72 19 60 59 69 179 17 109 51 92 86 67 53 82 85 73 57 130 81 8 165 54 22 144 30 71 144 173 95 137 106 64 91 115 58 44 63 41 34 62 92 169 51 95 54 152 152 117 92 7 12 163 151 115 134 41 110 39 77 90 157 47 101 3 8 8 151 3 38 86 131 6 57 109 58 12 110 151 97 75 61 129 69 35 53 14 60 62 64 67 72 73 39 155 179 146 175 54 171 8 96 156 91 3 135 58 43 8 72 176 147 58 6 67 130 131 4 24 103 16 65 147 126 147 59 140 180 140 108 72 16 119 20 121 92 159 178 92 171 108 9 103 39 175 6 156 158 165 107 20 43 34 94 10 24 159 25 154 88 106 28 79 66 37 113 24 178 123 60 103 90 22 1 42 140 88 36 61 47 123 125 88 59 64 175 50 96 1 152 119 47 121 54 143 157 100 70 83 27 178 166 118 13 46 132 109 27 78 104 13 67 93 50 168 145 75 125 152 68 99 111 98 81 34 11 108 120 79 61 132 46 59 53 124 5 12 84 17 35 158 114 121 9 174 172 73 80 100 173 179 75 2 19 7 6 20 169 128 114 153 84 43 44 78 171 37 120 82 20 32 163 76 62 2 119 144 27 60 106 25 96 63 90 21 72 84 153 179 62 147 98 173 140 151 96 171 170 35 66 5 153 112 136 67 157 138 41 74 167 3 152 147 97 64 138 126 109 52 97 27 109 76 47 108 47 25 124 116 177 27 141 90 89 106 33 144 54 171 165 125 1 180 100 13 179 25 109 14 39 70 150 148 58 126 63 56 13 43 71 173 97 131 176 169 22 139 82 14 96 1 153 81 69 178 68 122 49 48 137 35 59 176 163 22 166 13 37 65 145 140 59 5 31 129 54 62 37 91 146 43 26 98 23 178 171 32 141 80 178 34 38 92 33 177 95 45 124 103 32 129 41 124 65 172 160 148 79 53 7 80 83 72 23 118 131 119 79 79 96 49 15 35 151 55 15 177 114 143 132 125 92 161 98 85 109 107 109 34 116 21 175 45 55 143 98 153 39 15 123 154 27 14 12 117 152 111 7 95 8 62 83 69 105 145 32 128 64 131 178 136 57 171 127 139 71 100 165 82 33 148 28 98 7 32 167 85 110 22 177 141 38 64 61 17 12 94 52 109 170 12 106 136 84 123 177 138 129 159 152 147 145 152 21 159 30 134 154 75 107 168 32 94 73 91 98 27 29 96 55 54 95 26 124 61 159 38 64 119 73 62 98 30 59 122 165 65 17 65 135 68 53 105 9 52 113 165 47 52 139 29 28 17 146 152 164 112 172 61 20 155 113 82 5 123 18 146 168 62 28 111 7 8 41 77 120 33 19 141 170 127 180 58 173 30 138 19 83 71 8 129 140 76 104 28 108 153 22 24 120 120 25 54 119 84 47 65 175 58 53 173 15 14 96 124 50 16 42 175 49 39 161 26 139 27 65 115 154 93 65 61 163 141 53 175 79 48 92 178 149 96 43 115 149 75 33 8 32 16 98 137 167 36 59 23 95 57 23 99 71 47 55 75 35 84
179 170 123 23 66 177 73 127 128 164 11 51 86 89 39 20 125 26 75 169 15 52 124 175 180 97 132 37 113 58 93 61 108 94 5 101 51 161 15 153 179 77 46 166 179 123 8 26 135 132 88 94 60 3 70 124 110 94 31 99 175 115 140 179 134 111 114 120 1 112 47 122 103 33 132 57 56 80 128 73 53 60 175 39 29 139 166 110 158 165 90 80 178 167 12 116 174 52 81 129 97 122 35 97 46 39 65 177 35 173 145 139 6 129 131 110 113 176 1 59 179 150 106 119 21 59 132 162 157 130 15 86 70 167 21 18 32 68 72 89 60 91 145 19 128 61 163 98 60 129 174 97 58 94 4 69 64 85 136 9 164 91 174 45 39 123 137 12 89 145 41 138 118 68 124 146 154 178 27 45 46 41 133 33 63 158 17 152 17 2 129 68 77 161 51 68 119 87 14 150 129 85 163 63 74 67 150 151 4 86 134 52 123 1 118 168 17 63 140 152 68 5 88 28 16 34 130 59 4 26 94 43 167 150 26 4 27 110 78 135 18 149 65 126 85 143 92 140 48 80 52 97 164 59 37 105 76 168 166 36 120 167 75 173 112 73 8 71 66 86 167 180 63 72 46 2 96 40 74 8 64 175 102 26 31 14 177 77 17 144 149 26 106 177 1 13 54 107 122 78 136 61 112 49 156 48 37 124 8 126 150 143 85 3 79 16 22 148 111 35 94 167 96 47 145 40 117 134 63 147 43 117 112 101 12 18 15 58 35 125 97 23 151 124 170 89 135 10 59 112 134 14 129 20 139 43 60 149 171 115 126 92 94 48 166 177 115 172 153 83 69 155 171 137 78 41 153 143 107 96 89 78 36 137 114 7 6 122 18 63 169 180 66 116 73 41 154 117 71 143 136 73 148 164 113 29 130 47 58 120 38 110 76 173 87 74 113 76 21 60 131 67 128 91 50 176 23 61 127 9 93 26 20 160 148 150 96 87 159 67 166 11 73 73 158 91 19 111 94 135 130 64 39 47 83 8 56 12 124 104 177 135 157 72 44 51 141 1 139 177 179 162 98 162 19 25 78 36 179 30 167 28 35 2 137 73 93 64 11 70 179 110 41 32 50 164 32 158 99 24 88 157 180 34 20 4 70 122 5 132 14 164 157 94 67 51 164 172 141 56 166 54 81 178 112 23 12 94 100 90 95 134 87 162 123 90 125 49 50 92 123 176 140 174 71 179 4 127 51 89 150 66 102 37 134 21 166 54 135 134 66 125 144 176 100 115 53 56 46 20 8 108 25 176 91 136 136 64 88 155 113 164 113 66 67 36 39 154 117 143 35 143 86 105 101 47 64 70 126 39 50 104 38 42 143 80 102 137 21 134 34 178 160 45 39 170 25 28 68 31 69 94 83 14 49 113 81 61 66 87 113 144 177 153 48 11 19 127 115 35 126 162 39 170 168 91 106 147 13 121 145 131 165 41 30 102 8 119 6 68 155 99 46 105 65 155 97 91 69 7 158 100 3 65 42 108 32 179 123 148 74 56 166 82 7 102 177 141 101 118 57 81 112 37 103 50 149 13 139 20 2 156 118 7 79 65 136 8 166 172 175 128 46 91 52 45 132 161 10 134 76 46 109 29 125 135 43 20 106 33 47 168 99 54 151 34 98 4 55 21 50 19 36 87 109 151 107 132 69 17 70 114 114 16 145 112 28 28 121 128 88 112 73 123 154 31 67 162 121 83 169 142 151 173 127 145 141 170 67 56 179 142 91 55 20 45 124 154 7 120 178 92 27 172 79 34 133 36 73 143 128 124 140 92 81 179 76 180 110 159 170 64 26 35 38 132 7 150 151 17 152 75 103 76 7 25 92 125 78 179 5 38 150 100 113 69 24 163 116 167 130 66 148 15 109 113 107 30 163 111 150 174 105 74 93 39 41 144 14 124 129 111 154 29 143 83 27 142 113 157 58 127 107 33 125 106 109 97 116 13 13 120 168 78 79 46 165 141 88 157 19 121 17 91 89 61 174 23 179 65 60 48 26 15 164 28 163 63 27 162 170 110 94 36 130 175 45 51 159 6 164 142 176 105 61 93 3 131 123 95 109 53 36 110 102 11 138 169 147 110 55 175 35 49 77 96 115 101 164 42 5 132 27 35 12 87 42 77 161 13 23 74 170 26 162 101 78 102 73 72 76 113 2 41 70 168 10 110 137 103 84 10 165 145 33 127 130 29 172 176 27 64 165 63 44 73 15 84 106 160 167 138 44 151 43 41 14 155 105 88 7 131 104 31 154 168 49 120 78 171 122 22 11 56 133 66 144 51 129 169 6 113 109 172 35 93 132 27 31 169 35 53 160 146 73 56 157 16 31 85 104 167 87 27 59 125 42 31 98 70 16 87 87 120 58 141 105 102 169 88 154 41 144 91 94 85 73 111 4 138 118 120 1 176 102 80 78 10 64 32 161 93 56 8 61 44 42 101 83 151 100 27 7 92 104 38 160 17 150 99 118 137 69 20 15 155 126 43 121 93 50 33 143 128 33 106 177 40 143 22 139 8 35 96 118 155 109 105 91 156 117 136 147 81 111 53 175 54 175 162 157 55 7 130 92 100 113 54 168 13 20 50 142 91 177 13 165 114 22 139 127 112 138 96 161 23 112 73 60 116 73 25 14 79 101 91 57 87 37 54 113 114 26 118 118 138 12 5 133 66 132 94 176 112 117 61 17 157 91 4 134 100 68 152 173 167 126 150 12 143 37 90 155 80 93 112 29 8 160 76 42 144 19 18 19 150 12 84 9 25 77 164 12 16 113 71 97 130 48 117 33 104 140 85 16 111 19 33 152 31 154 102 174 93 161 130 56 22 43 96 155 170 161 81 158 155 85 79 8 18 115 80 7 105 57 76 46 136 97 149 172 52 44 34 124 2 25 105 167 81 37 126 132 118 104 68 21 140 139 171 127 28 156 132 145 63 172 67 127 65 134 104 121 66 53 4 96 11 66 163 45 121 38 110 13 117 158 14 84 47 35 20 87 108 57 51 113 63 27 172 174 163 148 39 116 119 49 8 26 116 180 82 20 120 162 87 46 5 123 84 138 163 159 42 180 85 63 78 4 168 101 66 114 49 4 147 104 69 45 25 107 105 62 110 112 34 136 179 29 98
56 63 150 107 144 91 80 12 52 84 140 76 70 138 144 38 144 61 18 171 172 162 39 41 69 106 13 140 18 55 120 119 157 175 91 100 144 159 3 159 108 26 46 121 3 89 49 107 145 98 81 62 42 17 161 16 75 32 15 67 173 45 162 64 9 170 138 4 166 80 28 45 118 45 136 156 32 140 55 157 129 117 78 170 41 87 40 27 15 162 106 41 9 148 135 131 108 6 91 79 82 125 3 119 180 56 51 122 27 169 86 84 174 138 64 125 124 41 176 24 107 96 177 142 137 131 2 158 51 130 87 44 110 104 60 71 151 114 25 26 30 107 51 174 61 34 111 48 84 45 129 27 170 122 118 160 171 31 108 126 72 172 148 174 89 55 165 139 30 75 154 21 178 28 145 155 64 51 37 77 86 44 78 113 101 174 108 83 13 43 36 119 6 122 10 159 11 169 63 127 93 72 126 26 102 4 117 170 175 17 71 44 23 77 58 43 175 140 144 7 54 166 63 126 174 95 85 73 72 141 158 113 93 8 24 8 120 50 127 12 45 59 48 88 3 107 83 86 9 164 175 119 31 109 127 42 73 107 159 153 4 148 144 97 41 22 130 103 123 50 111 111 102 48 164 42 120 63 110 101 92 33 44 32 137 84 138 133 116 46 165 72 39 17 22 120 3 19 163 133 45 71 147 129 78 159 38 24 154 96 90 110 94 97 171 135 94 85 32 85 50 55 79 178 4 175 59 35 60 14 23 96 109 4 167 43 48 5 22 68 157 126 76 79 120 143 56 18 84 169 159 135 170 123 1 36 153 158 62 50 54 42 147 129 134 107 139 41 129 164 133 78 160 83 78 20 141 9 145 160 107 52 29 102 84 158 64 102 178 26 45 2 92 70 58 10 2 21 31 31 65 6 27 77 162 37 14 117 133 21 178 76 117 162 112 129 77 84 137 134 133 122 28 131 29 48 15 5 166 169 97 71 99 88 155 118 40 65 50 72 151 165 47 127 28 141 42 123 64 76 104 19 58 146 173 144 140 160 122 127 18 168 31 3 62 22 25 136 139 127 180 113 153 16 122 94 94 107 52 45 69 33 53 41 139 136 81 8 111 164 84 19 127 116 98 46 82 67 179 23 67 97 31 64 31 111 175 42 110 29 75 66 39 81 165 74 140 1 2 63 138 25 66 116 55 140 30 65 86 123 151 59 28 59 159 121 90 176 129 62 27 99 74 74 124 112 162 5 100 132 128 133 44 173 52 172 21 159 102 62 141 3 152 115 58 133 84 162 120 27 120 56 147 85 79 116 156 72 48 106 90 43 51 167 172 139 176 134 170 20 57 154 58 155 180 173 24 57 132 75 78 23 164 22 133 178 140 110 82 91 28 53 146 141 167 131 124 151 144 102 75 25 158 136 144 63 34 134 176 11 80 60 143 84 87 119 4 160 135 53 22 37 141 172 106 142 152 46 75 128 79 81 160 70 153 111 44 94 141 142 77 16 27 69 80 86 52 130 164 174 108 63 40 149 109 17 2 39 174 163 40 77 73 113 15 15 75 180 62 77 121 76 125 149 49 141 72 84 58 149 157 93 180 173 176 170 63 131 30 69 52 104 3 101 122 71 127 71 82 7 110 174 63 91 106 161 4 80 169 80 37 45 85 67 166 170 2 4 177 83 133 71 175 117 29 82 176 104 74 109 39 94 6 41 156 134 149 118 148 149 86 106 154 17 16 146 135 15 104 25 133 171 40 175 101 20 49 164 103 53 5 105 103 178 6 8 44 72 79 65 153 64 117 155 64 85 112 164 76 75 176 70 10 107 96 121 134 73 102 176 17 12 177 114 177 61 2 179 49 135 2 141 12 50 64 27 51 170 19 48 12 154 116 52 9 3 82 55 67 60 114 155 119 57 70 142 113 105 173 175 154 51 119 156 3 166 46 174 60 92 55 71 33 83 74 37 54 84 20 23 82 87 56 123 171 97 8 140 43 136 126 138 81 144 59 170 58 47 30 91 86 47 156 159 105 123 21 76 80 175 160 179 81 144 31 33 108 80 5 158 34 91 23 43 24 97 35 77 82 173 88 91 1 164 88 94 130 130 49 73 158 142 98 121 94 83 23 62 153 16 34 115 158 35 132 67 7 132 71 147 180 4 65 38 163 76 57 24 155 159 162 20 110 130 59 43 24 155 19 52 59 54 79 168 77 119 131 105 173 131 2 51 84 82 107 58 16 69 2 29 174 39 25 32 4 60 145 150 81 109 163 42 119 33 10 9 8 144 145 94 112 17 172 76 29 58 165 96 97 167 68 51 14 57 25 37 72 176 15 164 143 68 90 166 95 9 167 25 76 120 10 101 154 134 118 61 114 68 99 156 119 104 116 128 87 85 109 89 157 51 174 20 158 153 161 172 21 36 25 22 165 44 135 48 177 22 15 164 145 80 177 22 172 51 39 119 162 17 115 161 140 72 57 38 40 132 88 35 151 75 110 165 37 116 95 6 62 69 82 143 33 121 71 155 174 166 100 124 58 164 59 16 147 18 113 145 131 151 133 134 46 19 73 48 29 102 130 101 160 122 79 175 16 55 74 129 100 31 58 141 139 91 26 55 134 78 86 153 150 97 54 125 129 66 102 68 24 1 47 64 73 126 132 145 48 88 91 34 152 169 149 45 117 51 152 40 69 81 103 20 14 98 6 6 7 121 127 48 137 155 3 161 118 165 41 135 146 108 57 114 146 83 17 59 113 29 81 143 29 91 88 112 129 76 52 2 135 180 69 64 78 169 130 28 6 87 6 12 171 35 158 12 71 61 82 18 27 101 114 148 115 21 131 25 121 13 81 81 17 68 11 87 95 128 77 147 146 109 139 169 41 160 150 23 91 64 121 79 168 91 169 99 64 27 56 16 169 172 91 179 18 126 46 82 72 156 143 116 158 44 15 18 14 40 161 16 180 135 137 114 46 26 151 125 13 11 87 172 61 161 82 56 74 133 149 117 116 72 28 123 105 41 9 118 19 17 171 20 84 1 140 178 10 2 53 91 125 79 90 44 126 145 8 24 31 145 136 90 176 51 125 135 84 106 126 92 119 150 60 179 74 85 55 59 54 173 3 61 77 165 70 130 176 114 83 141 110 24 22 169 147 18 13 167 14 98 157 79 124 74
129 24 162 81 170 22 29 167 156 62 164 70 112 160 31 13 91 135 36 17 76 63 108 180 75 81 143 116 13 44 80 144 71 100 93 137 35 160 61 144 144 23 38 53 52 23 111 89 60 53 55 136 48 90 145 56 64 147 123 131 165 28 120 97 124 35 147 45 149 52 70 34 170 62 144 16 117 52 128 47 129 10 33 129 50 101 180 126 76 96 135 58 117 19 111 178 67 130 59 25 103 134 15 119 17 48 59 58 127 169 15 101 21 45 165 176 175 90 66 13 85 8 75 133 55 38 34 82 21 129 158 70 163 19 149 45 52 140 69 50 136 155 21 43 27 149 162 27 37 2 35 167 15 132 92 149 96 138 27 8 105 150 49 59 121 43 153 127 107 74 159 27 4 75 100 37 9 66 25 107 125 125 64 76 160 153 87 131 106 20 58 69 119 136 124 49 2 41 42 96 52 131 150 112 44 132 140 31 131 34 83 66 38 14 166 40 65 50 71 162 149 7 63 58 136 27 127 36 50 23 135 154 87 24 60 18 95 12 94 25 167 131 105 32 172 141 10 122 133 5 148 149 147 177 114 162 30 62 28 170 163 140 108 19 109 123 40 97 80 149 136 175 80 62 115 19 117 171 52 126 17 8 2 106 152 69 79 176 117 169 81 136 134 76 136 97 133 21 119 28 97 18 81 49 72 12 25 116 123 103 98 40 132 79 51 121 47 83 157 133 63 136 127 153 68 127 127 168 178 145 62 38 64 61 165 74 48 97 91 126 147 57 66 33 153 159 142 49 113 117 69 155 54 25 60 176 149 127 14 38 12 111 158 104 122 111 158 172 20 33 57 98 116 137 165 31 172 8 125 9 73 134 135 3 1 36 113 161 76 105 48 36 158 60 17 98 99 149 87 60 108 88 88 143 92 93 141 87 78 36 134 140 146 22 7 34 88 108 154 71 17 23 79 155 91 40 177 36 75 135 176 88 22 139 45 4 155 97 59 2 87 131 133 120 96 42 121 158 168 169 162 1 71 80 171 113 38 12 151 106 40 88 121 92 86 47 108 76 90 89 96 109 19 164 93 24 79 119 78 104 84 94 40 175 108 104 119 14 138 166 108 82 155 97 77 47 157 110 61 150 177 151 1 84 81 178 15 172 11 108 137 52 172 91 146 170 119 179 132 107 48 52 138 150 48 48 96 9 15 38 120 103 23 10 28 30 84 180 131 49 82 86 25 56 20 59 103 132 123 75 175 114 150 1 94 165 25 161 57 34 61 41 52 177 76 150 38 149 88 174 56 89 151 7 148 26 150 124 103 26 102 68 152 168 55 13 148 30 164 164 90 166 59 117 109 5 65 131 61 100 164 171 159 100 87 161 112 145 160 53 129 6 143 16 20 108 121 146 178 72 86 116 55 42 67 111 128 139 64 150 155 44 164 25 123 7 133 8 146 9 24 111 174 34 6 57 59 71 73 76 10 24 28 116 3 74 152 106 175 14 64 133 28 177 76 11 73 99 89 40 175 146 4 120 180 8 77 138 4 172 111 44 41 40 76 49 56 164 164 157 67 6 55 126 180 73 74 5 143 69 143 34 157 99 57 157 66 34 86 102 40 124 84 116 180 177 9 161 158 58 92 26 97 38 155 26 154 46 95 144 48 25 94 67 169 132 120 136 61 33 115 155 106 24 36 58 117 97 104 180 31 71 113 160 138 145 34 49 39 124 34 65 17 128 56 131 118 127 4 99 25 173 46 64 62 10 22 111 51 13 19 83 82 3 82 10 11 144 84 120 10 30 60 23 166 146 11 69 85 12 111 26 157 56 178 118 47 156 173 4 45 177 65 100 51 136 23 27 33 62 71 94 67 56 26 29 115 123 128 26 96 153 155 51 160 109 160 135 19 94 35 178 99 40 25 65 165 12 126 174 62 19 118 75 176 42 172 96 79 76 28 7 63 122 37 45 176 28 4 70 175 58 121 102 85 139 158 178 20 34 64 103 176 135 111 73 171 144 142 161 85 66 151 86 90 15 108 156 1 78 122 137 23 146 43 84 176 145 23 155 14 60 138 125 138 118 125 119 152 141 74 159 74 179 148 37 76 103 45 173 21 15 53 178 47 121 78 152 168 173 43 28 115 140 11 172 50 55 23 73 68 32 61 132 24 60 147 48 179 100 85 92 9 125 159 18 167 43 65 15 105 112 150 40 52 24 40 15 163 148 89 19 60 27 20 79 155 5 124 97 126 90 165 162 163 17 156 18 17 104 91 145 50 157 44 115 151 104 56 152 53 55 80 133 40 34 108 149 38 122 10 54 50 82 91 103 52 70 99 169 168 134 78 64 100 60 67 126 163 156 75 80 105 42 15 166 134 84 85 46 106 113 21 95 86 73 117 23 168 4 18 132 178 112 126 154 37 71 131 88 88 161 165 146 80 27 124 33 136 149 149 79 25 77 151 140 144 134 84 177 125 98 53 39 32 133 128 110 1 76 166 86 83 66 108 51 132 134 17 7 80 5 95 11 21 144 151 138 10 64 99 45 114 107 158 163 161 41 80 164 149 89 48 139 132 13 141 118 126 168 44 50 3 4 69 77 178 89 104 115 74 37 99 149 102 174 149 47 170 113 175 45 80 130 99 157 135 57 54 10 157 64 124 107 57 42 30 170 47 103 137 57 132 65 70 55 86 28 138 93 13 146 62 74 27 11 30 61 144 141 56 106 174 75 138 90 101 139 133 125 10 134 113 47 133 104 153 107 103 35 29 147 97 14 69 73 162 30 141 145 60 142 91 33 29 146 29 166 6 38 122 66 8 25 49 15 66 176 173 152 71 143 118 68 93 18 26 170 43 50 149 87 19 133 58 71 50 68 164 97 110 18 57 171 49 179 74 174 177 116 164 139 49 47 138 110 7 19 69 54 19 36 165 59 7 70 111 13 68 47 30 39 94 148 49 11 153 99 69 2 168 107 158 142 127 74 148 33 135 49 111 49 137 41 82 43 169 138 5 97 133 52 30 56 74 107 135 89 61 38 81 63 51 76 157 176 135 107 150 135 83 95 76 19 54 14 41 121 13 96 62 21 31 93 106 93 92 9 38 65 91 45 38 102 114 117 7 46 161 45 15 113 167 46 20 145 66 126 33 46 44 125 105 148 152 64 3 131 63 174
109 108 21 34 31 36 118 95 42 22 170 22 114 89 43 51 74 49 158 7 146 122 110 35 162 107 95 6 63 55 130 119 75 153 83 15 23 135 128 91 118 171 40 4 134 58 156 178 88 143 143 33 1 151 152 31 180 174 57 37 6 134 85 59 24 114 150 105 134 115 165 15 170 118 121 104 86 155 24 5 56 69 93 104 92 117 30 16 74 20 109 157 47 18 12 29 145 7 2 73 133 105 173 175 123 127 8 25 14 125 17 156 108 26 131 37 87 61 6 152 1 142 111 114 131 36 45 144 165 40 20 102 102 158 126 58 25 71 162 109 11 29 68 163 62 92 43 120 41 11 69 27 27 115 175 49 163 110 129 104 33 148 69 119 29 169 88 4 25 69 42 123 19 18 168 93 150 171 111 45 73 117 116 84 54 177 133 80 156 69 17 161 38 155 167 84 125 117 17 20 115 11 11 26 167 175 5 152 146 54 22 30 157 144 52 171 79 161 81 175 162 148 79 35 85 119 89 92 114 8 32 76 71 63 151 92 6 137 46 38 26 75 61 9 172 103 87 177 110 4 14 86 164 109 12 70 165 136 145 16 36 148 9 143 11 10 153 178 20 161 18 93 162 58 123 28 119 125 15 65 176 62 102 1 49 175 149 151 164 152 90 92 43 3 71 59 146 40 117 163 110 78 170 90 105 26 65 152 170 139 98 103 93 131 12 113 17 90 6 102 137 99 125 5 10 77 151 118 142 32 166 57 32 159 160 160 105 163 15 58 12 21 103 63 75 6 118 18 136 84 168 30 56 149 146 70 91 154 27 31 64 56 143 88 87 162 134 37 135 178 72 22 123 55 87 104 17 162 154 136 67 22 87 69 62 82 58 42 22 179 66 99 139 137 156 62 128 144 59 155 22 141 87 60 144 170 137 172 124 160 87 69 155 97 158 124 37 65 101 148 137 7 8 110 23 138 50 10 135 65 48 158 120 58 123 24 102 73 152 13 112 31 94 4 126 74 28 114 105 108 79 28 112 68 10 31 14 132 33 152 42 170 58 171 4 106 5 92 96 69 36 19 26 119 164 19 127 161 94 177 160 176 38 178 89 77 138 157 113 91 56 149 112 21 95 18 65 135 173 71 179 68 74 40 23 158 148 86 33 67 14 113 163 141 165 27 151 59 78 45 138 3 110 75 24 142 151 155 158 175 159 124 79 105 74 11 93 75 90 124 87 40 172 103 63 111 121 106 169 35 1 18 77 160 61 113 147 126 74 113 20 44 172 71 143 53 169 87 34 54 177 60 148 111 175 93 170 83 16 151 23 109 78 83 3 48 30 24 22 170 78 103 25 118 24 150 147 18 23 159 173 117 72 92 144 142 176 45 175 98 165 91 13 119 85 119 145 121 178 158 6 153 47 154 43 130 68 56 63 137 62 44 170 152 174 152 23 71 166 119 92 21 129 139 144 144 82 165 120 105 122 68 56 102 162 41 110 36 152 83 48 144 151 83 98 140 93 4 138 64 75 38 41 170 115 2 106 115 61 84 78 68 175 94 61 166 50 69 91 146 157 37 38 27 55 43 54 23 3 141 43 72 107 154 105 110 120 55 172 35 79 110 84 34 103 132 77 134 102 50 147 41 73 59 124 135 89 30 76 52 104 52 8 45 65 68 9 121 32 96 116 11 70 95 127 45 99 63 103 84 29 143 45 106 102 145 158 1 48 29 45 1 173 102 16 33 58 117 125 15 8 83 164 174 113 42 80 46 145 69 80 180 25 35 94 27 35 1 54 42 179 118 98 177 31 60 61 1 40 80 78 159 80 112 123 144 119 15 118 49 69 168 92 36 81 145 145 88 52 121 12 42 126 144 73 31 125 111 92 74 76 154 130 47 158 56 53 101 170 143 52 157 133 171 86 5 64 127 33 101 64 22 145 84 4 168 95 37 159 179 28 90 18 99 3 17 46 30 140 139 67 48 64 178 7 12 3 60 67 25 98 4 22 81 79 128 139 17 65 130 69 54 138 136 121 138 50 160 94 156 138 122 126 96 110 177 1 128 6 139 93 16 20 45 133 44 44 177 107 166 171 19 46 145 37 158 73 18 13 129 9 124 29 99 27 118 6 55 125 180 99 179 77 32 112 53 97 139 142 164 45 116 104 165 7 110 146 21 74 18 146 21 4 164 10 104 114 8 139 136 177 25 78 42 36 145 53 84 129 142 110 23 139 144 98 147 1 156 38 95 109 90 57 117 110 25 32 133 122 33 83 131 121 54 114 137 54 160 144 77 2 113 157 72 7 111 179 14 154 157 117 17 66 157 75 11 29 74 140 176 100 126 106 57 29 36 152 86 110 45 79 75 141 125 76 99 79 42 52 179 112 178 8 86 1 26 24 171 10 26 96 139 14 48 54 23 10 158 81 68 162 84 149 45 173 66 60 139 98 156 177 30 73 17 18 52 114 62 126 127 151 173 73 163 94 52 117 93 120 173 128 87 165 28 46 137 165 30 79 164 109 96 151 109 76 80 111 25 151 54 159 70 113 78 9 109 28 104 152 80 114 103 17 113 55 167 165 70 141 86 88 27 41 107 108 7 108 46 18 180 113 87 148 107 160 9 12 26 99 125 107 46 73 97 51 55 15 55 142 24 76 180 46 98 134 21 9 77 161 26 37 177 156 75 168 41 164 36 148 112 49 179 76 147 172 22 68 73 87 4 97 173 75 130 53 25 147 21 4 159 150 36 167 170 97 85 63 9 109 140 171 87 179 140 35 57 78 65 131 47 46 128 34 85 22 142 8 94 17 70 168 38 16 105 140 177 93 61 56 96 105 165 21 72 18 95 113 105 84 153 180 149 159 133 163 105 86 136 131 42 89 108 112 147 153 13 32 176 166 80 132 47 125 130 116 95 170 71 85 91 53 112 95 164 68 31 176 133 92 177 169 129 72 12 12 93 52 23 30 105 152 86 48 69 118 157 1 162 172 4 51 3 158 11 96 9 51 146 25 89 38 145 159 56 71 137 11 46 100 53 74 97 63 25 84 148 63 69 67 4 96 122 49 56 178 72 93 135 24 121 177 86 29 37 119 138 131 52 172 126 56 111 35 7 7 89 69 116 115 104 35 125 92 17 120 58 142 130 173 176 52 76 21 84 130 132 92 15 180 63
5 7 58 133 115 128 95 84 81 140 50 111 121 44 161 161 149 154 67 94 160 160 19 79 42 153 12 3 75 168 108 30 20 56 132 136 39 119 153 18 26 15 79 127 44 69 124 152 141 28 75 52 134 92 51 136 167 54 13 96 46 47 66 121 164 3 119 104 31 96 75 2 7 24 150 57 88 51 5 35 36 55 126 105 18 98 44 54 17 126 6 149 142 57 62 2 178 40 139 83 67 124 6 62 167 79 177 147 44 105 133 148 78 13 56 28 89 83 169 48 100 117 136 174 133 93 29 42 162 82 61 38 135 70 61 143 160 47 128 12 114 39 71 177 86 127 162 121 24 105 44 125 105 175 64 158 114 30 173 7 128 20 116 134 42 124 63 101 31 163 14 21 3 57 66 28 100 142 13 20 60 24 81 58 21 153 33 140 6 94 29 150 15 179 116 133 105 45 5 165 60 52 118 74 140 4 99 50 147 38 116 34 155 67 143 100 110 85 125 128 66 82 41 100 105 71 179 117 76 118 41 115 16 43 20 77 65 38 5 59 59 116 81 23 39 9 109 143 44 56 169 26 31 80 55 79 6 78 116 136 92 48 52 22 100 129 61 177 39 10 6 110 140 99 125 14 6 133 10 134 151 55 90 20 18 167 8 105 64 35 139 53 30 31 69 70 36 39 83 31 95 122 180 82 30 145 123 86 105 109 180 130 85 93 124 127 130 53 82 118 167 5 49 107 108 135 66 112 43 122 53 142 174 57 115 166 168 71 105 164 27 84 160 129 110 175 156 28 15 41 160 71 131 140 136 133 14 114 114 82 101 31 49 172 38 124 132 146 29 45 38 60 59 66 130 136 61 15 105 86 78 139 103 63 110 63 3 2 62 56 68 83 5 57 82 120 136 174 119 30 21 1 43 81 104 172 5 145 172 131 54 39 16 99 125 135 30 2 162 104 61 12 109 5 25 23 174 165 147 81 6 2 104 59 128 36 83 146 25 89 172 144 114 113 18 149 52 147 164 101 84 147 106 146 66 157 142 68 89 1 176 31 55 141 28 70 71 141 75 10 82 24 154 127 174 77 38 53 96 113 152 30 45 6 46 40 173 128 29 19 81 132 60 39 99 145 35 150 50 157 72 95 179 66 26 52 123 137 3 131 157 141 160 141 102 100 31 118 88 31 165 57 174 59 19 159 119 44 55 177 175 49 134 33 41 4 180 69 44 132 125 34 24 76 51 32 163 41 113 13 131 163 49 127 100 39 151 39 137 105 91 59 50 100 151 120 120 8 40 151 78 51 149 129 11 127 73 58 3 30 135 169 116 23 38 7 89 178 6 147 55 99 93 2 107 109 5 1 43 167 103 143 115 30 82 108 6 106 133 40 74 16 97 124 165 135 126 115 119 53 122 173 32 179 115 86 174 152 92 10 144 113 31 90 109 86 46 93 56 73 157 115 75 87 118 83 92 157 126 137 58 128 153 94 111 93 128 137 123 41 137 129 139 7 169 105 153 178 145 35 69 88 138 52 159 170 154 164 75 166 103 87 15 143 51 29 94 33 147 88 4 74 145 138 167 16 162 49 33 124 21 118 88 69 114 142 58 82 40 114 63 55 129 115 9 48 125 106 137 70 93 58 8 116 67 18 84 51 10 43 86 64 81 50 134 85 178 83 44 135 20 6 23 154 107 76 109 29 4 96 97 152 116 78 28 78 104 58 138 51 90 140 156 66 148 40 88 154 35 6 135 98 160 33 70 153 53 108 68 111 93 141 11 46 25 81 32 79 76 112 154 31 120 26 155 147 17 34 115 82 177 134 9 92 5 117 106 96 103 145 81 39 80 161 70 72 39 105 75 94 21 104 66 78 74 94 144 104 105 51 154 28 163 71 16 45 64 141 2 10 31 172 155 110 11 25 166 87 147 152 46 154 130 142 56 163 162 55 86 128 39 42 169 51 53 136 36 58 23 179 124 69 144 62 108 152 179 61 142 80 65 155 153 40 128 28 94 81 20 10 93 123 22 114 79 156 55 171 100 36 125 149 143 5 110 48 76 100 91 93 117 34 27 120 13 5 10 42 70 114 109 176 44 91 29 147 11 148 47 148 172 172 111 147 109 53 165 2 146 80 125 149 76 162 73 140 39 18 175 74 145 134 152 82 10 96 153 160 9 53 144 2 178 74 102 142 38 90 42 20 48 73 19 113 24 179 154 177 2 54 128 19 76 13 52 11 92 13 62 140 44 68 113 125 168 139 117 172 118 53 19 58 40 64 176 113 84 132 27 137 152 68 72 173 85 94 26 32 102 25 179 120 111 90 67 161 146 69 56 64 119 146 61 80 92 57 90 87 84 14 172 29 13 53 70 178 121 127 68 75 91 132 4 152 49 126 86 53 59 177 86 78 17 137 76 9 7 72 22 77 136 86 124 41 171 68 92 116 147 179 67 93 159 180 27 22 76 2 7 36 1 161 142 32 149 81 153 66 36 81 91 33 154 26 8 28 142 45 96 78 140 124 11 3 49 104 32 176 57 176 154 151 76 108 80 177 30 113 98 158 79 131 160 14 93 48 49 86 109 41 170 90 42 82 48 19 113 53 66 76 137 134 6 118 84 179 33 111 3 145 163 5 29 55 3 94 62 68 44 107 71 46 12 20 112 178 89 130 119 65 175 134 144 52 127 166 137 15 38 58 102 63 29 59 125 156 146 14 57 142 118 141 81 85 49 6 150 118 53 134 152 26 59 70 152 87 53 116 126 10 11 93 144 150 38 110 169 54 35 171 10 108 123 90 99 110 58 130 3 90 155 173 100 1 28 136 50 70 175 140 85 7 74 177 175 122 158 71 1 58 154 158 131 130 61 150 110 180 152 172 163 7 56 142 177 172 64 37 65 76 85 92 26 35 123 31 30 67 174 63 78 143 65 180 142 131 145 73 2 136 134 19 76 6 150 98 109 60 179 128 21 42 179 17 146 141 11 174 87 5 98 68 144 49 107 89 111 137 124 34 117 115 96 76 52 61 125 80 66 34 108 116 176 175 52 56 75 101 86 157 59 53 40 107 60 105 95 36 57 105 106 144 37 30 127 108 169 119 86 138 58 69 97 106 173 77 165 144 85 167 23 74 130 89 125 178 44 137 54 77 93 46 62 165 69 171 38 42 147 48
35 57 86 110 27 143 41 47 99 94 139 131 67 78 4 100 128 87 108 11 129 39 45 32 163 69 132 81 60 162 110 107 57 117 30 146 20 118 27 34 92 15 171 159 108 105 127 145 36 35 99 55 155 71 153 41 111 164 149 84 144 14 27 144 36 64 64 20 104 12 22 101 4 21 17 126 177 58 162 161 19 176 71 114 171 6 96 129 142 79 20 1 165 68 116 75 35 24 146 112 51 7 139 39 64 27 161 11 63 170 93 158 45 134 128 17 118 67 7 40 156 74 109 133 117 172 151 141 6 40 74 51 133 107 95 84 30 78 164 124 136 108 130 81 142 96 125 48 101 172 118 37 31 99 37 80 115 175 65 70 49 5 175 28 104 50 47 53 121 133 43 62 124 127 19 45 11 3 148 125 136 83 132 16 107 75 103 59 52 29 9 115 7 123 48 53 54 45 161 20 139 25 152 95 134 155 137 104 123 43 68 21 111 101 176 131 119 18 109 135 94 139 92 92 52 169 92 112 22 109 70 163 21 97 170 141 61 67 110 92 22 104 126 162 29 106 5 38 163 59 166 165 71 142 72 97 119 119 80 43 108 124 149 157 146 165 139 93 162 165 97 4 154 94 150 11 121 93 7 127 32 137 126 10 122 15 19 43 102 129 12 17 18 39 142 105 99 133 8 141 157 21 6 41 160 152 133 78 119 27 8 55 103 64 2 33 106 27 87 64 40 20 146 70 119 57 17 140 163 15 66 148 104 130 66 151 47 11 140 67 14 127 23 45 4 63 168 71 69 57 39 22 11 37 100 9 85 98 104 171 1 94 10 7 46 100 8 14 133 5 94 179 11 33 111 133 35 162 144 114 139 37 54 123 126 109 116 152 23 32 121 92 151 47 115 157 171 131 33 118 134 99 51 144 41 32 20 36 84 68 12 34 55 72 154 177 135 115 3 101 68 65 31 38 106 20 78 142 3 148 6 80 98 42 27 5 168 144 58 21 107 66 24 31 88 73 141 144 47 100 91 164 56 168 29 106 61 119 21 137 39 19 156 130 26 167 166 148 77 6 130 154 103 145 51 28 178 62 25 123 138 75 63 36 110 121 164 86 113 124 109 60 76 125 46 105 78 14 156 126 154 41 50 112 81 53 8 125 148 87 119 75 90 76 111 96 53 33 114 12 48 157 5 56 45 7 68 114 57 27 16 11 139 11 142 92 99 127 40 33 20 155 146 24 143 131 90 143 53 34 45 60 121 143 130 15 49 156 71 14 117 174 63 10 81 140 89 36 20 163 144 27 25 14 56 33 138 3 35 15 119 45 152 115 78 123 99 115 131 132 158 128 62 24 70 89 153 60 105 132 168 25 163 180 88 45 65 72 6 125 109 100 103 57 89 116 144 93 167 110 137 130 115 177 156 51 104 42 134 74 18 20 118 84 88 41 62 160 100 142 51 76 100 139 157 25 120 42 47 18 61 21 174 37 79 62 57 102 128 130 135 137 170 43 20 19 78 42 87 4 74 15 6 31 101 52 81 135 135 33 20 132 88 58 147 122 109 19 110 4 68 95 136 21 84 131 59 18 23 37 64 88 30 63 81 94 143 148 23 137 121 166 26 36 129 70 156 159 148 173 34 39 9 27 79 61 73 14 29 11 161 171 77 157 38 18 140 147 72 166 143 52 56 118 69 107 157 171 132 27 74 91 14 159 86 56 31 10 149 108 133 176 179 156 150 132 67 45 90 48 9 3 129 23 67 96 136 109 135 41 148 80 110 33 24 174 137 95 86 146 106 56 29 150 127 71 58 7 146 79 77 137 138 152 103 61 29 170 70 133 148 66 3 93 85 151 151 118 97 21 10 54 176 31 108 158 35 93 167 134 174 124 21 119 30 8 65 139 84 17 121 105 62 119 103 142 51 106 127 31 162 74 130 67 176 150 63 136 39 64 83 87 3 55 56 73 54 103 153 38 52 145 105 47 124 141 153 180 129 41 157 152 92 128 87 65 163 132 48 136 89 46 29 141 53 47 4 55 46 117 102 18 110 158 157 18 85 8 91 84 91 73 55 57 47 171 76 36 33 36 45 62 143 52 67 89 80 45 52 33 165 36 166 93 46 79 122 32 152 10 61 2 9 121 151 8 121 114 23 143 130 167 59 162 134 46 22 22 115 92 86 151 38 28 89 50 20 50 126 6 81 53 12 92 56 148 160 62 53 57 14 159 152 39 9 55 66 120 58 175 101 61 138 58 101 45 165 140 63 144 20 91 71 111 135 7 102 176 135 13 111 163 93 6 90 69 155 115 178 106 79 4 118 54 108 34 53 88 154 81 8 122 113 110 108 27 129 147 97 142 21 63 165 69 120 167 13 73 40 133 72 65 28 90 131 180 25 135 122 118 26 166 90 64 89 54 173 81 121 126 180 57 85 9 86 171 73 52 179 153 130 165 66 7 163 115 137 101 174 157 74 137 13 136 10 31 20 11 83 54 20 75 62 24 126 137 22 106 68 145 143 158 159 155 120 43 137 167 27 153 7 34 179 114 172 109 134 19 7 49 61 33 126 36 96 147 134 105 69 13 173 59 41 21 172 89 60 17 113 8 145 98 75 158 55 90 71 36 165 169 37 11 135 140 31 137 23 87 6 107 152 155 25 77 19 48 44 3 113 16 68 54 90 51 76 70 3 72 54 151 49 173 56 33 52 95 170 110 14 98 178 56 43 20 47 174 158 14 66 165 90 171 93 144 124 80 55 27 80 169 78 31 55 164 85 156 122 70 17 86 66 140 56 108 62 97 73 119 135 99 22 30 48 90 92 17 97 37 52 24 157 158 41 103 125 91 89 100 177 121 37 14 17 64 18 106 176 34 154 92 38 150 16 107 75 87 166 121 111 56 8 76 94 7 170 25 84 41 133 156 20 129 156 91 123 100 104 113 104 73 61 17 60 105 20 101 106 47 123 159 32 163 171 99 47 27 116 119 164 152 134 111 29 160 72 153 150 136 132 15 6 160 124 49 64 15 108 88 150 151 179 165 180 25 25 112 107 68 22 100 73 22 65 156 147 83 57 71 112 96 120 126 28 52 147 47 41 149 92 146 37 154 53 109 101 96 53 86 166 117 94 46 143 42 172 87 167 128 112 124 38 168 89 71 6 98 84 49 97 1
125 120 149 52 112 33 110 17 161 44 143 170 7 117 27 54 48 78 125 76 104 20 74 129 14 144 71 172 149 1 179 19 31 39 62 42 132 50 61 163 158 19 154 23 25 68 155 52 105 131 81 89 157 126 39 37 127 129 161 118 65 98 58 178 27 20 10 16 166 63 115 177 141 27 11 84 145 64 74 104 126 24 126 40 118 102 18 121 23 177 50 9 17 38 91 142 145 135 129 136 49 138 27 70 178 148 26 6 147 95 97 176 154 23 113 97 154 67 169 169 130 26 155 32 148 106 121 87 175 179 40 24 176 53 122 79 118 150 116 127 129 134 132 163 153 21 60 27 33 4 116 65 79 37 120 51 163 40 92 178 148 1 40 61 9 178 85 60 51 156 100 106 142 131 136 20 161 60 51 119 151 80 83 13 53 65 153 3 170 171 8 6 111 96 13 38 28 61 29 64 4 168 63 122 136 85 100 134 94 115 82 139 41 148 3 18 167 123 156 74 175 113 62 80 106 49 122 101 41 2 86 148 133 24 41 173 156 75 83 148 51 167 67 117 99 145 76 2 132 72 32 173 121 32 128 137 11 144 3 131 106 8 104 143 1 25 62 130 50 29 150 12 126 104 20 15 137 98 14 24 75 67 148 72 18 30 125 77 86 33 16 13 33 160 120 102 65 24 1 96 169 37 30 84 149 179 1 168 96 80 138 16 58 92 33 18 104 142 15 64 33 53 45 94 168 40 96 80 70 179 24 160 113 38 110 170 130 160 112 89 177 93 3 100 15 170 180 146 135 58 45 3 137 127 75 52 7 156 178 75 57 166 86 42 162 4 112 13 47 144 179 143 155 130 71 168 49 157 93 178 121 125 167 177 88 162 106 146 137 155 98 159 56 67 128 60 10 17 2 126 146 103 52 17 115 47 55 93 75 130 51 123 87 95 175 42 126 136 47 79 60 152 78 4 6 55 80 24 7 86 143 95 86 132 87 2 131 140 38 146 159 126 135 129 74 44 67 14 79 160 123 46 18 172 25 57 159 42 164 14 103 106 159 93 18 80 25 141 48 30 105 150 167 174 48 40 163 78 22 27 110 50 84 159 101 150 120 26 80 165 168 173 142 26 179 66 104 84 172 74 3 116 22 155 118 84 56 120 83 46 56 102 95 102 131 35 171 26 46 108 118 37 148 48 130 112 145 165 125 85 169 8 168 134 167 4 119 14 12 51 28 4 69 126 25 175 180 146 120 124 120 105 80 175 106 104 4 80 126 60 71 168 26 128 2 135 39 120 106 105 83 79 106 114 94 15 3 65 161 175 81 44 172 107 33 117 16 58 59 71 77 111 42 76 165 103 17 7 28 6 151 92 112 30 31 9 51 120 12 118 92 170 166 176 105 89 28 10 10 21 137 65 33 43 67 40 148 42 19 163 38 7 2 124 129 17 94 31 13 58 108 80 102 180 26 141 63 180 170 158 145 89 172 82 65 73 39 155 152 20 160 85 164 85 142 37 122 34 146 66 172 150 1 39 58 170 51 28 64 128 144 52 7 132 36 6 49 113 46 170 40 59 133 168 4 94 41 65 12 50 18 167 97 6 78 162 25 21 10 116 123 166 90 42 35 88 66 69 39 26 157 31 180 3 105 150 84 83 144 38 96 54 117 132 165 33 58 130 177 143 91 96 141 153 119 81 13 1 68 154 67 157 43 5 141 174 27 156 49 55 72 87 150 32 74 32 68 106 102 165 33 113 120 32 141 50 144 77 29 10 112 118 20 87 98 151 70 180 170 64 22 118 143 165 146 99 127 142 38 168 171 10 11 59 175 81 46 24 60 79 85 177 63 134 17 156 91 90 116 105 123 42 23 42 104 76 73 107 20 124 17 36 141 89 89 94 35 149 89 18 21 85 51 178 171 46 104 61 143 148 90 143 146 13 109 21 98 4 103 85 118 74 87 62 132 139 111 61 116 31 116 20 100 174 43 128 12 64 57 64 96 110 63 120 146 157 170 169 52 52 70 7 65 180 130 118 1 57 163 179 80 73 8 100 113 120 175 157 5 58 32 102 159 171 61 123 50 155 160 67 46 42 81 32 111 125 45 145 41 39 18 144 120 24 156 66 74 44 127 78 8 53 29 145 129 91 155 81 128 130 60 149 38 177 8 40 49 50 3 21 12 175 3 74 132 147 68 53 162 90 176 118 61 172 128 47 138 162 65 106 117 22 131 132 97 23 72 52 176 45 146 75 159 154 117 100 164 85 46 22 77 124 21 93 110 35 169 108 81 180 140 63 139 20 65 47 114 22 161 57 40 56 134 170 77 43 90 24 124 43 50 65 131 71 128 92 55 34 9 58 74 45 128 75 168 147 100 134 99 46 1 98 119 130 2 122 14 92 125 127 140 92 41 16 26 38 63 146 87 52 7 62 123 68 82 45 122 64 34 145 37 41 5 30 14 45 18 8 172 140 10 6 33 97 87 143 144 20 89 126 113 144 27 45 94 103 145 32 26 17 162 91 127 98 88 7 119 149 34 69 167 13 158 81 49 90 126 170 62 165 72 177 143 43 143 169 104 16 112 6 147 56 102 122 80 106 100 133 24 27 116 99 67 146 35 98 9 15 3 158 86 20 106 46 56 79 91 30 167 67 74 160 90 83 141 91 29 165 68 18 115 76 106 77 102 109 135 123 42 117 52 106 111 175 67 40 177 12 116 143 127 42 39 33 81 25 113 74 11 7 85 68 13 56 40 28 43 145 149 84 26 159 85 87 44 76 94 8 44 95 153 128 9 35 61 111 47 100 52 90 103 112 89 13 162 122 4 124 116 96 35 14 124 79 26 112 179 121 88 160 127 74 171 31 93 101 18 176 72 31 52 106 78 28 72 150 59 14 68 27 140 15 32 101 73 5 113 57 127 45 170 95 39 127 69 82 122 92 64 141 24 62 17 11 61 59 101 131 7 82 91 111 38 25 48 41 99 50 106 7 34 88 73 134 22 71 63 113 145 2 15 87 127 143 156 125 104 26 134 95 39 23 23 22 26 55 37 27 3 151 65 140 172 174 21 32 149 135 176 158 92 101 154 88 47 21 129 67 125 178 13 120 76 102 47 141 155 165 97 91 117 160 157 101 145 25 50 22 138 104 121 56 150 74 123 31 180 44 53 1
0.4
0.3
0.2
0.2
0.2
0.4
0.3
0.2
0.3
0.4
0.2
0.4
0.3
0.4
0.3
0.2
0.3
0.2
0.3
0.3
0.3
0.3
0.2
0.3
0.2
0.2
0.4
0.2
0.3
0.3
0.4
0.3
0.3
0.4
0.3
0.3
0.3
0.2
0.3
0.3
0.3
0.4
0.3
0.3
0.4
0.2
0.2
0.4
0.3
0.3
0.2
0.2
0.3
0.2
0.4
0.3
0.3
0.3
0.3
0.3
0.2
0.2
0.3
0.3
0.2
0.3
0.2
0.3
0.3
0.2
0.3
0.3
0.3
0.2
0.2
0.3
0.2
0.2
0.4
0.4
0.3
0.3
0.3
0.2
0.3
0.4
0.4
0.2
0.3
0.3
0.3
0.2
0.4
0.3
0.4
0.3
0.3
0.2
0.2
0.3
0.3
0.4
0.3
0.3
0.2
0.4
0.2
0.2
0.3
0.3
0.3
0.2
0.4
0.4
0.3
0.3
0.3
0.3
0.3
0.4
0.3
0.3
0.4
0.2
0.4
0.3
0.3
0.4
0.3
0.2
0.4
0.3
0.3
0.3
0.2
0.4
0.2
0.3
0.3
0.2
0.4
0.4
0.2
0.2
0.3
0.3
0.4
0.3
0.2
0.4
0.3
0.2
0.2
0.4
0.4
0.3
0.2
0.2
0.3
0.3
0.2
0.3
0.4
0.2
0.4
0.3
0.2
0.4
0.4
0.3
0.3
0.4
0.3
0.3
0.3
0.2
0.3
0.2
0.4
0.4
0.3
0.3
0.2
0.4
0.3
0.3
0.3
0.2
0.2
0.2
