80 12
15
22835
22580
22322
21557
23101
22128
21834
24221
21553
22787
21577
24232
21732
21782
22198
2.2 65.6 453.6 2
4.6 65.3 205 2.3
4.9 66.6 894.3 1.5
3 24.5 512 2.3
4.4 36 747.8 2.3
2.4 17.3 121.4 2.1
1.6 35.1 585.3 2.3
3.2 57.2 416.2 1.8
3 48.8 774.7 2.1
4.4 38.8 114.2 1.8
3.4 20.5 263.8 2.2
2.6 37.5 608.6 1.8
2.6 47.9 524.1 2.5
3 41 376.1 1.8
2 60.2 887 1.5
3 32.5 809.9 2.3
3.2 30.4 517.1 1.7
4.2 64.5 470.3 2.5
4.5 59.1 224.7 1.8
1.8 47.7 783.4 1.7
4.7 50.3 873.4 1.6
2.9 29.1 634.6 1.6
1.9 58.1 449 1.8
1.6 16 151 1.9
4.4 42.7 749.6 2
4.8 54.8 97.4 2.2
3.5 74 379.3 2.3
3.4 18.5 758.4 1.9
4.1 39.7 136.1 1.8
2.3 22.3 930.2 1.6
3.9 25.6 125.1 2.1
4.1 63.1 663 1.9
1.2 36.9 197.6 2.2
3.2 15.4 725.9 1.6
3.4 49.4 565.5 2.4
1.9 22.3 598.3 1.9
3.8 35.3 86.5 2
2.6 34.4 516.7 2.5
1.7 31.4 944.8 1.9
1.5 48.1 621 1.9
2.2 16.7 161.3 2.2
3.6 63 632.7 2
4.1 29.8 573.3 1.5
2.4 19.6 66.7 1.6
4.6 64.4 436.7 2
1.7 69.9 476.7 1.6
4.7 35.4 246.7 2.3
1.1 15.4 602.6 2
1.9 18.2 679.3 2.2
3.8 20.5 538.1 2.2
2.8 69.8 371.4 2.3
4.1 57.4 523.9 2.5
1.4 18 158.7 2.1
1.2 46 397.8 1.6
1.9 61.4 254.1 2.4
3.7 54.1 899.2 2.4
1.3 73.6 500.3 2.2
3.7 56.2 74.4 2.2
3.5 73.7 136.9 1.5
3.1 25.8 502.7 2.3
1.1 16.9 233.2 1.6
2.7 20.8 588.7 2.3
1.1 40.9 115.2 2.1
2.7 27.6 217.4 2
3.6 48.5 320.9 2.4
3.1 52.9 332.9 2.3
3.6 42.3 648.1 1.7
2.1 21.1 937.8 2.5
4 64 619.3 2
2.1 35 795.4 1.9
2.9 49.1 298.6 1.7
2.4 65.7 592.3 1.8
2.3 68.9 452.2 2.3
2.3 42.2 536.2 2.5
4.2 40.4 592.8 2.5
2.8 51.3 786.9 1.9
3.8 47.2 441.2 2.3
4.3 27.9 844.9 1.9
3.8 63 329.9 2.1
1.3 48.6 917.3 1.5
2.4 15.1 105.9 1.7
4.2 46.7 784.7 2.4
2.5 41.6 471.1 2
4.7 68.6 863.7 2.4
4.1 62.7 526.1 2.1
3.2 15 109.3 1.6
1.5 31.6 528.5 1.6
2 50 77.9 1.9
2.7 55.7 485.8 1.9
2.6 39.8 159.1 1.8
1.5 70.3 713.3 1.6
2 16.3 690.8 1.6
1.5 64.1 705.3 2
1 67.8 136 1.7
2.2 41.2 789.5 1.9
4.5 70.6 478.4 2.5
1.6 37.7 573.2 1.5
3.2 29.3 556.7 1.6
3.4 64.4 577 2.2
1.3 22.3 903.3 2.2
3 74.5 750.9 2.5
3.6 69.8 533.1 2
4.4 66.9 66.5 2.4
3.8 57.8 150.4 2.5
4.7 46.1 629.4 2.2
4.3 25 612.7 1.7
4.8 69.8 81.6 2
2 64.3 575 1.8
1.3 52.3 513.8 1.9
3.3 15.1 117.4 2.2
4.5 37 854.1 1.9
4.3 71.9 123.4 2.1
2.7 55.4 704.7 2.4
3.6 38.1 629.2 1.9
1.2 49.2 54.8 2.4
3.6 19.4 369.5 1.7
3.2 58.6 421.1 1.7
4.3 50.9 827.5 1.6
2.1 46.5 524.4 1.8
3.6 16 617.3 1.5
2 64 578.6 1.7
4.5 31.2 455.5 2.1
1.3 23.1 896.7 1.6
4 54.2 401.1 1.9
4.8 22 475.1 2.3
2.4 70.9 740 2.4
2.2 38.7 101.3 1.6
2.3 21.9 576.1 2.2
1.1 73.3 756.5 2.3
4 69.4 892.9 2.4
1.2 61.9 251.6 1.7
3.5 66.6 631.6 2.3
2.2 19.3 425.1 1.5
4.8 29.6 110.3 1.6
2.6 44.4 748.8 2.2
4.8 50.7 718.9 2.1
3.6 46.4 688.1 1.7
1.1 68.1 539.2 2.3
1.2 65.9 114.5 2.2
2.3 63.4 433 2.2
4.9 62.7 304.5 1.9
3.9 53.1 417.3 2.3
1.3 67.2 166.4 2.1
1.9 36.3 88.3 1.8
2.3 73.9 836.5 1.5
2.3 46 466.4 2.1
2.8 29.9 467.4 1.9
4.9 38.5 790.1 1.7
3.4 34.7 344.3 2.1
2.1 27.1 405 1.8
4 26.7 215.7 2
2.2 15.5 451.5 2.2
3.2 44.9 606.3 1.7
1.7 49.9 483.6 2.3
4.8 73.6 149.3 1.5
2 25.6 498.6 1.7
4.3 31.5 291.5 2.4
2.3 72 824 1.6
4.3 16.3 743 2.2
1.1 47.1 855.4 1.7
3.6 35.6 872.1 2
2.7 64.3 229.1 2.1
4 62.5 603.2 1.9
2 32.6 184 2.1
3.8 25 499.6 2.4
3.5 63 633 2.3
5 55 86.9 2
2.1 56.8 783.3 1.6
4 63.7 440 2
1.4 17.2 251.1 1.7
1.7 25.3 72.6 1.5
3.2 22.7 262.3 2
4.3 20.7 232.7 2.1
4.7 49 330 2.5
2.6 26.8 844.6 1.9
2.8 38 648.8 1.8
1.6 21.9 819.2 2.5
5 15.5 804.3 2.2
1.8 21.3 763.9 2.4
1.1 16.2 57.1 2.4
1.6 40.1 829.9 2.2
3.3 73.2 811.2 2
2.3 74.8 51.3 1.7
4.8 61.4 906.2 1.7
2.2 33.6 502.5 1.7
2.9 51.1 659.6 1.7
1.5 38 287 1.6
2.5 61.5 841 2
2.3 44.3 803.2 2
1.3 36.4 207.3 1.7
1.6 31.6 425 2.2
4.7 23.2 428.3 1.6
4.3 68 479.9 1.6
2.3 62.5 235.9 2.1
2.6 19.1 50.9 2
4.8 18.1 421.4 2.3
4.1 28.7 603.4 2.5
1 70.4 58.9 1.6
4.6 56.2 262.4 2
2.1 56.1 72.9 1.6
1.6 31.3 167.6 1.9
3.3 55.3 286 1.5
2.3 68 616 2.4
1.6 73 692.1 2.1
3.2 48.5 417.3 1.6
2.2 41.7 442.3 2
4.5 56.8 598.6 1.8
2.7 66.1 577.7 1.8
1.8 37.1 785.8 1.7
3.5 56 796.1 2.4
4.9 44.5 335.5 1.9
1.2 50.6 862.3 2.5
4.5 50.1 639.6 1.7
2.3 73.7 212.7 1.6
2 24.7 736.3 2.1
4.6 56.1 917.9 1.9
2.8 59.1 152.4 1.6
2.5 65 194.4 2
2.3 65.3 734.1 1.7
1.3 21.1 91.2 2.1
2.5 56.7 843.1 2.5
1.9 52.7 485.7 1.5
1.9 63.6 452.8 1.8
3.2 16.2 731.7 1.9
5 52.8 221.2 2.1
3.3 28.8 528.3 2.3
3.2 49.1 749.7 2.5
4.6 43.4 299.5 1.8
2.6 46.9 88.2 1.8
1.8 25.2 470.3 1.7
4.5 35.9 494.3 1.7
3.5 60.5 52.3 2.4
3.7 23.1 658.7 2.3
4.3 71.4 654.1 1.8
2.8 19.7 796 2.5
1.6 28.4 528.7 2.1
3.1 56.6 396.7 2.3
4.5 64.4 875.4 1.9
1.7 61.7 804.9 2.1
1.4 43.4 508.5 2.2
2.6 72.7 877.3 1.9
3.1 46.7 735.1 1.9
3.7 73.7 646.7 2.1
3.6 64.5 463 2
2.6 33.8 136.3 2.3
1.2 50 201.2 1.9
4.8 57.4 581.3 2
4.1 56.4 687.2 2
1.7 28.1 229.5 1.7
1.2 70.5 235.6 2.1
1.4 29.5 654.5 1.6
3.9 35.2 751.6 1.8
2.6 67.6 81.4 2.2
2.7 29.8 123.4 1.7
4.9 33.9 884.4 1.9
2.5 56.2 391.1 1.5
2.3 62.5 839.4 2.3
3.2 51.1 592.9 2.1
3.9 45.3 690.8 2.4
3 74.7 504.5 2.1
2.8 37.1 791 1.9
1.5 57.5 308.8 2.1
1.5 31.5 266.3 2.4
1.2 51 502.8 1.5
2.3 53.7 207.2 1.7
3 38.4 941.4 1.8
4.4 44.9 110.8 2
1.5 40.7 938.6 1.6
3 49.4 857.7 2
2.5 62.9 586.5 1.5
4.6 59.4 570.1 2.1
3 29.3 300.2 1.7
4.2 34.1 445.1 1.7
2.2 42.9 164.3 2
1.7 18 168.6 1.5
4.6 42.6 911.8 2
3.3 20.6 113.5 1.9
1.7 74.5 476.9 2.3
3.7 63.6 692.1 2.2
1.6 32.1 555.2 2.4
2.9 31 718.9 1.7
1.8 40.2 654.6 2.3
3.6 61.3 755.1 2.5
3.2 69.8 240.5 1.9
1.8 27.7 420.1 2.2
1.5 47.1 237.7 2.1
4.2 47.1 72.7 1.9
2.9 70.9 506.3 1.8
3.1 63.5 667 2
3.9 65.9 457.9 1.5
4 40.4 692.3 2.1
1.6 19.8 779.2 1.7
3.3 43.9 584.4 2.1
1.8 58.1 238.7 2.4
4.2 46.3 678.3 1.6
1.7 27.4 276.9 2.4
2.1 51.4 150.1 2.4
2.2 62.7 865.5 2.2
4.7 26.2 778.4 1.8
1.9 52.8 378.7 2.2
1.1 48.9 218.3 2
3.7 34 553.1 1.6
1.2 60.2 832.3 1.8
4.6 67.3 321.4 1.8
3 56.3 307.8 2.3
3.7 20.1 282.3 1.9
3.4 19.7 579.3 2
1.1 68 866.2 2
1.1 65.1 367.9 2.5
2.8 60.8 696.4 2.4
3.2 26.8 297.8 2.4
2.8 26.9 762.2 1.9
3.3 52.5 665.5 2.2
2.2 25.6 566.6 2.4
4.4 39.1 58.4 1.8
4.2 53.3 509.4 2
2.2 35.7 562.3 2.2
3.9 70.6 71.6 1.7
4.8 38.3 463 2.1
2.1 27.5 794.7 2.2
3.9 71 629.6 2.4
4.5 46.3 920.7 1.6
3.5 58.7 123.7 2.3
2.6 45.4 372.6 2.3
2.5 57.1 675.1 2.4
1.7 40.4 664 2.1
2.2 51.3 309.3 1.6
4.6 30.4 371.4 2.2
1.4 61.8 916 1.7
1.6 72.9 406.2 1.6
3.8 50.3 512.6 2
1.5 27.9 213.7 1.8
1.5 67.2 87.5 2.3
2.1 67.8 459 2.2
5 25.5 637.3 1.8
4.9 71.9 437.5 2
3.8 59.9 617.8 2.4
4.5 15.6 760.6 1.8
1.4 68.7 373.5 2.1
3.4 58.4 434.7 2.3
2.5 63.7 173.9 1.5
2.4 46.1 108 2.2
4.7 62.4 509.5 2.2
4.4 34.1 617 1.9
1.5 39.3 315.5 1.9
2.2 25.3 747.6 2.2
3.3 41.9 356 1.7
3.1 70.7 884.3 2
3.5 67.5 866.3 1.6
1.3 62.6 899.9 1.9
2.7 44 263.4 1.8
2.1 57.8 92.2 1.8
3.9 66.3 257.6 1.9
1.3 55.8 285.1 2.4
2.2 39.7 643.5 2.3
4.4 68.4 257 2.5
3.3 54.8 185.6 1.6
3.8 28.3 877.8 1.6
1.8 42.7 494.5 2.1
3.3 37.8 104.8 2.3
3 41.9 264 1.7
3.2 40.8 405.5 1.7
1.5 45.2 784 1.5
4.4 68.6 205.1 2
1.9 18.3 537.5 1.7
3.1 24.9 934.6 2.5
1.3 67.3 402.8 2.4
2.2 60.1 823.5 2.1
3.8 62.2 53.6 1.6
2.7 67.1 349.4 2.2
4.2 47.4 601.6 2.1
3.8 18.5 576.4 2.2
3.1 55.7 479.3 2.5
3 44.6 272.3 1.5
4.5 35 574.7 2.4
3.1 58.7 300.8 1.5
2.6 15.1 564.6 1.6
4.1 51.2 705.9 2.1
3.5 55.6 595.9 1.9
3.4 48.7 539.4 2.4
1.5 70.5 84.6 2.4
3 68.9 157.3 2.4
2 43.5 540.8 2.1
3.2 39.1 647.4 2
1.1 32 762.7 1.6
3.1 36.5 342.1 1.7
2.6 62.7 627.9 1.8
4.2 25.4 641.8 1.7
1.9 35.8 406.3 2
3.3 25.7 81.6 2.4
4.1 42.9 117.1 1.8
2.6 71.6 830.7 2.4
2 16.5 839.1 1.9
2.3 26.2 496.8 1.8
4.2 71.1 837 1.9
4.4 16.8 395.7 1.7
3.8 63.3 623.5 2.4
4.7 65.4 750.7 1.8
1.7 34.7 838.9 1.9
4.3 69.4 567.6 1.8
1.9 41.9 795.2 1.5
3 32 116.6 2.4
2.8 18.9 769 2.4
2.2 19.6 678.6 1.8
1.9 27.2 477.4 2.1
1.2 59.3 455.5 2
4.6 73.1 342.3 2.2
4.4 55.3 185.4 2.2
3.8 74.4 919.6 2.3
3.1 44.2 534.6 2.3
2.8 30 915.1 1.7
2.1 48.7 381.5 1.7
2.8 26.8 509.5 1.7
4.9 50.2 828.7 2
3.9 41.4 541.6 2.4
3.5 33.5 847.1 1.7
4.8 64.9 343.5 2.2
4.8 47.6 199.4 2.1
1.4 33.2 778.7 2.1
2.6 37.7 737 1.7
1.1 22.1 815.1 1.9
1.9 58 351.7 2.2
1.9 34.8 534.9 1.9
3 17.8 446.7 1.7
4.6 29.7 493.8 2.2
2.7 56.5 439.7 2.3
2.8 62.9 76.9 1.6
1.9 27.5 157.1 2
4.7 68.2 333.1 2.3
1.1 58.5 554.1 1.9
4.2 59.8 64.4 2
1.5 58.8 708.8 1.9
3.3 47.4 382.1 2.3
1.1 17.6 439.9 2
5 66.3 117.3 1.9
4.3 56.6 612.6 1.9
1.1 35.7 97.2 1.8
1 25.2 522.2 2.1
1.5 47.7 229.4 2
3.3 24.2 259.1 1.5
1.2 68.5 485.4 1.9
5 53.9 106.6 2
1.2 46.4 498.5 2.2
2.3 73.9 827.4 2.2
3.6 18 744.8 1.6
2.3 60.3 641.5 2
1.5 31.4 786.3 2.4
1.4 36.2 547.6 2.2
4.9 35.5 306.9 2
4.3 15.5 408.5 1.7
3.2 69.7 521.7 2.1
2 49.4 88 1.7
4.8 47.8 438.9 2.5
4.1 40 915.1 2.2
3 52.4 67.1 1.7
4.9 48.3 666.4 2.5
2 28 213.6 2.2
2.8 30.6 702.7 2.5
4.9 15.2 582.5 2.2
1.6 38.7 352.6 1.9
3.9 19.4 232.1 1.8
1.8 29.7 114.4 1.8
3.7 69.1 526.7 2.3
1.7 72.3 932.7 1.6
3 46.2 865.5 2.4
2.8 63.7 425.3 2.3
4.5 36.8 638 2.1
4.2 46.4 225 1.6
1.8 25.9 153.8 2.4
3.2 53.6 235.3 2.4
4.3 18.6 255.5 1.9
2 73 132.9 2
1.7 74.1 601.8 2.2
2.7 24.2 74.9 1.8
4.2 28 715.8 2
4.3 42 604 1.8
1.5 58.7 920.9 1.9
4.3 37 930.8 2
3.2 24.7 430.8 2
4.7 41.7 298.4 2.2
4.5 29.9 139 2.2
1.8 15.8 316.9 1.6
2.1 53.7 863.9 1.6
2.7 64.4 206 2.2
3 65.8 869.8 2.3
4.8 61.5 694.9 1.9
2.1 23.1 473.2 1.8
1.4 29.8 406.6 2.3
1.3 35.4 651 1.5
2 39 705 2
4.5 74.1 444.7 1.9
2.8 32.4 275.1 2.4
1.5 37.2 594.9 2.1
1.7 17.6 579.9 2.2
1.8 32.1 782.5 2.1
3.4 20.8 428.8 2.2
1.7 46.3 271 2.3
4.3 34.8 696.2 2.1
2.5 53.8 824.7 2
2.1 26.3 461.8 2.3
1.4 51.9 61.5 1.5
1.6 18 850.6 1.6
2.8 63.3 213.4 2.4
3.1 48.1 294.5 1.9
1.2 25.1 265.3 2
4.6 64.5 248.8 2.5
1.7 54.8 429.7 1.9
1.4 66.5 922.6 2.1
1.7 45.7 362.5 1.7
1.2 34.4 346.5 1.6
4.2 36.1 204.9 2.4
2.6 36.4 181.1 1.7
2.6 69.2 932.4 2.1
1.4 27.6 498.5 2.5
3.8 74.1 613.3 1.6
2.4 37.4 173.6 2.3
4.3 55 872.4 1.9
1.5 54.6 715.8 1.5
3.2 61.1 433.1 1.8
1 40.9 137.9 2.2
2 40.5 204.4 2.3
4.9 73 50.9 2.1
4.7 69.3 377.8 2.4
1.1 26.9 752.7 2.3
2.7 67.8 575.2 2.2
5 61.2 898.8 2.1
4.5 46.7 661.9 2.4
3.3 30.4 420.1 2
4.9 51.3 733 2.3
3.5 57.3 878.7 1.6
3.7 70.4 295.1 2.4
3.9 48.2 585.5 1.6
1.2 48.5 345.4 1.7
5 19.9 197.6 1.8
4.7 24.8 554.7 2.2
4.3 18.6 284.5 1.5
4.2 64.3 654.7 2.4
2.9 26.3 144.8 1.5
2.6 47.1 193.5 1.6
2.2 63.6 330 1.5
3.5 45.5 268 1.5
4.6 69.6 384.6 2.5
3.7 63.3 590 1.9
1.8 60.4 548.2 1.8
4.4 55.6 248.3 1.9
3.8 40.9 98.1 1.6
2.5 34.8 73 2
1.5 44.6 204.1 2.2
1.3 44.5 166.7 2.4
2.2 48.4 607.4 2.4
2 64 878 1.8
4 53.7 248.8 1.5
1.2 60.8 70.9 2
1.7 61.5 53.5 1.6
2.4 31.5 209.2 1.9
4.9 64.9 769.4 2.2
3.9 63.9 842.5 2.1
3 60.2 513.9 1.8
2.7 24.1 55.3 1.7
4.3 26.4 802.8 2.5
4.5 59.8 172.2 2.2
2.5 55.6 907.6 2.1
4.2 57.9 592.9 2.4
1.3 31.8 884.2 2.3
2.2 32.2 563.1 1.7
1.7 33.8 798.4 1.8
2.9 53.5 808.4 1.9
2.1 30.9 592.3 1.9
3.4 57.4 547.8 2.1
4.9 57.5 192.8 1.8
1.2 23.4 157 2.2
1.7 44.7 431.1 1.7
3.9 49.4 767 2.2
2.1 52.8 897.2 2.1
2.3 75 499.9 1.7
4 64.8 875.1 1.5
3.7 27.1 736.3 1.6
1.9 70.8 709 2
4.6 30.3 604.4 1.5
3.2 59.1 338.2 1.8
1.6 42.8 699.9 2
4.2 66.9 925.6 2.2
1.1 37.2 607.6 2.3
2.8 46.1 177.1 1.8
3 53.8 823.9 2
4.6 72 223.8 2.3
4.3 56.4 793.7 2.1
2.2 70.8 231.4 2.5
2.8 41.4 463 2.4
2.1 39.8 521.3 2.4
4.4 39.1 532.9 2.2
1.1 74.1 273.6 1.9
4.9 71.4 250.4 2
1.6 42.7 254.8 1.9
1.7 29.6 450.5 2.1
4.5 18.5 487.8 2.5
2.3 43.3 830.4 2.3
4.3 74.7 778.1 1.7
4.4 36 877.8 2.1
3.4 47 653.5 2.5
2 33.9 935 2.2
2.6 26.7 570.9 1.9
5 50.9 817.7 2.2
5 60.1 227.7 2
1.9 51.8 900.8 1.6
4.6 42.4 909 2.3
4.1 53.4 752.1 1.6
4.1 48.9 728.2 2.1
1.7 16.7 883.2 1.9
2.3 70.2 854.5 1.7
3.1 34.2 432.9 1.7
4.3 29.3 882.7 2.4
1.6 19.9 886.4 2.5
1.7 47.3 226.4 1.7
3.5 50 593.9 2
4.6 50.5 352.8 1.8
2.6 51.5 911.9 2.1
5 55 930.6 2.2
1.4 53.8 512.6 1.6
4.8 19.5 929.1 2.2
1.8 59.1 515.4 1.8
2.7 27.9 783.2 2.3
1.3 47.8 84.7 1.9
2.3 22.2 473.5 2.3
4.4 67.5 886.9 2.2
3.5 66.4 170.6 2.4
4.7 56.5 378.8 2.3
4.2 55.5 549.5 2.4
1.9 59.1 875.4 1.9
4.6 38.5 658.3 2.5
4.2 41.7 613.8 1.5
2.8 70 908.2 1.7
5 41.8 325.6 1.6
2.6 34 748.8 2.1
3.4 34.5 589.8 1.6
4.6 72.2 85.1 2.1
4 47.1 140.9 2.1
1.4 36.7 560.7 2
1.6 25.7 343.9 1.6
1.6 25.4 576.9 2
1.5 72.1 841.7 2.2
3.7 26.3 319.4 1.8
3.7 20.9 401.9 2
3.3 68.1 792.2 2.3
1.1 42.1 415.4 1.8
2 36.5 894 1.6
3.9 21.1 491.4 1.6
4.7 37.5 345.7 2
3.1 19.2 553 2.3
3 31.1 413.9 2.1
2.8 28.3 239.8 1.6
4.5 45.7 562.5 2.4
1 66.2 550.9 1.8
2.3 24.5 313.9 1.9
4.2 17.2 352.2 2.4
4.2 18.5 655.3 1.5
2.6 16.7 228.9 2.5
2.2 32.2 346.7 1.5
2.3 32.4 224 2.4
1.5 19 812.2 1.9
3.7 65.3 897.1 1.6
1 41 886.3 2.1
1.4 72.9 834.4 1.6
3.4 33.6 159.4 2.3
3.1 69.5 692.9 2.5
3.4 54.7 162.1 1.9
4 26.8 213 1.6
3.8 59.1 654.7 2.2
4.9 61.3 549.8 2.2
2 62.5 193.8 2.2
1.7 42.9 524.8 1.6
1.4 58.8 644.2 2.4
1.9 46.2 580.9 2.3
1.9 42 90.7 2.4
2.8 35.8 228 2.4
2.2 25.1 417.3 2.5
4.1 39.2 918.8 2.1
1.4 55.4 670.7 2.1
1.6 41 406.5 2.4
1.7 40.2 235.1 2.3
4.7 23.5 900.9 2.1
2 17.7 533.8 1.9
2.3 66.9 64.8 1.6
2.4 42.7 504.9 1.7
1.8 21.9 772.1 1.8
3.5 23.4 417 2.2
2.8 20.1 407.6 1.9
4.5 19.8 174 2.1
4 26.5 188.8 1.8
1.4 41.4 736 2.1
2.9 34.2 91.4 1.5
4.8 37.3 174.6 1.9
1 49.3 566.3 1.8
1.3 64.5 609.3 2.1
3.8 19.6 370.2 2.1
4.6 72.2 566.3 1.6
1.5 28.4 756 2.2
1.9 53.4 219.2 2
2 18.4 218.1 2.4
1.8 66.4 189.4 1.6
1.9 44.7 304 2.1
2.5 68.7 811.6 2.1
4.1 18.4 431.8 2.2
3.9 25.3 664.3 1.9
1.8 40.9 425 1.8
3.2 29 736.8 1.8
1.9 25 119.8 2.3
4.7 36.8 853.6 1.6
4.3 29.5 514.3 2.3
4.4 40.1 170.4 2.2
4.5 50.5 882.8 2.3
1.1 58.6 273.8 2.1
2.4 29.5 298.4 1.8
2.2 26.3 173 1.9
3.2 52 858.7 2.3
1.1 63.8 771 2
4 45.1 931 2.2
4.7 59.6 530.8 1.7
3.6 24.1 369.7 2.4
1.8 66.1 396.5 1.5
2.2 74.7 819.5 1.7
4.1 67.1 906.2 1.8
3.2 40.6 521 1.6
3.9 66.2 750.1 1.6
1.7 64.3 592.8 2.3
3.2 21.1 159.4 2.1
3.2 45.7 685.7 1.8
2.2 54.1 258.8 1.9
4.7 17.4 698.6 1.8
2 49.7 424.4 1.8
4 17 704.9 1.9
2.8 65.5 821.2 2.1
1.2 40.9 424.5 1.5
3.8 18.9 517.3 1.7
4.5 31.2 632.1 1.5
3.4 31.8 759.7 1.9
3.2 71.5 862.2 2.3
3.6 69.9 770.7 2.2
3.8 29.1 879 2.2
2.2 29.7 199.5 2.1
4.4 16.9 638.1 2.3
1.7 72.9 900.7 1.7
1.7 51.6 300.1 2.3
5 34.9 731.7 2.2
2.8 59.9 564.8 1.5
1.7 41.2 911 2.2
1.1 57.1 735.5 1.5
3.8 65.4 312.1 2
1.9 18.1 669.3 1.9
4.4 17.8 906.6 1.8
2.7 32 298.7 1.7
4.1 26.6 938.8 1.6
2.7 20.7 392.9 1.8
2.9 59.8 275 2.1
2.8 60.9 530.2 2.5
2.6 45.5 89.1 2.4
4.2 42.3 97.9 1.6
2.4 28.4 276.8 2.4
3 40.1 260.2 1.6
1.7 36.3 305.6 2.3
2 54.3 463.3 1.5
2.3 27.7 323.7 1.6
2.6 63.5 835.4 1.9
1.6 74.8 469 2.1
3.9 71.5 924.3 1.8
2.2 65 734.7 1.8
3 32.9 635.4 1.9
2.2 59 675 2.3
1.2 22.9 666.6 1.8
3.8 27.9 399.2 1.7
1.8 20 80.1 1.5
3.3 72.3 621 2.2
2.8 62.3 573 1.7
4.8 74.3 816.3 2.4
2.4 17.9 822.4 2
4 29.9 640.5 2.5
3.9 52.7 285.6 1.6
3.3 37.7 886.4 1.6
4.6 64.9 484.2 1.7
4.8 47.9 819.6 1.8
1.1 48.1 189.7 1.8
1.8 66.9 458.3 1.9
3.3 62 679.3 1.5
3.2 72.8 84.6 2
4.8 49.5 782.3 1.9
4.9 27.7 895.4 2.3
1.1 69.1 322.2 2.3
1.9 63.7 478.4 1.5
4.5 22.2 355.5 1.7
1.1 71.8 717.5 2.4
1.5 60.2 678.4 1.9
3.9 24.9 889.5 2.2
1.3 61.2 112.3 2.1
3.4 16.3 67.4 1.9
1.1 17.9 53 1.6
4.6 44.5 776.3 2.2
3.2 23.8 132.5 1.8
4.3 65.8 197.8 2.4
1.5 65 756.9 1.8
4.5 18.4 214.3 1.7
1.3 24.6 903.6 1.8
2.2 40 612.9 1.8
3.2 55.2 197.7 2.3
1.5 20.2 219.9 2
4.4 34.4 149.4 2.2
2.3 31.3 565.2 2
4.3 22.2 806.6 1.6
1.5 65.3 419.3 2.4
1.8 16.9 938 2.1
1.8 38.5 76.9 1.8
3.8 22.4 586.5 2.4
2 42.7 88.1 1.7
4 50.6 671.9 2.1
4.2 34.3 106.4 2
4.9 58.6 525.4 2.5
1 47.4 723.3 2.3
2.6 70.7 134.6 2.3
2 51.6 844.2 2.4
4.5 66.7 79 2
3.9 16.5 623.9 2.4
3.4 24.6 470.3 1.6
3.6 72.3 746.4 1.7
3.2 47.1 621.3 2.1
4 38.3 269.2 2.5
1 51.3 398.2 2.2
1.9 16.1 208.7 1.8
3.3 17.2 876.7 2.4
2.8 73.9 618 2.1
2.1 66.2 517.7 2.2
1.9 27.3 134.8 1.8
2.1 67.6 542.8 2.2
2.4 53.2 360.1 2.1
4.3 25.5 344.8 2.2
2.5 24.4 883.8 2.5
3.8 70.6 666.9 2
1.6 60 387.4 2.1
3.5 56.3 137.2 2.2
3.5 27.8 318.7 1.6
2.2 20.9 387.6 2.5
3.8 21.2 925.3 2.5
1.1 41.4 409.1 2
1.1 74 166.4 1.6
4.9 20.4 199.3 1.8
2.8 49.6 310.6 1.8
4.9 35.3 645.5 1.8
3.3 62.7 402.9 2.4
3.2 19.9 141.5 1.7
3.3 46.8 721.7 1.9
3.3 65.2 471.1 2
1.7 74.1 676.3 1.9
2.3 63.3 215.9 2
1.1 66.2 505.6 2.3
4.6 41.4 371.1 2.4
1.4 37.6 192.2 1.6
3.6 33.3 740.7 2.2
1.9 53.2 196.5 1.7
1.1 49.1 122.9 1.8
2.1 46.4 247.7 2.2
4.6 70.3 325.2 2.1
1.1 72.3 841.4 2.4
2.9 49.4 124.2 1.9
1.6 35.6 294.1 1.6
1.7 55 934.5 2.3
3.3 42.7 176.5 2.1
2.5 19.3 914.9 2
2.3 58.9 402.9 1.8
2.7 43.4 216.4 1.7
4.1 67.7 295.6 2.3
3.4 51.2 314.6 2
1.3 46.6 144 2
4.5 53.9 583.2 2.2
2.3 48.5 903.5 2.1
2.1 62.7 308.9 2.2
4.4 71.6 920.6 1.5
2.3 40.9 392.8 1.6
4.7 49.8 625.4 2.1
2.6 26.4 349.5 1.6
4.6 53.2 277 2.2
2.1 38.4 71.1 2
1.2 40.3 744.9 2.5
1.9 37.3 927.2 2.4
3.6 25.6 279.5 2.3
3.6 60.3 241.5 2
1 61.8 450.6 1.7
3.4 23 718.7 2.3
3.3 63.4 493 1.8
1.2 17.3 858.9 2.2
4.9 48.1 428.7 2.3
4.2 55.8 143.5 2
4 58.7 113.5 1.5
2.4 47.2 668.5 2
1.2 26.3 609.1 2.3
4.7 72.8 399 2
3.5 18 423.5 1.6
3.1 45.1 800.4 2.3
2.9 22.7 466.7 1.7
4.2 66.5 164.7 2
4.6 56.7 725 1.5
4.8 45.6 448.5 1.5
3.6 41.4 152.3 2.3
3.8 50.2 529.8 2.3
2.1 63.9 94.5 2.5
2.4 64 482.1 2.3
3.4 55 256.6 1.7
2.9 45.6 318.5 1.7
4.6 53.5 555.1 1.8
3 52.6 368.1 1.8
3.8 30 150.3 1.5
2.4 64.8 529.5 2.2
1.5 61.6 702.5 1.7
3.5 74.7 136.8 2.1
4.2 35.7 209.7 2.4
2.8 54.7 730.2 1.6
2 20.9 374.9 1.8
4.9 20.8 331.3 2.1
4 70.4 647.7 2.3
3.7 46.8 835.3 2.2
1.9 48.9 126.8 2
3.4 21.1 688 1.6
4.4 36.9 221.9 2
3.1 21.3 243.2 1.9
1.7 32 773.4 2.2
1.2 18.4 153.6 2.4
1.1 29.8 369.3 1.5
1.7 72.3 171 2.3
2.7 19.8 895.5 2.1
4 61.1 644.1 2.5
3.5 22.5 505.5 2.3
3.2 54.1 375.1 1.6
3.6 66 750.7 1.9
3.6 25.6 289.2 2
3.4 51 904.6 1.8
4.4 30.1 883.3 2.5
2.5 21.5 216.3 2.4
4.6 73.7 177.8 2.1
1.7 44.3 498.2 2.1
2.4 15.1 872.4 2.4
2.8 61.9 358.3 2.2
1.1 41.4 632.4 1.9
4.4 74.5 290.4 1.9
1.1 47.1 697 2.4
2.9 31.5 762.5 1.6
1.9 50.8 127.1 1.9
4.2 69.9 943.6 1.9
4.4 28.4 101.8 1.5
2.8 22.9 653.2 2
3.7 15.3 211.9 2.5
4.3 71.2 789.5 2.2
4.2 44.6 296.2 2
1.8 61.4 362 2.5
3.9 29.1 836.2 1.7
3.7 26 705.4 2.3
3.6 67 408.2 1.5
1.9 31 583.2 2.1
2.8 72.9 720 2.2
2.6 34.8 874.3 2.4
1.2 43.9 892.9 2.3
3.7 73.3 901 2.3
4.7 20.1 488.8 1.6
4.5 52.1 755.4 1.5
1.8 22.6 741 2.2
1.2 44.7 742.1 1.9
1.2 15.5 823.9 1.7
2.9 22.4 940.9 2.5
2.6 24.2 96.9 1.6
3.2 46.2 537.6 2.4
3.7 16.1 923.3 1.6
3.5 62.3 307.6 2.1
3.4 47.8 838.8 1.8
3.7 60.4 77 2.2
2.8 36.7 365.7 1.5
2.3 17.3 926.4 2.4
3.2 72.2 502.1 1.6
2.9 35.2 639.9 2.3
3.7 52.2 174.8 1.8
1.9 45.5 805.4 2.1
1.9 39 828 2.4
4.8 32 701 1.5
2.7 68.6 261.9 2.1
4.4 28.7 691.7 2.1
2.6 64.7 718.2 2.2
2.1 37.2 557.3 2
3.3 33.2 934.3 1.6
3.5 15.9 198.5 2.3
4.6 39.5 392.1 2.2
1.5 44.5 647.7 1.7
1.8 61.2 364.7 2.5
4.5 54.8 538.4 1.7
3.8 61.8 914.7 1.9
1.7 67.9 95.9 2.3
4.3 52.5 318.7 2.4
3.5 67.4 131.5 1.6
4.9 39 552.5 2.3
4.5 46 274.9 1.9
1.5 18.4 558.8 2
3.4 22.3 896.5 2
4.1 58.3 69.6 1.9
2.4 40.5 321.5 1.5
2.1 33.7 56.2 2.2
2.1 53.1 670.3 2.3
1.2 20.7 860.3 1.6
3.4 67.6 768.1 2.4
4.9 32.2 102 2.2
3.3 37.6 399.1 2.3
4.3 60 766 1.8
2.2 29.6 539.6 2.4
2.6 34 329.1 1.6
3.5 38 253 1.5
2.6 33.9 209 1.6
2.6 20 175.4 1.7
2 27.7 439.3 2.1
4.8 66.8 687.2 1.9
3.6 29.6 366.8 2.4
3 66.3 736.4 2.2
2.7 51.6 117.5 2.2
4.1 20.4 758.6 1.9
3.3 43 663.9 2.5
1.5 34.8 311.6 1.5
2.8 41.8 384.1 1.6
2.3 64.5 445.3 1.6
4 19 284.8 2.2
4.1 50.9 270.1 2.3
1.9 33 915.7 1.5
2.3 65.6 791 1.9
1.3 58 176.2 1.5
1 43.5 232.8 1.7
3.4 65.8 295.4 1.7
1.6 52.6 702.7 2.5
2.4 59.6 54.2 1.8
1.2 68.9 812.6 2
1.3 21.7 354 1.7
1.1 43.9 264.1 2
4.6 70.9 666.1 2.2
3.5 67.7 364.1 2
2.7 54.2 237.5 2.4
3.8 39.1 629.7 2.3
4 65.5 102 1.6
2.1 64.4 732.4 2.1
3.8 26.8 930.7 2
4.6 52.2 52.1 2.5
1.3 64.8 393.6 1.7
4.7 65.1 150 2.5
2.5 36.6 742.5 1.6
3.5 23.8 377.6 2.2
1.7 23 150.6 2
2.3 28.4 750.1 1.6
3.6 22.2 943.4 1.5
3.8 38.8 784.5 1.8
2.5 31.9 752.5 2.1
4.3 37.7 896 2.1
2.7 64.6 394.5 2.1
2.5 52.6 478 1.8
4.3 56.7 275.2 1.5
3.2 53.8 411.5 1.6
4.5 50.1 388.9 1.6
1.7 39.1 144 1.9
3 40.9 720.8 1.7
3.4 64.1 334.6 2.1
2.6 42.6 425.9 2.3
2.9 27.8 730.3 1.8
2.2 61.4 845.3 1.6
1.5 26.8 129.8 1.7
2.1 45.7 796.8 1.5
4.3 54.2 182.6 2.2
4.7 34.4 321.1 1.7
4.4 42.9 328.1 2.1
4.9 21.8 160.8 1.6
1.1 58 121 1.8
4.1 28.3 88.8 1.8
2.2 44.2 920 2.3
1.5 50 638.6 2
4.6 72.2 258 2.1
3.1 36.2 156.1 2.1
1.4 23.7 265.6 1.7
3.2 53.5 939.4 1.7
1 17.3 859.5 2.4
3 53.3 103 2.3
4.3 63.7 515.8 1.7
1.3 31.7 905.6 1.8
3.1 24.5 304 2.4
4.4 57 511.9 1.8
2 24.5 478.1 2.1
3.3 48.3 438.7 2.1
2.5 74.8 137.6 2
1.9 24.4 841.8 2.1
1 55.5 758.4 1.9
2.8 70.8 301 1.8
1.4 44.9 315.3 1.7
3.5 45 882.5 1.7
4.2 39.1 512.4 2.1
3.5 24.3 389.5 2.1
3.3 43 443.5 1.8
3.6 20.4 601.8 1.7
2.5 51.1 646.8 2
2 53 578.4 2.1
3.9 56.6 412.1 2.3
3 47.6 897.4 1.6
2.3 22.8 851.8 1.6
4.5 75 372.6 2.5
1.2 46.2 571.5 2.2
2.1 54.5 425.5 2.5
4.7 59.9 478.6 2.1
3 37.6 379.1 1.6
2.3 17.3 313.9 1.8
1.9 68.2 344.6 2.1
3.4 74 432.7 2.5
2.2 45.7 814.3 2.4
5 28 640.1 2.2
2.5 56.4 709.8 2.1
1.2 17.7 57.3 1.7
2.6 29.9 74 1.9
1.8 47.6 320.3 2.3
1.1 41.4 143 1.7
3.8 23.9 629.8 1.7
1.6 58.3 373.5 1.9
2 19.6 287.5 1.7
1.4 29.8 543.4 2
1.4 53.7 243.2 1.5
3.2 58.1 907.8 2.3
4.3 72 724.6 1.7
1.1 49.7 338.1 1.9
1.5 48.9 217.7 2
1.3 70.9 221.9 2.3
3.4 63.1 679.4 2.4
1.5 42.9 574.2 2.5
1.8 22.8 826.4 1.7
3.1 57.6 376 2
3.2 50 284.4 2.2
2.4 20.7 699 1.6
4.3 74.2 165.5 2.3
3.1 20.4 143.4 2
1.3 29.5 61.7 2.2
4.7 29.2 80.1 1.9
3.3 68.1 155.7 1.5
3.7 59 218 2.3
1.8 48.4 89.5 2.3
1 37.3 264 2
2.2 70.7 471.7 2.3
3.6 66.4 722.9 1.5
1.4 72.6 316.1 1.8
4.3 53.9 833.9 2.3
1 41.2 70.1 1.7
4.8 41.4 388.7 1.9
4 37.1 532.1 1.9
3.8 31.1 360.5 2.4
3 60 249.9 2.4
1.4 64.6 179.7 1.9
3.8 35 112.5 2.2
4.8 30.5 423.6 2.1
1.9 35.7 280.4 2.2
1.8 34.8 401.5 1.5
4.1 26.8 758 1.8
1.8 64.4 133.8 1.6
2.2 72.2 165.2 2.5
2.3 34.5 411.4 2.1
3.7 31.3 822.1 1.6
4 24.5 797.8 1.6
3.4 56.4 844.5 1.5
2.5 39.3 853.7 1.6
4.8 61.3 60.7 1.6
4.6 36.6 697.7 2.4
1.6 64.6 242.1 1.7
5 32.2 130.2 1.7
3.1 40.5 640.6 1.8
4.9 64.9 139.5 1.7
2.9 65.4 502.8 1.5
1.7 50.4 327.2 2
1.1 49.4 656.5 2.3
3.7 19.9 196.5 1.7
2.3 63.6 485.1 1.9
3 30.7 152.9 2.3
4.7 46.8 575.9 2.3
3.8 51.5 691.5 2.2
3.4 21.7 649.6 1.8
4.6 17.5 398.1 2.4
3.9 45.9 369.3 1.8
3.8 59.8 800.4 2.4
1.5 37.4 365.4 1.9
2.2 26.9 930.8 2.4
1.2 44.9 77.4 2.3
2.3 74 253.8 1.5
1 42.4 181.5 2.2
1.8 49.6 512.4 2.1
1.7 16.6 96.1 2.4
3.6 52.5 158.9 2.2
4 51.8 420.6 2.2
2 68.9 322 2.4
4.2 32.2 149.4 2
3 40.4 936.1 2.2
2.4 46.1 552.1 2.4
5 36.2 732.8 2
4.8 23.7 304.4 1.7
1.7 47.7 148.3 2.4
2.2 71.4 614.6 2.3
2.4 28.2 400.4 2.1
2.2 64.9 408.5 1.7
3.9 71 684.7 2
2 72.5 173.8 2.3
3.4 18.9 877.9 1.6
4.8 32.2 379.4 2
0.4 0.2 0.3 0.4 0.4 0.3 0.3 0.3 0.4 0.2 0.3 0.4 0.3 0.2 0.3 0.3 0.4 0.3 0.3 0.2 0.2 0.3 0.4 0.4 0.3 0.3 0.3 0.3 0.3 0.3 0.3 0.4 0.2 0.2 0.3 0.2 0.4 0.2 0.3 0.3 0.2 0.3 0.4 0.3 0.4 0.4 0.3 0.3 0.2 0.4 0.2 0.3 0.2 0.2 0.3 0.4 0.3 0.2 0.2 0.2 0.2 0.3 0.4 0.3 0.3 0.2 0.3 0.3 0.4 0.4 0.3 0.4 0.2 0.3 0.3 0.4 0.2 0.4 0.3 0.3 0.3 0.3 0.2 0.3 0.4 0.4 0.3 0.2 0.3 0.3 0.3 0.3 0.2 0.2 0.4 0.3 0.2 0.3 0.3 0.3 0.3 0.2 0.2 0.3 0.3 0.4 0.3 0.3 0.2 0.4 0.3 0.2 0.4 0.3 0.2 0.4 0.2 0.3 0.3 0.3 0.3 0.2 0.3 0.2 0.2 0.3 0.3 0.2 0.3 0.3 0.2 0.2 0.4 0.3 0.2 0.4 0.3 0.3 0.3 0.3 0.3 0.3 0.3 0.3 0.2 0.3 0.2 0.3 0.4 0.4 0.3 0.4 0.4 0.4 0.3 0.3 0.3 0.3 0.2 0.3 0.3 0.2 0.4 0.2 0.2 0.3 0.2 0.4 0.4 0.3 0.2 0.3 0.3 0.3 0.4 0.3 0.3 0.2 0.4 0.2 0.3 0.3 0.2 0.3 0.2 0.4 0.3 0.2 0.3 0.4 0.2 0.4 0.3 0.2 0.2 0.2 0.4 0.3 0.4 0.3 0.4 0.4 0.4 0.4 0.3 0.4 0.3 0.3 0.3 0.3 0.2 0.2 0.4 0.4 0.3 0.3 0.2 0.4 0.4 0.2 0.2 0.2 0.4 0.2 0.2 0.4 0.3 0.4 0.2 0.3 0.4 0.2 0.4 0.3 0.3 0.3 0.2 0.4 0.2 0.3 0.3 0.3 0.2 0.3 0.2 0.3 0.3 0.3 0.3 0.4 0.3 0.2 0.4 0.4 0.2 0.2 0.3 0.3 0.3 0.4 0.2 0.2 0.3 0.2 0.3 0.4 0.3 0.4 0.2 0.3 0.4 0.2 0.3 0.3 0.2 0.3 0.2 0.3 0.2 0.2 0.2 0.3 0.3 0.4 0.4 0.2 0.3 0.3 0.4 0.3 0.2 0.4 0.4 0.3 0.3 0.2 0.3 0.2 0.3 0.3 0.3 0.3 0.2 0.3 0.2 0.4 0.2 0.2 0.3 0.4 0.2 0.3 0.3 0.3 0.4 0.3 0.2 0.3 0.2 0.3 0.4 0.3 0.2 0.3 0.3 0.3 0.2 0.3 0.3 0.2 0.3 0.3 0.3 0.3 0.4 0.4 0.4 0.4 0.3 0.3 0.4 0.3 0.4 0.3 0.3 0.2 0.3 0.2 0.2 0.3 0.3 0.2 0.3 0.3 0.3 0.2 0.3 0.4 0.3 0.3 0.3 0.4 0.3 0.4 0.3 0.3 0.3 0.2 0.3 0.4 0.3 0.4 0.3 0.3 0.4 0.2 0.2 0.4 0.2 0.4 0.4 0.3 0.4 0.3 0.3 0.3 0.3 0.4 0.4 0.3 0.3 0.2 0.2 0.3 0.3 0.2 0.3 0.3 0.2 0.3 0.3 0.2 0.3 0.2 0.3 0.3 0.3 0.3 0.3 0.4 0.4 0.3 0.3 0.4 0.2 0.3 0.2 0.2 0.4 0.3 0.4 0.3 0.2 0.4 0.3 0.4 0.3 0.4 0.3 0.3 0.3 0.3 0.4 0.2 0.2 0.3 0.4 0.3 0.2 0.3 0.3 0.4 0.2 0.3 0.3 0.4 0.3 0.4 0.2 0.3 0.3 0.3 0.3 0.3 0.3 0.2 0.4 0.3 0.2 0.3 0.4 0.3 0.3 0.3 0.3 0.2 0.3 0.2 0.3 0.3 0.3 0.3 0.2 0.3 0.4 0.2 0.3 0.3 0.3 0.2 0.3 0.2 0.3 0.4 0.3 0.3 0.3 0.3 0.2 0.4 0.2 0.3 0.4 0.4 0.3 0.3 0.3 0.4 0.3 0.3 0.3 0.4 0.3 0.2 0.3 0.3 0.4 0.4 0.2 0.4 0.3 0.4 0.4 0.2 0.4 0.2 0.2 0.4 0.4 0.4 0.2 0.4 0.2 0.3 0.3 0.3 0.2 0.4 0.3 0.3 0.4 0.2 0.2 0.3 0.3 0.3 0.3 0.4 0.4 0.4 0.4 0.4 0.3 0.4 0.3 0.2 0.2 0.2 0.3 0.2 0.3 0.3 0.3 0.2 0.3 0.2 0.2 0.3 0.2 0.4 0.3 0.3 0.2 0.4 0.4 0.3 0.4 0.3 0.2 0.3 0.3 0.3 0.3 0.2 0.3 0.2 0.3 0.3 0.4 0.2 0.4 0.2 0.2 0.4 0.3 0.3 0.2 0.4 0.2 0.2 0.3 0.4 0.2 0.2 0.3 0.4 0.2 0.2 0.2 0.3 0.2 0.3 0.4 0.4 0.4 0.4 0.4 0.4 0.3 0.3 0.4 0.3 0.3 0.3 0.3 0.3 0.4 0.4 0.3 0.3 0.4 0.3 0.3 0.3 0.3 0.4 0.4 0.4 0.2 0.2 0.4 0.3 0.3 0.3 0.4 0.4 0.2 0.3 0.4 0.3 0.3 0.4 0.3 0.2 0.3 0.2 0.4 0.3 0.3 0.3 0.3 0.4 0.2 0.4 0.4 0.2 0.3 0.3 0.2 0.3 0.2 0.4 0.2 0.3 0.4 0.3 0.2 0.2 0.3 0.3 0.2 0.4 0.3 0.3 0.2 0.4 0.4 0.4 0.4 0.3 0.2 0.2 0.2 0.2 0.4 0.3 0.3 0.4 0.3 0.3 0.3 0.2 0.3 0.3 0.2 0.3 0.3 0.2 0.3 0.2 0.4 0.3 0.3 0.3 0.4 0.3 0.4 0.3 0.4 0.2 0.3 0.4 0.2 0.3 0.3 0.3 0.2 0.3 0.4 0.3 0.3 0.3 0.3 0.3 0.2 0.3 0.3 0.2 0.2 0.3 0.4 0.3 0.3 0.3 0.3 0.3 0.4 0.2 0.4 0.4 0.3 0.4 0.3 0.3 0.3 0.4 0.3 0.4 0.2 0.2 0.4 0.3 0.4 0.4 0.3 0.3 0.3 0.2 0.4 0.4 0.3 0.2 0.4 0.3 0.3 0.4 0.4 0.2 0.4 0.2 0.4 0.3 0.3 0.3 0.4 0.2 0.3 0.3 0.4 0.2 0.3 0.2 0.4 0.2 0.3 0.3 0.3 0.3 0.4 0.4 0.2 0.3 0.2 0.3 0.2 0.3 0.2 0.2 0.2 0.3 0.2 0.3 0.2 0.2 0.3 0.3 0.3 0.3 0.2 0.3 0.2 0.4 0.3 0.3 0.3 0.3 0.3 0.3 0.3 0.2 0.2 0.3 0.2 0.2 0.4 0.4 0.4 0.2 0.4 0.4 0.2 0.3 0.3 0.3 0.3 0.4 0.3 0.3 0.2 0.2 0.4 0.3 0.2 0.3 0.4 0.3 0.3 0.2 0.3 0.2 0.3 0.4 0.3 0.4 0.3 0.4 0.2 0.4 0.2 0.3 0.4 0.2 0.4 0.3 0.2 0.2 0.2 0.3 0.3 0.3 0.3 0.4 0.2 0.3 0.2 0.3 0.4 0.3 0.2 0.4 0.4 0.3 0.3 0.3 0.4 0.4 0.4 0.4 0.3 0.3 0.3 0.4 0.3 0.3 0.2 0.4 0.3 0.2 0.4 0.2 0.3 0.3 0.4 0.3 0.3 0.3 0.3 0.4 0.3 0.4 0.3 0.4 0.3 0.3 0.3 0.3 0.4 0.3 0.4 0.2 0.2 0.2 0.3 0.3 0.3 0.2 0.3 0.3 0.3 0.3 0.3 0.3 0.2 0.4 0.3 0.4 0.2 0.3 0.2 0.4 0.3 0.2 0.3 0.3 0.2 0.4 0.3 0.2 0.4 0.2 0.3 0.3 0.4 0.3 0.3 0.3 0.3 0.3 0.3 0.4 0.3 0.4 0.3 0.2 0.4 0.3 0.3 0.2 0.3 0.4 0.4 0.4 0.3 0.3 0.3 0.4 0.2 0.4 0.3 0.2 0.3 0.2 0.3 0.3 0.2 0.3 0.3 0.3 0.4 0.2 0.3 0.3 0.2 0.4 0.3 0.4 0.2 0.2 0.2 0.2 0.4 0.4 0.3 0.2 0.2 0.2 0.3 0.3 0.2 0.4 0.2 0.2 0.4 0.3 0.2 0.4 0.3 0.3 0.4 0.2 0.3 0.2 0.3 0.3 0.4 0.3 0.2 0.2 0.3 0.3 0.3 0.2 0.3 0.3 0.3 0.3 0.2 0.3 0.3 0.2 0.3 0.3 0.3 0.3 0.2 0.3 0.2 0.4 0.2 0.2 0.2 0.3 0.3 0.2 0.3 0.3 0.4 0.3 0.4 0.4 0.3 0.2 0.4 0.2 0.3 0.2 0.2 0.3 0.4 0.4 0.3 0.3 0.3 0.3 0.4 0.2 0.4 0.2 0.3 0.4 0.2 0.3 0.3 0.4 0.3 0.3 0.3 0.3 0.4 0.3 0.2 0.3 0.3 0.2 0.2 0.3 0.3 0.2 0.4 0.4 0.3 0.2 0.2 0.3 0.3 0.3 0.4 0.3 0.3 0.3 0.3 0.2 0.2 0.3 0.3 0.3 0.4 0.3 0.4 0.3 0.2 0.3 0.4 0.4 0.3 0.4 0.3 0.2 0.3 0.3 0.3 0.4 0.3 0.3 0.4 0.2 0.3 0.2 0.4 0.2 0.3 0.3 0.3 0.2 0.4 0.4 0.4 0.3 0.2 0.3 0.4 0.3 0.3 0.4 0.4 0.3 0.3 0.3 0.3 0.3 0.2 0.3 0.4 0.3 0.2 0.3 0.4 0.3 0.2 0.3 0.3 0.3 0.4 0.4 0.4 0.3 0.4 0.4 0.3 0.2 0.3 0.4 0.3 0.2 0.2 0.2 0.3 0.4 0.3 0.2 0.2 0.2 0.3 0.3 0.3 0.2 0.2 0.3 0.4 0.4
162 125 4 123 89 180 41 165 148 144 134 119 47 74 87 133 114 58 130 93 172 123 95 61 60 143 137 41 84 153 99 107 75 22 41 96 45 153 116 82 167 146 1 168 119 14 74 27 77 143 81 132 88 163 149 83 121 179 149 135 37 77 88 85 95 100 133 93 98 10 138 105 104 174 83 58 73 139 54 174 141 119 62 11 65 31 135 5 96 117 3 160 92 159 163 101 110 67 157 148 49 106 47 23 62 129 88 115 25 123 38 35 47 174 156 83 157 66 110 2 157 3 178 7 50 142 42 145 113 47 73 162 53 160 31 93 71 147 132 59 57 109 15 121 165 103 138 169 31 172 7 30 153 145 162 64 72 9 132 8 159 74 160 37 54 10 170 165 133 80 52 10 175 124 28 4 159 114 138 30 43 100 70 170 59 81 75 19 44 12 60 94 83 128 63 108 13 140 83 137 34 159 124 141 154 17 173 41 96 169 61 40 96 8 159 145 69 111 85 100 37 173 1 82 176 163 175 158 30 169 100 170 176 133 54 65 71 40 99 13 55 155 153 89 163 171 97 26 9 63 77 81 7 140 115 77 59 65 12 55 9 39 148 148 174 76 85 42 15 64 179 127 174 40 164 47 130 151 23 66 77 117 130 68 107 132 71 13 100 3 137 30 142 122 153 116 6 88 127 121 90 161 178 64 132 17 158 130 151 42 66 2 60 79 77 41 141 162 39 121 97 126 155 155 33 62 71 82 109 104 94 169 66 168 74 173 15 10 79 28 163 163 81 32 107 46 148 93 3 151 52 152 158 1 90 74 14 23 111 159 147 164 22 174 172 82 67 63 28 156 46 114 120 118 109 45 96 69 23 32 24 174 128 102 62 175 148 139 176 4 160 139 118 105 60 20 17 90 72 114 140 109 62 61 129 151 65 94 95 33 157 150 24 163 23 123 5 53 5 4 6 127 37 138 16 74 41 110 144 39 20 62 165 143 94 139 132 163 33 158 83 58 23 168 15 53 114 35 167 77 169 16 55 51 158 46 176 110 127 133 97 115 141 28 139 155 22 30 114 32 83 39 132 43 177 16 71 35 163 179 151 124 141 66 86 8 47 114 108 123 173 63 108 34 133 136 149 21 36 86 24 98 42 146 24 152 161 3 21 65 16 123 68 5 59 152 20 101 59 160 142 45 19 9 164 166 169 107 127 47 77 6 14 127 91 3 171 8 45 131 116 140 151 4 51 14 9 32 99 106 153 76 89 19 104 59 134 25 177 71 47 53 57 55 70 68 31 121 121 107 88 17 122 14 83 177 179 9 71 73 87 136 138 25 16 60 150 66 4 23 57 158 102 85 168 16 112 98 16 114 112 84 54 158 60 97 62 54 59 80 152 76 62 149 158 81 36 121 25 179 96 177 8 54 9 52 179 97 35 2 152 95 53 84 65 47 153 66 51 121 110 6 16 63 179 26 161 8 25 90 154 30 150 172 154 64 160 155 157 37 25 36 73 137 169 46 88 69 152 145 43 111 115 81 34 114 138 158 39 126 64 31 29 148 47 150 111 154 66 142 107 65 137 119 112 175 58 63 33 106 55 149 108 68 8 180 147 73 138 100 129 116 119 98 2 102 63 153 151 124 80 9 156 128 89 165 12 40 164 94 54 37 120 100 132 20 128 38 22 149 61 154 55 12 117 160 46 114 11 103 21 158 144 155 29 56 18 147 165 53 141 62 80 22 135 60 3 20 131 44 157 15 163 126 92 97 155 35 29 125 99 24 95 119 117 111 154 162 26 180 150 72 66 118 79 113 48 15 131 146 80 2 12 13 112 148 178 73 62 13 89 82 174 95 98 18 100 179 131 117 92 101 158 140 93 141 143 14 76 69 12 103 144 145 54 28 141 58 170 141 29 145 149 139 65 89 88 14 156 1 88 147 56 24 124 35 1 11 37 66 99 71 67 155 116 72 31 10 153 102 4 175 26 168 93 113 49 84 13 29 143 30 161 60 155 20 79 46 142 71 130 23 32 35 148 39 143 164 162 49 113 126 15 111 103 160 79 117 7 59 86 75 137 1 62 72 34 10 7 92 168 89 150 72 143 142 119 165 171 62 171 8 70 49 135 8 115 155 28 145 159 89 167 171 130 55 22 158 145 105 44 64 24 138 153 159 144 95 108 126 172 28 107 41 131 103 9 30 148 52 50 14 148 122 171 180 58 120 21 12 153 14 91 157 135 149 143 115 68 85 77 15 96 149 161 68 4 98 97 60 138 46 40 112 142 3 142 162 48 44 87 119 128 97 92 108 39 3 98 54 99 27 45 58 145 160 49 17 118 30 120 21 169 98 135 99 86 13 80 64 40 145 170 172 175 26 78 37 128 33 92 128 104 28 77 12 82 57 33 85 3 19 34 74 148 132 41 36 126 118 174 142 83 49 67 64 74 135 113 28 83 20 127 127 126 61 54 154 53 107 108 12 24 164 110 17 149 49 50 9 143 173 6 33 94 101 128 110 67 145 7 118 141 174 5 30 22 14 166 86 151 32 48 87 55 160 36 80 78 92 147 155 177 14 91 95 146 126 17 117 45 67 34 93 95 131 39 104 24 13 48 101 58 23 5 29 120 133 178 132 77 97 159 129 75 93 8 73 101 57 44 103 142 154 141 127 161 136 12 21 179 52 27 53 89 167 61 122 56 14 169 42 116 47 49 86 41 154 54 140
120 33 175 135 16 105 10 113 91 159 131 55 134 170 160 135 13 152 102 33 63 69 4 20 114 140 147 130 180 55 57 87 117 144 83 169 43 25 180 41 65 164 55 139 112 47 157 113 58 161 180 29 41 115 69 68 62 127 108 87 10 149 92 111 95 56 118 66 28 136 40 155 120 63 6 38 104 138 137 72 163 29 130 124 149 153 132 9 121 122 39 153 76 27 83 99 55 128 98 85 12 69 65 46 16 37 3 104 111 21 89 74 98 56 97 125 118 46 20 82 116 111 98 143 150 109 152 36 44 43 110 107 44 171 89 59 173 180 103 53 22 144 28 50 158 9 28 142 49 174 5 59 70 76 136 89 103 64 154 95 174 81 99 143 12 15 115 167 14 51 67 74 2 82 112 72 50 20 40 141 97 143 31 94 55 156 89 91 96 56 85 120 92 37 97 77 42 59 133 7 167 54 22 32 31 68 101 45 115 42 176 120 123 154 148 70 115 40 5 172 43 3 61 31 69 132 61 119 75 143 147 29 56 128 15 27 74 40 157 126 19 101 43 8 75 174 4 110 178 39 54 122 161 105 66 94 115 133 80 79 144 119 78 109 144 10 13 41 53 151 16 158 12 167 133 87 39 83 25 176 15 96 8 135 58 65 40 74 125 61 124 97 126 22 156 109 68 29 11 44 50 58 138 56 81 21 50 122 37 163 115 80 176 69 14 44 128 23 66 173 163 74 53 171 151 108 136 54 120 106 18 25 136 177 114 25 86 163 65 66 161 80 124 31 73 123 37 72 159 82 6 127 102 85 105 169 116 79 164 41 17 144 6 138 163 116 92 15 20 114 128 136 64 28 93 155 84 58 129 123 102 6 47 128 158 75 137 73 10 74 34 85 27 8 33 63 46 115 58 106 157 75 3 82 39 139 96 26 33 174 28 153 50 44 46 99 3 93 85 173 24 171 93 31 98 73 143 6 25 40 160 38 92 20 162 142 40 154 61 30 78 29 168 45 138 172 166 134 18 157 76 62 77 22 150 118 119 163 47 71 21 47 169 60 25 109 163 63 170 33 16 73 24 64 45 147 110 28 88 35 147 7 31 77 111 9 62 109 147 23 57 168 72 5 40 61 8 4 39 28 52 145 144 116 90 12 42 151 173 110 138 25 107 6 16 57 26 106 47 179 8 67 39 98 147 35 44 30 88 9 97 103 62 39 154 54 58 41 48 140 180 80 138 164 118 41 134 141 162 79 16 96 83 85 9 58 155 93 134 74 108 156 55 177 120 71 123 38 166 5 151 9 76 86 120 107 54 18 81 69 73 152 7 28 154 86 26 157 75 157 11 143 1 118 3 129 83 167 78 155 159 167 109 95 120 98 27 10 34 171 11 118 179 130 148 15 48 152 160 120 61 64 131 173 70 178 142 104 91 71 178 61 20 155 170 7 159 10 161 66 14 32 113 1 143 110 20 130 160 97 161 103 170 61 28 39 156 66 76 119 100 126 171 29 44 95 148 178 179 157 26 29 117 2 168 177 42 147 103 176 63 119 165 7 146 28 144 118 21 3 147 129 109 168 24 153 124 67 19 83 112 24 30 64 14 23 55 11 161 45 70 127 107 10 87 158 106 55 11 34 154 113 165 64 170 143 145 141 9 133 50 149 62 168 15 101 108 41 48 33 123 21 69 33 34 174 169 116 11 48 153 96 126 45 67 158 107 9 28 168 59 158 157 18 164 59 15 88 41 37 148 61 125 78 43 39 27 58 96 77 6 174 48 163 2 77 156 19 152 83 10 28 170 120 151 155 80 150 57 36 176 127 62 93 29 72 92 74 151 151 56 39 34 151 24 28 133 167 85 90 60 49 101 82 42 158 135 21 41 158 48 128 1 155 56 180 45 65 148 52 50 137 82 42 155 64 100 7 143 33 25 134 25 40 65 100 66 12 57 175 93 72 114 152 96 20 111 45 83 143 165 29 74 20 103 129 158 18 81 8 105 64 70 43 65 64 146 43 152 158 61 21 100 52 97 153 2 154 30 38 125 40 78 75 64 134 156 28 64 107 40 161 79 9 53 131 1 129 76 150 81 91 74 67 20 90 128 176 42 162 73 68 160 16 167 94 24 162 24 143 173 149 136 28 174 180 11 173 114 46 103 59 136 119 162 146 25 180 108 21 120 137 35 17 32 39 70 114 109 126 100 27 125 8 96 174 163 69 51 138 170 131 31 127 26 3 26 151 15 80 78 148 50 37 113 54 45 102 108 135 66 69 21 167 8 164 34 163 114 61 102 168 9 114 39 158 55 112 6 158 125 21 57 82 178 85 105 100 149 180 77 139 28 36 80 153 25 61 52 32 149 179 170 155 74 20 79 87 169 42 179 39 122 55 11 165 82 124 147 146 176 40 70 29 97 169 95 73 139 111 43 152 28 67 122 94 65 122 121 76 161 149 59 64 146 16 5 28 48 125 101 124 174 4 51 125 60 32 172 169 159 37 169 174 86 112 110 23 68 40 144 69 132 39 89 139 129 64 9 86 8 77 87 136 51 53 179 86 148 47 151 78 104 112 86 99 112 172 47 89 108 36 36 158 164 80 112 155 27 161 64 6 61 168 86 81 77 166 52 50 158 156 48 136 1 48 47 6 45 19 89 72 134 112 154 111 128 66 27 26 30 61 102 50 90 43 23 83 13 153 141 121 139 20 156 166 110 60 95 116
90 124 152 93 161 127 7 100 94 51 95 97 13 3 38 156 99 117 170 75 63 89 161 128 112 24 112 128 132 170 79 115 36 66 72 119 108 136 94 32 62 90 9 17 38 105 116 116 144 175 158 47 16 72 84 58 109 93 35 25 173 168 161 145 163 32 67 147 47 25 162 146 6 131 175 24 136 98 31 141 37 121 130 97 143 86 86 139 71 30 167 67 122 120 97 120 56 103 97 23 115 157 19 26 98 12 153 87 63 164 123 48 173 84 111 36 79 91 134 35 3 174 100 55 76 110 163 167 29 42 161 166 104 108 105 81 28 75 104 27 54 148 15 82 128 173 148 21 177 171 122 39 7 121 163 84 169 124 11 145 71 126 96 24 97 126 80 104 63 78 150 115 17 41 7 42 144 39 137 161 90 20 110 159 137 106 143 55 24 57 173 95 23 46 47 56 40 91 124 46 55 111 152 97 34 65 84 104 98 69 175 92 46 82 123 40 103 79 69 112 130 152 76 58 104 16 121 52 12 14 102 54 22 166 146 165 178 89 104 124 8 102 176 90 172 69 179 40 164 57 109 74 140 114 152 25 27 111 89 164 1 116 178 38 153 34 110 122 38 149 165 81 169 148 40 68 55 31 122 91 109 87 74 70 3 25 176 157 142 80 158 163 153 30 124 172 33 72 119 53 102 121 148 93 165 90 153 104 87 122 82 38 111 84 110 110 66 46 110 30 66 148 87 68 150 140 10 42 85 62 45 129 39 92 52 30 154 113 103 168 84 11 45 80 165 41 36 33 16 156 63 43 161 39 33 129 107 11 157 123 59 169 164 142 105 94 36 63 125 163 87 139 85 127 175 141 16 147 104 6 171 105 43 11 123 132 56 132 82 166 162 145 177 61 115 24 104 169 150 41 111 145 168 29 149 145 3 42 180 47 147 139 2 21 142 101 160 169 38 147 124 77 132 51 165 42 146 145 54 163 169 140 13 119 170 161 3 123 19 10 45 167 30 4 49 34 110 57 36 47 91 124 166 170 20 157 127 3 180 77 126 54 160 51 20 150 39 46 119 3 23 44 67 123 95 26 48 12 18 25 151 115 82 145 20 3 5 87 114 57 71 150 21 132 51 119 23 175 2 8 103 133 88 8 42 81 164 45 156 120 5 6 81 109 67 41 45 28 116 135 167 34 79 28 92 39 1 171 2 71 153 40 4 74 128 143 56 122 176 117 132 122 47 60 81 105 40 92 73 14 27 93 143 41 172 63 125 94 162 143 78 84 31 97 177 44 104 40 114 131 54 54 157 21 46 15 129 129 88 51 164 111 59 130 103 40 124 142 59 114 97 80 8 90 152 67 45 9 169 173 4 101 167 156 170 166 89 45 149 58 165 53 71 75 52 24 133 151 108 73 176 129 152 5 26 141 174 168 23 21 170 150 100 83 164 84 125 141 29 29 65 74 72 114 111 4 114 165 173 58 66 36 59 119 15 57 30 122 148 54 94 129 8 116 54 159 85 126 145 93 26 45 169 40 161 86 96 114 7 20 38 13 101 86 107 165 61 169 133 161 103 25 79 67 163 121 96 127 147 66 84 97 70 4 49 3 127 91 156 100 156 121 118 65 94 164 122 170 72 44 9 160 116 97 179 145 134 28 62 128 34 141 37 144 124 177 139 45 75 77 137 49 59 133 31 171 143 94 124 7 175 43 124 69 59 68 60 177 97 48 87 9 48 89 93 93 131 57 107 70 143 85 164 22 134 57 39 27 139 157 158 18 50 86 4 46 21 53 66 11 135 38 110 62 169 152 45 109 163 113 24 131 63 21 82 106 34 151 139 23 180 24 170 13 22 141 64 51 145 103 82 136 60 179 81 43 11 111 180 129 2 75 89 164 132 1 133 129 95 26 140 87 22 177 20 80 11 177 133 102 99 157 163 98 99 36 115 32 70 39 112 140 18 124 25 152 71 36 116 117 139 138 145 64 71 132 123 136 126 15 16 143 75 12 55 162 96 119 76 117 113 45 100 128 94 11 43 12 75 127 102 43 102 30 54 160 117 176 128 131 86 73 72 95 134 8 148 180 72 112 131 44 30 168 76 102 65 155 82 92 104 179 18 84 167 10 26 112 164 62 179 96 4 51 176 27 168 62 28 162 155 42 95 112 133 77 12 1 47 3 128 52 140 51 119 127 120 35 36 126 134 158 38 158 23 51 144 60 149 159 32 21 179 156 72 69 106 27 76 105 91 39 59 18 33 167 62 163 87 161 90 166 123 58 90 9 102 32 134 56 170 20 92 38 71 43 28 70 73 15 130 93 68 27 36 121 75 28 170 114 45 147 159 18 11 107 22 28 28 16 73 166 175 161 36 166 29 179 159 172 147 32 139 123 2 50 105 77 130 110 166 60 148 165 27 86 72 28 103 70 91 111 46 90 44 127 35 169 68 88 54 8 28 10 149 56 105 89 92 148 3 46 86 49 130 150 166 168 40 125 137 91 87 151 50 70 40 107 18 30 154 31 10 93 24 80 99 86 178 179 122 50 111 79 107 111 90 166 83 26 164 34 140 12 154 34 92 18 33 143 83 33 98 82 177 46 165 111 125 67 17 70 77 92 140 76 10 23 105 115 69 131 127 123 134 51 30 141 83 4 60 106 105 71 53 27 116 58 11 66 127 10 44 55 14 116 108 95 169 110 39 45 153 79 52 80 78 37 74 134
56 131 158 17 100 4 72 34 64 8 87 166 7 96 32 128 2 18 156 33 138 48 155 64 158 27 177 99 63 111 74 97 84 84 105 45 172 107 95 8 156 4 116 64 57 115 13 106 154 59 75 148 17 101 134 161 5 76 61 66 87 161 62 93 50 116 82 79 94 36 26 83 114 70 114 7 19 140 23 149 22 70 4 60 67 40 151 156 102 12 128 92 165 124 46 166 65 48 93 5 85 179 87 31 146 137 103 92 52 159 52 119 118 30 5 123 115 43 178 179 11 16 57 19 135 36 80 146 162 103 110 63 28 91 110 161 125 74 4 172 22 10 24 178 20 17 65 41 125 115 101 14 104 30 62 85 50 84 143 131 128 21 110 174 161 144 109 141 28 85 14 45 116 176 66 139 166 126 117 13 28 26 138 52 43 62 155 19 3 9 47 167 174 94 137 64 124 23 103 137 167 51 75 23 180 130 6 171 112 69 155 70 56 15 156 130 126 161 71 126 149 151 161 53 7 53 151 38 55 3 131 58 27 122 103 176 137 48 167 8 58 47 69 177 83 155 159 113 17 180 75 49 37 52 76 62 7 153 153 29 90 145 148 2 17 145 57 84 81 79 69 119 27 140 92 25 142 13 151 45 139 101 97 37 16 10 87 126 62 156 61 25 26 120 153 32 107 29 16 79 102 5 166 62 52 24 78 97 177 112 37 92 16 179 53 180 20 36 153 107 125 77 58 75 135 162 167 6 143 172 100 60 177 104 1 142 60 128 43 26 59 153 180 142 129 56 87 14 174 137 159 171 98 71 83 178 69 137 69 103 31 40 95 23 13 76 44 130 69 141 100 20 106 10 6 85 102 23 87 85 10 14 169 38 23 25 68 51 26 161 151 119 27 113 58 3 75 166 18 51 148 171 60 19 11 19 173 20 173 87 149 114 157 136 17 21 165 54 81 36 165 29 178 174 32 32 71 129 140 14 149 163 158 169 51 153 50 150 134 98 102 101 24 85 30 99 14 73 129 27 100 175 101 21 180 123 70 177 144 150 46 30 119 77 5 25 100 143 65 128 62 175 79 147 35 11 130 11 54 151 111 29 165 73 21 93 70 22 70 162 175 5 111 137 142 57 4 136 169 136 167 44 69 113 53 163 142 9 38 149 29 79 36 125 165 143 88 126 152 26 168 171 3 152 117 163 29 129 176 103 69 13 37 169 115 86 146 44 148 39 128 97 176 92 151 179 122 42 133 113 161 153 32 107 149 26 166 68 64 35 105 76 122 45 80 176 63 30 68 65 49 126 134 83 142 50 97 139 132 96 124 115 69 86 174 37 164 103 125 114 148 86 51 36 165 22 28 145 90 133 126 72 123 22 41 28 165 65 160 126 180 149 163 35 105 150 14 105 149 44 5 51 51 125 55 157 174 15 176 87 176 132 49 99 89 177 164 22 59 28 145 82 48 134 167 69 174 104 85 88 87 42 29 89 114 151 17 124 144 25 167 130 54 173 97 9 67 114 128 178 81 160 90 74 72 108 134 134 38 43 30 32 14 99 96 90 166 19 53 139 114 133 41 64 115 104 14 18 49 147 171 74 60 41 113 153 92 143 125 130 29 10 146 124 4 44 69 69 42 169 137 95 98 101 12 44 66 145 57 61 74 112 106 175 31 144 126 95 102 6 171 118 57 173 21 150 73 155 116 41 75 175 128 59 26 73 13 81 131 28 131 103 123 150 20 94 69 179 27 40 140 147 140 115 13 147 2 129 171 175 104 110 30 143 49 100 88 180 134 76 176 96 151 49 117 101 26 177 145 6 125 178 51 152 105 158 108 175 44 110 163 178 4 160 48 59 120 47 132 68 169 69 51 178 14 73 28 28 102 53 6 105 102 107 60 16 118 79 5 165 50 119 36 19 53 23 24 177 159 38 175 157 3 51 167 38 144 168 148 2 92 178 17 84 85 55 121 6 129 8 30 78 134 133 109 175 159 176 76 23 15 121 9 151 176 167 117 30 168 2 138 87 69 101 165 125 4 152 152 96 99 86 41 145 177 106 130 80 79 66 18 104 56 11 150 156 69 46 68 43 129 116 131 67 29 28 157 102 172 152 137 106 82 53 81 48 39 104 152 97 132 142 20 130 100 148 80 167 73 95 138 18 1 100 74 18 43 106 84 170 48 162 97 160 149 155 131 119 113 64 24 69 84 174 94 26 126 171 113 178 116 121 171 87 134 88 67 120 66 32 168 153 51 27 156 61 102 9 80 142 113 131 60 158 142 32 39 4 169 122 175 39 111 104 36 90 18 73 19 102 127 72 111 143 113 138 91 82 107 77 38 168 38 111 21 81 36 94 1 100 16 139 20 12 110 154 2 130 37 46 163 7 151 160 89 45 126 24 65 126 21 174 3 44 41 52 139 101 86 109 79 95 91 105 157 99 41 163 18 98 10 143 60 53 119 165 17 124 176 7 92 47 131 122 168 118 91 9 137 135 32 23 116 174 49 15 95 72 177 91 116 73 53 168 32 86 53 173 106 162 78 89 52 81 19 44 58 116 146 149 8 7 64 93 116 49 31 67 158 93 123 123 61 102 125 141 180 71 113 63 38 125 94 173 18 35 115 44 127 174 172 42 82 102 117 145 149 46 14 80 36 44 46 171 3 70 144 25 68 58 24 132 78 24 102 106 93 83 66 145 175 46 94 136 39 148 85 35 125 179
13 86 124 59 108 53 57 16 154 119 47 98 180 147 51 180 66 70 101 33 35 106 94 108 35 158 83 20 150 57 74 170 86 130 41 60 28 10 43 87 44 56 154 146 92 40 106 78 78 71 108 102 159 15 114 77 95 21 105 65 44 171 128 170 136 162 30 107 128 116 128 87 34 176 50 115 178 54 105 69 175 63 130 2 103 126 94 147 68 51 153 169 53 133 40 71 14 6 31 167 114 162 3 3 97 113 123 103 29 86 163 124 3 70 164 17 164 26 76 100 172 6 82 146 68 56 98 57 120 15 143 5 175 159 115 16 121 168 96 62 160 76 50 54 124 85 49 173 17 34 105 29 131 143 156 136 101 86 59 108 74 76 95 3 134 33 48 63 106 180 71 82 24 138 83 4 26 75 88 146 154 173 130 1 79 87 143 172 48 5 98 83 96 103 142 78 141 151 88 103 117 119 17 2 92 58 17 101 159 125 40 23 58 58 180 19 20 84 49 135 23 178 40 158 40 87 89 137 160 12 113 180 140 170 159 70 4 157 143 4 171 28 92 41 13 162 146 138 44 48 134 97 167 143 112 16 161 9 114 137 81 15 116 45 54 54 50 51 156 14 116 80 73 106 178 6 162 18 36 138 146 165 112 62 61 99 56 138 15 117 9 39 56 174 155 56 149 177 106 146 118 21 139 10 143 140 120 7 33 134 3 145 152 137 176 53 21 26 156 22 159 90 94 82 3 54 19 97 82 73 139 132 66 128 155 172 90 70 56 120 110 106 159 60 68 175 165 149 110 79 29 59 30 89 41 162 141 75 176 45 17 55 21 44 87 69 75 180 120 13 45 27 94 131 49 25 90 89 104 113 19 145 140 108 158 150 134 65 17 79 165 107 53 32 59 101 76 39 110 120 62 98 160 167 66 49 130 82 36 117 178 7 78 53 132 35 66 27 119 72 114 128 54 57 40 68 151 59 26 47 22 69 33 47 178 154 95 134 115 42 16 130 164 175 6 21 5 24 147 53 57 135 105 36 156 112 69 79 89 128 46 142 154 37 170 54 153 109 117 149 119 49 48 81 117 149 54 18 42 116 7 135 152 164 10 28 145 148 164 96 163 16 133 30 109 26 169 135 159 117 20 22 73 122 58 58 137 138 51 115 87 25 179 80 177 41 66 164 117 142 84 7 123 102 167 89 164 108 87 4 95 28 51 93 55 155 146 101 159 119 137 127 81 33 4 147 45 120 175 57 150 127 100 148 72 64 20 55 76 2 54 144 110 113 13 40 103 59 56 122 48 180 116 152 3 4 138 108 124 114 132 158 118 132 73 35 121 82 71 26 53 87 129 94 130 96 98 80 106 56 159 155 126 18 176 51 160 71 179 142 51 103 65 49 9 40 75 74 124 72 170 171 179 134 84 73 29 125 170 138 18 14 58 126 51 7 68 65 94 154 91 145 37 78 177 169 7 166 30 163 113 78 40 42 112 77 119 116 35 156 139 108 160 124 65 25 152 90 80 75 68 32 45 62 80 134 102 12 9 88 6 169 143 171 50 83 180 141 169 42 14 178 70 111 100 46 58 1 29 23 64 129 177 54 144 68 131 75 168 137 18 179 24 29 144 142 116 2 171 3 57 99 173 98 33 178 145 3 30 108 62 20 148 29 165 169 17 102 9 68 112 128 23 171 121 28 74 5 119 44 136 103 61 41 57 16 145 170 68 148 112 163 129 113 86 34 108 180 112 92 42 130 159 8 22 24 68 160 66 32 158 72 135 88 86 134 79 66 149 27 17 150 29 114 49 16 84 61 153 64 122 2 48 101 55 144 123 110 140 84 101 57 67 41 37 154 33 156 62 77 88 111 130 158 114 90 52 120 73 98 103 144 155 103 100 96 37 148 107 107 108 14 12 111 40 36 98 155 166 94 83 179 39 25 124 163 178 78 105 44 59 39 172 21 73 169 111 115 147 111 153 143 72 159 125 105 137 102 165 170 160 35 24 104 140 145 122 8 29 168 173 153 92 159 85 165 48 28 137 148 173 139 110 120 38 63 159 135 160 57 99 56 178 131 18 62 51 132 174 64 98 159 63 2 102 169 43 179 93 97 145 149 160 84 166 87 127 19 38 7 90 67 143 1 125 97 95 40 43 95 82 134 76 138 49 78 35 101 135 70 177 40 81 82 48 76 157 176 138 43 161 110 48 142 155 106 114 96 159 175 79 146 59 59 63 75 158 131 118 40 110 55 103 87 42 103 151 142 164 137 149 92 41 22 14 91 160 25 59 74 124 103 163 107 69 37 150 164 16 43 50 101 85 127 47 22 172 145 105 98 67 127 19 6 125 99 68 174 84 36 141 167 43 14 151 142 44 143 152 150 132 91 46 174 26 136 171 151 175 67 51 34 155 115 125 133 89 36 75 16 148 105 135 10 9 79 170 74 159 98 56 150 106 56 6 69 155 30 165 12 139 164 177 150 67 175 7 153 50 77 159 126 31 87 158 48 95 92 180 6 108 121 159 169 5 29 17 44 35 147 2 1 50 158 77 154 89 89 140 33 144 86 142 177 69 94 44 29 89 45 99 73 103 172 145 175 123 168 151 62 10 120 117 4 155 144 111 8 10 150 160 75 134 82 131 174 174 31 155 122 164 87 50 123 22 110 86 67 76 81 75 44 177 151 34 75 6 99 125 13 162 67 147 44 63 80 27 90 32 116
97 141 176 53 144 100 76 156 117 15 20 53 90 117 9 41 161 55 167 81 138 76 142 168 89 111 89 73 165 107 119 10 36 56 2 171 128 179 116 153 15 175 129 34 170 60 47 109 16 120 111 77 1 7 158 31 114 168 109 53 134 135 178 47 57 176 13 92 46 37 72 52 33 150 144 166 141 160 144 100 160 82 171 166 70 32 180 57 174 85 21 141 149 66 63 116 116 36 75 99 115 108 111 169 48 167 18 70 161 172 176 22 14 162 104 50 53 101 100 100 158 46 86 138 92 47 13 149 79 44 119 34 166 3 123 116 130 130 64 113 134 128 178 52 124 124 178 109 22 91 178 36 88 13 134 93 72 61 46 20 152 140 100 3 1 44 172 3 125 74 87 152 73 137 48 148 79 124 26 9 94 180 42 77 33 61 116 10 61 61 121 27 41 149 172 106 70 103 119 90 51 176 62 56 124 48 53 149 45 14 170 172 158 81 77 121 111 110 117 35 25 76 122 136 169 48 46 74 3 35 98 146 98 31 74 176 177 13 5 160 53 49 152 18 7 130 103 28 23 10 4 10 115 152 24 161 24 87 19 114 10 65 173 135 1 136 25 92 139 59 71 46 22 110 144 153 43 126 75 56 146 104 141 162 141 113 154 83 15 157 32 146 146 176 118 98 28 109 120 12 108 12 101 106 34 32 104 147 179 9 71 47 91 64 79 117 7 144 19 7 144 69 111 147 88 86 100 44 90 132 46 112 32 173 178 79 72 17 115 131 39 69 126 69 64 92 61 84 174 89 144 114 140 151 50 107 175 49 44 178 179 63 109 167 106 10 23 136 64 152 80 70 66 83 59 6 92 157 87 45 30 72 5 25 165 104 140 87 141 38 31 133 137 92 75 41 61 21 159 168 172 127 123 162 31 65 79 124 133 36 117 166 62 6 117 93 35 123 70 116 27 167 57 50 37 84 76 99 97 158 146 18 150 146 150 116 1 127 111 130 160 87 18 141 127 102 179 6 1 151 129 30 41 171 27 171 45 159 42 89 114 54 75 141 4 132 126 134 87 121 78 9 49 159 72 60 58 71 172 179 24 43 177 162 143 11 93 9 71 156 3 113 129 116 3 17 115 149 67 29 5 130 59 170 67 37 22 95 92 127 146 71 93 19 143 119 86 113 180 122 132 55 159 96 149 131 14 10 156 25 121 104 29 101 99 106 148 14 112 178 73 62 147 110 61 69 123 144 59 34 4 130 88 89 148 25 40 174 177 10 88 77 80 171 98 151 158 122 164 114 113 85 102 141 93 10 169 47 47 8 167 9 105 110 134 9 9 111 151 44 152 84 51 129 128 98 118 47 35 156 109 50 170 60 103 165 49 137 151 33 14 140 163 12 164 67 17 30 157 40 65 144 106 16 143 167 159 69 80 124 111 90 45 28 3 80 146 162 58 128 66 1 30 14 1 30 76 128 91 33 170 118 177 90 151 71 77 41 44 104 44 43 51 144 94 124 116 121 4 56 24 24 85 63 91 22 27 22 129 132 108 19 43 18 71 169 111 118 180 88 169 34 171 123 176 128 40 180 142 115 160 145 138 37 84 131 33 170 71 42 94 10 17 30 9 21 68 52 76 56 114 165 59 179 162 20 180 170 173 9 49 13 161 123 172 151 27 72 160 142 6 2 52 133 168 154 62 43 171 6 15 76 178 113 88 78 50 73 87 51 69 83 71 77 37 131 74 160 170 172 98 176 146 75 53 12 60 32 81 173 148 36 84 30 140 102 33 109 13 70 16 17 143 149 164 130 123 95 39 176 144 62 56 136 100 16 24 123 51 167 130 17 152 36 129 43 107 144 141 100 178 106 111 165 79 173 39 123 178 161 4 66 174 48 54 1 127 172 76 148 68 48 4 99 54 60 74 112 128 17 46 82 24 123 24 149 27 38 15 48 82 71 31 161 72 180 113 29 27 132 71 167 101 76 115 81 70 23 146 8 62 96 161 131 175 127 88 96 169 40 130 50 162 65 12 85 180 70 12 144 136 126 80 3 169 92 90 174 102 11 17 60 123 6 92 164 72 130 99 75 86 173 54 135 134 82 41 106 178 155 89 146 93 169 43 23 176 61 172 46 106 110 78 50 86 17 66 3 133 77 44 153 160 57 171 83 23 89 163 154 34 143 115 174 37 81 1 135 174 13 77 154 89 157 143 2 7 106 97 25 157 40 20 89 22 44 33 64 38 95 55 106 1 60 174 43 19 13 42 16 7 140 111 98 61 57 12 124 169 161 176 41 84 11 149 178 159 159 93 165 127 37 83 117 52 60 162 90 64 125 155 63 28 57 39 92 21 116 60 58 52 146 20 106 65 177 154 41 108 36 48 52 84 36 73 121 32 55 16 124 43 34 114 45 114 45 170 158 107 4 25 77 50 20 128 2 3 153 178 6 95 48 149 101 155 9 132 64 168 27 132 74 107 114 89 161 82 103 111 77 123 106 167 60 15 173 27 58 49 92 152 104 44 33 52 62 177 71 19 113 71 132 72 86 125 106 3 19 26 111 62 87 79 32 116 7 94 64 116 98 70 98 97 10 175 116 10 91 89 123 103 159 145 107 91 136 30 177 130 116 152 58 99 111 140 103 158 145 103 24 11 26 180 76 158 147 111 104 116 19 34 44 153 43 53 38 168 38 176 177 31 164 73 39 43 96 79 115 143 178
105 1 34 143 21 11 112 68 66 79 72 115 126 115 143 136 70 7 102 30 11 95 37 12 125 48 58 11 135 116 15 33 129 111 75 92 114 32 151 115 135 102 6 71 159 83 62 129 19 61 42 72 79 60 56 37 115 18 121 47 75 10 177 45 177 151 60 37 13 81 115 65 43 12 125 70 90 10 29 102 147 164 162 68 123 128 178 17 128 155 180 1 102 46 131 94 56 99 8 169 13 136 83 4 73 71 62 148 139 140 128 54 20 39 172 135 80 58 170 65 82 22 177 57 24 86 19 82 144 75 179 140 170 6 83 161 20 118 100 7 78 145 137 21 79 99 45 6 109 169 89 33 13 61 77 128 78 126 29 154 171 114 110 110 153 168 138 69 117 59 114 98 156 112 17 81 61 11 117 43 168 113 135 171 169 29 59 129 168 150 53 118 106 154 26 127 77 38 152 5 12 167 56 167 27 120 21 136 134 53 163 100 101 92 13 103 41 62 19 22 179 7 169 31 58 56 139 99 33 76 61 117 152 43 117 65 146 97 134 64 132 178 4 102 105 46 20 173 122 131 39 12 138 91 27 114 93 30 169 71 144 80 151 92 13 113 37 22 34 105 178 163 143 14 119 152 11 43 171 179 149 100 123 151 127 37 44 54 80 33 68 2 111 75 144 77 142 74 132 173 176 3 12 155 149 172 36 21 123 107 27 160 85 38 34 62 5 48 59 98 150 156 19 48 120 98 179 37 158 28 145 18 128 128 24 52 77 1 112 170 91 153 51 96 147 27 58 8 60 40 77 133 23 171 59 31 49 171 5 84 136 42 116 82 180 49 3 115 14 100 61 19 169 156 53 107 133 115 40 84 34 39 1 145 21 46 152 134 141 74 71 145 141 56 120 12 3 27 127 12 102 35 108 10 105 5 133 159 13 42 68 162 155 133 141 110 86 134 19 118 12 28 75 167 132 71 121 125 83 74 55 150 175 171 25 99 47 73 148 109 43 13 95 15 9 65 123 13 21 40 53 108 54 42 139 166 47 90 58 144 171 11 70 58 50 164 153 52 47 47 114 106 115 114 179 12 161 110 124 133 143 102 29 143 144 134 65 26 47 176 21 27 152 165 149 82 51 122 178 117 114 152 98 84 45 92 8 112 136 85 160 157 139 160 38 30 136 180 61 130 107 4 34 43 8 29 177 43 142 2 134 100 140 155 123 102 12 5 52 40 174 136 56 65 87 36 67 38 80 145 139 149 140 14 20 53 109 106 78 22 16 138 111 27 102 106 55 29 27 74 56 78 47 169 67 51 95 103 114 123 132 51 37 175 10 68 18 127 175 122 179 69 177 52 29 162 170 178 146 56 48 156 178 149 171 86 140 48 178 35 135 152 158 20 88 172 28 119 132 104 13 150 73 19 172 121 13 133 83 90 157 33 157 149 54 129 154 131 44 9 75 155 144 34 179 51 177 138 73 35 137 38 66 134 13 102 61 59 166 60 51 98 75 38 72 121 144 96 24 2 50 180 104 129 150 175 34 89 159 139 166 122 131 5 116 73 32 136 165 65 2 48 1 174 6 171 133 62 152 169 172 96 77 44 75 30 53 19 102 159 96 112 167 72 1 71 123 85 126 14 72 131 72 71 170 158 133 87 123 18 89 78 68 21 89 88 108 112 116 154 72 13 164 28 91 32 41 18 113 104 55 132 11 156 51 67 85 163 175 143 150 158 73 87 58 110 32 141 33 104 109 138 174 67 126 165 158 9 107 45 174 59 112 2 74 62 20 93 74 106 62 5 103 172 12 85 154 41 113 43 143 107 106 83 70 144 133 86 123 85 69 137 174 170 128 69 125 13 62 103 97 18 152 2 148 173 122 60 83 73 154 133 69 7 163 82 67 31 71 126 104 41 159 75 169 94 124 11 132 128 101 43 57 171 174 70 26 170 174 94 36 121 171 86 96 52 114 96 147 168 141 173 62 29 104 136 93 109 72 88 10 104 123 117 47 22 158 14 78 2 151 157 171 66 11 16 122 89 129 47 7 175 163 150 119 21 10 24 177 135 38 123 129 174 161 163 110 34 15 148 129 143 134 171 163 89 162 60 77 70 177 151 62 145 52 9 30 117 111 171 17 78 127 18 100 54 140 56 71 4 145 78 154 5 15 71 73 90 50 162 73 21 115 76 169 129 30 45 58 84 146 10 30 52 157 88 93 154 70 154 41 48 110 1 180 111 46 85 81 180 149 170 105 22 37 169 62 50 113 69 63 120 110 92 75 74 151 127 41 7 29 129 171 164 49 57 174 102 147 2 176 171 115 106 95 99 154 38 158 80 19 129 121 176 124 148 47 119 118 4 128 106 158 177 95 85 54 167 154 152 36 119 163 139 128 90 9 38 54 118 12 126 76 28 153 150 122 37 164 3 101 39 86 73 65 178 34 94 62 104 180 168 47 34 111 58 109 166 42 81 10 117 170 118 150 50 89 19 7 98 6 105 101 20 148 28 179 110 158 35 76 26 176 104 172 54 89 144 168 130 138 122 136 102 130 32 26 132 17 84 76 116 163 16 59 64 173 67 4 166 169 59 28 63 35 121 133 68 144 132 108 12 34 50 12 119 143 82 135 77 96 127 82 33 136 96 83 142 21 8 18 108 92 28 147 72 77 167 1 140 85 142 178 55 81 17 126 77 129 117 116 85 127 1 71 52 115 94 148 116
174 163 62 62 144 80 67 69 20 32 121 155 161 61 49 175 175 117 59 135 42 79 22 80 155 40 154 143 56 46 147 147 80 151 121 175 167 72 130 131 5 46 99 41 168 178 8 18 145 44 109 113 176 28 52 140 29 28 65 128 133 48 144 110 160 158 98 149 61 123 90 45 146 29 111 179 45 28 73 102 139 125 30 160 122 54 44 111 23 80 20 152 7 23 113 96 120 24 142 19 93 61 126 32 63 153 177 77 81 41 171 17 55 168 88 148 69 20 57 163 86 59 64 148 48 125 104 27 127 91 59 143 157 162 28 151 91 61 133 149 87 45 115 167 77 60 33 149 57 90 59 41 45 125 178 37 90 73 10 62 34 63 136 89 146 12 180 84 68 81 150 2 50 114 42 142 22 64 180 156 178 175 7 70 96 79 9 27 173 3 1 41 59 108 5 80 92 8 115 117 115 27 163 25 4 57 88 76 95 60 73 104 116 122 115 102 12 175 67 92 74 134 142 75 94 110 19 142 70 142 132 166 177 43 52 40 112 129 20 84 75 18 68 109 69 58 34 9 1 65 20 134 146 128 106 23 75 3 78 158 10 39 112 38 1 73 10 49 101 151 166 56 68 81 123 143 47 144 133 168 153 142 11 33 73 133 13 159 102 33 50 175 29 147 11 152 67 96 41 151 117 114 77 43 38 110 100 139 68 50 166 121 59 47 77 178 56 21 57 96 177 139 61 12 55 8 62 143 50 56 150 5 152 9 45 164 3 84 116 106 16 42 45 107 159 16 37 51 139 87 86 40 99 72 15 66 58 13 99 85 148 33 45 89 105 17 142 50 167 145 177 14 65 56 13 108 77 30 78 31 21 180 110 57 79 128 3 31 76 159 65 77 35 171 118 83 175 155 173 160 117 28 90 129 114 35 169 43 45 39 166 165 60 128 89 62 164 83 95 121 92 159 58 25 120 76 96 40 23 72 13 77 175 12 152 118 67 135 24 151 64 159 105 54 89 21 164 120 118 104 21 110 47 142 154 56 84 168 50 126 104 66 127 20 44 94 62 75 76 70 30 161 16 4 42 43 119 117 63 126 157 128 116 23 146 71 67 42 133 158 126 108 27 38 160 59 129 25 81 32 14 173 122 128 25 175 31 105 105 59 99 93 179 169 3 106 79 44 116 116 134 125 21 23 44 2 54 122 11 44 34 174 161 124 12 11 120 93 144 170 64 91 139 118 42 98 142 91 98 47 4 94 138 49 46 175 145 123 164 161 90 129 20 92 18 169 58 39 61 140 11 30 180 89 123 177 142 106 44 79 47 143 1 134 123 132 107 97 44 117 103 68 50 147 173 163 129 112 54 154 33 103 43 164 175 37 19 42 28 42 59 37 64 17 80 126 28 21 130 20 5 101 34 107 36 60 69 80 42 141 124 167 118 59 90 142 117 41 96 76 149 86 60 65 141 135 128 10 85 43 13 131 177 68 12 74 42 14 124 102 154 47 143 37 3 9 17 72 137 3 7 54 62 176 106 145 35 24 147 6 23 107 175 31 6 56 54 56 127 167 133 22 135 139 67 110 21 17 122 88 158 150 80 60 134 133 26 97 94 56 136 24 156 96 55 44 96 138 113 131 178 101 149 46 110 28 173 83 25 124 71 12 8 175 90 37 166 92 1 69 115 120 98 12 40 30 140 94 120 9 172 147 171 127 67 172 155 133 157 73 133 58 160 41 57 7 172 31 171 138 129 41 116 103 66 166 44 37 140 119 35 103 39 146 77 115 111 101 19 61 11 3 177 156 162 150 93 180 34 13 148 35 108 118 161 71 153 64 117 31 73 55 48 67 88 178 109 37 38 5 154 113 86 75 92 29 81 105 58 4 131 73 68 93 125 130 63 56 153 15 31 94 170 85 69 53 84 171 123 76 163 118 153 128 120 177 56 86 14 106 24 71 16 64 129 51 9 31 90 92 135 21 151 155 170 47 89 51 68 29 161 1 73 110 82 153 121 7 70 55 140 10 132 87 108 158 58 94 113 21 172 108 45 37 99 135 30 8 66 84 9 180 63 42 61 18 22 44 126 47 10 142 56 24 94 33 136 168 113 78 44 76 73 28 87 130 70 76 167 62 34 180 40 124 8 37 41 84 102 38 110 88 40 28 98 93 152 10 112 70 177 122 178 80 77 153 107 8 3 29 6 143 117 7 47 166 138 136 121 75 16 156 91 105 152 163 55 173 130 167 108 135 6 109 36 49 16 175 28 2 75 57 40 122 90 40 30 66 130 14 19 178 76 107 59 5 72 12 11 84 57 86 137 135 15 137 155 33 163 10 44 170 56 25 58 108 58 23 160 37 78 17 109 147 140 48 153 81 56 81 173 170 8 80 21 75 45 30 179 81 165 33 169 118 28 93 167 95 168 59 138 37 105 124 148 90 57 104 100 68 20 80 168 68 65 33 44 37 149 139 54 54 69 137 121 7 6 80 5 120 90 19 137 53 144 148 93 168 179 117 23 40 63 46 168 60 48 154 80 72 114 26 13 49 122 72 28 13 103 73 59 161 37 116 124 131 97 109 168 22 102 81 52 41 139 30 5 51 111 147 151 24 100 47 24 83 86 52 44 108 127 154 32 119 160 68 30 148 140 46 93 66 86 163 114 42 7 169 130 170 72 113 126 135 128 45 53 58 14 2 7 34 55 55 85 130 120 48 180 171
129 32 44 78 168 163 13 4 30 10 70 21 64 153 171 22 147 22 23 114 173 125 111 86 49 24 60 84 149 92 99 23 84 156 2 37 118 77 179 138 18 91 164 72 128 83 136 38 131 102 76 159 125 106 44 68 163 118 19 143 9 100 74 36 100 104 74 101 86 143 115 129 170 6 177 92 53 165 25 104 116 57 35 154 54 59 140 98 31 126 71 30 148 168 145 45 53 143 161 64 97 52 95 36 84 125 15 3 35 141 79 136 58 55 29 141 51 72 98 130 25 48 58 63 173 115 63 55 78 164 92 147 18 34 131 83 160 36 144 83 68 99 47 35 154 156 48 114 55 47 179 39 89 148 107 147 31 29 177 65 96 85 115 78 59 13 54 163 106 120 53 171 129 99 76 13 176 166 32 34 174 3 106 166 80 123 71 3 42 150 101 113 164 132 171 18 101 106 70 74 143 89 146 89 71 151 114 32 48 116 174 147 66 44 83 129 128 127 129 47 102 174 173 114 77 138 11 9 11 78 49 41 136 52 24 34 4 39 39 137 166 121 44 59 173 140 43 145 116 21 17 26 106 108 167 21 169 145 89 17 103 123 43 131 42 24 8 23 41 146 116 51 76 30 90 114 131 128 113 72 23 150 158 87 157 102 13 134 136 63 158 37 143 18 168 109 153 81 103 41 104 152 51 78 20 136 131 27 136 9 25 88 166 31 20 171 164 126 41 109 52 79 106 160 167 43 162 163 146 170 82 150 133 76 72 147 10 16 103 78 109 20 43 7 88 41 176 16 175 126 84 46 11 13 49 7 155 10 177 100 68 84 139 9 141 67 117 24 104 127 124 171 161 18 21 136 162 65 73 103 83 105 33 64 101 152 109 20 136 44 47 127 177 56 16 148 153 174 104 30 146 135 51 9 128 127 113 83 29 90 138 172 29 82 13 76 38 150 14 1 152 88 149 14 86 26 33 87 142 157 79 146 152 148 94 34 62 27 51 120 129 54 110 75 16 167 93 112 78 139 43 113 159 39 131 145 131 3 45 140 28 126 29 3 62 9 10 111 97 90 47 69 24 110 59 112 95 154 125 77 95 116 71 84 61 54 48 177 68 27 64 176 163 27 99 100 113 180 87 134 113 26 159 143 166 101 96 134 9 137 106 8 132 49 159 174 40 26 65 179 148 16 83 39 116 14 64 152 170 39 87 72 139 179 111 136 60 23 64 166 30 71 119 90 72 21 123 121 43 45 29 154 116 138 69 125 166 140 100 44 81 32 180 99 159 11 49 43 170 129 73 92 38 162 108 178 88 153 111 103 91 7 5 10 101 153 150 127 130 126 55 90 148 11 112 147 139 117 149 68 56 58 4 175 55 36 7 151 166 35 40 133 148 38 176 2 93 149 119 62 22 105 47 41 60 107 105 129 70 100 85 180 171 179 20 101 176 129 66 159 157 149 75 170 126 5 148 23 161 47 141 26 29 172 18 177 166 79 115 115 171 88 62 87 115 103 155 88 58 159 105 86 2 167 148 136 87 180 42 117 170 52 179 4 67 56 173 80 40 34 142 82 144 55 164 58 92 158 84 97 72 129 44 107 28 103 143 49 130 59 26 73 132 179 113 179 165 30 12 42 132 155 4 100 37 160 135 104 108 124 4 119 133 35 147 34 125 143 44 173 173 90 26 156 72 89 173 25 157 16 180 132 88 173 98 52 88 84 48 132 114 140 138 133 138 172 101 135 106 56 142 106 107 64 2 40 12 145 148 150 6 23 157 144 165 4 176 28 13 158 60 165 87 102 158 17 64 33 96 58 97 57 109 122 26 131 28 67 166 165 81 67 78 87 136 132 146 107 24 12 34 125 85 51 153 51 131 125 101 144 150 35 39 3 54 3 30 16 68 14 90 154 40 134 50 84 90 123 103 70 75 119 40 40 18 123 168 118 140 16 104 87 12 22 121 147 57 128 54 114 36 46 52 106 123 150 115 29 148 24 116 62 130 179 18 166 20 79 87 33 166 55 123 137 158 109 125 68 117 149 51 77 127 106 107 168 163 114 90 120 36 127 57 115 180 88 166 55 17 178 78 124 169 148 75 13 129 92 42 132 136 19 55 37 30 79 1 170 110 103 48 67 81 164 12 36 16 127 100 120 52 166 21 96 94 21 61 41 37 158 109 100 131 78 108 10 92 146 127 95 118 173 124 72 93 59 56 32 43 133 104 71 135 81 75 130 78 74 152 35 60 133 36 36 116 100 145 171 165 131 12 67 25 32 55 85 68 58 115 4 31 18 18 29 106 52 21 98 102 164 51 133 11 98 8 93 36 86 179 18 92 165 121 114 62 172 36 63 126 168 22 150 65 81 135 68 75 69 112 138 177 16 118 178 63 11 159 112 35 55 12 162 129 108 76 11 136 49 145 44 176 8 155 92 157 135 102 61 151 1 6 83 133 130 55 129 33 5 19 143 83 34 40 77 11 87 109 101 92 81 122 156 125 163 176 38 85 120 152 13 15 56 59 162 16 165 100 16 65 83 46 120 38 138 88 131 72 38 112 97 105 151 178 22 26 97 88 2 51 11 94 82 19 140 78 174 79 108 104 15 61 27 91 70 61 48 158 130 137 60 100 142 13 156 161 90 25 79 11 15 180 180 143 34 124 125 79 29 61 132 79 158 67 141 64 45 61 46 7 12 40 134 154 15 64 44 74 1 75 120
130 26 51 54 62 69 154 78 67 179 58 60 166 36 10 99 75 91 140 111 78 84 160 78 34 29 69 112 73 165 99 85 9 45 11 161 95 26 31 151 14 96 59 81 101 9 134 90 27 135 35 35 143 62 28 68 93 170 107 156 173 161 149 63 42 23 12 130 155 104 158 141 113 102 55 1 162 162 146 175 53 60 106 37 61 138 178 25 161 175 44 132 105 103 121 83 13 39 91 39 111 69 28 78 51 94 113 144 87 101 151 12 171 89 120 66 30 159 142 31 137 57 95 37 5 161 167 61 167 89 49 116 149 70 100 84 3 167 32 163 158 135 51 79 101 89 122 34 134 143 90 116 32 89 49 44 71 27 139 140 77 87 113 109 131 64 175 23 123 47 45 104 143 104 84 27 1 153 118 28 85 92 130 46 38 25 117 144 104 20 75 62 11 79 149 158 17 9 161 90 176 150 88 12 57 128 24 137 133 52 87 144 47 86 44 174 114 71 21 77 137 83 41 118 15 175 117 5 90 73 24 61 38 2 3 177 117 64 36 17 160 102 12 112 40 52 159 60 118 113 160 127 28 146 59 117 8 81 78 164 79 110 157 129 119 161 4 75 99 92 164 106 132 143 72 88 13 34 91 42 69 26 154 70 170 152 125 31 20 123 18 67 132 133 140 9 137 3 112 11 24 117 20 97 80 93 104 120 150 24 136 80 29 33 63 84 5 134 70 131 139 38 136 153 42 154 95 79 77 80 76 114 48 47 119 20 146 102 74 2 26 166 163 45 147 172 71 6 65 145 168 70 112 1 169 45 120 104 16 30 4 15 7 73 47 141 42 22 90 26 34 168 149 100 104 64 92 72 7 107 98 86 49 131 172 81 107 35 173 88 141 114 123 29 121 125 117 68 117 179 119 172 63 97 138 175 66 19 51 87 7 23 127 93 71 167 180 33 168 157 109 132 59 12 7 37 29 86 51 119 92 110 34 162 41 47 160 107 7 168 150 117 98 136 37 163 101 155 113 143 113 72 14 60 154 56 25 76 134 58 99 126 72 109 55 78 50 43 113 61 6 95 143 124 38 22 15 124 54 145 102 17 73 101 3 70 71 131 143 20 85 27 79 147 25 92 177 95 73 176 45 165 163 11 145 10 120 7 49 8 10 153 104 165 15 127 129 45 70 127 112 172 170 15 166 57 73 97 6 36 55 1 152 51 179 117 102 22 150 8 94 139 76 20 1 113 11 56 31 108 84 61 140 163 24 21 103 29 105 98 85 166 114 130 92 161 9 52 96 64 97 115 153 39 110 71 26 163 166 10 60 170 44 8 81 26 6 67 144 164 62 54 23 55 105 93 16 173 14 112 134 180 168 30 23 70 105 109 25 87 151 167 41 77 81 69 116 142 70 14 55 85 22 51 153 100 139 130 11 21 127 162 33 85 170 26 34 88 54 99 79 72 15 176 104 85 52 20 118 104 139 39 10 125 124 101 87 161 47 60 19 129 178 17 77 38 96 106 120 133 19 73 73 147 31 11 4 74 16 58 177 10 84 61 103 33 59 57 147 123 83 20 166 159 150 147 85 177 172 147 137 21 54 161 165 174 37 45 162 135 43 13 128 116 10 157 84 39 61 156 102 1 134 112 36 25 124 168 161 72 127 3 73 104 19 19 22 144 58 76 79 121 37 28 56 83 101 43 50 127 9 120 127 133 58 62 97 92 73 161 76 3 52 155 162 29 168 114 77 81 97 178 128 39 33 77 98 60 62 140 47 29 16 77 111 172 79 86 152 57 91 26 49 119 160 107 35 83 42 98 136 158 18 30 2 32 58 106 44 17 154 80 129 120 135 122 11 147 51 102 12 126 41 35 4 27 107 31 20 136 156 134 124 100 5 64 33 15 99 51 132 87 136 165 121 117 150 60 16 179 140 88 83 33 146 73 153 31 126 168 47 73 145 111 141 148 158 158 95 173 124 91 155 154 17 76 44 174 87 98 40 10 89 97 129 104 28 96 157 159 129 74 127 82 122 40 80 113 36 93 112 126 127 5 175 30 165 132 165 112 171 107 142 171 34 121 62 118 30 143 19 125 42 57 74 77 150 12 102 75 131 104 145 76 24 103 122 165 8 135 139 75 99 32 91 95 93 87 174 66 74 25 1 176 151 37 146 81 74 158 16 44 73 160 18 6 9 173 40 72 39 85 151 77 75 89 128 79 54 145 164 100 35 150 167 61 155 84 51 75 98 35 44 130 114 6 69 49 179 114 16 114 71 145 58 160 30 118 141 39 52 87 135 96 117 69 75 27 20 45 28 89 30 117 74 12 73 133 16 108 86 66 106 163 101 52 44 65 170 139 50 47 67 13 47 77 86 123 92 123 48 68 129 45 4 90 34 121 145 58 70 10 14 80 8 5 31 54 61 108 130 50 63 68 62 126 149 143 18 80 91 150 34 61 76 65 33 86 130 154 20 38 144 163 90 176 156 78 19 66 126 176 93 139 60 136 59 13 153 159 2 129 53 64 16 113 22 133 18 23 126 7 93 52 123 131 56 155 38 39 17 59 144 48 24 138 128 33 140 33 84 88 149 79 157 51 122 125 36 147 166 5 162 75 50 4 125 162 39 58 75 173 72 55 96 127 36 154 83 134 71 67 45 62 31 80 113 107 129 24 152 123 138 165 128 68 88 81 119 160 43 53 143 149 158 105 155 12 133 38
80 108 173 126 3 4 172 144 1 156 47 6 101 149 163 164 27 67 158 18 82 55 141 90 102 77 9 38 148 34 4 146 176 37 116 134 179 55 60 131 170 71 73 100 141 122 163 145 79 88 81 11 101 48 107 47 138 160 150 106 148 97 33 46 145 52 115 34 120 42 141 55 69 28 158 43 133 9 139 66 1 162 115 33 102 115 143 91 137 150 115 168 171 12 42 44 60 148 24 53 82 40 175 50 97 171 149 45 2 36 23 171 64 123 165 115 166 175 161 154 7 171 60 47 12 99 90 63 75 31 96 55 70 108 147 57 38 34 168 115 90 146 110 126 166 69 166 156 108 33 169 4 40 133 31 109 27 175 111 19 52 106 148 30 119 49 150 149 131 176 66 128 155 34 147 112 90 30 13 107 174 91 53 78 75 85 162 178 151 175 62 112 20 81 129 154 50 115 84 139 84 28 127 63 145 106 50 110 109 99 32 53 102 123 18 129 74 34 141 56 14 109 175 112 146 1 63 52 67 8 65 135 30 73 29 154 78 143 68 179 43 176 60 38 87 26 117 118 78 29 53 102 159 71 46 160 23 164 93 4 155 66 41 73 164 148 128 30 82 77 16 4 40 12 176 145 155 116 3 124 11 147 67 168 118 41 75 140 9 132 161 98 123 79 4 28 150 134 63 178 96 31 80 54 40 120 33 95 166 99 86 146 119 39 141 39 88 114 158 66 68 70 104 52 85 40 44 128 176 156 71 170 144 35 78 151 83 42 90 153 19 11 136 123 50 105 169 180 10 137 168 145 78 95 165 34 115 139 55 118 55 153 107 103 112 169 176 50 119 173 119 137 155 15 149 135 8 110 8 142 154 76 23 122 9 104 106 119 122 158 111 69 31 6 51 173 61 44 91 113 87 138 40 137 21 109 2 173 1 85 150 114 72 7 2 1 73 172 29 13 164 64 144 32 85 62 33 76 114 177 79 148 127 41 122 92 58 129 82 121 136 113 61 87 81 126 152 178 127 26 84 33 61 96 138 62 88 104 41 161 49 86 121 166 128 56 15 28 134 121 126 80 173 156 93 58 115 123 90 24 17 91 147 135 49 167 95 25 151 22 75 18 161 139 141 113 12 104 84 12 126 31 85 125 122 126 34 94 109 170 5 109 65 147 82 93 174 122 114 30 128 52 74 134 108 153 140 165 118 121 17 164 50 140 148 159 152 116 14 100 12 72 77 56 136 104 33 33 104 115 41 150 41 47 169 107 68 165 75 109 103 124 118 146 26 49 45 138 177 40 172 142 71 176 110 29 90 138 174 113 113 158 163 131 59 50 17 32 56 160 73 156 39 108 177 121 101 81 122 132 172 149 21 94 2 102 129 131 34 39 69 21 146 164 79 78 15 91 45 10 81 133 80 109 70 54 67 108 51 108 4 116 146 7 23 93 18 135 30 38 89 139 64 159 74 11 162 95 30 64 163 92 21 167 131 5 17 14 88 42 178 140 180 20 176 151 24 57 83 170 154 26 170 29 9 105 173 136 142 170 89 160 69 132 63 13 146 6 37 169 133 159 157 96 51 25 49 162 64 154 132 1 45 168 58 91 87 56 79 155 180 148 82 85 5 12 177 140 38 116 25 42 101 175 69 26 170 101 91 26 103 160 51 77 136 176 125 150 31 103 22 90 23 66 88 160 33 148 152 23 61 88 33 171 85 37 174 79 84 2 128 155 83 159 98 125 138 117 82 109 115 7 35 138 162 157 122 36 109 167 29 133 54 147 8 22 84 50 71 28 67 84 118 151 3 35 1 53 36 34 156 124 150 27 100 32 53 58 106 12 21 128 10 95 36 165 76 123 166 86 71 89 99 99 117 99 123 113 27 132 167 49 51 124 140 48 57 124 49 40 142 171 6 50 146 105 38 132 6 10 14 16 107 29 177 148 77 56 178 63 22 79 82 92 62 177 12 144 6 47 102 29 3 14 58 67 71 170 13 112 29 104 26 57 55 87 4 41 68 58 56 89 130 81 132 161 142 82 162 151 77 50 112 99 110 112 50 158 33 12 147 173 81 120 131 143 9 118 46 108 86 11 101 165 114 23 134 78 81 52 172 71 10 99 44 48 122 36 102 71 158 49 125 7 163 123 120 79 86 75 176 179 130 1 159 12 133 134 84 63 164 132 73 88 137 11 161 23 133 56 32 168 67 13 180 150 15 57 51 1 126 35 159 74 59 71 145 22 14 5 35 68 118 23 26 81 117 15 143 133 161 94 62 99 68 70 28 79 74 170 12 97 13 76 97 56 111 144 55 78 4 117 104 100 128 173 107 104 80 144 102 103 89 10 148 94 130 26 71 73 54 61 98 49 127 4 4 138 38 140 66 59 111 19 137 76 86 180 120 85 63 38 119 14 113 141 62 89 4 120 77 66 162 65 76 98 19 58 45 163 15 162 114 23 112 88 50 165 160 106 165 169 158 16 22 64 166 14 150 57 108 165 41 37 75 77 101 45 153 99 172 99 139 154 2 48 65 57 174 167 164 162 138 99 89 165 132 44 141 130 104 25 46 53 15 74 43 48 125 3 132 80 131 73 172 89 173 1 110 90 136 28 32 7 15 75 83 39 114 2 113 139 4 144 173 93 22 71 178 35 122 11 106 16 55 30 153 22 61 144 143 68 109 40 147 109 112 30 112 34 85 116 88 107 130 22 146 15 54 113
1 74 81 68 85 153 130 19 63 106 84 172 33 168 129 19 138 178 101 33 19 114 88 10 94 172 175 17 36 124 68 13 46 51 117 35 93 147 135 28 166 128 66 105 107 135 19 22 11 42 143 158 87 114 114 114 78 12 173 149 115 88 147 143 117 81 161 154 105 20 116 33 116 61 130 60 121 99 75 19 152 72 151 15 31 39 142 148 84 163 151 53 41 112 178 32 177 4 41 39 23 6 144 55 60 65 48 66 174 81 103 171 101 90 117 2 134 48 89 122 142 165 99 91 167 131 118 13 88 138 100 91 9 113 88 144 70 71 9 57 125 169 4 45 23 110 146 169 179 135 81 34 56 37 14 73 80 128 120 78 34 98 107 59 147 33 150 82 149 94 132 80 111 157 27 78 14 93 14 24 67 148 176 61 164 147 157 1 39 106 85 164 14 85 46 89 163 150 14 63 36 149 3 39 90 59 3 132 55 134 110 49 43 74 180 126 38 11 54 81 154 103 34 38 139 122 141 107 71 21 13 144 54 8 145 79 123 127 145 28 177 161 121 61 99 49 108 53 38 150 115 140 73 180 76 12 128 140 43 111 8 46 11 143 93 166 90 41 14 140 102 45 153 114 37 63 62 31 100 89 5 17 108 78 52 98 90 1 100 65 63 154 139 28 145 93 130 131 167 177 123 140 155 123 101 17 5 94 110 84 159 153 149 62 23 32 171 4 143 147 112 65 50 69 51 81 70 17 154 122 71 3 58 118 23 152 76 164 50 135 61 101 74 129 157 137 59 161 118 71 41 36 67 142 34 76 16 134 114 150 130 164 137 173 140 121 3 79 177 70 57 7 99 113 152 100 92 34 134 69 91 84 177 146 125 76 47 85 172 179 168 147 93 38 141 129 64 59 146 162 153 112 11 27 127 100 153 47 124 95 136 36 175 81 155 149 30 77 19 97 78 51 43 141 105 116 83 165 33 172 120 138 3 61 58 95 20 178 22 150 170 13 77 75 96 9 120 128 127 99 32 143 67 149 100 50 116 10 17 89 3 69 42 82 135 30 80 139 46 97 138 42 11 133 122 108 75 138 55 108 80 31 170 125 87 30 10 120 66 114 36 39 115 107 146 90 4 151 45 171 9 33 47 37 36 93 146 2 100 22 104 179 113 178 167 96 139 13 33 35 15 173 109 93 169 49 17 2 120 143 8 53 153 9 136 51 3 31 58 11 37 3 96 111 40 111 60 107 139 96 80 97 129 113 25 176 135 71 26 134 134 70 125 128 24 162 97 2 87 52 99 152 78 48 147 98 163 59 155 48 43 23 64 4 156 85 88 138 129 101 144 160 114 7 14 132 141 71 88 60 167 30 108 115 41 45 60 20 139 124 31 66 39 103 122 74 39 109 96 175 160 91 16 74 156 158 146 148 136 89 17 162 155 82 34 47 167 145 46 45 135 66 6 85 174 180 96 99 162 88 111 68 167 89 180 92 56 54 57 148 164 114 142 106 95 148 125 159 170 171 98 4 142 85 78 47 145 44 172 69 9 81 81 136 174 149 165 131 9 39 176 5 158 178 119 147 106 4 46 59 104 98 14 144 114 131 145 166 43 125 59 144 36 157 53 128 7 147 75 57 99 115 140 171 7 120 82 79 141 145 127 149 89 117 112 126 5 2 86 84 100 155 2 86 71 118 147 34 108 36 137 120 153 21 142 164 39 20 8 151 120 167 45 87 138 20 112 91 113 54 58 109 147 131 6 28 59 141 38 113 45 141 114 153 2 118 62 128 2 46 88 41 43 18 117 56 97 126 79 178 163 62 89 147 44 133 18 34 142 146 139 55 144 94 152 130 75 55 163 21 38 13 25 97 100 154 10 143 10 39 101 108 19 160 161 23 149 112 81 124 118 154 1 149 78 27 77 143 146 62 69 96 130 179 138 122 51 12 145 75 173 63 4 110 105 177 24 115 111 135 150 144 88 163 28 80 159 108 37 41 47 127 43 167 180 88 17 51 169 160 97 163 20 172 70 88 118 4 36 2 144 21 164 67 124 82 56 12 1 1 55 72 93 95 137 11 171 41 157 94 73 48 115 29 160 112 86 171 18 94 32 75 44 72 1 51 174 81 106 98 51 85 38 170 14 95 150 91 76 127 10 72 180 141 5 5 48 15 71 145 107 41 44 119 178 163 15 46 125 95 93 158 150 162 158 69 118 26 120 119 54 118 33 158 46 75 173 90 30 31 152 154 24 142 178 73 176 158 50 119 20 70 18 24 134 63 166 32 37 88 81 34 106 60 119 104 71 106 177 128 49 160 18 83 19 143 170 74 130 61 52 42 144 36 68 179 123 2 73 61 101 82 37 78 132 55 11 115 167 39 132 33 102 112 35 80 163 96 51 168 53 151 90 14 21 90 102 151 116 78 21 119 94 121 30 88 152 13 117 46 55 10 84 112 138 102 78 163 59 90 45 142 145 150 29 18 28 68 25 165 167 33 38 123 9 99 126 173 163 66 127 85 55 119 81 77 8 77 109 123 71 87 165 85 34 143 7 111 158 52 40 149 94 29 112 176 94 173 13 162 44 67 99 13 47 65 131 115 68 30 76 138 120 113 131 107 19 12 156 179 152 46 45 83 74 51 52 82 106 64 162 54 59 23 47 83 124 58 135 158 49 43 24 31 38 173 143 123 38 127 124 145 41 73 25 157 96 33 52 95
0.4
0.4
0.3
0.2
0.3
0.3
0.3
0.3
0.4
0.2
0.3
0.3
0.3
0.3
0.3
0.4
0.3
0.4
0.4
0.4
0.4
0.3
0.2
0.4
0.3
0.4
0.3
0.3
0.3
0.4
0.3
0.3
0.2
0.4
0.2
0.3
0.3
0.4
0.4
0.4
0.2
0.4
0.4
0.3
0.4
0.3
0.2
0.2
0.3
0.4
0.4
0.2
0.3
0.3
0.2
0.2
0.2
0.3
0.3
0.3
0.3
0.3
0.2
0.2
0.3
0.3
0.4
0.4
0.3
0.3
0.2
0.4
0.4
0.4
0.3
0.2
0.3
0.2
0.3
0.3
0.3
0.2
0.3
0.4
0.2
0.3
0.2
0.3
0.3
0.3
0.4
0.4
0.3
0.2
0.2
0.4
0.3
0.3
0.3
0.2
0.3
0.3
0.2
0.3
0.4
