80 12
15
20831
21693
22482
21455
20853
22520
20206
19993
22135
22084
21068
22248
21434
21796
21277
3.2 37.5 269.5 1.6
1.2 10.3 67.2 1.7
2 20.4 186.6 2.2
3.4 16.7 496.5 1.6
3.4 14.7 393.3 1.9
3 12.9 847.5 1.8
1.3 17.7 98 1.6
2.3 11.3 315.3 1.9
1.7 32.2 131.4 2
1.7 41.2 445.6 2.4
4.5 31.8 627.9 2.1
3.1 47.9 780.1 2.3
1.4 34.9 322.2 2
1.6 39.5 635.7 1.8
4.8 19.8 380.9 1.8
3.5 35 592.7 2
3 25.3 673.5 2.4
3.1 48.6 284.8 2
1.7 30.1 530 1.7
3.8 47.4 887.3 2.1
2.5 38 63.7 2.4
3.2 10.5 290.8 1.6
1.2 39.3 197.7 2
2.4 24.2 84.3 2.3
1.1 30.5 627.5 2.4
3.8 16.4 488.8 1.6
2.4 43.1 735.8 1.8
3.7 20.6 342 1.5
3.8 47.8 685.2 2.3
4.3 38.1 206.5 2.2
2.5 37.7 827.9 1.8
3 14.4 903.8 2.1
5 46.1 142.3 2.3
3.5 25.7 476.5 1.5
4.5 47.4 377.6 2.3
3.5 23.4 457.4 2.5
2.7 27.3 371 1.7
1.8 42.5 627.8 2.4
1.3 27 750.8 2.2
1.1 24.3 505.4 1.8
1.8 12.4 80.1 2
3.2 22 289.4 2
3.9 42.7 194.7 1.6
3.1 19.6 266.8 1.7
1.6 33.6 135.8 2.1
3.4 40.9 184.5 1.5
2.5 35.4 412.2 1.7
3.5 14.1 780.4 2
4.6 16.1 605.3 2.1
1.8 30.2 202.5 2.5
4.2 19.2 85.2 2.4
2.2 22 384.4 2.4
1.7 36.8 665.2 1.6
2.4 14.7 549.1 2.1
2.9 36.3 150.2 1.6
4.9 17.1 601.7 2.3
2.2 22.1 787.4 1.5
1.3 45.7 358.8 2.3
3.3 27.1 811.6 2.1
1.7 39.9 662.1 2.1
1.8 24 231.3 1.8
2.8 10.7 239.8 2.1
3.5 25.3 587.1 1.9
2.5 29.5 775.4 2.5
3.8 44.4 710.9 2.2
3 36.3 841 1.9
2.1 19.2 738.9 2
4.1 25 146.1 1.6
4.1 22.4 541.9 2.1
4.2 46.9 525.3 2.4
4.3 18.4 338.3 2.4
3.8 40.8 372.6 1.7
1.5 16.1 875.1 2.3
4.8 23.7 134.5 2.1
3.2 20 293.3 2
2.8 39.2 448.7 1.7
2.9 41.6 892.7 1.8
3.6 36.1 70.3 2.3
4.4 42.3 261.2 2.3
3.1 34.9 370.5 2.2
1.3 39.7 53.1 2.3
2.7 28 437 1.5
1.8 20.8 506.7 1.5
4.8 27.1 227.2 2.3
1.9 33.6 585.4 2.3
3.1 44.3 190.1 2.5
2.4 10.3 335.5 2.3
1.5 50 217.4 1.8
3.4 42.3 107.2 2.2
1.4 26.1 164.2 1.6
2.3 17.9 715.6 2.1
1.1 49.1 158.5 1.8
1.6 37.8 607.1 1.6
4.3 41.5 650.1 2.3
3.4 31.3 86.6 1.9
3.5 27.8 360.9 1.8
3.2 11 454.5 2.2
3.7 44.6 628.4 2.3
4.8 47.5 711.2 1.5
5 43.7 319.2 2.4
4.5 22.5 533.7 1.7
2.9 38.3 775.9 1.6
2.1 29.9 914.6 1.6
4.1 18.4 50.7 2.3
2.8 26 300.1 1.6
1.1 46.7 337.3 1.8
3.1 12 891.9 1.6
4.8 23.8 598.1 1.8
3.3 39.3 229 2.4
1.3 35.9 680.8 1.7
2.1 31.6 358.2 2.1
4.7 41.1 709.8 1.5
2.6 18.3 617.5 1.7
3.6 19 584.8 2.2
2.6 14.1 779.7 1.6
1.9 12.8 157.1 2.4
2.6 11.6 456.9 2.1
2.4 46.2 153.1 1.6
3.2 18.4 424.9 2.3
1.8 24.8 456.4 1.7
2 12.9 181.4 2.3
4.6 26.2 616.7 1.8
4.8 39 154.9 2.4
3.5 24.3 455.4 1.7
2.5 42.2 237.2 2
2.8 14 235.4 2.2
1.5 28.4 915.7 1.7
3.7 36.9 769.2 2.5
4 46 688.5 2.2
4 49.9 814.4 2.2
2.8 14.4 585.7 2.4
1.9 10.1 500.1 1.5
4.1 38 611.9 2.1
2.3 21.5 206.2 2.5
2.2 17.5 421.9 1.9
4.8 41.8 935.4 1.7
1.7 13.2 403.5 2.3
4.1 45.2 753.5 1.9
4 39.2 574.2 1.7
4 21 928.5 1.9
2.1 10.7 477 2
4.8 27.2 402.1 1.7
1.9 23 176.5 1.9
2.8 19.9 523.7 2.4
4.2 22.7 388.2 1.8
4.6 27.1 410.6 1.6
2.4 13.1 680.9 1.8
2.5 47.7 502.3 2.3
1.1 16.8 609.3 2.2
2.3 20.3 938.3 2.4
3.8 35.9 453.8 2.2
1.1 16.1 180.4 2.4
4 10.4 632.4 2.1
3.4 10.6 564.1 2.1
2.8 27.3 305.5 2.3
3.7 40.6 591.6 2
3 16.3 664.6 1.6
1.7 31.1 537.4 2.1
3.2 35.7 805.1 2
3.1 25.5 548.3 2.2
3.1 10.4 884.3 2.3
4 42.1 777.2 1.8
2.4 35.6 433.7 1.8
4.9 20.3 506.3 1.8
5 44.1 135.6 2.3
3.2 20.7 313.7 2
4.9 33 777.9 1.6
3.3 43.3 793.4 2.5
1.6 10.2 623.7 2.3
4.2 21.3 356.6 1.8
1.6 22.9 904.7 2
1.4 22.7 850.2 1.9
2.4 33.2 939.1 2.2
3.8 27.5 462 1.9
4.6 22 243.8 2
2.4 47.6 541.8 2.4
4.9 45.6 920.4 1.6
1.6 16.8 614.1 1.8
2 44.1 901.6 2
2.4 15.2 60.4 2.2
4.4 18.8 914.2 1.5
4.6 41.6 908.2 2.2
3.2 27.7 436 1.9
2 37.3 436.1 1.7
2.1 14.8 782.8 1.6
1.7 23.3 742.4 1.9
2 48.6 88.5 1.8
3.7 16.4 364.3 2.3
2.5 30.3 256.6 1.7
1.3 33.2 478.1 2.3
4.8 32.1 557.5 2.4
3.3 11.1 611.1 2.3
4.6 36.5 86.3 1.6
3.9 41.3 74.8 2.2
4.4 14.3 520.9 2
4.3 21.6 756.7 2.1
2.5 20.7 784.1 2.4
1.1 21.6 409 1.9
2.3 47.6 626.3 2.4
3.8 44.7 657.1 2
2.7 40.5 61.6 1.9
4.6 48.4 93.5 2.4
1.4 47.9 708 2.4
4.3 25.5 434.7 1.6
2.3 17.4 77.4 2
4.6 46.8 569.4 2.1
2.4 42.8 282.3 2.3
4.2 49.7 612.5 1.6
3.2 30.5 852.3 2.5
3 25.8 398.8 2.2
4.4 30.8 949.3 2.5
1.9 38.9 372.9 2
1.9 14.3 842.1 2.3
1.6 35.8 269.2 2
4.6 30.4 451.7 2.4
3.8 11.1 303.1 2.4
4.8 46.8 410.7 2.3
2.4 17.2 150.8 2
4.4 46.7 527.4 2.1
3.1 37.5 98.9 2
1.6 39.3 338.2 1.9
2.8 45.4 509.8 1.7
4.4 12.5 304.1 1.9
2.7 41 306.8 1.6
4.2 14 510.6 1.8
3.2 22.7 442.1 2
1.2 39.1 880.8 2.3
3.9 10.8 797.6 2.4
3.6 46.3 410.1 2.1
4.1 23.7 365 2.1
3.1 12.6 874.2 2.1
1.9 10.5 355.4 1.8
2.8 16.5 529.5 1.8
2.7 13.6 841.9 2
2.1 40.4 794.7 2.3
3.4 40 846.9 1.9
2.3 27.7 251.8 2.1
4.6 24.1 417.6 1.9
4.1 39.7 809.5 1.5
4.4 46.9 497.2 1.5
2.7 26.2 255.7 2.5
1.7 20.3 472.8 1.7
1.9 16.1 313.1 1.8
1.3 44.9 703.3 1.9
4 34.5 328.3 1.6
1.9 44.8 616 1.7
3.1 15.9 170.3 1.9
1.4 43.1 479.5 2.3
1.6 14 632.5 2.3
1.3 26 939.3 1.5
3 22 717.2 2.4
2.2 29.8 930 2.3
3.2 47.3 724.9 1.8
1.9 21.4 307.6 2.5
4.2 49.4 595.8 2.3
4.7 19.2 859.2 2.1
2.4 30 689.5 1.8
1.4 28.2 344.9 1.5
4.8 18.8 671.2 1.6
3.6 10 918.7 1.7
1.8 25.5 735.4 1.8
1.7 25.3 871.9 1.6
4.2 24.6 80.7 1.6
2.2 43.2 382.1 2.4
4.3 19.2 547.9 1.5
3 41 728.5 2
4.3 44.2 223 2.3
1.9 45.8 824.3 2.1
1.5 13.6 134.1 1.5
4.5 17.8 911.3 2.4
4.1 26.2 496.8 2.4
3.7 24.7 139.2 1.6
4.8 21.7 236.9 1.5
4.1 24 688.4 2.3
4.4 26.5 469 1.9
2.2 36.1 776.3 2.3
4.2 19.9 765.6 2.2
3.4 12.5 134.9 1.8
2.6 18.6 274.2 1.9
1.4 26.8 430.9 2.1
2.6 31.3 905.1 2.1
2.9 20.5 427.9 1.6
2.5 30.1 93.9 1.8
4.8 33.8 863.7 2
2.6 32.8 801.4 1.6
1.5 25.1 473.4 2.2
2.3 34.5 627 2.3
2.4 41.1 581 2
3.4 11.8 113.5 2.2
1 28.8 715.7 2.1
2.7 16 335.7 2.5
3.8 26.1 896 1.7
3 26.3 591.9 2
2.2 32.7 308.4 2.4
4.4 16.8 128.4 2.2
2.1 24.2 395.1 2.1
4.2 35.2 114.8 2.4
2.2 41.9 644.9 1.6
4.2 17.3 95.6 1.9
2.9 46.8 284.2 2
1.9 23.8 677.5 2.5
2.9 10.9 674.7 2.1
1.9 19.9 95.2 1.7
4.4 29.4 277.8 1.9
1.2 49.3 310.1 2.3
4 10 926.8 1.9
3.6 18.5 496.3 1.7
2.3 15.4 119.5 2.2
2.8 50 327.7 2.3
4.4 48.7 777.1 2
4.1 16.9 268.9 1.6
2.7 43.9 477.5 1.9
2.6 17.8 232.5 1.6
1 16.7 573.8 2.4
4.5 37.1 669.2 1.7
2.8 25.8 466.9 2.2
2.9 15.4 573.8 1.7
4.7 44.1 138.8 1.7
5 45.7 223.7 1.5
4.3 20.6 880.4 1.8
1.5 13.8 744.1 2.1
2.4 37.6 207.4 2.5
1 11.1 908.9 1.8
3.6 31.8 552.6 2
4.9 33.5 81.1 2.3
2.4 26.8 914.4 2.1
4.2 29 267.7 1.9
4.7 38.2 468.8 1.8
2 26.6 627.3 1.9
1.4 33.9 269.1 1.7
4.3 39.5 465.3 1.8
2.4 37.2 144.7 1.7
3 46.4 745.7 1.8
2.8 38.1 106.3 2.4
2.4 27.8 253 2.2
1.8 13.7 629.2 1.8
4.9 17.5 657.6 2.4
2.1 38.6 843.3 1.9
3.3 10.7 645.9 1.7
4.3 25.3 459.1 1.7
3.3 11.4 700.3 1.6
1.1 11.3 870.6 1.6
1.3 16 615.1 2.1
3.6 48.1 134.7 2
1.3 28.5 572.4 1.5
2.1 33.3 944 2.2
2.3 32.5 126.8 2.2
1.3 12.6 835 2.3
3.8 10.8 739 1.8
4.9 18.9 423.1 1.8
1.1 12.8 109.3 2.4
1.2 32.4 240.8 2
1.1 44.2 553.4 2.5
3.8 26.1 519.5 2.5
3.8 36.8 149.7 1.8
3.9 36.8 163.5 2.4
2.7 36.1 889.4 2.2
2.5 48.3 583.9 2.3
2.4 41.3 772.1 1.8
4.7 45.7 729.2 1.7
3.5 36.9 883.1 2.2
4.8 21.4 795.4 1.6
4.2 25.7 527.1 2.1
2.5 20 385.4 1.7
1.3 42.3 326.3 1.6
4.5 34.4 365.7 1.7
3.3 17.2 588.1 2.2
1.2 38.8 484.7 1.9
3.2 40.1 283.5 2.2
4.6 23.7 111.6 2.4
1.4 43.4 174.1 1.8
4.6 28.1 774.6 1.7
1.9 41 508.1 2.1
1.6 29.6 440.9 1.7
1.9 34.3 244.3 1.6
4.9 48.7 932.6 2.4
4.8 31.7 138.7 2.2
4.4 15.6 796.5 1.6
3.1 28 63.1 1.9
4.8 48.1 685.7 2
3.8 49.8 905 2.3
2.1 32.3 790.4 1.6
1.6 15.7 872.7 2.3
1.1 26.1 622.6 2
3.8 49.2 205.1 2.1
2.5 12.2 739.6 1.5
2.6 18.5 269.2 2.2
3.2 16.1 157 1.6
1.9 34.8 521.5 1.8
1.5 14.2 708.4 2
4.2 15.5 66.2 2.4
2.2 38.7 316.1 1.9
4.7 34.9 663.3 1.7
1.3 44.5 349.8 1.9
1.2 14.3 789.5 2.1
4.2 38.7 743.9 2.3
3.2 17.1 830.8 2.4
1.6 48.7 58.8 2.4
3.9 30.5 317 2.3
2.1 24 112 1.7
4.3 34.3 520.6 1.6
2.5 41.8 409.1 2.1
2.4 11.1 397.2 1.9
4.9 44.2 502.7 1.5
3 29.9 287 2.3
2.8 34.8 133.1 2.3
3.8 32.9 375.6 2
1.4 45.6 60.3 2.5
1.9 47.2 756.3 2.5
5 43.6 259.6 1.7
2 16.1 56.8 1.6
2.4 11 51.1 1.6
3 15.9 124.5 2.4
3.8 49 276.1 2.4
4.5 31.5 828.3 2.5
3.2 23.7 800.1 1.7
1.9 20.7 686.6 2.2
3.9 25.3 523.1 2.1
4.1 12.4 650.1 1.5
1.4 32.3 895.6 2.4
3.6 23.2 581.8 1.5
3.7 23.9 235.4 2.3
3.9 23.4 187.1 2.4
3.8 44.6 184.5 2.1
2.3 39.8 919.9 1.9
2.2 16.5 432.5 2.1
1.3 24.5 419.1 2.5
2.1 22.3 935 1.7
4.9 17.2 733.7 1.5
3.5 25.6 421.3 1.6
2.2 27.8 169.4 1.9
1.7 41.3 433.9 2.3
1.2 17.3 277.7 2.1
3 23.9 760.9 2.1
2.9 28 491.9 2
1.6 29.1 465.7 2
4.1 40.9 824.7 2.3
4.1 21.6 561.8 1.9
2.4 22.9 679 2.5
4.3 37.3 366.7 2.1
3.8 37.2 434.2 2.5
3 11.8 320.9 1.6
4.5 22.3 941.5 1.9
1.8 28.1 730.6 1.7
4.9 49.1 123 2.1
2 39.5 721 2.4
3.9 19.2 186 2.3
1.9 38.6 904.5 1.6
4.2 36.9 772 1.5
1.7 25 576.8 2.4
3.6 16.5 847.3 1.5
4 45.1 924.8 2.3
1.4 40.1 880.1 2.3
1.8 41.5 324.7 2.2
4.4 43.6 572.1 2.4
1.7 17.5 434.7 1.6
2.7 46.9 351.1 1.9
2.3 32.3 565 1.8
3.9 31.4 228.4 2.3
4.3 40.2 201.3 2.1
1.3 35.5 767.7 2
4.4 12.9 659.4 1.9
3.3 31.5 800.9 1.7
3.5 25.5 479.4 1.7
5 10.1 457.7 1.5
2.7 13 885.4 1.8
2.4 48.9 650.5 1.6
3.9 31.5 714.8 1.9
4.4 14.8 241.9 2.1
3.8 24.2 898.7 1.5
1.7 32.4 147.2 2.1
5 21.6 301.9 1.7
3.7 36.4 641.2 1.5
3.4 20.5 451 2.4
2.1 46.6 271.6 1.5
2.8 27.4 120.1 2.5
3 46.2 182.3 2.3
2 41.8 488.2 2
1.4 29.7 880.4 1.8
3.6 48.5 554.6 2.3
1.6 35.5 78 2.4
2.6 15.1 460.2 2.4
2.4 43.4 106.3 2.3
1 33.2 662.9 1.8
4.2 44.9 929 1.8
1.2 15.9 333.7 1.6
2.7 18 141.2 2.3
1.8 14.3 748 1.8
2.7 16 136.1 1.8
2.8 33.4 931.3 2.1
3.2 46.4 904.1 1.9
4.5 38.2 248.1 1.8
2.8 42 54.7 1.5
1.2 41.5 368.3 1.6
2.6 40.5 511.6 2.3
4.6 18.2 253.7 1.5
4.4 30.2 218.2 2.5
3.7 16.8 737.2 2.5
4.7 46 184.1 1.7
4.6 17.3 671.1 2.4
4.9 22.3 651.9 1.9
2.4 25.5 787.6 2
3.6 48 140.8 2.3
2.7 43.8 494.8 2.2
4.3 39.8 278.1 1.6
3.9 33.9 928.1 2.4
2.1 24.3 833.6 1.7
2 28.4 327 2.4
2.9 46.4 932.9 2
3.4 24.7 380 2.4
2.5 27.2 529.4 2.5
1.2 26.5 371.2 2
2.8 41.5 883.5 1.5
3.6 49.7 608.6 1.7
4.8 21.8 481.7 2.5
4.9 27.1 947.5 1.8
2 32.2 391.3 2.2
3.4 21.7 580.1 2
3.6 39.6 146.3 2.2
2.9 28.9 920 1.9
3.2 45.3 706.4 2
2.5 36.2 474.7 1.7
4 43.1 214.7 2.4
3 38.3 251.2 2.4
1.1 14.2 518.9 1.8
1.1 28.8 54.4 2.1
2.8 29.6 247.5 1.6
3.3 10.1 639.3 1.8
2.5 19.6 320.9 1.6
4 46.8 814.1 2.4
2.2 10.7 658.5 2.4
1.1 39.3 58 2
1.7 25.6 188.9 1.7
4.5 27.8 890.8 2
1.4 44.7 598.8 1.9
1.2 45 357.3 2
1.9 30.8 497.9 2.3
4.9 27 895.2 1.8
1.4 34.8 825.7 2.2
2.2 28.8 516.1 1.8
2.9 10.2 619.8 1.6
1.8 21.5 139.4 2.3
2.2 45.4 201.1 1.8
1.1 41.7 661.9 1.7
3.6 13.9 533.9 1.6
2.7 28.6 610 2.1
1 31.3 475.1 2.4
2.2 23.9 326.7 2.5
1.4 26.5 62.3 2.4
1.4 42.9 663.5 2.3
2.3 32.6 926 2.1
4.1 23.2 777.3 1.8
4.3 16.5 586.4 1.9
1.4 16.8 602.2 2.4
2.3 15.7 109.3 2.2
4.1 14.6 342.9 2
1.5 35 353.9 2
4.1 18 455.8 1.6
1.1 11.7 306.3 2.3
4.9 31.2 835.5 2.1
2.5 39.9 752.1 1.6
4.2 24.2 232.9 1.7
3.9 24 740.2 2.2
4.2 14 771.8 1.9
1.4 24.9 76.5 1.6
1 37.2 567.4 2.1
4.8 14.5 222.2 2.3
2.6 15.5 436.8 1.8
1.4 47.2 246.9 2.3
1.2 17.9 723.9 2.4
3.4 16.8 130.1 1.7
1.5 47.9 216.3 2.1
4.3 11.6 134.8 2
1.3 22.4 533.6 1.7
3.2 25.3 812.4 2.3
1.6 38.1 880 1.7
3.2 32.8 720.1 1.8
2.6 17.3 103 1.5
3.9 41.8 947.1 1.6
2.2 25.1 570.4 2.3
3.5 24.3 922.4 1.7
2.8 17.5 411.2 2.4
4.1 33.3 472.5 1.8
3.4 28.9 154 2.1
4.6 37.5 116.8 2.1
2.7 38.6 87.6 2.1
1.9 11.7 710.7 2.2
4.5 42.3 859 2
1.6 26.3 835.2 1.9
1 32.1 844.7 1.8
2.8 16.8 780.5 2.1
1.2 11.6 592 1.6
1.9 20.1 663.3 1.7
2.4 41.6 438.5 1.6
2 46.3 83.3 2.2
3.9 44.5 699.8 2.1
4 39.7 155.3 1.7
1.2 43.6 128.1 1.8
1.9 15 524.8 1.5
2.7 44.5 876.9 1.9
3.8 27.8 634.5 2.2
2.2 12.7 347.3 1.5
1.1 10.1 412.4 2
3 28.8 428.6 2.3
3.1 26.8 598.2 2.2
1.2 43.6 655.4 2.1
2.6 10.3 324.6 1.7
2.4 29.4 257.2 1.8
5 36.6 592.3 1.6
4.5 44.9 152.9 2.2
2 14 502.3 1.8
3.5 22.7 238.8 1.8
1.5 13.9 452.1 1.9
2.9 44.3 207.6 1.8
2.7 22.1 286 1.9
2.8 49.5 560.2 2
2.1 40.8 648.3 1.6
4.4 12.4 742.3 2.3
2.3 46.3 143.8 2.4
2.6 44.8 927.8 2.1
1 32.8 727.4 2.1
2.7 36.1 210.5 2.4
3.7 36.8 122.3 2
1.4 28.1 735.1 1.8
4.8 40.8 411.5 2
2.2 24.5 254 2
2.3 28.2 516.4 1.9
2.9 44 88.9 1.8
4.2 44.1 622.3 2
1.9 12.9 617.3 2.5
2 47.1 691.3 1.8
4.6 47.8 788.9 1.7
1.3 46.5 415.5 2.1
2.3 22.1 180.9 2.3
1.1 15.2 576.9 2.1
3.3 19.4 706.7 2.4
2.3 36.6 460.5 2.3
4.9 28.3 198.2 1.6
4 11.7 734.3 1.6
2.6 14.6 789.9 2.2
1.4 38.7 391.7 2.4
4.9 27.7 741.7 2.1
3.4 15.4 779.1 2
2.3 44.7 810.5 2.4
2.6 31.3 507 1.6
3.6 19.5 623.7 1.7
3.5 36.8 777.4 1.8
4 36.6 237.5 1.5
2.4 38.1 773.4 1.6
1.9 45.2 802.7 2.4
3 43.4 936 1.5
2.6 17.9 807 2.4
1.4 42.6 821.9 2.2
1.4 15.2 872.3 1.9
4.5 41.5 136.7 2.1
4.4 35.6 182.8 1.6
2.2 46.8 526.5 1.6
2.2 40.4 536.1 1.5
4.1 22.9 939.6 2.5
3.1 24.5 656 1.7
3 23.1 139.9 1.9
3.6 40.3 237.1 1.7
1.5 23.5 872.4 1.7
1.6 38.3 86.4 2
1.3 27.3 876.7 1.6
4.9 42.9 177.5 1.6
1.2 19.4 686.9 2
4.2 48 636.3 1.7
1.3 18.5 242 2.1
2.9 19.9 185.9 2.1
2.4 37.4 386.3 2.4
4.5 30 225.5 1.9
4.3 30.1 246.6 2.4
3.6 30.8 247.4 2.2
2.9 47.8 540.8 2.3
3 31.9 885.1 2.2
1.4 11.1 323.3 1.5
3.4 44.1 926.8 2.3
1.4 42.5 815.9 1.7
1.7 25.5 577.9 2.2
4.2 34.2 438.3 2.2
3.9 12.5 164.6 1.6
3.9 38.3 627.2 1.8
1.4 36 812.4 2.5
1.3 37.1 262.8 1.9
2.9 45.9 414.2 1.7
4.3 43 256.2 2
2.1 25.8 578.4 2
3.2 35.4 242.1 1.7
4.9 17.4 59.5 2.2
1.9 45.5 925.4 1.9
2.6 45.4 798.8 1.6
2.9 43.6 376.9 2.2
3.9 15 225.9 2.4
4.2 37.8 640.4 1.6
3.6 29.6 307.1 1.7
3.9 49.8 158.1 1.6
2.3 40.7 439.4 2.3
4.9 19 495.4 2.3
1.5 37.1 202.6 2
4.7 33.2 363 2.2
4.4 39.8 439.1 1.8
1.2 17.6 252.7 1.8
5 24.9 236 1.9
2.1 26.2 349.9 1.6
3.6 48.4 459.1 2.2
4.3 15 865.4 2.3
4.2 29.6 102.4 2.2
4.9 45.8 197.5 2.3
4.5 25.9 860.3 2.3
3.4 31.9 746.9 2.2
1.8 14.3 680.3 1.5
1.6 22.8 879.5 2.3
4 42.6 916.4 1.6
4.3 10.6 218.6 2.2
4.7 32.4 752.2 2.3
2.6 15.7 687.6 2.4
3.8 46.1 475.7 1.6
2 46.2 467.1 2.2
3 11.2 730.8 2.1
2.3 18.7 650 1.9
4.3 15.4 773.7 1.9
1.9 43.8 398.4 1.7
1.6 16.8 289.7 2.4
2.6 27.5 549.5 2
4.3 19.5 752.8 1.8
3.4 44.5 455.8 1.7
4.8 24.4 102.8 2.5
3.6 20.9 415.7 2.3
2.7 21.5 880.5 1.8
4.7 13.6 596.2 2.4
3.5 37.4 158.5 2
2.5 40.5 593.4 2
3.5 20.7 581.3 2.4
1.7 23.5 434.4 1.6
3.5 30 365.8 1.7
4.4 34.5 873.1 1.9
4.2 12.3 602.3 2.2
1.3 43.5 672.8 2
4.3 44.1 556.3 1.7
2.6 13.9 482.3 2.3
4.4 45.2 179.1 2
3.3 49.4 654.1 1.7
1.9 30.3 253.4 2.3
2.8 30.1 747.7 1.8
3.2 26.6 170.4 2.1
1.3 48.4 320.4 1.7
2.4 30.1 97.6 2.1
3.7 47.2 711.5 1.6
2.2 11.8 754.7 2.5
2.4 35.1 87.1 1.9
3.1 47.9 655.6 2.3
4.5 47.4 592.4 2.4
3.1 49.2 521.4 2.3
4 12.7 636.5 2.2
4.6 36.6 459.6 2.2
4 17.6 913.8 2.1
1.8 46.8 894.2 1.6
4.3 20.8 934.3 1.9
2.4 29.6 554.6 2.1
4 19.9 212.7 1.6
3.6 26.4 735.3 1.8
2.1 34.6 593 2.1
2.4 22.4 365.8 2.5
1.3 13.1 594.8 1.6
1.8 46.6 251.6 2.4
1.2 34.7 892.9 1.8
3.7 39.3 938.8 1.6
3.5 26.2 159.4 1.7
3 45.9 417.9 1.9
1 36.5 834.8 1.9
4.8 13.5 376.7 2
4.1 44.6 661 1.7
4.5 46.2 807.8 1.6
3.1 45.5 935.5 1.6
2.2 42.4 912.7 1.8
2.6 37.7 793 1.6
3.2 24.7 582.9 1.6
3.5 13.4 691.8 2.1
3.6 23.8 548.3 2
1.9 41.5 307.2 1.8
3.9 41.7 618.9 2.2
2.5 19.9 130.1 2.2
2.8 21.6 406.1 2
2.8 49.8 238.1 2.3
3.3 40.3 472.8 2
2.8 30.9 364 2.2
3.1 39.8 515.7 1.7
4.9 10.6 451.1 1.6
4 48.4 529.3 1.5
3.1 28.8 497.5 2.4
1.5 27.7 638.8 1.6
3.6 24.2 879.9 2.5
4.2 41.6 546.4 1.6
1.7 18.9 552.1 2.2
3.4 32.4 451.9 2.5
1.7 44.6 881.6 1.6
2.9 33.5 463.1 2
4.9 22 254.5 2.3
1.9 12.6 449.5 1.9
3.6 41.3 190.1 2.3
3.8 49.9 832.2 2
4.6 44.7 150 2
3.9 39.6 689.2 1.7
2.8 21 594.2 1.8
4.5 37 778.3 1.7
4.2 34 351.3 1.6
3.8 46.7 381.2 1.8
1.1 35 714.6 2
2.7 18.9 760.8 1.5
2.6 15.3 214.6 2.4
3.3 25.9 615.4 1.5
3.6 49.5 57.5 2.4
2.4 30.9 187.2 1.6
4.1 41.9 921.3 1.7
2.3 33.6 557.3 2.4
3.4 12.2 558.4 1.6
4.1 48.8 147.9 2.5
2.5 44.4 237.1 2.5
1.1 30 369.2 2.5
3.2 42.3 663.9 2.1
4.4 39.3 701.4 2.3
3.1 30.2 889.6 1.7
2 39.9 946.5 1.7
1.8 17.6 535.9 2.1
3.7 35.3 675.8 1.9
2.7 28 743.5 2.1
1.8 39.2 76.1 1.8
3.4 37.3 465.3 1.7
3.3 25.3 295.4 2
2.7 36.9 672.7 2.4
1.4 29.1 511.8 2.4
1 27.2 80.4 1.8
1.5 19.4 866.4 1.7
2.1 35.6 481.1 2.4
2.9 22.5 797.5 2.3
2.2 27.5 597.2 2.4
1.8 11.2 182.7 2.4
3 19.2 185.6 1.9
4.2 47.2 181.6 1.5
2.7 43.4 505.1 1.6
3 39.6 494.8 1.9
3.8 20.9 168.5 2
4.6 24.2 901.2 1.8
4.3 48.6 915.1 2
4.5 37.6 211.9 2
3 20.9 355.4 1.6
3.8 35.3 882.7 2
2.2 12.3 919.9 2.1
2.3 16.5 287.9 2.1
2.6 32.3 707.6 1.7
4.3 41.4 756 2.3
2.6 29.6 389.7 1.5
4.8 16.6 332.7 1.6
4.2 28 501 2.5
2.5 39.2 138.1 2.2
3.5 34.4 660.5 2.1
3.1 19.5 257.7 2.3
1.4 21.6 614.4 1.8
4.9 18.8 826.8 1.9
4.9 42.4 652.8 2
1.9 30.6 426.5 2
4.3 16.7 329.2 1.9
3 35.4 565.7 2.3
1.8 12 97.5 2.3
1.1 34.4 188.7 2.5
2.5 16.2 839.7 2.1
4.7 34.9 450 1.8
2.6 36.8 174.4 2.2
4.3 16.8 917.7 2.1
1.7 49.8 259.6 1.8
4.9 34.7 367.9 1.8
2 45.1 542.6 1.9
3.2 19.3 377.3 2.5
1.5 46.6 468.2 2.2
3.2 46.6 99.1 1.7
2.7 48.8 125.6 2.5
1.4 35.2 698.4 1.8
4.3 34 237.3 1.8
2.4 35.4 231.3 2.3
4.6 49.3 60.3 2
2.1 46 451.9 2
1 20 379 1.6
4.2 13.9 722.9 2.4
5 16.8 174.4 2.5
3.1 30.2 415 2
2.5 47.7 69.2 2
1.6 10.5 936.7 2.1
4.9 15 470.9 1.7
2.5 45.3 820.1 1.6
2 47.7 376.1 2.2
3.8 28.4 509 1.9
4.4 40.2 841.2 1.5
2.2 15.7 146 2.4
2.1 40.8 796.6 2.5
3 37.7 625.3 2.4
1.4 21.9 366.2 1.6
1.1 43.2 273 1.5
3.3 37 205.7 2.1
4.9 43.8 753.6 1.5
2.5 14.4 645.1 1.8
1.7 17.7 673.7 2.4
4.3 37.9 57.5 2.1
4.5 19.5 876.4 1.8
1.7 20.9 618 2
3.6 25.1 452.9 1.6
1.2 40.9 164.8 1.7
1.7 35.3 153.4 1.6
2.5 28 788.4 1.8
1.4 48.7 663.5 2.1
4.1 16.4 210 1.9
2.7 19.5 572.6 1.6
4.7 33.5 335.5 2.1
4.8 12.4 938.2 2
1.5 36.9 428.9 2
4.5 37.7 595.1 1.7
3.9 31.1 860.4 2.2
4.5 12 402.9 1.7
3.3 19.6 88.8 1.6
4.1 15.8 191.6 2.4
3.9 10.9 641.7 1.7
2.4 19.5 115.4 2.3
1.1 38.4 458.8 2.2
2.5 39.5 391.9 1.6
2.9 39.9 170.3 1.9
3.4 29.8 733.7 2
4.4 39.3 631.6 2
4.8 17.6 885 2.3
4.4 31.1 246.6 2
4.8 15.4 345.2 1.5
3.7 39 140.5 2
1.6 22.5 912.7 1.7
1.4 12.1 835.7 1.7
1.8 12.2 586 2
4.2 22.9 858.4 1.7
4.3 28.4 100.3 1.8
4.7 36.6 588.9 1.7
3.4 24.3 690.3 2.1
1.4 41.3 929.6 2.2
2.5 28.5 210.9 2.4
3.9 37.7 281.3 1.7
1.8 29.6 56.3 2.1
1.1 20.2 832.2 1.7
3.2 10.8 432.9 1.7
3.4 14.1 149.8 1.6
4.6 26.2 881.9 2.1
1.1 29.6 205.3 1.9
4.9 42.5 66.3 2.1
3 33.4 742.2 2.2
4.2 29.5 395.7 2.2
3.1 15.1 684.3 1.6
3.5 10.8 88.4 2.3
4.9 29.2 615.3 2.2
3.3 32 847.4 2.2
1.9 42.3 97.1 1.6
5 23.5 575.9 2.4
3.4 26.6 886.4 1.8
4.2 23 766.7 1.8
1.9 25.9 462.7 1.7
4.8 22.4 349.8 1.7
4.8 46.1 635.2 2
3.6 25.9 878.8 2.3
2.2 39.4 613.9 2.1
2.4 28.9 895.8 1.9
2.8 38.5 340.5 2.2
2.5 40.3 427.1 2
3.4 11.7 337.6 2.4
3.4 10.5 188.8 2.1
4.9 11.4 613.4 2.1
3.3 41.9 891 2.5
4.7 24.4 110 1.6
3.6 17.9 688.5 1.9
1.9 33.3 347.4 1.5
1.7 24.8 514.3 2.1
3.2 42.6 948.9 2.2
1.5 14.2 216 1.6
2.2 10.8 343.1 2.3
4 28.8 327.9 2.2
2 23.1 217.4 2.5
3.6 36.7 835.4 2.5
3.2 18.1 425.2 1.5
1.4 46.2 371.7 2.1
1.4 40.4 69.3 1.8
1.3 38.7 116.6 2.2
3.3 25.3 643.1 2.1
4.6 11.2 320.2 2.1
3.8 11.3 360.3 2.2
1.8 18.6 563.6 2.2
2.9 48.1 638.1 1.9
3.4 23.4 249.8 1.8
1.3 44.1 674.5 1.9
3.3 27.2 493.6 2.4
3.1 49.2 265.1 2.1
2.8 19.2 731.4 2.1
4 26.3 581.5 1.5
3.1 41.1 107.2 1.8
1.7 33.1 163.8 2.4
3.9 23.3 112.5 1.8
1 10.6 335.9 2
3 39.9 801.3 2.2
1.2 49 454.1 1.7
3.1 23.8 217.3 1.7
4 21.4 858.1 2.5
4.7 13.1 291.2 2.5
3.9 19.8 314.9 2.1
3.3 34.6 452.1 2
2.5 11.4 420.4 2
4.5 24.4 330.9 1.9
1.2 11.3 746.9 2.4
2.3 36 817.5 2.1
4.3 31 437.8 1.6
2 30.1 714 1.6
4.6 39.7 520 1.5
4.1 47.6 166.8 2.2
4.4 22.9 345.3 1.5
4.5 13.6 568.9 1.6
2.3 49.8 781 2.4
4.3 39.7 132.7 2.2
3.7 46 200.3 1.6
3.8 34 347.5 1.9
1.8 27.7 234 2
1.4 12 114 2
3.3 28.6 228.7 1.9
3.4 17.2 290.8 1.7
2.4 10.4 499.3 1.6
2.6 40.5 284 2.1
1.6 25.6 701.3 2.3
3.5 31.4 594.1 2.5
3.3 13.3 277.8 2.3
4.8 36.2 567.5 2
3.9 30 318.3 1.6
1.5 32.9 303.6 2
4.3 35.1 140 2.2
4.1 38.3 760.1 1.6
3.4 16.7 379.2 1.8
2.9 32.1 221.5 2.3
2.7 41.2 454.9 1.6
2.9 42.1 770.2 1.8
2.9 40.4 761.9 1.6
1.6 35.9 140.6 2
3 12.1 943.1 2.2
2.5 44.5 421.4 2.2
3.9 15.9 803.9 2.3
4.7 14.6 516.1 1.8
4.9 25.9 518.1 1.9
1.7 13.7 655 1.6
3.8 50 497.6 2.1
4.4 18.2 948.6 2
5 32.2 385.5 1.5
2.1 29.8 497.1 2
2.5 45.4 205.9 1.6
3.8 41 115.4 2.1
4.5 12.1 886.6 2.5
1.9 38.7 876.4 1.6
3.4 47.4 733.9 1.7
2.4 13.9 505.8 1.6
4.5 42.2 552.1 1.6
4.3 49 469.1 1.9
1.4 28.2 405.7 1.5
2.5 41.1 435.6 1.7
1.9 35 689.7 1.7
4 25.5 753 2.1
4.3 35.8 729.2 2.2
1.1 39.9 597.5 1.9
1.4 22.6 800.4 1.9
3.2 15.2 309.1 2.3
2.2 39.4 245.6 2
1.5 24.9 780.8 2.4
4.1 43.1 583.5 2.1
3.3 31 269.9 2.2
4.5 24.4 534.2 1.7
1.9 26.4 640.2 2
1.6 28.7 573.3 1.9
1.4 21.2 308.5 1.6
1.5 19.5 629.2 2.2
2 49.5 147.1 1.9
3.6 47.3 684.8 1.9
3.9 33.1 693.7 1.9
2.9 47.9 475.5 2
3.6 49.3 878.5 1.8
3 19.8 151.4 1.8
3.1 15.1 168.7 2
2.4 15.4 633 1.9
4.4 47 58.1 1.9
3.6 12.8 169.9 2.1
4.4 34.6 275.6 1.8
4.2 23.8 802.2 2.2
3.4 46.1 231.6 2.1
1.8 43.6 608.8 1.9
4.5 21.9 336.6 2.4
4.2 13.9 272.5 2.5
4.6 15.7 192.5 2
4.9 40.4 664 1.8
2.8 37.7 132.7 1.6
3.1 16.3 537.3 2.1
2 11.6 799.6 1.8
3.5 16 235.5 1.9
2 43 484.4 1.6
4.6 21.6 582.4 1.9
4.5 25.7 582.5 1.8
1.2 32.9 215 2.2
4.1 18.5 873.7 1.9
2.2 12 515.2 2.3
2.7 12.8 768.2 2.3
4.3 10.1 341.7 1.6
1 17 903 2.2
2.6 29.4 769.2 2.3
2.6 49.3 788.1 1.9
2.1 16.2 268 2.1
4.4 36.7 199.8 1.8
3.1 44.3 51.2 1.8
3.1 11.2 78.5 2.2
4.8 23.2 131.9 1.7
4.7 37 100.6 2.4
3.8 47.8 935.7 1.5
1.2 10.4 335.1 1.9
1.4 36.1 455.8 1.7
2.2 44.8 271.1 2.3
4.3 49.3 262.4 1.9
4 30.2 739.4 2.1
4.7 22.3 637.6 2.1
2.7 32 577.1 1.6
3.2 26.8 684.4 2.2
4.8 42.5 653.4 1.9
1.2 29.8 104 2.4
1.4 10.8 653.1 1.5
2.7 31.1 58.6 2.2
1.3 47.8 920.7 2.4
1.3 45.3 64 2
3.7 23 778.1 1.9
3.5 46.1 145.2 1.6
2.2 48.6 375.5 2.2
4.6 26.5 340.7 1.6
4.7 22.6 187.3 2.1
4 47.8 777.5 1.7
3.1 16.2 111.8 2.5
1.7 33.8 573.2 1.9
1.2 15.9 873.2 2.3
3.1 32.2 690.5 1.6
5 38 75.2 2.4
2.2 31 770.9 1.9
4.4 36 283.6 2
3.9 21 437.9 2.5
2.2 36.8 784.1 1.5
3.9 14.7 947.8 1.8
4.5 20.4 495.8 2.2
3.4 37.2 280.8 2.4
3.1 47 368.2 1.7
2.3 22.4 163.5 1.6
3.4 31.9 390.6 2.1
1.5 19.1 253.8 1.8
4.7 39.7 163.7 2
4 30.4 898 2.3
1.6 19.4 903 1.7
2.2 22.9 742.5 2.5
2.9 35.3 532.4 1.6
3.9 13 472.8 2.1
2.5 19.4 746.2 1.6
4 11.5 479.5 1.7
2.6 46.8 711.4 2.1
2 33.9 812.3 1.6
4.6 11.9 788.7 2.5
2.4 42.8 905.5 1.5
3.4 33.7 881.1 1.9
4.9 47 363 1.8
1.1 15.6 234.7 1.7
4.2 25 145.9 2
1.4 43.9 301.7 1.6
3.6 19.4 168.5 2.4
3.7 35.9 214.7 2.5
1.6 35.1 478.5 1.5
4.8 34.9 726.3 2
1.4 24.9 85 2.2
4 47 697.8 1.7
4.7 32.9 377.6 1.6
2.3 21.2 498.3 2.2
1.8 12.2 225 2.2
3.6 27.8 844.8 2
4.7 26.4 933.2 2
5 17.8 711.3 1.9
1.5 15.4 125.6 2.2
1.8 23 293.7 2.2
1.6 39.2 90.1 2.2
1.2 17.7 86.6 1.9
4.2 24.9 86 2.1
1.5 12.6 174.6 1.7
3.4 15.3 232.9 1.7
2.9 38.7 331.2 2.3
2.7 20.5 907.6 1.8
3.4 28.4 419.1 2.2
2.3 35.7 410.1 1.9
3.3 27.4 905.7 2
4.9 46.9 297.9 1.9
3.4 22.5 491.5 1.8
4.5 14.4 700.3 1.9
4.5 31.5 269.9 1.9
1.2 10.5 199.3 1.8
1.7 37.2 822.4 1.7
4.9 18.6 139.8 2.1
1.1 32.9 837.2 2
0.3 0.4 0.2 0.3 0.4 0.3 0.3 0.3 0.3 0.3 0.3 0.4 0.3 0.3 0.2 0.2 0.3 0.2 0.3 0.3 0.3 0.3 0.2 0.2 0.3 0.2 0.3 0.3 0.3 0.2 0.3 0.3 0.4 0.3 0.3 0.3 0.4 0.3 0.4 0.3 0.4 0.3 0.2 0.2 0.3 0.3 0.2 0.3 0.4 0.4 0.2 0.3 0.4 0.3 0.3 0.2 0.3 0.3 0.2 0.4 0.4 0.4 0.3 0.2 0.2 0.3 0.2 0.3 0.2 0.3 0.2 0.3 0.3 0.2 0.2 0.4 0.3 0.4 0.3 0.2 0.2 0.3 0.2 0.4 0.4 0.4 0.2 0.3 0.3 0.4 0.2 0.2 0.2 0.2 0.4 0.3 0.2 0.3 0.3 0.4 0.3 0.2 0.3 0.4 0.3 0.2 0.4 0.3 0.2 0.4 0.2 0.4 0.2 0.4 0.2 0.3 0.3 0.3 0.2 0.2 0.4 0.2 0.2 0.3 0.4 0.3 0.3 0.2 0.3 0.4 0.3 0.3 0.3 0.3 0.3 0.2 0.3 0.4 0.2 0.3 0.3 0.3 0.3 0.2 0.2 0.3 0.3 0.3 0.3 0.3 0.2 0.2 0.3 0.3 0.4 0.3 0.4 0.4 0.2 0.3 0.2 0.3 0.3 0.2 0.3 0.3 0.2 0.4 0.3 0.3 0.2 0.2 0.4 0.3 0.2 0.4 0.4 0.2 0.3 0.4 0.4 0.3 0.2 0.3 0.3 0.2 0.3 0.3 0.4 0.4 0.4 0.3 0.2 0.3 0.3 0.3 0.3 0.2 0.4 0.3 0.3 0.4 0.4 0.3 0.2 0.4 0.3 0.3 0.3 0.3 0.3 0.3 0.2 0.3 0.4 0.4 0.3 0.3 0.2 0.4 0.4 0.3 0.3 0.3 0.3 0.4 0.3 0.3 0.3 0.4 0.3 0.3 0.4 0.3 0.3 0.3 0.4 0.2 0.4 0.3 0.3 0.3 0.3 0.3 0.4 0.2 0.4 0.3 0.3 0.2 0.4 0.3 0.4 0.4 0.3 0.2 0.3 0.2 0.3 0.2 0.2 0.3 0.3 0.3 0.4 0.2 0.3 0.2 0.4 0.4 0.3 0.2 0.3 0.2 0.2 0.3 0.3 0.4 0.3 0.2 0.3 0.3 0.3 0.4 0.3 0.2 0.3 0.2 0.2 0.4 0.3 0.4 0.4 0.3 0.4 0.3 0.3 0.3 0.2 0.3 0.4 0.3 0.3 0.3 0.2 0.4 0.2 0.3 0.2 0.4 0.4 0.4 0.4 0.3 0.4 0.3 0.2 0.3 0.3 0.3 0.3 0.3 0.4 0.3 0.2 0.4 0.4 0.4 0.3 0.3 0.3 0.3 0.2 0.3 0.3 0.2 0.3 0.2 0.3 0.3 0.3 0.4 0.3 0.2 0.4 0.4 0.3 0.2 0.2 0.4 0.4 0.3 0.3 0.3 0.4 0.4 0.3 0.4 0.3 0.3 0.3 0.4 0.2 0.3 0.3 0.3 0.3 0.2 0.3 0.4 0.4 0.2 0.3 0.3 0.2 0.3 0.2 0.4 0.3 0.2 0.3 0.3 0.3 0.3 0.3 0.4 0.3 0.3 0.2 0.2 0.3 0.4 0.3 0.4 0.3 0.3 0.2 0.4 0.3 0.2 0.3 0.3 0.3 0.4 0.3 0.4 0.3 0.4 0.2 0.3 0.3 0.3 0.4 0.3 0.3 0.3 0.2 0.4 0.3 0.3 0.4 0.4 0.4 0.3 0.3 0.4 0.4 0.2 0.3 0.4 0.2 0.3 0.3 0.3 0.3 0.2 0.3 0.3 0.3 0.3 0.4 0.2 0.2 0.2 0.3 0.2 0.4 0.3 0.3 0.3 0.3 0.2 0.2 0.3 0.3 0.4 0.3 0.3 0.2 0.4 0.3 0.4 0.2 0.3 0.3 0.3 0.2 0.3 0.3 0.4 0.3 0.3 0.3 0.4 0.2 0.4 0.3 0.3 0.2 0.4 0.4 0.2 0.4 0.4 0.2 0.2 0.3 0.2 0.2 0.2 0.3 0.4 0.3 0.3 0.3 0.2 0.3 0.4 0.2 0.4 0.3 0.3 0.4 0.3 0.2 0.2 0.3 0.3 0.2 0.4 0.4 0.3 0.2 0.2 0.3 0.3 0.4 0.3 0.2 0.2 0.4 0.2 0.3 0.3 0.2 0.2 0.3 0.3 0.4 0.4 0.2 0.2 0.4 0.4 0.3 0.3 0.4 0.3 0.3 0.3 0.2 0.3 0.4 0.4 0.2 0.2 0.2 0.3 0.4 0.2 0.3 0.3 0.3 0.3 0.3 0.2 0.3 0.3 0.2 0.3 0.4 0.3 0.4 0.3 0.4 0.3 0.3 0.3 0.4 0.2 0.3 0.2 0.4 0.3 0.2 0.4 0.3 0.4 0.4 0.3 0.3 0.2 0.4 0.3 0.4 0.4 0.3 0.3 0.3 0.3 0.3 0.4 0.3 0.4 0.4 0.3 0.2 0.3 0.3 0.3 0.3 0.4 0.4 0.3 0.3 0.2 0.3 0.2 0.4 0.4 0.3 0.3 0.3 0.3 0.4 0.3 0.2 0.3 0.3 0.2 0.4 0.3 0.3 0.4 0.2 0.3 0.3 0.3 0.3 0.3 0.3 0.2 0.2 0.3 0.4 0.3 0.3 0.2 0.2 0.3 0.2 0.4 0.3 0.3 0.2 0.3 0.3 0.3 0.4 0.3 0.2 0.4 0.3 0.4 0.3 0.4 0.3 0.3 0.4 0.2 0.3 0.2 0.2 0.4 0.2 0.4 0.3 0.2 0.4 0.3 0.3 0.3 0.4 0.2 0.3 0.2 0.3 0.4 0.3 0.2 0.4 0.3 0.2 0.4 0.4 0.3 0.2 0.3 0.2 0.4 0.4 0.4 0.3 0.4 0.3 0.4 0.3 0.4 0.3 0.3 0.3 0.2 0.4 0.3 0.2 0.3 0.3 0.3 0.2 0.4 0.2 0.4 0.4 0.2 0.3 0.4 0.3 0.3 0.3 0.3 0.4 0.4 0.3 0.4 0.2 0.3 0.3 0.2 0.4 0.2 0.4 0.3 0.4 0.4 0.3 0.3 0.2 0.2 0.4 0.3 0.2 0.3 0.2 0.3 0.3 0.4 0.3 0.3 0.3 0.3 0.2 0.3 0.3 0.3 0.4 0.4 0.2 0.2 0.2 0.3 0.3 0.4 0.4 0.3 0.3 0.3 0.2 0.3 0.4 0.3 0.2 0.2 0.3 0.3 0.4 0.2 0.3 0.2 0.4 0.2 0.3 0.4 0.3 0.4 0.2 0.4 0.2 0.3 0.3 0.2 0.3 0.4 0.4 0.3 0.3 0.3 0.3 0.3 0.3 0.4 0.4 0.3 0.4 0.3 0.4 0.3 0.3 0.4 0.4 0.3 0.3 0.3 0.3 0.3 0.3 0.3 0.2 0.4 0.3 0.3 0.4 0.3 0.4 0.3 0.2 0.2 0.4 0.2 0.3 0.2 0.3 0.3 0.3 0.2 0.2 0.2 0.3 0.4 0.3 0.4 0.3 0.4 0.3 0.3 0.2 0.3 0.3 0.3 0.3 0.4 0.2 0.3 0.3 0.3 0.4 0.4 0.3 0.3 0.3 0.2 0.2 0.2 0.4 0.3 0.2 0.3 0.3 0.3 0.3 0.4 0.4 0.4 0.3 0.2 0.3 0.3 0.3 0.2 0.2 0.3 0.4 0.4 0.3 0.3 0.3 0.4 0.2 0.3 0.3 0.2 0.4 0.3 0.3 0.3 0.3 0.2 0.4 0.3 0.2 0.2 0.3 0.3 0.3 0.4 0.4 0.3 0.3 0.2 0.4 0.3 0.3 0.3 0.3 0.3 0.3 0.2 0.3 0.4 0.3 0.2 0.3 0.3 0.2 0.2 0.2 0.3 0.3 0.3 0.3 0.2 0.3 0.4 0.4 0.2 0.3 0.2 0.2 0.3 0.4 0.4 0.2 0.3 0.4 0.2 0.2 0.3 0.2 0.3 0.2 0.3 0.3 0.2 0.3 0.4 0.3 0.3 0.2 0.4 0.3 0.3 0.2 0.3 0.4 0.3 0.2 0.2 0.4 0.3 0.2 0.3 0.2 0.3 0.4 0.3 0.3 0.3 0.3 0.2 0.2 0.4 0.2 0.2 0.2 0.3 0.3 0.3 0.3 0.3 0.2 0.3 0.4 0.2 0.2 0.2 0.3 0.2 0.2 0.4 0.2 0.3 0.2 0.3 0.4 0.3 0.2 0.3 0.3 0.4 0.3 0.3 0.3 0.2 0.3 0.4 0.3 0.2 0.2 0.2 0.4 0.3 0.4 0.2 0.4 0.3 0.3 0.4 0.2 0.4 0.4 0.3 0.4 0.4 0.4 0.3 0.2 0.2 0.3 0.2 0.4 0.3 0.3 0.2 0.3 0.2 0.3 0.4 0.3 0.3 0.3 0.3 0.2 0.4 0.4 0.2 0.3 0.2 0.2 0.4 0.4 0.2 0.4 0.3 0.4 0.4 0.3 0.3 0.3 0.3 0.3 0.2 0.3 0.3 0.3 0.3 0.2 0.2 0.3 0.2 0.3 0.2 0.4 0.3 0.4 0.3 0.3 0.4 0.2 0.3 0.2 0.4 0.3 0.4 0.3 0.3 0.2 0.3 0.3 0.3 0.2 0.3 0.3 0.4 0.3 0.3 0.4 0.4 0.3 0.2 0.4 0.3 0.3 0.4 0.3 0.3 0.2 0.3 0.3 0.2 0.4 0.4 0.3 0.2 0.2 0.4 0.3 0.3 0.3 0.2 0.3 0.4 0.3 0.3 0.4 0.3 0.3 0.3 0.3 0.2 0.4 0.4 0.3 0.2 0.3 0.2 0.3 0.3 0.2 0.3 0.2 0.4 0.3 0.3 0.4 0.3 0.4 0.3 0.3 0.2 0.3 0.4 0.2 0.3 0.2 0.4 0.3 0.2 0.4 0.2 0.3 0.2 0.4 0.3 0.4 0.4 0.3 0.2 0.3 0.3 0.3 0.3 0.4 0.2 0.3 0.2 0.2 0.3 0.3 0.3 0.4 0.4 0.4 0.3 0.2 0.2 0.4 0.3 0.4 0.4 0.4 0.3
145 165 140 45 180 156 156 130 46 73 21 30 132 134 57 3 27 16 83 138 69 38 102 109 60 58 33 44 39 42 138 169 13 158 5 96 15 111 158 119 139 65 77 145 56 86 147 161 70 52 65 46 41 52 173 54 26 14 119 112 67 175 167 67 114 56 106 52 111 171 27 22 92 8 115 75 169 148 152 140 50 79 99 147 178 156 157 134 163 89 98 2 34 40 147 87 153 29 26 178 79 142 104 82 19 99 122 58 38 158 73 69 21 148 125 159 73 51 126 104 128 132 160 83 16 167 179 55 45 124 78 18 175 141 20 135 8 168 60 4 12 149 130 86 76 38 10 127 28 39 87 4 151 123 52 166 57 94 158 75 142 170 80 145 136 168 105 171 130 39 162 173 154 19 17 87 15 82 66 109 72 74 36 65 143 35 19 118 113 124 66 31 42 164 44 1 12 45 180 22 36 38 16 159 151 156 80 166 160 63 111 31 35 139 74 174 18 176 57 130 3 108 30 71 100 92 46 174 114 15 21 31 177 82 73 105 167 155 56 153 101 44 27 141 120 92 100 133 154 106 73 146 139 114 71 31 39 175 158 122 61 94 91 179 38 143 123 4 78 41 106 94 153 132 19 104 171 127 75 96 21 19 92 11 28 154 60 41 33 99 23 124 175 39 60 32 82 67 118 57 78 33 2 144 61 40 99 128 102 169 134 20 103 22 125 161 63 81 163 68 155 49 136 82 60 174 173 18 142 55 22 7 86 93 65 135 12 68 180 178 8 160 28 124 95 84 166 139 60 149 78 72 50 119 10 97 13 144 1 175 100 163 24 107 49 160 44 96 27 20 25 11 104 137 172 30 160 12 61 165 103 24 48 159 113 161 58 24 37 90 28 174 156 105 177 133 43 70 147 162 157 45 117 145 83 137 131 106 126 42 13 3 64 75 87 122 170 68 27 42 154 69 25 55 128 23 143 26 65 136 11 118 175 57 105 24 31 87 52 12 159 176 99 39 92 150 114 66 160 139 51 98 22 69 15 94 173 179 40 34 144 103 134 180 60 155 49 37 75 157 163 18 107 168 81 157 35 146 4 33 70 88 53 24 73 39 176 130 124 28 84 15 114 153 119 37 113 7 45 165 43 8 20 95 100 86 177 64 14 102 174 6 67 156 62 106 114 65 161 19 123 26 110 169 98 58 176 140 150 140 67 67 62 71 51 67 129 1 24 79 1 2 174 6 140 122 20 48 42 173 39 17 116 93 158 48 95 19 29 130 108 77 62 120 39 92 112 27 76 80 161 132 117 117 85 121 45 153 145 168 128 74 86 26 92 173 79 40 104 102 75 126 161 45 18 108 73 167 101 86 162 8 163 130 52 142 143 53 53 29 161 133 36 55 160 153 98 60 1 176 80 87 59 35 6 50 179 33 68 126 150 18 81 5 132 160 81 47 41 54 23 15 83 127 5 46 93 123 51 78 157 25 76 61 48 74 75 116 33 39 51 47 80 8 77 82 127 147 121 104 100 167 2 72 152 16 95 139 162 126 63 48 142 119 52 93 118 77 134 124 1 82 95 62 142 137 134 162 18 109 66 20 167 77 16 109 60 119 18 170 112 75 87 31 5 116 167 38 22 115 155 57 9 32 64 71 24 144 140 54 141 79 176 149 3 163 45 63 86 67 46 147 174 100 76 59 30 119 160 47 138 168 117 60 51 65 32 68 29 162 50 9 114 166 40 158 104 83 141 5 112 18 118 109 114 54 154 145 150 76 170 19 109 24 160 127 159 112 139 46 78 175 51 164 62 9 23 66 158 144 171 163 79 78 176 150 9 56 144 118 99 30 36 169 160 32 93 66 49 70 136 152 91 30 100 102 108 62 128 35 127 24 172 171 104 1 169 143 27 125 168 62 93 92 33 4 161 144 31 56 5 150 79 38 21 10 75 145 58 48 44 15 6 46 17 134 76 122 161 100 148 102 106 84 157 151 124 26 86 163 165 95 56 28 81 131 91 7 65 65 80 94 120 102 7 68 6 93 22 136 138 129 170 145 136 33 121 37 151 142 80 160 47 80 152 113 3 23 142 6 10 167 45 139 18 83 69 152 47 23 13 70 60 73 171 120 138 70 32 27 129 180 120 76 14 171 169 93 69 130 107 16 3 105 34 93 128 52 50 158 51 153 145 39 99 137 163 59 29 91 98 139 157 16 97 106 70 122 119 176 69 140 115 14 19 60 139 77 111 116 109 89 120 71 174 148 35 170 17 161 79 102 167 148 82 149 21 121 8 154 39 135 48 61 119 151 1 19 124 33 114 55 63 32 169 53 135 129 151 112 134 99 117 50 38 33 105 91 139 103 135 3 40 157 73 115 147 84 108 6 171 98 104 17 134 18 146 94 20 138 108 44 19 179 59 17 115 17 106 180 71 34 82 118 169 33 18 179 75 71 139 136 142 122 117 27 178 76 54 30 180 82 16 134 144 41 149 25 22 69 95 55 97 116 84 37 48 126 107 95 173 19 29 12 40 65 123 94 52 104 54 100 100 53 45 129 80 25 50 59 178 130 177 29 14 34 144 78 162 159 130 42 129 15 38 57 1 28 141 5 131 108 1 21 122 160 13 108 7 149 23 64 165 128 13 91 106 47 37 17 3 41 171 91 41 19 172 55 134 86 94 45 131 33 156 88 180 9 87 104 109 62 53 17 120 126 72 129 167 139
28 120 87 115 134 75 92 7 43 108 37 168 26 8 107 168 9 89 51 103 85 122 66 161 136 176 100 64 93 105 40 156 109 131 50 55 131 14 83 109 166 77 153 4 7 4 76 154 164 1 130 101 30 163 60 33 115 14 61 79 135 121 80 46 56 81 54 3 86 18 146 72 66 113 61 15 141 12 148 120 18 111 163 73 65 53 58 151 43 128 24 69 26 72 149 64 43 79 112 58 17 168 61 173 170 63 56 101 131 143 85 163 32 64 11 75 87 118 16 145 97 126 10 162 101 167 93 111 65 11 95 26 56 12 171 98 8 76 116 27 23 129 116 54 148 160 2 180 138 136 145 120 104 48 129 34 72 176 76 22 101 30 10 158 20 76 105 166 30 36 124 63 107 73 22 5 124 113 44 13 37 72 143 101 53 161 84 28 101 71 164 65 107 37 153 160 99 16 159 42 62 92 23 51 154 63 139 143 140 63 47 120 77 127 55 160 167 19 10 110 107 55 104 147 3 2 60 123 164 140 172 19 48 28 33 102 98 73 37 131 69 1 129 150 129 47 2 81 114 116 72 121 5 89 56 46 30 9 141 20 102 40 66 156 108 163 131 135 31 83 73 31 36 38 130 136 10 63 22 26 4 56 47 136 69 75 8 83 143 64 101 53 1 92 14 110 56 104 36 8 139 88 131 108 54 59 169 20 157 9 37 165 133 43 67 150 129 178 51 148 76 34 124 48 132 30 139 117 144 64 90 69 73 76 99 126 127 145 56 159 31 167 48 35 91 76 144 65 165 118 129 161 75 4 134 107 38 118 111 26 13 73 164 166 89 159 172 131 180 59 32 178 166 5 119 28 35 163 122 109 159 33 166 110 158 40 109 118 112 117 17 161 61 88 171 39 53 41 41 64 54 89 3 178 72 41 78 53 99 41 166 111 12 19 156 116 45 140 84 11 30 65 34 149 55 136 63 79 3 159 149 127 160 44 158 136 125 22 79 16 12 50 44 159 81 52 111 174 155 94 10 148 5 121 157 142 128 67 91 164 28 178 74 53 146 92 128 26 122 27 38 84 19 29 38 107 99 144 53 8 41 3 93 21 136 152 13 84 106 51 2 74 91 96 8 114 5 97 133 80 1 130 36 8 118 11 91 175 78 167 49 178 59 124 178 161 119 109 24 171 2 26 119 134 87 54 95 74 9 155 72 160 108 144 3 22 43 180 45 151 119 46 136 161 95 129 130 112 158 75 22 50 111 23 134 177 171 17 112 164 121 64 113 33 70 45 33 89 170 152 157 97 101 161 99 163 49 16 159 148 145 19 137 163 79 66 44 143 164 83 106 142 90 157 45 16 124 45 168 154 97 5 4 70 72 153 79 84 116 94 150 119 72 166 179 180 47 154 65 179 3 66 50 108 156 103 60 80 155 8 96 101 17 23 20 134 42 74 8 128 169 50 29 16 1 114 104 180 36 116 115 137 64 93 16 93 127 39 37 40 143 82 90 177 22 67 75 100 177 84 62 12 172 85 41 65 117 105 56 93 7 87 60 5 52 110 144 150 48 16 105 163 137 38 74 60 165 8 53 160 82 86 77 95 91 66 130 58 13 1 159 31 37 156 130 170 96 40 40 10 92 73 104 163 44 99 146 119 53 152 164 79 37 1 154 74 106 168 179 20 170 121 72 20 71 40 138 139 11 8 148 37 48 55 147 160 88 29 54 52 153 45 34 107 1 100 145 36 25 119 7 153 23 63 172 41 33 105 127 6 31 45 12 87 109 35 21 15 47 16 78 5 101 10 145 30 82 121 31 148 63 6 149 142 57 133 41 36 54 86 88 93 126 31 91 123 177 173 60 148 80 20 73 63 173 128 11 150 61 1 163 29 60 95 41 65 100 20 118 1 106 89 74 52 74 45 7 22 60 171 146 24 38 160 155 5 31 91 42 58 47 180 90 155 172 105 116 178 164 10 39 7 3 98 171 6 13 130 145 158 103 9 166 124 74 58 2 154 176 179 107 104 26 73 115 59 67 29 156 68 50 29 44 42 138 2 89 103 126 11 168 134 144 163 24 132 160 50 30 153 63 51 12 87 167 139 45 147 55 18 67 115 48 169 36 42 29 100 156 141 40 100 60 6 145 90 97 130 97 164 134 72 98 93 37 36 62 38 149 12 132 95 138 148 104 178 100 126 81 107 9 153 156 157 151 73 102 68 82 29 68 174 146 152 141 90 167 172 128 168 81 166 102 18 85 156 67 5 97 58 48 85 13 69 113 123 13 93 161 156 59 5 4 142 49 46 94 112 47 165 42 149 54 157 121 140 112 88 2 71 46 52 80 161 38 156 120 77 99 28 180 114 14 150 20 7 51 37 160 11 63 22 67 179 35 117 161 30 66 90 86 96 98 104 177 5 173 161 137 107 27 14 70 49 5 178 7 35 122 1 109 22 134 166 133 88 123 134 149 46 38 110 90 170 35 99 177 166 115 163 127 35 103 132 167 82 91 86 133 35 16 40 3 6 163 47 83 20 67 28 158 9 30 50 101 17 61 26 88 51 156 157 40 144 150 20 165 141 19 36 163 72 102 76 173 58 49 26 180 46 88 32 44 134 18 97 87 33 2 72 129 98 163 57 167 44 140 145 1 45 106 34 148 30 114 48 2 143 159 13 94 91 74 116 180 80 8 65 93 88 175 67 146 101 109 22 21 136 3 96
40 20 52 121 32 77 167 48 164 92 147 63 17 55 65 59 153 18 133 94 64 105 127 155 56 8 101 124 105 86 128 77 71 39 11 69 5 74 17 35 9 116 31 169 134 10 90 163 48 136 38 64 140 24 175 24 50 168 35 29 69 143 141 115 22 114 54 37 44 52 82 176 64 49 55 85 130 152 172 164 30 60 161 144 15 160 74 42 160 4 73 5 54 99 122 67 56 82 86 43 87 92 71 178 46 90 23 86 94 156 156 35 133 56 28 38 132 166 103 41 85 108 3 112 75 136 57 122 51 25 42 115 154 28 127 121 67 120 111 71 133 93 15 110 23 42 156 78 147 120 174 51 38 106 150 30 87 59 43 89 143 153 31 38 104 90 58 103 123 120 4 48 169 7 118 46 52 9 27 1 155 146 101 161 61 93 50 62 168 52 70 62 49 3 130 132 173 153 34 156 124 20 49 128 111 151 180 82 7 2 128 141 110 108 79 114 28 172 167 174 61 130 39 31 16 33 6 28 92 62 40 119 132 179 8 71 44 79 85 120 118 36 87 10 146 23 72 136 133 176 143 4 101 54 173 157 165 16 171 169 56 66 41 141 80 179 20 67 129 151 140 29 80 42 108 100 103 4 116 28 8 101 57 72 142 9 96 26 59 22 31 65 20 172 78 104 96 162 41 116 80 61 117 173 154 104 50 157 159 71 19 89 128 3 76 131 50 123 83 46 144 155 49 76 76 104 43 102 141 42 91 49 78 119 43 85 70 64 4 126 121 13 83 4 174 91 20 13 33 172 7 71 36 111 96 39 65 141 176 121 115 45 146 14 22 69 61 78 23 55 155 40 180 56 10 91 53 171 139 126 44 26 168 153 146 121 179 175 51 14 90 151 51 167 90 82 50 158 95 21 139 177 84 120 106 69 179 168 40 132 96 75 75 41 89 160 69 85 6 135 66 53 171 33 92 8 10 32 133 154 48 132 28 69 101 176 50 137 166 166 123 25 104 22 168 8 41 102 127 101 179 106 4 9 143 39 12 100 17 117 111 55 9 39 127 32 151 139 163 71 95 171 19 71 61 144 134 170 64 144 133 87 76 133 44 11 117 126 114 23 134 130 152 177 94 57 37 151 29 124 126 124 57 152 53 80 150 32 47 157 77 109 139 73 48 101 174 50 2 169 44 89 146 75 175 100 152 46 83 84 122 133 37 13 63 123 61 18 138 163 179 57 126 57 1 53 145 81 27 44 64 30 76 156 26 104 46 46 60 5 176 21 53 164 23 47 10 109 112 8 16 43 107 67 127 168 49 13 47 153 66 77 1 104 38 58 42 42 177 92 128 75 169 121 85 118 105 6 154 72 154 117 164 58 172 88 43 59 26 164 169 35 97 74 27 87 3 42 100 76 43 44 171 2 10 179 126 177 45 25 93 173 70 166 73 24 58 156 75 110 102 51 172 52 150 35 105 104 15 85 80 127 152 41 98 57 174 61 162 17 59 78 161 26 136 160 103 161 101 94 120 97 72 40 162 11 71 4 130 168 101 51 165 50 6 172 1 117 82 4 155 34 177 87 94 144 98 25 96 106 133 48 135 63 129 121 101 136 89 83 75 75 17 77 178 83 35 150 148 64 62 132 103 102 94 45 57 118 89 44 144 171 116 174 33 56 15 24 146 6 125 9 172 113 146 108 85 28 63 152 41 176 16 9 52 174 31 89 38 12 137 123 47 157 85 170 176 67 180 42 9 121 67 63 122 87 112 165 151 172 55 17 118 31 12 47 137 142 117 31 84 128 117 45 61 109 69 127 128 86 69 170 64 89 93 173 116 71 155 136 144 143 115 128 64 51 35 13 122 56 68 170 129 131 84 130 99 47 30 41 109 29 172 119 111 140 110 18 89 93 105 169 143 9 7 141 68 11 118 119 102 97 96 52 11 129 114 24 150 22 45 38 125 126 122 149 89 58 101 8 120 26 102 110 54 123 39 131 38 81 123 98 103 85 158 66 103 11 5 160 35 1 40 21 46 110 138 96 55 49 122 40 66 112 104 29 53 14 6 85 23 99 97 176 23 146 67 67 68 95 16 172 81 41 158 19 90 96 128 179 27 126 60 99 138 131 95 62 73 165 44 53 99 155 3 7 170 42 135 67 9 12 128 137 48 157 6 17 74 100 12 80 21 37 21 38 8 74 151 126 40 124 6 93 176 74 24 78 67 34 96 24 9 134 163 163 1 7 135 2 92 50 1 89 48 1 25 93 45 110 125 37 103 15 93 23 141 72 66 53 47 38 103 175 156 102 123 61 98 5 147 56 156 125 9 97 87 82 161 123 155 33 56 154 135 41 109 113 90 161 173 30 46 3 37 3 4 66 63 28 130 118 10 65 26 50 80 114 70 104 20 11 126 163 22 106 49 93 90 65 139 134 175 35 83 109 64 44 170 111 80 20 20 178 149 81 47 128 11 156 131 132 36 35 23 33 139 37 7 41 164 108 25 54 88 121 30 118 85 50 157 135 51 62 114 125 50 139 97 13 44 86 79 79 39 142 158 127 60 37 7 61 73 13 10 22 7 48 137 179 102 141 47 74 23 167 35 11 54 39 39 126 143 87 163 67 69 106 123 35 86 121 172 85 86 129 151 133 60 175 71 88 153 21 52 142 78 60 152 102 34 92 142 155 96 77 15 136 25 42 9 173 113 47 126 99 56 158 111 10
25 63 146 137 165 130 41 4 161 82 107 135 43 56 48 156 35 53 35 94 50 20 43 16 75 110 96 19 18 168 112 157 28 87 104 1 1 71 174 47 161 14 35 78 20 139 37 124 70 177 21 144 17 124 123 26 63 104 57 81 122 90 176 39 144 117 1 51 41 101 102 35 38 75 115 29 49 70 75 116 134 53 62 139 119 156 73 17 59 89 128 129 173 24 24 108 88 20 8 168 174 138 177 141 103 35 69 164 105 19 153 140 143 69 71 72 77 88 166 92 148 168 37 75 133 150 166 95 159 62 35 71 18 73 110 9 111 107 16 165 179 59 11 29 180 90 49 24 83 83 52 33 173 178 47 29 4 93 25 104 28 8 90 101 135 169 20 30 59 93 137 125 134 136 124 78 149 145 51 125 44 139 164 12 128 15 25 57 54 65 69 32 119 167 118 52 27 62 124 125 132 25 116 27 83 35 57 38 147 130 175 127 178 18 115 35 12 95 53 169 101 142 47 64 138 157 79 111 95 144 157 105 85 16 154 55 31 87 171 82 13 28 1 32 81 105 164 67 55 116 43 142 13 41 153 16 51 167 81 124 41 123 77 174 22 140 153 96 92 78 172 40 75 76 18 92 157 133 47 89 48 51 27 135 45 59 39 170 178 140 25 134 22 147 154 3 149 152 134 160 92 40 172 100 104 56 1 69 126 119 44 4 107 19 132 122 48 146 124 135 101 57 25 5 61 25 28 71 174 177 119 172 32 62 14 139 163 111 157 22 123 148 13 1 180 154 104 157 31 111 12 29 79 2 12 3 109 132 147 172 105 101 12 29 36 75 111 20 108 35 104 50 79 14 21 74 49 115 17 159 163 100 74 51 149 59 7 135 128 170 134 82 77 165 58 142 103 137 108 13 177 57 142 152 5 153 32 55 39 177 16 40 146 8 33 40 106 171 132 63 41 70 168 35 15 42 30 51 5 164 124 171 55 27 16 53 48 179 113 149 29 128 10 69 69 28 15 141 24 119 83 92 109 23 67 53 93 18 130 158 162 42 57 15 159 142 118 147 85 154 11 44 84 9 168 32 172 44 38 78 74 92 179 175 163 27 77 23 51 126 93 84 134 80 75 98 132 98 80 55 15 106 158 145 48 79 86 61 52 58 57 57 104 47 9 111 62 24 52 107 1 176 8 54 43 179 52 150 103 115 34 43 38 56 145 142 94 90 176 101 112 123 18 145 33 30 66 34 17 45 138 12 137 66 13 60 45 12 78 144 166 49 31 28 150 65 91 104 34 114 65 85 113 162 32 133 72 153 74 60 89 174 97 17 119 53 40 9 35 7 84 167 143 26 125 129 31 73 11 65 149 122 174 173 59 175 95 116 177 136 142 117 142 31 87 83 64 72 169 115 75 71 10 127 80 67 129 141 61 29 142 11 137 31 96 65 74 115 146 31 126 35 163 115 13 2 53 162 44 95 28 130 165 160 166 151 180 94 148 132 169 23 66 170 97 99 75 80 110 21 138 78 138 44 87 127 128 155 153 102 156 159 15 11 70 164 60 67 147 34 110 104 33 150 79 72 126 50 75 14 101 14 90 107 40 148 53 108 152 73 88 17 78 156 15 89 97 123 179 101 74 115 10 95 102 79 41 141 36 6 11 148 132 55 75 167 37 59 42 30 116 58 117 150 11 51 150 169 99 64 13 101 106 158 129 73 156 22 55 35 125 112 63 137 84 56 112 2 124 104 144 113 60 28 25 136 103 37 70 66 32 96 31 19 120 145 138 95 130 137 125 134 45 157 64 169 48 153 97 145 104 155 60 71 2 40 110 11 27 171 125 104 66 106 8 118 138 125 27 73 147 136 99 9 97 8 112 49 44 160 42 27 60 52 174 76 160 27 48 134 34 48 137 4 146 56 81 87 175 145 6 141 142 28 78 45 165 74 117 130 106 58 162 47 104 104 151 180 16 41 16 94 69 98 132 66 103 36 160 63 17 164 153 171 129 56 63 132 75 68 101 108 129 117 19 41 138 39 89 22 110 43 81 96 26 28 22 125 72 20 132 69 69 163 108 126 24 10 79 23 136 54 149 172 122 179 148 77 1 18 110 32 143 37 4 16 65 155 26 87 130 129 158 119 36 101 152 29 63 85 159 177 149 177 102 141 86 40 94 116 90 77 165 143 168 150 6 155 89 57 27 119 6 12 16 114 81 66 55 79 22 167 128 157 53 79 141 163 161 21 100 38 97 79 46 137 75 138 44 41 76 110 117 37 112 20 148 138 15 91 82 158 107 16 100 174 87 87 170 111 35 149 20 179 148 54 109 38 17 6 74 35 56 115 47 15 138 101 79 173 104 167 68 156 95 133 33 29 11 73 139 88 136 146 56 127 6 10 167 157 146 76 133 134 36 38 64 5 145 110 65 55 156 76 90 15 43 163 160 117 56 115 9 129 148 144 155 72 69 159 21 175 64 38 129 15 17 58 127 73 19 65 161 124 172 140 57 77 157 161 102 53 26 31 16 110 80 143 84 143 52 111 153 62 125 103 127 7 169 152 164 61 143 53 166 43 42 2 52 90 148 64 109 146 114 64 108 30 31 78 179 97 145 30 77 133 18 136 57 20 173 66 28 57 46 154 18 27 169 125 175 16 118 96 95 172 95 16 112 112 72 127 49 99 106 105 110 116 26 31 23 86 102 81 114 84 137 91 119 158
171 179 129 159 99 123 18 105 34 155 161 40 44 54 136 59 85 10 172 172 134 22 113 35 40 14 10 136 39 177 161 78 169 148 62 91 19 62 44 62 33 15 150 172 119 8 165 104 111 161 158 114 83 42 173 174 104 108 87 92 102 21 146 87 67 79 49 61 130 72 140 146 119 118 174 85 144 131 164 121 168 21 126 175 77 131 102 65 180 173 66 45 153 102 79 3 1 4 128 95 151 159 125 88 59 55 143 145 109 51 56 160 39 6 20 89 69 16 6 176 65 99 174 70 117 21 80 38 141 12 135 129 105 116 118 106 95 62 172 55 21 121 180 69 172 118 24 84 20 142 69 21 30 62 37 41 41 103 175 165 128 65 15 112 4 75 72 143 166 41 66 169 4 151 51 55 178 161 122 159 114 147 111 63 33 72 153 155 59 100 132 22 172 115 126 9 72 134 129 62 64 62 17 143 162 60 122 127 171 159 175 9 173 122 58 178 141 59 61 151 85 170 98 22 56 35 175 88 90 178 127 123 116 48 96 17 53 19 136 7 46 173 160 64 164 91 101 150 54 58 65 91 50 151 103 45 106 120 68 1 76 22 6 111 139 68 36 84 78 120 118 121 81 35 120 107 81 50 66 176 46 111 149 45 101 18 165 138 17 84 168 177 140 90 74 101 43 132 72 26 13 101 93 54 24 21 42 28 19 119 157 60 59 89 5 139 32 107 68 106 97 15 89 49 158 68 23 9 14 6 59 81 154 18 104 80 136 59 92 145 118 119 15 83 60 54 147 37 122 18 56 77 131 78 1 55 31 117 36 65 151 117 16 172 57 85 62 109 161 54 10 36 44 137 21 53 156 117 63 143 117 17 20 120 28 28 113 62 120 39 71 39 11 84 113 147 171 31 114 97 26 67 18 33 144 149 113 106 102 75 149 88 95 66 38 93 63 71 47 46 71 97 178 131 107 175 151 147 131 123 158 156 80 127 178 85 125 73 141 150 92 24 13 96 73 161 153 98 117 143 166 122 52 125 159 53 154 161 53 148 121 130 57 107 68 53 102 3 25 45 171 35 22 48 97 31 138 94 111 148 29 156 136 178 85 161 86 171 61 20 38 76 64 98 161 125 76 92 51 33 98 147 40 167 150 1 22 22 4 153 151 71 164 49 100 49 66 104 31 10 106 47 125 157 149 133 115 99 113 29 107 166 34 51 166 178 98 157 21 124 21 124 21 26 14 61 92 157 11 152 76 15 70 90 124 51 54 152 26 40 134 147 138 5 75 97 84 165 94 52 103 59 66 39 6 38 31 90 129 86 47 170 9 90 131 44 154 78 169 23 146 63 25 123 20 132 158 24 76 133 114 38 114 154 174 68 175 71 116 136 29 88 180 22 179 92 117 74 171 34 180 169 118 53 25 20 55 69 123 3 177 6 19 106 25 62 21 115 103 97 155 129 173 161 157 109 173 25 152 132 1 173 176 136 1 132 26 40 157 160 5 46 15 58 153 78 8 38 41 38 128 84 128 49 24 158 109 102 118 112 2 79 169 175 33 43 80 114 84 123 7 179 69 177 17 107 153 123 119 88 166 179 76 97 179 159 165 45 118 13 110 151 153 43 24 89 25 157 173 32 170 127 72 47 11 46 135 73 26 132 174 8 54 43 172 73 45 178 88 93 61 58 157 11 15 93 87 71 50 24 73 85 162 145 136 173 35 10 22 149 56 133 138 32 56 102 64 86 6 19 105 50 131 163 10 52 161 53 53 161 95 158 11 12 158 142 66 103 100 86 31 33 24 102 87 159 43 16 67 140 94 69 129 4 35 177 2 32 168 31 104 110 176 12 8 123 116 87 145 34 43 7 76 72 60 117 77 118 163 117 46 101 177 50 77 172 46 30 127 58 169 95 153 63 155 113 58 121 37 133 36 46 23 90 17 60 138 93 118 144 170 17 47 32 52 160 66 57 120 45 73 28 142 146 153 28 144 113 5 126 85 88 31 43 11 52 89 157 52 70 2 85 3 138 169 37 31 71 175 21 129 166 28 25 31 73 54 108 61 63 118 131 25 112 99 135 157 149 137 146 50 160 17 98 12 94 2 5 78 20 60 41 167 89 94 77 20 122 149 40 138 107 48 6 107 100 95 37 151 6 79 154 70 31 27 114 30 14 77 83 75 105 108 61 108 103 71 90 40 27 175 132 152 95 164 120 154 92 9 18 2 113 141 16 115 24 45 151 178 94 112 69 126 3 165 134 125 78 34 177 113 38 14 136 98 119 166 142 60 128 168 52 14 160 159 4 87 78 116 50 145 160 76 126 6 113 27 54 99 140 153 98 130 180 155 70 150 82 154 39 131 45 157 91 36 3 139 162 1 70 125 10 167 143 50 29 146 55 89 96 88 72 162 18 43 65 1 24 122 40 69 21 40 11 127 92 6 116 88 127 16 28 107 111 133 63 157 154 30 44 22 150 99 25 30 116 63 66 168 157 6 12 19 81 5 104 88 33 95 106 10 171 79 52 159 72 103 38 120 24 135 173 156 100 20 117 144 22 149 104 13 94 122 23 62 174 47 46 142 117 112 35 54 15 87 114 24 146 27 120 94 176 98 112 172 117 38 23 146 148 7 111 171 111 18 42 123 85 156 52 40 18 161 150 31 1 153 147 82 130 79 146 108 73 64 146 90 68 117 15 30 70 153 114 165 55 77 175 37 12
104 143 161 175 150 172 127 80 129 30 158 110 133 5 18 109 161 21 32 75 174 97 126 179 119 140 49 132 14 176 155 3 155 35 102 66 13 91 64 56 169 39 158 67 73 160 179 98 16 93 136 124 51 16 57 6 43 32 50 75 55 126 45 113 148 87 90 36 103 176 171 98 179 148 86 20 137 176 119 138 64 31 82 176 56 1 84 135 11 55 101 147 154 134 173 2 38 83 76 114 121 69 6 85 144 86 148 81 36 4 60 95 22 137 87 151 23 153 81 146 114 110 82 173 5 166 134 103 146 175 99 98 60 132 156 100 123 153 124 39 136 71 102 20 170 91 123 59 155 21 24 118 149 44 102 62 174 3 40 174 160 139 126 85 91 19 11 154 51 120 69 21 83 32 52 138 91 17 146 18 137 102 132 161 131 51 117 4 65 27 35 165 14 17 33 78 18 136 59 122 46 176 156 104 10 69 72 177 78 127 60 150 134 8 13 108 111 128 92 166 71 175 131 49 60 128 41 131 26 7 39 172 112 169 115 52 77 87 47 20 152 13 89 57 119 170 169 22 10 17 72 143 126 84 11 36 91 132 31 66 87 176 176 92 96 175 83 43 56 130 69 55 123 96 177 113 94 42 155 141 151 34 96 40 104 180 23 139 165 49 157 22 38 71 18 6 10 96 53 99 73 108 94 178 173 20 71 76 143 109 141 91 17 115 88 7 149 53 5 22 139 93 57 125 78 24 179 87 110 156 86 163 4 44 108 72 154 39 87 97 153 153 107 47 63 8 114 141 107 21 57 173 17 66 165 36 14 103 20 75 176 170 16 139 172 166 53 169 39 16 1 49 23 28 166 110 66 18 27 73 133 134 76 156 73 113 10 120 65 116 43 161 85 114 159 171 86 139 54 98 164 77 125 85 160 108 23 107 27 119 128 122 27 114 164 178 29 154 161 1 176 35 63 71 127 62 120 124 91 84 113 168 43 134 53 23 113 123 54 18 128 150 122 21 55 38 139 106 175 22 76 124 113 81 53 92 135 130 87 58 45 112 167 12 63 28 85 17 170 53 145 93 77 93 167 10 86 9 156 54 66 167 101 173 118 101 119 81 152 115 139 153 94 35 46 130 14 154 106 89 16 27 25 139 130 172 73 99 125 169 87 163 22 173 79 123 136 62 138 135 106 173 133 73 63 152 22 27 172 42 144 100 128 64 171 162 27 9 42 99 176 67 12 116 115 95 128 51 25 27 162 84 178 34 160 125 56 75 127 121 92 21 176 143 24 48 149 26 106 61 118 148 6 118 123 135 95 153 152 122 58 162 11 165 109 41 48 67 13 80 85 22 105 154 4 20 93 143 103 31 122 92 99 34 89 112 95 165 47 168 141 135 108 100 125 172 22 22 21 109 43 121 170 145 83 116 139 180 165 108 70 109 98 111 48 107 100 26 67 85 53 50 13 9 150 90 140 171 70 115 59 174 173 30 3 103 166 122 123 116 147 65 159 99 75 173 128 29 12 134 117 37 99 117 164 36 14 169 84 128 102 39 35 115 1 73 179 142 108 23 58 87 15 5 120 130 81 125 42 86 136 127 149 179 2 77 157 53 10 67 82 103 93 102 10 39 103 41 134 114 5 6 105 55 78 136 4 171 10 21 106 80 53 165 171 98 149 24 153 126 79 95 68 35 56 169 123 163 62 138 5 104 12 84 168 31 167 9 18 16 56 128 130 162 168 61 38 80 16 135 167 152 143 157 167 155 104 31 99 44 34 158 178 150 74 15 35 124 57 118 105 12 156 45 20 69 31 134 168 52 44 70 86 86 107 129 75 28 176 83 18 8 167 78 2 101 74 82 8 6 91 89 121 79 64 78 174 123 60 84 127 164 43 133 54 45 86 29 71 171 4 64 35 58 2 45 94 19 15 80 175 138 85 2 119 71 78 31 174 47 117 16 73 171 70 56 83 114 110 108 92 70 70 175 172 149 171 140 54 170 78 132 122 117 31 1 42 48 143 13 174 157 137 133 14 164 139 170 17 122 123 27 99 39 79 55 54 144 66 53 9 82 67 40 106 58 165 19 98 53 73 131 151 123 144 179 169 113 68 115 108 172 105 171 137 118 175 167 87 56 52 20 145 78 23 132 52 21 144 48 57 33 169 83 31 58 5 59 80 15 11 138 153 41 134 84 85 97 143 174 124 104 46 148 164 155 130 46 145 143 98 133 95 25 105 104 52 145 96 61 107 19 89 70 101 14 36 83 161 138 93 3 58 105 17 142 124 69 12 142 162 80 125 72 32 28 5 175 99 162 9 31 47 134 174 43 126 70 154 9 87 144 135 33 34 48 4 89 55 39 93 47 107 12 61 125 161 142 124 152 127 91 87 151 145 86 9 111 18 125 122 136 86 163 87 14 173 114 67 16 159 121 61 43 170 176 166 14 21 10 149 47 48 62 87 36 76 82 151 52 88 84 54 118 25 76 58 68 107 178 97 171 154 158 177 109 153 95 115 99 87 61 84 25 9 54 74 111 161 115 125 155 73 169 33 58 75 70 167 180 48 158 101 69 146 72 138 83 2 95 4 16 37 170 161 41 136 69 52 154 107 63 110 77 115 28 81 10 15 48 77 124 15 164 173 30 66 50 65 113 85 17 158 33 113 74 180 122 160 63 137 39 91 171 93 36 130 107 127 73 53 40 137 114 149 100 43 78 11 55
14 110 158 37 2 138 107 88 111 112 132 6 8 125 54 23 135 144 152 114 51 86 102 141 23 49 42 50 46 7 8 155 19 165 57 154 83 105 143 85 146 178 7 31 20 83 8 177 154 169 8 41 124 94 49 127 36 34 30 21 84 39 144 29 112 125 154 162 123 52 135 47 126 4 158 54 54 33 123 107 178 113 64 87 153 123 39 129 84 36 75 73 53 35 44 133 177 147 26 128 107 138 46 107 4 142 4 62 83 5 110 36 61 101 74 132 90 109 165 169 100 98 91 63 11 136 43 3 58 81 71 41 173 15 141 105 47 4 44 91 154 36 17 15 149 135 163 164 80 153 24 140 175 90 152 35 114 65 121 145 23 111 151 113 74 160 6 51 28 105 53 57 158 109 166 123 123 3 50 63 117 21 36 166 79 35 72 138 72 168 26 161 133 126 38 18 180 85 48 156 117 25 100 69 125 44 92 72 8 106 26 2 28 174 105 6 82 95 86 151 48 109 168 43 126 142 106 7 133 45 101 119 129 36 103 120 17 144 120 5 152 16 18 67 80 141 94 78 47 85 136 161 172 146 84 104 42 55 65 64 120 102 125 101 69 51 140 149 44 170 87 60 111 76 30 64 158 45 47 159 124 150 112 109 11 153 13 11 94 8 67 20 115 88 81 162 130 37 32 49 164 137 62 46 137 12 55 50 4 150 108 16 118 53 161 47 36 154 152 111 142 173 92 16 60 81 153 137 100 28 148 71 109 66 35 159 80 26 17 62 92 154 85 126 62 131 83 61 54 178 152 53 17 168 85 160 176 31 112 76 134 152 50 132 124 156 94 146 140 152 17 96 127 93 68 7 175 62 153 21 24 29 167 33 75 81 46 33 70 34 113 70 144 157 53 10 19 98 19 160 81 119 97 81 164 23 85 54 180 31 96 150 144 94 160 102 13 86 165 122 103 29 71 57 19 64 154 17 98 6 158 149 119 35 86 104 24 169 59 11 51 129 178 110 42 125 116 172 59 123 94 109 161 129 155 75 51 167 42 119 130 122 135 179 46 101 2 110 124 17 175 17 132 15 107 130 90 177 46 155 109 25 45 115 96 141 49 32 158 150 84 16 89 106 148 3 133 38 2 61 139 60 47 147 72 166 68 126 162 58 12 23 95 151 64 121 79 115 6 28 144 124 7 146 19 84 85 157 55 140 126 143 3 35 168 83 114 149 165 141 148 179 87 131 10 130 74 59 38 142 19 102 158 138 60 72 104 34 154 147 90 96 131 46 26 71 168 103 55 45 172 85 49 151 4 34 150 106 65 68 24 139 124 141 69 127 85 163 54 142 95 161 16 23 136 152 150 122 77 174 127 135 25 48 40 85 43 51 71 145 150 50 93 158 176 166 20 175 170 82 152 149 91 133 120 108 176 27 130 140 24 118 110 78 82 122 144 78 136 179 139 76 124 139 103 144 126 80 150 87 133 160 50 96 61 73 49 53 16 157 82 120 131 46 66 6 47 9 45 140 164 98 109 56 62 153 160 76 67 129 3 121 162 65 12 21 115 153 178 138 165 86 64 90 131 14 133 7 100 6 51 92 97 87 139 8 20 102 161 121 93 36 16 35 70 160 48 170 38 103 15 139 122 92 149 77 50 146 86 73 101 127 32 158 159 88 62 25 16 66 131 108 175 153 97 102 70 42 79 136 90 54 144 104 42 108 106 35 88 99 169 155 47 137 133 36 25 13 24 5 151 150 42 79 90 167 166 180 164 155 78 135 31 116 150 95 157 20 36 90 77 157 15 107 173 16 80 9 60 180 139 72 168 164 163 119 8 165 47 106 38 14 28 120 49 131 110 87 48 52 121 45 51 29 134 153 38 120 50 164 77 162 154 133 175 167 148 23 159 33 42 98 87 167 164 110 64 171 131 133 88 41 57 24 14 64 96 22 12 62 119 107 158 87 125 96 148 25 13 24 100 117 88 168 41 33 48 33 58 26 125 123 23 175 157 85 10 92 93 45 19 20 8 137 39 150 97 123 139 59 58 54 31 61 26 37 65 22 137 21 61 3 149 147 121 119 78 47 160 2 5 22 106 147 179 106 94 110 135 17 14 57 122 102 2 115 23 148 63 23 97 19 83 4 42 34 120 61 60 54 37 118 14 178 9 84 151 136 7 152 64 109 48 121 69 46 65 63 13 144 143 78 141 20 176 38 126 152 46 170 159 6 120 28 65 118 119 30 5 137 89 143 124 4 164 7 129 100 162 137 160 52 82 48 13 179 55 60 178 126 6 135 117 26 137 60 13 40 54 104 99 97 108 141 156 155 21 20 59 117 123 28 20 107 134 101 60 33 26 129 169 52 22 67 30 114 45 152 4 127 76 60 112 46 61 113 40 66 33 123 78 85 96 30 137 21 50 92 25 75 16 94 141 80 49 21 63 11 65 172 36 154 122 17 53 110 128 132 161 85 49 167 10 29 102 43 59 86 117 108 82 132 66 48 34 150 71 155 143 156 103 3 78 56 89 104 51 92 27 95 60 80 162 56 96 108 148 91 113 177 50 41 71 63 128 146 42 132 53 7 80 46 7 162 160 160 78 106 54 91 89 172 34 52 110 40 60 115 23 60 12 54 127 173 31 164 84 163 114 145 164 44 60 104 151 166 82 89 22 67 168 136 49 35 71 149 45 132 177 59 96 127 66 55 165 77 78 28 22 65
166 20 86 179 164 159 107 38 17 68 33 139 83 100 21 9 51 121 177 96 127 116 23 61 109 57 41 156 57 79 66 40 144 98 33 16 68 128 145 171 131 154 55 12 97 112 90 37 175 136 86 132 112 119 25 77 93 54 48 110 103 173 128 33 126 93 35 91 163 69 86 26 16 117 58 89 126 179 36 131 9 57 25 16 106 33 119 126 5 136 7 1 102 5 26 149 109 173 174 124 99 57 23 159 176 36 174 106 143 170 6 164 14 95 136 73 52 163 116 73 10 94 126 51 96 129 71 95 82 137 138 173 54 14 37 66 24 67 55 66 143 84 34 36 42 70 150 95 9 175 39 93 178 175 40 55 50 20 117 66 51 175 5 126 168 100 115 29 111 171 69 42 73 76 117 74 14 42 70 111 32 83 2 21 45 21 180 102 146 48 41 26 28 144 128 106 103 47 69 4 116 164 45 105 123 14 131 40 111 171 7 95 180 3 8 10 14 132 158 110 97 39 175 114 169 77 135 163 59 66 1 115 66 173 134 163 22 128 141 66 125 161 39 154 111 70 86 133 41 66 55 43 69 169 91 16 31 20 62 116 120 104 125 63 105 147 60 164 81 125 155 49 35 92 134 86 63 87 41 40 35 144 98 62 175 38 16 169 36 144 41 94 132 127 98 101 12 72 24 4 61 56 91 97 150 142 108 138 90 158 89 41 140 107 63 54 173 60 160 165 99 15 139 71 138 133 180 168 119 62 95 33 60 62 86 168 149 136 87 166 61 17 9 94 23 171 140 121 60 107 1 92 51 156 167 20 134 76 84 137 16 39 99 32 6 60 98 131 44 177 117 60 22 27 69 29 68 176 12 16 82 134 83 71 116 166 16 42 46 112 94 150 165 7 46 128 68 105 80 106 4 21 12 13 48 84 143 116 79 17 73 175 177 37 53 163 100 162 161 175 1 105 107 108 142 42 39 18 73 21 127 145 75 81 130 74 152 113 82 8 90 98 12 14 1 91 174 125 125 167 177 155 161 145 139 15 1 166 31 179 29 172 20 42 153 30 29 37 139 28 127 6 109 72 158 90 78 155 7 116 34 25 97 40 24 154 16 61 106 3 97 152 35 154 102 164 77 128 142 87 17 144 70 131 12 15 179 81 65 56 52 125 62 126 91 175 57 172 13 95 91 89 124 80 109 116 136 130 121 62 57 15 140 152 65 121 111 163 15 161 6 178 104 123 169 116 120 9 124 17 15 147 15 17 88 27 96 101 65 32 76 158 52 62 74 148 16 42 140 127 176 81 43 97 36 141 72 95 5 134 42 13 120 73 33 172 25 19 169 99 130 85 107 160 27 47 145 26 144 111 7 137 65 62 20 66 6 11 48 110 158 1 87 77 131 69 123 84 96 51 101 93 103 16 8 39 20 63 4 11 33 26 120 61 67 33 128 127 52 180 148 80 11 11 180 21 149 49 39 96 52 9 124 138 174 2 58 108 9 124 39 155 2 70 176 170 169 158 152 142 127 177 168 17 50 22 136 44 114 75 112 77 172 158 83 22 36 116 166 171 98 97 105 95 27 129 83 5 36 104 14 101 117 60 80 30 62 109 3 167 32 150 178 83 134 74 74 41 9 72 35 82 15 99 80 26 130 8 62 111 179 180 173 122 97 49 87 98 2 128 179 107 108 17 97 23 148 159 22 90 40 116 163 8 30 96 86 49 18 113 130 110 121 168 155 168 119 109 73 141 31 30 34 137 122 146 86 74 92 137 146 16 149 20 124 8 142 21 124 29 45 145 88 169 170 116 36 47 27 74 132 105 112 135 133 53 151 2 127 149 82 143 16 99 121 148 63 132 103 21 41 111 129 29 51 48 51 77 157 31 125 173 135 32 54 26 131 37 15 134 82 64 145 175 79 115 147 47 109 142 123 28 115 159 16 155 143 9 130 176 29 89 148 173 133 173 38 28 40 87 24 57 150 74 83 130 134 5 13 98 44 72 21 15 148 101 49 23 125 125 119 162 179 127 110 17 119 94 172 62 106 110 31 102 109 138 27 26 84 7 109 22 81 124 4 15 157 121 154 96 132 135 80 39 48 30 35 153 153 7 6 170 25 22 51 85 4 31 29 166 84 152 153 114 54 83 93 177 110 117 30 55 85 62 33 164 54 177 66 11 133 4 14 58 108 56 130 144 28 27 126 3 59 106 90 165 76 135 94 71 160 23 168 57 72 107 77 3 11 115 31 42 39 57 100 85 64 154 94 149 75 53 8 130 86 157 118 48 55 14 113 156 44 13 86 77 27 44 13 43 26 40 66 5 99 86 94 37 167 88 135 175 67 170 155 79 128 169 34 114 159 111 7 22 19 89 146 98 33 71 158 29 129 101 139 112 7 173 114 118 166 170 167 58 61 117 41 116 150 87 68 131 81 25 52 49 45 35 147 48 15 22 166 78 67 91 171 62 105 177 177 119 22 84 59 165 9 49 165 141 49 175 81 138 46 113 59 42 85 163 1 82 105 42 123 108 47 131 14 23 43 174 148 142 107 137 75 79 101 158 88 74 30 178 132 115 8 116 43 23 81 126 135 49 41 171 23 14 24 30 84 80 87 148 75 135 155 120 43 54 44 28 101 174 115 5 128 24 117 62 49 93 97 31 147 25 25 9 49 164 103 41 142 76 4 93 15 42 75 77 150 67 144 176 14 149 25 56 152 55
170 131 127 30 51 165 135 93 163 108 19 180 69 30 106 127 58 101 109 34 12 103 82 25 125 48 80 8 114 110 70 86 123 98 137 144 95 79 162 35 71 12 158 71 71 137 180 50 78 3 146 66 108 45 59 31 6 98 4 128 13 40 44 16 73 131 147 57 100 155 46 178 121 171 166 7 88 174 11 115 177 83 101 28 6 138 140 71 99 111 147 83 16 75 7 69 27 107 124 10 27 32 86 113 146 90 121 13 44 163 85 82 14 35 103 115 122 56 71 149 83 164 125 126 147 125 70 82 106 68 164 75 11 72 53 2 165 64 40 110 58 172 162 161 39 54 50 49 81 55 17 128 153 62 95 159 172 14 167 144 175 55 49 141 66 62 35 162 80 137 79 177 88 97 154 98 60 131 138 7 4 46 98 49 130 164 133 62 12 28 82 83 66 70 12 41 126 91 36 18 67 42 179 15 137 75 68 51 88 20 62 4 88 114 164 29 158 27 66 118 26 25 61 45 90 143 11 162 134 58 122 149 120 100 106 34 130 170 10 114 104 59 92 91 103 111 2 55 124 147 53 71 62 1 101 37 144 34 63 159 53 35 170 17 112 145 174 70 40 1 172 94 110 142 130 168 39 139 175 136 8 178 103 122 133 4 62 125 28 23 37 128 171 167 115 90 126 99 15 171 89 138 108 147 122 108 149 77 139 126 49 65 97 73 80 43 130 16 54 178 161 168 87 46 104 27 60 158 79 107 47 74 38 155 25 138 168 58 70 92 86 101 71 177 9 160 167 28 140 155 3 6 154 25 23 76 125 123 156 47 114 47 130 121 177 155 27 92 59 108 171 86 5 67 139 22 89 73 69 36 73 32 27 69 170 57 173 112 129 138 75 128 4 19 152 114 165 90 99 80 113 152 123 126 153 68 14 3 145 5 17 39 49 157 121 85 73 124 5 132 62 2 26 81 19 105 151 60 59 131 70 153 124 6 70 93 99 70 37 135 120 160 121 20 77 109 61 105 67 152 148 16 107 166 109 78 26 5 58 68 167 180 116 55 127 31 162 31 116 141 25 40 80 163 15 65 91 10 134 37 128 158 66 4 180 63 21 146 158 133 15 125 47 65 36 52 167 66 176 37 138 10 142 18 8 166 122 11 99 44 112 111 38 143 115 160 148 53 120 151 117 95 145 47 101 151 152 159 143 82 1 119 144 65 103 139 109 88 63 14 64 116 11 61 113 126 47 9 60 103 62 46 135 149 60 60 78 62 66 33 87 171 8 175 65 148 26 155 60 151 128 18 4 106 32 174 103 53 96 67 9 147 8 111 60 38 153 55 161 147 107 78 111 67 55 24 10 13 46 17 84 178 83 87 18 99 153 88 112 88 20 178 73 168 143 64 95 175 98 180 83 117 10 155 134 143 68 9 138 12 82 156 35 67 10 67 160 68 180 51 12 89 27 169 101 173 87 63 154 132 131 29 114 150 63 170 45 38 37 54 21 139 100 89 107 22 134 6 115 69 57 109 163 138 162 42 138 8 122 22 69 121 173 100 141 161 101 8 131 115 19 18 150 66 110 38 165 151 61 112 40 167 162 22 85 138 138 133 74 85 125 145 21 89 10 114 164 129 177 147 158 64 143 107 19 36 65 79 134 126 46 142 76 85 48 30 16 128 61 33 117 51 88 170 10 76 41 94 95 111 12 104 37 2 60 110 149 128 17 25 165 147 169 176 64 89 99 28 54 179 93 36 155 169 8 113 146 135 20 98 35 85 176 163 42 29 160 77 163 70 150 8 28 104 78 45 42 17 178 47 161 69 8 124 39 170 161 165 52 109 156 100 155 18 19 2 108 44 51 122 63 170 95 126 173 75 139 28 85 137 38 92 153 154 33 132 73 50 13 139 142 140 61 147 93 11 166 172 32 61 38 63 149 38 69 123 139 117 82 30 170 99 73 14 8 32 152 56 114 165 30 74 147 128 59 160 111 52 47 139 10 78 2 84 46 126 90 138 171 30 115 121 112 10 7 172 129 175 55 108 32 81 8 36 180 124 66 131 156 128 61 1 145 150 112 169 159 17 131 90 47 103 157 136 125 59 146 174 90 15 110 90 100 57 43 103 168 34 5 108 155 90 161 81 110 78 123 66 121 12 22 83 131 98 11 119 124 60 128 165 45 40 115 150 83 69 156 70 33 27 68 104 1 85 79 128 132 31 92 75 115 86 16 112 40 33 18 175 76 10 6 38 95 2 77 133 79 172 145 67 68 59 64 110 46 114 16 61 156 114 124 42 84 101 77 18 153 74 61 48 126 55 144 64 100 179 148 172 134 161 63 84 19 58 125 159 138 134 78 68 62 130 91 29 133 139 103 158 130 110 160 62 161 119 1 64 115 19 142 153 49 72 99 177 155 119 54 23 158 72 81 113 75 74 172 52 160 178 4 65 32 56 19 41 168 127 50 178 71 76 166 136 158 104 114 116 144 176 74 116 127 50 149 51 101 177 14 161 117 98 157 89 8 105 98 175 55 172 151 40 94 81 149 67 43 102 99 84 148 27 124 145 145 112 135 49 86 136 91 148 27 115 34 177 155 125 6 138 143 22 9 4 22 140 4 124 92 51 74 44 65 111 115 170 39 60 162 155 43 167 165 99 43 128 40 8 2 177 35 40 96 18 129 6 32 45 42 100 142 33 85 84 98 107 63 151 29 39 15 24
70 41 100 104 41 42 63 93 175 168 151 143 180 145 48 122 174 100 36 100 98 30 62 160 9 102 41 120 49 38 106 55 88 136 84 55 114 129 25 97 89 44 20 137 123 180 121 16 3 69 170 89 16 179 68 18 19 113 77 167 42 178 74 176 7 43 135 69 66 104 157 33 148 147 116 157 110 114 20 23 156 76 139 131 33 161 144 86 41 124 19 166 33 151 156 118 30 44 10 10 50 63 88 50 129 136 113 10 137 95 86 77 101 180 9 35 42 34 38 90 20 134 15 69 141 66 160 142 17 71 20 13 19 114 156 30 40 147 143 108 49 165 144 75 142 104 156 163 26 66 156 178 108 147 147 37 58 74 23 129 172 47 179 153 79 9 106 57 7 24 2 50 36 84 53 157 93 121 128 75 67 85 127 176 44 147 61 106 179 29 29 105 15 176 20 95 63 70 143 104 160 119 97 143 40 69 153 107 141 40 147 76 8 41 134 131 99 62 175 153 125 74 130 170 20 40 6 106 80 24 143 87 149 48 145 103 166 29 129 121 131 104 60 64 4 101 58 161 102 90 26 173 156 31 159 40 131 174 7 20 72 97 135 109 169 9 91 151 86 50 175 37 102 105 88 99 50 148 121 105 64 176 56 102 108 53 22 73 162 105 127 173 22 110 93 153 126 180 172 43 108 6 125 113 145 86 44 130 92 112 44 97 161 79 75 80 132 45 161 137 156 105 174 102 56 172 3 125 8 123 40 54 41 150 42 175 124 106 25 43 90 34 74 180 54 97 13 161 89 81 16 46 58 87 42 98 71 86 105 166 86 164 126 130 155 116 142 94 154 7 172 95 31 117 60 92 36 132 30 164 141 35 179 76 93 146 87 153 180 98 130 96 57 82 166 101 127 73 161 165 98 81 35 56 147 113 118 117 160 171 142 117 121 34 179 103 84 80 2 77 114 100 173 24 128 138 125 4 67 86 40 159 70 33 36 120 20 148 67 77 24 49 120 107 141 89 95 17 135 88 155 46 68 121 142 22 74 63 99 91 108 20 86 85 85 109 93 45 173 33 149 128 30 87 124 136 108 63 103 175 171 9 95 105 143 60 31 78 115 87 164 29 122 16 178 121 160 57 154 120 171 146 17 177 96 125 118 120 174 135 135 86 102 36 54 42 70 170 79 170 117 100 46 88 162 141 118 126 45 133 72 83 100 63 33 107 164 97 62 60 144 145 122 16 45 93 126 33 173 61 125 139 6 169 137 54 20 165 1 167 17 92 168 87 95 30 139 129 107 150 121 138 177 107 167 178 43 45 14 127 23 37 170 41 122 120 74 65 110 116 24 85 74 33 87 23 102 33 52 120 147 180 169 178 45 11 45 37 174 48 167 112 171 150 112 64 29 18 156 65 16 69 132 99 159 12 48 136 151 134 50 22 123 122 60 161 61 120 101 134 70 11 7 86 163 83 68 77 170 69 4 36 57 177 116 1 165 93 42 107 105 149 72 7 84 142 30 47 103 126 5 93 120 171 90 101 20 125 93 134 29 95 36 58 15 120 166 27 66 129 57 7 148 38 143 85 79 64 118 12 61 131 37 25 7 127 163 17 94 66 167 34 135 89 153 45 81 70 65 31 161 129 125 100 129 14 6 28 70 170 117 124 127 68 169 44 43 115 24 154 16 114 122 102 1 4 50 170 14 39 95 84 55 2 111 16 17 171 12 141 154 19 14 39 130 99 172 134 16 170 171 44 99 177 176 37 80 177 177 85 103 69 169 119 172 68 91 66 41 129 142 64 144 167 7 128 84 117 32 122 86 108 49 130 121 11 37 37 25 169 65 107 30 39 11 75 12 94 109 67 93 63 122 33 97 45 51 35 119 101 160 39 134 168 121 71 81 47 132 102 2 146 62 5 106 70 147 16 116 38 32 170 136 41 29 97 49 172 84 43 1 83 140 44 35 151 95 100 179 53 83 72 97 176 177 21 110 67 29 23 7 36 113 111 69 130 23 80 122 57 155 89 81 163 75 167 30 149 32 21 120 82 71 141 105 64 46 111 144 48 168 145 5 137 54 177 137 32 33 69 93 89 21 90 36 65 73 94 37 7 9 61 36 177 53 113 153 180 60 151 147 63 98 137 38 65 28 144 72 107 156 143 28 92 127 50 25 137 106 164 173 91 60 98 68 81 158 79 64 173 159 14 79 123 38 138 105 116 18 156 73 62 141 25 112 124 65 15 88 96 171 10 132 21 44 172 28 59 127 18 45 72 176 108 96 179 48 104 104 41 22 42 106 141 122 45 13 161 39 171 62 6 27 61 38 70 50 116 106 80 146 147 132 144 170 19 15 34 21 154 10 140 141 41 3 96 109 169 100 77 44 45 152 175 41 117 139 55 149 150 125 52 40 86 16 9 157 68 53 34 155 103 145 77 145 145 12 113 43 40 60 99 30 143 49 70 91 95 78 105 98 173 95 152 65 4 89 37 107 173 167 18 96 90 23 46 59 147 58 96 142 73 66 57 78 108 7 19 76 100 66 43 20 176 107 58 150 160 110 158 78 12 86 82 109 142 53 156 25 131 4 128 29 138 130 159 124 80 46 3 78 168 174 180 132 43 112 50 32 13 71 43 138 26 23 22 76 159 139 83 106 18 156 6 49 19 116 26 34 61 180 14 170 77 28 42 90 138 130 111 125 116 52 73 145 56 40 133 16 97
155 180 50 148 106 142 46 158 111 107 25 131 88 138 151 164 113 93 170 147 180 121 131 84 18 43 39 20 90 74 41 133 32 31 111 82 19 63 177 37 108 139 166 32 129 53 82 9 8 1 31 109 33 85 20 117 135 4 129 9 119 94 30 21 9 121 160 36 11 56 133 74 169 161 169 135 116 104 86 113 20 128 93 153 160 4 144 174 63 74 37 154 113 115 74 141 154 7 76 151 153 160 146 173 171 112 26 17 93 47 35 177 128 160 172 92 53 45 92 22 70 79 24 109 51 74 171 112 83 52 107 154 87 124 54 173 33 159 158 11 157 15 13 87 28 177 89 124 13 41 123 143 13 167 115 173 160 73 98 16 121 69 29 23 146 65 47 10 98 18 116 90 175 56 4 33 81 44 15 20 100 116 132 11 10 143 155 70 66 74 10 6 149 63 174 120 75 49 28 90 69 38 55 70 87 10 97 133 176 121 110 103 3 69 31 105 89 54 100 111 171 79 166 68 9 40 166 43 100 37 173 123 161 107 14 28 10 68 18 146 178 159 143 5 145 44 1 34 65 107 116 174 117 34 65 170 51 60 46 146 152 114 137 13 24 67 115 154 13 86 36 123 105 7 179 10 169 58 163 142 153 168 41 12 5 90 98 141 119 101 132 64 36 175 111 13 151 147 159 145 138 49 40 162 157 108 113 59 35 6 78 21 3 154 134 176 54 122 128 27 133 28 89 65 169 17 33 42 117 121 83 80 180 65 121 10 81 34 118 156 152 96 170 11 101 178 168 94 59 46 3 35 31 151 100 51 89 84 54 146 54 180 147 105 14 102 6 6 103 75 163 69 27 83 17 104 151 101 92 152 147 64 110 162 119 33 70 73 94 69 102 1 5 69 30 162 101 139 62 179 163 77 137 166 66 92 176 100 129 116 49 167 10 97 164 73 17 31 119 67 155 9 122 137 169 77 76 62 144 78 169 146 1 92 13 48 173 126 50 60 147 59 43 36 48 94 35 121 176 167 24 9 12 164 159 172 14 148 170 140 106 149 132 160 163 40 76 50 101 39 50 41 15 87 80 145 90 7 80 101 136 92 161 94 7 20 74 175 16 180 71 113 120 170 106 118 26 140 84 17 119 156 48 15 38 4 4 127 166 51 34 140 90 116 99 53 33 53 77 135 80 60 41 166 93 82 65 115 87 179 174 78 99 109 163 149 179 43 42 117 5 173 135 50 112 109 144 95 130 96 39 31 133 159 177 91 151 130 95 14 150 68 112 26 83 2 164 119 94 147 142 158 30 127 60 72 33 62 39 137 40 175 56 123 17 140 13 26 33 19 112 152 142 49 140 161 99 21 95 163 136 37 21 94 73 170 78 73 81 85 127 74 108 162 151 70 61 144 120 174 26 122 71 177 156 1 98 116 23 80 171 48 102 2 144 70 48 158 166 29 141 46 73 50 67 144 64 143 68 38 178 43 127 5 56 59 171 155 79 171 118 4 84 49 92 65 104 146 143 83 114 46 7 139 78 57 11 54 48 118 135 178 144 94 113 148 115 27 27 15 91 69 10 33 76 11 142 120 168 7 98 37 156 65 109 28 20 81 140 63 19 43 14 26 14 167 165 16 43 123 129 121 115 150 142 14 114 89 142 25 68 22 32 129 70 10 1 7 120 94 9 174 140 39 64 121 148 161 100 63 105 87 160 140 168 136 71 147 123 148 131 31 32 94 149 32 9 152 36 84 174 135 8 134 78 171 7 131 162 167 55 162 102 1 78 41 131 87 47 48 58 130 64 161 108 42 166 2 174 83 61 47 47 72 57 106 93 103 33 3 43 21 162 46 116 162 35 173 180 73 41 89 62 101 50 150 9 170 30 100 20 105 84 118 84 58 138 27 143 25 95 25 159 105 168 159 170 19 78 112 42 112 142 18 5 115 164 35 125 50 106 57 70 85 73 57 90 67 75 137 167 70 116 68 149 19 85 139 132 105 149 128 13 65 140 30 136 125 146 154 157 162 56 174 117 60 162 79 105 171 133 166 124 148 99 3 151 83 180 84 172 53 125 35 73 94 71 180 8 163 13 114 27 30 173 179 170 154 116 52 147 94 162 157 137 172 150 145 134 30 153 131 70 129 110 12 154 138 173 48 54 113 115 76 30 28 45 113 177 16 106 73 12 114 156 31 119 38 44 92 80 27 94 82 152 6 48 44 29 78 35 86 124 135 115 96 77 135 119 77 156 133 90 24 17 56 44 19 104 21 119 167 48 165 118 68 95 61 13 144 47 54 98 13 12 31 9 27 55 3 81 76 175 138 71 66 73 100 160 11 40 17 56 171 34 20 56 154 119 37 73 36 120 34 23 153 4 127 72 118 108 31 78 162 147 174 175 138 82 117 58 143 9 131 101 110 80 64 57 77 139 115 176 17 5 171 19 124 53 46 67 98 172 47 143 131 86 57 149 153 88 32 78 103 150 38 127 85 35 7 134 151 113 151 38 154 24 124 123 31 113 61 26 2 63 158 14 117 126 180 163 82 89 54 50 1 143 78 138 28 97 120 72 3 26 62 78 43 10 41 119 64 5 137 135 104 114 64 164 145 152 77 48 169 69 5 132 102 167 102 141 124 135 12 158 21 129 139 138 25 169 39 96 67 76 147 47 101 74 112 173 36 135 137 48 149 42 64 64 136 20 76 82 130 72 54 111 145 84 84
7 171 19 113 164 41 27 140 30 84 94 133 5 15 68 171 29 100 176 85 104 171 6 166 146 62 152 159 119 43 126 114 139 86 153 64 31 156 137 60 101 80 110 19 173 123 3 74 124 64 55 17 97 118 18 141 179 110 2 77 102 36 63 34 102 82 7 29 23 102 111 47 104 70 143 46 166 17 101 31 70 117 68 144 171 147 44 10 74 172 119 109 47 171 5 78 166 24 38 23 104 78 92 90 95 3 82 155 165 66 121 20 31 71 170 16 19 96 138 136 75 75 98 125 100 54 96 16 110 105 22 46 85 165 57 53 63 168 93 86 78 139 51 109 175 91 52 128 65 148 20 120 179 17 180 150 125 37 110 175 38 158 86 95 79 166 60 72 77 158 95 60 10 162 162 65 131 151 42 152 111 58 107 46 42 136 27 77 73 84 147 62 133 168 86 10 157 32 143 131 3 100 121 151 147 4 85 92 145 126 138 70 178 102 97 56 19 46 175 89 29 32 22 125 32 113 80 88 75 131 87 62 84 42 22 79 126 133 167 32 27 21 102 63 140 42 5 119 24 130 92 8 168 27 16 115 32 32 86 179 33 108 162 175 102 140 32 41 131 65 164 125 4 158 131 58 120 7 84 138 175 67 89 96 62 128 21 95 65 105 32 143 106 85 24 25 9 120 71 7 122 177 114 157 33 144 64 95 8 43 177 114 167 45 70 114 150 174 150 144 99 38 152 126 14 67 54 122 34 121 166 160 7 4 40 112 49 180 10 108 45 69 16 96 155 46 135 136 15 93 145 69 2 145 138 103 169 164 34 164 8 148 25 74 26 78 13 176 129 118 4 12 68 62 6 103 117 6 27 94 171 119 92 163 66 142 29 178 49 22 17 12 161 173 2 61 101 93 66 109 61 109 147 93 7 154 140 4 129 111 125 19 112 40 91 143 68 84 140 135 151 82 128 68 121 155 120 138 51 164 103 146 134 45 102 132 112 146 155 93 170 49 72 86 134 46 30 148 90 108 164 144 89 36 15 140 55 117 156 99 62 44 179 123 161 12 162 30 127 29 98 49 165 32 33 76 128 61 60 86 145 101 83 78 80 116 85 24 82 41 77 152 81 111 72 37 39 22 32 15 104 69 172 64 42 132 102 100 37 17 145 112 20 9 164 145 173 150 5 129 133 124 156 87 23 52 145 94 116 64 175 81 172 147 128 115 125 164 139 131 115 61 11 84 8 83 35 77 71 46 48 102 90 69 111 47 156 29 90 102 147 13 23 3 84 91 30 52 152 156 82 66 67 108 35 68 24 43 56 83 119 106 31 134 169 58 83 56 110 65 39 11 7 137 71 77 86 83 128 44 165 12 62 102 69 28 163 112 71 90 87 171 27 129 29 115 2 34 19 130 121 139 84 24 27 12 93 154 168 36 107 110 4 169 139 41 61 65 180 144 45 150 133 4 103 35 170 22 28 92 44 180 25 41 154 174 97 122 84 40 130 19 156 40 63 14 21 18 14 15 58 76 66 157 96 67 65 109 122 170 67 108 69 16 122 63 151 124 131 161 24 49 179 57 6 53 127 70 22 126 2 141 102 82 141 73 51 152 51 154 25 33 51 127 151 165 98 151 138 133 136 119 151 82 153 52 117 83 84 82 90 95 86 144 60 17 92 160 83 54 13 43 80 110 126 42 63 169 27 134 7 94 126 3 81 66 137 12 17 155 87 177 144 76 82 68 5 55 140 63 54 24 129 37 99 83 127 154 76 104 57 115 128 149 21 132 145 73 22 4 25 8 102 152 63 70 56 139 134 13 172 35 64 8 66 8 71 140 95 100 1 163 149 55 31 15 18 16 91 69 84 75 47 1 1 163 26 53 73 41 67 178 52 107 139 31 167 51 81 19 173 98 36 68 77 154 98 130 102 93 17 47 129 20 6 8 9 1 23 172 96 40 92 71 176 112 30 17 75 19 61 17 63 11 146 61 111 36 148 31 91 78 105 135 151 126 65 124 168 80 89 86 45 35 164 137 114 5 151 104 25 134 47 169 155 161 47 108 156 98 179 159 41 85 2 113 44 52 9 41 111 152 4 38 38 137 155 159 3 164 180 91 91 63 76 117 76 52 129 81 122 180 122 33 121 100 117 115 35 85 49 4 110 62 92 42 84 12 127 99 154 137 101 101 21 130 28 122 1 16 8 168 77 104 85 180 42 144 180 180 148 62 64 115 1 119 34 104 150 141 6 103 8 27 111 4 46 155 27 128 33 78 166 96 143 122 98 104 147 86 41 71 27 113 169 174 147 103 18 46 90 79 137 157 106 154 18 49 88 66 11 170 5 150 27 75 123 163 170 28 24 118 17 26 156 68 99 33 55 28 77 143 135 82 148 116 59 78 90 62 81 55 104 92 103 155 75 50 32 98 54 60 88 30 68 154 101 99 128 135 117 52 13 31 137 67 12 24 176 7 106 113 93 101 110 45 29 38 64 150 65 65 135 135 6 32 19 120 43 113 20 156 139 33 83 87 90 58 43 149 79 4 149 71 114 133 1 148 94 58 3 44 20 156 6 164 85 24 171 15 104 82 51 63 115 117 164 105 42 103 112 132 63 15 79 128 121 135 165 102 4 92 87 133 45 122 48 67 139 21 23 133 136 23 38 176 136 137 150 140 72 42 148 78 78 1 47 27 72 97 8 47 89 80 164 140 127 136 119 120
0.3
0.2
0.4
0.3
0.2
0.2
0.4
0.2
0.2
0.4
0.3
0.2
0.4
0.4
0.3
0.2
0.3
0.4
0.3
0.2
0.3
0.3
0.4
0.4
0.3
0.3
0.3
0.3
0.3
0.4
0.4
0.3
0.4
0.3
0.2
0.4
0.3
0.3
0.3
0.3
0.3
0.4
0.3
0.4
0.3
0.3
0.2
0.2
0.4
0.3
0.3
0.2
0.2
0.3
0.2
0.3
0.2
0.2
0.4
0.3
0.4
0.2
0.4
0.3
0.4
0.4
0.3
0.2
0.2
0.4
0.4
0.4
0.3
0.2
0.2
0.3
0.3
0.3
0.4
0.2
0.3
0.4
0.2
0.3
0.3
0.3
0.2
0.2
0.3
0.2
0.2
0.2
0.4
0.3
0.3
0.3
0.3
0.3
0.3
0.2
0.3
0.4
0.2
0.3
0.4
