10 12
2
      2671
      2938
  4.9  32.5 320.5   1.7
  4.2  28.0 866.6   2.1
  4.0  28.0 450.1   1.8
  2.5  35.9  88.0   1.7
  1.6  19.6 593.3   1.7
  1.6  43.1 713.0   2.0
  2.7  41.3 498.3   1.6
  2.9  13.2 381.1   1.5
  3.7  22.6 267.0   1.8
  1.2  46.6 396.8   2.2
  2.5  39.5  88.5   2.4
  2.7  31.7 320.5   1.8
  4.2  48.0 550.6   1.9
  1.1  47.0 578.1   2.4
  2.5  43.7 394.0   1.8
  4.6  15.5 390.3   1.9
  3.4  19.7 123.0   2.0
  5.0  31.6 767.1   2.1
  4.3  39.4 431.6   1.6
  1.8  29.7  93.3   1.7
  0.2   0.3   0.4   0.4   0.2   0.3   0.2   0.3   0.3   0.4   0.4   0.4   0.4   0.2   0.4   0.4   0.3   0.4   0.3   0.3 
   41    17    99    85   158    36   145   168   168    76    21   144   126    30   167    69     7   142    73    72 
  134   137   175    66    30   114   142    48    78   141   129   115    20     6   134   115    53    12    96   153 
   25    62   176   170    46   113    82   132    28     3   179   148   167    49   135    92    18   160   171   164 
   36   134     7    97    26    17    36    71    81   150   171    84    46    65   170    70    88    37    26    66 
  133    66    46   146   129    75   156   153   151     5   121    43     7    70   174   122    94   120   174   111 
  106    32    25   128    66    63   143   131   125    24   139    30    47    79    30   135   172    61    31   165 
   45   156   125   110    74     2    69    55    59   138    75   148    31    42    49    84   132    24    66   139 
   30   145    54   103    98     8   160    61    34    62   139    17    91    36    74    62    68    68   163    38 
   80    53    57   118   175   165   164    88    91   135    38   130    99   132    78   136   156    83    72   180 
   56   126    59   168   101    84    85    28   163   132   117   100   149   115   157    59   144   159    56    44 
   73    80   173   159   152   162    32    99    24   163    53    29   102    48    47   148    30   177    29    13 
   69    34    92   117    44    81    20   157   129    83    78    26    51    10    45    24   121    85   160    93 
 0.00  0.30 
 0.30  0.00 
