60 12
2
     15980
     16489
  4.8  26.9 400.5   1.6
  4.2  23.0 882.5   2.4
  3.3  47.7 876.0   1.5
  1.2  28.4 850.4   2.4
  1.0  22.2 360.5   2.0
  2.3  13.9 270.1   1.8
  4.5  24.9 457.6   1.6
  4.8  37.9 407.0   1.7
  4.5  29.2 160.0   1.5
  3.2  35.5 650.6   1.9
  1.8  36.5 606.0   2.3
  1.3  34.3 494.1   2.3
  2.0  26.5 496.4   2.2
  2.0  47.3 236.1   1.9
  1.0  26.8 855.7   1.5
  3.3  22.8 164.1   2.4
  3.8  42.5 597.9   1.9
  1.1  12.5 204.9   1.7
  1.4  17.4 914.9   2.1
  4.9  40.9 256.8   1.8
  4.6  20.8 898.4   2.4
  1.1  13.7 386.9   1.8
  2.6  34.0 777.2   2.1
  1.1  31.1 179.1   2.5
  2.3  39.6 465.6   2.3
  1.3  13.8 207.7   2.2
  2.9  19.7 266.1   1.5
  2.6  26.7 892.0   2.2
  4.9  22.7 892.2   2.0
  2.5  43.3 746.7   1.7
  2.3  31.8 391.9   2.3
  3.7  20.1 292.4   2.1
  4.2  34.7 929.8   2.3
  2.2  30.7 405.7   2.5
  4.1  19.7 361.4   1.6
  3.0  11.8 857.5   1.7
  1.5  31.8 947.6   2.1
  4.0  42.1 233.7   2.0
  4.5  18.7 783.2   1.7
  1.4  35.7 632.0   2.4
  1.5  39.4 293.3   2.2
  2.6  13.6 248.9   1.8
  3.4  40.5 140.5   2.3
  1.5  25.2 147.1   1.8
  2.7  39.4 161.5   2.3
  4.4  10.2 758.1   1.7
  1.9  49.4 311.3   1.6
  4.5  19.1 154.3   1.8
  3.7  32.2 196.0   1.6
  4.0  33.3 231.3   2.0
  3.1  36.7 817.5   2.0
  3.3  43.9 214.7   1.8
  2.0  36.0 867.6   2.1
  4.6  25.7 439.0   2.0
  2.1  20.2  69.8   2.1
  3.9  14.3 800.8   1.6
  1.5  41.6 296.2   2.0
  4.3  34.4 171.0   2.3
  3.3  10.3 859.0   2.3
  3.6  23.1 619.7   2.3
  3.6  25.3 346.2   2.4
  3.8  15.2 180.0   2.3
  4.4  46.8 276.3   2.1
  2.4  21.1  89.1   1.8
  1.8  24.6 133.6   2.1
  1.3  34.1 556.0   2.0
  3.1  21.1 698.5   1.6
  4.7  28.6 441.7   1.7
  4.4  24.6 411.5   1.8
  5.0  39.8 452.9   1.9
  1.1  47.7 947.0   1.7
  4.0  46.7 497.7   1.8
  2.6  20.9 910.4   1.7
  2.2  41.5 938.5   2.4
  2.5  31.6  90.3   1.7
  3.8  23.5 531.7   1.5
  3.9  37.5 732.4   1.9
  3.1  40.1 699.0   1.9
  2.7  20.5 678.3   2.0
  1.1  35.4  54.0   2.1
  4.7  24.9 309.7   2.2
  3.3  31.1 416.7   2.2
  4.1  43.4 123.2   2.5
  2.7  25.4 395.7   2.2
  1.0  13.7 566.5   2.2
  2.4  45.8 321.4   2.3
  4.2  38.4 295.4   2.5
  3.9  27.9 551.1   1.6
  3.2  49.8 108.9   1.8
  3.4  36.2 814.8   1.9
  2.3  15.4 488.3   1.6
  1.7  22.2 314.3   1.8
  4.6  31.1 706.9   1.7
  2.3  32.9 122.2   1.6
  1.8  24.4 116.9   2.5
  2.6  46.2 823.7   1.6
  2.6  26.1 284.1   2.4
  4.6  47.7 741.8   2.4
  4.2  22.6 932.9   1.7
  2.1  36.8 304.5   1.9
  1.7  34.8  57.2   2.0
  3.1  33.3 542.1   2.0
  1.4  21.0 423.5   1.7
  4.3  40.3  70.1   2.2
  4.3  11.7 146.3   2.2
  1.9  23.2 581.1   2.1
  2.0  13.8 369.4   2.3
  2.7  17.6 419.5   2.2
  4.3  33.2 484.8   2.3
  3.1  17.5 881.8   1.6
  3.6  20.4 862.2   1.8
  2.5  10.0 426.6   2.0
  3.8  24.4 594.8   1.9
  2.7  42.5 276.7   2.1
  4.9  24.2 697.1   2.2
  4.1  36.8 861.1   1.9
  2.0  42.6 266.9   2.2
  3.3  44.5 542.9   2.2
  2.0  49.1 927.7   1.9
  3.0  22.4 847.0   1.6
  0.2   0.4   0.2   0.3   0.3   0.4   0.3   0.2   0.4   0.3   0.3   0.2   0.3   0.2   0.2   0.3   0.4   0.2   0.3   0.3   0.3   0.3   0.2   0.2   0.3   0.4   0.4   0.4   0.3   0.4   0.3   0.2   0.3   0.3   0.3   0.4   0.2   0.3   0.3   0.4   0.2   0.3   0.2   0.3   0.2   0.2   0.2   0.2   0.3   0.4   0.3   0.2   0.4   0.2   0.2   0.3   0.3   0.3   0.3   0.2   0.3   0.4   0.2   0.4   0.3   0.2   0.4   0.3   0.2   0.2   0.3   0.4   0.3   0.3   0.3   0.2   0.4   0.3   0.3   0.4   0.2   0.3   0.2   0.4   0.3   0.4   0.4   0.3   0.4   0.3   0.4   0.4   0.4   0.2   0.3   0.4   0.4   0.2   0.2   0.3   0.3   0.4   0.2   0.4   0.3   0.2   0.2   0.2   0.4   0.2   0.2   0.3   0.3   0.4   0.3   0.2   0.3   0.3   0.3   0.3 
   42    93   131   106    88   178   103   176   105    25   179    57    79    33    68   113   157   139    43   176   148    37   147    71   141    48    45    45    81   111   132   160    83    45    10   159   152    49    44     6    50   105    31     2    80   130   134    51    61    46    70   154   151    42    94   178   171    17   180    60    50    84   137   103   157   149    92   122    83   166   137    40    12    51    49   151    25    53   100    32   135    71   117    22   135   165    11     5    92    10   168   122   180    62   137   153   138   136   135   165   168   101    74   158   168    91   108    86    59    55   105    76     5   180    80   168   123     1    41   120 
  104    65   158   142    82   124     7    22    39    30    55    80   126    44    42     1    88    50   137   150   171    11    32    14   171    31   139    47   144    33    86   166   162    10   168    70    76   174   113    84     3     6   150    97    74    23   113   180    34   168    78     5     8    88    52    93   100   170     6    13    40    10   108   131    41     7    24   126    55   135   142    65   139   106   101   108    82    23   102   145   150   130   121    95    30   170   161   146    94   121   115    31    58    69    64     6    85   151    35    74    91   179    47   150   163    46   139   144    40    14    51    19    16    65   130    68    95   161   180    28 
  106    34     4   180    91    76    77    97    75   108    55    37   168    26     5   121    55    48     9    59   147   151   116   129    93    14   150    53    35    90    50   148   148    60    70   169    81   110   163   113    72    11    37   147   171   171   144   107    69   150    68    95   164    37   120    55    29    91   118   162    97   165   177    29   130    68    71    59   122    41   180    35   124    97   160   147   124   112   145   168   151    79   104   137    95   115   125    59   159    13   149   174   129    54    26    67    25   139    88    61    76    45    80   105    42   128   107   110    60   176    49    54   103   123   106    63    84   142   122   125 
  154   147    59    16   175    21   116    41    83    24    87    74   121   101     5    68   122   119    94    86   158   115     8    92   102   106   101    87    10   131   127   178    49    37    95   138     7     5   104   122   132    64     7     8    14    15   127    44    96    98    94   145   105   124    62    93    15    90    70    99    57    92    98   145   146   124    75     1    21     8    16    36   120   140    15    55   172   136   150    83   142    19    28   147     5    31   168   141     4   116    20    20   159   156   143   164    32    70    41    82   144   173   156   117   142   173    12     2    39    73    53     8    83   108    41   169    56    75   179    42 
   71   135   170    70    67    71    73    63    20    51   151   146    43    40   104   118    34   137    89   161   157   112   174    74   154    87   179     5    93    61    96   168   110   120    55   175    18   163   125    10   121    35   146   178   161    14   106    62   122    72    51    48   117    85   102   174   178   166     1    71    52    56   129   106    40   177     1    86   145    57   110    89    91    13   155   179   143   154   132    87   170    70   145    87   163   148    64    26    15   149    49    61     8   179   153    96   155    27    76   147    66    58    63     6    27     6   114    26   120   152   129     2    10    25    44    92    65    31   106   108 
  161   152   126   126   118    39    81   133    30   111   167   119   116   136    89   124     7   147   169    99   173    43    18    54    76    28    37   102   172    94    62    79   179     8   148    29   171    31    90   154    18   130   145    94   152     5   154   151   131   150   105   105    71   153    73   142    65    99    97    39   130    15   116   117    75    79    13    47    95    85   141   114    41   137    27   109    53    39    19    83    34    92    26    24    65   170   100    32     5    86   118   113   115    98    91   140   111   120    53   163    72   106    93    81   142    86    25   102   114    11   180    39    91    67   123   114    45    51    60   141 
  150    14    86   105   109    64   145   117   108   146   130   174     6   127    93    46    87    94    27    61   109   123    61    24    76    61    12    38   102    11   102   178   101    55   163    23   124    68   177   106    93    80   103   172    13    21    73   166   152   127   161   100    86   134   110    81    10    73   139   144   175   105   173    99    80     5   107   103    77    78    98    44   107   107   165   108   143   141    27   137   113    74    73    78   140   156   102   163    40    18    71   172    15   156   167   104    12    73    41    93   175   109   139    30    58    73    83   179    69    53     4   180   148    41   148    84   127    55    44   115 
   97   122   149    56   151    24   173    22   178    62    41    52   114    92   140    45    85    45    74   103   179    72    93   123   150    24    73    25   106    75    13   127    61    45    70    52   137   137    55    25    83    42    19   156     4     8    88     8    28    96   146   150    54   119   165     5    68    40     8    60     6    84    63    57    95   179     4    41    63    29    87   167   117    96    96    63   105    28   134    50    48    93   102    82    66    94    80    29    78    30    78   132   122   177     4    45    26   159    67     9    87    68    75    24    82    16    75   115    37    15    76    34   168    19    91   144   137   119   170    17 
  110    29    61     3    27   106   124   137   156    32    69   168   166   116    52   155    55    21   150   143    58    68   150    19    91    24    38   154   177    89    36   100   116   166    12    62    67   176   104   109    61   101   156   151    87    20    74    33   113   160   107    22   134    85   100    50    58   156   151    36   101    46    67   124    34    22   172    88   115    16   144    36    14   170    58    51   140     9    84   133   112    55   142   144   157   109   142   135    81    61   107   134    41    89    82    65    49    59     8   125    73   168    86    67   131    51   159   104   104    13    50   136   174    38   115   103    69    69   154   142 
  100   131    69   103   101   172   146   135   123    45   110   164   144   149    33   163   159   122   169   100    33    58    20    46    49    18   108     1    26   180    97    85    13     7   143    17    73    86    87    42    28    14    59    13   150    42    93   164    70    77    75     7     2    77   157   142   123   142    68    60   122    59   132    16    83    28   114    90    90   140    71   113   107   110   132   136    27   106   162    27    93   107     9    38   134    56    82   159    31    49    39   162   172   163    36   112   142   119    99    42    80    38    38    28    34    84    94   135    94    39    14    13   134   112    65   159   123    10   100    79 
   89    36   153    91   159    81   128    38     3   127    45    43   149   106     7    52   133   169    43   123   149   104   147    74   133    12    87   117    67    52    39   104   110    75   171    51    88    47    80   102    86     8    28    38   175     7    49    57   147    70   169   118   102    52   124   161   158   160   179    53   107   136    16    40   102    37   118   101    79    90    59    96   118    59   143   145   115   138   178    62   131   132    68   166    81    75   122    48    98    49   164    35    93   176    28    16    86   127    68    57    32    72   148    12    26    78    98   136    19   138     5    47    38     1    48    85    56    46   172   134 
    8   170    67   126    19   148    97    48    86    84    24    44    40   109   129    36    44    84    93   154    18    65     7   178    51   110    24    14   165    50    46    39    91    29    10   163    76    25    27   157   128    68   158    23    35   160    85    52    36     1    84    15    18   148   160    25    75   145   114   131    88   168    89    72   114    89   174    23     8   166   142   110   137    28    62    38    43    77    63   149   123    67   160    96    80    10    95   100   118    58    17   166    92   149    99   167    88   180   128    76    35    95    32    39    61   171   176   160   174   108   143    55   135    65    96   115    43     5    18    60 
 0.00  0.36 
 0.36  0.00 
