80 12
15
20753
20831
21186
21716
21833
23870
22905
21679
21380
23854
21284
23409
21097
19896
21405
3.9 18.9 480.6 2.2
3.4 30.7 363 1.6
1 32 459.3 2.4
3.3 14.1 212.2 2.1
2.1 23.9 681.6 1.9
3.8 10.4 825.1 1.9
4.7 16.8 595 1.6
2.1 44.5 930.7 2.2
4.7 45.9 84.7 2.4
3.8 47.5 593.9 2.4
2.7 10.4 838.3 1.8
3 28.5 660 2
2.6 19.1 306.7 1.6
4.9 30.1 453.9 1.5
2.3 36.7 500.1 2.3
1.8 35.6 914.4 1.8
1.7 28.2 498.8 1.7
4.1 28.5 947.6 2.4
2.2 30.8 106 1.8
1.6 11.1 461.8 1.8
2.8 37.9 680.1 2.2
2.5 24.8 68 1.5
4.6 34.7 491.5 2.2
1.9 45.1 860.3 2.4
3.8 10.7 810.7 2
2.9 17.9 911.1 1.6
3.3 46.4 666.6 1.5
4.8 44.5 169.1 2.4
4 28.6 374.6 2.3
4.6 46.3 375.4 2.1
2.1 32.7 175.2 2.2
5 34.5 64.2 1.7
1.1 29.4 919.2 2.1
1.6 43.2 75.9 2.4
3.9 29.8 722.4 2.2
3.8 44.3 949.4 1.6
1.4 19.9 803.4 1.5
2.1 21.2 563.4 2
1.3 34.6 287.7 2
4.1 47.6 701.1 2
1.3 48.5 219.5 1.8
1.7 43.8 947.5 1.6
5 28.9 69 1.9
1.1 15.1 918.3 2.5
1.3 47.7 793.9 2.1
1.1 35.6 252.1 2.4
4.9 41.1 399.4 2.4
3.6 39.1 61.2 1.7
1.7 38.3 403.7 2.2
4.2 21.7 903.6 1.9
2 34.3 72.7 2.5
3.3 41.5 667.5 2.3
1 42.7 329.3 2.3
4.8 32.7 477.7 2.4
1.8 20.2 895.7 2.1
3.3 17.5 82.7 1.7
2.5 28.7 515.3 1.7
1.6 19.9 468.5 2
4.1 12.8 749.1 1.5
1.9 35.1 918.2 1.8
1.3 46.9 377.8 1.8
3.4 24.9 217.3 2
1.4 37 748.5 1.6
1.7 22.9 151.3 2.1
3.8 49.2 731.2 1.7
1.2 44.8 294 2.3
2.8 49.5 275.1 2.5
1.2 48.8 272 1.6
4.9 19.1 694.2 2.1
2.2 20.5 55.8 2
4.3 38.4 881.3 2
1.2 42.5 590.4 2.4
1 26.4 423.8 2.3
2.9 26.5 879 2.1
2.3 48.5 221.5 1.8
3.4 15 532.5 2.3
4 10.1 452.5 1.7
4.6 28.5 108.4 1.6
3.3 17 570.9 2.3
3.4 26.9 367 2
2.1 43.2 252.6 2.4
3.2 20.6 90.6 2.4
1.9 40.4 924.9 1.8
3.4 37.2 334.5 1.8
3.7 29.8 736.1 1.8
2.4 34.3 376.3 1.7
3.3 34.9 716.2 1.8
4.6 38.4 113.8 2.1
1.6 12 851.1 1.8
2.7 28 301.3 1.5
3 27.5 160.2 2.5
1.2 47.2 61.1 1.9
4.8 10.4 937.3 1.7
3.9 23.2 162.3 1.9
2.4 43.8 514.2 1.7
1.2 32.6 251 1.6
2.4 12.7 848.4 2
4.4 24.1 922.6 1.6
3.7 37.4 742.9 2.5
2.2 49.5 471.7 1.5
3.8 43.2 899.9 1.8
1.9 37 291.2 1.7
1.5 36.2 679.5 2.2
1.7 25.5 343 2.1
4.1 37.8 795.6 2.5
3.4 33 902.5 2.2
3.9 14.8 832.3 1.7
1.9 36.4 688.8 1.8
2.3 26.7 442.8 2.2
1.7 34.6 480.6 2.3
3.5 30.3 183.7 1.8
2.5 45.4 928.1 2.3
2.2 20.7 907.7 2.1
4.5 10.7 273.7 1.6
1.4 27.8 721.3 1.9
1.5 47 369.5 1.8
4 48.1 270.6 2.2
2 18.3 910.1 2
3 14.7 898.2 1.6
1.7 19.4 298.7 2.4
3 38.5 724.4 2.1
2.6 16.4 739 2.5
4.5 17.8 372.9 2.4
4.3 12 610 1.6
4.7 12.5 809.8 2.4
1.2 42.4 889 2.5
2.7 41.3 907.2 2.1
2.3 44.5 664.2 1.5
3.9 31.4 693.2 2
2 29.1 116.2 2.2
5 15.6 891.4 2
3.4 33 290.9 1.7
4.9 35 886.3 1.8
2.1 43.2 350.1 2.1
2.8 28.1 179.6 1.7
3.9 43.4 579.9 1.8
4.2 18.5 267.1 1.7
2.7 42.5 472.2 2.2
1.7 20.8 156.5 1.7
4.1 28 639.9 1.8
1.6 45.6 838.4 2
1.1 42.8 240 2
1.4 39.4 717.5 1.6
2.7 46.6 786.4 2.3
1.3 42.1 668.2 2
1 19.7 527.3 1.6
3.4 31.9 259.8 1.9
2.3 10.4 660.9 2.1
5 19 217.8 1.7
1.9 30.3 114.2 1.6
3.7 21.7 677.8 2.5
3.7 31.1 83.2 2.2
4.2 44.1 354.9 2
4.7 24 484.6 1.9
1.1 29 302.9 2.3
1.1 18 788.8 1.9
1.8 20.8 902.6 2
3.9 13 140.8 1.6
1.1 40.1 344.6 1.9
3.9 37.7 522.7 2
3.3 22.7 499.8 2.4
4.9 10.2 738.8 2.5
4.9 25.5 585 2.1
3.3 15 175 1.7
3.4 31.5 541.8 2.4
2.1 47.3 693.8 1.8
4.1 29.7 611.6 1.7
1 16.5 663.4 1.6
4.7 41.6 158.4 2.4
3.6 10.1 462.9 2
4.7 43.2 807.1 1.6
2 10.5 173 2.1
1.4 29.9 809.6 1.9
2 29.9 711.9 1.8
3.3 14.9 386.9 1.7
1.9 38.1 836 1.7
1.3 35.8 825.8 1.7
1.4 32.7 133.7 2.2
2.9 35.9 470.5 2.5
4.5 29.1 813.3 1.9
2.3 37.5 276.3 2.5
2.9 19.6 835.9 1.8
2.2 14.9 466.9 1.6
1.1 27.6 435.7 1.9
2.7 30.4 438.1 2
4.8 18.4 915.8 1.9
2.2 16.7 72.2 1.9
1.8 15.1 79.4 1.6
2.8 24.4 928.4 2.3
2.2 43 746.3 1.9
1.4 11.8 94.2 1.8
2.7 49.1 792.7 1.8
3.1 46.3 331.5 2.2
3.4 33.5 391.7 1.8
1.7 41.6 723.6 1.9
4.3 27.7 158.6 1.9
4.5 41.7 492.5 1.8
4 25.1 120.1 2
3.6 46.9 677.5 1.9
1.5 23.3 297.2 2.2
1.6 16.5 234.3 2
1.7 44.5 736.7 1.9
4.2 10.3 296.4 1.7
3.3 30.7 183.1 1.6
1.6 32.3 485.9 2.5
2.2 43.4 578 1.9
4.6 38.9 555.4 1.8
3.2 35.6 201.5 2.2
4.7 39.1 626.1 1.6
1.2 30.6 943.4 2
3.7 48 288.9 2.4
1.6 12.4 813.8 2.1
4.8 27.4 507.7 1.9
4.2 19.4 52.4 2.2
2.4 25.7 941.6 1.8
4.6 32.1 745 1.5
4.4 10.7 151.6 2.2
1.4 15.3 287 2.5
2.8 26.3 455.1 1.8
1.3 46.7 929.2 1.7
4.6 46.7 921.7 2.3
1.6 15.2 943.3 1.6
3.6 46.1 429.2 1.8
4.8 19 689.9 2.3
4.8 36.4 178.8 2.2
2.8 33.5 767.8 1.6
1.1 11.9 251.5 1.7
1.7 39.7 532.8 2
2.2 33.9 533.5 1.7
1.4 46.8 268.2 2.1
3.1 10.6 288.8 2.2
3.3 40.3 924.8 1.6
4.8 41.4 255.6 1.8
1.6 41.3 239 1.8
1.8 40.2 889.7 1.6
3.8 17.8 161.3 2.1
3.9 25.1 464.7 2
2.9 10.1 261.5 1.6
4.9 45.4 696.1 2.1
4.5 15.6 639.2 1.6
2.4 29.7 320 1.7
1 28.4 360.3 1.6
4.9 37.1 287.1 1.8
2.9 48.1 746.8 2.5
1.4 11.7 271.7 1.9
2.2 49.4 626.8 1.7
2.5 44 947.8 2
4.3 24.2 59.4 1.7
3.5 25.6 97.9 2.1
2.2 25.1 727 1.6
1.5 14.6 463.1 2.1
2 21.8 903.2 1.6
3.8 49.5 904.1 1.8
3.3 15.2 643.3 1.7
2.3 31.7 511.9 1.8
2.7 35.4 407.2 2.3
2.2 46 198 1.5
4.7 39 544.6 2
4.9 22.1 125.7 2.1
2.1 35.3 296 2.4
2.8 32.8 211.1 1.7
3.5 23.6 693.8 2.5
3.3 24 920.9 2.3
1.1 17.1 334.3 1.7
2.9 25.9 883.4 1.9
1.2 20.2 687.8 2
3.3 34.9 823.5 1.7
3 46 539.1 2.2
2.6 49 631.2 1.7
3.7 40.3 538.1 1.7
2.8 28.6 367.1 1.8
3.8 39.6 227.3 2.4
1.2 12.6 372.1 2
4.5 15.8 454.7 1.9
4.2 31 755.5 2
2.4 48.1 82.9 1.7
2.2 19.9 292.6 1.5
4.3 20.2 61.5 1.6
2.1 10.4 704.2 1.8
2.5 14.2 220.3 1.8
2.7 13.8 551.4 1.8
1.8 33 532.8 2.3
2.4 15.8 801.9 1.6
4.4 15.9 325.5 2.1
4.8 25.3 624.6 2.5
1.5 40.9 88 2.4
1.8 35.9 311.6 1.8
1.2 21.6 946.9 2.1
2.2 18.9 763.2 2
3.4 46.8 600.5 2.3
4.1 45 461.8 1.6
1.5 25.5 196 1.5
5 14.4 300 1.5
3.2 23.4 716.3 1.8
3.2 30.9 385.7 2.3
4.7 16.5 566.3 2.2
4.9 12.1 914.7 2.4
3 22.3 640.2 2.4
4 48.2 495.2 2.5
4.1 16.7 432.5 2
4.4 19.1 399.3 2.4
1.8 37.4 129.2 2.4
2.3 38.1 516.6 2.1
3 29.3 906.5 2.5
2.6 18.7 678.8 1.8
1.5 16.7 552.5 1.7
2.1 31.5 427 2.4
4.3 28.3 779.1 2
3.4 29.6 529.2 2.1
2.1 19.8 149 2.1
4 41.6 591.7 1.6
2.8 35.4 558.7 2.4
1.9 11.3 125.2 2
4.6 42.6 265.7 1.6
4.8 17.7 310.9 2.4
2 23 743.9 2
1.9 29 763.2 1.6
3.8 40.4 760.3 2.1
2.5 44.2 657 1.7
2 12.7 583.4 2.1
3.4 29.3 473.7 2.1
3.5 14.1 480 2.1
3.8 35.4 553.3 2.3
3.9 43.9 456.2 1.9
1 36.7 417.3 1.7
1.4 22.6 503.9 2.1
4 38.8 596.2 2.3
4.3 27.2 754.5 1.8
2.4 48 619.5 1.8
1.8 38.8 645.9 1.9
2.9 46.4 383.6 1.9
2.5 28.4 578.2 1.6
1.6 37.4 884.4 2.3
2 32.6 132.1 2.1
4.1 18.2 716.2 1.6
1.9 35.6 287.6 1.8
3.3 34.7 855.2 2.2
4.6 30.1 410.4 2
2.3 21.6 108.5 2.2
1.1 29.8 298.9 2.1
4.2 43.1 368.6 2.2
3.6 29.3 168.5 1.7
2 35.6 612.1 2.2
3.1 42.8 948.9 2.2
3.2 21.9 521 2.4
4.2 15 756.8 2.1
3.8 37.2 100.1 1.8
4.3 17 621.9 2
4.3 33.3 491.2 1.6
3 10.1 916.9 2.1
2 14.2 611.9 1.8
4.4 36.6 775.7 1.6
4.5 13.8 229.7 2.5
3.4 18.4 145.9 1.8
3.5 48.9 349.2 2.2
3 31.6 928.6 2.1
1.5 21 938.7 1.8
2.8 16.4 880.5 1.7
1.9 42.8 920 2.3
1.8 21.7 782.1 2.5
2.2 19.5 619.8 2
3.6 34.5 826.7 2.5
4.9 26.8 622.6 2.4
1.2 39.4 941.5 2
2.5 10.7 492.9 2.2
2.4 38.2 931.8 2.2
4.8 48.9 648.2 2.4
4.1 24.1 237.8 2.3
2.4 40.5 304.7 1.8
3.1 45.3 191.9 1.8
4 33 887.2 2.3
1.1 43.9 161.5 2.3
1.7 15.2 418.8 2.2
2.1 21.8 496 2.2
2 12 120 1.5
1.1 19.7 822.1 2.2
3.7 10.5 936 2.2
3.5 33.1 609.3 2.1
3.4 34.2 215.6 2.3
1.3 28.2 551.7 1.9
2.1 34.8 561.3 2.3
2 14.2 879.2 1.7
3.4 44 282.6 2
4.4 27.6 760.3 1.9
3.3 29.3 887.4 1.6
3.6 49.6 301.8 2.2
4.6 24.8 99 1.8
1.6 27.9 784 2.4
3.9 27.1 378.4 2.3
3.3 12.9 167.3 2.3
2 12.3 567.2 1.9
4.9 38.9 112.1 2.4
3.8 43.3 942.6 2.4
4.7 45.8 245.3 1.9
3.6 47.8 68.2 1.8
3.2 12.3 575.3 2.4
3 25.7 753.6 2.1
4.3 11.2 877.3 1.6
3.4 25.2 203.3 2.2
4 10.6 860.2 1.9
4.9 49.2 186.2 1.9
3.6 49.7 113.8 1.7
2.6 47 86.7 1.6
1.8 44.1 832.8 1.8
2.2 48.5 585 2
4.7 43.3 344 2
2.4 20.2 71.5 2.2
3.5 16.1 779.4 1.6
3.8 12.3 214 2.2
3.6 33 439.3 1.8
2.9 23.7 533.5 2.1
3.3 22 89.3 2.3
3.5 17.8 772.3 2.2
4 24.9 123.8 1.6
2.3 36.7 472.3 2.2
2.9 48.2 392.6 1.6
4 36.4 433.4 1.9
4.9 18 148.8 1.7
2.6 48 167.9 2
3 49.3 799.1 2
1.3 43 353 2.1
3.9 43.9 625.3 1.8
4.2 40.4 493.9 2.3
2.9 28.5 320.3 2.3
1.2 11 296.7 1.6
1.3 28.2 659.4 2
2.9 36.3 498.6 1.8
2.9 48.1 290.1 2
3.9 34.3 263.8 2.2
2.8 44.8 154.8 2.3
4.7 30 574.3 1.7
4.8 18.9 138.8 1.6
1.9 35.1 684.4 1.8
4.3 25.2 392.4 2.3
1.9 12.8 89 1.6
3.4 48.6 358.5 2.5
4.5 32.6 176 1.8
4.1 44.1 661.6 1.8
1.4 32.1 838.1 2.1
3.3 46.4 797.6 2.3
4.3 16.6 250.7 2.2
1 42.3 370.2 2.4
2 22.3 210.3 1.7
4.2 32.5 740.5 1.5
2.5 37.5 70.2 2.2
3.7 27.5 778.4 2.5
4.4 47.6 299.5 1.7
2.9 27.7 274.1 2.2
2.6 28 388.1 2.1
2.8 22.9 359.3 1.5
1.2 35.6 733.7 2
2.5 13.3 418.6 2.5
4.7 43.3 460.9 2.2
3.1 20.4 600 2.3
3 49.3 915.6 2.2
3.3 17.7 469.3 1.8
2.9 26.9 161.4 2.3
4.2 34.1 105.9 2.2
2.5 21.4 496 2.3
2.5 12.5 204.1 2.4
2.4 45 476.2 1.8
2.8 37.6 86.1 2.3
4.4 28.4 789.6 1.5
3.8 47.1 584.2 2
1.2 43.8 146 1.9
2.1 45.9 233.6 1.7
3.8 47 826.5 1.9
4.9 21.7 809.1 2
1.4 32.8 154.7 1.6
3.3 26.6 241.2 2
4.8 22.2 136.2 1.7
2.3 34.1 463.2 2.2
4.1 12 305.2 2.3
4.7 37 532.6 2.4
4.9 44.1 167.7 2.4
2.6 45.2 845.9 1.9
1.9 15.7 609.1 2.4
4.7 37.2 698 2.3
4.2 38.2 348.6 1.6
4.5 12.3 720.7 1.7
4.1 48 820.7 2
3.3 10.2 297.1 2
3.6 16.9 192.1 2.2
3.7 10.5 270 2.3
1.6 46.6 933.8 1.9
2.8 31.9 127.9 2
3.4 44 695.5 1.5
2.9 27.8 402.6 2.3
1.2 42.3 925.1 1.6
1.8 47.7 826.9 1.8
3 29.5 65.5 1.5
1.1 35.2 320.6 1.9
3.5 26.4 134.8 1.6
3.3 30.6 931.3 1.9
2.6 29.4 156.2 2
4.7 16.9 673.9 1.7
4.7 44.5 528 1.9
4.1 25 640 1.8
4.2 33.2 605.5 1.9
2.1 44.7 754.8 2
4.3 19 749.2 2.1
3.2 49.5 520.7 2
3.8 37.2 875.7 2.1
2.8 20.3 355.2 1.9
1 23.7 622.3 1.8
1.6 23 825.9 2.4
2.4 17.6 888 1.9
3.6 26 561 1.6
1.3 30.5 868.6 2.3
4.5 16.3 639.4 1.9
2.8 41.2 928.2 1.6
4.3 37.6 515.8 2.5
2 36.5 370.9 1.9
4.8 25.7 470.3 1.8
4.3 49.9 724.8 2.1
2.9 24.8 815.2 2.3
2.1 17.8 593.1 1.6
4.9 33.9 82.1 2.3
3.3 48.6 493.1 2.2
4.6 39.5 936.8 1.7
4.8 45.5 717.9 1.7
2.1 44.5 448.6 1.9
4.9 31.6 214.5 1.7
2 49.2 587.4 2.5
2.2 19.3 392.9 2.1
4.6 37.6 308.7 1.6
2.2 38.5 185 2.3
1 21.3 878.2 1.6
3.7 38.2 696.1 1.7
3.4 48.3 718.3 2.4
2.9 40 919.3 2
3.6 45 859.5 2
1.3 26.8 52.7 1.9
4.1 11.6 735.2 2.5
4.7 22 321.8 1.5
1.3 10.2 876.9 2.4
3.5 10.3 472.1 1.9
3 12.3 84.3 2.2
1.9 31.3 744 1.6
3.6 21.9 353.1 2.3
1.3 41.7 395.1 2.2
2.1 45.4 444.9 1.8
1.8 43.5 815.2 2.3
4.6 44.7 516.3 1.6
2.3 42.4 763.1 2.2
1.8 49 129.8 2.5
3.3 17 498.9 1.8
2.7 30.2 255.5 2.2
3.5 27.8 509.3 2.3
3.6 23.1 887.4 2.5
4.7 26 610.5 2.2
4.5 11 825.2 2
5 12.2 56.7 2.5
4.7 18.3 615.2 1.7
3.8 45.8 573.5 1.7
3.6 27.5 409.2 1.9
1.1 27.3 280.9 1.5
4.8 49.7 443.4 2.2
4.7 40.4 246.8 2.1
1.8 10.9 340.1 1.9
4.9 14.6 375.4 2
4.2 15.3 59.6 1.9
4.4 38.6 309.2 2.2
4.1 36.9 219.5 2.2
3.5 36.9 180.8 2.3
1.8 46.6 731.8 2.2
3.7 48.7 608 2
2.1 10.2 944.5 1.6
2.7 48.3 681.2 1.8
1.3 39.4 314.7 2
1.8 20.7 440.3 2.3
4.6 48.4 449.8 2.4
1.1 38.7 314.7 2.3
3.4 15.7 606 1.6
3.4 48.8 673.8 1.8
2.7 47.7 400.4 2.2
1.4 35 466.8 1.8
1.7 16.2 462.2 2.1
2.1 19.8 661.3 2.1
3.7 47 519.1 1.6
4.1 30.7 645 1.9
1.1 21.2 731 2.3
1.7 34.8 946 2
1.9 31.8 99.3 2.1
2.2 25.1 891.3 2.1
4.6 17.2 551 2.3
4.4 47.4 794.3 2.5
3.1 34.7 183.6 1.6
3.4 26.8 906.6 2.5
3 21.7 600.2 1.7
3.7 13.9 898.4 2.3
4.4 40.5 622 2
4.2 11.9 119.6 2.2
2.7 16.4 775.7 2.4
2.8 40 820.9 1.6
3 41.9 110.6 1.6
2.4 17.3 359.2 2.4
4.6 38.3 408.2 2.3
4.2 35.6 432.9 1.9
3.1 45.4 120.6 2.3
1.1 40.7 320.4 2.5
1.1 44 667.3 1.9
1.1 29.5 368.5 1.9
1.3 49.9 155.6 1.9
2.8 31.9 101 2
2.1 42.6 607.1 2.1
4.2 30.7 514.7 1.5
3.6 23.5 249 2.3
3.5 33.4 332.4 1.6
3.8 22.2 173.4 2.2
4.8 39.8 300.6 1.8
3.4 24.5 439.7 2.1
2.2 28.4 70.2 1.7
1.2 38.1 644.2 2.3
2.4 32.6 708.5 2.1
4.2 41.9 221.5 2.3
1.9 44.1 223.7 1.8
4.5 14 575.1 2.2
2.3 19.6 289.3 2.5
1.3 33.7 62.5 2.4
3.1 15 932.3 2.2
3.6 49.7 75.4 2.2
1.1 45.6 294.7 2.4
1.7 48.2 793.9 2.4
4.9 45.1 490.1 1.7
1.5 34.2 748.1 1.6
1.5 20 176.8 1.5
2.2 22.3 210.7 1.7
1.5 43.2 112.5 2.1
4.6 13.7 116.9 2.2
1.6 24.7 759.9 2.3
1.1 11.8 217.5 2.1
4.7 32.7 910.9 2.3
3.2 38.7 828.4 2.1
3.4 27.3 935 1.6
4.4 41.4 471.3 1.9
1.7 21.2 582.8 2.2
4.5 37.6 870.4 1.8
2.5 21.3 231.9 2
1.5 27.8 111.5 1.5
4.1 42.7 182 1.5
2.8 42.8 387.9 2.5
4.4 29.1 637.6 2.4
2.5 36.9 816.5 1.9
2.2 13.6 628.4 2
1.2 10.7 522.8 2
1.3 47 211.5 1.5
3.7 27.6 918.4 1.8
1.1 10 551.3 2
4.1 22.2 70.3 1.7
1.7 23.8 769.5 2.1
4.3 20.6 136.2 2
2.3 22.9 429 2
2 39.6 84 1.7
1.9 14.3 455.9 2
3.9 46.2 312.8 1.8
4.1 36 727.1 2.3
1.1 14 735.3 1.7
1 23.4 269.2 1.6
2.9 26.9 445.2 2.2
3.5 37.4 424.4 2
1.6 19.7 824.4 2.4
1.8 26.1 87.2 1.7
3.3 44.7 319.1 1.5
1.3 39.6 812.6 1.6
2.3 29.1 253.1 1.9
4 47.8 264.8 1.6
2.7 34.5 660.8 2.3
2.5 17.3 881.9 1.6
3.2 43.9 441.8 2.4
4.5 28.2 732.5 1.9
1.3 25.2 51.8 1.9
3.7 42 509.8 2.2
3.2 29.8 391.2 2.2
2.2 38.9 321 1.7
2.6 12.7 709.6 1.9
4 29.6 249 2.4
3.1 16 393.5 1.6
3.8 44.8 221.7 1.5
2.3 15.6 89.8 1.8
4.3 22 284.2 2.4
3.6 45.7 761.7 2.3
1.8 23.6 107.6 2.1
5 19.6 807.2 2.3
4.8 37.9 133.8 1.7
4.5 29.7 480.4 1.8
3.7 42.5 572.4 2.2
1.7 38.7 107.2 2
2.8 29 573.7 2.1
2 12.6 764.8 2.4
1.1 21.7 908.5 2.2
2.8 37.3 419.3 1.8
2.9 30 84.4 2.2
2.9 35.2 340.3 2
4.7 11.6 639.9 2
4.5 17.8 351.3 2.5
3.2 15.1 109.5 2.5
3.7 35.2 842.9 2
2.9 39.2 108.1 1.9
1.5 27.9 639.2 1.8
2.1 37.9 532.6 2.4
2.6 24.9 61.6 1.8
3.2 12.8 889.5 1.8
3 21.6 636.2 2.1
3.4 18.8 184.3 2.1
1.9 28.8 770.8 2
2 18.1 742.5 2.2
3.2 47.2 558.8 1.7
4 26.3 131 2.2
3.4 12.5 555.6 2.2
3.2 28.2 246.7 1.6
3.5 27 922.6 2.2
2 41.4 114.8 2.1
4.1 26.9 553 2.2
2 18.2 436 2.3
2.6 13.1 81.6 1.9
3.3 12.2 919.4 1.8
4.3 22.8 126.6 1.6
4.6 41.9 436.6 2.1
3.3 27.1 262.8 2.4
3 37.3 697 2.3
4.6 37.4 402.9 2.2
2.2 36.8 515.6 2
1.7 31.5 779.8 1.9
2.5 39.1 169.4 1.9
2.9 45.9 438.8 2.2
1.5 36.8 534.5 2.3
3.1 40.6 528.1 1.9
2.3 18.5 633.6 2.1
2.1 17 164.2 2.2
1.3 26.3 158.7 1.6
3.3 23.6 515.3 2
4.8 40.7 199.1 1.5
4.7 46.3 446 1.6
4.2 20.1 635 1.5
4.2 44.7 859.1 1.8
3.5 32.1 941.6 1.6
4.2 26.2 847.2 1.9
4.7 13 451.1 1.9
4.2 31.2 339.3 2.4
4 14.5 766.9 2.1
4 10.2 300.8 1.9
4.5 27.2 921.1 2.1
4.1 37.9 798.9 1.5
4.7 25.7 715.8 2.2
4.7 16.7 80.9 1.9
1.2 40.6 615.5 1.7
4.8 37.6 613.5 2.5
4.3 27.3 547.2 2
3.2 23.3 625 2.4
5 47.1 201.5 1.6
2 46.5 154.4 1.9
4.5 46.7 102.1 1.6
4.7 47.8 671.1 2.3
3.7 12.5 799.2 1.5
2 12.3 400.2 1.6
3.9 11.5 607.8 2
2.7 43.2 625.6 1.6
3.4 19.9 149.9 2.5
4.1 16.3 620.1 2.3
1.9 47.6 474.6 1.9
1.3 48.1 136.4 2.1
3.7 30.1 855.8 1.8
3.6 36.8 881.3 2
3.9 17.7 817.9 1.8
2.3 31.4 714.5 2.2
3.9 13.6 853 1.9
1.4 44.6 855.1 1.5
4.1 37.9 805.1 2.1
2.6 25.7 654.6 1.9
3.3 49.1 932.5 1.6
1.2 35.1 590.9 2.2
1.3 20.6 934.3 1.6
4.4 41.3 625.1 2.1
2.9 36 822.3 1.6
3.9 31.4 715.1 1.6
1.8 21.8 297.4 1.9
3.8 42.3 640.6 2
4.6 48.9 862.6 2.1
2.7 17.4 514.2 2.1
2.3 14.7 910.7 1.6
2.9 29.9 380.3 2.4
4.4 26.2 274.2 1.8
2.3 13.1 593.7 2
4.1 45.9 901.8 2.4
2.7 13 880.7 1.7
3.8 12.5 68.4 2.3
5 40.8 687.4 1.9
3.9 17.6 615.9 2.2
1.6 39.9 70 2.1
3.6 47.2 906.5 2
3.2 41.2 792.4 1.9
1.3 49.3 64.1 1.8
3.3 38.8 122.9 2.2
1.9 39.8 549.8 2.4
2.6 45.6 553.9 2.4
2.2 30 901.7 2
3 46.5 863.1 2.3
2.6 38.3 831.9 1.7
3.7 48.6 862.1 2
2.6 13.7 938.4 2.3
4.7 37.4 255.7 2.5
1.9 18 787.2 2.1
2.3 28.3 101.3 1.9
4.3 13.2 311.9 2.3
3.1 23.4 155.3 2.4
2.4 44.4 575.7 2.2
2.7 32.5 236.2 1.9
2.4 42.9 202.5 1.5
5 29.9 300.3 2.4
1.8 29.6 605.1 1.7
4 23.3 609.2 1.8
4.2 44.5 934.8 1.7
2.8 18.4 396.9 2.1
2.8 46.5 358.1 2.5
4.4 32.2 309.1 1.5
4.1 39.4 942.1 2.3
2.2 23.5 160.3 1.6
1.7 24.8 943.1 1.7
3.9 32.1 658 2.3
1.4 32.3 64 2.5
1.6 31.4 877.8 2.5
1.7 10.4 943.3 1.7
1.9 49.2 79.4 1.7
1.8 14.6 524.2 1.5
2.2 26.3 802.1 2.4
2.7 14 97.8 1.9
3.2 13.9 825.8 1.6
1.1 31.5 485.6 2.4
3.3 47.1 679.9 2
4.4 38.4 467.6 2.2
3.4 30 209.7 2.3
4.9 47 436.7 1.7
1.8 43.7 85.7 2.2
2.8 37.8 407.8 2.5
1.5 34.1 115.3 1.8
4.1 30.7 715.1 1.8
1.7 17.5 708.7 2
1.6 36.1 289.3 1.6
1.2 44.7 761.6 1.7
4.1 39.4 162 2.4
3.3 28.8 948.7 2
4.9 41.1 888.6 2.5
2.8 15.5 461.2 2
3.9 47.1 374.9 1.9
2.6 29.3 561.1 2.3
2.4 44 298.7 2.2
2.2 30 281.8 2.1
3.2 36.6 655.2 2
2.6 22.6 750.3 1.5
1.4 10.4 476 1.5
2.6 28.6 880 2.4
1.7 20.9 937.7 2.2
3.6 16.7 209.6 2.2
4.7 26.2 293.4 2.1
2.5 49.2 446.1 2
2.4 46.8 827.2 1.9
4.8 14.6 843.4 2.1
2.4 23.2 340.5 2.4
3.6 28.5 640.1 1.7
1.8 20.4 287.1 2.2
4.9 49.9 287.8 2.4
1.8 27.4 275.9 2.4
3.2 15.2 231.1 1.8
4.7 41.2 153.4 2
1.5 15.2 854 2
3.4 20.3 441.1 1.8
3.5 34.8 103.7 1.9
3.1 37.1 489.8 2.3
4.4 39 69.8 1.8
4.9 45.6 167 2.2
4 35.3 790.5 2.4
1.9 30.8 419.5 2.4
2.5 43.3 371.6 1.8
3.7 27.1 342.4 2.2
2.2 33.5 479.6 1.7
2.4 46.4 80.5 1.6
3.4 12.8 218.4 2.3
1.8 15.8 362.5 1.7
4.7 32.2 840.1 2.4
1.9 15.9 309.5 1.6
2.4 30.3 801.5 1.7
2.6 20.2 854.1 2.5
3.4 14.4 440 2.4
4.4 30.5 434.3 2
4.4 41 763.7 1.9
4.7 22.3 889.8 1.8
4.1 36.2 566.3 2.4
1.3 11.6 286.1 2.2
4.1 47.8 617.4 2.2
1.3 26 530.8 1.7
3.8 11 457.7 1.6
3.3 49.9 80.9 1.5
4.8 23.4 320.3 2.5
3.2 36.6 539 2.4
4.7 19.8 700 2.1
3.3 15 358.7 1.8
1.6 31.2 490.1 1.7
3.1 20.4 719.6 1.8
4.3 40.9 613.2 2
4.4 13.8 153.9 2.4
4.4 37.5 791.3 1.6
2.2 48.1 245.5 2.2
4.8 48 892 2.1
4.9 12.4 95 2.2
4.2 41.3 228.9 2.2
2.7 21.6 77 2.4
1.6 46.8 902.1 2.5
3.9 21 55.3 1.7
4.3 26.2 635.7 1.7
4.2 44.9 109.5 1.6
4.7 27.9 289.3 1.7
3.4 20.7 125.3 1.9
4.2 45.4 478 2.2
1.5 42 90.7 2.5
2.2 22.5 241.3 1.8
3.6 18.9 472 2
3.2 18.9 192.8 1.7
3.3 38.1 590.6 2
3.6 11.7 410.7 2.1
3.4 49.2 72.2 2.4
4 24.5 211.3 2.5
5 46.4 321.9 2.5
1.8 16.4 374.6 2.2
1.1 40.8 888 1.6
1.3 17.2 228.5 2.4
1.2 29.8 660.9 2.5
4.4 23.1 920 1.9
5 15.6 508.7 2.4
3.3 41.7 366.3 2
3 23.7 54.8 1.6
2.7 19.7 905.4 1.8
4.8 45.7 222.8 2.1
4.3 24 183.8 1.7
1.8 30.9 169.4 1.7
1.7 22.4 887.5 2.3
3.1 26.5 509.6 2.1
4 37.4 371 1.6
1.7 33.3 899.4 1.9
3.8 44.8 725 1.6
2.2 21.5 834.1 2.1
3 11.1 547.7 1.9
1.5 35.8 175 2.5
4.4 21.8 144.8 2.2
5 36.2 456 2.5
1.2 21.7 102.4 1.9
3.2 12.7 474.1 2.4
2.6 40.5 805.3 2.3
3.2 34.9 734.5 2.1
4.8 36 313.2 2.1
2.6 46.7 359.6 1.8
3.3 49 189 1.7
4.6 31.9 194.9 2.2
4 41.3 495 2.4
3 21.1 525.4 2.3
4.6 17.1 134.5 2.4
3.1 22.4 270.5 1.8
2 34.3 533 1.9
2.7 44.4 166.5 1.6
1.8 28.5 789.9 1.6
3.8 40.3 168.6 1.7
3.4 16.2 701.9 1.7
1.3 32.9 714.4 1.5
3.7 36.1 188.2 2.3
3.1 43 66.8 2.1
3.1 17.6 340.7 1.6
2.2 23.2 736.6 1.5
2.9 17.7 768.5 2.4
3.7 40.5 658.3 1.8
3.7 34.6 625 2.2
3 27.3 406.2 1.8
4.7 31.2 197.8 1.7
2.3 36.4 363.3 1.7
2.4 12 735.2 1.5
3.6 45.7 419.2 1.9
1.6 36 577.2 2
3.3 12 762.7 1.6
4.4 30.7 291.9 2.4
1.6 28.4 785 1.8
4.2 25.3 302 1.7
3.2 11.4 785.5 1.8
2.4 46.6 746.6 1.8
3.8 31 352.5 1.6
1.4 48 536.5 2.1
3.5 44.7 521.1 2.3
3 16.8 602.5 1.7
2.8 34.4 337.8 2.3
1.9 11.3 690.7 2
5 25.5 638.4 1.6
4.1 31.7 662.7 2
2.4 38.8 315.9 1.9
1.7 32.3 553.8 2.3
2.4 43.4 95.4 1.8
1.4 19.5 560.4 2.4
4.7 44.1 885.7 2.3
2.4 11 511.5 2.1
4.8 34 70.2 2.1
1.8 36.3 680.6 2.4
1.8 47.5 219.5 2.3
4.5 49.8 844.4 1.8
1.9 32.6 584.2 2
4.3 45.5 823.6 2
3.2 34.8 564.6 1.7
2.3 24.2 271.3 1.8
2.4 39.3 788.4 1.5
1.5 29.2 147.9 2.3
3.4 47.1 451.5 1.9
2.9 12.1 200.7 1.8
2.4 39.8 452.8 1.9
3.9 48.5 67.4 1.9
4.8 44.3 707 1.6
2.1 23.2 68.9 2.2
1.6 20.4 613.6 2
1.4 40.5 94.8 2.1
1.1 40.2 221.6 1.6
2 38 751.1 2.4
3.2 30.2 892.1 2.3
2.5 35.8 605 2.4
3.8 31.1 128.7 1.5
3.9 34.3 418.7 1.8
1.2 20.2 328.7 1.9
3.5 23.5 69.1 1.7
4.8 10.2 333 1.7
1.9 43.4 612.8 1.7
1.1 34.7 209.8 1.8
1.3 23.8 233.9 1.5
3.3 20.2 233.1 1.7
2.3 45.3 773.3 2.5
2.4 42.4 676.9 1.5
2.3 33.1 270.7 2.5
3 26.2 437.8 2.2
4.6 21.6 867.6 1.9
4.7 36.3 105.3 1.5
4.8 17 260.1 2.5
3.5 46.5 184.8 2.3
2.6 24.9 382.3 1.9
2.5 20.6 354.4 2.2
4.9 39.2 112.3 2.4
3 23.6 137.4 1.7
1.5 14.1 75.9 2.1
1.7 28.5 613.3 1.8
1.1 10.9 511.9 2.2
4.5 22.2 919.9 2.2
1 13.7 331.5 1.7
4.8 15.9 606.3 1.6
4.4 40 611.4 2.5
4.6 14.3 672.3 2
2 18.1 221.7 1.8
2.5 29.5 154.1 2.3
3.7 25.2 247.7 1.5
1.6 22.1 633.2 1.5
1.5 31.6 928.9 2.2
2.8 36.7 677.6 2
3.4 34.6 587.7 2.3
1.4 47.8 134.3 2.1
1.2 38.9 376.4 1.9
4.3 32.9 912.3 2.3
1.1 25.7 223.9 2
4.4 45 670.3 2.1
4.4 19.8 314.3 2.2
1.3 22.6 120.5 2.4
2.2 46.4 835.3 2.1
1.6 32 942.5 2.4
1.3 48.6 369.8 2.2
2.4 12 938.3 1.9
1.8 20.4 652.4 2.5
4.1 49.5 616.6 2.2
2.1 16.2 556 1.9
3.1 16.7 708.2 2
2.7 21 268.7 2.1
4.3 10.6 112.8 1.9
4.7 20.2 527.1 2.4
3.3 17.8 561 2.2
2.6 20 607.5 1.9
1.8 43.7 70.6 2.3
2.4 29.6 942.3 2.2
2.9 28.6 602.7 1.7
4.7 21.3 89.7 1.8
1.4 24 736 1.6
4.8 16.6 736.8 1.6
1.2 15.6 640.9 2.1
1.1 33.9 109.6 2.3
4.3 34.3 477.5 2.4
2.1 30 440.5 2.4
1 29.2 416.6 2
2.5 38.2 291.7 2.3
4 12.9 569.1 2
1.4 45 498.7 1.9
2.3 14 323.8 1.7
3.5 43.1 541.5 2.1
1.4 30.6 596 2.2
2.1 21.1 240.9 2.2
4 36.6 803.9 1.5
3.6 29.7 567.9 1.5
4.6 26.3 931.9 1.8
4 25.4 894.8 1.7
1.7 20.4 665.5 2
1.7 36.4 649.5 2.3
3.7 24.1 859.8 1.5
4.3 18.4 359.9 2.1
4.5 26.9 80.2 1.9
2 21.2 894.3 2.3
1.9 28.8 474.2 2.4
1.7 42.6 737.6 2.3
1.7 28.9 137.5 1.6
2.8 13.9 503.3 2.1
2.5 18.2 129.7 2.3
2.1 15.2 208.6 1.8
1.7 22.3 564.6 1.9
3.4 12.5 472.5 1.9
2.1 13.1 412.6 2.4
3.1 30.8 761.8 1.7
4.4 45.4 585.6 2.5
2.9 21.6 627.6 2.2
4.6 15.2 516.6 2.1
1.6 37.3 853.2 2.1
2.5 27.7 838.8 2.4
4 12.6 89.3 1.8
4.5 27.1 87.7 1.7
4.5 48.7 384.8 2.3
2.3 33.4 187.2 1.6
4.6 12.3 274.7 1.9
1.1 12.3 345.2 2.4
4.5 14.4 429.1 1.9
3.8 28 223.4 1.6
2.1 37.6 785 1.9
3.3 46.4 719.7 1.8
4.1 16.1 602.6 1.7
4.3 37.1 616.2 1.7
3.6 17.8 944 2.3
3.7 12 438.6 1.6
2.5 40.5 599.8 2
1.6 41.2 490.4 1.7
3.5 41.2 415.1 2.1
2.4 24.8 728.1 2.5
1.8 26.5 898.3 1.6
2.5 22.3 626.3 1.9
3.5 34.9 344.4 2.4
1 22.7 186.2 2.4
4.9 30.7 771.7 2.1
3.1 14.5 695.3 2.4
4.4 13.3 404.5 1.6
2.9 27.4 644.4 1.7
3.5 40.9 824.4 1.9
2.6 40.1 880 1.8
1.5 48.6 428 2.2
3.1 24 773.1 1.7
4.6 11.7 168.5 2
1.9 24.8 127.5 1.7
3.7 27.8 799.8 1.7
1.4 10.7 944.3 2.4
2.6 27.9 218.7 1.6
4.7 10.2 178 1.6
2.1 48.5 702.3 2.1
4.7 33.4 880.3 1.6
4.9 34.1 928.4 1.9
1.4 18.5 425.9 2.4
2.5 44.6 359.7 1.9
3.4 29.5 463.4 1.6
2.4 22.7 493.5 2.5
4.3 43.8 215.6 1.7
3.6 15.1 328.4 2.4
4.4 22.7 650.6 2.3
2.4 45.1 780 1.7
2.9 22.1 262.6 1.6
1.1 33.3 862.6 1.8
3.2 11.5 453.9 2.4
2.6 25.9 106.2 2.3
1.6 31.4 852 2
4.8 19.1 470.5 1.6
4.1 24.6 921.7 2.2
5 17.2 417.9 2.1
2.3 38.1 313.8 2.5
3.3 23.2 287.3 1.9
1.5 20.7 342.3 2.4
1.6 13.2 524.9 2.2
4.2 11.1 634.2 1.8
1.6 32.3 477.6 1.9
2.9 40.9 465.8 1.8
3.6 11.7 878.7 1.9
4.6 22.8 88.8 2.1
5 38.5 58.9 2.2
2.5 45.5 97.2 2.5
2.3 47.3 730.1 1.7
2.9 44.1 132.7 1.7
4.7 35.8 524.2 1.8
3.4 38.7 582.1 2.5
3.1 14.4 676.7 1.7
3.9 40.9 603.9 2.4
3.2 10 235.8 2.2
3.9 20.2 59.3 2
4.9 46.6 754.7 1.7
3.1 30.6 247.7 2.1
2.3 29.4 661.4 1.9
2 11.7 863.9 2.3
3.4 26.5 624.1 2
3.9 47.5 195.8 2.4
3.3 15.9 136.6 1.5
2.2 11.3 468 1.5
2.4 16.5 370.1 1.8
0.3 0.3 0.3 0.2 0.2 0.4 0.4 0.4 0.3 0.2 0.3 0.2 0.3 0.3 0.3 0.3 0.3 0.3 0.4 0.2 0.4 0.2 0.4 0.3 0.4 0.3 0.3 0.2 0.3 0.3 0.2 0.3 0.2 0.3 0.3 0.3 0.2 0.3 0.3 0.2 0.2 0.4 0.3 0.3 0.3 0.3 0.4 0.3 0.3 0.2 0.3 0.4 0.2 0.2 0.3 0.3 0.3 0.3 0.3 0.2 0.4 0.4 0.4 0.3 0.4 0.3 0.3 0.3 0.3 0.4 0.3 0.3 0.3 0.3 0.3 0.3 0.3 0.2 0.3 0.3 0.2 0.2 0.2 0.3 0.4 0.3 0.2 0.3 0.4 0.4 0.3 0.2 0.4 0.4 0.3 0.4 0.3 0.3 0.4 0.3 0.4 0.3 0.3 0.2 0.3 0.3 0.3 0.4 0.4 0.4 0.3 0.2 0.4 0.4 0.2 0.2 0.3 0.2 0.4 0.2 0.3 0.3 0.3 0.2 0.2 0.3 0.4 0.3 0.4 0.2 0.2 0.4 0.3 0.3 0.3 0.3 0.2 0.4 0.3 0.4 0.3 0.4 0.4 0.3 0.2 0.3 0.4 0.4 0.3 0.4 0.2 0.2 0.2 0.3 0.3 0.4 0.4 0.3 0.4 0.3 0.3 0.3 0.4 0.3 0.2 0.4 0.3 0.3 0.3 0.3 0.3 0.2 0.3 0.3 0.3 0.3 0.4 0.3 0.3 0.3 0.2 0.3 0.2 0.2 0.3 0.4 0.3 0.3 0.4 0.4 0.4 0.3 0.2 0.3 0.3 0.2 0.3 0.3 0.4 0.3 0.3 0.2 0.2 0.4 0.3 0.3 0.4 0.4 0.4 0.2 0.2 0.3 0.4 0.3 0.4 0.3 0.4 0.2 0.4 0.4 0.4 0.4 0.3 0.4 0.4 0.4 0.3 0.4 0.3 0.3 0.4 0.3 0.3 0.3 0.3 0.3 0.3 0.3 0.2 0.3 0.4 0.4 0.3 0.3 0.2 0.3 0.4 0.2 0.2 0.2 0.2 0.2 0.3 0.2 0.4 0.2 0.3 0.3 0.3 0.4 0.3 0.2 0.2 0.3 0.3 0.3 0.3 0.3 0.4 0.2 0.2 0.3 0.4 0.2 0.2 0.3 0.2 0.3 0.4 0.3 0.3 0.3 0.3 0.3 0.3 0.4 0.4 0.2 0.2 0.4 0.3 0.3 0.4 0.3 0.2 0.3 0.3 0.3 0.4 0.3 0.2 0.3 0.3 0.3 0.4 0.2 0.3 0.4 0.3 0.3 0.2 0.3 0.4 0.3 0.4 0.3 0.4 0.3 0.3 0.4 0.3 0.4 0.3 0.3 0.4 0.2 0.2 0.3 0.3 0.3 0.3 0.4 0.2 0.4 0.3 0.2 0.3 0.3 0.3 0.3 0.3 0.3 0.3 0.4 0.4 0.3 0.4 0.3 0.4 0.4 0.4 0.3 0.4 0.3 0.4 0.3 0.2 0.3 0.3 0.3 0.4 0.3 0.3 0.4 0.3 0.3 0.4 0.3 0.3 0.2 0.3 0.2 0.3 0.4 0.3 0.3 0.3 0.3 0.3 0.3 0.3 0.4 0.3 0.4 0.4 0.2 0.3 0.3 0.3 0.3 0.4 0.3 0.4 0.3 0.2 0.3 0.4 0.4 0.3 0.3 0.3 0.4 0.4 0.3 0.4 0.4 0.4 0.2 0.4 0.3 0.2 0.4 0.3 0.4 0.3 0.4 0.2 0.4 0.3 0.2 0.3 0.4 0.3 0.3 0.2 0.4 0.3 0.3 0.3 0.4 0.3 0.3 0.4 0.4 0.2 0.3 0.3 0.4 0.3 0.4 0.4 0.4 0.3 0.3 0.2 0.2 0.2 0.4 0.3 0.4 0.3 0.3 0.4 0.3 0.2 0.3 0.2 0.2 0.3 0.2 0.4 0.2 0.4 0.3 0.3 0.4 0.4 0.3 0.3 0.4 0.2 0.2 0.3 0.3 0.4 0.3 0.3 0.4 0.2 0.3 0.3 0.2 0.4 0.3 0.3 0.4 0.3 0.3 0.3 0.3 0.3 0.3 0.3 0.3 0.3 0.2 0.4 0.3 0.3 0.2 0.2 0.4 0.4 0.2 0.3 0.2 0.3 0.3 0.2 0.3 0.3 0.3 0.3 0.3 0.3 0.4 0.4 0.3 0.3 0.3 0.2 0.3 0.4 0.3 0.4 0.2 0.2 0.2 0.3 0.3 0.3 0.3 0.3 0.3 0.4 0.2 0.2 0.3 0.3 0.3 0.3 0.3 0.3 0.4 0.2 0.2 0.3 0.2 0.4 0.3 0.2 0.4 0.4 0.3 0.2 0.4 0.3 0.3 0.2 0.3 0.3 0.4 0.3 0.3 0.4 0.2 0.4 0.4 0.2 0.3 0.4 0.2 0.4 0.4 0.3 0.4 0.3 0.3 0.3 0.4 0.2 0.3 0.4 0.2 0.3 0.4 0.3 0.4 0.3 0.3 0.2 0.4 0.2 0.2 0.3 0.4 0.3 0.3 0.2 0.3 0.2 0.3 0.2 0.4 0.4 0.3 0.3 0.2 0.4 0.4 0.2 0.2 0.3 0.3 0.2 0.4 0.2 0.4 0.4 0.2 0.4 0.3 0.2 0.2 0.4 0.3 0.2 0.4 0.3 0.4 0.3 0.3 0.2 0.2 0.3 0.3 0.2 0.4 0.4 0.2 0.4 0.3 0.3 0.3 0.4 0.3 0.4 0.4 0.2 0.4 0.2 0.2 0.3 0.4 0.4 0.2 0.3 0.3 0.2 0.3 0.4 0.3 0.3 0.4 0.3 0.3 0.2 0.3 0.2 0.2 0.4 0.4 0.2 0.4 0.2 0.3 0.3 0.4 0.3 0.3 0.3 0.4 0.3 0.4 0.3 0.3 0.3 0.2 0.4 0.2 0.4 0.2 0.3 0.4 0.2 0.4 0.2 0.3 0.4 0.3 0.3 0.4 0.3 0.2 0.3 0.3 0.3 0.3 0.3 0.3 0.2 0.4 0.3 0.2 0.3 0.3 0.3 0.3 0.3 0.4 0.3 0.3 0.3 0.3 0.4 0.3 0.3 0.2 0.4 0.2 0.3 0.4 0.4 0.2 0.4 0.3 0.3 0.4 0.3 0.3 0.2 0.3 0.4 0.4 0.2 0.3 0.3 0.2 0.4 0.3 0.2 0.3 0.2 0.3 0.3 0.4 0.3 0.3 0.3 0.4 0.2 0.3 0.3 0.2 0.3 0.3 0.3 0.3 0.3 0.3 0.3 0.3 0.2 0.3 0.2 0.3 0.2 0.2 0.2 0.3 0.3 0.4 0.2 0.2 0.3 0.4 0.4 0.3 0.3 0.3 0.3 0.3 0.3 0.3 0.2 0.2 0.3 0.4 0.4 0.3 0.2 0.4 0.3 0.2 0.2 0.2 0.3 0.3 0.3 0.4 0.2 0.4 0.2 0.3 0.4 0.3 0.4 0.3 0.3 0.4 0.2 0.4 0.4 0.2 0.3 0.3 0.2 0.3 0.3 0.2 0.3 0.4 0.2 0.3 0.3 0.2 0.3 0.3 0.3 0.3 0.3 0.3 0.3 0.2 0.4 0.3 0.3 0.2 0.3 0.3 0.3 0.2 0.2 0.4 0.3 0.4 0.2 0.3 0.3 0.4 0.3 0.2 0.3 0.3 0.3 0.3 0.3 0.3 0.2 0.2 0.3 0.3 0.3 0.2 0.3 0.2 0.3 0.4 0.3 0.2 0.3 0.2 0.2 0.2 0.3 0.2 0.2 0.4 0.3 0.2 0.4 0.2 0.3 0.2 0.3 0.3 0.3 0.2 0.3 0.3 0.2 0.3 0.4 0.4 0.4 0.3 0.4 0.3 0.3 0.2 0.4 0.3 0.3 0.3 0.3 0.3 0.4 0.2 0.3 0.3 0.3 0.3 0.2 0.2 0.3 0.3 0.3 0.4 0.4 0.4 0.2 0.3 0.3 0.3 0.3 0.2 0.2 0.3 0.2 0.2 0.3 0.3 0.2 0.2 0.3 0.2 0.4 0.3 0.3 0.2 0.3 0.2 0.4 0.2 0.4 0.2 0.4 0.3 0.3 0.4 0.2 0.2 0.3 0.3 0.4 0.3 0.3 0.3 0.3 0.4 0.3 0.3 0.4 0.3 0.3 0.2 0.2 0.2 0.2 0.3 0.3 0.3 0.4 0.3 0.2 0.3 0.4 0.4 0.3 0.3 0.3 0.3 0.2 0.3 0.3 0.3 0.2 0.2 0.2 0.2 0.3 0.2 0.4 0.4 0.3 0.3 0.3 0.2 0.3 0.3 0.3 0.3 0.3 0.2 0.4 0.3 0.3 0.4 0.4 0.3 0.2 0.3 0.2 0.3 0.4 0.4 0.3 0.2 0.2 0.3 0.2 0.4 0.3 0.2 0.4 0.2 0.3 0.2 0.2 0.2 0.3 0.3 0.4 0.4 0.3 0.3 0.3 0.3 0.3 0.2 0.3 0.3 0.2 0.3 0.4 0.2 0.3 0.3 0.4 0.2 0.4 0.2 0.3 0.2 0.3 0.4 0.2 0.2 0.2 0.3 0.3 0.4 0.3 0.4 0.3 0.3 0.4 0.3 0.3 0.2 0.3 0.3 0.2 0.4 0.4 0.3 0.4 0.4 0.2 0.2 0.4 0.2 0.3 0.3 0.3 0.2 0.3 0.3 0.3 0.4 0.4 0.4 0.3 0.2 0.3 0.2 0.4 0.4 0.2 0.3 0.3 0.4 0.3 0.4 0.2 0.3 0.2 0.3 0.3 0.3 0.2 0.3 0.4 0.3 0.3 0.3 0.4 0.4 0.3 0.3 0.3 0.3 0.4 0.4 0.3 0.3 0.3 0.4 0.2 0.4 0.2 0.3 0.3 0.3 0.3 0.4 0.2 0.3 0.3 0.4 0.3 0.4 0.3 0.3 0.4 0.2 0.3 0.2 0.3 0.3 0.2 0.2 0.4 0.3 0.4 0.2 0.3 0.3 0.2 0.4 0.3 0.4 0.2 0.2 0.4 0.3 0.3 0.4 0.2 0.2 0.4 0.4 0.3 0.2 0.2 0.4 0.3 0.2 0.3 0.3 0.3 0.4 0.3 0.3 0.3 0.3 0.4 0.4 0.4 0.4
39 166 95 91 157 133 118 51 19 75 155 103 74 150 31 135 180 34 177 57 144 145 23 31 151 130 139 72 50 63 24 177 77 57 178 149 67 4 107 113 64 88 168 79 69 109 173 62 167 160 81 31 120 111 18 119 63 29 84 112 73 132 32 76 120 165 20 12 13 45 41 152 56 165 98 92 99 112 76 11 15 65 31 88 162 40 117 71 134 122 143 83 157 119 81 129 11 167 72 151 121 135 27 160 146 88 90 40 72 41 179 53 173 124 139 159 62 116 161 151 174 124 125 24 171 46 17 50 12 37 29 39 58 100 28 12 41 145 30 159 157 76 67 30 114 82 75 39 32 83 119 132 140 53 77 119 30 43 101 118 164 96 75 49 21 131 71 17 155 167 28 95 128 173 28 71 46 160 28 43 118 96 173 162 14 39 97 39 42 81 23 46 170 39 74 48 22 80 148 9 87 107 113 34 34 70 140 180 113 154 97 14 32 121 149 36 37 2 122 133 14 108 178 19 88 32 80 174 57 155 46 52 147 59 62 30 167 7 170 24 26 122 107 169 14 68 90 113 29 67 115 39 31 164 143 119 75 166 16 94 3 108 33 88 165 159 142 126 66 67 29 180 171 7 159 110 100 42 95 176 19 143 47 55 22 67 49 48 113 156 7 103 135 9 98 133 115 109 86 63 102 176 36 8 133 28 99 141 139 43 123 180 167 64 23 134 7 37 12 91 139 38 166 109 51 123 155 13 137 24 37 142 86 57 102 25 97 85 13 124 102 84 41 56 176 149 22 52 165 74 157 38 43 29 94 100 87 138 30 66 72 21 141 47 153 119 156 98 48 45 170 155 63 38 139 36 107 122 166 87 135 36 100 143 64 28 90 41 157 104 164 23 178 161 162 114 113 57 95 47 153 133 59 127 93 136 33 67 63 168 66 78 89 175 178 42 114 172 22 13 100 30 91 176 8 147 126 34 111 124 67 42 140 118 162 175 9 158 9 140 83 173 126 93 28 38 91 163 47 104 1 73 38 96 137 150 86 115 120 34 142 161 52 46 66 118 108 65 180 81 160 96 93 50 88 11 93 160 109 78 17 126 45 104 69 171 33 137 53 74 88 64 59 129 131 160 92 146 56 137 4 116 72 32 74 79 162 57 167 137 174 92 84 45 69 67 4 151 31 79 26 51 86 122 25 59 77 139 99 147 76 157 127 24 48 48 155 158 177 91 75 51 60 70 107 131 108 27 178 152 177 25 148 23 91 86 36 48 115 132 141 125 5 26 48 62 172 95 141 95 87 148 110 143 169 121 102 25 17 119 55 169 144 38 82 107 122 2 152 90 14 116 123 55 158 128 72 110 66 132 49 103 75 72 121 33 113 175 120 1 166 85 67 154 83 41 178 2 163 147 45 9 133 20 119 23 8 122 20 66 7 72 164 168 74 154 37 152 9 58 36 23 11 93 112 91 126 21 171 84 123 119 177 36 81 71 74 1 134 146 79 92 31 168 40 11 7 107 148 165 127 125 87 159 5 65 108 100 34 96 31 33 170 76 5 168 141 40 18 122 123 129 137 99 172 167 170 21 178 149 135 39 92 161 54 19 31 156 125 9 135 113 169 19 147 63 84 50 12 178 8 178 50 175 80 113 115 85 14 10 151 73 22 165 66 173 173 27 3 121 110 144 65 15 131 156 177 59 146 83 174 104 30 91 178 82 76 143 17 41 1 142 61 164 95 163 66 158 97 138 48 15 167 180 36 130 98 178 175 25 113 97 130 115 30 11 38 129 152 81 80 105 163 84 8 40 34 176 34 32 161 122 76 164 81 34 142 113 74 93 41 91 148 18 160 142 125 100 7 163 128 163 178 168 18 104 6 69 180 43 129 141 153 84 4 52 2 75 155 85 157 19 180 101 115 107 70 62 125 128 40 23 46 52 36 46 37 15 9 70 37 165 130 57 175 49 86 64 157 120 41 75 16 166 168 145 99 35 54 16 69 92 22 174 60 163 51 179 158 115 148 69 37 77 155 76 22 39 155 45 35 28 118 180 8 100 174 144 80 66 174 50 124 159 44 26 128 44 45 25 32 142 104 119 70 29 34 16 111 113 31 68 9 28 43 2 152 86 36 85 68 44 52 134 137 137 79 153 72 21 46 121 67 112 116 51 156 39 149 60 160 34 162 97 12 157 28 166 142 39 121 162 30 131 17 163 167 166 90 161 94 142 148 161 113 74 30 11 62 112 137 92 63 93 69 122 97 40 94 59 155 152 3 145 120 101 176 77 92 66 164 7 91 155 43 115 76 68 174 98 119 55 92 124 148 17 38 69 85 160 50 77 96 60 119 14 173 44 69 145 15 153 24 68 163 143 138 30 10 163 165 94 82 127 32 140 109 52 121 53 69 67 56 155 17 41 16 141 127 11 24 164 151 98 75 40 66 108 3 60 7 10 102 25 88 78 103 31 145 178 115 72 17 91 174 3 97 28 53 26 127 25 106 178 100 109 58 38 76 107 58 70 122 67 39 45 121 18 99 127 118 55 42 152 69 138 168 173 33 164 45 83 83 57 77 60 37 102 156 83 124 16 137 52 172 108 84 174 112 38 88 12 1 148 29 103 63 83 61 101 88 61 27 99 10 61 53 138 161 4 22 23 177 1 39 26 103 43 108 61 102 62 170 6 74 129 169 158 31 54 66 64 64 30 172 122 38 72 24 36
115 149 180 17 62 76 42 106 61 140 40 107 165 56 140 21 100 157 160 117 128 29 150 24 114 98 15 129 49 86 127 68 120 31 118 136 8 24 64 16 156 177 52 62 136 8 94 48 36 165 16 87 73 176 166 73 177 41 51 5 172 180 52 22 163 59 170 84 98 134 66 106 23 88 143 38 133 49 77 8 33 54 100 163 137 52 20 85 55 6 67 145 76 131 14 94 90 121 134 10 20 21 57 1 137 128 75 28 8 60 124 77 26 157 22 166 2 42 58 128 142 108 9 21 100 69 116 25 110 57 66 130 164 137 115 167 128 119 6 60 158 47 24 29 152 97 45 47 142 61 26 43 44 14 28 59 115 136 20 74 147 89 87 93 75 46 172 107 96 21 45 20 56 30 16 107 132 138 55 149 26 162 44 6 116 30 95 29 72 180 59 147 166 80 39 138 29 166 129 70 157 106 121 84 129 154 130 90 127 169 22 43 20 175 45 108 15 73 40 31 66 170 70 179 170 117 28 117 55 51 96 30 65 147 84 34 7 102 40 74 108 16 100 142 123 168 133 46 76 76 75 111 141 25 84 175 1 65 145 76 10 12 97 48 96 110 146 68 65 111 59 133 64 79 163 52 59 55 165 127 161 60 102 26 104 105 100 174 72 114 106 136 88 135 110 73 92 164 39 177 167 170 99 122 103 8 18 53 38 117 157 93 127 137 15 166 98 19 176 119 98 59 69 66 173 79 141 109 66 175 152 113 2 133 61 156 171 83 17 173 45 13 73 114 89 111 123 137 35 117 80 147 16 95 118 154 93 39 10 166 125 115 53 180 90 79 37 1 29 150 51 165 145 66 58 56 79 103 25 154 86 22 53 32 142 163 94 133 52 109 3 158 36 58 43 54 39 180 78 141 151 126 96 121 26 138 157 71 143 122 176 58 116 174 169 59 119 57 101 139 154 65 165 106 71 158 59 63 147 158 32 105 12 132 112 168 67 99 44 135 136 151 82 157 122 156 109 175 125 27 119 19 89 35 125 81 95 76 171 14 45 51 178 81 49 145 12 84 130 18 2 8 179 94 147 61 117 30 96 37 145 159 3 143 115 4 4 79 78 77 149 43 178 157 89 129 127 129 160 3 117 36 20 128 116 74 58 122 77 86 14 5 68 105 163 109 12 148 170 161 68 47 51 123 130 180 159 155 131 73 58 11 27 129 105 176 173 22 176 129 162 91 38 140 51 163 14 84 5 76 115 18 82 2 83 24 92 89 143 28 105 163 9 68 55 159 134 92 67 56 51 135 130 15 91 117 152 69 85 116 71 117 136 162 106 19 97 151 34 163 36 72 67 122 121 100 70 92 80 31 49 3 174 143 16 97 98 5 27 30 20 156 150 121 77 54 160 1 109 77 52 30 21 113 3 112 119 97 79 156 7 87 97 59 88 132 53 155 96 96 124 136 40 95 99 94 37 126 94 71 159 51 148 151 19 63 7 101 114 114 15 19 126 139 180 152 166 167 69 99 41 65 158 48 31 162 58 156 87 21 27 95 13 121 109 125 55 56 64 37 105 54 29 9 83 72 126 1 107 107 39 60 82 66 145 13 141 174 84 58 17 55 167 80 4 107 119 90 54 47 55 127 96 92 68 65 110 75 157 27 82 35 113 171 154 16 80 34 129 168 4 39 177 105 102 163 162 43 161 93 157 13 88 150 180 180 1 58 161 168 11 171 39 30 12 20 90 155 123 97 134 134 56 82 58 75 125 57 16 3 100 150 66 152 130 109 1 69 92 141 101 119 130 131 2 28 44 44 157 166 87 163 170 100 160 115 81 177 149 57 8 77 23 89 121 44 92 54 48 70 76 133 117 36 95 136 167 35 62 178 168 138 89 62 130 115 72 120 28 63 147 142 146 163 119 77 5 17 20 12 110 76 124 163 34 58 149 180 152 142 166 5 58 63 51 63 153 133 103 76 160 149 126 42 51 49 93 36 87 52 145 28 94 148 59 13 3 160 56 37 139 115 99 137 133 25 145 151 82 115 168 31 108 2 136 179 142 81 66 48 136 8 123 97 144 144 52 174 137 58 42 63 57 23 134 83 39 109 173 144 76 22 44 108 113 93 157 171 55 82 44 134 83 74 61 83 161 173 77 129 95 53 98 120 120 85 112 124 163 93 134 17 111 52 85 106 37 26 13 15 73 151 67 80 72 68 151 109 115 18 23 75 87 180 42 106 76 143 148 168 120 73 129 139 67 117 152 25 90 161 61 148 47 150 100 30 123 36 98 147 60 46 7 177 118 51 65 106 120 172 160 137 98 85 108 24 43 39 20 19 176 70 128 123 54 143 30 62 134 92 21 19 75 154 161 161 122 123 100 14 40 156 40 11 111 54 38 113 9 91 96 132 179 95 117 149 104 3 9 109 160 66 41 88 167 94 78 43 90 142 157 104 88 81 138 167 55 121 137 19 165 145 158 84 102 100 109 24 116 43 51 21 69 84 43 50 151 180 159 58 21 134 19 93 112 40 40 38 105 86 21 45 41 88 151 161 19 111 34 5 5 160 146 174 58 82 180 162 118 62 73 179 95 81 29 57 80 118 179 40 17 5 179 44 107 46 13 2 89 9 124 156 31 62 177 25 108 97 38 76 171 22 48 140 26 33 63 138 83 4 107 45 63 151 38 138 171 177 163 15 81 65 91 48 48 139 116 6 146 138
86 81 44 139 91 75 34 158 109 145 79 179 97 112 109 149 34 102 179 157 132 155 19 36 106 98 134 162 14 109 53 100 138 38 103 137 12 143 22 75 21 72 137 111 102 85 115 144 114 2 150 82 39 38 4 103 104 167 54 115 36 8 61 90 112 105 25 15 34 99 22 172 22 77 44 15 28 28 118 174 141 172 163 27 92 122 161 16 78 150 160 147 154 2 174 98 159 60 16 106 77 167 140 5 24 76 70 67 148 141 71 137 44 120 159 36 4 86 43 73 14 177 130 72 153 24 174 175 115 176 140 50 3 133 166 72 88 73 156 28 59 58 161 110 6 112 5 58 155 103 23 165 143 55 172 123 143 19 126 115 45 73 46 44 49 76 125 26 135 4 72 135 147 114 53 116 151 179 5 115 50 120 53 171 162 104 21 75 103 130 161 156 47 147 36 36 120 63 116 1 90 101 99 155 136 175 36 162 67 170 22 145 129 1 176 58 41 18 134 81 42 102 131 60 62 11 40 54 130 75 157 65 103 61 149 15 151 48 23 62 157 20 106 99 135 146 32 34 22 98 52 128 45 174 32 94 75 157 103 159 176 159 26 179 16 163 40 28 9 148 77 157 29 103 156 52 166 32 146 23 20 149 27 117 157 32 134 40 131 58 101 39 34 127 94 89 67 43 172 109 103 143 120 136 153 90 120 88 79 2 69 87 170 170 95 174 24 155 159 9 36 172 60 104 53 93 163 57 166 92 138 56 85 23 6 82 19 98 10 161 19 95 83 152 144 35 35 162 3 146 105 145 109 65 167 159 58 172 41 136 141 156 159 43 20 103 162 111 168 95 56 31 9 73 83 59 115 30 34 5 118 41 81 5 135 111 102 131 100 150 23 41 143 53 159 39 57 155 102 130 138 48 8 136 52 7 23 47 84 2 104 6 152 143 43 95 134 12 67 86 117 61 61 175 179 18 70 25 156 114 49 50 12 80 109 40 96 155 80 87 171 154 24 92 51 155 160 61 147 56 166 76 118 44 90 53 114 134 55 139 27 88 157 136 116 33 149 1 110 171 87 91 157 5 159 42 176 11 96 56 20 63 118 51 52 158 154 66 55 24 139 147 70 169 39 28 175 12 36 47 160 111 143 176 97 60 116 172 156 83 108 20 22 75 154 158 117 177 21 39 43 180 94 15 56 42 162 88 150 126 136 148 33 153 160 3 159 86 160 80 86 132 126 30 25 134 109 56 167 61 103 60 123 136 136 87 32 66 116 144 6 39 113 63 48 147 113 19 56 31 117 47 178 113 63 86 66 70 150 93 142 44 160 28 161 23 78 109 152 146 100 121 172 21 121 71 63 125 165 24 128 12 131 86 137 65 49 34 60 173 11 173 127 147 114 126 157 128 153 15 115 157 13 46 143 128 85 144 5 115 158 40 37 155 7 112 40 169 9 1 66 134 77 30 109 171 63 80 32 156 3 47 35 118 57 9 106 173 107 177 114 66 45 130 34 131 160 147 146 172 132 157 47 90 35 143 90 34 126 3 179 162 64 135 27 112 89 121 74 74 141 62 17 65 17 51 39 176 120 103 124 64 137 101 76 101 70 141 4 138 128 27 179 39 178 44 118 83 151 131 178 92 3 170 84 122 37 20 173 159 41 50 92 135 136 32 172 103 177 168 95 99 125 135 92 108 2 109 101 49 8 158 83 30 92 142 90 4 122 75 129 177 85 72 162 40 9 45 106 45 132 157 96 175 151 133 91 41 25 28 144 159 170 93 106 71 132 94 88 40 84 82 172 166 60 160 1 155 100 2 178 29 69 40 53 177 120 76 60 37 52 44 11 40 180 145 175 122 134 25 12 146 56 163 53 68 34 133 129 176 152 85 88 37 29 53 89 11 130 13 64 122 153 168 117 13 101 76 119 54 35 152 30 137 159 1 6 70 51 93 97 155 112 121 71 46 83 28 32 33 151 78 97 134 18 68 84 57 131 178 69 120 53 142 56 59 164 95 112 48 20 76 122 20 99 137 169 46 44 71 132 134 85 64 17 68 93 164 32 109 140 126 27 58 142 111 176 74 65 74 67 133 129 93 125 163 133 153 15 118 150 151 19 52 65 113 93 39 8 78 10 36 42 7 121 10 116 143 176 171 160 59 35 160 171 58 42 126 150 142 77 65 44 160 154 117 59 72 134 130 21 84 174 52 95 44 133 45 136 158 75 168 16 13 139 131 28 3 96 167 70 45 168 23 173 156 61 45 72 171 155 78 13 143 45 174 126 7 86 111 79 79 138 157 155 166 78 21 102 12 65 67 42 44 121 137 118 22 134 28 100 129 58 160 37 37 96 32 151 135 15 170 155 18 173 79 18 128 148 15 121 122 176 69 53 150 150 108 65 87 41 170 67 130 33 128 3 59 13 176 165 170 125 65 98 3 46 19 82 29 23 165 91 17 128 8 13 146 94 112 19 1 47 82 132 26 126 56 50 122 9 93 171 125 83 142 7 10 53 125 145 163 114 103 78 117 49 159 78 163 99 88 46 151 164 91 108 77 127 129 114 160 60 55 179 175 41 95 155 33 60 25 122 76 121 83 5 136 125 79 34 2 63 43 57 111 13 21 178 91 75 89 97 130 70 72 121 165 56 67 7 23 161 25 15 108 154 34 109 3 23 96 78 143 93 102 73 43 127 11 99 12 142 29 13 50 66 164 173 36
153 39 9 60 128 51 41 89 57 155 73 21 141 112 76 65 136 70 8 101 96 67 167 131 64 74 130 107 151 126 173 83 67 3 25 27 23 12 25 130 36 22 29 49 136 79 63 43 165 87 135 18 169 177 125 119 74 160 86 176 95 31 47 37 23 113 22 108 180 132 45 26 163 53 33 12 32 58 38 98 40 58 152 59 111 25 180 115 27 78 152 14 150 160 110 149 178 129 173 24 115 58 70 36 17 161 131 41 135 142 58 72 20 143 90 96 74 20 167 80 102 43 77 64 91 18 156 162 12 56 172 172 3 118 2 161 78 146 119 18 42 121 76 140 152 134 133 22 179 110 33 115 84 41 148 161 97 163 44 160 76 144 42 133 35 79 158 34 111 159 10 156 105 45 63 58 108 115 35 178 134 160 112 153 89 4 22 28 46 29 131 158 84 28 161 138 43 144 101 165 17 171 175 24 56 143 173 36 118 136 52 8 61 90 62 105 29 16 49 51 83 176 126 41 151 62 64 165 95 68 118 160 81 74 151 127 67 180 12 38 18 113 129 88 48 126 3 141 102 153 89 33 83 17 98 53 114 166 1 59 6 91 151 85 94 52 9 97 174 90 100 107 27 109 90 141 175 106 43 177 92 106 106 68 33 67 51 90 31 40 115 33 114 176 83 148 127 11 70 111 161 178 96 120 46 40 128 129 95 165 127 138 6 121 17 138 69 66 71 158 98 137 3 35 126 34 101 65 133 106 103 82 19 154 148 106 46 4 131 124 82 96 84 109 111 120 17 100 155 111 92 71 38 155 37 168 98 73 176 149 95 90 133 140 88 173 180 49 10 157 29 89 108 24 147 66 5 143 40 11 27 47 81 118 32 39 133 112 74 18 56 104 160 68 137 124 44 52 32 56 111 90 10 141 173 75 49 158 160 13 84 99 160 121 154 113 70 104 104 134 115 133 144 85 131 1 30 113 148 90 61 73 12 155 123 130 124 176 87 138 167 154 17 88 24 167 104 145 102 117 55 126 12 149 175 94 47 163 56 96 16 76 32 22 168 99 51 110 176 4 99 108 77 113 97 135 145 72 47 172 117 177 156 99 170 58 87 65 97 171 180 147 88 53 141 103 115 9 23 42 60 32 163 14 1 99 58 84 162 167 68 140 12 33 30 143 29 90 71 35 15 157 110 29 114 81 110 66 27 156 16 33 155 43 87 167 136 117 105 72 145 84 149 117 23 174 170 59 142 24 26 122 59 12 60 88 143 136 66 64 53 61 94 65 4 56 66 124 5 51 108 6 135 127 140 113 51 169 161 97 164 124 59 6 8 111 54 177 73 25 51 68 57 134 81 131 103 156 153 179 174 55 140 122 75 128 23 17 17 92 91 109 92 179 172 134 76 61 9 95 46 72 128 39 110 155 77 6 174 111 78 171 21 104 114 156 122 90 39 114 109 119 52 50 62 170 82 94 49 91 97 171 179 29 62 138 65 83 177 101 5 114 98 22 109 106 53 121 91 95 52 128 103 16 81 74 106 18 71 92 14 61 117 141 4 94 10 117 47 99 100 44 149 136 24 149 157 14 125 176 140 71 7 140 110 118 127 17 138 166 113 125 74 16 92 35 98 122 64 49 121 50 49 42 108 12 51 75 40 22 1 136 114 124 45 38 110 124 8 52 61 138 147 63 128 61 165 86 121 103 107 34 22 116 103 20 44 114 97 76 29 105 133 44 89 84 23 91 144 152 97 80 59 164 43 26 42 32 115 52 93 35 128 180 175 60 109 161 69 48 165 100 163 44 51 38 87 170 75 39 148 166 155 32 56 6 140 179 17 93 74 74 12 116 8 59 141 159 75 13 163 143 82 57 137 62 24 148 168 42 83 34 79 60 72 36 103 84 49 78 131 6 57 50 32 140 10 3 92 13 42 56 138 66 37 124 84 139 139 74 19 147 25 98 68 22 165 155 55 130 11 14 23 26 177 78 148 14 89 68 176 94 109 128 88 9 136 47 14 75 46 82 111 27 43 129 4 36 131 8 153 44 30 156 134 133 3 132 142 127 131 137 120 18 8 59 22 27 37 169 178 91 115 178 57 170 164 152 153 2 80 142 19 108 30 84 75 162 39 133 166 70 172 143 15 145 167 175 42 68 123 79 87 109 119 10 124 148 32 159 69 14 166 60 179 4 167 97 144 144 81 42 69 163 53 145 31 127 136 110 92 64 139 170 57 16 61 1 50 155 42 93 14 37 15 161 170 3 71 48 76 114 115 157 46 33 110 78 82 102 107 116 177 105 133 66 45 85 75 21 173 109 96 171 82 17 70 58 151 115 25 45 12 66 74 53 2 115 103 25 19 39 174 81 24 138 48 136 125 91 105 6 162 89 7 49 146 70 80 83 82 35 61 104 178 18 41 136 55 53 7 179 41 151 32 153 170 84 147 31 69 116 103 161 170 142 19 80 42 171 84 82 83 128 79 87 49 151 48 95 83 127 14 144 17 62 1 115 82 73 8 9 136 109 173 1 65 99 172 71 22 41 96 26 159 42 12 29 25 14 146 153 139 112 40 125 31 119 130 164 126 63 113 126 48 160 76 127 177 50 5 155 147 176 75 64 154 147 108 69 1 20 151 171 49 91 141 109 173 61 161 141 75 82 92 163 112 2 52 38 65 48 42 178 10 36 144 180 21 57 34 77 133 39 171 73 117 169 15 114
40 72 174 8 113 36 10 49 49 73 131 18 38 107 60 34 112 103 20 55 148 70 59 141 41 121 134 143 31 27 150 62 12 175 171 21 164 139 30 103 50 82 101 141 6 52 38 51 34 24 3 26 77 89 154 49 169 144 179 20 79 70 84 131 15 142 60 147 74 48 95 110 32 8 111 122 88 88 69 164 87 153 17 125 38 164 169 164 164 33 66 110 34 140 93 120 50 21 149 154 167 10 84 72 172 129 162 164 31 53 53 165 92 76 150 114 31 75 9 12 73 107 90 60 150 130 32 89 38 162 112 104 112 127 100 83 16 134 23 17 80 175 179 22 21 34 175 155 90 51 27 139 110 148 30 55 25 90 46 12 154 106 131 149 46 56 53 122 119 27 90 87 117 68 127 10 143 63 126 69 134 147 67 45 144 179 128 144 14 179 88 165 78 38 144 122 153 161 103 4 74 148 161 62 141 53 13 165 129 108 57 57 100 165 19 117 83 72 141 163 76 149 134 53 5 47 125 76 84 173 60 103 119 13 75 118 47 140 51 85 8 25 49 65 50 179 68 146 173 129 96 40 156 83 66 177 145 62 88 50 40 50 46 176 168 35 95 159 104 149 16 75 135 123 158 88 24 172 166 80 17 14 114 100 28 180 45 135 36 45 50 3 142 18 180 95 35 57 19 82 109 143 6 150 159 111 132 162 34 165 40 81 152 66 23 4 131 97 56 9 105 42 60 54 91 55 134 11 141 178 64 152 51 77 175 81 117 86 1 75 82 145 105 32 92 70 152 111 85 78 9 49 75 62 89 40 41 167 141 96 139 57 105 111 146 134 134 78 31 50 122 178 74 80 136 66 31 157 141 98 105 118 113 120 54 137 24 147 24 115 153 93 34 105 46 103 26 167 114 16 149 35 127 151 158 49 110 79 82 11 1 171 127 57 174 168 33 39 121 91 124 72 73 38 178 27 78 114 66 4 157 71 158 27 176 91 146 67 107 142 51 104 155 63 100 99 27 171 42 17 130 113 35 76 47 140 127 78 105 159 10 6 26 95 30 4 5 155 83 127 57 117 11 126 105 132 98 157 114 125 34 52 84 48 57 24 163 14 66 25 155 70 82 112 7 112 110 104 121 36 178 7 153 16 89 35 100 2 108 172 25 157 62 42 46 170 45 115 66 134 116 136 172 87 70 37 5 63 62 28 142 100 32 16 88 148 127 88 58 28 50 122 44 180 15 111 40 176 121 29 87 54 127 101 17 41 173 87 26 114 98 100 93 99 10 45 11 142 45 7 68 87 137 99 56 29 46 160 100 152 133 177 85 43 28 171 94 178 67 170 102 25 64 34 61 139 83 133 67 146 7 139 123 142 4 20 102 115 135 92 1 148 127 12 99 131 73 147 2 2 6 28 168 101 141 17 94 50 87 56 168 45 139 32 64 28 84 161 30 74 94 127 109 93 30 123 125 83 34 137 82 120 90 171 91 52 11 108 80 169 35 33 149 127 47 84 87 100 38 22 52 4 94 101 53 154 60 22 99 50 14 109 70 151 168 8 162 138 88 119 11 66 20 118 95 113 123 112 175 106 155 33 15 18 71 50 121 50 171 44 21 71 117 138 115 146 141 14 79 16 137 35 170 53 65 137 144 168 110 110 168 167 139 95 17 105 164 39 176 175 82 177 15 106 15 41 32 55 122 92 125 118 109 47 32 52 126 17 111 160 90 175 17 85 134 133 22 90 76 58 31 141 112 5 50 19 69 105 171 71 82 53 103 5 168 113 81 65 64 19 168 98 125 130 76 89 24 67 139 146 98 145 169 64 123 180 60 56 58 136 75 21 164 41 59 60 131 63 64 74 141 150 100 58 79 143 172 22 70 77 57 48 176 79 33 172 116 126 8 23 54 40 121 176 123 93 132 147 6 79 50 50 15 52 58 110 21 167 157 105 24 56 156 7 87 129 136 10 1 83 51 116 162 49 91 61 86 5 139 136 145 116 90 89 31 142 81 68 131 134 18 58 133 49 25 129 84 15 146 91 51 129 113 20 67 110 133 162 46 128 93 156 11 167 64 160 61 32 145 94 7 62 63 85 97 59 58 91 120 80 32 177 101 11 28 32 92 30 27 32 124 26 123 146 141 127 58 138 139 27 171 161 52 101 38 125 122 100 162 3 108 146 75 61 153 35 73 79 43 139 65 79 9 175 160 134 29 86 174 178 63 115 7 91 114 169 39 49 124 65 162 64 74 47 115 113 154 7 13 53 136 157 25 44 165 108 125 137 68 126 59 41 52 70 39 37 95 59 57 122 58 17 58 121 23 35 22 16 90 157 147 47 60 79 90 115 174 85 53 125 89 124 56 133 70 163 67 77 175 146 62 174 22 27 96 112 49 40 12 73 143 69 10 21 110 59 110 165 159 24 144 95 71 104 12 87 20 33 2 6 35 42 32 42 110 2 47 105 36 55 129 122 43 150 157 138 19 49 152 128 94 140 135 123 27 180 28 50 37 106 120 36 170 150 153 78 44 66 40 29 26 4 34 138 152 104 101 62 132 31 164 46 27 179 161 118 146 13 1 39 132 43 47 34 14 154 84 171 99 123 75 39 29 180 108 76 75 17 6 71 108 97 86 144 12 120 91 77 89 2 137 85 48 54 43 172 115 138 102 177 4 89 56 48 46 154 9 111 62 121 92 8 60 39 144 47 129 110 46 61
143 37 69 106 69 53 180 100 3 145 145 161 99 96 144 92 177 44 98 82 4 162 173 74 98 120 4 24 2 135 63 148 52 24 4 125 26 21 158 148 39 107 152 85 171 132 28 80 90 6 175 73 60 166 101 29 121 159 121 108 88 12 152 31 70 104 82 126 7 176 60 170 144 48 33 71 35 52 32 30 60 111 77 124 69 139 158 105 22 49 40 104 60 3 81 131 98 179 174 19 59 144 110 72 59 176 122 50 9 110 124 119 18 136 67 169 140 75 43 143 122 48 142 169 79 151 161 56 161 172 41 128 116 39 47 96 82 129 130 1 52 124 116 18 70 51 51 174 107 75 162 111 154 49 123 89 144 36 54 10 171 85 169 93 66 149 120 34 137 131 7 119 8 168 56 97 49 161 65 34 80 68 169 141 143 96 101 13 115 59 58 134 52 17 124 148 160 28 43 103 73 141 34 97 147 91 115 111 148 94 76 77 180 120 53 63 142 47 55 134 73 74 54 4 146 51 16 138 118 78 173 120 7 146 117 12 109 154 85 75 150 116 101 120 149 170 161 20 124 146 37 68 37 87 41 122 60 21 60 49 171 156 150 122 149 109 152 38 149 7 171 49 89 41 123 108 61 148 89 50 9 153 1 165 40 151 46 9 107 108 44 125 41 34 65 169 53 23 175 92 157 58 139 97 32 123 101 47 71 133 61 165 169 66 141 90 155 66 22 45 115 19 150 98 153 89 21 114 119 158 23 10 160 77 18 159 53 112 113 52 129 127 118 177 78 16 45 24 57 179 6 30 37 121 16 28 39 174 48 49 143 177 75 16 7 9 82 101 9 88 161 9 176 55 114 148 6 176 170 57 19 82 103 158 120 120 109 110 30 46 101 83 111 29 143 139 85 108 99 11 94 174 54 48 37 87 103 10 153 147 48 167 78 180 41 15 156 38 162 75 140 50 140 33 163 63 153 140 166 123 107 161 165 95 11 14 119 169 83 127 157 171 96 141 49 63 131 118 163 41 12 44 125 124 162 43 66 170 9 115 155 45 133 48 135 63 142 157 179 31 134 17 50 174 175 12 45 85 62 162 115 45 140 47 53 148 119 178 38 127 20 11 141 150 174 165 133 147 35 39 131 162 144 124 77 134 127 134 64 49 94 107 143 68 107 44 57 136 176 6 65 81 112 164 34 17 140 171 31 134 160 114 174 172 101 38 121 108 31 80 59 169 77 51 151 63 151 173 14 79 49 70 55 94 17 159 81 129 137 72 49 59 100 130 78 173 27 143 133 8 96 171 78 25 133 123 133 13 91 48 76 160 71 2 142 110 69 171 7 20 68 42 112 65 56 98 140 49 14 40 83 158 153 85 81 154 35 2 3 165 50 175 46 123 83 12 129 33 157 144 111 55 70 150 2 89 59 24 102 51 126 12 89 160 110 30 32 135 27 108 33 158 45 96 122 44 150 45 27 103 26 13 79 47 43 47 170 95 171 50 62 124 96 81 18 137 178 18 81 54 141 157 158 127 154 141 81 14 90 83 70 47 175 172 64 38 37 28 137 118 69 107 43 42 131 106 65 163 163 140 97 118 14 117 174 169 150 175 178 45 169 175 9 108 160 117 151 73 179 180 81 61 106 67 167 34 163 126 1 166 70 150 8 105 169 61 101 111 41 152 134 165 143 40 28 18 76 79 58 92 113 111 134 132 67 161 57 169 45 46 47 169 15 79 120 16 117 92 33 91 17 18 16 148 151 55 89 45 99 57 169 145 1 177 39 66 19 117 170 111 154 3 61 111 145 82 11 92 76 23 59 93 32 158 158 97 91 23 107 1 82 62 99 104 86 67 169 128 30 86 62 104 18 49 146 120 176 103 117 58 154 3 13 173 160 166 53 132 123 3 59 104 154 44 175 91 158 14 86 124 77 170 109 9 30 7 79 153 164 176 47 4 71 132 17 49 56 32 46 28 103 28 96 72 106 179 163 2 17 8 62 99 170 44 150 166 52 119 165 176 136 130 1 111 29 46 3 130 54 65 116 117 88 68 92 56 65 103 86 95 93 43 179 15 122 138 136 2 113 80 50 4 119 83 175 96 153 65 94 117 8 27 172 171 125 11 175 97 71 176 153 120 45 94 62 169 44 126 59 114 29 99 17 79 107 31 33 58 150 143 92 31 107 177 169 154 124 81 127 55 115 48 137 139 13 98 104 108 121 41 85 76 64 79 164 2 128 137 47 34 15 3 169 33 41 154 61 101 88 128 86 156 16 113 136 59 46 97 99 24 48 8 150 160 85 176 72 97 80 10 153 57 114 158 28 74 118 115 49 101 51 178 126 9 132 41 149 131 174 107 111 87 78 178 120 3 43 93 101 42 34 66 149 14 1 8 111 166 172 124 144 175 21 69 64 118 37 110 16 141 6 152 13 157 43 18 157 45 60 77 28 20 169 95 25 64 66 143 95 92 164 7 132 102 104 110 80 137 15 9 150 6 61 142 92 177 107 149 40 91 58 58 139 7 140 142 34 146 127 166 14 57 59 149 99 122 10 130 33 118 83 108 89 54 89 8 163 112 128 70 144 166 83 162 23 50 129 43 23 117 43 168 167 87 12 14 105 76 20 84 9 39 131 31 94 139 84 160 54 167 121 55 175 75 121 98 179 94 138 80 160 128 34 131 95 52 135 127 34 31 59 80 55 74 52 129 7 83 126 22
114 86 28 91 86 71 84 131 149 76 69 147 46 55 133 86 5 43 169 153 104 151 84 81 59 5 180 176 25 175 148 7 58 164 93 85 37 44 52 57 62 37 77 44 1 119 147 78 92 94 13 50 17 171 27 75 23 110 55 165 75 153 174 62 69 70 128 97 113 102 148 50 70 171 132 91 66 120 6 147 140 157 16 45 132 93 66 171 32 132 63 86 19 112 70 82 95 45 56 52 10 155 114 57 25 12 55 117 84 5 26 56 35 178 81 80 125 28 49 156 133 7 70 61 71 136 65 129 119 72 96 41 76 155 19 90 113 89 163 113 128 108 76 180 30 52 88 159 37 118 29 25 6 109 107 49 62 88 4 37 56 75 24 166 33 28 40 26 103 155 136 48 115 89 90 173 66 9 58 52 147 62 42 92 101 89 162 9 61 19 58 45 58 5 44 143 147 57 112 118 74 73 66 5 48 44 127 70 21 134 64 30 4 38 110 101 173 63 121 4 167 105 84 144 172 16 170 15 10 135 38 24 114 58 14 109 45 3 31 19 19 66 85 62 115 90 176 91 64 89 102 145 97 138 4 111 55 145 147 19 59 53 37 169 41 113 166 130 160 49 14 132 50 24 11 43 133 168 162 56 157 98 41 154 28 170 108 60 36 10 28 141 180 13 102 25 9 150 86 59 104 103 150 168 112 22 158 98 37 108 105 38 8 163 5 39 138 17 147 33 110 169 103 128 172 126 154 21 141 78 125 105 85 83 138 171 111 147 105 63 96 103 159 87 98 120 178 123 144 36 78 43 18 178 5 70 90 16 19 48 87 178 15 154 165 129 41 51 173 60 40 80 107 74 126 139 167 107 60 129 148 69 170 107 72 55 35 84 71 127 110 88 49 97 162 136 109 164 19 123 32 63 3 166 83 22 30 177 25 107 71 92 22 67 38 111 6 174 163 178 87 70 149 161 145 38 32 78 54 28 107 161 98 79 86 48 25 32 142 73 12 175 36 67 46 53 113 20 143 66 52 159 174 29 159 8 179 12 156 93 115 166 25 39 175 67 6 175 148 67 61 94 127 82 88 76 136 48 152 79 145 53 152 179 44 31 82 77 149 11 22 156 130 3 109 65 65 39 78 1 50 69 143 98 1 66 110 106 94 72 91 5 18 177 66 55 27 169 176 119 139 174 60 127 138 52 19 132 32 85 112 164 14 105 87 18 17 111 67 64 178 17 36 150 30 102 133 147 166 85 161 148 163 96 148 148 135 4 130 174 100 43 122 169 139 70 76 135 38 125 21 144 173 175 167 137 99 2 109 149 161 68 158 70 146 9 18 94 131 31 40 69 3 20 51 12 150 161 173 16 148 97 22 124 84 20 102 84 156 91 111 151 113 178 131 176 14 68 104 62 115 8 12 54 158 108 116 60 116 96 70 95 90 20 88 135 5 22 110 80 88 44 102 21 133 111 48 140 45 156 25 86 36 101 28 95 109 103 108 65 49 66 144 32 175 108 42 50 47 16 3 180 168 119 23 114 130 98 95 129 166 121 52 53 83 116 121 104 163 138 52 148 75 115 140 77 89 94 157 116 92 147 15 147 159 13 135 87 144 99 142 119 92 60 134 42 133 177 123 47 128 4 128 136 169 41 2 16 87 11 103 76 162 95 120 173 110 159 83 136 44 20 91 159 178 151 145 113 173 36 114 138 30 58 11 13 106 157 91 44 169 15 176 159 103 63 132 66 145 38 149 1 94 49 118 175 148 45 4 120 18 144 136 1 108 64 12 145 92 30 170 52 148 114 71 153 81 146 92 13 94 97 1 5 25 94 141 78 114 173 20 74 78 84 125 121 57 28 102 62 179 50 67 161 23 123 124 16 144 106 131 141 139 162 163 105 156 49 102 161 12 170 77 22 44 54 113 128 175 57 136 127 60 83 162 26 39 30 105 5 142 23 89 75 36 12 123 167 83 51 11 117 147 149 145 5 76 91 154 47 163 71 90 11 109 6 122 161 55 96 29 102 160 98 129 6 8 140 180 152 88 166 4 110 5 65 110 138 64 50 175 36 66 106 150 107 134 7 140 144 7 134 72 76 153 54 72 30 118 30 175 162 33 9 91 135 167 1 165 67 53 103 170 97 128 124 136 99 93 104 34 106 156 44 169 179 148 21 63 22 62 98 108 154 5 114 172 147 76 121 171 99 177 61 146 68 60 64 110 5 174 61 70 20 38 122 11 74 1 166 19 37 122 161 103 54 47 139 61 179 122 116 88 60 8 101 25 89 67 3 68 179 125 93 16 141 62 20 29 63 57 158 21 44 97 132 71 144 107 158 132 25 111 50 66 58 173 130 62 140 3 32 58 112 178 55 50 70 147 111 4 152 24 121 73 174 166 54 156 84 132 77 7 91 126 49 90 168 58 136 50 161 122 157 81 30 104 28 95 150 86 1 148 75 65 45 118 61 153 118 24 4 139 37 176 6 93 87 57 165 33 85 91 7 127 17 151 69 94 147 166 171 30 96 138 178 78 131 146 98 64 38 31 19 11 130 73 74 31 31 155 129 99 169 12 63 90 162 10 110 80 87 91 14 165 77 14 90 30 26 176 135 36 143 16 88 13 123 10 121 57 73 36 175 174 9 53 125 122 166 157 37 111 110 165 23 12 99 25 109 21 66 6 153 149 137 78 14 77 51 45 118 70 59 114 168 31 144 62 120
133 1 168 160 7 164 20 91 177 52 56 180 177 30 21 17 10 152 105 172 100 98 39 5 15 58 36 111 104 164 124 91 29 71 41 42 159 22 136 111 61 53 52 2 162 39 89 159 85 165 123 28 8 178 110 136 153 163 117 19 152 176 113 114 57 110 131 91 165 33 66 132 148 21 52 147 64 138 119 129 89 2 141 179 110 176 122 83 169 68 128 61 171 175 132 80 95 14 175 24 74 136 2 125 89 106 79 76 49 17 140 75 141 132 107 117 34 19 162 49 157 94 79 31 40 174 77 55 150 176 138 16 13 9 33 131 10 79 158 180 158 134 69 23 61 104 52 159 143 158 28 159 161 87 147 120 50 136 174 26 117 156 161 130 147 31 143 138 171 94 42 163 92 177 178 128 10 102 44 84 179 40 48 124 11 150 59 18 79 65 112 134 141 56 159 81 78 161 67 52 37 142 55 97 178 84 23 118 35 13 38 122 121 40 31 137 118 137 92 116 44 78 11 75 124 6 80 99 170 108 85 115 16 66 170 115 65 97 164 118 12 46 180 56 67 115 96 138 145 75 36 69 120 63 153 55 51 12 110 71 119 52 146 170 65 37 156 92 49 87 34 78 53 128 151 76 125 109 171 21 6 22 48 151 103 98 139 146 97 94 56 166 65 170 103 156 140 98 53 10 65 91 140 88 82 45 4 165 97 31 30 101 80 3 141 12 112 176 172 22 161 135 121 46 86 131 85 171 75 73 121 37 117 96 131 30 128 108 41 118 174 124 32 24 35 16 65 51 118 45 163 61 162 12 75 66 148 57 63 120 5 162 142 44 94 93 32 78 93 20 98 143 29 58 145 32 84 137 89 162 81 66 27 144 111 151 89 25 91 85 76 111 171 92 44 54 90 58 30 119 110 138 61 148 87 7 63 144 73 57 156 58 114 13 118 70 172 146 135 72 94 26 71 66 130 92 33 81 107 44 162 107 79 103 112 17 82 35 177 121 157 81 150 20 112 6 15 96 94 9 95 98 58 41 93 50 171 129 4 124 32 123 6 176 174 172 102 91 72 167 125 158 155 73 176 17 46 32 14 87 149 71 93 4 56 103 168 25 141 165 172 127 58 177 35 111 53 74 153 102 156 38 123 143 49 79 133 21 17 104 12 63 120 121 175 61 88 156 19 151 59 40 38 4 152 48 49 179 141 106 135 13 172 54 100 88 132 159 39 96 89 38 47 148 59 64 66 79 122 126 113 115 47 71 86 164 78 144 176 176 125 125 52 74 110 57 112 123 68 117 54 144 89 17 169 179 173 153 72 93 83 79 139 165 16 168 86 50 132 164 26 148 103 141 60 125 171 25 56 178 28 180 148 38 28 23 162 63 25 79 19 4 144 47 31 10 106 144 126 31 10 128 151 135 152 27 115 149 64 93 144 41 169 125 48 91 98 103 132 86 180 100 48 45 125 81 54 25 102 118 87 62 139 175 84 146 6 68 103 154 36 93 168 102 167 100 81 160 128 87 121 2 176 116 1 7 77 179 96 162 8 122 180 38 22 38 119 14 147 96 17 124 91 98 46 136 52 119 30 3 9 91 127 33 19 169 54 14 62 57 120 108 143 85 112 103 68 52 161 3 148 158 153 131 53 127 133 168 134 132 45 38 119 4 34 102 80 79 103 11 177 41 104 77 128 72 164 26 13 172 145 5 60 39 57 13 167 5 66 157 130 104 111 87 108 150 53 171 148 18 10 148 62 171 158 64 50 109 107 47 60 11 171 166 51 55 135 78 25 26 100 164 65 166 55 12 109 24 40 47 49 142 148 126 113 38 128 119 56 79 65 35 112 148 43 9 46 34 159 19 40 161 56 85 172 147 70 73 95 11 145 77 78 99 11 21 172 68 133 23 30 161 147 148 52 49 80 175 6 172 63 37 176 52 106 77 159 135 163 27 55 49 12 23 155 80 93 158 22 116 70 178 21 11 23 157 62 169 103 47 126 114 123 133 12 83 79 112 79 150 174 28 59 97 149 123 93 149 16 36 120 100 47 54 115 170 165 97 130 159 66 27 153 176 64 139 133 9 144 57 22 71 85 71 154 52 40 86 108 47 164 80 56 14 159 8 95 94 62 101 46 34 145 36 35 79 97 75 58 36 40 121 1 147 68 141 125 9 140 138 13 47 13 147 51 138 154 14 112 6 54 34 44 70 40 135 118 94 113 104 35 113 67 71 58 44 89 138 39 55 142 94 91 41 143 109 125 167 19 156 158 159 10 39 105 27 104 83 92 107 15 34 47 109 101 64 157 68 83 91 149 80 33 150 45 64 167 123 31 25 26 34 84 99 71 39 8 50 146 176 124 60 154 36 119 82 28 104 30 41 171 93 118 14 164 55 93 49 71 95 101 60 18 47 173 87 152 163 109 44 163 48 83 121 15 36 105 168 34 107 171 134 97 170 115 97 1 88 99 141 166 112 60 175 47 21 101 21 162 51 172 8 81 77 100 133 58 45 4 45 148 107 88 97 110 6 175 68 2 110 64 41 43 106 172 90 56 100 22 33 11 164 102 131 148 82 73 172 146 54 55 162 123 21 168 101 19 70 54 177 4 172 2 161 27 152 13 171 170 112 127 92 80 97 177 89 91 99 143 6 89 42 3 171 156 167 95 115 60 114 54 164 10 180 71 48 24 85 91 127 89 163 177 98 68 2 67 4 180 139
161 65 17 10 178 46 76 133 82 130 4 149 49 89 172 103 173 130 131 54 146 31 136 106 101 86 101 39 18 30 35 89 64 42 121 127 70 105 112 134 162 100 19 81 71 141 86 23 93 92 119 30 22 77 29 104 155 172 179 71 54 160 37 159 66 176 26 67 161 131 46 46 97 169 112 180 166 165 155 25 139 125 120 177 17 38 1 159 61 132 114 68 4 153 10 179 95 178 30 63 150 106 110 177 101 106 100 27 48 120 1 76 57 110 178 164 146 167 77 75 10 146 30 101 179 63 41 11 88 1 80 32 165 71 123 120 5 107 4 52 89 140 146 58 154 29 26 88 109 141 106 12 93 69 161 28 139 15 59 108 72 161 57 27 120 5 96 20 27 6 144 30 73 1 36 47 10 24 173 26 23 146 3 161 17 25 91 11 72 45 76 18 7 27 15 171 178 166 151 45 65 87 132 74 155 79 174 27 95 173 45 97 61 107 124 55 68 86 16 1 155 14 98 30 18 33 93 142 134 34 40 115 46 54 44 128 141 17 24 40 145 107 170 76 90 145 50 122 109 25 135 70 60 43 127 64 16 150 95 11 99 51 84 95 26 13 39 84 126 172 17 83 136 78 22 117 47 101 154 98 55 157 153 120 42 115 1 133 83 114 146 134 156 61 42 73 115 63 108 70 49 45 169 147 154 64 91 23 105 153 92 134 116 150 101 19 78 24 167 17 74 64 2 63 97 118 47 97 6 147 4 180 145 2 156 52 86 72 14 2 63 59 72 168 170 48 139 166 76 105 53 84 23 31 45 27 55 80 136 17 93 13 79 5 36 175 20 139 32 44 82 66 144 5 81 124 102 40 106 18 50 67 78 46 76 9 165 138 125 22 139 91 76 37 137 103 128 161 47 81 80 36 48 155 53 9 44 99 91 175 103 38 148 148 28 165 170 133 2 165 166 174 140 14 97 57 26 82 87 28 138 70 138 135 24 15 9 136 55 108 33 170 123 33 162 121 115 169 166 125 43 38 150 175 109 82 143 127 46 159 149 9 125 127 66 178 123 3 116 164 26 118 129 113 28 85 75 132 65 44 2 57 114 112 25 101 127 49 144 121 42 78 35 157 166 32 167 4 39 134 14 66 133 35 157 86 177 5 19 115 74 161 113 59 97 152 81 55 8 82 36 105 23 176 115 125 146 19 18 78 49 151 83 3 125 4 44 147 70 60 165 160 4 36 88 106 3 66 101 101 105 178 94 55 65 65 50 113 84 20 179 170 35 171 159 110 59 18 83 62 94 25 161 62 41 169 73 151 98 164 105 127 59 81 50 77 119 62 177 11 127 143 67 82 104 98 82 88 66 62 143 109 79 131 148 2 115 41 111 59 91 162 98 179 110 174 157 11 102 156 176 56 104 89 73 113 102 79 110 45 52 19 98 131 58 41 3 126 106 97 160 161 180 120 53 145 120 12 136 144 91 163 5 81 146 44 65 140 25 5 95 32 91 5 105 147 151 180 30 80 44 124 9 30 45 82 15 1 152 125 21 152 75 33 26 4 119 104 6 45 1 151 30 29 14 111 120 102 57 171 100 78 180 126 36 50 102 78 51 41 46 178 19 48 96 116 170 156 165 70 62 101 110 110 178 64 150 176 12 94 149 8 32 58 103 95 9 174 14 1 111 149 174 52 12 24 162 45 60 131 23 68 23 47 84 10 85 145 146 68 117 80 71 79 72 17 166 60 85 126 8 112 128 21 90 88 112 91 82 42 105 65 24 147 170 133 171 59 119 113 98 117 109 155 16 163 3 174 38 172 35 169 134 120 114 27 174 88 61 167 33 48 153 39 113 90 153 131 157 105 116 123 76 39 21 5 143 1 85 4 160 112 60 99 46 143 167 125 54 89 87 156 114 175 30 99 58 133 22 80 81 34 81 61 153 26 98 14 149 2 95 98 25 34 97 109 134 51 114 131 89 11 79 41 105 59 106 146 176 82 82 73 81 1 39 127 45 109 119 117 54 139 43 1 75 166 47 128 26 56 161 49 95 87 24 12 71 56 71 101 120 124 111 5 170 32 3 87 158 103 37 142 102 123 109 173 112 150 93 176 21 91 26 158 120 40 49 104 27 56 142 154 166 73 99 44 49 127 160 141 51 27 64 6 12 165 41 153 61 51 58 148 61 26 3 101 48 70 143 22 49 115 121 138 146 132 2 34 18 133 168 153 45 44 180 9 45 12 172 120 74 92 172 83 26 58 54 159 96 175 151 133 6 41 75 153 71 108 93 115 67 127 21 15 65 27 41 140 118 49 63 99 138 53 30 48 41 134 84 57 152 33 147 115 94 118 34 136 26 98 167 12 67 154 50 179 32 25 118 37 174 165 52 91 76 165 33 51 176 95 91 148 27 63 39 165 79 149 30 70 101 21 61 5 10 173 169 39 104 98 69 46 117 22 29 101 152 124 114 107 80 95 60 30 103 85 123 131 59 6 2 96 42 56 151 89 84 102 120 172 123 5 14 60 100 98 103 49 54 10 24 113 144 135 5 154 127 6 8 120 138 41 71 179 50 75 151 36 41 63 85 4 43 177 77 84 74 148 154 146 36 95 180 167 110 171 49 108 102 79 170 25 156 21 89 47 25 43 7 81 105 26 163 105 128 41 69 137 95 107 33 9 171 150 9 19 15 134 145 95 165 12 99 45 119 110 170 59 7 8
41 110 43 140 72 86 40 131 160 106 107 43 106 30 10 119 170 43 4 178 149 131 17 56 27 37 102 70 34 71 112 149 38 156 63 137 116 132 50 100 139 18 154 79 167 1 180 175 147 91 120 142 105 83 106 99 109 79 23 169 16 140 150 47 104 93 95 63 68 179 180 48 39 89 18 145 17 134 128 4 14 152 127 93 160 106 92 107 174 30 54 83 86 125 52 122 169 120 96 88 170 88 43 5 161 40 34 122 110 17 30 13 97 30 66 7 167 113 152 139 49 11 106 131 81 57 130 102 139 88 156 116 148 88 129 141 51 131 114 117 108 37 132 80 179 108 87 68 48 65 29 98 65 139 34 56 123 81 97 6 172 60 78 142 136 140 2 158 113 110 2 72 80 15 10 165 139 70 163 15 69 86 36 43 2 21 18 2 163 131 61 29 47 157 169 155 94 19 20 151 98 97 124 12 7 49 167 20 107 43 110 78 135 62 122 173 77 158 157 16 120 138 51 84 72 103 130 174 84 32 180 69 29 14 100 117 28 67 121 150 122 164 158 142 10 53 85 30 35 9 75 63 61 45 94 161 166 28 149 139 7 113 86 121 147 84 41 162 103 34 153 90 51 29 163 173 45 2 68 50 45 162 141 26 100 136 28 27 148 96 9 4 108 150 151 112 111 177 148 139 148 9 67 169 92 171 96 168 6 78 126 12 138 42 117 148 101 168 28 135 180 148 56 61 19 9 88 144 173 130 149 28 12 112 96 44 147 179 53 171 77 147 168 23 126 41 112 157 33 83 56 12 97 161 73 12 173 135 80 63 36 54 176 24 51 6 109 56 97 148 57 40 74 135 105 173 173 9 24 150 101 97 17 13 128 135 30 4 96 74 60 159 27 3 1 22 49 134 56 55 116 42 99 92 137 178 66 159 171 154 157 75 75 91 30 30 47 154 79 124 35 78 103 174 35 75 176 136 122 132 49 101 85 31 67 113 119 61 14 32 166 130 131 158 24 28 97 118 133 47 106 177 12 8 26 59 41 97 167 158 119 73 48 158 9 71 95 98 129 137 82 145 78 63 174 170 173 150 34 84 13 118 20 97 165 177 171 48 91 101 127 106 64 58 104 32 80 54 59 110 8 163 31 46 105 94 177 27 98 45 179 58 68 106 26 107 23 92 69 67 40 4 121 42 14 110 111 172 86 131 88 13 26 54 121 8 76 141 139 30 12 137 79 50 72 132 80 41 11 21 178 132 126 124 69 2 162 76 23 65 177 115 97 120 3 21 42 102 126 50 76 30 131 121 159 37 13 16 50 6 89 155 45 149 22 112 138 32 89 61 56 167 35 176 169 6 174 144 172 126 64 144 138 2 97 73 130 11 149 179 93 107 107 143 30 102 41 177 58 20 161 149 89 155 115 123 44 40 94 65 118 139 142 177 139 45 6 144 32 141 160 97 50 120 22 61 38 104 62 51 71 22 68 168 75 38 169 19 173 3 63 22 151 160 58 93 5 153 99 178 143 19 114 3 61 89 150 6 3 171 45 179 81 120 48 163 125 73 65 53 39 70 79 49 48 121 102 177 99 168 76 102 166 172 134 77 122 170 1 50 132 179 144 30 50 126 36 166 64 109 170 166 90 93 25 26 88 100 19 82 168 132 130 74 12 126 17 173 85 43 165 11 148 155 140 93 102 87 108 18 61 24 169 2 97 117 133 80 165 44 91 94 65 132 75 149 117 72 107 180 82 88 22 156 13 29 114 97 99 123 93 66 32 119 96 112 60 13 107 117 34 33 70 117 155 173 85 82 146 83 50 66 131 2 142 50 143 25 74 95 155 159 30 16 156 114 146 53 175 52 18 74 33 38 30 39 115 136 97 137 26 82 26 150 4 27 75 26 86 150 20 92 81 127 25 18 165 43 180 82 24 114 113 4 18 107 128 38 57 95 63 94 60 37 1 135 15 151 27 112 25 72 39 58 151 40 162 85 87 41 124 128 120 106 116 172 24 28 122 102 121 8 105 10 124 116 166 36 35 108 19 24 18 144 149 6 166 72 164 174 127 179 80 130 154 52 168 118 95 93 124 50 176 152 116 94 104 49 81 60 40 154 15 90 88 18 167 65 44 61 46 67 90 107 35 146 59 142 82 38 55 125 149 68 160 145 39 127 47 101 31 69 34 144 44 9 102 97 67 21 91 97 25 88 118 87 26 59 138 179 43 66 30 133 25 11 49 64 31 42 75 50 166 143 33 50 28 101 85 95 13 54 109 66 91 160 180 166 165 72 173 14 92 25 6 88 112 122 15 15 166 101 50 175 79 53 108 57 46 111 172 180 95 40 17 114 50 167 149 87 43 167 113 114 63 166 14 124 63 120 50 11 58 98 20 59 58 43 12 96 77 131 157 8 165 136 34 122 167 160 73 50 75 49 47 179 168 4 144 122 180 104 47 65 125 17 139 117 5 90 80 70 113 68 18 113 88 121 34 114 35 113 17 127 43 124 173 27 110 51 47 61 28 82 104 95 113 126 152 176 133 114 150 46 146 47 33 13 173 17 26 130 38 53 33 177 173 11 110 28 153 135 115 105 57 175 95 3 23 93 178 128 84 128 26 53 153 61 177 178 138 32 13 76 70 161 92 166 10 162 44 72 117 165 150 124 173 104 171 75 131 138 124 58 39 67 42 2 77 161 100 174 45 17 161 6 115 94 130 12
82 85 142 116 135 7 95 4 53 57 172 128 13 164 73 11 59 147 128 98 8 87 80 162 88 148 46 130 64 73 19 115 56 124 62 99 172 169 41 71 132 86 66 21 94 166 37 146 165 154 111 156 68 127 176 92 25 106 51 133 16 60 80 151 38 15 159 111 1 84 89 131 88 170 165 50 92 41 55 129 96 18 116 15 84 14 47 115 19 160 73 130 28 79 112 171 160 156 21 43 67 97 91 102 135 8 65 179 159 136 45 65 50 63 83 100 124 122 35 30 175 138 120 155 95 79 39 76 10 34 161 144 144 95 36 146 109 96 163 167 164 86 29 42 34 54 42 92 139 113 60 48 159 170 2 74 132 150 156 79 119 49 60 69 14 165 114 80 131 162 26 66 84 77 167 57 100 135 100 175 48 63 89 113 148 100 130 47 151 8 40 178 94 76 180 151 70 180 26 69 73 137 8 65 63 92 125 3 67 89 109 21 173 44 43 45 150 69 8 135 65 85 119 164 75 153 93 27 30 98 61 68 74 28 45 26 57 107 174 44 109 106 69 37 103 44 120 132 100 139 91 120 166 98 19 102 77 61 22 167 3 115 118 164 98 117 177 4 36 169 41 62 140 143 95 32 26 138 25 49 109 142 47 174 170 87 104 172 145 53 83 130 7 8 152 150 140 116 74 104 68 32 118 18 123 34 99 14 177 77 9 92 134 43 16 173 155 176 56 110 172 7 135 95 41 123 17 137 50 5 61 57 3 113 39 161 10 133 12 32 173 90 43 116 61 58 84 44 66 54 107 112 171 136 24 28 95 63 146 10 137 120 161 170 36 176 154 137 38 89 12 147 101 44 51 151 17 93 75 39 137 25 32 58 153 176 157 136 42 51 69 138 142 98 52 173 30 11 88 76 22 54 8 97 23 25 132 118 149 39 102 155 148 25 83 155 11 121 48 76 55 153 50 123 13 167 35 152 51 29 155 50 161 15 22 24 16 117 84 32 85 174 115 119 168 86 104 90 14 21 97 62 69 90 54 27 160 12 164 80 21 173 35 153 76 150 42 79 43 67 63 162 19 152 47 66 152 62 56 98 110 178 105 16 132 15 156 84 20 30 52 106 146 147 59 83 119 98 121 151 8 5 142 3 141 131 129 97 35 94 36 125 109 142 85 96 14 9 23 75 132 23 65 11 17 5 45 21 40 157 139 135 168 132 3 99 76 145 158 116 114 113 125 81 107 108 163 166 68 23 116 134 7 99 23 113 129 16 104 176 141 125 73 50 2 101 147 27 75 46 58 6 46 148 149 78 56 154 169 160 100 53 71 19 45 175 176 154 34 150 173 27 155 81 56 141 56 141 175 151 128 90 113 41 138 70 142 135 76 130 56 67 124 118 146 122 40 156 169 81 121 147 13 54 171 160 157 130 56 84 118 143 102 149 103 126 32 166 145 174 110 105 137 15 80 43 132 158 84 46 88 107 139 67 1 180 112 5 25 25 54 108 177 50 162 65 123 13 46 10 62 167 138 138 42 110 176 117 15 54 166 101 110 69 97 131 68 53 152 163 85 47 1 7 29 126 1 139 93 117 98 5 126 138 41 143 131 179 74 45 74 115 29 72 151 106 81 80 148 128 169 60 97 6 4 37 53 87 117 12 84 154 122 75 105 43 60 70 78 2 162 51 117 166 105 50 4 51 84 170 61 168 115 119 138 157 83 70 129 61 84 44 59 167 62 157 71 165 69 4 3 74 2 169 28 165 168 134 179 93 154 159 155 121 133 163 94 42 177 92 175 85 33 143 28 32 166 116 119 169 161 108 100 40 161 173 57 24 166 161 30 72 117 170 79 55 20 120 12 177 80 123 26 45 57 114 36 129 64 100 93 101 180 106 155 113 169 41 102 124 136 3 151 136 118 53 179 142 107 32 126 165 35 105 9 161 103 120 24 154 34 71 167 150 113 154 168 129 70 84 160 58 53 65 87 117 164 145 106 33 150 119 162 140 90 55 11 120 46 84 145 135 52 123 79 26 137 135 177 171 86 27 148 33 125 20 49 101 141 141 102 166 130 54 57 103 72 165 131 53 15 35 52 37 61 160 133 146 39 24 67 107 83 170 144 144 115 94 3 136 2 7 50 33 138 148 48 94 28 153 56 162 69 161 47 47 75 41 23 92 60 150 152 100 156 9 31 116 158 151 133 21 103 64 50 36 88 37 34 44 39 82 17 70 124 158 51 148 171 37 69 40 97 103 100 40 150 146 16 152 40 174 65 176 61 110 155 59 166 96 86 163 131 175 124 34 166 170 77 179 47 105 84 58 161 15 91 12 128 180 23 151 178 82 91 40 99 80 121 31 75 99 76 147 176 126 143 104 13 127 121 152 124 58 69 150 71 19 165 98 174 83 116 170 79 97 90 72 145 172 66 49 56 93 158 94 62 16 110 13 143 92 158 113 170 28 46 106 6 88 48 137 28 143 124 46 153 72 46 79 93 70 170 121 113 173 164 104 42 57 177 94 172 132 90 40 149 19 57 24 18 46 77 121 169 158 86 22 87 14 71 148 2 57 73 75 67 94 138 31 101 173 25 44 32 178 176 121 77 32 135 47 2 26 140 158 65 160 107 91 2 59 23 126 37 27 114 31 11 106 3 35 80 133 29 157 25 62 14 52 117 151 53 146 97 151 141 41 65 79 123 120 107 80 49 76 125 180 78 77
130 48 48 96 25 7 56 70 38 44 149 66 155 32 87 38 162 121 169 179 57 76 167 16 132 38 62 88 28 114 36 125 144 115 60 140 135 86 172 84 130 34 120 93 159 76 153 166 140 112 36 49 102 147 31 179 48 171 79 26 146 46 162 90 39 161 161 56 128 66 54 64 138 45 91 72 81 142 104 38 50 31 55 50 131 21 150 7 89 118 19 73 143 60 162 141 179 2 13 90 109 175 42 173 125 135 55 131 73 98 143 90 106 101 17 127 135 129 176 14 76 12 84 118 142 176 30 24 81 133 127 21 54 32 180 57 105 107 87 8 72 124 53 18 137 114 124 83 9 132 176 28 24 10 65 94 105 14 45 115 123 7 15 166 112 86 14 72 126 173 116 142 27 109 176 48 74 3 59 142 109 123 52 83 132 97 99 106 102 31 97 154 125 97 83 90 6 7 159 121 27 163 29 122 86 138 151 173 135 7 43 5 159 163 61 150 123 54 87 139 149 40 98 79 18 69 107 26 125 166 90 140 137 158 170 106 180 93 140 122 15 127 160 76 14 99 117 13 57 97 17 107 73 147 21 56 19 32 145 99 44 96 178 163 157 161 9 38 118 170 102 136 51 35 53 92 179 159 23 39 87 82 159 132 76 12 161 134 57 153 95 162 154 117 89 120 33 105 133 155 136 98 11 97 40 77 39 92 162 46 177 161 17 109 96 54 37 135 126 169 63 175 12 81 26 75 106 57 81 176 89 94 131 56 99 154 138 54 95 61 153 112 45 1 45 114 150 173 46 57 63 77 137 168 101 79 16 145 21 1 150 104 3 43 163 140 68 67 125 80 89 180 95 161 49 141 174 104 31 24 149 46 133 102 102 80 125 13 38 157 162 4 57 171 44 52 69 89 93 150 38 29 121 130 169 109 127 66 60 89 119 103 63 143 84 126 10 68 154 17 73 149 156 94 36 27 23 1 73 85 150 58 162 113 111 2 72 3 177 115 71 70 153 3 156 98 151 139 157 180 65 114 72 60 50 162 117 129 130 106 124 42 69 38 128 5 160 159 59 117 41 56 159 129 54 107 79 26 17 67 52 108 149 27 33 1 115 10 172 15 23 44 23 142 57 14 51 71 69 29 142 87 117 39 165 113 59 12 166 142 75 173 142 156 26 95 79 143 166 176 31 129 97 176 119 27 1 160 125 146 77 20 42 62 130 74 91 169 169 83 40 170 97 121 91 139 62 25 157 125 158 77 165 166 175 130 11 42 111 37 99 73 66 132 101 52 77 144 133 104 158 175 102 2 97 128 92 109 153 123 143 6 15 170 100 130 179 118 55 72 143 39 28 16 44 83 94 103 123 168 108 117 64 38 21 155 72 113 119 79 83 17 16 145 92 180 150 29 137 107 65 151 72 90 137 106 5 43 102 12 151 164 146 166 60 75 118 116 156 134 90 19 145 24 45 131 92 57 136 16 43 113 114 120 164 174 130 45 175 153 150 139 91 32 144 166 158 162 180 169 105 114 162 54 144 88 179 99 15 149 129 21 5 52 168 65 121 60 69 140 129 165 70 163 92 61 115 179 39 158 34 25 2 45 27 60 6 43 85 97 157 26 96 108 130 164 114 120 123 43 97 107 18 77 111 151 66 26 80 169 107 176 33 58 166 27 151 14 118 65 29 53 90 2 28 123 44 23 90 7 126 160 65 130 105 93 68 16 95 96 136 102 103 146 17 67 150 13 52 163 69 60 124 176 111 100 117 30 127 6 83 127 8 169 152 117 133 163 121 157 38 95 36 174 161 30 52 107 48 10 42 8 85 117 63 86 168 106 42 89 140 115 127 172 96 158 113 142 176 38 174 123 42 172 178 120 24 87 87 136 156 7 123 130 85 168 117 39 1 144 26 114 13 32 5 156 138 153 134 59 21 13 176 145 89 53 44 99 29 139 56 42 33 12 6 153 80 4 168 70 85 25 127 151 57 86 142 170 172 178 163 74 145 106 91 67 100 125 21 72 96 167 27 80 75 23 27 122 108 23 156 137 53 156 70 125 68 34 178 18 55 174 23 144 158 87 129 147 142 114 19 165 147 65 53 122 32 12 130 65 97 134 144 5 5 73 97 56 51 70 2 23 139 40 76 98 38 137 13 120 146 3 81 90 21 5 147 7 112 60 50 70 129 118 143 65 18 153 124 111 12 74 80 46 65 162 18 57 1 37 110 14 36 38 177 161 158 171 138 55 155 136 21 177 119 64 23 88 3 79 58 155 95 116 44 131 21 166 100 119 170 51 140 42 26 148 35 58 92 80 102 66 30 145 168 110 66 174 6 34 75 100 110 84 86 145 135 126 64 9 90 127 24 77 34 143 68 61 60 128 171 2 119 155 148 159 100 64 90 153 153 20 52 52 55 97 165 125 37 98 110 51 83 75 108 143 45 167 31 90 62 145 106 141 35 180 65 35 179 38 130 38 144 17 76 45 107 94 152 103 18 40 56 78 96 47 66 25 95 137 36 75 169 117 84 101 150 11 121 81 82 133 107 30 151 76 136 17 116 160 87 119 174 144 104 81 176 130 161 84 34 20 106 87 109 127 64 132 118 6 67 108 140 172 122 109 77 112 14 73 139 110 42 16 138 41 85 174 125 100 79 130 49 40 10 54 114 36 176 28 31 71 122 136 155 6 88 137 77 83 17 1 119 157 82 5 75 11 60 5
0.3
0.2
0.3
0.4
0.3
0.2
0.2
0.3
0.3
0.4
0.2
0.3
0.3
0.2
0.3
0.4
0.3
0.3
0.3
0.4
0.3
0.3
0.2
0.3
0.2
0.4
0.4
0.4
0.3
0.2
0.3
0.3
0.3
0.4
0.3
0.3
0.3
0.3
0.3
0.2
0.3
0.3
0.4
0.2
0.4
0.3
0.2
0.3
0.3
0.3
0.3
0.3
0.3
0.2
0.4
0.3
0.3
0.2
0.2
0.3
0.3
0.3
0.3
0.3
0.2
0.3
0.4
0.4
0.2
0.4
0.4
0.3
0.4
0.4
0.2
0.2
0.3
0.2
0.3
0.3
0.3
0.4
0.2
0.2
0.4
0.3
0.2
0.3
0.3
0.4
0.2
0.4
0.4
0.3
0.3
0.2
0.2
0.4
0.2
0.3
0.3
0.3
0.3
0.2
0.3
