10 12
15
      2534
      2763
      3192
      2048
      2448
      2388
      2914
      2496
      2286
      3495
      2614
      3342
      2695
      2718
      3308
  3.1  15.3 755.6   2.4
  1.2  35.6 596.8   1.5
  1.3  45.8 579.3   1.6
  3.9  10.8 726.8   2.3
  1.8  39.4 872.8   1.7
  1.4  49.6 577.3   1.9
  1.5  44.9 949.3   2.3
  2.0  21.3 227.5   1.8
  3.5  41.4 264.7   1.9
  4.7  32.9 423.8   1.9
  2.4  47.9 274.8   1.9
  3.3  21.6 836.5   2.1
  1.5  11.2 878.3   2.2
  2.9  44.3 543.4   2.2
  3.9  46.7 836.2   2.1
  4.0  19.2 318.6   2.3
  3.4  12.6 784.2   1.9
  4.5  19.7 774.3   1.8
  1.8  40.9 586.2   2.1
  3.5  43.8 738.0   2.1
  4.6  39.4 447.5   2.0
  1.9  32.5 155.8   2.1
  2.3  27.9 351.3   1.5
  4.3  15.3 584.2   1.8
  2.2  36.7 651.4   2.3
  4.0  35.9 490.5   1.9
  4.3  40.0 408.6   2.0
  2.8  19.2 184.5   2.1
  2.4  14.4 138.5   2.5
  4.6  38.7 466.4   2.2
  2.8  24.2 386.7   2.0
  1.6  49.2 561.8   2.4
  1.2  33.3 225.2   1.7
  4.4  19.5 624.1   1.8
  3.2  35.6 179.1   2.0
  1.3  25.7  71.3   2.0
  1.6  34.8 800.0   1.5
  2.4  39.7 561.0   2.3
  3.2  17.3  77.2   2.1
  2.2  24.6 120.0   2.1
  1.9  17.9 496.0   2.3
  2.4  32.5 101.2   2.4
  2.8  46.6 946.0   2.4
  1.5  49.2 520.4   1.7
  2.0  49.1 825.5   1.9
  1.4  49.5 842.1   2.0
  4.4  31.1 607.9   2.0
  4.3  41.8 845.5   1.9
  1.3  33.8 861.8   1.8
  3.1  21.6 345.0   2.0
  2.3  32.2 206.8   2.3
  4.4  17.5 413.3   1.7
  3.6  20.0 240.0   2.3
  1.3  24.2 694.5   2.3
  2.2  45.5 920.4   1.9
  1.2  48.6 698.8   1.8
  3.3  15.1 564.9   2.3
  2.0  46.7 295.2   2.0
  1.7  10.5  51.5   1.5
  3.7  43.6 347.6   2.3
  4.1  22.3  89.2   2.5
  1.7  23.9 288.5   1.7
  2.2  48.0 454.2   2.2
  1.8  45.9 468.6   2.2
  4.4  21.5 228.8   2.2
  2.6  45.8 847.2   2.1
  2.4  34.7 409.9   1.6
  3.2  41.6 264.8   2.3
  4.7  17.6 768.5   2.0
  1.5  30.8 471.6   2.1
  1.4  18.8 204.0   2.2
  2.7  25.0 353.3   2.1
  1.9  29.5 800.9   2.0
  2.2  43.5 739.7   1.8
  1.6  17.2 908.3   1.6
  4.0  16.1 263.6   2.2
  2.9  34.3 307.6   1.7
  5.0  25.6 477.8   2.2
  3.7  36.3 133.5   2.0
  2.6  18.5 159.3   2.5
  3.3  26.2 810.5   2.4
  2.9  48.1 196.3   2.2
  2.3  41.3 528.6   1.6
  1.3  16.9 892.9   2.4
  1.8  21.1 287.6   2.1
  5.0  40.3 603.5   1.5
  2.4  48.9 143.6   2.1
  3.3  35.7 241.5   1.7
  2.0  11.2 230.8   1.7
  1.8  25.8 687.6   2.1
  1.8  31.9 830.6   2.2
  2.8  34.1 333.4   2.0
  4.7  38.7 408.9   2.1
  1.9  48.4 533.7   1.8
  4.5  31.8 554.3   1.6
  3.1  40.0 137.7   2.2
  4.9  42.9 717.4   2.1
  2.3  47.3 755.8   2.2
  4.7  42.7 429.8   1.6
  3.8  18.1  71.4   2.1
  2.0  16.1 638.1   1.9
  2.3  43.2 786.7   2.5
  3.0  32.5 191.9   2.1
  3.9  37.1 686.8   2.1
  1.6  40.0 400.4   2.1
  1.3  36.7 610.3   2.5
  4.7  19.2 579.6   2.5
  3.0  42.2 633.7   2.3
  3.0  17.0 710.2   2.4
  2.9  33.2 394.2   1.9
  4.1  40.4 224.2   2.3
  3.5  14.3 177.8   1.8
  1.3  40.1 151.3   2.3
  3.6  25.1 562.3   1.7
  3.9  43.8 636.0   2.2
  3.3  42.4 466.4   2.0
  4.7  40.6 434.0   2.2
  4.1  13.1 442.3   2.2
  4.1  23.4 473.2   2.3
  4.2  27.5 107.9   1.6
  1.1  33.9 857.8   2.1
  4.2  38.6 938.4   1.9
  2.6  42.7 167.1   2.1
  2.4  35.3 389.3   2.3
  4.3  14.2 103.5   2.3
  2.8  40.6 242.7   1.7
  4.8  22.1 695.4   1.8
  2.8  33.2 180.2   2.4
  3.0  17.5 780.3   2.4
  3.8  31.3 541.7   2.5
  4.8  14.4 489.2   2.4
  2.1  36.1 592.8   2.1
  2.3  37.7 241.1   2.5
  2.0  41.5 823.6   2.3
  3.8  48.1 299.2   2.5
  2.2  10.3 309.3   1.7
  1.0  19.3 406.6   2.1
  2.8  12.4 898.9   2.2
  2.5  16.1 271.8   1.8
  4.9  30.8 745.0   2.2
  3.8  45.1 859.6   2.4
  1.8  32.4 363.2   2.1
  2.5  36.3 318.0   2.1
  3.6  36.2 467.4   2.0
  2.8  15.9 804.8   2.2
  3.9  25.9 337.7   2.4
  4.9  39.9 478.3   2.4
  3.6  40.0 230.6   2.4
  2.0  23.3 768.5   1.9
  4.6  17.2 633.1   2.1
  0.2   0.3   0.4   0.2   0.3   0.3   0.3   0.3   0.2   0.2   0.2   0.4   0.3   0.4   0.2   0.4   0.4   0.4   0.4   0.3   0.2   0.2   0.4   0.2   0.3   0.2   0.2   0.3   0.3   0.3   0.4   0.2   0.4   0.3   0.3   0.2   0.4   0.3   0.3   0.4   0.3   0.2   0.2   0.4   0.2   0.3   0.4   0.3   0.3   0.3   0.3   0.2   0.3   0.3   0.2   0.3   0.3   0.4   0.3   0.2   0.3   0.4   0.3   0.4   0.3   0.3   0.3   0.3   0.3   0.4   0.2   0.4   0.2   0.3   0.4   0.2   0.3   0.4   0.2   0.4   0.4   0.3   0.2   0.3   0.4   0.3   0.4   0.3   0.3   0.3   0.3   0.3   0.3   0.2   0.3   0.2   0.3   0.3   0.2   0.3   0.3   0.4   0.3   0.2   0.4   0.3   0.3   0.2   0.3   0.3   0.2   0.2   0.3   0.3   0.4   0.4   0.3   0.3   0.3   0.2   0.2   0.3   0.3   0.2   0.2   0.3   0.2   0.3   0.4   0.2   0.4   0.4   0.3   0.3   0.2   0.2   0.2   0.4   0.3   0.4   0.3   0.2   0.3   0.4   0.3   0.2   0.2   0.3   0.2   0.3 
  159     8   152   106   161     3    14   165   164   115   137   165    87   106    92   134   168     9   180     8   149    25    97   121   131   133   116   142    46    33    38    19    66    34    79    15   117   104   153    91   132   152    99   137    42   138    80   137   153     7    18   116    75    98   133    73    98   137    58    37   166   140   155   113   123   127    47    83   110    30    46    54    87   117   105   163   174   145    85    57   111    59   142    47    54    36    70    77    54   111    32    69   145   164    97    87    16    85   161   163   154   147   175    58    40    27   139    31   139   170   171    88    68   135   173    36   172    49   124    30    79    13    18   107   159   153    78   133   107   135    65    74    13   136   164   142     5    84    49    62   100    78   124    93   125   121   133     4    10    38 
  101     2    35   132   147   106   178    76    73   172    49    66    44    15    67    32    35   176    67   176    86    66    66   117   107   155   114    33    41   170    15   125    16    35   165   101   157   123   114    36   103    91    74   124    37    91   162   136    73    55    61   154   180    65   159   178   106    75    51    53   156    28   145    25    31    10    87    82    64   101    48    53    87    30    94   105    36    10    16   172     9   139    39    72   143   167    94   163   166    48    84    73    43   135   163    19   172    65    62   104     3   158    80    27   177    35    98    42    78   148    94    71   164    49    19    41    23     8   153   100   132   129   145    37   160   145    31    50    74   115   128    25   120    88   104   172   177   177    88    47   142   111   137   137    93   153   109   160   105   141 
  127   151   111   144   118   153   129   103   153   146   112   134    18   132   125   114   134   153    80   165   134   167   129    17   158    80    85   100   137    85   126    34   154    71    27    62    12    36    23   110   101    99    41    86   131    58    42    56    14   160   169    41   112    11   145    33   111    25    17     6   120   111   105    36   167   151    38   109   122   149    96   125   136   180   147    26    19    28   173    33    70    14    45    93   107   113    59    72    41   162    79   145   145   119    91   125   173    72    19   138   117    89    71    89    33   180    31   157    41    26    11   105    51    92     9    56   118   162   176    14   147   136   144    24    98    47   131    25    17    18   111   158    29    79   127    22    43     8    77    27    60    71    54   107    76    63    35   100   119    38 
  152    44   110   170   104    92   106     3   156     5   173    69   157    19    72   115    36    17    62    36   117   142   156   135    32   178    74   129    71   160    12    47    50    32    85    30   123    62   173   171   142    73   131   169   134    98    23   115    60   107    23    75    91   102   136    32    54    41     7    77   175    99    14    42   126   139    60   145   129   122    71    67   139   133    49    57   128    77    29   121    70   105    28    51   136    62   159   119   158   160    21   141   120   154   160    86     7   166    95    58   178    77    64   101    88    83   137    89   146    61   180    36   108   150    81   165    49    59   132   180   123    93    72   141   176    39    48    39   120    89    13    59    35    39    62   170   117    19    52    35    44   109   133    63   148   146   131     6    41   101 
    2    69   122   110    25   123    85   154   104   152   126   111   149    24    71    11    29   128    15    81    59    27   147    56   150     1   180    30   127    69    69    99    16   144    50    62     7    27   162   150   159    31     7    69    15    90    83   124    59    58    32   113     1    18    32    45    67   139   167   166   172   138   126   108    40   111     9   125    39   144   142    89   177   174    11     4    58   168    63    65   118    77   113   149   131    84    48    17    67   121    24    13    16   163    48   104   132   149    49   149   155    85    47   177   100    22   120    22   130   146   153   162    11    94     6    27   138    53   110    90    93   109   142    42   172    36    28    49   177   151    72   141    36    52   100   176   159    22    72   105   119   102    95   163   114   178    67   165     8   177 
   73   132    32   157    48    80   164   154    26    80    85   123     9   103    95   163    91    22     7    26   114   124   142    98    44    20    30   146    77    64    94     2    93   108   164   163    39    21    57   108   135     3   127    31   171    84   164   129    66   158    84   120   139   164    73   135    27   113     2   142    68   129   168   127     9   178    21   139    66   168   119    90   166   167   175    19    49   149    52   103    36   160   171   159   121   172    87    39    65    91     8    54   147   120   173    36    69    17    68   169     1    97   151   156    85   127    18    81   159    26   128   131     7     4    70    74    42    64    47    62   163    28    68     4    46    69    86   155   119     8   127     7   141    10    60    94    29   137   105    22   166    73    17   139    67   137   141    36    61   122 
   18   124   115   117   112   177   144   117   168     1   176    78   133     3    91   177   147   168     7    74   145   123    22    48   117   144   120    22    24   175    85    29    72    36    58    29   155   134    57   176     7   162   138   146    79   113    41    89   107    41   131    63    59   105   160   158   107    67    90   122    67   145   146   167    71    45    43    50   125   132     9    86   163    14    82   111   157   115    75    24    72     2   148   161    59    50    61   147   176   132   175    74   117   102   120   108   165    58   148   150    44   102   115    30    98   170   114    73    77    56   153   135   116    17     5   146   153   179   172    81     9    13   112    93    61   120    81   173   170    50    88    17    62   164   142   117   144    65    28   156    22    76   142    95    44   173   156    22    62    45 
  137     2    46   166   130    54    71   147   103   166    36    29   148    47   112    95   169    51    82    76     9   135    21    64    73   160   174    89    60    27   141    38   174    61   126    42    95   142    24   162   160    84   143     3   149   130     8     9   117    84   143     5    99    87   106   126   100    68    83   148    70   158   158    46     1   148   135   170   154    83    93   137    63    24    20   155    99    79   132     6   161    25   152   119    83    69   114    29   146   178   122    45   169    91    97   147     2    90   141    22   162    42    16   139    19    29   131   132   104   160   139    14    47   132    39     1   172    99    75    85    85   138     4    90    20    71    76   176    24   120   173   176   126    97   163    47    71    71    23   169   135   168   146    25    72    58   163   148    37    43 
  170   137    49    54    88    84   108    58    42   104    89    28    81    29    40   115   148   164    25   140    59    83    64     6   159   132    62   177   133   165   133   117    83   131    91    72   145   114    83     9   157   134   124    24   169    46   110     1     1    11   176   100   149    25    55   157    37   147   154    51   174    35    85    50   168   175   125   148   117   172     5    92   103   176    49    33    39   138    47   166    96    82    84    10     2    39   152    31   119   114    51   151   120   162   112    46    58    41    45    24   112   116   134    59    36    16    20   154   118    47    24   161    22    82   170   152   118    83   161    99    29    17    19    55    31   161     1    57    51   112   176    94    57    13    66   132   136    67   109   180    38   120    39   143    60   131   137   163   104   153 
  174    17    97   101   156    55    79    99   144   166   114   124    69    53    17    99    36    42    40   137    84   100    15    81   136   166    37   165    93    43   148   160   140     8    10   129    93    27    18    91    89   169   102   179   171   120    80   176    80   150   105   121     2   147    79   132    63   167    51   159    17   172    53   120     5   118   132   155   112   112   149    77   106    66   115   177    67   111   158    34   155   103    42   115   102    24    99    56   144    86    79    60    82   141   115   128   109    12   165   127   122    17     9    27    29    15    47   144   176   114    24    82    16    14   173   117     3    66    60   105   131   174   156    14    83    65     1     6    29    72     3   160     8   158   166    18   103   175   170   151   125   108    14    46   180   141    79   158    16   102 
   16    11    90   102    52    38    92    34    90   100   103    25    43    90   109   173    66   167   155    69    64    17   104   174     9    31   131    54   134    48    56    57   164    83   139     6    69    33   162    26    93   145   177     9    28    47   141   144    51   101    50    56   104   145    32    78   147   110    35   112    32    36   100    92   136    18   176    57    40   163   165     7    75   161     5   150   175   105    31   129    20    80    66   152    45    19   124    74     2   138    81   174   180   162   107    30   107    37    87   143   146   120   147    52   169    35   105    62     8   129    79   130   150    14   112    14   146     6   172   161    79    43   153   142    98   109   118   126   123    84   159    18   108    14   123   109   113   145   162   161   116   159    36   154   150    42    76    84    65   128 
  112   179    70    25   138     2    42    70     9    99    66   118   146    26    38   116    37   139     6    35   135    34   167   118    57   137   133   143     2   165    30    83   154   167     6    78   152    51   100    10    23    65   107     7    97   108   109   110     7     1    18    40   155   179   161   141   152    19   159    28    80   133   155    98   152   142   110    17    79   172    54    98    80    30   177    58    16    73    31    32    24   164   129    59   153    29     4    11    16    31    84   122    58   170    82    30   158   115   173   176   140   121    68    61    86    81   159   118   107   125   100    67   122    74     4    96   157   149    30   153    59    97   152     5     8   148    43   146    76    85    11   145   157   172   100   102    96   151    80   150     7    84    41    54   110   134   167    20    82   148 
 0.00  0.27  0.39  0.39  0.25  0.24  0.31  0.32  0.34  0.37  0.28  0.25  0.21  0.40  0.21 
 0.27  0.00  0.24  0.32  0.36  0.24  0.30  0.34  0.22  0.22  0.21  0.23  0.26  0.24  0.21 
 0.39  0.24  0.00  0.23  0.27  0.23  0.36  0.28  0.33  0.35  0.35  0.35  0.36  0.29  0.22 
 0.39  0.32  0.23  0.00  0.39  0.39  0.21  0.23  0.27  0.35  0.39  0.24  0.23  0.26  0.28 
 0.25  0.36  0.27  0.39  0.00  0.35  0.38  0.24  0.21  0.26  0.29  0.22  0.23  0.24  0.25 
 0.24  0.24  0.23  0.39  0.35  0.00  0.33  0.21  0.21  0.38  0.27  0.24  0.20  0.22  0.40 
 0.31  0.30  0.36  0.21  0.38  0.33  0.00  0.39  0.32  0.39  0.38  0.30  0.28  0.27  0.34 
 0.32  0.34  0.28  0.23  0.24  0.21  0.39  0.00  0.37  0.29  0.30  0.31  0.39  0.23  0.37 
 0.34  0.22  0.33  0.27  0.21  0.21  0.32  0.37  0.00  0.34  0.26  0.28  0.38  0.29  0.34 
 0.37  0.22  0.35  0.35  0.26  0.38  0.39  0.29  0.34  0.00  0.26  0.38  0.24  0.31  0.38 
 0.28  0.21  0.35  0.39  0.29  0.27  0.38  0.30  0.26  0.26  0.00  0.27  0.26  0.22  0.35 
 0.25  0.23  0.35  0.24  0.22  0.24  0.30  0.31  0.28  0.38  0.27  0.00  0.35  0.24  0.24 
 0.21  0.26  0.36  0.23  0.23  0.20  0.28  0.39  0.38  0.24  0.26  0.35  0.00  0.34  0.36 
 0.40  0.24  0.29  0.26  0.24  0.22  0.27  0.23  0.29  0.31  0.22  0.24  0.34  0.00  0.30 
 0.21  0.21  0.22  0.28  0.25  0.40  0.34  0.37  0.34  0.38  0.35  0.24  0.36  0.30  0.00 
