10 12
20
      2702
      2634
      2530
      2958
      2952
      2398
      2855
      2841
      2775
      3012
      2661
      3014
      2686
      2705
      2916
      2227
      2828
      2423
      2952
      2179
  3.7  14.8 906.4   1.9
  4.3  25.9 212.8   2.0
  1.7  22.4 727.3   2.3
  2.0  27.9 506.7   2.4
  3.7  38.7 760.3   2.2
  4.2  22.9 754.7   2.1
  1.5  17.4 879.1   2.5
  1.5  16.8  92.1   2.4
  2.1  37.0 523.8   2.5
  4.9  44.7 244.2   1.9
  2.9  37.1 200.6   2.2
  1.3  43.1 607.1   1.8
  2.1  25.3 251.2   2.4
  2.6  13.8 594.2   1.8
  4.3  22.6 823.0   1.7
  1.8  30.1 639.0   2.1
  1.8  26.1 222.4   1.8
  4.2  32.4 331.2   1.7
  3.6  10.8 153.9   2.2
  3.8  19.0 312.2   1.5
  1.6  36.3 340.1   2.4
  1.6  42.4 535.6   2.4
  1.5  30.9 847.0   1.8
  4.5  10.7 187.7   2.5
  4.0  27.7 794.9   1.7
  3.4  17.5 722.2   1.8
  1.8  15.6 858.4   2.2
  4.1  28.3 581.4   2.3
  4.5  32.1 809.2   1.7
  1.1  30.1 449.5   1.8
  2.8  43.8 717.4   1.9
  3.5  21.6  71.1   1.7
  1.3  27.4 623.0   2.4
  2.8  33.1 293.1   1.7
  3.5  27.2 332.6   1.7
  3.2  44.3 395.5   1.9
  2.5  25.6 636.0   1.6
  2.8  16.1 156.9   2.0
  3.6  45.0 616.6   1.6
  3.5  39.8 388.0   2.3
  1.9  28.8 645.0   2.3
  3.0  25.2 165.6   2.3
  3.5  48.1 230.4   2.4
  2.1  34.7 881.0   2.4
  4.8  35.4 628.6   2.5
  4.1  48.7 175.3   2.5
  3.3  40.7 514.8   2.4
  2.6  15.3 716.4   1.9
  2.8  29.6 913.9   2.4
  4.1  13.8  59.8   2.2
  4.1  28.2 884.1   2.3
  1.2  48.9 723.5   1.7
  3.2  46.5 410.3   2.4
  4.8  35.7 540.2   2.2
  1.7  34.3 455.3   2.3
  3.5  29.5 925.8   1.9
  1.4  32.3 138.0   1.6
  3.7  10.3 637.7   1.6
  1.7  17.6 688.0   1.6
  2.9  45.3 446.5   2.2
  1.7  33.1 703.2   2.4
  1.3  48.1 462.1   1.6
  2.8  49.4 897.5   2.2
  4.3  14.6 161.0   2.0
  4.2  45.1 651.0   2.2
  3.9  14.5 396.6   1.8
  4.9  32.4 735.1   2.0
  3.8  19.9 845.5   2.3
  1.5  24.1 661.5   2.3
  3.3  49.6 564.4   1.7
  3.0  21.9 398.5   2.1
  4.3  49.4 261.1   2.1
  3.8  31.3 890.1   1.7
  1.8  20.6 709.0   1.5
  1.4  45.1 737.4   1.5
  1.9  44.8 304.3   1.8
  3.1  50.0 829.4   1.8
  2.2  44.2 572.5   2.4
  3.5  16.3 455.2   1.7
  4.6  45.1 777.9   1.6
  3.7  27.4 149.2   1.8
  4.9  30.0 188.5   1.7
  4.2  11.6  80.8   1.6
  3.8  13.0 851.2   2.5
  3.1  33.0 921.1   2.0
  3.6  21.0 783.1   2.1
  2.7  23.6 239.1   1.5
  4.1  29.7 947.7   2.0
  1.1  16.5 704.2   1.5
  4.2  46.4  79.9   2.2
  1.8  35.2 319.6   1.7
  2.9  24.5  87.1   1.9
  4.5  14.4 856.3   1.8
  4.8  40.1 342.4   1.8
  3.3  22.1 342.0   1.5
  4.2  23.6 274.9   2.5
  1.9  29.2 518.7   1.7
  2.9  45.1 826.0   1.8
  1.5  49.6 169.8   2.2
  4.6  21.2 465.5   1.7
  2.5  24.2 737.6   1.9
  3.2  47.4 104.5   1.6
  3.6  14.6 202.8   1.9
  1.7  11.0  75.6   2.3
  4.3  37.8 420.6   1.9
  3.6  46.5 810.6   1.6
  4.2  10.6 152.6   1.5
  2.8  46.6 473.5   1.9
  3.4  46.0 233.9   2.1
  1.4  47.3 258.8   2.3
  2.7  44.1 665.6   1.7
  1.8  47.1 515.3   1.9
  3.1  30.0 666.2   2.3
  2.4  37.1 664.5   1.8
  4.3  36.0 320.1   2.4
  4.7  12.2 678.7   2.4
  3.3  38.6 807.3   1.5
  4.9  20.8 941.5   2.1
  4.5  42.0 837.7   2.0
  2.8  11.0 824.1   1.6
  1.2  45.8  80.6   2.3
  4.9  23.5 658.2   2.2
  1.2  17.0 301.7   2.0
  1.6  43.1 946.5   2.1
  2.3  12.5 498.5   2.4
  2.9  12.4 946.6   2.3
  4.3  11.6 111.7   1.7
  4.2  23.5 636.1   1.8
  3.5  17.1 509.8   2.1
  4.6  29.8 549.5   1.5
  1.9  44.0 286.7   2.1
  4.1  44.4 423.5   1.6
  4.9  32.1  74.3   1.6
  3.3  21.1 534.1   1.5
  4.4  39.5 470.6   2.0
  1.1  26.7 867.2   2.1
  2.5  13.4 421.7   2.3
  1.9  12.8 287.7   1.8
  2.0  33.6 301.3   2.4
  4.5  43.0 394.6   2.0
  4.1  19.5 165.0   1.6
  2.4  24.5 479.2   2.1
  4.9  12.1 235.9   1.5
  2.1  14.0 704.5   2.1
  4.9  16.5 589.9   2.1
  2.7  10.3 135.9   1.5
  3.3  20.3 312.6   2.1
  3.5  43.1 475.5   2.4
  1.7  39.2 892.8   2.2
  3.8  28.1 861.3   2.2
  4.1  29.9 513.2   2.3
  3.6  46.1 598.7   1.8
  1.0  49.6 749.0   1.6
  2.8  21.0 813.8   2.1
  4.6  16.2 929.0   1.6
  2.0  46.4 326.5   2.0
  1.3  13.0 574.9   1.6
  2.0  14.5 788.2   1.9
  1.4  44.5 642.7   2.1
  1.4  36.0 175.1   1.9
  4.6  32.7  53.5   2.4
  3.8  39.2 165.2   2.1
  2.8  12.0 160.0   2.2
  1.9  10.9 692.6   1.7
  1.3  43.8 861.8   1.6
  2.3  44.4 386.2   2.1
  2.5  28.0 241.8   2.1
  4.7  19.0 515.6   1.6
  2.3  23.8 189.2   2.1
  4.0  40.5 623.6   1.6
  2.1  22.3 257.4   2.3
  4.4  17.4 742.0   2.0
  4.7  41.9 816.5   1.5
  4.0  37.1 699.9   1.5
  2.3  19.4 398.6   2.4
  1.8  19.6 599.1   1.7
  2.3  34.5 294.4   1.9
  2.5  23.5 212.8   1.6
  1.0  49.8 740.4   1.9
  2.2  28.2 674.1   2.2
  2.7  15.5 676.9   2.4
  2.1  12.5 744.6   1.6
  4.5  25.1 299.4   2.4
  3.5  42.1 726.6   2.4
  4.8  32.8 554.2   1.8
  3.9  31.0 741.7   1.8
  4.9  38.9 552.8   1.8
  1.7  34.3 318.6   1.6
  2.4  13.9 466.8   2.2
  3.5  49.2 916.9   2.1
  4.2  12.5 700.8   1.7
  1.9  34.6 233.7   2.5
  1.2  47.6 850.6   1.6
  1.9  21.4 545.0   1.7
  1.3  43.0 504.7   2.0
  4.2  50.0 301.8   1.6
  4.3  38.3 194.7   1.9
  3.0  16.8 334.5   1.9
  2.4  36.9 484.5   2.4
  2.6  12.4 943.9   1.9
  0.2   0.3   0.3   0.2   0.3   0.2   0.3   0.2   0.4   0.3   0.3   0.3   0.4   0.4   0.3   0.3   0.2   0.4   0.4   0.2   0.2   0.4   0.4   0.4   0.4   0.4   0.3   0.3   0.2   0.4   0.3   0.4   0.3   0.3   0.3   0.3   0.3   0.4   0.4   0.3   0.3   0.2   0.3   0.4   0.2   0.3   0.4   0.3   0.4   0.4   0.3   0.2   0.4   0.3   0.4   0.4   0.3   0.4   0.3   0.4   0.3   0.3   0.2   0.3   0.3   0.3   0.2   0.4   0.3   0.2   0.3   0.2   0.3   0.3   0.3   0.2   0.3   0.3   0.3   0.3   0.2   0.2   0.4   0.3   0.3   0.3   0.4   0.3   0.2   0.4   0.3   0.2   0.2   0.3   0.3   0.3   0.3   0.4   0.2   0.3   0.3   0.3   0.4   0.4   0.2   0.2   0.2   0.3   0.2   0.2   0.3   0.2   0.3   0.4   0.2   0.3   0.3   0.3   0.2   0.3   0.2   0.3   0.3   0.4   0.4   0.2   0.3   0.4   0.3   0.2   0.4   0.4   0.2   0.2   0.4   0.4   0.2   0.3   0.2   0.3   0.4   0.4   0.3   0.4   0.4   0.3   0.2   0.3   0.3   0.3   0.3   0.2   0.4   0.4   0.2   0.2   0.4   0.4   0.3   0.2   0.3   0.3   0.4   0.3   0.2   0.3   0.3   0.4   0.2   0.4   0.3   0.4   0.3   0.4   0.3   0.3   0.3   0.4   0.3   0.3   0.2   0.2   0.4   0.3   0.3   0.3   0.3   0.2   0.4   0.3   0.2   0.2   0.3   0.4   0.4   0.3   0.3   0.3   0.3   0.3 
  126    21   178    14    88    56    86    57    37   160   172   105   101    67   121    13    64    93    83   151   155    82    95   100   168    84    42    99    88   132   132    26    41    39    32    93   167   102   140   132   146    26   173   152    66   106   156    92     2    60    50    11   150    85   140    93    40   159   129    95    87    93    16   152   118    18   126   121    80    71   166   149     3    22    11    30     4   142   131    45   151    96     7   168   125   142   180    45   106    57   141   127   160   174     1   106    15    71    50    58    37    59    96   138   179    38    16    21   154   137    68   171    58   141   109    15   104   175   139    58    47    65    15   121   167    42   110   175    40     1    26    16   123    89   154   163    55   160    63   104    19   100     5   175   119    61   140    28   166    49   145    22   141    92    53    62   130    75   176    40   164   115    72   117   127   150   118   148   147     6    97    86   129    22   178    53    59    48    79     1   150   177    58   174   151   158    77    59   179   121    22   178   161    18   152    65    77    11    48    39 
    1    90    53    57    14   162   116   109   144    85   127   118    81   167   118   102   174   160   147    50   125   131   157    87    16    80   180    89   155   106   177    84   153   109   161    54    26    35   139    56    18    48   121   160   158   174   150     4   171    68    47    47   114    99    55    21    32    34    12    44   145    85    13   173   166    48   159   127   126    81   178   109   121     8    45   109    92   130    94   142    90    93    30    33    48   175    12     8    76     3   140    64   113    77     2   143    75   146   108     3   109    88    80   115    61   150    70    30    62    60   180   180    64    61   161    35    86   180   122    46    23   142   177   126   115    62    66   164    54    29    25   161    78   149    85    92    45    40   127     4   103    97     3    57   115   150    68   137     4   114   108   155     6   151    95    36   140    43   104    28   159    78    29    24   137    34   131    93    98    63   100     5    29   147    11   176    15   108   178    26   112   175    52   140    21    19   102    65    23    38     8   126   160   116   165   105   122   178    39    62 
   67   164   122   157    20   130     3   168   128    57    71    35   140   156   143    32    17     9    39   119    26    74   150   150    54   110   147    58    12    85   164   134   115   142   102   166    14    90   110   126    23   103   165    70    44     6    61   145   109    35    12    62    47    59    19    38   127   110    91   120    60    41   140    83    50    79    22   135   180    62   133   160    77   125    73    44   141    61   147   157    92    87    21   140    89   120    42   131    48   101    17   105   178   145   119   152   166   112     3   104    70    76   159    70   123   136     4   131    67    32   169    83   111    44   106   129   110   123   176   121    57    31    89   157   146    11    16    79    39   149    46   134    69   175   119    26    12    81    89    53    32    61    54    18    99   132    49   167    37   177    22   141     5    10    35    50    73    47    50    95    18    99    34   114   159    27   143    63    27    94    39    58   175    12     5    86   111   108   154    17   124   118    50    21    29    96   147   113    86   169    58    91   127    82    13   139    51    67    28    23 
  135    31   101   162   138    87   129   151     6   125    14   158    56    66   105    30   101    95   156    53     7   169   163    89   147   168    38    90   154   108   148    51    26    74   155    72    46    15   122   146   162   167   149   141   126    14    12   124   134     2    56   151   126    91   145    14    81    98   109   171   116    41   100   141    32   101    42   105   143   124    37    46    81   105    67    87   179    39   103    89    77     8   138    37    96   146    72    53   130    21    66   147    44    12    34   126    35     9   142    18    74    64   127    53    67   126    14    80     3     8    71    59    32   110    16    52    66   131    85   115   154   142    23    89    60   110    41     4    92   115     3   149   176   122   176    99    81    86   121   169   168    16    66    43   121    56    41   144   153   110    99    19    26   118   141    28   145   166    84    96    17   175   119    63   127   168    99     3   114   175   108   160   140   145    71    93     8   136    18    80    29    15    64   109    51    24    91   138    34    81    63   152   104   132   137    18    91    87    42    88 
   21   122    46   149    86    41   118     5    55   163   177    32    75   142    18    94    83   120    66   113    28   150   154    20   179   161     2   149    68     8    61   180   169    41   109    31    28   135   175   158   118    54   140   115    34     1   141    79   122    91   102   120    54   150    85     6   133    21   111    90    68    46   110    64    10    31     2   161    50   123   180    97   174   110    36   154    92   154    78    79   134   100   161    20   127   111    32    36    26     8    80    93    15    17    41   123   111   136   105   168    79    44   157   140    14    24   100   155    48   120   141    55   171    31    61    36   125    32     9    42    80   176    17    19   179   165    78   170    75    28     2    72   131    61    12    81    13   125    73     1    76   156    70    82    36   173    37    83     1    42   157    97   153   157   166    66   174    30    76    28   142    80    17    74   105   133   136   104   172    79   162   142    87    33    67   100   168   154    57    97   163    94    73   112    76   174   111   100   159   177   143    66    21   152   134   151    93    52    81    49 
   94   177    35   142   115   146    60    61    76    60    36    56   112    97   166    76   106   123   180    44   165   153    41    77    46    29   114    68    61    57     1   167    26    26    10    68   175    65   162   152    71    93    75   180   132   107    35   132    55   111   118   143    27    14    60    21   175    38   122   150    59   153    12    89    89    69    48    59   173    40   165    51   137   112    76   119   137   180    15    72    65    81    98   111    16    29    60    37    30    17   163    20    49   180    88   103   142   116    90   177    40   146   167   105   165   127   108   126     2    43    69    95   114    49   143    96    29    33    90    26   147    49    71    41     8   157   178   167    20   156    87    82    21    31   111    47     9   171   105    26    16   139    95    20    68   112    45   143   174    29    18    78   123   165    36    83   128   180   151   170   172    99    65    46    12   162    20    55   121   117    71    93    44    92    21   130    91    27    42   155    31    84    62   170   143    18   179    50    55   123     8   122    65   166   164    18    11    25    65     4 
  122   178     4    99    33   129   143    18   178    29    55    36   176   151   101   118   131    87   145   104   163   153   175   145   164    80   176    12    77    95    46   164   142   180   131    65   138    90   114   103    48    10    17   151     1    77   133   126    30   173    16    80   110    96    34   179    64    12   125   180    47    66   170    67   179    49    92   173   110   180     7   123    76   153   150   133   133   103   112    22    13    66    89    39    13    91    59   102   101    89    89   101   126   151     6    95   118   127    63    38   116   143   113     5    87    29    38    96    33    65    24    40   128   106    96   120    35   158   104   117    89   101   151   173    78    21   114   157    43   132    60    54    50     6   178    17    16    38   126    61   180   103    80   169    65    70    89    97   147    74    32    56    91   155    91   138    51     2    52    58   148   151    17   165   136    18    79   152    98    72    66    90    79    29    85   102   177    65     9   128    75    52    37    45    61    75    49    77    19   162    13    31    33    15    65    13   154    15   116     3 
   83    96   136    22    42    95   129   161   158    34     8    74    48    42    33   141    26    25   130   152    46    66    63    18   103    70   171    35   112   125    20   163    89   166   102   138    10   106    63    78   105   105    17    57   144    63    38   153    75   146    27   151   160    15    77   114    18     3   179   101   122   134   150   133    57    57    45   132    12   151    57   122    51   114   167    85    66    67     2    80    86    10    14   171   156   121    85    23    43    38   101   162    34   169    50    34    60   117    62   166    95     2   145    75     5   109   101    94    49   115    57   154    86   156   164    25    13    48    36   146    79    63   173   160    90     3    53    76    65    80   175    13   163   165    51    23   111     6   145    42    15   173    73    89   147   117   121   121   118    92     8   135   108    83   163    63    56   171    85    64    57    23    25   113   115   157   133    82   105   111   118    29    98   177   148    70    49   144    38    30    55    56   160    23    36   111    25   163   124   135   108    53    80   165     7    50   142   126    17    78 
  109   171   179   146    80   136    15   154    46   119   110   149    84   161     1   172   174   169    26    47   123    10    58    70    50    52    13    11    39     1   114    66   155   177    69    80   108   134   105   106    70   170   102     7    83   156    18    47    74    55   172   168   107    16    65    38   136   103   177    88   129   164    87    87    51    29    36   152   126   102    96   140    26    59   154   162    34   115    44    50   120   164   158    96    73    84   167   119   165   120    57     2   143   108   179   164    71    59    85   126    12     8    10   162   122   128   174   158   131     9    93    43   100   130    51    75   143    36    45   100    53   142   114    39     9    73   134   107    80    32    91   157   111    73    92   124   135    91    31    62    95   129     5    54   106    51   101    86    95   134    19   147    14    54   175   155    34    51   120    14   166    80    62     1     4    38    19    38    25   117   171    73    20    23   124    53    26    82    19    19    35    55   169   145    16    51   167    87    20   108    59   180    78   128   169   154    35    69    15    15 
   32   108   108   135   175   107    43   108     5    38    54    96    81   178    26   176    84   147   115    20   147   118   176   153    16    17    47    51   151   132    25    87   111    35    30    72    60   164    59   167    34   110   180    18    58   139   132   149   173   144    87    97    13    50   110   125     7   132    85    34    84    52   129    57   169    96   156   177    43     9    27   132   135    48   178     1   129    34   120   128     4   169    10    70    49    26   117   129     8   137    57    71    50    70   130   128    54   118   139   147    35   141   174    31    76    36   113    89    64    98   102    44   103    18   120    97    34   179   130   108   159    40    89     5   166    62   159   175    33    93    34   144   118    11   158    51   176     3     8    72   177    37   136   159   133   118     7    94   129   169    31   138    91    77   105   163    45    71    69    51    24     1    56   176   140   136    92   180   166     7    59   121   125    28    73    80    36     8    98   173   120   129   130    61   133    16    51   138    17   114    40    98    50   123    57    27    42   169   155    91 
   18    12   129    36   137    50   180   108    99    92   126   126    29    42    87    55    48    82   175    39     4    91    77   142    90    45   164   130    19   105    66   174   166    96     8   158    65   154   140    46    66   117    94    17   132    20    68    77    33    51   132   138   159    20   109    80    23   147    60   123    61    87    67    78    39   137    83     9    14   157    56    81    85   145   180   100   135    43    23    29    83     6    15     2   101    87    21   174   141   136   109    86   108    61    55    54   123    83    93    18   154   174   112    86    90   156    80   131    50    98   142   178   113   118    96    25    23     6    20     8    72    19   172   143   157   170   111   180    20   161   126     6   164    67    62   124   126   138    96    37    55   159    60   113   116    29    58    88    29    45   115    81    79    69    12    72   120    88    78   126    82   118    17   130    77   105    35   152    93     6     2   113   157   127   146   166   114   174   145   171    22    98   169   157    61   158    20    46    66     5    33    44     2   132    40   144    92    71    26   126 
   25   122    23    83    56   140   150    99    67   103    63   130   139    24    74    41    26   125   103    94    15    50   136    79   119   141    75     2   147   101    16   129   151   123   153   146    45     9   115   160    84   151   127    10    41   164    75   162   151    85    99    16   106    88    77    57   114    64   172   122    30   163   139   145    15    98    94    24    30    73    37   146   102    69   132   173   168   114    11   106    49    38   147    52   142   150     8    24   155   111    94    90    88    27   175    86    57    98   137   112     5    22     2   117    87   120    52   122   116    41   143   171    85   154   137     4    35    65     9    91   165   157    87     5   165    45     8    39     1    21   136    27   109   155    80   155    91   104    95   135   103   102    86    68    86   123    59   133   125   153   121    70    20    26   110   172    20   132    79   134   162   174    26   168    58   103   176    85   147    95   154    38   126   118    52    42   108    28    49    95   114   163    98    24    17    15    70    53    72   153   129   133   151    64   178     3   122    98    73   155 
 0.00  0.31  0.20  0.34  0.34  0.23  0.37  0.32  0.24  0.39  0.39  0.26  0.20  0.35  0.27  0.29  0.31  0.39  0.25  0.21 
 0.31  0.00  0.31  0.27  0.31  0.28  0.35  0.21  0.27  0.32  0.35  0.40  0.35  0.22  0.29  0.30  0.33  0.37  0.21  0.33 
 0.20  0.31  0.00  0.36  0.30  0.27  0.28  0.34  0.26  0.33  0.25  0.21  0.23  0.23  0.26  0.22  0.28  0.32  0.27  0.37 
 0.34  0.27  0.36  0.00  0.21  0.38  0.25  0.37  0.35  0.30  0.22  0.38  0.38  0.28  0.34  0.21  0.22  0.35  0.31  0.25 
 0.34  0.31  0.30  0.21  0.00  0.34  0.36  0.22  0.32  0.38  0.34  0.30  0.33  0.24  0.23  0.34  0.25  0.40  0.29  0.24 
 0.23  0.28  0.27  0.38  0.34  0.00  0.33  0.26  0.29  0.21  0.32  0.37  0.33  0.36  0.36  0.35  0.29  0.36  0.38  0.37 
 0.37  0.35  0.28  0.25  0.36  0.33  0.00  0.32  0.38  0.30  0.38  0.38  0.35  0.39  0.35  0.38  0.31  0.31  0.40  0.21 
 0.32  0.21  0.34  0.37  0.22  0.26  0.32  0.00  0.39  0.21  0.33  0.27  0.31  0.30  0.24  0.26  0.34  0.22  0.31  0.31 
 0.24  0.27  0.26  0.35  0.32  0.29  0.38  0.39  0.00  0.22  0.26  0.26  0.29  0.30  0.39  0.29  0.21  0.25  0.40  0.26 
 0.39  0.32  0.33  0.30  0.38  0.21  0.30  0.21  0.22  0.00  0.27  0.34  0.33  0.30  0.20  0.24  0.37  0.22  0.29  0.26 
 0.39  0.35  0.25  0.22  0.34  0.32  0.38  0.33  0.26  0.27  0.00  0.23  0.36  0.24  0.29  0.36  0.29  0.25  0.25  0.35 
 0.26  0.40  0.21  0.38  0.30  0.37  0.38  0.27  0.26  0.34  0.23  0.00  0.31  0.27  0.28  0.27  0.24  0.21  0.33  0.23 
 0.20  0.35  0.23  0.38  0.33  0.33  0.35  0.31  0.29  0.33  0.36  0.31  0.00  0.34  0.28  0.38  0.40  0.32  0.28  0.23 
 0.35  0.22  0.23  0.28  0.24  0.36  0.39  0.30  0.30  0.30  0.24  0.27  0.34  0.00  0.32  0.29  0.30  0.21  0.40  0.35 
 0.27  0.29  0.26  0.34  0.23  0.36  0.35  0.24  0.39  0.20  0.29  0.28  0.28  0.32  0.00  0.30  0.34  0.40  0.37  0.39 
 0.29  0.30  0.22  0.21  0.34  0.35  0.38  0.26  0.29  0.24  0.36  0.27  0.38  0.29  0.30  0.00  0.33  0.24  0.32  0.26 
 0.31  0.33  0.28  0.22  0.25  0.29  0.31  0.34  0.21  0.37  0.29  0.24  0.40  0.30  0.34  0.33  0.00  0.37  0.37  0.30 
 0.39  0.37  0.32  0.35  0.40  0.36  0.31  0.22  0.25  0.22  0.25  0.21  0.32  0.21  0.40  0.24  0.37  0.00  0.21  0.24 
 0.25  0.21  0.27  0.31  0.29  0.38  0.40  0.31  0.40  0.29  0.25  0.33  0.28  0.40  0.37  0.32  0.37  0.21  0.00  0.27 
 0.21  0.33  0.37  0.25  0.24  0.37  0.21  0.31  0.26  0.26  0.35  0.23  0.23  0.35  0.39  0.26  0.30  0.24  0.27  0.00 
