80 12
15
24246
25877
25844
26150
23020
26564
26379
25528
25927
24576
23835
24838
25239
25313
24618
4.1 19.4 539.8 1.9
4.8 63 881.1 2.4
3.3 59.1 367.9 2.4
2.5 57.3 535 1.9
4.3 54.9 726 1.8
1.4 21.2 932 2
1.9 68.8 209.9 2.3
2.3 68.5 506.1 1.9
2.8 53.5 698 2
2.4 18.9 400.1 1.5
3.6 38 932.6 2.1
1.6 37.3 298.8 1.9
1.5 27.8 876.1 2
3.4 31 512.6 1.9
1.6 33.6 944.4 1.8
1.6 59.6 711.8 1.7
4.8 54 209 1.7
2.7 68.8 732.1 1.7
3.5 58.9 399.6 2.2
4.8 55.2 121.5 2
1.6 67.9 249.8 1.8
2.8 62.7 787.1 2.5
4.5 18.6 511.8 2
1.9 44.1 838 1.7
4.2 55.5 240.3 2.3
3.1 22.6 569.7 1.8
2.2 45 624.4 2.5
4.3 59.4 849.4 2.4
4.6 28.3 896.8 2.2
1.7 61.6 423.7 1.8
1.3 64.3 633.8 2.2
1.1 53.2 664.5 2
4.6 52.6 424.3 2.2
2.9 50.5 820.5 1.7
3.6 36.7 458.4 1.5
4.9 45.5 650.7 1.8
3.5 70.7 255.2 1.8
1.6 25.3 789.4 2.3
1.6 32.1 561.9 1.6
4.9 60.1 225.3 2
2.6 16.5 522.3 2.4
2 21.1 331 2.1
2.7 40.8 845.4 1.7
1.2 46.3 899.2 2.3
1.4 51.1 945.1 1.8
1.5 48.6 930.2 2.4
1.5 31.3 205.8 2.1
3.1 22.7 937 1.9
1.7 74.4 229.6 2.5
5 66.9 358.1 1.7
4.4 21.8 143.1 1.8
1 58.7 663.1 1.6
2.4 64.6 946.7 1.5
1.2 19 603 1.7
4.2 61.1 654 1.9
4.3 68.1 906.6 2.4
2.8 51.2 353.6 2.3
1.7 33.8 759.6 2.4
3.7 60.1 763.2 1.9
2.2 29.9 870.7 1.9
1.9 52.3 740.6 2
1.9 19.4 59 1.8
1.4 31.4 176.4 2.2
2.5 41.1 655.8 1.6
3.5 24.1 887.2 1.7
1 24.8 367.8 1.5
4.5 72.4 473.2 1.9
3.8 17.6 299.7 1.9
1.3 35.5 55.9 2.2
1.6 30.3 725.9 1.6
2.9 19.9 452.1 1.6
4.9 55.2 923 1.9
2.8 70.7 440.1 2
4.2 49.3 857.4 1.7
3.3 64.8 157 1.8
3.9 71.3 483.9 1.7
3.1 61.1 178.1 1.6
2.5 27 725.1 2
3.1 67.6 512.9 1.8
1.9 62.8 128 2.4
3.4 49.6 603 1.7
4.1 29.7 363 2.2
2.8 48.7 672.1 2.3
2.5 71.5 917.9 2.3
1.8 33.7 103.8 2
3.6 51.6 261.7 2.2
1.1 29.9 948.8 2
4 61.4 864.4 1.6
3.9 70.5 824.5 2.4
2.9 35.8 373.2 1.7
4.9 39.3 98.9 1.9
4.7 68.2 196.6 2
4.3 15.7 828.2 1.9
3.9 70.2 718.9 2.3
3.7 66.4 165.4 2.3
2.3 58.3 302.6 1.8
2.1 20.4 486.2 1.6
4.9 23.1 891.9 2.4
3.9 72.5 166.8 1.5
4.9 25 199.6 2.2
1.5 20.8 518 2.4
2.3 58.1 941.4 2.1
3.9 19.5 77.6 2
3.7 37.2 831.1 1.7
3 46.5 734.2 2.2
3.3 39.9 694.2 2.1
4.3 52.3 284.6 2.3
1.1 74 185.6 1.9
2.4 45.8 904.4 2.5
3.8 45.1 162.1 2
2 74.3 567.9 1.6
1.1 52 897 1.9
2.7 54 550.7 2.1
4.3 54.2 109.3 1.9
3.3 37.6 572.4 2
3.1 31.2 729.1 2
4 59.4 692.8 1.8
2.4 18.4 463.2 1.8
3.9 29.8 143.5 1.8
4.3 45.7 931.1 1.9
2.5 24.5 603.9 2.1
3 34.4 545 1.7
2.5 29.6 822.5 2
3.9 25.3 655.3 1.9
2.8 39.8 489.5 1.8
4.5 28.3 773.3 1.5
4.9 47.3 366.9 2.4
2 57.2 214.8 2
4.5 41.1 271.1 2
3.1 53.9 358.5 1.6
1.6 53.3 469.8 2.3
2.9 16.3 178.3 1.9
4 70.6 556.9 2.3
3.5 47.8 134.6 1.8
4.5 70.4 702.8 1.8
4.3 66.1 512.4 2.4
1.3 44.1 142 2.3
3.5 71.6 928.1 1.9
1.7 35.7 472 2.2
2.9 54.4 774.1 1.8
4 74.6 221.1 1.6
1.1 62.8 584.7 2.5
4.2 74.2 705.1 2.3
2.8 34.6 201.2 1.7
3.2 37.7 866.5 2.3
1.3 17.6 451.7 1.7
1 28.8 297 1.8
1.6 72.7 683.6 2.3
4 25.7 759.8 2
3.3 69.3 596 1.9
1.2 42.7 909.7 1.9
1.6 38.6 441.9 2.2
2.6 28.2 809.6 1.6
4.6 56.3 501.2 1.6
3.8 40.6 300.2 2.2
3.4 57.3 107.8 2.3
1.5 70.1 256.2 1.5
3.1 63.8 250.4 2.2
1.3 25.7 207.7 1.6
4.8 23.4 647.1 1.9
1.1 53.8 196.5 1.6
3.4 47.9 305.7 1.9
2.8 34.5 827.5 1.6
3.3 33.8 560.8 2.3
2.1 50.7 92.4 2.4
1.4 21.9 944.2 2.2
4.8 49.4 906.8 2
2.5 35.2 949.5 1.8
4.9 17.2 863.5 1.9
2.6 60.1 699 2.3
1.5 62.2 231 2.1
2 51.3 534.9 2.2
5 21.9 725.5 2.1
2.7 66.1 356.2 2.4
4.7 60.6 845.2 1.5
5 60 195.6 1.7
4.1 65.4 923.2 1.8
1.8 23.5 537.1 1.8
3 42.4 665.5 2
4.6 35.3 180.1 2
1.5 46.1 225.9 2
4.5 35.9 217.5 1.9
1.4 57.9 185.2 1.9
2.2 73 192.2 2.4
2.3 57.6 579.1 2.3
1.6 67.2 842 2.3
3.1 59.2 210.3 2.4
1.6 30.6 72.2 2.5
2.2 52.9 666.6 2.3
4.8 31 787.7 2.4
3.8 42.5 595.7 1.7
2.4 18 475.2 1.6
3 52.2 744.9 2.3
2.1 34.4 330.2 2.3
4.2 31.3 86.3 2.1
3.9 49.6 562.1 2.3
4 52.6 105.1 2.2
4.1 40.6 558.8 2.2
1.8 43.4 287.6 2.2
3.2 29.1 364.4 2.4
3.4 23.7 79.9 2.4
3.4 18 456.5 2
3.5 33.4 196.2 2.4
3.5 61 372.1 1.6
4.4 56.5 431.8 2.5
4.1 30 628.8 2
3.9 39 699.6 1.7
3 26.4 55.3 1.7
4.5 69.4 312.8 2.3
3.5 65.6 724.3 1.7
4 31.4 600.4 2.2
2.8 25.6 798.7 1.7
3.8 73.8 853 1.8
1.4 45.1 115.1 2.4
4.6 59.8 496.1 1.6
4.1 40 174.6 2.3
1.5 54.3 647.1 1.8
3.6 56.5 444.5 2.2
2.2 37.5 50.7 1.8
4.6 58 620.7 1.6
2.6 61.4 108.1 2.2
4.6 61 203.5 2.2
1.1 51.2 231.3 2.1
1.1 66.7 340.3 1.5
3.5 73.1 467.3 2.5
4.8 41 475.5 2.3
2.7 15 455.3 1.8
4.9 32.9 745.2 2.2
4.4 31.7 392 1.6
3.2 63.2 924.3 1.5
3.4 54.3 109 1.6
1.2 27.9 772.1 1.9
3.7 29.1 512.3 2.5
2.3 41.9 874.8 2.2
1.8 35.8 900.1 1.9
2 60.2 642.6 2.3
4.4 22.1 266.3 1.7
4.7 24.3 408.4 2.4
1.8 15.4 649.6 2.2
2.6 63.1 651.9 2.3
4.1 54.1 856.8 2
4.5 19.8 218.3 1.9
3.9 29 404.4 2.3
2 66 633.2 2.4
4.8 58.3 431.5 1.6
4.6 55.5 605.1 2.2
1.1 61.2 889.6 2.2
3.9 71 664.4 1.8
3.6 60.9 462.4 1.8
3.8 34.3 557.7 1.7
3.1 49.6 96.1 1.8
5 23.7 243 1.8
4.4 57.4 250.3 2.1
1.9 50.1 931.9 1.6
2.1 16.2 744.1 1.8
2.6 29.1 813.2 2.4
3.2 32 78.6 2
2.5 55 172 2.2
1.2 31.6 572.9 1.5
3.5 53.5 342.1 2.4
2.4 22.8 909.4 2.4
1.1 19.5 945.7 1.8
1.4 21.4 326.6 1.9
1.6 37.4 669.4 1.8
3.8 16.7 433.1 2.4
4.3 23.8 433 1.7
2 62.1 243.2 2.2
1 73.9 476.1 2.2
3.9 48.7 106.1 1.6
2.5 44.2 155.8 2.4
3.4 47.9 323.8 1.6
2.2 58.7 251.8 1.6
4.8 43.4 898.6 1.9
1 54.8 82.3 1.8
3.6 70.8 931 2.4
1.2 65.9 316 2.2
1.7 16.9 303.6 2.2
4.6 29.3 791.1 1.7
2.9 71.1 682.6 2
1.9 49.2 806.5 1.7
2.3 74.3 446.1 2.4
4 28.5 395 2
3.4 18.9 508.1 1.8
1.6 19.8 812.1 1.6
3.9 49.6 151.3 1.7
5 32.1 296.2 1.8
2.6 69.8 112.7 1.9
3.7 15.5 58.5 2.5
3 40.1 844.6 2.2
1.7 50.7 588.2 1.9
2.5 21.2 856.4 2.4
4.8 33.3 249.9 2.1
4.7 29.5 483.8 2.2
1.8 45 82.5 2
4.9 18.7 444.8 2.4
3 41.8 65.9 1.8
3.5 55.2 568.8 2.2
1.2 62.9 442.6 1.6
3.1 63.6 735.4 1.6
1.6 43.6 307.8 2.1
4.7 65.3 464.5 2
2.4 60.9 766.6 1.7
1.2 39.7 909.2 2.3
2.4 34.7 259.3 1.5
4.7 57.3 565.3 2
3.5 73.3 69.5 1.7
4.8 33 539.5 2.3
4.8 56.8 785.7 2.4
1.4 57.5 681.6 1.7
3.8 52.2 599.7 2.2
3 62.7 767.9 2
1.8 40.3 656.3 1.7
4 30.9 302.3 1.6
4 18.2 176.9 2.1
4.5 36.1 718.8 1.7
4.1 25.9 86.8 2.3
4 47.5 370.2 1.7
4.5 72.3 230.2 1.8
4.4 30.2 186 2.1
2.6 27.6 919.3 2.2
3.1 72.5 89.8 1.9
3.5 21.5 878.2 2
2.9 68 543 2
3.6 31.3 755.5 1.6
2.7 68.7 104.3 2.3
2 65.1 459.6 1.7
3.2 17.3 640.3 2.5
2 42.2 448.8 2.1
1.2 68.9 509.6 1.7
4.1 65.3 834.2 1.8
2.8 20.4 580.9 2.1
4.6 33.4 240.9 2
1.4 58.1 637 2.2
3.9 25.7 608.4 1.8
4.5 48.1 222.1 2.5
3.9 38.2 482.3 1.7
2.1 28.8 626 1.9
3.4 29.5 83.4 1.8
2 45 694.4 2.2
2.5 19.8 708.1 2.4
3.4 23.5 943.4 1.7
4.5 64.2 313.8 2.1
1.4 49 117.5 1.5
4.1 38.5 133.8 2.5
3.7 24.5 548.3 1.9
3.8 41.8 828.4 1.5
3.9 70.4 489.2 2.2
3.5 43 519.6 1.8
2.6 74 130.9 1.7
3 27.1 173 2.4
3.1 40.2 251.8 2.1
1.7 73.3 198.5 1.9
1.5 44 226.7 2.1
2.9 51.2 413.7 2.4
1.2 17.8 87.1 2.3
2.2 47.3 448.4 2.3
2.7 44.2 877.5 1.6
3.5 48.5 795.6 1.9
1.2 17.9 342.1 1.9
1.1 73 382.1 1.9
1 42.1 511.2 2.4
1.3 22.1 520.5 2.3
2.6 30.7 199.1 2.5
2.3 69.1 297 1.7
2.1 23.7 310.6 2.5
3 15.1 880.9 1.8
1.4 18.7 597.2 2.2
2.9 39.8 865.7 1.6
4 21.5 549 1.5
4.2 28.9 681.1 1.7
3.6 36.5 167.5 1.8
3.7 44.6 596.9 1.7
3.1 37.2 741.7 2
1.6 43.8 501.9 2.2
1.8 57.8 350.8 1.8
1.8 45.9 769.7 2
3.1 31.8 127.3 2.1
4.1 33.1 530.2 2.5
3.9 22.4 153.5 2
1.2 69.8 748.2 2.4
4.9 19.7 146.1 2.4
2.7 38.1 212.1 2.3
3 36.4 804.4 2.1
1.2 34.7 777.7 2.2
3.6 37.1 756.9 1.7
4.9 38.2 210.3 2.4
4.7 28.1 252.2 1.6
1.5 60.5 745.9 1.7
3.7 27.8 309.2 1.6
2.4 18 599.8 2.2
3 16.3 154.6 2.1
3.2 46.5 719.1 2
1.4 25.6 467.2 2.2
2.1 34.9 397.8 1.6
1.3 66.8 502.4 1.7
1.5 17.2 229.1 2.2
3.4 43.9 511.4 2.4
1.6 55.5 293.9 2.3
3 22.6 641.7 2.2
3.4 28.2 452.1 2.4
3.8 46.6 749.9 1.5
4.1 50.4 829.5 2.3
4.8 29.7 142.4 2.1
2.8 45.7 497 2.5
3.5 70.4 205.9 1.7
4.7 16.8 778.7 1.7
3.7 69 327.1 2.4
3.3 45 371.3 2.5
2.5 32.4 867.7 2
2.8 48.2 451.6 1.7
3.9 50.7 701.5 2.4
1 53.2 922 2
2.8 21.7 680.1 2.3
4.1 62.7 666.6 2.1
2 22.7 374 2.4
4.5 29.7 631.2 2.4
4.8 49.5 772.3 2.4
3.5 54.7 460.6 1.6
2.8 16.3 183.8 2
1.1 33.2 719.6 1.8
2.9 62.4 862.2 2.1
1.7 24.5 233.6 1.6
1.8 35.9 847.1 2.4
2.5 29.1 288.3 1.8
2.2 31.7 813.5 1.9
5 52.6 855 2.3
1.6 23.8 915 2
3.9 63.5 753.5 2.2
3.8 34.6 362.1 2.4
2 68.1 406.3 1.7
2.3 50.2 398.4 2.2
3 29.3 74.9 1.9
3.6 59.9 319.1 1.6
1.4 22 419 2
3.4 24.5 673.8 2.4
1.5 65.1 680 1.7
1.9 60.6 437 2.2
3.3 59.4 672.7 1.9
4.2 15.7 149.5 1.9
4.8 40.9 812 1.7
1.5 64 57 2
1.2 49 382.3 1.9
5 37.9 922.3 1.7
3.5 19.4 947.1 2.5
1.2 69.1 829 2
3.4 36.7 934.9 2.3
5 48 129 2
4.3 74.2 129.7 2.5
3.7 59.3 482.5 2.2
1.5 22.2 880.6 1.8
3.3 52.5 783.6 1.7
4.3 62.8 708.6 2.4
4.6 28.7 270.5 2.1
2.2 41.2 480.2 1.7
4.8 15.4 509.1 1.9
2.2 49.9 944.4 2.1
2.6 54.7 329.5 1.7
4.2 51.2 81.8 1.6
4.1 48.8 500.1 2.2
2.1 56.2 917.9 1.6
4.2 28.8 802.2 2.1
3.2 71.1 204 2
5 31.1 351.7 1.9
1.4 73.1 277 2.5
4.2 64.6 432.8 2.3
2.5 33.7 193.1 2.2
1.9 39.5 411.8 1.6
3.7 49.1 129.9 1.7
4.2 37.4 441.4 1.6
3.8 71.2 293.3 2.5
2.6 69.6 109.9 1.9
2.4 40.1 348.9 2.5
2.5 74.3 351.9 2
4.1 47.3 479.3 1.8
3.7 36.9 69.1 2.2
1.1 67 563 2.5
1.6 21.8 749 2.3
4.6 60.8 546.1 2.1
2.4 16 207.6 1.9
4.7 51.2 919.2 2.4
2.9 42.2 826.3 2.3
2.2 21.5 508.3 2.4
3.3 57.9 719.6 2.2
1.9 48.9 845.5 2.5
1.7 26.2 474.1 1.6
2.4 30.1 274 1.8
3 54.3 744.9 1.6
3.3 20.3 918 2.1
4.8 19 810.3 2.3
4.4 47.2 672.2 1.7
2.3 73.9 827.4 1.8
4.5 24.7 339.7 1.8
3 17.9 819.7 1.8
3.2 29.9 678.8 2.4
3.2 32.7 609.7 1.8
3.6 41.3 558.4 2.4
1 24.1 569.6 1.7
3 37.4 628.5 1.9
4.3 38.2 314.6 1.6
2.4 53.1 455.8 2.3
2.6 57 814.1 1.9
2.1 32.5 333.1 1.6
4.5 21.3 352.1 2.4
1.7 31.9 281.1 2
4.9 45.6 473.9 2.3
4.9 29.2 671.6 1.8
4.7 35.4 666.8 1.6
4.5 23.5 435 2.2
4.1 70.2 792.9 2.4
4.3 53.6 381.1 1.7
2.1 67.9 64.1 1.9
1.4 26.2 363.6 2.5
4.7 27.8 445 1.8
2 70.6 57.6 2.4
4.1 37.9 109.2 2.4
4.8 29.6 210.8 2.2
3.7 45 632.6 2.2
4.4 53.5 641.4 2.5
2.3 46.3 99.6 2.5
4.5 46.7 753.4 2.3
4.2 57.6 679.4 1.8
3.4 64.8 766.3 2.4
3.2 33.1 812.4 2
2 29.4 617.3 1.9
2.6 43.2 914.9 2
3 45.2 101.8 2
3.8 38.6 680.4 2.2
1.4 43 250.6 1.8
4 21 408.5 1.6
3.1 59.9 905.8 2.4
4 38.1 514.9 2.3
4 44.3 135.8 2.3
1.7 33.9 543.8 2.1
4 34 365.7 1.8
2.9 74 638.6 2.4
4.1 24.8 280.8 2.4
2.8 53.1 597.8 1.8
3.7 28.5 897.1 1.9
4.2 58.7 669 2
2.1 46.9 405.7 1.9
3.4 23.5 594.1 1.9
3.2 47.4 390 2.3
3 34.4 160 1.7
2.7 25.4 878.4 1.8
1.3 18.3 791.3 2.4
5 58.5 245.5 1.7
3.4 44.8 394.2 1.9
3.1 60.3 372.7 2.4
3.6 41.9 192.7 2.3
3 70.5 525.6 1.9
3.6 65.7 318.3 2.3
3.8 48.6 253.9 1.6
3.4 53.2 795.6 2.1
3.2 47.3 607 2
2.3 31.8 617.3 1.6
2.1 16.2 129.5 2.4
4.1 51.2 468.8 2.2
2.3 50.5 81.9 2
2 46.6 600.8 2.2
5 55.9 320.3 1.7
3.2 71.8 827 1.7
1.5 25 635.7 2
4.2 19.5 940.8 1.5
4.7 74.1 278.1 1.9
3 50.6 691.4 1.7
2.6 20.7 230.1 2.4
2.5 55.5 832.9 2.1
3.7 48.4 204.6 2.5
2.2 50.3 418.5 2.4
2.6 61.6 422.6 2.5
3.1 62.4 638.7 1.6
2.2 64.8 631.5 2.5
2.7 49.2 254.7 2.3
4.6 73 887.6 1.9
2.5 41 411.7 2.4
2.7 43.8 303.8 2.3
1.4 59.4 594 2.4
1 16.4 693.7 2.2
2.3 20.3 554.8 2.3
3.1 55.7 936 1.7
4.1 66.9 484.9 1.6
2.5 36.5 441.5 2
1.4 15.3 323.6 1.6
4.9 70.4 226.1 1.6
2.7 62.6 719.2 2.3
5 50.8 413.3 2.1
1.8 43.4 881.7 1.8
1.6 47.6 52.4 2.2
4.7 67.3 685.7 1.7
4.6 56.8 850.9 1.7
4.5 16.7 420.9 2
4 64.2 496.7 2.2
2.4 17.6 390.1 1.8
3.2 73.7 694.4 2.2
1.2 21.6 95.8 1.6
1.2 29.1 117.8 2.3
1.3 51.5 732.3 2
4.4 43.2 804.1 1.7
4.1 33.6 921.3 1.7
2.1 50.1 219.5 2.3
4.7 62.6 734.3 1.9
2.9 16.2 185 2.3
3.5 68.7 943.6 2.4
3.5 22.1 165.8 2.2
4.6 69 382.1 2.1
4.6 72 778.2 2.1
3.4 58.6 262.4 1.7
3.2 41.9 745.1 2.4
3.9 30.1 223.9 1.7
3.7 43.5 755.5 2.2
2.5 35.6 136.6 2.4
3 64.7 576.5 1.7
3.9 27.3 472.3 2.5
3.5 44.6 682.9 2.1
1.6 42.2 817.2 2
1.5 64.2 389.5 2.3
4.9 63.1 480.4 2.3
1.2 37.2 396.5 2.2
1.2 35.9 390.5 2.1
3.4 59.4 610.2 1.9
4.9 46.8 276.6 1.6
2.8 60.4 702.7 1.9
4.7 39.5 179.8 1.9
1.4 17.5 755.7 2
4.5 68.1 310.7 2.4
1.8 56.2 459.8 2
4.2 64.6 401.1 2
2.6 66.8 251.6 2.5
2.7 27.4 757.5 1.8
3.7 21.2 770.5 1.8
4.2 60.8 437.3 2.2
1.3 42.3 76.8 1.6
3.1 56.7 97.7 1.8
1.4 61.8 434.1 2.3
3.6 23.6 355.3 1.8
2.4 62.2 559.7 2
2.7 26.9 690.6 2.1
4 73.2 720.9 2.2
3.7 43.5 379.7 2.4
3.2 42.9 865 2.2
1.9 41.7 722.8 2.2
3.1 61.4 175.7 2
2.6 61.7 475.2 1.7
2.6 56.4 143.5 1.8
3.7 25.4 258.7 2.3
1.9 68.6 505.2 2.2
1.6 21 468.9 1.6
4.9 49 585.3 2.1
2.3 32.1 372.7 1.5
2.4 69.8 97.1 1.9
2.5 41.9 74.8 1.6
2 50.1 613.5 2.5
1.9 74.9 836 2.4
4.3 44.8 596.4 2
4.3 54.4 394.9 1.9
2.2 28.4 631.4 1.5
3.1 59.2 793.2 2.2
3.2 15 239.4 2.2
1.3 50.6 175 1.8
2.4 37.4 471.7 1.9
4.9 58.5 820.4 1.9
1.5 34.8 943 2.4
4.3 59.3 89.2 2.4
1.6 43 273.8 1.7
2.3 47.6 237.2 2.3
2.4 62.7 785.8 2.3
3.6 72.3 819.3 2
1.8 27.2 904.1 2.3
2.7 37.5 572.9 2.3
1.9 57.3 693.1 1.9
2.7 25.5 488.8 2
1.7 34.4 640.6 1.6
1.2 74.1 166.4 1.8
4.8 74.3 880.6 1.9
3.9 69.4 880.4 1.6
4.2 67.4 356.5 1.8
2.5 24.7 885.5 1.7
4.6 16.7 577.3 2.3
4.3 59.6 220.2 1.9
3.4 45.1 754.7 2.1
4.8 44.9 911.2 2.4
3.9 43.1 315.3 1.5
4.3 30.5 516.2 2
1 31.1 275.1 2.1
1.6 48.4 848.6 1.7
2.6 44 675.4 2.3
4.6 25 883.7 2.1
3.8 52.1 627 2.2
3.1 48.7 930.2 1.7
4.9 45.7 904.2 1.9
2.9 15.5 105.1 2.3
2.2 71.8 346.2 1.6
2.5 42.2 179.4 2
1.2 72 200.5 2.2
2.1 53.9 694.2 2.5
3.5 25.8 596.8 2.3
3.3 29 127.2 2
4.3 60.6 254.7 2.2
3.7 54 128.6 1.9
1.8 69.4 225.4 1.6
3.9 47.6 64.6 1.6
1.7 42 705.7 2.4
1.6 62.2 765 2
1.5 44.3 881.8 2
4.8 33.3 720 2.1
4 50.5 939.7 1.7
4 74.2 348.1 2
2.5 62.8 558.1 1.8
3.6 65.8 741.9 2.3
4.2 38.4 709.9 2
3.1 20.4 493.8 1.9
1 44.8 245.2 1.7
1.8 28 585.2 1.6
5 48.1 178.4 1.5
2.5 74.5 256.7 2.3
2.3 52.4 856.1 2
4.4 36.2 881.9 2
1.6 69.1 895.8 2.2
3.2 25.6 724.9 2.3
3.3 72.1 447.8 2.3
4.7 38.3 666.9 2.1
4.9 66.8 548.9 1.7
4.2 44.4 488.8 1.9
4.8 58.6 371.5 1.5
1.8 52.2 436.1 1.9
3.4 53.6 550 2.4
3.8 72.1 943.6 1.8
3.1 23.9 448.3 1.8
4.2 47.3 320.9 2
1.1 48.3 276.1 1.7
4.5 71.3 762.8 1.9
1.3 50.7 647.8 2.1
1.4 17.2 628.5 1.7
1.2 27.8 702.9 2
3 56.8 80.6 2.1
3.7 51.2 604.6 2.3
4.4 33 493 1.8
3.3 60 341.7 1.7
4.3 25.1 150.5 2.3
3.5 44.5 715.5 1.9
3.3 57.6 946.7 1.5
4 43.2 482.5 1.6
3.1 33.8 347.8 1.7
1.6 20.4 780.8 2.4
1 21.8 520.1 1.6
3.8 18.3 191.1 2.2
2.5 56.1 148.5 1.5
1.9 32.7 126.9 2.2
4.8 25.4 900.2 2.2
5 64.2 744.1 1.6
3.3 66.5 187.5 2
3.6 50.9 641.9 1.9
2.9 63.9 711.4 2.1
1 18 86.9 2.1
1.5 18.7 678.9 2
1.3 49.1 243.6 1.7
1.9 56.3 374.1 2.4
3 56.6 318.2 1.5
1.1 18.9 599.4 1.9
4.3 60.5 340.7 2.1
1.5 63.8 757.6 1.8
2.4 26.7 491.8 1.7
1.1 63.4 934.6 2.1
2.3 17.7 774.9 2.3
4.4 45.4 829.9 1.7
1.7 27.8 896.7 2.5
2.4 48 507.9 2.4
2.3 48.9 401.8 2.4
1.3 72 579.4 1.9
1.7 73.6 458.7 1.9
2.9 26.3 521 1.7
3.1 48.2 65.4 2.5
3 46.5 479 2.1
1.4 63 595.5 1.6
2.4 59.5 806.9 2.1
3.6 21 70.5 1.9
3 22 417.6 2
2.3 41.1 881.8 1.8
4.3 30.1 662.5 2.4
2.9 73.5 423.7 2.2
2.1 21.5 840.8 2.1
2.4 30.6 801.8 1.8
4.6 60.4 459.5 2.2
2.4 38.1 244.5 2.1
3.4 48 151.4 2.5
1.6 50.2 597.4 2.1
2.2 33.3 711 1.7
3.9 60.4 269.3 2.1
2 67.2 762.8 2.2
1.9 37.4 145.2 1.8
3.7 50.4 570.9 2
1.2 35 368.6 2.3
3.4 65.3 255.2 2.3
4.1 38.8 896.3 1.9
4.1 70.7 274.4 2
3.2 49.9 643.1 1.9
2.3 37.8 642.6 2.5
2.5 42.3 732.8 2.4
2.7 55.1 588.7 2.2
4.5 35.4 805 2.3
2.6 27.4 463 2.4
1 28.7 204.1 1.7
4.1 53.4 80.1 1.7
1.7 47.3 329.8 2.3
2 57.8 808.7 2.1
3.6 47.4 535.1 2
3.2 61.2 524.5 1.8
2 20.6 74.2 2.3
3 21.9 833.9 2.5
1.5 22.1 904.9 1.9
2.5 52.2 177.5 2.2
3.2 43.3 103.6 1.7
3.1 68.4 612.7 2
3 54.6 895.3 1.7
1.5 17.2 152.3 1.8
2.7 57.6 591.5 2.1
3.6 56.2 724.9 1.8
3 23.2 219.6 2.3
1.3 34.7 700.7 2.5
2.6 35.1 782.9 1.6
3.6 32.1 146.8 2.4
3.5 57.5 114.5 2.4
3.9 54.2 683.8 2.2
3.3 63.5 246.8 1.7
4.3 66.6 146.9 2.4
1.7 55.8 228.3 2
3 35.6 100.9 2.5
3.7 54.8 523.7 2
4.8 25.3 774.7 2.1
2.9 40.8 433.6 2
2.3 54.3 728.5 1.9
2.6 72.5 521.6 1.8
1.2 18.5 442.9 1.7
4.4 61.2 797.1 1.6
3.6 15.8 57.3 2.3
4.1 17.7 76.2 1.8
2.9 25.5 373.7 1.6
4.7 17.1 141.4 1.8
2.4 47.1 834.6 1.7
3 26 125.8 1.6
4.7 37.6 133 2.3
2.2 48.3 827.9 1.8
1.6 53.7 430.5 2.2
3.4 43.2 721.2 2.2
3.9 53.7 764.5 2
4.1 32.6 769 2
4.1 23.4 101.1 2.1
4.9 30.3 130.8 2.3
4.2 23.2 424.4 2.4
1.4 16.7 644.4 1.5
5 47.3 436.8 2
1.4 22.8 374.7 2.1
4 33.3 91.6 1.7
3 67.6 269.9 1.8
2.4 74.5 842.4 2
4.5 73.3 549.3 2.2
2 74.7 69.3 1.6
4.6 32 928.6 2
1.2 55 448.8 1.6
4.4 22.1 346.5 1.9
2.1 18.3 521.8 1.7
2.5 52 906.7 1.9
1.4 45.4 96.7 2
1.5 20.5 227.8 2.2
1.9 54.7 714.3 1.6
3.5 66.3 805.8 2.2
4.3 62.5 182.8 1.8
3.9 34.9 681.4 2.3
2.7 60.5 221.9 2.1
3 15.5 922 1.8
2.4 38 752 2.3
1.4 61.7 118.2 1.9
3.2 37.7 63.4 2.3
1.3 53.1 795.3 1.7
1.9 55 923.8 2.5
1.4 28.7 506 2.4
1.2 63.2 186.1 1.6
1.8 19.7 773.2 1.6
3 23.5 233.3 2.3
1.7 28.9 557.3 2.2
4.7 25.2 280.2 2.1
3 69.9 656.9 1.7
4.1 53.9 576.9 2.4
4.7 33.3 622.4 1.9
3.8 16.1 491.6 2.2
2.1 67.7 313.1 2
2.7 18 849.3 2.2
2.2 41.2 239.4 2.5
1.5 46.1 537 1.5
4 60.9 539.1 2
3.6 43.7 225 2.2
1.8 51.2 804.2 1.8
2.7 34.5 331.4 1.5
1.2 42.7 890.4 2.4
2.2 61.2 693.1 2
1.1 63.6 415.9 1.8
2.4 53 151.3 2.2
4.9 66.6 946.4 2.1
1 41.9 62.2 1.9
1.2 48 371.5 1.8
2.4 20.6 55.8 1.8
1.8 67.9 214.6 1.5
4.5 43.7 101.6 1.7
1.9 70.3 396.5 2.2
1.7 74.1 513.7 1.9
3.5 56.8 698.9 2
1.1 37.1 871.6 1.9
2.9 48.7 324.5 1.6
3.9 23.1 415.6 2
1.7 63.2 601.4 1.8
3.7 32 579.8 2.1
2.6 32.6 866.6 1.6
1.6 32.2 467.6 2.2
1.6 41.3 757.8 1.7
3.4 64.6 604.7 2.1
2.4 64.8 701.9 2.4
1.6 38.2 189.9 1.6
1.5 39.8 708.9 1.6
4.6 66.1 549.5 2.3
3.9 15.8 765.5 2
2.2 15.7 741 2.4
1.4 72.7 505.7 1.6
4.6 34.6 594.1 2
4.6 29.4 490.7 1.7
4.7 60.4 919.1 2
2.3 36.9 202 1.6
2 29.3 512.5 1.7
4.4 39 860.6 2.5
4 47.3 918.8 2.4
3.9 40.8 425.4 2.1
2.8 43.4 445.4 2
1.2 69.8 131.9 1.6
2.8 52.2 424.6 1.9
2.8 61.6 630.8 2.4
4.7 22.4 238.6 2.2
2.6 63.5 787.4 1.9
4.3 36.2 529.1 1.7
2.9 52.9 289.4 1.8
3.5 23.3 506.5 2.2
3 31.8 65.8 2.1
4.8 34.1 439.3 2.3
4.6 18.1 118.1 1.8
4.6 42 340 1.9
3.9 21 53.5 1.6
2 57.3 213.7 1.6
2.3 52 893.2 2.4
1.4 53 412.2 2
4.7 33.3 107.4 1.9
4.7 18.9 821.2 2.4
2.7 44 268.8 2.3
4 72.7 635.7 2.4
3.9 67.3 257.7 1.8
1.2 51 489.6 2.2
2.1 24.9 200.1 2.2
2.8 52.8 335.3 2
1.2 70.8 567.8 2
3.7 55 911.6 2.1
3.5 35.4 554.4 2.3
4.1 43.3 494.2 1.7
3.4 66.6 516.2 2.1
2 55.8 560.8 2.2
1.3 52.9 437.4 1.6
4.6 25.4 233.1 2.5
2.3 23.8 491.7 2.3
4.8 24 84.5 1.8
3.5 51.2 937.1 2.2
2.3 26.7 367.7 2.2
4.8 61.9 347.3 1.5
4.9 21.2 660.7 1.9
2.9 65.9 891.2 2
2.1 59.9 450.1 1.6
3.1 38 518.8 1.8
2.2 32.2 366.1 2.2
3.1 65 345.3 2.3
4.4 61 346.7 2.2
1.2 63 143.2 2.1
1.3 62.7 229.1 2
2.9 35.7 818.1 2.5
4 62.9 801.3 2.3
2.3 69.5 54.7 2.1
3.7 26.3 185.2 1.8
3.1 36 707.3 1.6
2.5 30.5 159.4 2.1
2.3 64.8 157.7 2.3
3.3 68 662.1 2
2.5 68.4 101.8 2.1
2.4 16.8 932.9 2.4
4.9 63 830.9 1.5
4.6 18.9 844.7 1.7
4.1 17.2 536.2 2.3
4.7 17.2 756.4 2
4 52.8 765.1 1.5
1.9 44.9 591.9 2.3
1.5 19.8 468.7 1.6
1.4 62.3 734.1 2.3
2.3 64 452.3 1.6
4.7 66.1 287.2 2.4
3.7 60.2 219 2.4
5 51.5 843.7 1.6
1.1 49.2 891 2.2
1.8 39.7 884.5 2.4
4.7 59.6 671.7 2
1.9 26.7 212.9 1.8
2.1 63.4 662.4 2.1
1.8 29.3 79.5 2.4
4 15.8 559.6 1.9
2.4 36.1 350.9 2
2.4 17.7 728.6 2
3.3 68.4 372.8 1.6
1.5 68.6 187.8 2.3
1.9 74.5 414.5 2.1
1.2 26.1 295.2 1.6
2.6 56.4 197.8 1.5
1.2 41.2 135.4 2
2.2 29.2 355.1 2.1
2.2 58.1 739.3 1.5
4.7 54.2 672.1 1.9
1.9 32.2 305.8 1.9
1.8 36.2 282.8 1.9
2.8 60.9 403.6 2.3
1.6 26.6 171.5 2.2
3.6 38.2 777.3 2.1
3.3 25.6 713.5 2
4.5 44.1 903.1 2
1.1 53.3 135.4 1.9
2.2 33.8 231.6 1.6
4.8 63.3 552.2 2.3
2.8 33.8 335.2 2.1
3.8 31.4 549.5 2.5
1.4 38.7 894.3 1.8
4.6 74.2 589.1 2.5
3.6 71.4 702.8 2
3 59.4 587.9 2.3
3 32.8 573 2.3
3.6 70.7 652.2 2.1
3.1 47.2 526.4 1.6
1.8 27.8 650.1 1.7
2.4 43.2 159.3 1.9
1.8 28.8 656.5 2.2
2.8 31 103.2 2.4
2.8 28 571.4 1.7
4.5 30 294.2 2.4
3.2 52.2 327.7 2.1
4.7 24.7 729.8 1.5
1.9 47.6 677.6 2
1.3 16.8 684.2 2.1
4.8 40.5 625 1.6
3.4 21.4 577.3 2.2
3.3 53.9 93.5 2.2
3.9 31.7 821 2.3
2.5 53.6 555.4 1.6
3 40.7 877.5 2.3
1.8 21.9 824.3 2.2
3.1 42.6 781.1 2.3
3.1 60.9 661.1 1.8
4.4 67.6 440.1 2.2
2.2 72.4 941.8 2.3
3.1 48.5 932.5 1.7
2.6 72.8 318.8 2
3.4 32.5 569.9 1.6
2.6 25.2 858 2.4
3.1 16.6 745.7 1.6
3.5 25.3 314.7 1.8
3.8 27.7 917.8 1.5
1.6 22.7 536.5 1.5
4.4 21 372.1 1.8
2.4 59.9 866.2 2.4
2.9 53.6 619.9 1.7
4.5 67.8 243.8 1.8
4.6 61.1 549.3 2.3
1.6 15.5 497.8 1.7
4.6 51.5 364.3 2.4
2.2 41.6 778.3 2.1
1.4 64 301.7 2.3
4.6 21 299.6 2.1
4.9 37.6 84.3 1.7
2.2 48.7 810.6 1.5
4.7 38.9 798.8 2.4
3 64.8 208.9 2.2
4.6 37.2 375.4 2.4
2.6 53.2 647.3 1.5
2.1 28.1 456.8 2.2
3.2 48 801.6 1.8
1.4 74 424.6 1.6
2.2 53.3 50.2 1.5
1.4 20.2 435.4 2.4
1.3 66 587 1.7
2.7 55.8 844.1 2.1
3 49.1 185.1 1.9
1.3 35.4 134.7 2
4.9 15.4 548.6 2.1
1.3 30 587 2.2
3 16.3 238.3 1.6
3.5 32.9 165.4 1.6
3.1 66.9 234.6 2.3
1.2 72.8 789.9 1.6
1.7 30.9 713.6 2.3
2.5 63.3 492.5 1.8
3.6 21.5 814.9 2.4
1.2 66.1 590 2.1
4.8 51 314.1 1.8
3.2 65.4 302.9 1.7
4.6 52 494 1.6
2.3 25.7 339.7 2.2
3.2 27 806.4 2.1
3.5 56.1 122.8 2.1
1.2 27.5 340.6 1.5
4.2 43.3 939.2 2.2
1.4 27.9 818.9 2.2
5 68.6 66.5 2.5
4.8 18.9 594.5 1.8
1 38.3 789.6 2.4
1.7 73.3 524.9 1.9
2.4 49.9 108.1 1.9
4.8 17.2 526.8 2.3
4.3 29.8 553.7 1.6
2.3 28.7 290.2 1.9
3.1 74.7 352.7 2.3
3.8 32.3 84.4 2.2
1.5 49.2 604.4 1.7
1.2 37.6 889.9 1.7
3.6 51.6 610.8 2
5 65.6 187.9 1.9
1.2 46.7 573.9 1.7
4.2 42.9 841.4 1.7
2.8 56.8 844.5 2
2.2 23.7 217.7 2.1
3.1 52.5 349.6 2.4
2.6 19.9 726.6 2.1
1 38.9 90.2 1.6
2.5 20.3 934.9 2
4.4 24.3 803.6 2
3.2 72.5 59.9 2
4.8 51.8 257.1 1.7
2.8 46.4 617.7 1.8
1.7 54.4 645.3 2
1.5 20.9 450.5 2
2 55.7 744.8 2.3
2.8 58.9 456.9 1.7
1.7 45.6 413.9 2
4.3 49.6 486.2 1.8
2.6 45.6 383.4 1.8
1.8 48.5 685.8 2
1.5 34.4 789.5 1.6
3 27.8 553.9 1.6
3 25.3 935 2
1.4 73 113.1 1.5
2.3 15.6 77.8 2
4.7 35.2 261.7 1.9
3.9 48.4 666.4 2
1.5 36.3 183.4 2
1.5 45.5 554.7 2.5
1.1 31.9 748.2 1.6
3.6 39.7 524.8 2.3
3.9 69 615.8 2
2.9 70.5 517.8 1.9
2.6 21.6 893.2 1.8
2.9 45.7 476.1 2.1
2.4 73.2 342.7 1.9
2 25.8 245.9 1.8
5 35.3 892 1.8
4.4 37 479.3 2.2
1.9 21.3 772.8 2.2
2.8 71.2 156.7 1.7
3.6 51.4 177.3 1.6
4.6 65.5 391.1 1.7
1.8 60.7 129.9 2.5
3.2 54.7 847.7 1.8
1.7 64.5 623.8 1.9
1.3 29.1 346.5 1.9
4.2 67.5 184.6 1.7
1.1 70 661 2.1
5 65 320 1.7
1.3 57.6 175.7 1.6
4.8 19.1 922.1 2.4
2.4 55.8 345 2.2
1.2 58.4 509.6 1.9
1.5 35.7 75.1 2.2
4.6 24.8 441.3 2.2
2.6 71.3 564.6 1.5
3.2 29.9 523.8 1.6
1.5 74.4 235.2 2.2
4.4 54.8 717.5 2.4
3 61.6 727.1 1.6
3.7 43.6 704.7 2
3.7 36.8 670.3 2.3
4.1 70.6 321.1 1.8
4.5 22.3 57.4 1.7
3.8 33.1 330.4 2.4
2.2 20.8 627.3 2.3
3.5 63.7 309.7 1.6
3.8 44.2 462.1 2.2
1.2 63.7 510.2 2.4
2.3 50.2 798.1 1.8
2.1 41.3 493 2
4.7 59.8 936 2.4
2.5 19.5 307.3 2.1
1.7 33.9 910.7 1.6
3 57.2 67.4 2
3.7 52 610.1 1.5
0.2 0.2 0.4 0.3 0.2 0.3 0.4 0.3 0.3 0.2 0.4 0.3 0.3 0.4 0.2 0.3 0.3 0.3 0.3 0.4 0.4 0.4 0.2 0.3 0.4 0.3 0.3 0.4 0.4 0.2 0.2 0.3 0.2 0.3 0.2 0.3 0.4 0.2 0.3 0.3 0.4 0.2 0.3 0.4 0.4 0.3 0.4 0.2 0.3 0.3 0.3 0.4 0.3 0.4 0.4 0.3 0.3 0.3 0.3 0.2 0.2 0.3 0.3 0.2 0.3 0.2 0.3 0.2 0.3 0.4 0.4 0.2 0.2 0.3 0.3 0.4 0.2 0.2 0.3 0.3 0.2 0.3 0.3 0.2 0.2 0.4 0.3 0.3 0.4 0.4 0.4 0.2 0.4 0.4 0.4 0.3 0.3 0.3 0.2 0.4 0.3 0.3 0.3 0.4 0.2 0.3 0.2 0.3 0.3 0.3 0.2 0.3 0.2 0.3 0.3 0.3 0.3 0.2 0.2 0.3 0.4 0.4 0.2 0.3 0.3 0.3 0.3 0.2 0.4 0.3 0.4 0.3 0.2 0.4 0.3 0.3 0.2 0.2 0.3 0.4 0.3 0.4 0.2 0.2 0.4 0.4 0.4 0.3 0.3 0.2 0.3 0.3 0.4 0.3 0.4 0.3 0.4 0.4 0.3 0.4 0.2 0.3 0.3 0.3 0.3 0.3 0.3 0.3 0.3 0.3 0.3 0.4 0.2 0.4 0.3 0.3 0.4 0.2 0.4 0.2 0.3 0.4 0.3 0.4 0.3 0.4 0.3 0.2 0.4 0.3 0.3 0.2 0.2 0.4 0.4 0.3 0.2 0.3 0.4 0.3 0.3 0.2 0.4 0.3 0.4 0.3 0.2 0.3 0.3 0.4 0.4 0.2 0.4 0.4 0.3 0.3 0.4 0.3 0.4 0.3 0.2 0.4 0.2 0.2 0.2 0.3 0.3 0.3 0.3 0.3 0.4 0.4 0.2 0.2 0.3 0.4 0.3 0.3 0.2 0.2 0.2 0.3 0.3 0.4 0.3 0.4 0.4 0.4 0.3 0.4 0.3 0.3 0.4 0.3 0.3 0.2 0.4 0.2 0.2 0.4 0.3 0.4 0.4 0.3 0.3 0.3 0.3 0.4 0.4 0.3 0.3 0.3 0.3 0.3 0.3 0.3 0.3 0.4 0.4 0.2 0.3 0.3 0.2 0.3 0.2 0.3 0.2 0.3 0.3 0.3 0.3 0.3 0.3 0.3 0.4 0.3 0.4 0.3 0.4 0.3 0.3 0.3 0.3 0.3 0.2 0.2 0.3 0.2 0.3 0.3 0.4 0.4 0.2 0.2 0.4 0.3 0.4 0.3 0.3 0.4 0.2 0.3 0.4 0.4 0.3 0.3 0.3 0.4 0.2 0.3 0.3 0.3 0.4 0.2 0.3 0.4 0.3 0.4 0.2 0.2 0.3 0.4 0.4 0.4 0.4 0.4 0.2 0.2 0.3 0.4 0.3 0.2 0.3 0.3 0.3 0.3 0.4 0.4 0.2 0.3 0.4 0.3 0.3 0.3 0.4 0.4 0.3 0.4 0.2 0.3 0.3 0.2 0.3 0.3 0.3 0.3 0.3 0.2 0.3 0.3 0.3 0.3 0.2 0.3 0.4 0.3 0.3 0.4 0.3 0.4 0.3 0.4 0.3 0.3 0.3 0.4 0.2 0.3 0.2 0.3 0.4 0.2 0.2 0.3 0.3 0.3 0.3 0.3 0.3 0.3 0.4 0.2 0.2 0.3 0.3 0.4 0.4 0.3 0.2 0.3 0.4 0.4 0.4 0.3 0.3 0.3 0.4 0.3 0.3 0.3 0.3 0.3 0.3 0.2 0.3 0.4 0.4 0.3 0.4 0.3 0.3 0.3 0.4 0.2 0.3 0.3 0.3 0.3 0.4 0.3 0.3 0.2 0.3 0.3 0.2 0.3 0.4 0.3 0.4 0.2 0.3 0.4 0.4 0.4 0.4 0.4 0.2 0.3 0.3 0.3 0.2 0.3 0.2 0.3 0.3 0.4 0.3 0.2 0.4 0.2 0.3 0.3 0.2 0.4 0.2 0.3 0.3 0.4 0.3 0.3 0.2 0.3 0.3 0.4 0.4 0.4 0.3 0.4 0.2 0.2 0.2 0.4 0.2 0.3 0.2 0.3 0.2 0.3 0.2 0.2 0.3 0.3 0.4 0.2 0.2 0.4 0.3 0.2 0.2 0.4 0.2 0.4 0.3 0.2 0.3 0.2 0.3 0.3 0.3 0.2 0.3 0.4 0.3 0.3 0.2 0.4 0.3 0.3 0.3 0.3 0.3 0.3 0.2 0.4 0.3 0.3 0.3 0.3 0.3 0.4 0.4 0.3 0.3 0.3 0.3 0.3 0.3 0.3 0.3 0.3 0.4 0.3 0.3 0.3 0.3 0.3 0.3 0.2 0.3 0.4 0.3 0.4 0.4 0.4 0.3 0.2 0.4 0.3 0.3 0.3 0.3 0.3 0.4 0.3 0.3 0.2 0.2 0.4 0.4 0.3 0.4 0.2 0.2 0.3 0.3 0.4 0.2 0.3 0.4 0.3 0.3 0.4 0.3 0.3 0.3 0.2 0.3 0.2 0.4 0.2 0.3 0.3 0.3 0.3 0.2 0.4 0.3 0.4 0.4 0.3 0.3 0.3 0.3 0.4 0.3 0.4 0.3 0.3 0.2 0.2 0.4 0.4 0.4 0.2 0.3 0.2 0.4 0.3 0.4 0.3 0.4 0.3 0.2 0.3 0.3 0.3 0.3 0.3 0.3 0.2 0.2 0.3 0.4 0.2 0.4 0.4 0.3 0.4 0.2 0.3 0.3 0.3 0.4 0.3 0.2 0.4 0.4 0.3 0.2 0.2 0.2 0.2 0.3 0.3 0.4 0.2 0.3 0.4 0.3 0.2 0.4 0.2 0.3 0.3 0.4 0.3 0.4 0.3 0.3 0.3 0.4 0.4 0.3 0.2 0.2 0.2 0.3 0.3 0.3 0.4 0.2 0.4 0.3 0.2 0.4 0.3 0.4 0.4 0.3 0.3 0.3 0.3 0.4 0.3 0.3 0.2 0.3 0.3 0.3 0.2 0.2 0.4 0.3 0.4 0.3 0.4 0.3 0.3 0.3 0.4 0.2 0.4 0.2 0.3 0.4 0.4 0.2 0.3 0.3 0.3 0.3 0.2 0.3 0.4 0.3 0.4 0.3 0.2 0.3 0.3 0.4 0.3 0.4 0.4 0.4 0.3 0.3 0.2 0.3 0.4 0.2 0.3 0.2 0.4 0.3 0.4 0.3 0.2 0.3 0.4 0.2 0.2 0.2 0.3 0.3 0.3 0.3 0.4 0.4 0.3 0.2 0.2 0.3 0.3 0.2 0.2 0.3 0.4 0.3 0.4 0.2 0.3 0.3 0.3 0.2 0.3 0.3 0.2 0.3 0.4 0.2 0.2 0.4 0.3 0.3 0.3 0.3 0.4 0.3 0.2 0.3 0.4 0.4 0.2 0.2 0.2 0.4 0.4 0.3 0.3 0.2 0.4 0.3 0.2 0.3 0.3 0.3 0.3 0.3 0.2 0.4 0.3 0.3 0.4 0.3 0.2 0.3 0.2 0.3 0.4 0.2 0.2 0.2 0.3 0.3 0.3 0.3 0.3 0.4 0.3 0.3 0.3 0.4 0.4 0.4 0.4 0.4 0.3 0.4 0.4 0.3 0.2 0.2 0.3 0.4 0.3 0.3 0.2 0.3 0.2 0.3 0.4 0.4 0.3 0.4 0.3 0.4 0.2 0.3 0.3 0.3 0.4 0.4 0.3 0.3 0.4 0.4 0.3 0.3 0.2 0.2 0.3 0.2 0.3 0.4 0.3 0.4 0.3 0.3 0.4 0.4 0.3 0.2 0.2 0.3 0.2 0.4 0.2 0.4 0.3 0.4 0.4 0.3 0.3 0.2 0.3 0.3 0.3 0.3 0.2 0.4 0.3 0.3 0.2 0.3 0.4 0.4 0.3 0.2 0.3 0.3 0.3 0.2 0.2 0.2 0.2 0.4 0.3 0.3 0.3 0.4 0.3 0.3 0.3 0.4 0.3 0.4 0.3 0.3 0.3 0.3 0.4 0.2 0.3 0.4 0.3 0.4 0.3 0.2 0.3 0.3 0.4 0.4 0.3 0.4 0.2 0.3 0.4 0.3 0.4 0.2 0.2 0.2 0.2 0.2 0.3 0.3 0.3 0.2 0.2 0.3 0.2 0.2 0.4 0.3 0.3 0.3 0.4 0.4 0.4 0.3 0.4 0.3 0.2 0.3 0.3 0.2 0.4 0.2 0.2 0.3 0.3 0.3 0.4 0.3 0.2 0.3 0.3 0.4 0.4 0.4 0.3 0.2 0.4 0.3 0.2 0.4 0.3 0.2 0.4 0.3 0.2 0.2 0.4 0.3 0.3 0.4 0.3 0.3 0.4 0.3 0.3 0.2 0.4 0.3 0.3 0.2 0.3 0.4 0.2 0.3 0.3 0.2 0.3 0.3 0.3 0.4 0.2 0.2 0.3 0.2 0.2 0.4 0.3 0.2 0.3 0.4 0.3 0.4 0.4 0.3 0.2 0.4 0.4 0.4 0.4 0.2 0.4 0.4 0.3 0.4 0.2 0.3 0.3 0.4 0.3 0.4 0.3 0.4 0.2 0.2 0.3 0.3 0.3 0.4 0.3 0.3 0.3 0.3 0.2 0.3 0.3 0.3 0.3 0.3 0.2 0.3 0.3 0.3 0.3 0.2 0.3 0.4 0.2 0.2 0.3 0.2 0.3 0.4 0.2 0.3 0.2 0.2 0.4 0.3 0.3 0.3 0.3 0.2 0.2 0.4 0.3 0.3 0.2 0.4 0.2 0.3 0.3 0.2 0.2 0.3 0.4 0.4 0.3 0.3 0.3 0.2 0.3 0.3 0.3 0.2 0.3 0.2 0.3 0.3 0.4 0.3 0.3 0.4 0.2 0.4 0.2 0.2 0.3 0.3 0.3 0.3 0.2 0.4 0.3 0.3 0.3 0.4 0.3 0.4 0.4 0.4 0.3 0.2 0.3 0.3 0.3 0.2 0.4 0.4 0.4 0.3 0.3 0.2 0.4 0.3 0.2 0.4 0.4 0.2 0.2 0.3 0.4 0.3 0.2 0.2 0.3 0.3 0.2 0.4 0.4 0.3 0.4 0.2 0.4
126 101 74 45 141 134 104 24 41 78 118 168 62 141 109 157 77 30 53 27 29 52 64 17 123 148 172 63 146 28 16 30 123 150 98 63 165 39 142 92 15 89 123 88 38 122 179 161 14 141 25 41 41 108 80 178 163 107 133 135 15 16 55 135 161 92 138 1 122 121 119 51 44 84 147 121 110 50 46 25 94 61 114 50 50 65 48 121 66 156 153 71 147 154 6 69 17 64 49 131 45 153 11 136 116 103 63 52 58 153 122 49 113 43 70 170 106 94 17 160 15 39 47 151 19 119 68 151 178 123 124 158 154 78 54 75 146 90 58 70 11 129 30 74 101 7 62 47 137 104 2 126 51 140 73 96 80 64 23 146 30 171 88 64 138 18 115 65 44 33 95 108 25 177 152 35 142 38 116 100 122 163 51 67 94 98 168 19 59 140 7 23 43 127 16 127 76 58 52 141 122 62 118 38 105 84 121 41 80 149 46 105 127 137 93 124 43 92 128 123 21 178 59 75 34 158 45 135 8 154 93 59 127 124 25 16 53 81 63 9 104 86 107 71 180 41 143 68 70 54 43 24 20 69 173 163 64 40 60 35 73 154 153 150 48 147 112 179 109 97 26 29 48 111 116 1 43 11 52 36 114 171 19 110 116 74 112 128 111 119 177 125 15 130 151 82 150 26 138 10 111 103 156 8 11 111 113 109 129 28 12 18 6 79 137 66 67 51 91 147 114 84 88 70 119 70 10 5 51 145 13 179 5 87 12 8 9 93 25 169 129 81 98 62 123 60 161 50 118 154 129 95 36 173 108 110 23 134 54 42 40 120 153 178 7 17 70 62 3 66 89 40 148 145 157 156 47 178 137 94 87 131 41 55 82 42 79 56 25 133 63 58 2 122 74 16 143 7 54 45 12 130 12 80 7 79 139 129 156 62 159 17 10 24 171 139 154 42 60 60 123 173 78 50 155 157 57 15 111 124 95 35 27 81 27 96 34 16 124 145 51 91 87 29 86 95 65 37 21 16 87 132 82 57 66 175 170 32 121 146 44 54 178 57 36 33 62 105 13 74 85 34 132 22 131 85 70 23 135 22 154 161 34 1 149 131 175 161 155 168 68 109 74 134 177 42 117 117 87 117 108 115 44 3 171 38 86 11 43 55 69 84 10 66 11 2 130 152 139 88 33 54 176 4 108 65 78 7 105 157 168 153 62 44 5 24 149 36 81 131 130 55 155 4 69 141 154 3 42 121 16 91 37 59 26 142 153 87 100 113 145 89 130 54 60 55 130 8 169 94 48 73 72 175 60 140 11 113 68 139 41 23 112 33 9 37 164 46 77 35 30 83 29 111 146 80 125 16 128 153 18 114 94 56 26 88 9 109 43 95 96 103 112 101 125 109 44 20 94 146 116 76 157 90 74 74 140 132 44 106 99 10 42 27 131 80 133 95 152 114 155 9 140 102 175 159 108 118 145 63 28 39 31 14 114 155 117 133 44 124 104 36 110 20 101 29 131 119 63 91 67 79 73 176 123 173 80 95 54 65 65 172 106 137 10 94 113 56 139 103 26 54 111 134 155 33 10 104 126 9 151 16 147 51 81 130 87 75 158 159 154 65 66 30 113 159 12 125 58 77 96 26 68 169 57 157 20 139 98 34 163 177 10 179 63 138 8 3 104 103 43 32 178 129 152 100 108 153 179 108 116 114 64 9 148 99 6 179 47 16 122 68 110 117 116 91 124 143 74 6 126 110 14 58 46 76 30 7 77 14 46 136 145 159 60 61 105 148 111 83 1 48 112 116 73 162 157 39 172 9 118 47 67 164 37 64 143 23 149 126 36 24 127 170 180 145 14 17 170 135 132 171 122 136 110 79 60 50 137 16 13 157 149 151 71 90 170 30 25 102 7 117 83 165 7 116 76 34 42 141 33 35 39 176 138 167 159 92 156 109 176 113 92 38 136 73 150 28 101 163 87 68 165 102 142 65 33 153 45 1 175 44 125 175 106 48 38 139 144 44 92 90 170 86 61 41 24 111 122 103 65 50 121 101 145 9 46 124 4 33 90 142 148 50 38 40 72 167 30 120 131 100 118 178 51 166 69 15 62 118 102 3 61 179 66 121 103 103 93 109 58 155 79 135 146 97 95 16 173 141 134 88 47 5 153 127 28 143 131 110 112 169 125 13 143 107 42 176 112 121 101 52 118 52 138 5 136 150 163 145 177 33 12 167 128 39 82 131 136 27 151 109 85 35 46 126 156 174 70 69 166 20 64 164 8 137 160 165 20 97 115 131 90 52 28 131 43 114 140 171 173 97 49 83 63 82 20 20 117 163 112 138 69 4 113 96 69 113 113 79 100 21 64 66 57 63 173 90 101 87 73 129 79 131 178 94 97 56 30 25 119 117 30 151 167 124 117 144 100 144 42 161 107 19 73 151 28 137 161 95 68 163 172 135 13 77 79 14 144 66 11 93 147 69 118 132 22 174 46 57 32 23 37 172 83 171 24 99 59 159 30 48 114 118 74 180 8 107 84 85 1 90 119 162 171 178 148 159 140 43 93 150 176 121 16 11 49 10 18 19 129 22 75 67 82 62 60 137 141 97 4 2 16 150 98 53 162 168 145 140 38 150 97 25 95 143 74 161 172 7 157 40 61 166 80 15 98 5 76 163 25 14 139 115 57 32 89 9 33 6 125 167 46 128 43 83 11 54 179 130
69 98 84 90 10 93 120 119 53 99 174 47 101 161 119 72 34 55 129 140 133 166 64 51 80 22 53 177 126 102 176 71 97 39 155 58 5 105 57 44 133 41 175 30 117 165 102 108 139 145 128 142 71 7 70 23 91 60 111 90 45 134 172 96 126 63 38 51 152 110 92 79 66 108 49 116 53 47 122 23 34 89 74 120 155 55 149 53 30 144 143 72 41 27 179 131 110 46 14 61 38 169 27 138 106 71 109 79 168 143 22 23 41 22 114 10 100 34 91 52 4 162 127 24 42 61 149 27 166 61 70 101 170 100 153 40 142 113 100 114 148 118 1 5 81 5 46 17 135 92 7 27 74 6 177 116 16 111 36 83 108 178 165 65 54 178 150 75 24 90 21 14 77 28 147 21 117 69 107 111 161 97 127 157 102 53 168 148 18 164 149 127 147 94 160 128 59 76 48 65 43 25 164 7 84 80 116 50 81 163 1 75 179 61 86 66 156 170 74 77 176 8 50 57 50 20 122 60 95 90 53 104 104 39 138 21 71 79 148 31 144 93 38 25 140 107 100 76 53 46 172 129 130 126 152 36 175 24 134 19 115 108 160 67 171 104 165 57 21 80 173 129 34 103 25 81 60 171 178 15 128 94 21 173 101 68 24 105 167 150 99 105 37 62 48 15 39 172 156 77 85 1 66 84 106 122 130 10 51 39 176 60 147 62 120 32 83 27 22 126 7 37 20 42 79 68 10 25 47 98 73 122 63 104 137 26 97 166 37 31 54 75 147 54 96 26 131 113 19 87 27 178 3 75 101 68 16 164 85 69 47 108 173 144 87 107 168 14 94 128 146 29 14 161 114 43 148 173 66 126 48 171 138 165 154 135 12 34 146 129 131 144 126 125 74 61 160 41 63 45 161 145 55 30 141 13 70 146 157 95 2 71 74 53 141 67 156 158 96 22 163 74 75 91 39 130 169 164 156 51 38 106 160 30 60 86 93 70 76 59 3 16 83 114 41 112 128 48 92 91 99 37 52 147 22 12 112 100 92 28 122 87 72 171 159 53 131 60 175 98 37 67 98 48 45 33 117 49 71 167 150 6 42 149 177 84 42 17 72 50 111 98 55 100 144 126 54 165 23 141 68 46 100 120 5 43 110 41 24 7 32 98 54 89 26 168 178 102 3 18 72 173 114 98 54 131 82 43 22 73 2 79 113 125 115 29 102 29 41 151 22 45 77 84 150 16 55 38 39 26 149 1 119 87 4 16 2 95 72 61 179 154 15 104 161 90 84 85 169 108 54 167 60 100 147 167 106 115 24 65 41 23 27 47 171 124 144 17 24 115 6 175 160 56 146 15 110 6 78 108 158 129 121 47 15 58 22 24 161 11 111 125 129 102 25 10 57 100 36 61 75 12 153 89 149 51 41 29 148 139 17 50 31 64 51 27 98 124 47 146 69 142 159 73 132 110 62 100 55 88 121 81 139 32 118 57 93 107 62 99 95 152 8 58 25 158 83 68 33 44 74 152 34 143 61 168 178 12 11 56 39 129 152 20 117 19 90 12 173 51 13 145 46 20 33 25 46 83 67 17 171 40 92 60 11 160 152 152 127 86 148 149 180 7 38 121 138 34 13 157 171 22 58 95 10 56 27 77 151 41 80 4 115 160 175 111 131 75 106 9 111 83 170 15 98 110 7 120 130 53 49 64 23 179 5 126 78 91 23 4 63 45 49 132 173 147 54 74 58 155 43 62 150 20 27 56 13 140 144 72 165 49 178 61 41 122 115 99 56 161 7 10 83 62 126 122 134 83 42 95 45 148 49 113 41 48 16 151 56 129 62 48 168 105 159 40 136 24 128 99 63 157 99 115 66 174 17 3 85 169 25 41 52 56 55 34 28 12 92 117 83 72 78 89 97 60 23 80 160 165 121 116 90 11 122 175 159 118 124 5 133 38 142 47 130 86 48 116 78 157 93 63 121 50 120 37 144 46 27 71 94 30 156 40 119 64 137 144 68 164 132 1 123 99 150 93 131 7 24 46 66 62 141 23 80 66 78 133 169 134 118 128 106 178 15 108 57 91 74 157 79 119 108 112 67 28 7 112 29 53 114 151 25 128 139 45 58 10 89 131 44 118 13 162 116 31 94 67 89 5 72 59 124 130 88 127 121 7 76 48 17 57 62 56 170 18 55 136 76 151 45 114 163 68 95 66 170 83 159 95 158 180 166 138 21 131 133 22 73 22 146 111 170 81 150 62 17 43 133 52 19 124 141 153 8 66 38 134 29 173 105 67 108 134 152 178 138 26 54 14 179 142 105 28 10 72 35 139 98 124 87 88 61 110 112 106 16 112 75 76 45 67 95 172 62 180 157 22 16 61 39 38 93 163 27 24 126 107 9 127 72 116 71 62 2 138 4 155 89 91 90 85 114 87 32 31 140 76 128 178 175 23 171 125 155 114 9 21 162 76 130 70 74 18 134 24 57 4 64 107 37 32 52 52 120 44 147 100 108 124 142 149 125 148 171 25 126 107 135 153 42 81 178 25 130 130 63 127 56 12 97 78 160 174 38 45 176 19 36 98 169 152 77 31 68 105 157 64 110 95 173 139 53 29 159 73 26 140 16 102 14 27 59 50 122 147 19 20 115 44 82 114 71 116 6 82 169 51 104 132 35 69 26 4 122 152 55 171 17 178 179 161 172 128 48 149 23 75 100 20
152 77 47 85 85 98 28 3 14 9 6 80 77 60 168 165 11 92 159 51 29 164 149 62 48 29 19 131 60 104 32 141 93 110 162 29 114 8 62 65 27 60 39 90 68 72 70 117 117 112 4 85 70 178 46 48 25 38 129 48 30 74 151 54 58 52 100 69 18 17 145 146 130 173 149 10 168 132 120 141 157 68 7 127 118 78 97 177 50 51 172 160 110 120 175 32 58 179 163 74 133 150 26 15 98 105 21 158 103 116 25 129 80 161 54 120 128 134 140 1 53 69 34 20 6 52 164 114 18 170 172 90 2 109 30 29 92 15 173 175 11 17 133 120 113 154 42 57 107 30 112 43 20 31 79 61 139 176 180 90 103 126 58 99 17 58 135 162 42 108 9 18 53 160 162 146 126 24 120 164 99 107 88 169 72 176 157 56 153 63 7 61 122 160 119 145 15 1 137 69 168 88 176 79 131 25 32 99 159 180 54 4 100 134 47 103 146 179 90 179 5 89 38 103 106 81 56 37 108 68 137 31 110 17 27 7 166 65 139 147 96 24 33 164 138 90 13 83 5 131 163 82 67 135 95 66 74 76 120 144 147 170 109 90 65 171 63 106 98 102 90 125 153 68 97 105 61 8 81 118 137 52 16 24 115 135 85 61 3 82 80 121 101 6 48 149 43 20 27 42 126 114 64 64 56 180 172 14 101 72 77 70 65 153 81 50 157 115 28 91 83 117 92 12 114 135 154 20 178 18 55 68 168 151 146 90 146 50 158 102 38 89 139 3 110 106 106 81 1 155 174 96 43 4 155 141 152 164 57 111 134 44 176 86 27 180 100 68 91 16 30 67 177 96 60 121 96 84 76 43 169 14 94 135 149 62 133 152 159 144 64 11 84 11 25 90 149 9 9 84 95 49 116 89 34 38 15 75 138 124 148 63 73 146 162 81 137 105 156 35 4 57 86 88 128 79 12 139 161 26 130 32 144 116 124 118 97 68 100 75 39 47 20 133 22 135 150 76 41 20 120 114 65 105 46 40 132 45 112 148 112 32 89 61 75 45 104 71 12 108 97 45 67 44 18 37 154 36 73 14 84 151 88 2 45 110 71 155 59 97 48 173 58 132 68 52 177 145 117 23 42 9 46 25 96 10 126 129 132 96 42 121 120 154 23 31 58 115 69 115 148 177 51 159 19 38 139 92 151 169 87 22 137 175 44 56 74 59 177 116 98 24 151 161 82 117 160 169 89 108 53 88 126 124 67 120 37 137 112 133 45 45 133 79 94 118 111 14 12 146 78 59 160 138 101 45 178 18 33 25 80 35 63 33 36 136 157 44 90 143 40 58 26 10 1 159 172 157 138 145 160 170 51 157 89 86 51 92 113 103 47 82 85 31 75 176 28 137 148 96 178 37 125 51 57 131 50 146 46 128 84 106 104 47 69 161 94 139 43 77 129 133 93 65 78 96 175 30 173 132 151 12 126 89 155 112 149 113 131 129 2 88 100 108 138 168 11 54 29 33 69 160 141 28 59 54 20 50 135 173 64 168 116 14 131 52 96 125 164 140 72 142 75 165 82 22 134 172 74 142 156 104 180 99 132 59 133 45 8 23 79 54 154 180 35 30 49 33 32 65 74 26 106 173 108 151 55 66 123 146 31 60 68 164 83 114 145 175 45 128 21 127 136 167 178 51 74 34 149 151 132 33 40 117 141 161 48 18 127 13 44 85 156 26 98 83 121 16 66 104 101 118 130 82 149 26 125 20 147 96 141 119 139 1 42 100 153 45 129 112 133 177 43 161 53 180 32 92 14 66 67 119 12 16 179 49 171 18 17 47 119 31 12 131 107 140 58 179 102 119 33 81 85 74 174 13 144 42 132 3 140 147 83 104 124 128 151 67 7 159 56 162 132 137 174 178 71 79 17 121 88 160 152 15 11 109 62 143 136 178 117 140 28 51 155 77 153 47 111 20 99 70 61 40 171 173 146 10 69 96 3 175 24 98 81 155 175 126 21 152 5 116 87 119 37 94 148 170 176 28 150 38 78 176 23 65 49 171 38 62 88 92 128 151 172 54 18 65 132 85 120 9 37 111 89 127 165 155 9 87 27 26 22 131 66 123 23 54 63 35 131 98 15 1 35 86 84 124 122 27 135 149 58 147 118 159 27 169 120 162 71 127 173 156 165 30 148 130 122 160 66 150 177 107 6 17 178 19 105 86 93 180 66 97 164 36 173 129 18 9 30 66 149 92 78 83 114 138 132 12 44 88 128 149 55 60 177 72 128 114 41 178 46 54 151 97 56 138 24 87 78 18 146 42 163 54 130 28 14 28 155 6 112 165 57 176 80 117 34 152 32 175 64 58 124 134 162 11 53 17 97 48 62 147 36 173 151 12 180 126 112 144 1 106 28 48 44 169 164 141 107 83 121 86 122 25 144 104 120 72 33 80 150 138 50 34 154 58 125 78 12 70 7 125 8 65 88 79 18 135 165 54 167 44 98 11 40 21 136 55 51 169 133 56 166 85 2 46 155 130 96 69 118 132 113 140 157 117 80 134 90 165 64 165 94 115 119 76 111 142 100 147 112 163 66 120 57 138 31 61 176 52 79 156 1 78 104 47 9 82 72 17 39 130 6 87 118 17 58 163 29 144 85 27 160 134 20 99 7 144 28 105 111 113 159 168 136 71 171 160 138 41 131 66 175 104 81 164 132 30
168 86 26 171 91 19 10 50 120 101 162 22 129 81 102 125 133 180 174 36 88 51 51 13 180 35 55 34 46 165 50 143 43 36 23 91 31 84 126 137 26 57 138 123 95 38 162 26 102 115 53 60 46 153 3 93 87 142 143 33 128 146 36 76 153 7 165 131 81 177 123 175 110 118 95 138 177 103 152 179 42 77 104 108 64 134 148 110 169 39 166 9 32 93 54 39 107 88 118 28 156 48 166 74 108 38 78 100 10 135 66 86 61 180 129 95 41 106 30 76 180 92 51 142 95 48 123 140 7 66 174 30 16 22 64 42 85 172 135 50 38 54 167 34 123 169 159 92 78 153 108 119 47 67 50 45 107 5 78 119 79 135 177 140 166 92 110 19 50 108 129 97 29 21 14 83 17 73 179 132 54 102 176 156 176 82 158 175 154 99 80 100 60 23 3 98 134 146 104 101 169 134 111 32 32 111 52 94 84 176 51 76 2 128 64 100 173 24 170 56 138 163 153 12 142 131 52 116 81 7 39 63 156 146 64 116 120 121 155 30 69 71 168 106 175 111 166 73 7 95 46 63 72 166 150 37 159 142 163 152 152 105 21 36 111 11 63 49 164 86 147 97 174 137 115 52 102 93 62 135 103 121 83 100 45 87 27 94 56 100 47 47 140 69 5 174 85 14 157 83 50 28 133 106 148 26 102 75 117 132 57 94 71 45 41 110 147 51 10 37 54 12 33 166 150 38 108 68 61 95 101 169 11 119 170 96 116 9 42 30 144 121 51 82 147 168 31 5 132 68 148 148 4 98 86 113 165 132 121 57 46 89 178 1 25 171 161 77 115 66 177 117 54 30 141 126 6 71 159 111 23 64 61 178 113 42 85 67 63 29 34 168 139 50 25 149 67 109 98 92 67 42 152 71 83 21 154 39 127 26 167 33 108 152 165 71 171 5 89 54 58 70 46 40 158 34 26 124 64 87 115 123 164 50 45 84 86 137 20 58 166 172 163 161 151 30 122 103 128 166 171 176 70 164 138 145 127 143 116 101 12 173 176 4 144 57 34 146 124 135 105 68 105 170 126 59 123 9 135 161 64 59 68 19 61 159 85 96 169 147 106 160 31 95 42 106 73 137 168 65 49 72 10 102 11 56 71 73 123 58 134 45 31 52 160 106 85 169 48 39 81 179 14 106 92 47 114 154 39 66 34 16 116 77 20 158 85 119 23 71 24 93 63 45 122 143 170 147 80 177 57 59 77 69 133 168 152 173 65 155 48 64 87 157 77 3 89 170 55 40 16 56 139 116 35 37 91 124 57 59 156 95 56 15 59 121 60 170 59 85 25 150 118 173 31 16 118 121 72 100 137 1 134 118 36 178 158 178 72 26 76 98 23 52 154 125 180 4 75 88 24 104 63 68 122 72 59 75 113 61 168 33 39 27 53 94 3 161 69 49 111 59 6 115 99 84 120 173 62 40 145 87 170 73 31 65 42 96 176 36 125 108 119 163 133 46 17 123 23 28 75 131 119 131 26 129 119 65 125 111 45 120 123 163 34 62 113 124 4 169 169 115 1 90 58 128 76 71 168 148 143 47 41 73 100 83 97 64 32 26 112 40 144 134 33 105 118 175 58 138 50 9 83 9 113 62 156 97 170 61 177 155 36 121 132 109 151 32 16 69 46 61 64 149 119 123 148 134 110 134 148 33 39 115 42 135 80 100 88 94 29 98 64 141 97 133 177 45 142 47 126 4 108 123 90 28 48 22 151 112 180 27 92 129 29 74 75 130 180 141 77 2 88 156 157 84 156 15 98 174 99 77 74 109 19 157 167 26 93 8 131 173 125 141 88 163 109 31 95 124 102 66 119 172 47 155 131 127 82 143 176 140 173 52 146 152 115 112 143 77 98 81 101 165 62 157 74 73 149 65 167 178 138 49 39 139 139 3 69 63 55 64 28 80 2 144 65 32 171 106 179 146 108 164 116 42 166 98 19 67 25 84 54 34 146 148 29 109 139 52 32 31 64 9 93 113 142 9 95 72 123 165 159 49 90 48 16 66 74 38 30 180 39 18 121 77 104 33 28 118 134 133 154 132 8 64 148 143 23 126 46 156 151 2 128 20 128 3 113 134 148 163 169 170 163 3 33 36 114 139 7 67 99 62 140 129 133 37 56 40 88 16 8 125 21 170 71 26 118 81 153 139 115 163 74 145 77 82 176 137 20 100 11 19 83 41 48 76 30 64 144 173 9 41 90 84 86 32 45 164 108 66 22 107 169 82 30 24 88 71 133 66 151 86 10 117 92 165 41 128 33 177 115 69 37 46 114 11 143 46 148 82 35 43 132 35 27 116 11 116 36 53 30 179 139 165 139 23 147 32 108 26 141 151 90 22 51 141 137 160 72 126 174 115 171 90 42 29 141 74 118 20 81 129 107 60 13 43 118 36 154 96 9 3 128 142 108 103 168 52 118 44 29 177 75 46 119 57 113 81 20 30 153 11 118 103 67 131 92 109 101 75 146 47 158 87 105 6 56 139 28 159 90 79 159 75 167 7 121 140 10 76 102 54 117 147 180 1 100 161 23 86 20 53 108 63 32 168 67 8 62 119 86 176 46 132 129 124 84 22 97 127 59 98 137 157 117 126 169 133 39 49 30 81 111 97 150 171 67 155 141 25 116 41 69 160 94 153 126 180 174 19 130 67 44 85 58 101 177 149
123 151 158 7 55 157 117 41 160 158 8 12 98 161 171 95 106 116 28 87 168 144 73 25 158 93 24 114 29 83 82 133 153 74 136 72 35 119 92 141 176 178 107 170 157 117 81 83 35 162 86 137 13 49 172 158 54 174 88 149 169 127 130 49 159 122 92 180 41 86 172 118 162 11 159 159 37 74 150 42 80 152 42 128 127 30 73 96 1 126 148 5 177 104 174 36 117 39 81 133 8 31 44 39 88 139 87 148 18 135 149 99 42 174 157 98 36 3 130 148 98 58 2 108 100 2 180 51 24 101 40 116 65 12 57 77 33 72 120 73 45 45 168 120 123 26 150 64 161 151 146 61 158 109 26 16 52 67 117 76 178 157 33 109 2 163 75 120 2 23 97 165 4 121 180 93 136 15 140 137 124 28 66 149 176 94 95 47 14 176 174 32 35 128 165 63 171 24 43 83 53 116 168 32 46 19 122 169 179 24 159 73 70 152 57 122 15 72 156 164 167 48 8 158 91 150 64 25 89 13 31 161 104 3 70 135 145 22 19 76 160 119 95 131 152 173 8 174 32 102 126 102 49 73 166 71 68 3 175 14 72 29 175 1 36 155 173 35 76 123 179 94 52 175 179 142 178 24 79 43 91 9 79 104 3 60 73 21 68 52 74 171 137 104 79 122 89 60 73 70 154 44 29 97 4 77 23 40 139 146 166 128 117 86 73 77 131 170 83 60 101 175 127 36 44 99 77 46 71 112 82 62 37 107 13 28 70 55 13 141 18 136 154 17 103 152 165 179 177 101 36 85 97 148 91 52 57 166 45 59 16 46 168 52 81 106 136 165 74 94 135 102 142 156 3 30 33 144 114 1 155 156 11 105 93 28 103 88 34 142 5 75 48 62 50 167 119 121 71 84 136 170 132 77 137 63 51 122 26 139 36 41 64 122 7 121 47 170 10 133 69 172 135 138 42 84 163 121 16 60 65 60 112 19 94 64 6 180 82 18 128 58 128 53 5 101 91 116 50 100 79 171 66 178 180 173 154 22 103 36 133 87 120 101 24 40 138 93 65 166 144 10 79 32 51 130 90 110 106 167 132 149 120 68 177 100 101 177 89 103 8 106 28 63 98 132 101 99 145 30 151 115 99 53 55 9 100 137 167 169 38 144 7 17 175 123 12 139 158 72 138 60 29 15 25 22 28 163 77 163 165 128 63 20 161 106 142 164 34 159 22 83 39 114 49 95 144 178 60 39 21 122 19 104 115 74 77 112 152 158 137 147 32 10 101 20 14 163 29 45 14 46 109 105 64 43 140 40 95 91 13 140 24 121 57 80 94 34 19 30 1 48 82 165 142 51 75 90 70 173 167 43 84 4 118 121 164 150 171 90 114 143 176 136 94 17 99 172 174 48 36 141 170 180 126 35 48 114 82 176 76 129 124 124 64 86 42 94 22 130 170 101 64 171 135 114 20 152 120 126 151 150 131 70 139 68 93 48 167 33 116 55 106 5 67 52 61 126 18 148 100 61 1 21 41 178 103 121 119 10 53 14 174 7 22 14 39 148 23 134 38 97 2 152 112 105 47 43 138 98 103 140 76 108 33 49 152 38 170 16 40 13 3 161 134 44 42 166 87 164 42 94 6 26 163 33 83 148 134 27 105 36 1 160 8 131 46 125 62 29 180 91 133 105 67 118 122 36 69 151 63 151 34 69 133 90 140 119 16 76 28 73 6 152 113 9 90 165 135 132 21 137 169 118 16 97 132 57 3 146 101 116 65 9 128 163 46 1 149 168 40 54 10 119 60 56 137 148 180 101 4 136 146 138 73 130 92 62 99 163 36 151 72 162 129 159 55 4 2 55 96 155 15 47 37 153 144 64 57 27 27 120 29 165 69 73 72 177 167 61 34 89 19 156 47 142 16 16 169 3 87 62 129 155 5 138 51 61 173 150 6 96 116 95 155 96 132 145 87 164 56 28 174 40 158 102 91 131 139 66 163 92 161 41 162 155 20 165 63 68 3 63 25 52 158 168 11 7 173 147 103 71 152 147 36 133 133 159 73 172 66 109 111 79 55 129 180 70 126 133 13 88 43 105 36 33 125 67 115 42 167 59 2 88 127 36 4 130 124 168 165 176 8 86 73 63 108 63 42 100 102 81 88 46 83 28 12 6 156 164 157 118 143 61 70 7 85 75 135 46 109 145 34 41 95 9 122 165 72 122 83 157 129 164 27 166 172 42 167 145 82 161 78 48 71 17 119 93 154 31 101 127 86 115 87 128 156 151 149 56 110 7 151 101 123 129 156 121 43 51 85 15 65 86 123 86 133 158 146 2 128 118 47 87 87 77 15 180 60 21 146 151 84 104 127 100 179 114 33 98 53 151 146 8 58 132 104 113 59 137 170 34 67 34 153 71 20 175 84 75 170 170 162 114 30 42 139 1 22 115 25 50 85 140 1 164 15 100 66 119 159 106 66 26 153 155 107 123 54 93 96 168 111 143 113 61 117 44 116 88 175 63 56 49 73 170 41 41 72 73 34 133 39 92 72 109 111 36 80 134 157 163 8 13 168 68 155 136 123 76 86 157 25 157 3 155 130 64 142 64 16 161 102 37 40 37 156 145 169 23 167 110 4 107 39 27 128 19 67 69 81 7 99 141 93 45 24 58 15 20 21 154 73 137 74 131 59 135 128 24 16 128 97 21 93 150 6 166 106 101
62 135 36 3 111 168 121 7 125 172 110 33 101 153 105 79 35 75 65 174 6 180 87 123 144 67 21 122 114 51 26 26 152 37 148 21 161 124 150 68 118 112 12 145 25 44 91 57 54 65 109 9 131 52 107 177 79 79 82 143 24 54 96 2 13 45 104 105 89 109 123 8 45 11 75 64 70 112 23 31 165 131 166 150 100 72 99 139 95 51 138 119 94 165 139 33 179 31 70 135 38 35 6 34 136 27 119 1 85 26 62 71 99 59 50 125 97 83 71 37 136 46 25 117 159 14 168 20 60 120 131 43 93 66 83 140 128 42 55 47 175 4 12 73 107 141 112 90 156 119 42 95 96 112 40 57 7 80 90 123 109 126 70 96 170 119 4 109 93 71 73 112 117 88 169 175 60 148 30 16 94 152 138 84 39 145 10 18 152 52 144 52 143 5 116 146 44 180 133 6 56 150 29 175 87 69 39 34 132 61 61 78 63 95 14 48 174 98 8 92 77 120 10 135 64 13 109 90 27 11 49 124 139 70 145 72 60 169 54 11 148 27 68 107 178 46 31 144 69 130 4 146 114 61 115 106 21 160 172 100 33 59 126 146 160 132 56 2 131 80 41 156 117 83 155 102 161 86 23 7 83 41 26 171 8 81 9 83 79 154 124 150 166 150 27 145 33 24 17 154 116 83 73 137 114 153 50 132 78 142 24 88 1 62 175 86 168 5 73 175 48 148 180 54 2 127 109 169 12 134 88 173 169 16 137 108 118 82 151 54 107 149 19 10 28 94 172 59 38 71 88 175 52 93 170 71 115 118 125 72 55 148 95 28 1 95 169 144 24 97 19 122 38 110 101 82 70 89 172 93 26 93 103 38 130 14 168 97 127 5 173 46 52 119 3 89 156 109 122 102 104 102 166 169 159 147 19 144 89 34 32 8 2 178 125 88 47 129 24 138 52 72 121 60 47 143 122 71 172 166 134 13 168 65 175 168 48 78 117 79 44 5 8 143 94 26 138 33 1 7 110 119 20 83 120 4 42 179 53 40 50 97 67 85 61 165 49 165 11 163 173 48 60 149 106 121 98 44 90 49 155 102 177 97 13 33 116 158 108 141 141 179 55 63 71 101 9 55 151 160 152 138 176 89 10 174 168 122 161 81 9 45 23 174 21 55 47 176 62 144 2 89 91 20 126 84 145 14 149 6 28 162 80 180 144 37 126 89 6 17 143 68 154 157 19 139 155 83 152 112 62 74 149 95 134 7 10 4 174 97 160 158 30 38 19 28 170 32 178 51 97 65 88 163 138 29 137 78 105 99 42 64 56 125 92 73 152 53 173 7 143 30 173 166 15 140 71 98 127 62 140 130 112 28 133 73 124 45 90 10 154 55 116 58 41 31 146 17 171 172 1 66 27 121 63 11 136 37 105 112 81 79 168 5 150 120 3 42 133 173 108 75 154 166 121 25 171 112 93 44 129 132 126 108 63 171 94 166 47 121 119 171 116 18 125 39 105 64 14 97 118 103 57 149 174 163 15 159 114 66 50 163 179 84 33 151 10 179 180 74 22 49 6 29 75 162 177 23 6 96 60 153 83 25 113 44 108 136 54 50 110 84 117 116 150 13 54 149 158 12 38 78 43 132 137 42 179 108 130 89 160 53 85 166 58 45 27 149 157 180 54 140 21 174 69 60 122 70 93 51 139 28 77 24 163 75 86 63 119 178 143 17 116 53 180 26 171 171 21 42 137 70 82 131 172 22 48 32 40 22 147 125 31 27 117 2 131 2 178 114 46 94 7 43 83 115 149 107 82 88 52 9 109 11 37 29 167 50 20 110 99 34 121 136 93 31 65 96 137 165 29 42 30 2 15 138 170 25 22 50 31 107 139 42 166 55 20 131 51 129 38 166 105 146 33 179 74 29 118 23 25 47 89 66 66 82 50 67 65 28 36 36 40 115 132 99 72 93 115 71 20 46 52 108 109 155 47 42 148 54 19 18 14 12 153 25 135 85 60 33 164 100 47 30 1 158 116 2 93 57 128 157 54 129 158 89 77 88 7 55 171 107 32 142 21 104 103 98 130 114 43 134 93 67 42 52 53 40 87 85 32 151 152 151 15 105 57 132 164 108 37 22 76 141 180 106 164 29 126 114 128 64 108 56 7 125 60 98 157 152 3 38 161 144 60 51 149 130 11 150 56 47 176 97 128 104 157 164 165 98 66 57 59 152 115 15 136 152 23 154 15 162 122 68 94 42 87 40 85 39 68 96 111 109 128 47 69 19 134 94 20 169 83 29 44 24 115 20 53 61 30 33 79 143 107 49 49 154 92 171 141 67 4 138 137 76 55 105 131 66 54 109 40 66 176 28 83 128 146 180 96 77 4 20 73 145 162 31 120 9 170 48 23 180 15 111 148 84 75 59 117 172 145 7 125 7 130 46 29 3 177 100 165 95 72 68 80 88 25 141 142 90 106 78 125 25 54 127 3 5 12 56 11 134 81 89 55 25 146 65 174 35 27 143 55 98 141 175 61 134 123 143 81 29 125 108 169 79 96 26 138 129 40 118 158 136 37 90 117 127 105 27 92 152 64 94 50 53 2 72 146 80 38 115 1 128 55 125 167 142 68 87 111 13 92 38 52 128 49 163 125 54 148 43 104 16 106 98 17 145 12 122 105 91 80 175 59 23 6 26 44 160 134 139 94 153 60 42 50 140
123 127 61 144 147 107 85 62 109 145 13 9 40 170 76 11 173 157 37 16 52 72 93 37 140 96 53 24 141 138 158 145 35 16 49 24 171 66 16 51 152 111 81 99 112 146 106 67 169 129 4 157 131 26 176 71 44 151 147 32 29 132 78 102 144 112 1 59 124 171 131 133 64 174 45 165 32 125 141 115 166 158 14 10 145 6 113 168 104 87 140 133 129 175 180 158 22 103 80 139 166 67 72 156 129 166 143 169 24 130 159 114 25 68 140 154 35 48 77 102 112 176 74 11 177 99 59 97 171 93 15 81 64 24 128 90 118 52 72 7 73 46 63 178 34 10 102 152 25 19 120 178 94 164 1 133 18 156 8 57 109 98 34 143 54 19 47 97 136 26 146 148 132 128 146 132 3 69 101 171 54 147 25 36 129 44 106 59 169 91 31 21 81 115 174 53 90 104 17 73 113 10 19 76 28 107 120 149 38 79 154 8 13 128 163 162 69 108 94 93 132 111 137 89 16 45 158 152 78 78 91 92 52 52 106 119 130 91 53 125 176 178 50 180 37 99 12 40 109 84 144 71 109 167 61 123 93 165 14 16 42 68 170 87 129 164 75 56 47 177 143 178 89 27 171 17 146 110 57 44 163 179 53 56 105 62 82 45 133 7 37 164 67 157 50 107 33 76 131 77 179 27 159 6 67 119 16 152 64 18 52 120 21 71 161 61 137 130 23 18 100 152 123 62 41 76 159 78 105 15 45 66 56 47 90 60 49 56 106 160 155 168 47 41 133 154 179 46 70 92 46 154 144 58 44 162 56 161 154 24 158 107 114 3 135 78 16 44 38 69 72 147 160 32 52 70 15 22 136 31 100 65 117 120 26 37 130 107 122 5 134 81 51 15 144 144 67 79 133 41 15 153 81 141 74 51 121 35 10 11 170 54 130 108 1 82 46 42 175 75 119 78 172 13 13 62 177 86 62 52 152 127 9 77 13 114 153 27 100 12 98 18 70 143 154 47 90 40 135 142 87 107 95 12 22 150 178 19 8 145 86 52 147 8 69 27 113 144 134 172 110 92 93 126 160 129 166 140 14 1 116 117 27 62 36 117 104 40 38 10 127 175 110 116 61 113 58 46 98 131 37 29 80 125 165 128 34 129 95 154 159 152 58 126 68 36 22 14 14 13 5 34 84 49 51 172 149 150 58 159 86 3 87 60 99 19 130 137 49 13 68 52 160 95 62 110 31 20 78 137 167 174 65 154 42 14 136 69 17 50 76 136 107 55 27 153 21 176 54 128 38 121 10 168 177 134 160 158 143 56 85 129 121 78 104 99 146 79 61 47 51 89 149 124 9 45 21 75 74 88 25 13 19 138 98 31 4 31 180 165 76 165 29 170 48 47 110 37 92 121 119 37 127 1 156 75 65 180 107 56 128 11 1 74 104 75 13 111 108 83 78 81 83 125 165 172 25 114 93 99 72 88 135 53 139 53 15 96 25 41 173 96 81 16 151 161 148 177 23 65 136 133 4 170 169 126 38 144 25 80 70 134 155 111 110 140 136 82 106 167 12 157 164 179 59 133 179 84 9 164 64 30 176 83 104 128 138 158 86 67 106 63 92 137 79 117 78 176 35 7 110 177 48 145 46 139 138 11 52 127 29 19 71 142 8 93 31 172 91 14 52 3 111 14 48 159 129 173 37 83 33 108 91 37 95 135 14 76 138 128 74 100 139 41 100 167 124 171 87 158 1 179 102 174 106 106 129 5 153 41 110 178 73 41 123 41 120 147 96 48 89 76 93 175 72 101 93 51 139 43 53 34 110 114 128 95 40 46 17 152 11 80 176 2 103 56 40 51 95 33 27 52 13 103 177 107 30 84 11 180 22 134 112 105 18 10 58 136 43 148 92 29 155 62 38 22 55 178 103 51 147 23 142 95 53 111 31 3 58 25 171 3 108 98 55 46 148 145 87 69 138 174 126 114 164 70 172 156 106 66 98 2 54 68 77 150 104 31 154 177 175 41 27 63 17 65 115 41 36 110 155 64 104 137 160 117 121 127 64 46 83 15 74 93 92 43 125 95 73 5 178 49 35 116 4 125 67 138 57 156 35 39 35 100 170 45 3 135 65 1 86 41 125 169 41 53 137 126 128 99 9 140 22 176 153 180 55 4 75 151 95 7 131 143 150 93 170 89 1 3 158 80 62 151 46 10 2 57 68 15 64 9 113 165 151 150 132 134 142 165 114 69 147 176 23 98 112 99 126 24 114 46 28 130 169 93 47 142 145 99 77 178 21 155 26 86 17 108 180 104 74 142 128 105 170 68 28 143 142 106 32 46 109 114 98 149 88 122 121 32 172 20 34 124 64 107 148 68 15 176 107 172 178 97 160 89 47 19 163 29 53 168 160 167 176 179 164 176 95 77 91 165 7 114 69 118 68 32 50 26 160 164 22 90 8 167 160 136 97 140 130 101 46 21 76 174 176 93 48 64 54 25 26 64 22 115 20 161 162 95 156 30 147 93 41 15 64 71 179 26 21 134 117 13 40 14 34 103 22 69 40 151 63 95 43 170 58 7 149 173 152 29 87 88 11 3 7 19 150 71 44 44 55 140 67 179 14 26 100 172 54 176 97 7 128 46 1 162 61 178 91 42 46 52 94 150 38 64 131 1 155 114 147 16 45 101 162 164 36 154 172 135 102 48 127 23 162 6 176 26
114 96 149 179 17 143 55 80 86 163 95 32 28 179 169 131 11 126 37 64 51 28 82 99 133 74 55 176 114 52 47 8 80 22 42 160 45 70 120 115 46 70 121 23 26 53 137 21 152 115 170 163 172 11 143 30 58 19 6 174 140 49 27 166 28 35 119 43 147 140 15 113 143 72 25 25 57 50 38 50 70 48 87 30 19 70 139 33 175 125 116 96 72 33 53 16 166 45 72 157 42 150 117 40 100 74 90 88 8 174 126 29 50 62 3 92 86 67 104 173 165 139 5 151 67 52 31 173 88 168 44 23 114 80 138 71 141 140 150 47 147 157 143 51 128 34 88 113 59 67 100 118 56 10 29 76 87 164 117 120 114 79 4 17 13 74 156 89 93 55 99 13 136 80 157 162 127 87 18 77 132 105 86 174 145 83 163 52 132 79 41 132 32 54 152 27 99 24 16 123 5 8 5 19 36 139 6 27 135 43 133 161 68 44 41 51 80 154 2 88 69 84 64 72 65 7 78 160 106 5 94 124 125 7 66 42 88 167 162 167 155 29 20 54 171 124 60 42 85 149 118 97 116 121 159 56 20 86 38 99 176 133 59 114 114 71 79 145 33 59 37 133 130 53 83 175 8 143 104 36 46 99 45 45 121 76 12 162 27 31 45 91 150 130 75 131 131 78 88 16 149 11 118 97 78 104 45 58 135 156 173 20 25 18 136 70 126 153 101 53 35 72 17 7 176 87 167 59 6 63 72 108 72 174 129 180 140 128 175 179 128 113 144 104 127 59 127 156 77 156 27 180 88 138 120 7 149 48 49 152 164 54 151 143 82 96 135 132 9 117 59 69 180 3 117 180 22 80 3 107 5 105 122 52 26 44 7 82 60 122 88 146 83 11 113 23 165 19 99 140 61 59 180 68 173 124 96 99 141 38 110 81 74 24 107 19 127 2 44 86 152 161 142 68 171 71 173 131 26 83 110 79 44 17 15 85 171 109 24 36 131 156 52 77 140 92 144 14 144 65 104 149 49 34 84 176 71 23 87 145 173 106 82 170 107 118 18 27 173 147 123 179 148 58 147 73 149 49 124 8 117 119 77 5 5 42 8 21 172 115 61 81 48 127 154 30 71 16 160 22 98 3 65 15 119 100 24 53 64 108 13 56 83 54 27 65 158 67 85 2 125 148 139 159 155 169 170 179 109 38 102 12 166 40 97 28 76 103 150 104 158 167 168 73 35 77 50 102 48 129 150 110 76 140 170 156 39 130 80 140 30 156 66 102 84 26 162 63 150 79 145 141 179 8 49 56 160 145 175 17 40 175 63 71 107 148 161 135 87 140 158 54 2 163 52 76 6 135 44 12 36 42 138 134 114 50 104 164 51 97 134 166 87 118 37 75 95 80 101 130 67 112 117 91 97 76 106 43 108 32 96 178 129 4 16 67 43 149 90 114 175 148 99 151 52 97 121 57 146 39 156 106 6 67 45 70 62 65 121 121 148 90 96 118 8 25 167 25 20 104 150 36 132 161 65 30 58 169 176 51 34 130 115 25 121 33 166 114 154 40 8 113 143 175 83 127 177 161 179 140 129 9 75 158 20 148 78 50 72 165 173 85 27 172 92 94 159 30 45 50 104 77 1 132 21 179 176 132 5 94 146 153 91 179 167 24 90 130 44 15 15 43 55 92 13 141 23 122 40 159 64 142 68 74 31 152 54 153 11 168 87 143 122 21 173 130 3 113 80 147 132 63 44 110 100 150 41 69 61 29 180 74 16 52 80 142 30 29 50 96 56 59 70 94 172 18 120 44 179 106 99 63 179 82 174 141 145 170 28 104 125 79 120 10 86 21 168 14 74 11 11 21 14 82 164 25 61 42 137 3 74 84 157 19 105 89 62 31 73 101 142 129 74 5 39 90 59 93 73 76 148 13 166 45 143 155 112 156 137 149 148 54 97 169 9 11 93 156 110 47 128 8 20 17 136 132 120 126 50 136 20 103 179 163 36 72 158 27 90 48 83 109 82 160 90 48 177 163 164 111 144 41 98 28 163 82 53 75 180 142 111 115 1 92 41 111 149 61 43 74 37 22 132 10 156 118 134 20 155 31 130 43 16 21 162 5 22 70 17 41 107 170 138 34 123 10 36 168 151 48 162 175 158 157 43 51 70 3 130 173 40 172 94 86 108 69 108 115 1 166 127 21 50 165 50 69 171 176 5 128 111 46 23 169 141 139 158 110 180 148 109 11 165 66 79 15 106 169 60 49 170 8 93 75 1 123 15 155 168 9 156 121 152 97 9 170 47 105 18 145 171 107 60 180 11 2 102 74 138 57 52 97 130 119 95 146 114 86 163 44 75 30 84 119 47 114 180 60 62 74 7 5 14 147 118 109 83 12 131 148 136 17 57 58 173 38 77 166 10 12 164 171 10 43 77 32 168 126 45 22 54 137 75 169 149 124 79 73 105 134 30 69 121 99 164 180 46 140 1 166 103 50 7 63 173 159 144 171 50 6 86 117 177 108 161 8 119 32 117 162 129 105 110 51 37 58 60 91 87 116 131 116 74 146 57 140 88 158 132 74 46 58 88 60 10 13 85 14 132 35 157 167 61 52 139 155 61 137 123 44 82 14 29 144 89 65 177 47 13 38 24 131 160 175 154 52 173 62 102 26 170 62 160 16 109 118 90 12 135 111 22 74 131 34 55 18 44 22 169 46
77 129 74 30 114 10 153 154 48 11 75 14 2 180 50 92 125 1 152 78 82 114 147 62 164 132 41 155 121 47 153 53 24 1 153 59 60 156 96 62 129 19 156 134 16 170 69 131 21 146 151 138 80 18 21 105 120 140 160 122 168 145 51 172 49 77 135 138 159 173 50 111 28 21 34 3 37 143 26 61 132 135 160 113 133 123 163 129 148 8 87 66 58 20 61 145 114 178 137 180 42 75 82 40 33 26 115 122 100 66 49 157 94 76 143 15 132 115 107 31 110 154 135 46 136 12 134 128 29 131 178 44 10 179 6 139 158 21 33 118 97 128 122 73 49 93 56 104 44 168 113 136 53 87 80 28 131 88 1 52 38 103 89 120 150 161 77 137 167 170 72 124 168 115 148 35 37 6 68 95 130 25 164 155 20 81 23 121 148 135 93 43 89 79 76 64 49 13 36 106 23 117 78 172 168 9 19 105 3 83 135 95 177 60 12 165 22 79 57 33 62 16 161 164 2 113 142 180 168 137 104 79 151 36 56 1 105 94 62 61 12 13 46 158 36 65 153 107 49 72 110 33 60 105 51 35 153 14 126 58 36 129 32 122 64 166 26 114 44 40 118 116 149 44 32 144 173 67 167 2 36 71 13 80 105 104 160 126 74 157 93 37 40 176 67 160 143 84 66 59 20 74 21 85 20 95 97 104 102 91 78 71 130 171 82 64 105 80 6 95 3 73 88 83 163 5 75 84 153 67 140 107 104 142 37 116 47 105 162 46 115 158 92 48 176 173 49 153 16 39 6 130 81 146 161 67 15 46 67 170 112 167 33 34 20 148 89 14 107 25 13 3 148 68 131 84 44 104 4 6 74 140 52 88 13 7 21 164 7 172 158 87 89 133 34 46 94 3 151 2 145 164 111 103 107 64 129 123 46 5 102 69 24 39 160 106 29 40 141 143 96 149 56 93 72 26 127 156 158 105 39 162 89 95 139 176 29 84 128 17 147 17 38 48 28 14 122 27 79 43 133 58 58 41 150 136 112 127 167 155 133 4 164 131 62 129 52 118 170 138 20 88 27 153 68 97 115 172 48 42 104 23 29 62 152 41 95 162 76 139 50 76 170 43 68 2 159 117 156 14 45 13 158 174 156 87 30 9 102 103 66 90 99 23 106 94 178 148 123 78 160 120 24 132 88 29 6 88 132 97 71 121 108 154 86 31 8 176 145 31 87 103 28 114 179 24 54 108 127 110 35 157 33 71 54 57 20 52 1 178 65 145 66 2 40 161 71 38 55 61 164 31 116 63 43 25 89 54 63 53 109 85 52 119 43 144 150 145 7 7 151 151 105 144 1 142 32 180 38 61 65 180 122 115 32 133 89 5 27 54 166 111 149 25 1 121 29 96 26 122 171 138 75 168 13 20 1 112 121 93 150 65 155 122 179 100 25 54 147 109 144 142 106 82 166 26 74 149 178 87 46 35 34 147 126 94 12 82 15 61 165 173 54 81 105 33 41 158 10 172 96 69 151 146 143 159 104 143 130 131 180 105 163 151 2 60 130 141 70 168 153 103 81 56 45 52 154 43 54 6 61 66 110 162 142 110 164 93 101 2 7 121 167 139 94 141 71 137 117 58 134 55 101 121 180 155 90 107 134 123 95 142 114 81 76 29 90 39 89 127 74 155 121 177 94 14 59 133 147 35 38 28 162 26 93 169 123 61 88 167 142 81 131 126 174 80 123 24 41 4 35 22 30 146 17 154 113 103 38 84 36 127 174 93 174 55 139 122 32 161 92 17 126 167 108 31 74 177 67 107 132 155 37 139 107 83 9 23 66 123 70 47 96 149 132 179 44 126 150 37 92 34 143 37 126 122 77 99 22 92 101 76 74 42 108 155 135 158 22 23 93 50 2 35 79 35 33 30 63 158 146 60 156 65 67 172 68 94 97 18 92 3 117 112 63 124 150 106 153 104 1 50 14 49 93 64 165 157 16 128 92 77 50 74 54 46 109 63 94 69 153 14 47 172 164 175 111 90 108 2 132 107 67 50 76 83 34 93 127 71 1 158 34 93 51 53 151 152 165 9 83 106 105 159 15 53 123 105 2 80 166 110 151 2 80 24 83 179 134 9 122 167 53 20 178 69 118 143 176 148 42 64 64 114 57 13 121 50 21 84 4 165 44 99 142 34 134 51 76 50 63 144 90 15 13 115 113 134 134 70 113 109 173 33 163 95 15 23 37 90 72 137 86 178 91 101 35 64 86 34 159 109 113 21 141 48 70 36 175 154 151 161 176 33 5 171 83 63 71 15 8 78 84 110 96 153 11 75 177 163 87 86 164 52 142 49 177 39 164 91 123 29 16 153 165 123 95 86 147 175 85 91 132 13 88 12 54 111 18 60 13 167 40 160 65 167 18 79 35 78 97 4 15 45 131 156 9 120 12 63 31 88 170 109 165 54 117 43 89 12 17 56 180 113 16 14 163 131 126 88 97 25 22 63 112 106 26 91 12 83 125 45 147 113 147 113 171 16 161 180 111 147 129 74 97 115 163 116 36 132 73 177 132 115 32 65 109 97 138 5 79 135 157 135 47 134 121 149 16 44 126 63 70 78 66 88 119 105 67 33 64 100 106 45 62 55 101 130 143 145 161 102 49 176 84 73 7 31 42 1 72 120 110 177 61 143 64 132 42 108 66 144 58 141 127 131 133 135 141 35
111 106 157 18 102 106 142 150 73 157 59 11 168 51 98 49 147 44 53 140 4 88 53 178 46 57 6 10 162 175 79 125 39 113 19 144 35 158 115 31 70 173 124 153 174 46 74 44 92 145 22 142 154 14 6 44 118 149 125 154 119 16 101 48 52 36 31 141 26 111 89 147 1 53 122 160 61 149 108 70 60 159 156 124 155 167 39 143 133 11 179 42 105 103 150 105 66 136 93 115 126 134 74 173 9 22 16 32 113 111 109 47 62 13 148 88 41 130 49 49 100 4 112 50 42 137 83 145 27 59 19 55 14 129 55 94 15 15 82 29 120 119 90 53 178 163 125 14 128 4 105 95 71 129 24 70 70 156 72 45 62 32 93 151 127 43 113 151 123 160 24 4 92 160 41 88 67 53 83 85 36 143 86 57 30 118 99 154 108 79 109 110 155 179 86 21 11 172 128 66 79 90 23 58 96 159 48 28 124 30 64 120 139 100 164 38 24 144 58 11 128 76 169 168 1 9 21 33 2 165 61 21 103 86 56 91 35 122 168 76 54 89 175 54 105 103 16 10 163 164 83 50 126 180 149 8 147 8 134 156 26 155 179 20 98 107 120 63 105 138 156 133 34 96 41 63 123 85 129 179 127 37 17 141 19 159 122 151 125 23 45 172 152 175 154 26 171 26 122 128 110 131 174 6 92 11 165 38 84 104 128 92 63 44 82 132 102 66 151 169 4 73 35 17 177 78 130 91 60 168 142 101 31 27 82 44 176 63 75 91 15 40 159 106 141 25 159 134 32 83 80 126 67 44 133 7 56 7 4 54 25 130 114 23 26 161 90 8 58 92 27 101 66 103 116 170 87 31 17 109 90 166 46 3 159 102 161 146 54 125 73 94 38 136 10 16 149 16 139 97 75 79 58 104 59 78 64 134 139 110 12 82 145 28 114 156 119 138 39 135 9 98 34 158 101 146 53 52 94 74 128 173 120 151 28 77 98 63 174 138 77 143 4 2 126 100 150 66 59 33 2 9 75 179 162 150 36 94 174 174 94 52 151 117 56 68 114 55 94 98 27 147 56 171 41 81 114 114 8 133 156 146 154 163 116 84 60 127 79 55 129 141 13 20 165 160 172 108 125 146 42 58 122 147 19 128 73 83 17 118 110 142 124 84 52 68 155 22 166 125 163 143 111 135 54 129 115 110 98 61 59 84 88 45 79 177 62 156 17 46 81 122 59 8 16 45 19 44 11 95 161 113 34 87 41 31 53 39 3 14 76 61 166 13 167 112 180 113 61 52 131 149 27 180 13 134 78 63 168 170 180 3 138 161 1 116 179 31 99 53 21 132 30 157 75 56 1 98 146 48 88 65 125 104 169 77 150 15 11 132 69 52 178 154 44 159 15 117 134 104 123 59 58 60 153 117 19 149 59 51 176 3 123 13 71 7 115 125 38 116 9 44 102 169 87 39 29 49 93 81 168 132 49 93 116 112 81 14 95 46 124 3 129 56 131 167 43 97 168 116 83 97 19 97 145 129 18 25 141 52 53 16 111 84 110 105 104 82 28 104 101 112 164 10 158 40 63 150 140 158 17 164 43 34 80 43 155 127 3 125 23 63 49 32 171 133 123 162 12 178 94 171 156 7 123 140 3 95 73 73 111 29 61 52 170 39 123 133 29 137 141 102 34 96 47 115 148 110 95 110 96 164 85 162 136 157 158 13 24 74 77 22 101 45 112 71 127 70 51 154 39 135 177 19 77 50 84 32 87 18 89 142 144 89 87 39 23 29 44 35 180 16 33 66 145 10 56 15 65 5 47 33 67 63 4 94 92 42 162 45 76 130 92 128 164 107 21 13 47 128 120 41 157 129 129 61 11 135 170 19 77 180 95 120 116 47 150 150 166 56 31 5 8 156 115 10 58 6 131 16 93 41 81 166 52 36 58 78 30 90 79 28 55 73 83 169 121 48 92 119 94 21 173 8 150 5 119 113 103 174 114 39 34 156 88 122 121 35 115 98 117 132 94 168 139 139 106 52 174 61 61 56 63 81 166 124 82 123 128 168 81 92 51 160 62 139 81 107 14 107 127 146 161 13 47 119 74 114 179 39 91 81 138 156 121 74 14 96 131 33 147 134 6 122 128 32 9 86 108 23 148 56 109 108 90 55 112 156 19 88 60 86 102 166 58 134 180 144 14 76 120 98 50 12 65 42 175 56 139 18 167 28 123 43 95 125 26 144 110 91 22 135 57 174 51 150 27 120 23 58 60 88 68 151 70 121 37 146 82 91 37 14 120 4 135 171 18 77 81 10 173 99 123 174 107 158 15 129 148 33 146 21 42 14 14 27 124 174 153 52 180 102 111 1 114 151 163 24 120 2 108 128 54 122 4 94 3 80 54 17 105 86 152 142 168 140 66 172 128 141 166 130 88 151 84 131 107 127 144 72 120 85 162 35 63 102 29 122 77 40 121 68 171 13 66 122 21 166 146 6 22 108 85 91 149 164 131 167 88 169 111 23 115 168 44 58 164 10 168 161 40 27 53 141 129 169 67 123 107 96 77 8 9 173 67 117 39 140 66 164 169 15 115 87 90 170 77 42 170 106 90 92 88 31 147 142 21 90 26 88 63 17 29 17 107 77 108 118 11 24 90 23 134 109 43 121 126 111 66 106 14 67 120 92 158 123 63 146 179 124 13 116 85 102 160 119 40 68 36 146
13 180 121 152 102 114 33 19 152 15 53 134 5 146 73 78 109 2 32 61 151 97 40 14 134 4 65 24 20 15 122 15 128 108 123 99 158 28 93 173 124 112 73 97 151 11 14 98 145 109 178 81 51 87 162 48 164 10 157 43 135 37 144 1 173 175 72 164 61 140 86 85 123 21 94 44 132 175 64 71 14 126 169 82 52 45 63 50 130 81 135 54 70 12 3 3 159 132 19 109 45 117 172 171 114 109 21 101 150 153 86 129 42 89 73 87 20 117 174 165 54 108 56 22 63 19 137 90 179 112 118 15 8 119 1 139 13 60 52 72 179 133 151 112 180 128 90 46 126 123 37 26 151 6 166 5 81 48 1 136 159 170 11 171 141 136 21 129 30 142 175 167 42 2 62 6 55 109 32 120 116 33 69 160 90 30 179 120 157 38 121 10 109 29 18 10 152 163 24 140 58 169 93 29 2 55 162 113 78 150 130 164 5 125 148 16 153 62 39 96 106 31 174 59 78 98 5 88 41 34 28 94 150 46 14 26 58 146 63 34 54 127 6 148 99 1 69 32 34 27 139 58 134 86 56 87 154 143 150 142 142 90 166 74 170 93 159 136 171 17 79 35 136 46 76 70 153 78 64 152 18 11 167 70 167 90 157 172 32 96 1 124 66 157 145 52 19 108 174 63 93 18 173 140 11 113 146 33 6 51 86 79 171 29 2 85 91 32 148 135 70 98 91 105 38 10 41 156 76 81 51 152 120 116 47 71 129 173 137 37 46 28 85 94 154 87 160 89 22 157 11 35 31 166 157 97 145 148 112 36 26 117 148 145 43 39 48 109 43 169 7 150 70 39 72 104 166 24 20 3 45 31 40 154 72 77 141 46 14 150 69 140 107 61 83 9 171 35 176 91 19 57 22 43 132 116 89 147 22 49 26 11 85 47 108 38 108 19 77 63 151 89 162 79 172 119 82 118 139 41 34 169 89 156 36 69 69 173 15 161 9 178 103 79 105 55 173 53 131 63 150 30 171 2 69 81 69 127 46 142 125 15 95 112 155 149 118 10 96 82 152 117 17 112 168 68 92 180 68 123 97 97 55 130 10 42 172 96 21 88 140 83 150 75 85 110 126 44 138 123 145 65 137 109 7 41 126 11 16 138 47 176 81 117 132 144 80 14 59 145 29 167 31 49 159 22 26 71 12 47 162 73 80 73 154 171 5 60 106 29 149 115 118 37 90 2 165 58 125 57 38 78 11 2 166 33 95 7 46 54 113 82 35 144 124 27 128 46 30 155 150 4 47 84 179 135 1 159 180 121 109 103 134 68 65 68 3 122 49 158 119 27 111 15 66 164 90 153 70 43 170 139 42 98 54 17 17 164 25 115 45 40 34 46 69 157 107 154 153 167 171 134 46 72 18 165 71 118 79 41 98 13 59 124 106 30 109 9 157 156 3 115 39 125 97 180 49 60 31 141 125 141 29 142 55 41 175 148 142 65 16 32 5 41 180 179 99 171 179 36 117 20 94 126 68 106 78 18 59 68 10 110 93 3 52 76 147 94 36 10 9 139 46 2 32 60 129 163 70 132 70 81 37 22 129 121 53 115 10 115 42 152 105 13 21 117 16 48 85 58 151 135 127 85 17 94 127 124 55 81 79 137 15 41 64 143 62 20 165 156 166 134 50 165 179 120 33 8 146 108 179 23 125 24 17 73 83 26 170 67 117 131 180 28 76 68 29 30 70 74 169 58 111 90 51 36 35 29 46 133 47 36 80 154 91 25 32 140 77 90 82 20 15 96 22 136 114 170 103 62 60 173 65 105 173 170 159 80 132 174 36 81 159 118 75 158 102 16 160 82 129 136 2 68 166 155 114 132 16 16 165 166 136 30 134 106 75 88 29 31 101 57 130 95 61 179 96 127 127 104 36 174 38 103 165 78 155 170 57 45 165 145 123 33 6 164 5 94 146 71 38 28 63 10 175 69 122 143 49 126 150 26 16 165 172 133 18 116 18 5 124 138 36 120 105 46 121 15 121 158 161 20 64 74 7 133 124 94 67 5 124 62 79 57 117 96 116 171 52 114 162 113 24 32 174 121 39 143 151 40 35 122 125 96 80 176 173 46 114 164 173 4 83 17 62 73 94 21 84 161 86 3 74 109 63 65 45 141 155 141 158 79 52 155 96 148 119 161 62 90 180 160 5 29 60 152 86 77 152 150 84 4 118 30 66 33 143 69 122 83 9 168 178 165 163 22 37 142 82 112 45 79 46 121 112 163 7 173 116 147 164 118 40 112 36 36 150 162 73 6 67 137 85 83 133 169 62 37 174 67 34 178 15 160 76 179 134 154 26 50 109 102 53 87 34 174 98 120 154 133 72 86 68 91 100 55 171 6 67 78 169 40 148 88 4 53 77 130 145 172 122 6 74 85 142 44 45 37 143 36 10 12 125 7 156 10 14 106 29 47 77 176 76 71 114 33 11 125 13 54 129 129 146 114 98 169 129 96 26 171 44 131 21 146 23 25 130 78 155 116 115 63 92 103 23 66 113 102 89 28 140 148 37 151 12 70 45 113 62 120 168 121 109 44 167 1 63 87 161 39 174 141 30 85 7 70 168 62 91 140 143 64 162 42 57 166 63 92 16 173 90 71 92 114 46 62 129 100 116 78 33 37 152 34 134 76 109 67 5 10 75 98 101 58 81 118 152 148 108 117
137 118 114 79 106 128 37 55 93 36 129 73 120 129 24 149 4 72 39 58 130 134 148 38 144 111 27 8 41 42 102 90 139 29 43 84 110 25 131 11 104 77 153 138 106 86 13 93 77 4 9 133 172 69 22 50 58 45 36 151 76 5 47 94 61 26 81 53 109 110 61 28 160 130 1 129 172 153 145 115 10 35 66 68 156 84 160 135 137 68 90 56 159 38 152 112 125 45 48 104 69 180 132 45 32 142 154 13 127 175 68 53 58 56 46 27 29 130 175 107 6 79 162 17 88 56 175 14 74 63 70 142 64 96 77 122 116 43 96 118 173 19 166 14 16 33 142 79 117 30 19 63 123 106 126 133 81 9 76 39 2 127 51 16 43 144 93 113 179 56 52 59 38 171 5 159 68 12 2 169 83 39 16 156 177 44 33 74 100 67 18 65 61 113 36 171 40 107 144 53 4 102 75 66 16 54 41 58 155 8 19 23 121 123 170 45 19 6 159 28 42 28 72 154 111 2 127 9 165 42 135 115 165 26 63 124 134 175 168 31 76 24 129 72 44 129 121 45 48 148 17 151 8 23 170 24 46 39 71 31 80 113 139 176 97 170 97 64 164 141 151 125 91 34 100 55 115 117 18 126 85 46 169 31 29 93 42 41 175 175 155 110 73 71 133 59 127 148 34 9 174 108 62 88 73 16 171 127 172 175 54 48 23 176 9 132 8 37 61 150 91 24 80 83 33 38 60 120 4 147 175 97 158 90 111 113 91 93 21 87 120 158 80 41 52 51 56 85 175 48 178 147 74 31 19 59 131 160 164 144 163 67 140 129 8 96 104 56 62 47 140 82 106 22 73 28 19 133 45 15 28 176 60 145 146 79 151 89 73 161 126 116 101 9 103 14 132 40 29 43 97 174 154 145 2 58 36 71 152 102 147 15 49 99 65 65 90 86 148 124 97 48 141 129 18 87 104 154 5 124 61 174 95 89 72 156 88 84 110 41 123 139 24 27 69 157 65 118 69 154 159 170 4 121 151 178 62 1 38 89 156 38 118 34 68 137 136 160 123 13 155 177 123 56 169 85 54 92 52 84 112 65 168 127 95 168 75 133 52 16 87 11 79 87 143 95 17 163 109 39 155 96 91 165 124 84 85 179 25 37 136 109 60 109 101 62 28 67 21 170 36 42 61 109 171 19 66 41 100 68 161 41 63 139 53 82 127 154 109 49 68 83 85 81 74 20 87 68 48 89 72 91 175 148 15 62 19 93 55 96 28 95 38 56 76 5 1 98 82 130 120 82 105 157 137 42 98 21 113 147 158 99 162 109 4 136 131 40 114 152 45 76 5 38 175 176 135 95 15 88 97 64 144 60 40 5 155 37 60 125 115 62 65 79 48 32 84 40 58 34 78 104 167 19 59 87 149 33 34 87 11 76 24 49 132 156 19 178 19 4 28 97 21 38 179 86 159 71 131 18 85 103 49 96 63 23 117 3 49 174 63 127 106 95 66 162 104 136 53 39 64 65 157 154 106 90 138 25 30 103 83 91 22 174 71 42 79 148 67 117 111 71 22 44 121 174 55 141 147 32 116 36 93 23 16 2 26 68 16 100 92 92 98 103 12 162 165 24 114 58 32 48 105 150 82 54 138 175 139 84 177 51 77 93 81 166 71 134 80 180 114 17 14 113 127 46 19 53 142 35 110 12 143 92 129 134 107 140 147 115 160 113 153 166 10 107 90 41 157 180 10 89 173 46 12 126 70 12 79 79 30 123 56 96 71 177 147 139 10 84 112 117 35 32 111 176 137 100 155 107 64 64 21 48 88 110 131 27 42 151 56 87 33 116 126 7 64 132 20 11 94 27 137 60 68 108 44 21 115 18 114 106 153 47 11 106 39 61 108 174 23 15 101 137 134 1 151 67 98 20 93 118 158 56 137 55 94 82 43 91 72 117 74 2 5 87 104 138 43 102 16 169 160 139 54 58 61 28 43 154 62 12 61 18 13 94 109 143 8 70 159 75 97 134 105 60 75 129 140 26 21 105 148 10 91 166 12 94 61 128 26 5 22 18 74 92 168 89 92 119 144 118 173 26 138 153 141 71 103 84 47 8 8 94 108 35 19 118 105 98 96 79 140 37 49 103 81 162 69 138 88 11 174 71 172 64 93 7 7 116 155 2 75 25 55 143 28 171 99 54 88 97 8 130 161 120 43 16 2 92 71 169 132 70 142 105 171 57 28 140 169 106 41 90 133 142 157 67 23 172 6 68 1 177 62 25 134 113 76 137 68 49 146 121 93 119 108 120 97 6 106 39 95 108 117 119 73 48 81 173 165 143 113 48 167 101 41 56 15 57 59 36 102 78 11 70 135 94 41 57 53 49 120 28 37 26 172 35 118 145 142 179 4 148 94 148 24 40 77 167 122 59 32 28 117 92 2 135 169 139 74 2 57 50 39 1 49 179 117 108 147 14 132 65 78 31 62 125 144 73 152 43 6 161 120 79 81 21 104 33 2 60 95 119 64 56 114 156 87 161 44 100 22 55 77 44 82 117 71 2 115 9 144 154 135 140 87 61 8 147 128 3 143 18 127 64 18 102 28 69 131 8 150 59 42 12 88 124 60 150 61 124 34 52 65 167 48 165 86 63 63 147 133 15 136 75 170 95 178 99 133 92 83 5 85 98 121 96 61 163 180 137 64 24 144 53 91 24 85 49
0.2
0.3
0.2
0.2
0.2
0.3
0.3
0.3
0.4
0.2
0.3
0.4
0.3
0.4
0.3
0.3
0.4
0.3
0.2
0.3
0.3
0.3
0.3
0.4
0.3
0.4
0.3
0.3
0.2
0.3
0.3
0.4
0.3
0.4
0.3
0.2
0.3
0.3
0.2
0.4
0.3
0.2
0.2
0.2
0.3
0.2
0.4
0.4
0.3
0.4
0.2
0.4
0.4
0.4
0.3
0.3
0.2
0.3
0.3
0.2
0.4
0.3
0.2
0.3
0.3
0.3
0.4
0.3
0.4
0.4
0.3
0.3
0.2
0.3
0.4
0.3
0.3
0.3
0.3
0.4
0.4
0.3
0.4
0.2
0.3
0.3
0.2
0.4
0.3
0.2
0.3
0.4
0.2
0.2
0.4
0.2
0.2
0.3
0.3
0.4
0.4
0.3
0.3
0.3
0.3
