70 12
15
23075
22147
21526
21701
23021
22865
23312
21060
22416
21641
23833
21787
21331
21010
23241
2.7 74.9 784.8 2.4
2.2 30.5 527.9 1.9
2.1 49.1 443.8 2.4
1.7 58.3 96.5 2.2
3.3 53.2 144.6 2.1
2.3 20 515.5 2.4
4.9 58.2 697.7 1.7
4.1 43 713.3 2.4
2.8 67.2 666.1 2.4
4.2 34.5 458 1.8
2.7 42.2 215.1 1.9
2.1 56.1 347.1 2.1
4.4 40 138.3 2
4.1 39.4 434.8 1.7
5 29.4 667.1 1.6
1.4 30.6 701.9 1.6
3.9 30.5 813.3 2.1
2.6 32.6 86.1 1.7
2.1 30.7 826.7 2.3
4.4 15.1 718.6 2.1
1.9 59.1 688.7 2
1.9 49.7 541 2.4
2.4 72.9 866.6 2.2
1.6 33.8 569.6 2
3.3 34.6 239.6 2
4.3 22.4 71.3 1.8
4.7 65.3 685.3 1.7
4.5 63.2 856.3 2
2.6 50.7 292.9 1.7
1.2 28.6 483.1 1.8
1.5 47.3 528.8 1.8
4.2 65.6 311.1 1.8
2.9 57.2 191.3 2.3
3.5 48.9 432.4 2.4
2.8 20.5 381.2 2.3
4.9 62.5 837.3 1.6
4.6 15.3 747 2.1
4.6 37.6 910.8 1.5
4.9 25.4 460.8 1.8
1.3 31.8 785.5 1.6
5 40.8 842.5 2.4
2.1 57.9 795.7 2.2
2.7 20.6 830.4 1.7
2.6 41.8 371.9 1.8
3.4 52.2 152.4 2.5
2.9 20.2 738.3 1.9
1.5 60.4 891.1 2.1
2.6 39.4 611 2.1
3.4 71.9 320.8 2.5
4 69.5 668.1 2.2
2.7 17.3 318.3 2.1
4 31 664.5 1.5
2.2 65.1 354.3 1.8
2.6 57.5 264.5 1.9
3.3 60.8 735.8 2.2
3.2 30.3 804 2.3
4.8 70.8 70.3 1.9
4.3 15.6 257.9 1.7
2.3 19.3 488 2
3.4 21.7 146.3 2.4
3.2 32.6 194.8 1.9
4.4 38.3 729.6 2.2
1.1 41.5 336.9 1.9
1.6 64.8 754.6 2.3
4.4 39.8 707.9 1.8
4.6 50.3 130.2 1.5
3.5 53.8 676.1 1.7
2.4 48.3 75.4 2.2
3 47.5 68.7 2.2
1.7 45.8 814.7 2.4
1.5 53.8 363.4 2.4
4.8 21.8 391.2 1.7
1.9 66.3 679.8 1.9
1.4 16.2 398.3 1.9
3.3 50.4 276.8 1.7
3.6 55 698.2 1.8
4.7 20.8 621.3 2.2
1.7 54.7 511.4 2.3
1.5 53 581.1 2.1
3.3 65.6 695.4 2.3
2.8 20.7 456.8 2
3.1 19.2 577.7 1.6
3 33.8 225.4 2.1
1.7 15.8 574.5 1.5
3.2 35.8 836.2 2.1
4.1 51.6 729 1.7
3.5 56.2 873.6 1.9
3.2 30.6 88.1 1.8
1.3 57.9 674.6 1.7
3.6 48.5 410.7 1.7
4.7 28.9 134.2 2.4
1.1 39 801.9 2.4
1.1 56.9 57 2.1
2.4 50.1 610.5 1.9
3.2 46.4 471.7 2.3
1.4 41.5 903.9 2.2
3 61 586 1.9
3.7 30.6 948.5 2.4
3.8 46.7 259 2.3
3.3 23.3 721.7 2.4
4.7 65.5 433.5 2.2
4.1 31.3 539.4 1.7
3.9 62.6 242.6 2.1
4 21.4 244.9 1.6
2.3 33.2 486.1 2.2
2.1 27.1 390.2 2.4
4.3 17.1 501.1 1.9
2.2 74.8 163.9 2
1.2 26.6 200.4 1.6
1.8 45.2 458.6 1.6
4.3 36.7 376.4 1.8
4.3 59 571.8 1.5
3.8 46.8 164.1 2.3
4.6 60.8 844.5 2.5
2.9 32.4 479.7 2.5
1.5 71.7 462 1.8
1.4 38.4 168.8 1.8
4.7 64 767.1 1.8
3.7 74.5 661.3 2.1
4 33.8 627 2.4
4.8 73.4 88.8 1.9
1.1 17 214 2.2
2.2 20.1 539.8 1.8
1.9 15.8 312.9 2.2
4 53.8 302.9 1.5
1.8 38.4 487 2.3
3.3 54.1 741.9 1.5
4 68.8 241 1.7
1.7 64.7 61 2
3.4 58.3 470.6 2.3
4.2 66.4 808.2 1.9
3.5 63.1 500.8 1.8
2.4 59.3 671 1.6
3.5 44.7 860.8 1.5
2.8 28 442.6 2
1.9 40.4 442.1 1.7
4.1 63 247.6 2.2
2.7 66.2 245 2.1
4.3 54 261 1.9
3.8 54.8 107.1 2.1
3.8 41.1 720.8 2
2.5 39.3 351.4 1.8
3.6 46.2 621.3 1.6
3 32.7 582.6 2
3.1 48.4 60.9 1.8
4.3 62.6 664.2 2
1.8 31.6 212.2 1.6
1.4 48.5 788.5 2.2
1 42 389.9 2.1
3.1 50.6 74.5 2
1.4 57.1 380.8 1.6
2.7 26.4 636.2 2.3
1 67.9 584.3 2.5
2.6 73.6 66.8 1.8
2.5 50.8 151.5 1.9
4.5 46.8 528.5 1.8
1.9 37.5 622.1 2.3
3 60.6 759 1.9
4.7 68.5 378.2 1.8
2.5 32.9 494.3 1.7
3.5 27.9 934.1 2
3.2 24.1 295 1.8
1.7 45.8 798.7 1.7
3.4 53.4 488.1 1.8
1.9 51.4 65.8 2.3
2.5 66.8 503.6 2
3.9 19.5 518.6 2
2.1 26.4 534 1.7
5 62.7 452.7 2
2.2 73 120.1 2.3
4.5 40.5 730.5 2.3
2.1 57.6 712.9 1.7
4.3 61.5 381.6 2.2
3.5 72.2 606.1 2.1
1.3 58.9 568.2 1.9
3.3 33 492.1 1.8
2 27.3 673.1 2.5
2.4 21 190 1.7
2 46.9 861.7 2.2
4 30.6 426.1 1.5
2 34.8 593.6 2.2
3.6 41.9 514.1 2.3
1.6 57.8 159.7 1.7
1.4 26.9 462.2 1.9
1.1 40.7 156.5 1.6
3.1 65.6 792.8 1.7
3.6 27.8 108 2.5
3.2 59.3 183.7 1.8
1.9 15.7 84.3 2.2
2.9 25.7 804.3 1.9
1.7 52.9 566.1 1.6
3.7 53.9 909.7 2.2
1.3 52.2 310.5 2.3
3.9 61.2 504.7 1.5
1.5 63.1 323.7 2.4
2.3 24.1 411.2 1.7
1.3 49.3 772.8 1.9
1.3 46.8 525.7 2.4
4.4 41.6 632.5 1.8
4.5 29.1 795.8 2.2
2.8 58.4 765.3 1.9
3.2 59.9 629.2 2
4.8 73.5 207.6 2.1
4.1 34 557.3 2.1
1.8 51.7 700.7 1.8
5 48.2 196.9 1.9
3.5 31.3 644.1 1.9
4.7 48.9 678.2 1.7
4.5 46.7 429 1.9
3.6 16.5 729.2 1.6
4.1 35.5 937.6 2.1
1.4 64.4 870.5 2.3
1.9 54.9 151.7 2.1
2.1 70.2 395.7 1.9
2.3 62.1 850.7 1.8
2 29.1 457.8 2.2
2.7 42.1 632.6 2.4
2 32.2 367.7 1.6
1.8 42.9 764.5 1.7
4.2 57.7 165.2 2.3
1.2 59.7 97.4 2.3
4.6 46.7 766 2
3 50.3 397.3 2
1.8 24.9 139.9 1.6
2.1 53.7 857.3 2.4
3.4 25.2 321.4 2.1
3.6 26.1 628 2.1
1.9 63.2 115.2 2
1.9 39.1 918.4 2.1
1.6 44 465.8 2.1
2.9 67.3 696.8 1.6
1.1 31.5 787.5 2.4
2.3 42.2 841.1 1.9
2.1 32.2 856.7 1.9
1.3 32.6 286.6 1.6
2.3 55.7 862.3 1.8
4.5 68.1 470.9 2.2
3.7 17.6 654.9 1.6
4.9 27.5 919.3 1.6
4.6 63.2 811.6 1.8
1.5 36.4 411.6 1.9
3.9 30.1 906.7 2
4.8 54.6 420.4 1.6
3 30.1 770.1 2.5
3.3 37.8 696 1.9
1.8 47.2 931 2.1
3.9 53.9 726.9 2.3
3 65.9 699 1.9
2.3 51 806.5 1.6
1.9 43.1 67.8 2.2
2.9 17.4 261.8 1.6
2.7 37.9 585.9 1.8
4.6 25.8 278.3 2.3
4.3 54.1 824.2 2.1
3.7 52.7 634.9 1.5
3.8 21.5 654.9 2
4.3 38.6 201.9 2.2
4.3 40.3 304.8 1.6
1.8 37.2 495.8 2.5
2.5 24.2 456.3 1.8
1.9 20.3 864.7 1.9
3.9 33.5 503.7 2.1
1.2 42.9 343.9 2.3
2.4 37.6 628.7 1.7
3.7 65.5 174.5 1.6
4.2 43.4 555.4 2
2 35.2 852.3 2
4.7 27.5 602.5 2.3
3.1 30.8 661.2 2.1
3.2 73.6 899.2 2.3
2.4 23.5 763 1.9
3.4 49.2 365.1 2.1
1.4 58.3 248.8 2.4
3.9 68.6 778.3 2.1
3.8 67.6 772.2 2.5
4.4 67.1 405.2 2.1
3.3 49.2 731.2 1.7
2.3 60.6 185.9 1.9
3.9 53.3 602.9 2.4
3 46.2 84.7 1.9
4.6 72.6 259.7 1.9
2.7 69.5 874.9 1.6
3.7 67.3 813.3 2.2
3.8 41.8 808 2.2
4.7 66.7 255.2 2.5
1.3 40.2 89.5 1.7
3.9 62.8 61 2.4
3 23.2 670.5 2.2
1.2 62.8 754.9 2
3.1 28.8 903.2 1.7
4 41.6 197.3 2.1
4.7 71.4 535.5 2.2
2.3 51.9 278.9 1.5
1.7 68.2 514.1 2.1
1 39.4 422.5 1.9
4.6 67.5 74.9 1.6
4.3 17.5 363.6 2.4
1.5 70.3 180.8 2.2
3.5 71.5 264.4 2.3
2.8 69.5 859.8 2.1
4.6 51.4 336.1 2.1
2.1 72.1 922.4 1.5
3.9 34.8 134.6 1.6
1.9 16.5 904.7 1.8
2.3 69.5 356.1 2.2
1.5 48.9 644 1.7
2.2 34.3 398.5 1.7
3.8 68.1 682.4 2
4.9 51 263.9 1.8
4.8 34.4 894.4 2
4.6 22.2 945.4 2.3
1.4 68.9 693.3 1.8
3.3 23 745.8 2.3
3.5 73.9 457.5 1.7
2.7 36.9 351.7 2.1
1 56.7 404.5 1.5
2.2 45.8 806.6 2.4
2.6 32.3 235.9 1.8
1.8 43.6 656 2.3
1.3 74.3 767 2.4
1.6 65.7 88.2 2.2
4.5 59.8 796.5 1.6
1.9 43 130.5 1.5
3.5 50.9 493.4 2.1
4.9 53.4 787.7 1.6
4.1 40.2 522 2
4.7 56.3 462.7 2.1
3.6 71.2 879.4 1.9
4.4 64.3 297.2 2.1
2.7 68.4 702.2 1.6
1.4 50.4 604.8 2
2 65.6 512.7 2.2
1.9 66.4 76.2 1.7
4.1 68.1 445.5 2
4.4 71.9 794.1 1.6
3.6 42.1 311.6 2.2
4.9 24.8 118.2 1.6
4 46.4 617 1.5
2.6 69.5 343.5 1.8
4 30.8 724.1 1.7
4.2 58.4 186.1 1.8
4.9 57.9 619.1 2.3
3.4 57.5 137.5 2.3
3.3 55.8 440.1 2.2
4.6 24 491 1.9
3.5 42.9 708.9 1.5
3.6 34.5 729.5 2.4
2.1 58 675.2 2.2
4 34.3 884.4 2.4
3.4 32.6 184 2.1
3.5 50 739.9 1.8
4.5 16.9 199.2 2.3
2.6 34 276.4 1.6
4.2 38.4 653.5 1.6
3.5 51.7 910.5 2.4
4.6 37.2 460.9 1.9
1.4 56.6 237.1 1.5
4.7 37 222.6 1.8
4.8 56.7 584.8 2.4
2.1 18.4 579.3 2.2
3.6 62.2 120.4 1.5
3.2 58.8 662.8 1.7
2.2 57.5 81.3 2.4
3.6 52.9 508.1 1.8
1.6 20.2 389.6 2.1
2.2 49.9 122 1.5
3.3 50.9 392.6 2
1.5 64.6 689.6 2.1
2.9 74.3 801.5 1.9
4.7 74.8 517 1.9
3.3 32.3 840.1 2.4
1.8 65.4 666.2 1.8
3.4 20.7 323.7 2.2
4.9 29.4 691.1 1.7
1.1 52.1 386.6 2.1
4 23.2 604.7 1.6
1.6 37.5 243.1 2.4
4.7 60 280.1 1.7
2.5 49.8 427.3 1.9
3.9 30.3 475.7 1.8
2.7 18.5 401.5 1.5
4.9 71.8 617.9 1.9
2.2 49.7 607.3 2
4.9 60.1 320.6 2.4
3 50.2 101.1 1.6
3.4 71.5 660.7 2
2.2 24.9 620 1.7
3.7 26.8 900.5 2.1
3.6 67.7 145.1 2
3.1 25.5 862.3 2.2
2.7 20.6 397.6 2.2
4.8 29.3 586.8 2.2
1.1 72.5 730.9 2.2
3.6 26.2 194.3 1.7
4.1 61.1 932.8 2.3
3.2 25.8 514.8 1.9
4.8 55.1 289.7 1.5
3.6 75 733.5 2.1
1.8 61.1 622.2 1.5
3 58.9 418.5 2.3
4.5 19.1 367 2.3
3.2 26.6 537.5 2.1
3.1 52.8 379.1 1.6
1.3 71.4 144.6 2.2
2.8 66.8 721.1 1.7
4.5 15.7 535.4 1.9
4 48.5 261.1 1.9
1.8 70.8 535.9 1.5
5 46 450.7 2.1
2.2 56.7 165.6 2.4
2.5 74.3 223.3 2.4
2 43.7 211.6 2.3
1.1 29.4 890.2 1.8
1.7 47.6 258.2 1.8
4.2 31 719.9 1.8
4.5 50.8 444.6 2.3
4.9 25.9 374.5 2.5
1.1 46.5 270.6 2.4
1.7 62.8 94.5 2.1
2.7 65.9 61.6 2.2
4.9 63.9 129 2.2
4.2 48.5 215.1 2.1
2.8 28.3 708 1.9
3.3 36.9 751.7 1.6
4 62.8 127.9 2.4
1.2 53.4 761.9 2.1
1.1 20 731.1 2
4.3 68.3 913.9 1.9
2 45.5 344.7 2
2.6 70.9 752.6 2.1
2.3 27.1 194.8 2.3
3.2 54.5 621.8 2.5
2.9 18.8 67.3 2.4
1.9 30.7 285.4 1.5
3.9 50 720.5 2.3
4.4 32.8 863.4 1.7
4.7 63.5 113.9 2.3
3.4 31.6 87.2 2.1
4.2 27.4 835.5 2.4
1.4 37.4 108.4 1.8
4.9 63.3 912.7 2.1
3.4 50.8 602.3 2
4.8 62.1 250 1.9
4.3 31.1 865.2 1.7
1 69.2 320.9 2.1
4.5 30.8 77.8 2.4
2.8 47 567.6 1.6
2.6 36.5 585.5 2
2.2 60.7 497.2 1.7
3 58.9 58.1 2.3
4.6 18.5 526.6 2.2
1.4 52.7 133.1 2
2.5 50.3 654.1 2.4
4.4 27.3 621.1 2.3
3.3 54.9 408.5 1.9
1.8 69.1 835.7 1.5
4.6 74.4 798.9 2.5
4.1 17.5 602.1 2
2.7 39.3 603.3 2
2.9 31.5 564.2 1.9
2.3 25.6 566.3 2.3
3.4 58.1 588.3 2.1
1.8 64.1 373.4 2.1
2.3 16.9 578.8 1.9
2.9 43.9 54.2 2
1.2 39.2 526.6 2.2
1.7 21.5 472.6 2.1
4.7 38.6 884.9 2.3
4.8 28.4 531.1 2.4
4.2 72.3 556.7 2.4
4.6 66.2 312.7 2.4
1.9 36.3 661.3 1.7
1.4 74.6 457.1 1.9
4 49.3 97.5 2.1
5 67.5 51.3 2.2
3.4 58.8 817.3 1.5
4.3 27.3 339.8 2
2.4 63 734.4 2.1
4.6 73.1 450.4 2.3
4.7 21 915 1.7
1.8 72.5 820.3 1.5
4.2 41.2 785.4 1.5
1 64.7 529 2.3
3 47.4 753.6 2.2
1.4 54.2 423.7 1.8
4.6 70.1 270.5 2.3
1.5 70.8 274.7 2.4
1.5 56.3 592.2 2.2
4.5 67.2 513.7 1.8
4.8 23.1 57.8 1.8
3 60.7 920.5 2.2
2.4 27.7 590.8 1.8
4 36.9 351.6 2.3
1.6 51.1 648 1.6
4.6 34.5 451 1.8
1.1 73.4 437.4 2.4
2.9 36.7 413.4 2.3
2.7 26.4 419.8 1.9
1.3 53.2 744 2
1.1 43.7 498.2 1.7
3.4 74 470.4 1.5
3.3 59.1 483.1 2.3
2.5 70.8 595.8 1.7
1.1 24.3 590.9 1.5
1.5 57.5 689.6 1.8
1.8 55.1 297.8 1.6
2.9 15.9 381.4 2.4
1.8 51.4 330.2 1.8
4.8 70.8 618.4 1.7
3.7 27.8 689 1.6
3 19.3 313 1.7
4.4 54 480 2.2
2.8 43.1 430.4 2.2
2.2 62.6 615.8 2.2
1.4 53.6 351.2 1.8
4.9 33.2 745.3 2.2
3.2 42.5 485.2 2.4
1.6 37.5 659.1 1.8
4 67.6 196.1 1.8
1 32.2 871.8 1.8
2 58.6 273.6 1.9
4.5 60.2 445.1 1.5
3.2 74.9 869.4 1.8
1.3 34.8 483.2 2.5
1.4 43 249.1 1.8
2.1 65.9 292.8 1.7
3.6 47.2 763.2 1.7
1.8 18.6 332.9 1.6
3.4 45 353.5 1.6
3.8 69.7 96.8 2.4
3.3 74.8 413.1 2
2.7 59.3 612.7 2.1
1.2 36.2 588.7 1.8
2.9 72.8 822.6 2.4
1 71.5 627.5 1.7
3.1 52.4 283.5 1.6
4.7 56.2 401.6 1.8
4.9 18.8 938.7 1.6
2.4 54.4 192 2.3
4 32.2 110.8 2
1.6 60.4 923 2.1
4.3 45.8 150.8 1.9
4.3 69.2 646.9 2.2
2.9 69.3 670.1 2.2
4.2 21.4 916.7 2
2.8 22.2 77 2
2.4 68.4 298.8 2.3
4.8 45.8 322.1 1.7
1.7 60 591.7 2.3
2 32.5 78 2.2
1.5 56.1 138.5 1.9
4.5 51 703.2 1.8
4.3 55.7 157.2 2
2.7 20 795.6 2.1
1.6 55.9 586 1.7
4.9 31.6 189.3 1.5
1.6 73.6 457 2
1.7 16.8 378.2 2.4
1.5 72.9 502.5 2.5
1.9 62.5 549.5 2.1
3 74.9 749.1 1.6
4.8 27.7 716.1 1.5
2.3 37.7 634 1.7
1.8 44.2 556.3 1.7
2.1 57.9 600.1 2
1.6 50.6 500.7 1.6
4.2 48.2 579.4 1.6
1.4 67.6 307 2.2
3.3 59.8 295.8 2.1
3 43.4 439.3 1.8
3.7 19.7 576.1 2.2
2.5 65.4 96.5 1.9
2.5 22.2 823.9 2.1
2.1 52.9 861.6 1.9
2.8 52.4 463.8 2.2
3.4 73.9 337.3 1.9
4.4 19.5 576.7 2.3
1.1 51.5 172 2.4
4.9 67.9 202 2.1
1.6 25.4 945.5 2.5
1.7 37.8 873.1 2.5
1.3 44.3 151.3 1.6
3.5 20.8 574.8 2.2
3.1 63.7 345.2 2.4
3.3 48.4 591.1 1.9
4.8 41.8 383.8 2.2
3.5 50.9 510.5 2.5
3.9 46.5 721.4 2.1
2.5 71.1 315.7 2.1
3.4 41.5 258.1 1.9
2.5 18 326.5 1.6
4.7 39 131 1.6
3.8 48.4 441.5 2
4.3 20.1 51.7 2
2.2 34.6 819.3 2
4.3 55 700.6 1.5
3.7 52.4 844.6 2.5
4.1 16 750.6 1.6
4.2 36.9 843.1 2
3.9 23.2 655.6 2.2
2.7 18.2 857.8 2
4.1 25.9 387.8 1.7
1.9 53.4 53 1.6
2.6 18.7 652.1 2
1.4 57.2 199.4 2.2
3.7 31.7 405.1 2.3
2.6 73.1 138.4 1.7
4.7 32.8 330 1.6
1 19.3 388.5 2.1
1.5 50.8 812.4 1.6
2.7 70.5 696.2 2.2
4.6 47.5 277.6 1.8
1.6 30.8 458 2.2
4 21.3 376.9 1.6
3.4 33.8 598 2.2
1.2 24.2 73.2 1.5
4 55 572.3 1.7
3.4 67.5 248.4 2.4
4.9 60.2 102.6 1.5
1.6 48.3 886.3 2.4
1.2 57.7 731.4 2.5
4.9 67.6 608.6 2.4
2.4 38.7 510.8 2.3
4.9 24.7 675.7 1.5
1 31.3 269.6 1.9
1.3 51.5 134.2 1.5
1.8 27.7 503.9 2.3
3.4 30.4 743.1 1.8
2.5 38.5 672.9 2
3.1 48.2 250.3 2.3
1.3 20.4 218.8 2.4
2.8 64.9 589.4 2.1
3.9 44.6 880.2 1.7
3.5 52.6 652.1 1.7
4.2 55.1 613 1.7
3.7 54.3 752.2 2.5
3 44.6 62.2 2
3.9 72.3 830.6 1.6
4.9 30.2 823 2.4
2.8 38.8 323.5 1.6
2.9 55.7 842.4 1.7
1.1 15.1 687.3 2.3
2.3 62.6 710.5 1.9
4.1 58.2 270.9 2.2
2.8 65.8 508 1.6
3 15.2 841.8 1.6
2 15.2 375.4 2.4
1.7 21.2 300.4 1.5
3.3 18.8 827.9 2.1
1.7 16.4 54.3 1.8
3.3 20.6 497.6 2.4
4.5 68 444.9 2.1
1.5 18.7 559.6 2.2
2.7 73.7 287.9 2.3
1.1 22.2 285.3 2.2
2 52.6 859.3 2.1
4.2 28.1 537.2 2.4
3 24 577.6 1.6
3.1 24.1 334.2 2.3
1.2 51 469.5 2.2
2.6 22.6 570.4 1.9
3.3 15 188.8 2.1
4.8 18.5 750.6 2.2
1.6 32.6 138.3 2.4
2.3 43.2 390.6 2
3.8 24 761.6 2.4
3.8 54.8 819.5 2.2
2.5 42 742 1.7
3 28.2 190.1 1.8
3.3 50.7 904.7 1.6
1.4 71.8 926.6 1.7
4.8 18.3 826.8 2.1
4 43.9 408.8 2.3
1.7 28.5 342.1 1.8
4.5 48.1 228.6 2.1
3.3 42.8 635 1.5
2.9 32.2 939.9 2.3
2.3 65.1 849.3 2.5
2.6 33.8 479 1.8
3.1 46.9 525.7 1.5
4.8 48.3 64.4 2
2.4 69.7 481.8 1.9
4.6 60.4 819.1 1.8
2.6 19.3 884.2 2.3
2.4 53.6 442 1.6
3.8 15.1 675.1 1.9
1.5 16.8 101.6 2.1
1.8 72.2 338.5 1.8
4.1 23.4 388.5 2.1
3.4 37.8 454.5 2.4
4 42.4 147.2 2
1.1 69.1 734.2 2.2
1.3 39.5 696.5 2.3
4.7 20.1 553.2 1.9
2.1 20 400.8 2.5
4 35.7 70.5 1.8
4.4 58.8 593.3 2.2
2.7 19.4 581.2 2.4
5 46.7 466.8 1.5
2.9 44.1 62.7 1.9
2 55.4 131.7 1.8
4.7 18.2 630.7 1.7
5 72.8 710.5 1.5
1.7 69.2 152.4 2.4
4.9 57 511.9 2.3
4.8 35.1 802.2 2
2.4 44.6 62.7 2.1
4.6 28.3 732.3 1.6
1.2 61.8 899.4 2.3
3.2 35.9 534.2 2.2
1.4 37.9 430.8 1.9
2.9 43.6 599.7 2.5
2 43.6 405.4 2
3.1 32.9 887.3 1.8
4.9 17.3 247 2.2
4 50.9 713 1.6
2.4 47.2 577.8 2.5
2.6 71.6 715.3 2.3
1.9 47.7 859.8 2.1
4.1 26.7 482.4 2.2
4.8 47.4 898.6 2
2.2 74.6 702.9 1.9
3.1 67.4 130.9 2
4.9 19.4 843.7 1.8
3.5 50.9 718.5 2.5
4.7 62.7 358.6 2.3
4.2 58.4 927.5 1.9
3.7 33.1 923.5 2
4.8 38.4 879.6 2
4.4 70.2 883.5 1.8
3.6 58.8 693.9 2.1
1.6 17.9 157.6 1.5
1.4 54.9 307.8 2
4.6 55.7 69.7 2.4
3.1 46.2 821.9 2.3
3.3 56.5 586.8 2.3
3.5 24.7 344.7 1.7
1.5 73.1 603.3 1.9
2.2 47 232.3 2
4.7 52.5 515.5 2.1
4.4 20.2 120.4 1.8
4.6 51.4 433 1.6
4.4 24.2 220.9 2.3
2.6 27.8 89.2 2.1
2.6 42 210.3 2
3.4 52.8 382 2.2
2 39 562.6 1.7
2.5 71.4 256.3 1.8
1.1 69.1 790.7 1.5
1.4 44.5 573 2.2
3.3 46.2 83.2 2.2
3.1 41 448.7 1.9
2.1 50.1 539.1 2.1
4.1 59.1 533 1.8
2 61.9 881.3 1.7
3.5 63.7 122.9 2.3
2.4 48.2 638.5 2.3
3.7 42.8 566.3 1.9
2.7 22 573.1 1.9
2.4 59.1 580.6 2.2
2.7 32.2 108.3 1.8
4.1 42.5 472 2.4
2.5 35.7 789.8 2.4
1 27.8 475.2 2
3.3 45.3 645.4 2.2
4.2 57.2 299.2 2.2
1.3 71.2 384.8 2.1
2.8 15.7 298.1 1.6
5 55.2 168.3 1.7
4.9 37.8 748.5 1.9
1.5 39.5 929.6 2.2
4.6 25.1 263.1 1.7
4.1 70.8 468.6 1.7
1 70.2 760.4 2.1
1.7 22.9 162 2
3.9 19.3 654.9 2.5
2.3 25.9 518.5 2.5
1.3 22.1 723.5 1.7
3.7 60.8 466.4 1.7
3.2 22.5 561.7 1.6
4.9 72 474.9 1.8
1.7 47.3 477 2.3
2.4 68.2 572.3 2
3.9 29.6 550.5 2.3
3.5 62.9 917.3 1.6
3.5 27.3 674.7 2.5
2.2 61.7 126.4 2.3
1.2 63.8 309.8 1.6
5 27.6 231.1 1.8
1.9 51.6 825.7 1.9
4.9 72.8 403.3 1.6
2.4 65.6 631 2.2
4.6 40.9 535.1 1.9
4.4 15.4 293.7 2.2
4.1 55.2 217.5 1.7
4.1 64.7 261.1 2.5
3.7 53.8 407.8 1.9
3.9 46.9 730.6 2.3
2 62 126.6 1.8
3.7 26.8 242.5 1.8
2.9 64.7 927.4 1.6
4.9 64.5 107.2 2
4.8 46.4 809.9 2
1.8 40.1 63.9 2.4
3.4 42.5 890.3 2
2.5 37.7 209 1.7
3.4 28.4 405 1.8
1.3 55 538.6 2.5
1.5 69.5 789.6 2.1
4.5 29.8 635.5 2.1
1.3 44.4 850.4 2.4
5 69 415.3 1.8
1.5 43.8 699.6 2.4
3.4 15.4 810.1 2.3
2.6 65 899.7 2.3
3 74 754.2 2.2
4.7 74.5 865.5 2.3
2.2 64.7 122.3 2.4
3.7 61.7 828.2 2.1
4.5 72.9 666.4 2.5
1 59.7 706.3 2
1 16.1 54.4 2
1.5 41 675.2 1.8
2.4 67.9 830.4 1.8
2.5 61.4 252.3 1.7
2.1 37.8 606.4 1.7
2.7 48.2 95.8 2.2
3.5 67.1 90.4 1.7
1.5 19.6 316.7 2.2
1.4 34.5 859.5 2.5
1.9 59.2 633.6 2.1
1.9 66.9 136.1 2.3
1.1 54.2 324.9 2
2.4 38.6 784.9 2.4
3.6 51.7 166.6 2.4
3.4 69.3 803.6 2.5
1.7 68 173 1.7
3.3 58.2 916 1.6
2.5 24.2 633.7 2.3
4.6 60.3 661.1 2.1
3.5 75 891.4 2.4
1.7 65.4 825.7 2.3
2.7 31 235.3 2.2
3 24.4 746.5 2.5
3.9 51.5 484 1.8
3.2 59.9 676.7 2
3.8 37.7 805.4 2.5
1.2 28.8 244.1 1.9
4.9 70.9 110.7 1.6
2.4 32.1 246.7 2.2
1.1 18.2 766.8 1.8
3.9 49.5 220.9 1.9
3.6 58.3 502.7 1.9
2.1 71.3 439.9 2.1
1.1 43.1 373.2 1.8
2.1 55.2 410.7 2.1
2.2 32.6 693.5 2.2
3.1 53.3 732 2.4
4.9 67.8 703.8 2.4
1.7 27.9 705.4 1.8
2 29.7 489.7 1.9
3.6 50 85.8 2.1
1.4 39 634.9 2
3.5 24.3 826.1 1.6
3.2 69.1 115.1 1.6
1.4 48.2 331.3 1.9
4.4 55.9 249.4 2.2
1.7 72.8 461 1.7
2.3 59.7 339.8 2.3
4.9 47 438.1 2
1.6 32.8 371.4 1.6
4.3 46.8 715.2 1.6
1.2 25.8 754.8 1.9
3.2 58 110.3 2.1
2 49.7 522.6 1.8
2.8 28.1 338.2 2.4
2.1 58.9 640.9 1.6
4.5 32.6 919.2 2.1
2.2 26.5 81.9 2.2
1.9 22.6 174.9 2.4
3.7 18 778.7 2.1
4.7 65.9 129.9 1.6
2.3 31.4 476.5 1.6
2.3 36.9 473.5 1.6
2.8 72.9 435.6 1.6
3.4 26.1 725.6 1.9
4.3 31.5 793.9 2
1.7 16.4 493.8 2.1
2.2 65.7 571.4 1.8
2.9 25.9 492.2 1.6
3 54.1 441.6 1.9
4.6 19.8 183.7 1.7
2.3 21.3 791.6 2.1
4.2 56.4 653.7 2.4
2.3 36 568 1.6
3.2 27.5 940.9 1.6
1.6 20.2 113.1 2
1.8 23.9 630.1 1.8
4.8 26.4 412.4 2
3.3 18.6 482.7 2.1
4.4 37.3 491 1.5
3.7 52.8 867.6 2.3
2.6 36 304.5 2.2
3.5 30.7 222.1 1.5
1.7 45.8 887.9 1.8
4.8 60.4 644.3 1.8
4.1 56.2 920.6 1.9
4 53 837 1.9
1.3 51 803.8 2.2
3.8 27.1 110.7 2.4
3.6 55.2 477.3 2.5
3.5 36.2 494 2.1
3.8 67 257.8 2.4
1.1 60.5 80.6 1.8
4.7 21 737.2 2.5
1.1 47.5 346.9 1.7
3.5 19.6 830.7 2.2
2.3 18.4 82.8 1.7
1.9 66.4 724.6 2
1.2 47.9 153.8 2.3
1.8 70.7 142.6 1.7
4.4 15.6 94.3 1.5
2.6 15.9 671.7 1.8
4.2 49.2 742.2 2.4
2.1 49 852.5 1.8
3.1 59.2 699.2 2.4
1.6 55.4 550 1.6
4.8 71.8 487.1 1.8
3.8 39.9 406 1.7
3.6 18.4 717.8 2.3
3.7 52 938.3 2.5
1.7 45.2 883.7 1.6
1.7 61 675.1 1.6
3.8 72.6 779.9 1.8
3.4 64.3 837.9 1.8
4.4 27.9 593.2 2.2
1.3 31.8 116.8 1.9
4.1 25.4 53.6 2.5
3.2 74 499.6 2.2
1.6 52.3 845.7 1.7
2.3 65.5 843.6 2.2
2.7 72 398.5 2
1.7 57.3 293.2 1.5
1.9 33.9 99.5 1.7
2 63.7 886.6 2.2
1.7 56.4 718.2 2.3
3.3 50.4 374.7 1.5
4.1 63.8 802.2 2.4
1.7 56 60.2 2.4
3.6 60.9 460.6 1.9
4.9 23.1 661.8 2.3
5 43.7 338.3 2.2
4 68.6 378.3 1.8
3.4 40.7 328.9 2
1.4 20.4 462.8 1.6
1.9 43.3 572.1 2.4
2 27.9 374.8 1.6
1.5 70.3 314.1 1.6
1 31.3 677 1.7
1.3 70.2 626.4 2.1
1.1 17.2 508.9 2.3
2.3 55.3 409.2 2.3
1.5 74.4 398.9 1.9
3.5 38.2 169.4 1.7
1.4 57.3 419.4 1.6
1.2 25.2 698.2 1.7
4.2 23.9 459.9 1.5
4 70 340.9 2.5
1.5 44 521.9 1.9
2.7 43.6 822 2.2
4.1 46.8 765.5 1.7
4.2 69.7 166.7 2.4
2.8 59.6 794.5 2
2.3 62.4 905.4 1.7
2.1 73.9 140.8 1.7
3 19.1 403.6 2.1
4.6 34 614.9 2.2
1.3 37.1 271.7 2.4
2.4 33.8 235 2.4
1.9 49.8 416.6 1.9
4.3 70.9 824.3 1.8
2.6 50.2 55.6 1.7
3.1 34.3 431.4 2
2.7 15.7 614.5 2.5
2.1 59.7 263.4 2.3
1.4 23.3 131.8 1.7
1.7 43.5 204.7 2.1
4.9 59.8 820.8 1.6
4.2 23.9 334.7 2.1
2.4 67.4 857 2
1.7 42.4 236.1 1.6
2.5 57.4 877.2 1.5
4.5 26.3 524.6 2.2
4 25.2 245.4 2.5
4.2 47.1 689.2 1.5
1.8 18.8 559.3 2.5
2.6 28.6 424.7 1.6
2.1 56.2 774.7 2.3
4.1 20 465.9 1.9
2.2 57.5 589.6 2.1
1.8 32 464.4 2.5
2.8 66.7 632.9 2.2
3.1 57.8 816.8 1.9
4 52.3 333.4 2.1
3.8 28.9 823.3 2.2
2.3 68.3 165.2 1.7
4.9 43.2 486.9 1.6
4.4 53.2 279.9 1.8
2.7 15.5 755 2.4
3.6 71.3 542.9 1.5
4.1 26.4 220 2.4
2.8 65.1 651.8 1.8
2.4 22.1 793.6 1.6
2.7 70.2 563.4 1.9
2.5 47.8 871.5 1.8
2.5 26.1 340.8 1.6
4.2 15.6 626.2 2
3.8 51.2 772.3 1.8
1.1 45.7 556 1.5
3.8 73.1 456.1 2.3
3.3 27.2 422.5 1.7
4.3 46.3 832.6 2.4
4.9 18.8 280.3 1.9
1.7 50.8 848.2 1.8
1.4 45.4 347.5 2.4
3.4 19.9 668.1 1.5
4.1 17.5 623.5 1.6
1.1 74.2 859.2 2.4
4.3 63.1 365.4 1.5
2.8 23.6 79.1 2.2
3.7 59.2 289.1 2.4
4.4 73.7 407.4 2.5
2.4 26.3 262.1 1.7
4 46.5 92.2 2.5
3 32.4 122 1.9
4.5 17.3 836.9 1.8
2.5 60.7 224 2.1
2.7 50.6 318.5 1.6
2.6 24.4 195.9 2.3
3.4 45.6 146.9 1.5
2.3 52 230.3 1.7
3.1 35.2 386.9 2.1
3.8 50.9 83.7 2.3
2.1 74.5 550.3 2
4.6 64.5 428.8 1.8
4 24.9 393.8 2.2
4.5 25.5 376.8 2.5
1.6 63.9 271.3 2.1
2 41.1 336.2 2.4
2.3 54.6 815 2.4
0.2 0.2 0.3 0.3 0.3 0.3 0.2 0.2 0.3 0.4 0.3 0.2 0.4 0.3 0.2 0.3 0.2 0.3 0.2 0.4 0.3 0.3 0.2 0.3 0.3 0.3 0.2 0.2 0.2 0.2 0.3 0.4 0.3 0.4 0.3 0.3 0.3 0.3 0.3 0.3 0.2 0.2 0.4 0.3 0.3 0.2 0.4 0.4 0.3 0.3 0.3 0.3 0.3 0.2 0.3 0.4 0.2 0.3 0.3 0.3 0.4 0.4 0.4 0.2 0.3 0.4 0.2 0.4 0.3 0.3 0.3 0.2 0.4 0.4 0.3 0.3 0.2 0.2 0.4 0.2 0.4 0.3 0.3 0.3 0.2 0.3 0.2 0.3 0.2 0.4 0.4 0.3 0.2 0.4 0.3 0.3 0.4 0.4 0.3 0.4 0.2 0.3 0.3 0.3 0.3 0.2 0.4 0.4 0.3 0.4 0.2 0.3 0.3 0.4 0.3 0.4 0.3 0.4 0.3 0.3 0.3 0.3 0.3 0.2 0.3 0.3 0.2 0.2 0.2 0.4 0.4 0.3 0.3 0.3 0.2 0.4 0.3 0.4 0.3 0.3 0.2 0.4 0.2 0.4 0.2 0.3 0.3 0.3 0.3 0.4 0.4 0.3 0.4 0.2 0.3 0.3 0.3 0.4 0.3 0.3 0.3 0.2 0.3 0.3 0.2 0.3 0.3 0.4 0.3 0.2 0.4 0.3 0.2 0.4 0.3 0.4 0.2 0.3 0.3 0.3 0.4 0.3 0.4 0.3 0.2 0.2 0.3 0.4 0.4 0.4 0.2 0.4 0.2 0.3 0.4 0.3 0.3 0.2 0.2 0.3 0.2 0.2 0.2 0.4 0.3 0.2 0.2 0.4 0.3 0.2 0.3 0.2 0.4 0.4 0.3 0.2 0.3 0.3 0.3 0.2 0.2 0.3 0.4 0.3 0.2 0.4 0.3 0.3 0.3 0.3 0.3 0.3 0.3 0.3 0.2 0.3 0.3 0.2 0.2 0.4 0.3 0.2 0.2 0.3 0.3 0.3 0.2 0.4 0.2 0.4 0.3 0.3 0.4 0.3 0.2 0.3 0.4 0.2 0.2 0.2 0.2 0.2 0.4 0.3 0.3 0.3 0.3 0.3 0.4 0.3 0.4 0.3 0.2 0.4 0.2 0.4 0.2 0.3 0.2 0.3 0.3 0.2 0.2 0.3 0.4 0.2 0.2 0.2 0.2 0.3 0.3 0.3 0.2 0.4 0.3 0.4 0.2 0.3 0.2 0.4 0.3 0.2 0.4 0.4 0.4 0.3 0.3 0.4 0.3 0.2 0.2 0.3 0.2 0.4 0.4 0.3 0.3 0.4 0.4 0.3 0.3 0.3 0.2 0.3 0.3 0.3 0.4 0.2 0.3 0.3 0.4 0.4 0.3 0.4 0.4 0.3 0.3 0.3 0.3 0.3 0.3 0.4 0.3 0.3 0.2 0.2 0.4 0.3 0.3 0.3 0.2 0.3 0.3 0.3 0.2 0.3 0.4 0.2 0.3 0.2 0.2 0.4 0.4 0.2 0.4 0.3 0.4 0.3 0.2 0.3 0.2 0.3 0.3 0.4 0.3 0.4 0.4 0.2 0.3 0.3 0.3 0.2 0.4 0.3 0.2 0.3 0.4 0.4 0.3 0.2 0.3 0.4 0.2 0.4 0.2 0.3 0.3 0.2 0.4 0.3 0.2 0.4 0.2 0.2 0.4 0.4 0.3 0.3 0.2 0.2 0.3 0.3 0.2 0.4 0.4 0.2 0.3 0.3 0.2 0.3 0.3 0.3 0.3 0.3 0.2 0.2 0.3 0.4 0.2 0.4 0.3 0.4 0.3 0.3 0.3 0.3 0.3 0.3 0.2 0.3 0.3 0.2 0.2 0.4 0.3 0.4 0.4 0.2 0.4 0.4 0.3 0.3 0.2 0.3 0.2 0.2 0.2 0.4 0.4 0.3 0.3 0.4 0.2 0.3 0.3 0.2 0.3 0.3 0.2 0.2 0.3 0.3 0.3 0.2 0.4 0.3 0.4 0.3 0.3 0.3 0.3 0.4 0.3 0.4 0.3 0.2 0.3 0.3 0.4 0.3 0.3 0.3 0.3 0.3 0.4 0.3 0.2 0.4 0.3 0.2 0.4 0.2 0.3 0.2 0.2 0.3 0.3 0.3 0.4 0.3 0.2 0.2 0.3 0.3 0.3 0.4 0.2 0.3 0.3 0.4 0.4 0.3 0.3 0.3 0.4 0.4 0.2 0.3 0.3 0.2 0.3 0.4 0.3 0.3 0.3 0.4 0.4 0.4 0.3 0.3 0.4 0.4 0.4 0.3 0.2 0.3 0.2 0.3 0.4 0.4 0.3 0.3 0.2 0.3 0.4 0.3 0.3 0.2 0.3 0.2 0.3 0.2 0.3 0.3 0.3 0.2 0.4 0.3 0.3 0.3 0.4 0.3 0.4 0.2 0.3 0.2 0.3 0.2 0.3 0.2 0.3 0.2 0.3 0.3 0.2 0.3 0.3 0.4 0.3 0.3 0.3 0.4 0.2 0.3 0.2 0.2 0.4 0.4 0.3 0.3 0.3 0.2 0.3 0.3 0.3 0.4 0.3 0.3 0.4 0.3 0.2 0.3 0.2 0.3 0.2 0.3 0.2 0.2 0.3 0.3 0.4 0.4 0.3 0.3 0.2 0.4 0.2 0.4 0.3 0.3 0.3 0.4 0.3 0.2 0.4 0.3 0.3 0.4 0.2 0.3 0.3 0.3 0.3 0.2 0.3 0.4 0.4 0.3 0.3 0.2 0.4 0.3 0.3 0.4 0.3 0.2 0.2 0.3 0.4 0.3 0.3 0.4 0.3 0.3 0.4 0.4 0.2 0.4 0.4 0.2 0.3 0.3 0.4 0.3 0.3 0.2 0.4 0.3 0.4 0.3 0.3 0.4 0.3 0.4 0.3 0.3 0.3 0.3 0.3 0.4 0.2 0.2 0.4 0.4 0.4 0.3 0.2 0.3 0.3 0.4 0.3 0.2 0.4 0.3 0.3 0.3 0.2 0.3 0.4 0.4 0.2 0.3 0.4 0.3 0.2 0.3 0.3 0.3 0.2 0.4 0.3 0.2 0.3 0.3 0.2 0.3 0.2 0.3 0.3 0.4 0.4 0.3 0.4 0.3 0.2 0.2 0.2 0.3 0.4 0.2 0.3 0.2 0.4 0.3 0.3 0.3 0.4 0.3 0.2 0.3 0.4 0.2 0.3 0.4 0.3 0.4 0.3 0.4 0.3 0.2 0.3 0.3 0.4 0.4 0.2 0.2 0.3 0.3 0.3 0.4 0.2 0.4 0.3 0.3 0.4 0.2 0.3 0.2 0.2 0.4 0.3 0.2 0.3 0.2 0.4 0.2 0.2 0.4 0.3 0.2 0.2 0.4 0.4 0.3 0.2 0.3 0.2 0.4 0.2 0.3 0.3 0.4 0.3 0.3 0.4 0.3 0.4 0.2 0.2 0.4 0.2 0.3 0.4 0.3 0.3 0.2 0.4 0.4 0.4 0.2 0.3 0.2 0.3 0.2 0.3 0.3 0.3 0.3 0.2 0.3 0.3 0.3 0.2 0.4 0.4 0.2 0.4 0.2 0.3 0.3 0.3 0.4 0.4 0.3 0.4 0.3 0.3 0.2 0.2 0.3 0.3 0.4 0.3 0.4 0.3 0.3 0.2 0.3 0.4 0.2 0.4 0.4 0.3 0.2 0.3 0.3 0.4 0.3 0.3 0.3 0.2 0.4 0.3 0.3 0.3 0.2 0.3 0.3 0.4 0.3 0.3 0.4 0.4 0.3 0.3 0.3 0.4 0.4 0.4 0.3 0.2 0.3 0.3 0.3 0.4 0.3 0.4 0.2 0.4 0.3 0.3 0.3 0.3 0.3 0.3 0.2 0.4 0.3 0.4 0.2 0.4 0.3 0.2 0.2 0.2 0.4 0.3 0.2 0.4 0.4 0.3 0.4 0.2 0.4 0.2 0.3 0.3 0.3 0.3 0.3 0.3 0.2 0.3 0.2 0.3 0.3 0.3 0.3 0.3 0.4 0.3 0.2 0.2 0.2 0.3 0.4 0.3 0.2 0.3 0.3 0.3 0.4 0.2 0.3 0.2 0.4 0.2 0.4 0.3 0.2 0.3 0.3 0.3 0.2 0.3 0.3 0.2 0.4 0.2 0.3 0.2 0.3 0.3 0.2 0.4 0.2 0.3 0.3 0.2 0.3 0.3 0.4 0.4 0.2 0.3 0.3 0.4 0.2 0.3 0.4 0.3 0.3 0.3 0.4 0.3 0.3 0.4 0.4 0.3 0.4 0.3 0.3 0.3 0.2 0.3 0.3 0.3 0.4 0.4 0.3 0.4 0.3 0.2 0.2 0.3 0.2 0.3 0.4 0.2 0.4 0.3 0.3 0.2 0.3 0.3 0.4 0.4 0.4 0.3 0.2 0.4 0.3 0.3 0.3 0.2 0.3 0.3 0.4 0.3 0.3 0.3 0.3 0.3 0.2 0.3 0.4 0.2 0.3 0.3 0.2
13 151 42 139 96 172 96 25 88 150 36 74 51 57 15 107 169 28 72 140 82 144 157 145 39 17 139 131 60 77 7 54 87 180 175 97 169 170 18 50 24 154 96 49 136 178 173 64 72 64 130 123 16 24 117 17 29 164 3 23 41 57 173 45 30 67 94 22 111 91 48 82 95 31 3 105 156 83 172 93 73 178 71 19 29 95 114 66 172 84 176 17 74 118 130 149 84 124 53 49 51 26 173 109 58 40 177 29 21 153 49 179 69 62 42 62 166 80 56 108 128 115 169 60 13 80 162 21 99 121 29 99 13 109 27 63 61 70 99 148 178 4 7 67 138 23 61 2 15 35 4 57 107 90 132 10 64 35 144 89 147 170 92 52 133 63 92 46 153 96 108 34 178 161 62 37 148 27 109 108 129 90 94 80 84 104 94 98 126 12 11 170 156 169 106 33 28 162 180 79 166 100 110 158 174 172 52 51 5 85 100 18 119 15 128 133 81 152 158 97 14 136 174 98 145 70 52 63 106 139 132 2 14 178 2 178 110 29 44 136 164 78 64 169 144 114 49 138 107 23 138 48 92 85 128 118 136 123 106 96 171 98 112 48 157 4 30 86 132 68 38 4 152 57 10 119 86 145 32 76 110 9 15 110 31 41 38 130 173 12 9 161 74 73 169 32 64 51 171 75 147 175 43 159 147 148 104 59 117 1 46 68 127 73 32 80 1 117 104 139 139 78 118 47 112 99 175 16 30 165 61 125 34 159 11 119 47 120 39 69 116 45 72 34 72 82 173 133 17 119 166 165 100 36 53 175 101 21 5 11 96 64 112 19 142 149 20 108 172 76 131 122 151 10 98 143 159 143 177 124 117 88 60 134 107 105 89 180 7 125 31 158 101 125 50 146 155 62 85 134 88 35 106 91 28 40 12 30 125 52 29 156 43 106 104 109 121 45 121 122 12 8 65 171 107 101 103 127 42 116 105 136 35 94 89 43 157 76 159 108 4 176 128 102 66 86 161 137 55 83 127 165 55 168 110 50 169 30 115 92 175 155 174 86 133 112 79 111 109 42 98 29 79 77 139 50 132 22 124 103 35 114 174 170 29 69 36 79 35 107 1 91 110 165 19 97 30 19 22 63 50 180 109 166 100 162 43 123 71 111 16 9 157 28 110 27 164 170 84 9 99 112 60 134 101 40 84 48 105 22 79 73 180 145 179 100 149 93 63 78 153 65 40 50 63 10 92 150 140 179 4 62 61 82 98 95 179 12 157 8 106 70 120 160 82 23 176 32 131 178 116 141 163 178 146 22 123 33 126 35 6 179 41 78 133 131 147 160 34 74 95 27 155 159 140 91 97 2 21 23 9 144 160 164 76 47 104 143 169 7 36 75 80 147 158 174 120 34 59 97 116 16 171 64 91 42 95 142 76 90 170 110 47 70 124 171 5 49 50 64 89 42 94 109 99 125 119 65 80 81 111 68 104 11 80 73 105 140 7 95 96 177 144 91 79 87 21 60 66 16 171 39 101 33 136 94 33 3 129 154 61 149 19 138 106 155 76 59 31 113 164 118 97 129 87 18 86 95 80 174 65 94 68 166 76 68 75 33 114 107 173 72 87 144 171 97 131 23 163 124 41 21 81 115 50 151 173 36 68 175 171 18 80 78 11 26 76 42 49 88 38 70 142 48 150 108 147 50 120 125 112 26 150 159 121 45 157 2 177 139 130 90 43 130 135 10 89 124 81 41 69 89 87 106 138 173 56 178 94 60 34 58 133 23 69 33 35 3 17 80 107 80 48 112 96 173 85 92 152 35 178 165 81 28 83 127 132 6 12 94 85 126 130 147 13 145 135 179 94 69 112 12 151 52 89 80 115 140 78 58 73 59 150 44 66 110 8 31 28 121 12 2 167 68 24 39 144 137 162 21 35 49 12 72 99 19 96 36 28 13 72 142 14 128 175 28 172 119 10 55 93 126 48 54 106 2 46 105 38 99 27 169 55 83 14 16 127 13 10 166 21 180 148 21 10 26 5 52 10 156 135 119 180 72 142 88 128 31 116 93 142 3 89 28 76 141 141 114 61 10 112 89 12 50 60 92 54 135 179 149 134 172 19 131 178 120 156 169 122 154 58 3 159 152 108 57 155 20 95 76 148 1 150 53 15 16 55 11 5 44 56 14 54 121 176 109 43 121 176 135 152 122 31 173 59 5 85 17 139 156 179 109 135 113 36 171 53 169 24 124 48 6 38 126 146 74 12 146 28 91 69 10 25 110 171 26 96 171 3 77 24 173 26 4 23 37 35 128 23 98 109 155 155 22 4 119 48 164 58 36 42 20 80 57 46 77 163 84 151 65 110 125 88 40 28 140 81 128 157 101
39 51 124 172 88 70 175 128 150 55 15 145 69 86 147 134 157 59 94 152 77 175 6 99 147 52 72 139 176 80 157 22 139 129 119 96 174 43 8 79 65 143 171 88 17 48 83 142 4 109 163 98 29 104 12 137 39 56 98 179 78 119 10 59 166 138 80 61 110 5 108 155 93 148 103 152 179 137 101 112 70 137 127 81 96 165 69 135 56 93 123 51 14 29 1 172 1 84 134 96 180 59 89 173 103 105 175 98 48 161 63 177 121 38 3 116 171 145 58 141 78 148 112 113 105 19 158 30 61 36 131 67 32 177 98 68 2 115 33 9 133 173 147 144 135 133 120 8 107 58 93 138 123 4 30 50 109 120 76 16 72 177 17 111 164 159 78 60 63 69 123 77 29 87 48 86 66 79 85 89 75 156 121 149 20 23 10 60 176 65 167 99 108 143 138 136 3 60 23 114 171 102 92 30 97 60 31 19 146 5 54 138 50 75 109 10 163 160 44 3 47 7 64 21 31 40 133 165 174 4 22 43 51 38 63 119 18 25 174 65 128 83 121 83 102 103 122 133 23 165 149 63 62 135 131 39 16 3 60 145 151 179 10 66 98 29 121 99 132 103 177 13 67 48 128 64 106 106 119 115 129 80 75 169 25 155 51 116 8 73 32 2 69 176 110 103 47 98 132 94 178 121 175 6 35 149 21 69 101 8 79 134 14 50 179 31 5 121 35 131 72 85 50 5 21 92 160 168 76 136 45 135 46 67 23 6 162 94 2 144 111 89 114 96 108 163 38 145 145 62 124 80 7 144 175 128 8 28 161 65 91 37 78 115 39 70 12 15 18 97 59 87 140 117 47 143 159 150 155 142 54 33 169 177 20 96 125 4 154 120 3 42 124 152 92 174 37 45 88 14 117 35 157 75 146 157 140 159 131 149 37 166 45 154 178 71 71 175 159 175 17 144 29 117 153 175 76 5 148 11 102 5 67 123 32 39 29 103 155 83 157 118 43 23 56 15 87 160 138 139 174 18 14 132 32 98 56 21 132 24 124 2 81 105 142 3 55 36 146 3 8 33 150 105 155 84 116 21 110 127 119 62 156 69 104 177 72 74 111 15 130 23 71 61 37 53 31 85 61 30 100 32 92 67 32 149 116 176 65 159 160 180 163 106 115 170 141 29 99 106 16 168 43 41 152 124 97 159 10 59 135 152 128 138 28 176 72 58 28 45 13 148 47 147 42 154 127 25 132 32 55 161 35 60 99 51 170 116 153 78 123 56 162 95 148 122 60 71 97 41 175 135 56 6 40 156 32 77 79 21 166 5 40 61 88 147 109 159 98 163 41 148 122 166 92 140 2 45 53 48 174 158 139 8 93 65 11 32 17 153 25 32 135 88 7 136 141 69 119 121 157 126 146 70 123 134 140 130 106 3 40 71 50 86 29 71 168 77 43 1 113 72 24 62 25 80 114 33 112 141 161 113 92 148 115 3 53 88 175 69 58 104 141 133 8 92 122 77 174 159 136 178 101 140 57 89 145 55 130 93 121 89 111 84 38 152 9 18 36 14 90 176 145 6 169 162 117 60 151 89 94 103 176 110 13 20 67 96 173 147 119 117 28 6 100 153 86 128 147 90 16 99 21 159 19 13 118 144 80 58 167 33 171 108 154 169 29 87 168 144 100 115 117 15 104 24 73 105 178 162 170 82 172 150 96 167 89 49 81 9 142 129 31 143 161 111 73 4 77 31 42 7 128 26 152 48 166 172 82 35 153 25 125 21 104 148 132 115 7 73 83 75 164 87 87 10 126 5 165 107 126 138 44 145 77 88 21 102 92 131 150 40 92 151 2 173 32 80 53 108 138 93 11 174 106 130 140 20 72 146 22 176 107 107 160 68 72 100 133 179 64 68 154 119 164 33 97 96 160 153 10 7 165 141 159 128 71 154 33 77 67 33 137 78 77 29 64 122 129 140 22 178 86 123 15 133 52 69 88 173 152 136 76 75 167 140 130 168 55 69 104 44 13 110 139 112 123 23 108 76 155 62 38 48 42 51 58 8 91 28 97 22 89 174 40 4 113 104 95 124 90 108 16 126 61 134 21 16 176 145 83 133 24 91 140 32 42 49 128 154 12 15 2 133 81 51 145 177 57 146 85 124 97 109 116 7 149 66 160 69 139 99 174 122 166 40 163 103 126 120 88 176 30 8 101 89 151 64 69 40 74 80 141 134 160 111 127 7 56 42 150 77 69 101 105 146 54 19 63 104 133 135 48 25 103 140 112 51 101 165 37 34 126 106 43 98 109 168 108 80 94 171 11 62 120 98 160 38 68 91 111 153 93 89 172 19 87 72 1 69 66 162 40 155 142 160 159 144 152 172
129 48 153 84 51 179 87 66 96 21 108 169 138 136 54 103 54 25 28 46 104 13 71 41 107 52 6 50 79 17 172 35 164 28 13 164 42 110 80 47 97 9 9 9 23 145 146 131 114 47 45 102 133 19 70 42 71 33 73 65 99 176 83 157 52 88 142 163 99 93 177 157 139 80 74 115 45 77 19 4 19 116 17 137 2 140 63 49 161 152 85 140 162 28 141 126 23 154 26 28 76 114 128 89 144 54 5 130 74 172 66 94 48 19 31 161 176 132 43 20 25 45 57 78 171 152 175 180 149 106 88 154 100 146 51 33 110 97 70 172 123 163 9 118 150 11 2 19 11 14 166 91 126 123 85 62 94 86 94 165 126 125 43 56 109 12 2 144 35 79 26 170 35 147 123 75 131 129 6 24 118 140 157 15 98 74 81 74 176 30 59 152 4 153 82 65 24 78 116 54 110 31 115 63 148 177 64 145 68 7 155 68 77 155 133 112 115 132 80 174 170 172 146 115 10 57 77 180 180 99 1 146 4 152 140 35 152 171 1 11 98 94 52 129 42 42 167 66 150 38 31 152 65 20 180 107 16 72 177 131 129 166 83 43 126 149 123 90 156 73 63 28 178 124 115 73 160 83 85 123 175 73 139 6 140 54 52 85 123 152 134 27 165 146 71 155 38 138 77 9 106 94 146 174 128 141 117 52 96 6 73 161 151 60 39 130 61 29 120 164 40 20 36 100 103 22 1 50 178 154 8 170 156 108 59 2 6 173 75 124 51 54 82 66 22 113 31 145 67 152 95 87 149 125 66 15 118 27 9 149 167 144 69 86 176 134 62 50 48 137 126 158 77 152 100 179 42 36 54 95 37 110 155 57 122 50 69 117 107 46 122 124 55 54 24 157 84 51 97 147 41 105 159 167 62 87 70 157 137 56 65 73 86 46 158 131 62 93 83 153 168 157 179 130 70 13 35 164 74 80 124 78 5 126 144 175 41 6 18 116 64 113 20 65 89 133 171 96 149 98 178 170 88 70 36 57 108 125 48 40 34 120 4 59 176 132 151 124 72 118 158 38 47 59 78 178 23 69 169 122 170 73 179 33 119 147 176 97 27 126 18 75 46 53 44 53 158 144 46 31 174 40 50 57 39 143 54 8 131 26 177 170 40 45 169 102 70 134 68 110 9 127 90 100 24 49 94 12 96 99 62 65 19 25 34 39 175 57 21 125 52 142 153 11 157 140 155 176 40 138 157 111 137 31 87 101 27 69 15 112 90 167 77 52 10 52 166 165 67 49 107 167 146 78 104 101 38 150 160 62 99 172 127 134 93 123 158 137 43 72 97 97 139 45 130 146 24 33 79 154 161 180 113 148 38 11 78 71 90 85 91 106 35 101 64 59 117 114 11 170 103 162 126 61 93 58 35 73 178 63 164 7 28 55 100 167 156 74 52 29 20 140 138 85 62 21 57 48 161 40 59 36 94 31 156 73 172 42 98 151 19 53 105 69 28 76 140 62 104 176 12 32 41 163 55 90 91 109 8 40 54 145 123 1 5 26 2 158 93 141 103 83 177 79 123 5 133 124 13 130 128 116 180 85 148 117 33 112 128 69 165 143 12 78 113 84 8 81 96 176 79 123 116 32 101 78 54 133 113 64 6 66 104 52 46 97 175 137 115 15 170 107 78 80 97 80 54 162 121 176 81 137 57 100 44 87 81 171 166 9 1 78 91 2 37 115 164 109 35 26 32 78 3 112 151 171 37 86 65 7 56 138 21 90 120 159 139 180 137 16 47 76 138 145 168 31 113 40 144 98 152 56 25 159 78 13 93 13 44 101 118 8 176 68 177 30 23 50 55 77 79 6 36 17 176 148 67 153 3 92 99 140 23 108 89 99 157 21 103 78 173 3 46 150 119 86 89 169 180 105 101 121 95 176 159 118 132 36 43 53 74 15 2 83 48 12 106 43 106 149 133 158 133 85 72 157 174 69 74 115 90 40 138 57 176 113 107 73 15 50 100 161 82 85 171 143 79 68 51 171 61 161 107 158 171 18 26 127 91 11 94 106 81 78 22 121 119 9 147 114 94 150 169 37 58 74 76 117 118 41 97 168 168 112 11 77 162 147 73 54 174 104 158 165 93 44 41 32 87 16 138 154 131 132 130 180 82 166 65 156 121 176 168 19 33 103 87 97 79 136 23 53 14 125 99 112 91 6 10 64 104 26 6 178 121 43 97 29 171 50 84 174 15 1 111 89 32 133 48 113 155 29 136 152 32 128 102 131 15 93 147 4 92 44 33 84 148 153 105 98 71 46 6 128 162 6 42 4 122 59 80 18 99 157 180 36 114 67 114 24 139 15 97 89 156 155 108 12 120 39
146 93 175 150 82 65 21 170 122 22 9 50 115 9 41 178 116 152 44 2 109 22 12 4 142 3 77 69 52 174 26 2 154 120 179 1 84 119 144 120 97 31 75 84 22 76 31 120 62 92 88 4 68 33 121 7 83 93 165 87 26 132 141 69 130 21 112 146 72 76 162 44 27 15 164 16 38 15 138 47 109 12 61 150 94 136 157 82 148 46 34 55 128 135 135 12 63 93 52 148 175 79 29 73 119 161 37 31 152 164 9 140 58 9 31 38 154 105 100 141 28 166 130 144 6 52 134 26 131 73 21 3 169 179 92 92 18 145 121 22 111 91 98 130 108 112 170 97 169 30 85 84 20 6 173 105 99 114 133 162 164 102 146 143 152 177 100 68 166 85 160 107 103 136 27 97 163 5 66 64 45 31 3 65 64 36 10 50 26 180 88 32 85 89 31 149 160 57 53 82 132 176 97 119 21 73 110 15 149 35 21 156 44 176 94 110 28 28 117 34 91 17 131 180 35 99 84 50 91 136 64 144 65 81 117 114 31 41 90 132 146 21 123 169 15 77 177 147 78 75 44 131 17 80 34 175 166 37 32 125 115 166 83 9 143 19 101 148 22 177 40 1 18 7 160 50 127 15 172 108 174 44 101 74 139 60 36 79 54 127 119 52 91 65 91 39 100 147 164 19 50 99 158 68 80 142 110 153 66 28 81 38 48 144 83 104 136 146 126 154 151 178 46 95 50 22 46 8 69 51 60 68 128 18 111 71 36 39 59 148 96 65 137 173 162 42 128 180 143 162 28 140 70 19 2 37 10 49 136 96 145 95 5 52 10 99 170 23 39 2 97 7 107 7 120 146 49 171 132 67 133 116 95 91 106 44 20 12 92 60 80 25 8 28 148 174 46 24 102 70 151 14 50 39 27 118 88 17 90 84 144 75 175 110 41 16 104 77 119 52 31 27 165 176 118 161 26 3 37 77 103 157 89 56 101 120 79 61 171 71 163 13 31 119 164 157 22 132 62 19 72 134 48 118 24 53 42 168 46 79 37 35 172 142 167 130 96 36 90 86 88 179 106 55 180 151 43 172 107 139 96 12 93 104 127 150 91 57 137 38 70 163 108 67 36 102 54 5 158 5 56 158 73 5 92 10 159 23 98 72 46 140 39 70 89 150 52 23 149 13 4 179 145 101 115 6 109 137 159 31 139 2 126 87 133 73 84 143 171 143 36 138 156 80 115 129 15 52 153 150 160 163 70 42 46 115 111 90 52 16 159 18 157 166 103 40 74 17 177 149 39 113 173 94 123 8 3 98 165 144 47 63 2 74 30 23 142 3 23 131 28 140 117 86 8 69 140 146 40 179 25 49 68 38 21 46 132 87 95 30 126 135 39 109 64 28 167 93 132 34 148 110 123 86 162 94 2 121 16 13 161 21 66 151 38 14 45 122 66 2 75 29 28 93 20 85 77 58 47 167 118 131 81 83 26 75 71 119 69 166 138 160 3 73 129 74 112 34 165 32 68 16 146 110 96 117 152 19 1 102 155 77 28 117 79 152 24 67 45 112 117 141 66 21 106 12 14 145 20 54 10 80 49 125 10 167 119 116 172 32 150 141 159 114 95 5 178 108 60 131 138 36 37 2 42 66 26 67 9 88 177 64 154 126 154 157 89 13 83 60 179 82 142 93 178 123 57 21 52 155 174 43 101 22 22 46 113 141 66 155 105 137 75 116 2 152 69 125 105 71 120 111 135 82 71 43 122 121 20 113 68 79 146 62 97 162 37 38 39 71 95 29 38 84 179 174 100 37 85 161 39 17 122 146 43 117 127 118 143 179 133 79 172 168 109 60 113 179 36 167 86 62 76 48 24 80 129 112 132 78 116 152 53 31 66 52 19 178 169 37 161 133 46 93 23 88 22 10 78 14 1 119 18 90 47 86 104 34 161 109 8 76 91 1 118 158 98 82 168 154 74 17 47 95 122 96 73 55 107 66 118 129 40 10 75 159 81 54 131 78 100 155 9 97 68 95 32 160 46 62 156 143 14 118 91 64 61 152 15 119 172 42 171 93 78 29 172 40 111 65 65 170 54 155 126 93 163 126 125 27 178 127 28 84 11 124 124 61 74 129 109 92 28 151 71 46 124 19 50 23 31 152 104 2 76 149 18 22 14 54 110 53 77 126 31 55 70 42 169 102 143 66 83 27 107 26 123 164 16 122 168 143 173 115 14 79 170 179 94 29 12 170 95 135 50 16 27 146 148 127 180 161 122 172 86 75 44 51 159 97 130 37 162 148 51 99 179 169 26 22 33 131 145 123 97 154 153 163 21 58 68 71 108 13 93 93 148 135 143 57 31 123 137 50 99 41 53 16 55 70
77 89 126 91 52 140 35 30 49 127 82 150 127 152 45 105 55 96 47 120 113 46 114 45 117 108 39 130 159 56 145 161 28 82 92 40 138 104 27 9 35 4 173 80 92 118 75 17 139 41 155 111 127 130 149 95 55 79 35 83 12 167 152 36 148 63 29 174 169 122 53 150 124 91 124 70 136 104 92 101 41 85 149 170 160 104 70 170 28 34 142 179 101 34 149 6 10 14 127 14 13 79 131 77 75 110 116 89 5 167 107 33 48 118 87 15 147 14 64 102 47 11 157 137 107 13 166 164 56 100 1 86 27 9 6 166 160 109 43 13 115 146 143 87 44 106 78 102 174 58 153 109 146 95 131 101 133 124 13 83 117 98 36 103 102 111 169 105 83 131 139 177 32 180 42 71 20 20 168 30 4 86 101 24 57 55 129 57 112 58 41 56 69 88 135 53 146 80 100 41 8 66 49 113 153 2 10 147 81 161 130 12 16 172 103 8 140 69 98 116 87 71 165 166 91 118 1 128 80 1 25 37 77 85 163 93 110 20 109 50 130 88 103 92 160 87 70 59 148 179 48 50 73 164 81 27 147 101 168 80 153 156 15 24 100 148 78 119 89 90 17 14 73 171 40 163 93 15 121 67 167 99 7 127 22 114 69 21 87 14 137 72 65 155 84 128 94 135 140 91 122 67 98 176 28 113 6 78 101 10 34 61 173 164 16 129 152 143 35 26 119 2 88 21 72 89 161 77 55 137 176 96 132 94 110 162 173 60 50 163 11 35 18 8 87 73 127 94 9 117 54 160 74 112 31 169 157 143 137 105 9 44 111 44 3 96 118 102 133 175 51 126 38 57 152 159 5 16 93 27 65 68 159 84 76 156 63 107 176 113 63 10 87 128 30 100 3 69 180 26 76 45 121 92 69 179 109 6 13 16 42 61 143 50 153 17 113 15 118 56 62 154 148 84 1 90 137 139 119 67 29 65 117 155 118 164 119 93 74 109 179 118 87 97 152 32 113 169 37 58 22 49 175 73 51 161 151 76 173 9 141 30 172 89 10 7 20 106 93 162 77 146 86 63 63 85 49 62 128 8 28 104 107 41 142 166 105 71 116 48 166 20 137 63 72 146 71 38 68 93 62 76 137 2 49 54 124 87 135 39 163 172 7 102 60 48 28 134 45 97 61 125 83 113 53 31 139 52 137 77 40 147 91 108 43 119 87 38 50 64 179 147 50 120 135 67 32 96 65 87 152 85 135 58 16 78 28 77 129 120 55 151 131 45 77 35 32 47 59 31 12 67 43 88 15 11 132 7 9 155 39 147 85 93 120 34 146 77 120 87 27 114 41 177 85 124 30 169 53 19 55 113 170 84 53 154 51 169 73 83 130 120 25 73 92 91 155 163 159 105 29 166 71 66 136 20 86 165 34 155 51 162 65 6 156 160 164 81 12 155 150 44 75 157 11 174 113 119 7 91 60 119 73 139 32 75 175 77 56 38 74 88 71 142 97 149 68 108 79 86 74 115 111 145 161 120 132 30 101 130 9 158 12 146 14 32 118 38 127 108 86 173 36 100 134 59 30 53 35 117 155 72 58 17 154 32 167 39 25 45 149 105 41 110 119 14 105 114 94 25 180 91 29 19 100 132 44 86 171 150 161 152 55 107 29 5 178 121 136 146 59 86 51 116 48 84 138 42 38 107 102 28 160 57 134 16 131 121 96 60 177 127 16 41 168 32 78 132 124 4 107 38 129 121 3 48 85 177 47 141 155 108 118 98 49 56 180 123 102 68 40 76 6 156 178 87 99 166 84 57 28 89 7 133 36 164 13 125 137 178 100 76 37 155 110 115 144 55 152 79 180 36 113 132 37 48 78 70 11 135 156 140 65 34 22 42 169 176 60 105 30 158 89 64 88 57 59 2 106 4 113 139 44 16 54 130 180 157 53 76 56 149 105 71 117 127 156 25 102 127 119 133 134 52 4 111 7 59 35 107 165 122 83 29 156 156 95 177 173 165 23 13 19 35 142 54 64 106 76 180 146 83 55 97 28 61 178 18 157 141 72 77 167 34 41 167 61 72 175 101 172 128 24 95 158 11 173 123 69 140 77 17 88 148 172 157 147 139 152 154 31 114 7 106 55 65 90 38 102 102 89 150 93 2 139 115 72 89 68 67 160 61 73 83 79 156 61 70 52 81 38 38 132 49 40 25 145 154 138 37 117 172 166 167 149 58 97 120 77 177 72 48 55 169 120 99 151 162 53 42 66 39 66 108 33 59 17 56 143 174 14 46 139 139 48 106 101 19 179 116 6 22 72 110 91 99 91 49 157 127 106 12 11 58 173 79 178 74 56 45 27 155 152 124 45 150 119 127 37 29
96 175 102 73 162 21 8 67 99 112 151 55 83 104 92 45 137 61 156 40 87 140 40 90 68 162 160 14 167 168 165 165 83 174 43 5 37 92 140 174 35 8 81 117 130 46 25 36 157 120 52 142 145 50 134 151 33 143 164 27 103 26 12 129 34 93 84 3 34 159 1 26 66 133 107 45 179 174 73 55 86 98 55 171 62 172 108 94 83 4 3 66 126 55 75 148 116 175 137 113 149 55 155 166 167 139 146 141 73 11 67 31 38 13 155 24 173 105 151 149 80 59 39 107 10 38 45 116 83 167 77 34 10 19 133 145 57 54 170 35 159 42 135 67 40 178 68 60 96 144 53 175 27 53 87 126 42 165 78 73 41 10 76 38 17 108 69 64 64 116 53 98 84 151 133 107 152 37 44 175 17 69 163 145 82 55 80 145 126 46 51 34 23 101 24 30 148 127 148 110 159 70 6 101 51 138 173 25 159 119 130 164 169 178 79 27 70 28 139 30 95 6 93 168 53 104 14 139 3 18 94 135 87 102 114 168 68 92 86 175 167 59 28 60 35 109 95 6 90 173 97 35 132 77 118 158 96 5 141 10 66 16 101 111 101 8 124 161 167 100 166 159 156 7 107 56 159 140 150 11 54 37 152 45 58 93 17 18 53 62 113 132 160 35 105 108 60 122 23 3 74 84 31 178 57 164 76 11 116 65 74 28 100 63 157 25 64 81 128 169 155 46 179 18 52 134 134 34 39 117 81 17 119 118 47 112 97 62 147 171 138 147 130 136 37 94 88 41 40 121 18 38 60 55 48 50 21 124 25 140 32 79 174 88 73 149 140 22 50 25 64 40 126 68 140 26 145 60 110 64 30 172 9 61 22 170 122 150 150 160 11 113 53 28 63 48 172 135 18 152 44 86 41 175 143 23 140 88 110 14 112 42 139 72 67 56 166 172 139 65 3 156 79 45 123 72 94 62 128 69 152 100 32 37 70 9 19 60 132 79 51 66 80 38 113 126 67 112 65 68 155 38 117 17 137 159 91 116 26 102 23 141 148 173 119 178 166 77 14 152 80 64 102 7 157 101 50 10 104 11 33 172 178 13 160 125 146 20 22 18 40 77 14 176 149 120 34 117 40 88 22 59 48 98 37 31 47 161 4 12 127 80 147 136 71 175 65 172 131 151 41 180 52 170 87 137 143 125 7 119 52 71 109 38 43 117 124 142 101 11 54 116 18 128 95 22 65 171 76 90 144 6 8 119 56 36 32 80 49 80 94 172 158 35 138 64 20 175 67 109 101 15 103 4 118 29 113 1 39 166 134 10 16 77 135 85 154 110 132 62 124 79 174 44 118 166 51 78 39 162 16 51 22 52 113 68 111 164 140 179 131 34 42 87 13 74 118 62 37 128 29 31 19 87 16 170 87 142 2 52 88 59 18 170 15 166 43 56 71 30 171 158 6 72 133 61 99 148 90 14 38 120 81 137 3 174 165 83 36 47 101 61 110 157 133 176 99 138 84 115 56 141 97 83 87 175 36 6 177 87 158 81 104 108 30 69 161 1 129 19 170 147 150 111 66 43 17 75 81 42 69 117 6 54 134 33 161 37 43 56 88 150 51 137 20 72 54 38 161 24 126 127 160 28 114 95 30 172 147 119 52 176 106 100 147 16 47 146 129 22 172 2 145 58 94 25 166 152 142 88 28 132 72 177 145 86 159 14 21 143 107 171 64 56 70 92 154 33 127 24 75 38 77 153 122 98 39 179 59 151 113 128 28 71 26 121 64 132 77 10 23 164 63 110 122 51 99 90 9 43 47 170 57 83 69 72 68 66 77 15 86 49 170 130 93 158 125 76 37 174 16 172 3 16 124 91 167 140 40 132 167 6 13 133 37 152 7 141 141 172 80 15 166 77 75 18 90 63 130 19 94 156 52 85 11 35 174 174 13 159 68 117 102 49 83 107 7 157 166 24 179 173 150 171 74 67 154 100 127 115 12 104 25 177 152 100 18 141 180 20 59 89 78 153 68 134 91 167 103 125 87 47 77 170 88 163 7 5 60 92 138 98 23 77 101 9 98 163 138 103 2 64 165 42 103 113 131 163 168 83 158 104 56 138 173 8 78 137 133 68 95 138 18 124 163 11 124 77 168 97 87 36 135 72 150 89 132 99 2 25 12 31 42 121 11 89 15 104 97 67 63 82 109 16 129 39 112 39 122 12 34 68 164 167 149 91 64 92 139 43 73 38 179 143 17 119 159 171 61 22 52 161 75 105 19 44 155 93 167 142 101 37 93 147 36 165 49 74 178 60 23 31 147 66 53 67 23 92 27 170 1 59 79 73 91 65 7 56 132 112 112 104 179 69 173 155 15 42 43 118
55 43 22 45 176 139 119 90 21 67 175 153 51 75 147 151 26 128 129 133 141 137 86 82 168 50 9 49 141 170 136 58 94 76 164 85 12 102 28 36 2 141 24 47 72 179 155 126 19 122 123 33 148 69 156 132 49 61 2 103 14 167 174 35 149 143 176 111 18 94 115 16 175 93 100 95 94 138 110 108 167 57 89 76 80 103 93 118 139 145 22 8 17 15 145 84 6 137 67 99 67 12 27 80 124 161 135 52 111 158 66 97 34 176 64 165 148 2 135 127 79 25 41 18 72 27 27 39 10 68 26 88 54 32 55 71 115 63 160 41 166 166 59 46 68 155 175 60 116 26 54 3 173 128 90 145 144 15 146 136 66 13 22 29 132 142 69 3 138 96 154 108 127 70 84 13 106 61 96 9 88 19 60 108 88 81 56 87 22 162 20 174 164 75 4 40 100 38 25 6 46 123 85 109 11 176 124 30 55 53 40 121 177 131 30 169 66 153 8 175 86 46 113 26 57 18 95 171 179 41 88 132 12 162 41 49 174 79 108 102 166 110 119 83 62 160 72 132 72 63 83 114 76 69 161 128 14 106 72 72 108 38 19 47 110 12 26 153 84 59 103 2 115 7 170 172 59 77 148 24 68 79 31 76 48 12 108 128 12 136 140 65 21 163 73 101 50 3 82 4 49 2 112 69 43 55 154 167 99 13 144 133 42 21 127 133 62 7 166 2 11 98 97 77 110 79 148 162 75 59 80 31 25 7 59 137 40 18 148 20 163 39 31 105 40 150 139 134 30 130 128 141 133 98 54 64 28 116 24 158 148 16 69 122 63 165 103 97 45 54 157 142 77 38 140 108 137 149 45 88 68 52 136 132 78 27 27 56 58 179 150 146 45 57 109 17 41 140 131 9 175 46 11 171 161 38 31 84 29 154 62 41 5 44 106 148 89 139 139 5 175 172 36 157 121 130 63 95 41 109 152 7 110 156 175 153 114 123 90 144 80 31 51 33 38 44 87 55 88 133 175 144 128 16 84 156 159 5 21 54 158 24 179 94 168 85 104 18 146 154 166 144 174 156 154 138 64 114 63 46 126 63 126 118 173 16 147 52 32 98 167 65 81 75 142 84 12 27 82 31 59 142 168 79 50 176 155 72 17 6 60 114 51 52 113 66 111 35 71 56 10 109 56 58 49 103 2 176 164 112 33 46 146 110 66 150 158 76 144 139 112 79 168 128 132 110 143 152 43 175 131 141 164 78 177 73 98 57 57 131 16 80 51 92 36 90 81 13 122 17 100 162 102 141 5 8 110 53 19 50 74 8 83 107 115 86 132 57 103 103 101 20 117 16 74 75 81 90 123 125 138 120 26 132 169 142 145 134 94 138 36 143 59 121 150 153 26 24 15 102 2 88 96 45 120 108 68 36 172 92 21 93 6 127 126 17 75 116 152 64 34 44 148 131 122 23 29 65 115 47 11 52 41 66 61 170 66 14 114 129 29 60 179 131 91 28 2 159 64 145 142 29 125 130 87 155 4 66 98 105 85 169 49 157 11 97 129 12 162 149 38 87 94 122 63 130 98 41 52 80 167 154 169 44 116 9 43 112 38 132 104 102 99 158 93 12 19 161 111 44 128 126 162 5 149 30 31 132 14 102 93 179 24 35 168 115 72 149 154 77 80 39 91 78 38 150 81 138 15 160 175 126 6 5 25 118 163 25 104 101 180 178 60 27 40 87 16 170 128 139 82 13 100 99 17 125 105 125 17 8 38 4 162 15 115 8 8 139 46 143 24 150 162 41 35 139 29 145 163 62 10 153 136 63 60 64 109 114 64 142 26 35 178 147 120 27 152 82 161 42 7 71 152 140 96 64 90 153 17 58 102 123 62 127 13 10 81 104 55 49 154 46 167 6 152 119 64 110 162 82 135 35 9 150 17 106 66 81 46 164 131 163 122 90 11 66 173 137 114 111 30 16 142 76 69 84 98 89 135 114 119 29 176 3 135 136 58 161 52 122 153 41 58 135 113 170 74 65 54 138 37 14 51 98 31 129 69 42 159 101 25 31 31 130 159 8 42 115 75 24 67 135 159 109 34 164 88 100 85 159 158 74 158 42 130 4 26 60 114 14 40 24 17 102 180 35 53 177 66 169 139 152 56 90 107 170 97 13 136 39 36 142 104 170 29 45 110 13 51 147 31 108 139 7 91 124 76 96 71 149 15 14 118 18 75 52 83 137 73 71 157 111 168 95 68 105 50 36 40 128 157 30 78 142 157 119 164 143 61 164 20 164 64 117 139 32 175 176 96 107 151 45 131 30 74 44 84 160 30 127 166 39 124 55 61 32 146 12 64 48 141 120 121 46 93 158 155 175 27 120
102 33 121 170 32 3 36 92 176 102 151 76 47 87 82 86 166 69 58 148 25 169 120 125 159 112 109 17 13 44 158 45 121 120 46 166 64 94 111 161 106 173 52 108 34 148 34 70 44 58 9 142 180 74 92 5 152 108 98 89 57 86 76 7 143 76 157 179 94 10 80 156 111 131 57 43 57 130 42 130 155 68 164 90 178 7 13 53 152 121 179 48 63 26 143 58 130 128 172 95 23 114 4 161 18 110 132 140 102 152 1 37 124 31 142 59 163 93 64 4 163 179 157 87 50 172 124 144 62 98 100 19 21 152 28 139 124 164 111 104 160 83 80 126 80 101 76 21 12 19 4 57 142 110 171 11 154 69 24 1 53 106 75 175 121 124 12 164 122 137 158 25 47 30 116 23 11 108 36 146 142 71 57 31 97 147 151 38 115 114 125 169 157 134 129 173 135 153 124 116 27 105 170 85 131 119 43 33 60 104 131 19 134 89 25 72 162 123 126 110 111 62 29 127 111 111 99 40 101 160 128 22 123 13 120 12 58 120 68 63 24 159 57 175 21 170 92 19 141 9 62 10 63 10 86 52 138 100 55 4 113 154 18 92 156 25 68 39 96 86 70 116 173 180 29 171 100 71 144 103 41 31 62 131 94 169 96 14 150 114 27 135 50 56 158 15 80 167 25 54 173 39 31 33 9 158 38 93 173 34 106 101 128 30 76 53 3 86 121 170 31 3 26 156 42 122 13 114 20 169 97 175 147 74 41 164 127 97 37 134 99 11 117 26 97 103 169 66 13 60 38 44 175 54 34 165 91 72 40 151 31 28 133 111 167 89 170 130 94 69 46 45 144 91 26 155 28 28 9 166 63 50 149 24 68 11 21 4 88 85 175 176 178 53 90 131 143 130 28 59 97 116 29 13 70 43 121 144 19 124 47 120 25 10 156 125 17 169 5 96 111 41 72 11 70 127 154 151 57 15 61 84 19 71 29 151 117 54 80 61 114 175 171 115 70 76 26 166 149 103 127 125 10 177 53 176 35 8 80 13 2 73 159 24 100 168 51 34 30 85 99 53 65 141 65 90 93 161 8 72 138 19 100 60 164 34 62 16 155 27 92 76 129 27 16 131 22 148 20 107 175 39 6 8 137 29 109 143 171 119 39 40 115 75 104 163 7 138 93 51 70 104 153 12 155 135 113 12 92 46 12 8 18 122 52 4 35 143 158 111 124 143 74 24 99 139 173 5 100 178 127 13 116 90 49 169 18 166 93 77 101 82 129 51 100 117 152 33 137 77 176 50 109 127 76 171 16 119 113 82 105 9 58 177 152 69 105 16 65 61 177 150 84 170 144 79 111 80 148 138 36 146 123 155 123 27 147 141 50 12 134 101 122 124 111 20 81 44 28 16 70 45 103 174 9 128 22 148 83 102 3 132 107 108 40 122 155 21 144 118 112 118 11 63 123 86 34 66 131 144 33 168 109 4 80 95 165 32 20 129 155 153 172 152 61 40 164 151 60 88 40 156 100 32 38 11 145 148 180 13 21 180 177 126 136 98 99 29 169 77 51 53 106 130 54 85 56 136 162 7 23 85 110 73 35 18 142 3 8 30 94 115 110 143 71 177 115 82 87 75 145 162 25 178 104 9 112 80 32 128 90 35 52 40 29 145 134 69 178 80 113 87 77 159 55 111 124 173 125 31 79 158 113 48 132 24 8 27 156 4 52 137 147 86 24 175 30 61 86 105 150 10 174 68 147 69 166 102 111 70 110 123 90 105 77 6 126 126 129 65 164 162 6 54 50 14 137 43 17 104 1 102 42 113 44 84 114 108 143 169 153 40 12 77 4 12 85 90 104 57 13 66 38 77 134 76 109 141 145 125 19 37 27 156 7 27 47 173 117 62 115 3 3 105 3 96 31 19 131 26 154 9 119 11 93 5 69 133 178 167 61 168 145 128 142 124 166 64 154 42 125 38 159 94 121 135 165 72 23 144 59 149 168 163 22 34 100 150 108 118 170 67 30 144 93 117 67 147 88 31 10 39 73 27 166 5 155 73 102 77 95 124 100 26 140 166 132 87 67 147 127 168 117 34 36 139 162 119 107 24 120 120 10 62 74 47 90 123 27 107 60 103 154 22 26 62 105 2 168 15 128 9 84 32 99 13 66 142 82 86 80 50 137 150 126 122 127 55 54 36 75 77 82 103 12 104 122 93 129 172 120 50 37 50 164 62 54 160 158 10 102 87 27 16 171 68 38 14 71 169 149 114 177 122 82 19 159 172 140 7 6 64 63 79 135 20 10 34 142 114 168 159 168 15 94 38 87 10 81 56 37 162 61 64 105 53 82 6 150 93 79 159 59 102 127 9 105 113 139 54
23 21 110 142 86 139 20 83 63 24 102 172 18 99 126 18 152 58 149 178 142 97 114 2 176 118 103 107 156 168 34 130 17 175 173 56 75 134 122 116 150 97 176 148 172 116 127 138 148 10 110 122 40 113 116 31 99 19 10 21 62 167 63 132 172 21 154 128 103 180 44 180 170 2 2 12 148 115 69 144 106 10 45 142 129 121 50 93 29 23 156 34 9 38 75 77 91 177 118 145 141 99 128 116 137 62 155 150 58 88 30 19 36 117 157 69 42 11 29 28 137 27 44 99 170 172 8 38 70 92 152 117 32 3 55 137 159 34 107 101 62 147 98 51 129 111 99 81 55 97 63 12 104 114 116 16 42 136 71 55 137 8 23 60 176 91 133 168 128 97 78 92 46 50 95 97 86 168 165 5 96 109 101 72 126 47 46 83 129 162 24 145 109 150 166 62 31 92 103 175 29 116 165 119 173 110 11 57 17 87 147 41 125 62 16 8 180 120 114 98 61 65 81 121 107 6 123 116 23 104 103 104 164 106 111 16 100 146 20 53 14 100 66 179 93 59 76 84 41 171 3 16 169 59 33 15 59 7 67 172 169 46 24 143 76 126 53 40 76 117 34 110 99 180 112 121 91 44 9 137 163 62 61 155 151 99 132 146 172 92 67 52 130 25 158 10 59 25 124 93 99 79 169 71 176 38 12 74 111 115 8 106 23 136 120 20 141 62 61 92 152 150 9 58 127 46 51 161 2 153 169 59 6 150 162 89 78 124 50 163 144 152 101 11 5 168 51 140 8 178 164 33 81 135 31 92 150 2 59 126 45 54 110 33 116 111 12 25 48 138 102 161 121 32 32 120 24 88 36 85 66 63 128 12 86 56 57 41 76 32 39 151 112 110 124 71 114 12 174 110 78 19 127 60 145 132 112 157 26 69 169 112 61 16 93 131 44 27 148 165 3 100 48 38 100 77 97 89 98 87 88 16 76 95 58 59 2 141 131 129 80 15 57 52 60 83 43 64 53 18 151 34 52 118 141 77 73 110 65 38 48 138 37 38 7 108 18 62 136 83 73 88 132 68 134 81 1 91 70 49 109 149 88 144 119 114 44 21 87 167 138 36 113 115 116 154 82 120 43 9 34 89 137 76 44 175 86 150 107 46 76 89 54 58 35 54 34 14 50 36 123 116 151 60 123 180 16 126 99 17 56 83 154 67 129 161 102 43 60 35 4 71 95 168 117 116 146 143 67 51 177 70 18 165 15 36 144 97 120 5 120 30 180 159 58 124 23 68 53 118 98 4 15 3 155 171 174 154 78 158 95 177 163 168 102 66 56 75 40 112 57 75 61 98 180 118 29 97 154 89 119 80 23 27 83 136 19 138 31 42 102 115 78 32 170 176 177 28 165 55 97 160 131 38 119 64 117 20 153 122 38 20 24 134 169 109 111 39 171 160 107 119 91 44 117 112 148 116 118 30 48 41 8 25 107 169 11 144 84 172 155 153 12 107 158 99 110 156 116 108 164 93 2 78 9 177 13 87 144 109 180 95 32 54 131 4 30 166 90 21 53 66 132 31 76 101 175 27 16 133 154 28 83 87 116 97 126 64 170 68 126 65 73 30 59 110 161 114 61 160 137 78 134 86 50 98 60 92 80 120 96 113 2 107 75 135 123 99 70 71 120 19 161 29 173 80 112 121 57 84 150 158 14 163 126 151 105 77 114 78 115 157 72 144 13 121 164 180 51 49 161 76 91 7 66 100 7 100 79 132 1 110 165 4 36 156 18 3 98 90 172 77 23 149 60 21 130 38 51 35 34 9 160 24 108 36 178 84 94 108 172 34 42 169 149 141 11 134 145 127 165 12 2 170 81 79 43 20 5 143 72 108 19 168 165 83 14 68 147 69 6 141 58 12 141 109 56 154 24 116 107 137 43 158 127 1 179 10 138 159 121 54 88 21 48 123 156 50 154 77 111 154 117 105 41 167 44 18 11 95 15 29 177 103 177 86 150 53 124 79 69 29 155 15 174 6 27 114 14 11 112 31 123 29 87 72 53 145 112 60 158 106 18 23 168 42 22 21 103 179 53 138 180 45 174 100 139 99 108 151 178 86 129 46 60 57 111 80 140 105 135 139 150 47 159 103 179 49 151 13 165 82 99 55 87 9 72 28 157 37 179 130 125 134 93 147 12 119 16 40 68 7 55 55 22 119 44 61 90 28 70 31 91 141 112 16 103 62 107 57 55 88 146 160 94 54 118 42 108 25 86 60 108 47 154 171 69 171 145 151 113 153 114 146 12 69 10 40 159 110 155 16 26 120 153 146 107 166 3 78 144 114 109 105 31 82 143 164 49 29 2 53 115 1 58 25 11 110 104 79
52 23 39 105 129 85 25 47 113 102 69 27 113 180 159 69 120 78 175 24 159 91 64 36 120 147 78 117 139 162 166 168 93 163 162 124 140 164 120 98 180 35 42 127 44 26 26 124 55 36 79 169 17 64 19 22 174 36 103 26 48 176 133 67 169 19 119 173 123 75 31 75 96 114 156 75 50 168 153 66 175 27 91 149 81 45 143 51 124 96 173 166 103 86 166 117 59 121 168 101 7 180 151 50 52 112 41 17 111 73 111 176 134 135 138 174 143 118 30 10 6 35 7 146 55 50 122 38 21 62 7 117 117 19 177 39 148 104 20 69 139 99 104 9 167 14 124 168 39 82 6 175 115 179 115 140 157 80 172 67 174 37 77 108 118 73 27 74 99 154 47 64 176 153 96 155 101 124 174 128 15 62 51 39 82 8 42 53 97 82 50 175 98 87 108 154 127 11 89 4 111 105 164 124 140 143 43 43 73 81 145 149 167 144 10 11 78 100 141 61 127 159 160 94 151 93 34 60 142 78 39 112 135 17 120 38 14 15 164 178 30 27 151 67 33 93 169 35 64 118 56 130 162 118 60 50 95 40 40 122 123 161 79 84 129 128 37 61 140 129 64 121 84 161 12 61 144 156 87 65 150 101 90 8 113 69 8 13 50 147 42 5 135 34 20 53 6 46 119 132 92 113 124 75 119 156 103 54 44 2 26 76 79 109 139 149 72 89 158 142 27 60 91 105 11 149 109 132 95 51 23 34 32 107 58 129 63 3 51 147 55 73 37 15 134 117 153 162 180 142 5 154 154 57 157 49 69 169 144 2 150 101 116 35 18 106 171 169 141 67 134 23 63 29 56 31 148 110 40 117 71 49 100 104 48 163 179 157 122 109 46 141 84 30 175 80 44 54 154 133 77 164 73 65 125 16 98 126 10 95 170 106 179 123 44 6 31 141 2 141 81 97 150 22 98 39 19 125 131 33 175 71 115 144 66 176 33 74 72 112 97 106 42 44 173 124 94 43 90 60 116 175 180 71 147 16 128 136 124 98 66 159 147 162 103 77 90 11 115 175 122 145 136 75 92 136 157 1 15 37 131 102 57 23 103 160 42 81 51 129 179 133 165 120 155 3 130 163 27 160 62 50 160 135 61 85 102 171 88 49 15 110 58 42 57 175 61 148 175 52 91 70 166 139 77 30 79 119 172 2 46 75 105 106 133 146 91 31 99 160 106 49 83 112 154 177 172 175 5 154 78 69 13 20 101 67 43 122 151 100 71 101 130 82 138 154 157 92 159 24 158 114 128 95 85 138 19 124 106 147 22 64 124 120 123 22 127 54 161 63 176 179 62 8 157 176 40 75 27 119 15 45 35 50 122 55 58 44 151 12 170 145 142 124 128 59 143 173 75 18 19 87 159 29 140 29 111 164 62 89 10 33 103 139 106 91 65 162 115 112 137 124 91 151 134 179 43 173 79 26 99 26 70 16 8 142 87 31 27 164 38 149 61 165 152 167 44 144 90 160 125 108 27 177 175 17 170 124 171 5 46 143 45 134 56 75 20 68 156 170 123 166 141 15 144 170 156 29 118 39 18 174 121 70 39 68 15 9 153 153 24 45 52 154 169 28 77 35 35 169 61 75 68 165 48 22 2 7 118 99 170 177 23 33 180 160 1 92 135 10 26 45 127 8 91 165 44 44 97 178 140 99 134 73 113 38 131 100 35 22 180 175 10 173 49 171 67 85 146 12 107 174 8 90 82 120 65 108 49 168 168 78 10 23 44 64 160 99 20 135 170 90 178 49 69 61 126 23 158 128 160 115 23 25 154 179 127 16 180 125 77 160 130 172 141 156 82 129 116 48 158 21 126 161 108 91 157 142 134 168 33 126 147 171 44 12 174 115 74 6 58 120 135 128 12 51 40 155 111 170 167 100 112 74 135 18 3 72 62 98 147 48 12 125 83 108 117 175 13 113 84 52 54 34 180 113 150 116 141 19 14 45 84 128 41 159 94 118 1 51 16 108 93 141 27 134 58 52 34 86 126 127 77 161 103 2 5 84 19 151 107 144 174 19 73 75 144 14 45 111 34 127 147 158 120 174 65 31 102 25 109 36 109 97 180 152 28 50 84 171 65 147 44 14 42 46 167 145 57 58 60 43 111 67 40 42 121 70 106 167 56 42 114 170 172 95 92 8 140 131 121 43 99 59 74 58 39 88 175 106 179 75 62 81 27 135 96 114 74 173 39 52 147 102 2 64 110 178 140 70 38 59 124 103 88 14 83 81 85 66 15 18 168 96 49 180 67 156 14 91 83 5 141 170 122 121 177 107 95 51 83 77 115 66 141 67 136 149 51 29 118 116 126 56 111 47 77 20 146 94
80 159 116 133 143 66 35 143 90 90 99 170 134 48 85 160 31 154 110 72 78 109 68 172 104 124 148 117 171 123 157 147 49 1 179 142 113 59 64 32 157 167 154 134 49 26 61 13 133 125 154 157 10 62 45 113 25 119 10 135 71 156 146 122 98 125 8 76 134 9 8 158 60 105 101 15 73 45 20 68 129 115 156 95 103 87 93 61 124 51 157 128 80 78 104 52 125 39 52 133 61 165 156 26 87 12 123 108 146 47 125 26 76 168 155 102 150 40 113 171 113 142 123 165 97 102 29 143 76 37 44 14 64 9 170 53 161 61 65 94 25 123 16 13 107 105 18 81 168 98 31 67 148 149 144 65 143 96 92 169 60 22 165 89 80 152 43 69 163 112 100 154 114 17 118 100 141 22 175 96 153 141 57 5 33 141 175 106 69 152 43 47 132 64 136 77 94 148 89 4 15 39 174 149 73 138 36 57 114 87 83 32 167 26 41 44 49 133 57 177 136 56 122 137 70 108 152 172 53 107 166 31 50 86 58 40 60 103 109 4 111 54 20 29 156 141 179 22 98 162 121 98 165 74 125 30 12 3 130 52 123 161 126 154 88 3 42 98 50 51 88 130 140 52 97 104 62 45 93 146 139 105 142 46 117 121 172 81 22 22 128 60 103 133 111 65 150 65 123 90 138 137 104 11 178 93 51 119 101 106 180 133 116 61 173 21 2 76 59 91 28 99 95 132 7 180 115 59 33 18 119 91 80 164 124 17 8 143 71 6 149 180 105 85 130 86 64 161 94 57 176 19 86 137 112 60 49 162 34 131 134 3 173 71 65 160 173 112 53 151 72 137 153 127 178 3 163 49 69 42 51 98 126 171 171 67 159 93 154 11 64 5 164 56 38 142 3 101 163 6 165 21 101 35 110 59 81 111 134 150 98 4 168 39 102 41 161 137 16 180 123 25 148 129 74 79 125 160 135 151 113 11 6 162 50 160 116 145 156 100 23 123 160 141 103 30 66 136 70 175 76 180 113 28 89 159 72 40 20 47 40 74 48 3 90 32 178 171 113 66 61 128 64 84 11 52 21 74 47 100 104 59 154 93 167 1 72 163 22 44 151 144 31 142 164 94 25 14 23 13 62 49 132 12 66 160 145 169 100 89 114 91 153 153 169 99 126 104 122 172 119 94 13 31 161 50 134 102 167 77 139 25 144 21 50 20 55 22 92 29 158 143 1 119 59 94 9 163 150 46 95 103 46 36 167 10 6 10 121 158 13 112 30 118 36 23 166 110 84 20 119 35 41 91 151 128 30 88 138 111 74 97 179 9 11 53 163 141 125 120 69 147 178 119 144 58 83 136 134 54 139 56 84 18 58 68 177 111 7 96 79 66 173 2 85 109 70 86 83 4 4 55 109 19 18 85 172 12 146 48 64 112 143 126 17 153 59 72 100 172 139 180 161 159 13 90 95 8 168 103 124 77 145 41 120 167 161 70 30 94 43 85 41 101 176 20 76 173 32 69 81 121 1 1 135 87 83 142 18 158 168 156 60 152 104 131 172 153 8 77 54 71 58 71 13 107 35 153 22 178 149 42 170 62 18 19 20 57 144 125 136 96 133 42 63 29 125 121 179 44 93 158 47 48 25 133 72 73 15 169 163 85 172 164 66 167 82 74 29 103 76 172 177 145 14 132 62 165 104 158 116 118 41 62 66 152 25 38 72 76 133 92 56 78 180 64 27 90 3 17 105 76 162 172 157 64 96 119 119 64 167 53 136 141 10 158 158 72 116 133 180 125 144 109 31 158 59 128 83 143 7 72 123 62 97 154 138 49 62 116 34 122 42 121 75 53 11 104 168 39 83 160 98 82 2 84 24 112 8 141 90 145 19 19 44 1 65 147 18 11 146 35 93 14 166 169 96 39 118 41 2 52 135 99 171 137 13 11 2 70 131 162 78 14 35 161 29 105 2 116 154 171 137 127 87 175 46 25 17 140 25 143 144 175 5 11 91 85 132 154 23 72 52 145 43 168 108 119 120 75 153 135 58 143 65 52 145 12 116 5 5 55 172 174 51 114 80 117 106 48 153 180 115 82 112 146 26 6 162 55 175 138 82 57 47 23 62 155 61 107 124 76 178 78 111 31 148 129 91 136 141 175 3 50 132 159 127 177 45 156 167 83 17 115 125 100 68 156 95 37 48 144 47 155 120 3 38 57 139 50 138 52 79 175 16 13 118 19 171 120 16 11 39 106 145 153 24 78 158 38 171 178 177 122 83 36 36 24 137 180 157 88 156 167 122 149 40 55 156 45 54 4 132 42 173 156 88 156 179 35 27 141 106 55 31 66 137 55 95 61 92 37 139 64 131 141 154 134 148 159
128 144 45 128 127 21 36 98 90 67 54 70 147 90 15 102 146 77 168 42 110 66 151 140 7 160 65 106 131 87 78 115 164 112 156 31 129 26 95 134 104 87 83 8 117 6 42 89 138 153 115 72 78 20 100 160 42 39 74 93 23 40 87 43 141 58 137 169 63 1 121 52 150 14 9 114 50 46 47 120 169 170 57 83 80 27 11 69 142 50 86 26 170 82 97 35 115 53 139 100 142 45 39 18 135 50 122 36 152 60 37 147 149 169 59 131 47 51 56 99 137 148 160 82 128 70 92 124 8 79 89 73 39 36 76 6 155 168 30 5 99 92 36 25 9 96 150 51 156 124 124 136 19 125 30 48 14 52 101 140 51 52 8 77 3 85 151 19 121 180 93 154 120 107 107 46 117 96 38 12 72 81 31 142 114 54 176 120 129 108 16 116 160 97 166 124 108 88 22 158 125 61 76 65 136 85 38 43 3 150 107 84 30 21 56 151 23 20 151 133 124 84 117 110 172 114 38 81 127 21 140 50 23 135 44 52 101 144 97 140 167 110 74 79 159 104 78 31 49 85 18 92 172 21 64 62 132 102 175 2 32 108 123 128 27 147 180 15 176 23 41 126 166 72 40 90 48 158 120 172 143 169 138 31 54 57 127 79 151 38 12 61 179 98 99 17 10 177 50 96 136 107 73 162 106 16 84 139 141 148 53 77 7 115 66 41 141 59 5 71 103 26 126 112 104 75 29 45 175 97 28 93 103 58 4 9 113 178 6 124 101 71 5 126 33 143 72 116 123 73 128 26 135 135 81 96 138 56 101 66 144 67 103 107 36 20 119 93 140 176 13 72 170 51 116 131 148 159 2 153 38 45 92 173 24 76 12 73 95 117 34 88 49 6 106 169 147 150 80 78 89 13 48 174 112 31 6 54 13 63 159 111 147 44 99 55 78 43 156 171 173 8 78 147 67 33 106 128 99 162 138 66 137 93 112 24 44 160 50 11 8 79 32 144 90 73 174 64 106 153 88 108 36 179 136 43 86 85 136 163 16 82 63 154 122 16 76 43 130 75 144 165 9 50 64 107 177 65 51 102 100 22 37 33 2 125 61 10 7 153 26 33 79 147 69 171 82 24 25 39 139 11 140 100 78 67 57 96 75 23 64 42 104 179 98 131 122 6 103 48 34 117 89 130 88 100 129 128 105 141 78 149 152 50 65 83 170 177 170 127 79 96 15 100 157 143 42 13 64 105 34 88 43 180 171 72 104 89 56 40 54 165 79 19 130 59 1 114 63 11 133 110 9 134 73 141 53 41 118 156 47 114 63 78 117 109 109 51 170 44 22 40 60 124 113 179 59 70 123 112 109 180 179 158 146 63 156 37 80 164 158 48 30 104 115 6 74 108 80 51 118 154 176 43 180 30 139 85 99 148 161 124 154 160 97 103 56 144 54 85 83 103 170 85 135 81 164 111 1 175 106 169 31 43 116 170 84 163 91 39 119 52 61 88 150 72 98 81 154 108 79 74 146 123 83 56 51 9 14 12 33 32 11 28 95 112 27 86 22 154 113 58 140 148 144 7 9 104 12 2 39 133 85 85 155 175 120 132 142 8 39 68 74 92 167 84 2 177 163 153 77 44 122 121 108 139 84 149 51 143 135 110 38 84 43 179 2 97 92 165 101 92 68 2 90 93 153 152 141 126 138 130 93 54 44 168 91 95 7 32 77 151 98 161 163 37 78 88 103 35 109 79 127 88 72 100 50 7 149 159 39 19 7 124 159 84 65 32 135 176 38 143 29 178 153 89 105 58 102 8 62 6 144 106 96 48 158 79 100 13 73 49 120 143 76 75 136 23 176 129 90 155 156 110 73 26 58 68 100 161 62 79 43 45 18 137 90 7 168 46 4 95 43 68 149 90 164 135 163 139 80 8 2 4 13 56 128 74 38 132 133 10 119 166 174 104 77 123 148 77 161 28 78 167 102 96 160 53 62 90 56 132 156 166 149 76 138 86 105 143 128 179 6 113 136 108 20 125 68 49 51 21 83 9 131 85 170 9 106 40 17 76 111 175 175 47 42 32 164 74 32 89 62 135 172 94 21 51 108 163 65 25 126 132 13 61 102 39 92 70 88 82 171 110 154 127 89 83 9 14 62 125 133 55 90 170 51 136 106 38 25 3 149 20 120 142 128 64 33 141 111 111 82 45 25 127 104 105 31 39 148 165 32 166 138 147 65 130 71 26 138 58 115 52 78 84 178 8 18 142 100 93 42 105 107 80 91 151 43 164 164 174 22 108 111 60 40 110 31 143 123 49 140 53 6 17 28 154 125 110 160 149 153 113 158 139 70 22 171 10 14 64 151 88 149 163 84 112 120 176
0.3
0.4
0.3
0.4
0.3
0.4
0.3
0.3
0.4
0.3
0.2
0.3
0.4
0.2
0.2
0.3
0.4
0.4
0.3
0.3
0.3
0.3
0.4
0.3
0.2
0.3
0.4
0.3
0.4
0.3
0.3
0.2
0.2
0.3
0.2
0.4
0.2
0.3
0.3
0.2
0.3
0.3
0.2
0.2
0.2
0.3
0.4
0.2
0.3
0.3
0.2
0.3
0.3
0.3
0.3
0.3
0.2
0.2
0.3
0.3
0.4
0.2
0.2
0.4
0.3
0.3
0.3
0.3
0.3
0.3
0.2
0.4
0.4
0.3
0.3
0.2
0.2
0.4
0.4
0.3
0.4
0.3
0.3
0.2
0.3
0.2
0.2
0.4
0.2
0.2
0.3
0.4
0.3
0.2
0.4
0.2
0.2
0.4
0.4
0.3
0.3
0.3
0.4
0.3
0.2
