60 12
15
     18661
     17501
     18478
     18031
     18105
     16745
     18908
     17153
     17433
     17381
     18156
     17062
     18157
     18139
     19125
  3.3  38.4 689.0   1.9
  4.4  48.9 573.7   2.4
  1.1  48.0 184.0   2.3
  4.2  26.9 472.4   1.7
  3.2  28.3 804.1   2.5
  4.8  23.8 624.4   2.3
  4.0  37.0 847.3   2.3
  3.2  35.4 270.7   1.8
  1.0  23.4 487.9   2.1
  3.4  34.5 869.9   1.7
  5.0  36.2  89.0   2.4
  1.5  47.0 733.5   1.6
  5.0  19.3 263.6   2.5
  3.8  16.5 140.9   2.0
  4.5  36.8 324.6   2.0
  3.0  17.7 296.7   1.6
  1.6  44.6 633.2   1.7
  2.8  10.9 864.4   2.3
  1.1  38.3 668.8   2.0
  1.6  44.9 942.1   1.9
  2.1  19.6 642.7   2.0
  3.1  47.3 560.2   1.7
  3.6  17.6 801.1   1.8
  3.1  21.6 381.6   1.9
  2.6  37.6 374.7   1.9
  2.8  23.7 355.0   1.8
  1.9  13.9 249.1   1.7
  3.1  45.3 118.6   1.8
  4.9  17.0  70.5   2.2
  2.6  47.4  70.9   1.8
  2.8  42.3 433.0   1.7
  3.7  42.9 410.3   2.2
  1.7  49.9 724.3   1.6
  4.7  43.3 423.2   1.8
  3.1  41.4 943.8   1.9
  4.2  36.4 518.5   1.7
  4.9  37.8 619.9   1.9
  4.4  26.9 891.4   2.4
  1.6  10.4 727.2   1.9
  1.1  17.3 754.9   1.6
  4.4  36.2 488.1   1.8
  1.7  28.6 119.9   1.9
  3.7  42.1 799.5   2.4
  4.8  24.4  96.0   1.7
  1.6  31.0 342.7   1.7
  4.9  32.5 228.1   2.0
  2.5  15.6 602.0   2.1
  3.4  33.2 196.0   2.3
  4.1  49.1 350.5   1.8
  3.2  26.6 503.5   2.3
  3.7  44.9  92.5   2.5
  2.3  22.1 283.3   1.8
  2.5  17.1 257.3   1.9
  1.2  42.1 207.3   1.7
  2.2  31.5 913.3   2.4
  2.9  25.6 875.6   2.1
  4.1  24.5 592.2   2.2
  3.8  22.3 421.2   1.9
  2.2  37.4 723.4   2.4
  1.0  47.9 606.6   2.0
  1.4  30.8 405.1   2.5
  4.7  15.4 165.4   2.1
  1.2  32.9 161.5   1.7
  3.8  49.9 835.2   2.2
  1.9  17.2 544.6   1.8
  1.3  23.1 292.1   1.8
  2.2  20.3 890.0   1.8
  3.2  18.8 586.1   2.0
  4.0  45.8 624.0   2.5
  2.6  33.4 542.1   2.1
  3.7  23.8 345.2   2.0
  1.9  25.5 257.2   2.2
  3.8  23.0 851.2   2.1
  3.2  11.2 739.9   1.8
  1.1  31.9 704.5   2.1
  2.1  39.0 193.6   1.8
  4.1  22.2 135.6   2.1
  3.7  30.8 489.1   2.4
  3.3  26.0 225.1   2.1
  3.0  36.9 342.3   1.7
  4.1  12.7 450.1   2.1
  3.5  32.0 682.6   2.0
  1.5  35.4 595.9   1.6
  2.6  15.5 628.4   2.0
  3.3  17.9 638.9   2.1
  1.5  29.0 349.0   1.8
  1.2  18.3  74.8   2.3
  3.4  20.6 663.2   2.4
  3.9  46.9 685.4   1.5
  4.1  46.8 362.7   2.5
  1.8  33.2 774.4   2.2
  3.6  22.2 291.1   2.1
  4.8  28.3 350.5   2.2
  2.5  22.2 126.7   2.2
  3.4  41.5 872.6   2.1
  1.9  38.6 118.2   2.3
  1.8  47.5 294.7   1.9
  4.8  43.2 268.1   2.1
  3.4  35.8 121.7   2.0
  1.9  37.8 450.8   1.9
  3.0  44.6 128.0   1.9
  4.9  19.7 566.3   2.4
  1.0  42.4 311.3   1.5
  2.4  21.6 362.2   2.3
  4.3  47.6 902.0   2.1
  2.9  17.1 354.8   2.2
  3.9  24.9 583.3   2.4
  1.6  16.2 230.1   2.3
  2.2  35.3 463.5   1.7
  3.9  24.7 713.8   1.9
  1.9  17.4 477.8   1.6
  4.1  24.7  63.2   1.9
  2.8  21.0 782.1   2.1
  2.9  23.1  67.4   2.2
  3.0  10.8 339.2   2.5
  2.9  10.2 590.1   2.0
  2.8  35.3 487.5   2.1
  4.1  45.5 360.8   1.6
  3.3  23.2 690.1   2.0
  3.1  17.3 433.1   1.7
  4.8  10.8 525.2   2.1
  1.2  38.8 587.0   1.8
  4.2  23.5 522.0   1.8
  4.2  38.2 142.2   2.4
  1.4  37.8 417.4   1.9
  3.7  10.4 418.3   2.0
  2.5  41.6 288.2   2.1
  4.6  35.2 100.8   2.1
  2.7  16.5 334.2   2.2
  5.0  17.5 921.9   1.9
  2.1  21.6 190.7   1.9
  3.8  11.5 933.0   1.9
  4.5  38.6 495.2   1.6
  2.4  25.3 468.4   2.3
  4.5  49.9 847.2   1.6
  4.0  48.0 936.9   1.8
  2.1  32.8 281.9   1.6
  1.4  39.7 100.1   1.6
  4.6  10.2 460.7   1.8
  3.2  45.2 414.9   2.0
  4.1  36.3 829.7   1.9
  3.5  45.2 537.9   1.5
  1.6  45.8 511.7   2.0
  4.8  15.6 180.8   2.4
  3.5  10.9 246.1   2.0
  1.9  25.9 371.4   1.8
  1.0  22.9 143.3   1.7
  4.8  19.1 561.7   1.9
  4.8  22.9 398.2   1.6
  3.5  36.2 309.5   1.7
  1.8  21.4 600.7   1.6
  2.8  38.8 515.9   2.1
  2.4  44.1 310.6   1.8
  4.9  12.2 358.6   1.6
  1.5  23.1 344.5   1.7
  4.3  20.8 164.6   2.2
  1.0  48.4 349.7   2.2
  2.8  26.4 176.3   2.3
  1.5  36.3  98.2   1.7
  5.0  26.1  89.9   1.5
  3.4  24.0 582.3   1.6
  2.2  18.8 594.2   2.0
  1.6  44.1 897.6   2.2
  1.1  30.2  56.5   2.5
  4.6  21.2 187.3   1.8
  2.8  36.7 790.0   1.7
  3.5  42.2 904.6   2.1
  2.8  31.9 326.0   1.8
  2.1  22.2 125.8   1.7
  3.9  47.2 944.0   1.8
  4.1  28.3 544.7   1.6
  1.6  45.1 759.9   1.7
  4.9  10.8 944.1   2.0
  1.2  43.1 380.1   1.5
  3.5  35.4 124.1   2.2
  4.4  37.2 642.9   2.2
  4.3  12.2 502.0   1.5
  1.3  16.0 456.5   2.3
  1.6  18.2 472.1   2.4
  2.6  15.7 677.9   2.4
  2.6  20.7 159.5   2.1
  1.9  22.5 439.1   2.1
  4.3  15.1 646.0   2.5
  1.1  29.6 782.6   2.1
  1.3  14.0 885.3   2.3
  2.2  19.6 763.4   1.8
  4.5  44.5 426.7   1.7
  1.4  11.6 257.9   1.6
  2.4  12.1 590.8   2.0
  4.0  21.5 830.6   1.7
  1.5  24.8 567.9   1.6
  3.2  35.5 396.4   1.9
  4.4  28.9 885.6   1.6
  1.6  44.3 324.8   2.1
  3.4  12.7 350.0   2.0
  4.8  33.5 371.8   2.0
  4.9  34.6 202.8   1.5
  4.9  27.4 846.4   2.0
  1.6  39.0 618.8   1.9
  2.1  47.7 247.5   2.5
  3.5  17.0 581.1   2.3
  2.9  26.4  96.8   2.2
  1.6  16.1 574.4   2.1
  1.5  31.5 676.8   1.9
  3.6  15.2 402.3   2.3
  2.1  14.4 552.9   2.2
  1.5  22.4 718.8   2.3
  4.6  37.2 592.4   1.9
  3.4  34.1 707.6   2.2
  2.6  49.8 430.4   1.9
  4.9  30.4 223.9   1.8
  4.2  46.7 710.5   2.0
  3.1  19.1 232.0   1.8
  3.0  11.6 221.3   2.4
  1.2  28.5  97.8   2.4
  1.9  30.5 621.6   1.8
  3.2  40.3 822.1   2.3
  3.8  27.1 421.3   2.0
  2.5  13.7 492.9   2.1
  4.0  28.4 865.8   1.6
  2.4  43.4 155.4   1.6
  4.2  31.4 929.6   1.6
  4.5  18.3 276.3   1.6
  1.1  33.7 617.0   1.8
  2.8  49.3 374.4   2.2
  1.5  11.4 868.1   1.9
  4.0  28.7 402.0   1.9
  1.9  16.0 657.1   2.0
  5.0  41.7 676.8   2.4
  3.0  21.6 701.4   1.7
  2.5  32.2 434.9   2.3
  1.9  26.7 792.2   2.1
  4.7  40.2 443.7   1.8
  2.5  36.8 121.7   2.0
  3.7  18.8 561.0   2.4
  4.3  37.4 379.7   2.1
  4.5  48.8 348.6   2.1
  1.2  48.0 648.3   2.1
  3.7  15.4 508.3   1.9
  3.4  19.9 189.0   2.0
  3.4  29.3 646.1   1.8
  3.7  39.0 589.4   1.8
  4.7  17.5 937.4   1.9
  2.7  15.7 183.3   2.0
  3.2  22.1 148.2   2.1
  1.8  25.3 361.5   2.1
  1.8  21.5 515.8   2.2
  4.1  46.1 358.2   1.7
  2.1  43.7 380.7   2.2
  4.6  44.1 560.6   2.4
  1.9  37.8 461.9   1.5
  3.0  12.9 386.6   2.4
  2.1  30.8 688.4   2.4
  1.3  34.6 807.1   2.0
  3.0  36.4 244.5   2.4
  3.8  23.1 907.2   1.6
  4.4  36.3 534.3   2.2
  3.6  46.4 617.5   2.0
  2.1  40.0 592.8   1.6
  1.2  27.7 796.4   1.7
  4.9  46.2 868.1   2.3
  3.2  20.5 942.6   1.8
  2.5  47.7 866.6   2.1
  1.7  10.9 402.6   2.4
  1.7  12.7 181.9   2.4
  3.1  30.3 138.4   2.5
  3.3  17.8 585.4   1.7
  2.3  17.9 584.4   2.5
  4.2  39.1 375.9   2.3
  2.8  45.0 122.2   2.2
  2.0  12.7  89.8   2.4
  4.6  21.3 612.5   1.8
  1.9  29.0 879.1   1.6
  3.0  36.5 450.0   2.1
  1.3  14.6 352.4   2.3
  4.1  30.6 149.8   2.1
  3.5  10.3 389.3   2.1
  3.2  48.3 449.4   1.9
  2.6  17.5 518.3   1.6
  2.3  25.3 371.7   2.3
  2.8  14.9 334.0   1.9
  3.4  45.8 915.5   2.5
  1.3  49.6 862.9   1.7
  5.0  28.3 666.7   2.1
  3.5  34.9 740.6   1.8
  4.9  42.8 706.3   1.7
  3.4  38.9 170.6   1.8
  2.5  18.7 836.1   2.3
  2.6  14.1 824.5   2.3
  4.7  22.2 368.7   1.8
  1.0  47.1 798.5   1.8
  3.6  47.9 276.5   2.1
  4.3  47.8 849.3   1.7
  2.4  44.8 291.8   2.1
  2.8  30.1 886.7   1.7
  1.5  40.2 833.4   2.0
  4.7  29.7 679.7   1.7
  2.0  22.0 522.0   1.6
  2.7  42.7 789.7   1.6
  3.0  33.0 562.4   2.4
  2.3  31.4 580.5   2.1
  2.3  25.7 277.2   2.1
  2.5  39.7 260.3   1.6
  3.3  35.8 299.5   2.4
  3.0  37.1 188.1   1.8
  1.2  23.2 280.0   2.2
  2.6  21.3 770.8   1.7
  2.7  30.8 140.2   1.5
  2.5  21.6  84.2   1.8
  3.6  19.8 129.9   1.8
  3.5  46.0 624.3   1.9
  4.6  48.5 899.5   1.7
  3.1  34.7 937.3   2.1
  2.5  24.2 227.7   2.0
  3.8  32.9 418.5   2.2
  1.5  10.9 149.4   2.1
  2.0  27.9 382.8   1.6
  2.2  26.2 927.3   2.3
  3.8  17.2 918.5   1.9
  3.4  14.2 455.8   2.4
  2.4  26.5 723.2   2.4
  2.8  43.7 398.6   2.1
  3.5  26.7 358.0   1.7
  4.6  48.8 782.8   2.0
  1.5  24.9 695.9   1.8
  3.4  17.8  70.3   2.0
  1.8  36.7 370.7   2.2
  1.2  33.2 296.6   2.3
  4.1  22.9 409.3   2.4
  1.7  29.7 162.2   1.6
  5.0  49.5 375.7   2.2
  2.7  40.4 280.7   1.6
  4.4  38.7 920.7   1.7
  2.4  42.9  52.5   2.0
  4.1  48.3 666.2   1.8
  3.7  14.0 240.0   1.6
  5.0  40.4 602.5   2.1
  1.8  16.8 673.6   2.2
  4.1  11.5 134.4   2.1
  1.0  28.8 334.0   2.1
  1.7  10.3 480.0   1.8
  2.8  16.6 258.5   1.9
  2.5  12.0 406.4   2.2
  2.1  12.1 937.6   2.1
  2.8  38.4 455.6   2.0
  3.2  43.1 587.1   2.1
  2.4  31.4 669.1   1.9
  3.0  32.5 743.2   2.0
  3.2  14.4 306.3   1.6
  1.7  29.1 310.8   1.8
  1.2  33.2 371.2   2.3
  3.9  45.6 793.0   2.1
  1.2  11.8 413.2   1.6
  1.9  13.6 741.0   2.3
  1.0  29.3 122.9   1.8
  4.1  24.1 475.0   2.4
  2.3  18.1 511.7   1.5
  4.3  28.9  65.7   2.0
  2.1  31.0 282.7   2.1
  1.1  47.8 768.8   2.4
  4.5  30.0  71.3   1.9
  4.4  49.8 397.5   2.5
  3.0  28.4 867.7   1.7
  1.6  34.0 567.3   2.4
  3.8  17.5 886.4   2.1
  1.3  47.0 194.7   2.3
  1.9  14.9  88.3   2.3
  4.5  21.7 537.4   2.4
  5.0  14.5 799.1   2.3
  1.6  41.7 833.2   1.5
  2.0  44.3 874.6   2.3
  2.2  23.8  52.7   1.9
  2.7  39.7 554.2   1.6
  4.9  37.2 199.2   1.7
  2.5  21.3 524.3   2.4
  4.8  19.5 206.0   1.9
  2.8  25.3 609.0   1.5
  2.7  47.4 476.3   1.9
  2.8  45.9 897.3   2.0
  1.2  48.2 121.3   1.7
  1.9  13.1 305.3   2.1
  4.9  47.6 192.2   2.3
  4.8  49.2  78.1   2.2
  1.0  24.8 656.0   2.2
  4.5  34.1 481.2   1.7
  1.4  35.2 476.8   1.7
  4.3  22.3 373.7   2.1
  1.8  39.8 114.3   1.8
  4.3  31.9 718.1   2.2
  4.6  14.9 683.5   2.3
  4.5  11.6 772.5   1.9
  4.4  23.4 928.7   1.6
  4.8  37.8 707.4   2.2
  5.0  45.2 243.1   2.2
  1.5  39.9 221.5   2.2
  3.4  35.1 185.3   1.5
  2.2  47.9 664.6   1.8
  4.5  26.4 495.1   2.2
  2.1  45.6 529.9   1.5
  2.2  23.7 756.5   1.5
  1.9  45.3 425.3   2.4
  2.7  20.1 265.5   2.3
  2.3  37.0 484.4   2.3
  4.9  18.7 221.1   1.9
  4.4  31.0 368.4   2.3
  2.1  26.0 914.1   2.5
  2.2  37.0 607.1   2.4
  2.3  38.7 535.2   1.7
  1.7  44.8 613.6   2.4
  2.1  25.4 523.6   1.7
  2.5  43.0 638.7   1.5
  3.1  36.7  51.4   1.5
  4.3  34.0 212.9   1.7
  1.2  22.2 139.6   2.2
  2.7  29.9 778.3   2.0
  5.0  36.6 313.9   2.3
  3.7  11.2 805.7   1.9
  3.9  41.0 389.0   1.7
  3.4  11.5 871.2   1.9
  2.7  14.9 445.6   1.9
  1.5  44.0 362.8   2.5
  3.3  39.6 799.7   1.8
  3.2  14.9 442.3   2.3
  4.5  21.0 193.5   2.1
  5.0  35.9 175.2   2.4
  3.8  14.0 125.8   2.5
  3.6  15.4  90.3   2.4
  1.8  49.2 650.5   1.9
  3.1  21.8 699.4   1.6
  1.0  14.4 465.0   2.1
  1.9  20.1 307.0   1.6
  1.8  40.4 410.2   1.8
  2.4  22.1 402.2   2.1
  3.4  21.7 301.2   2.0
  2.4  34.9 481.7   1.6
  2.3  13.6 527.5   2.0
  4.2  21.0 768.5   2.0
  3.5  17.3 653.4   2.2
  1.8  29.8 516.9   1.8
  2.1  30.8 453.2   2.5
  2.1  49.3 561.4   1.9
  1.9  47.4 947.8   2.3
  3.0  17.8 244.9   1.8
  3.8  30.8 538.0   2.4
  1.5  28.1 295.7   1.8
  3.0  49.5 843.2   1.8
  2.5  45.7 762.9   2.0
  1.0  33.5 100.1   1.6
  3.2  39.3 198.7   2.4
  2.5  15.1 506.5   1.7
  4.1  25.4 790.2   2.2
  3.1  43.8 120.1   1.8
  1.6  18.2 810.6   2.2
  2.6  48.5  96.7   2.4
  2.0  36.1 103.2   1.9
  1.3  33.6 847.1   1.6
  5.0  11.7 184.9   1.5
  2.4  23.7 729.1   2.2
  4.6  46.0 172.9   2.2
  3.7  46.7 157.7   2.2
  2.0  49.9 145.9   2.0
  1.1  13.2 777.1   2.5
  3.6  36.5 227.5   2.5
  3.8  30.0 120.6   1.9
  4.5  17.4 906.6   2.3
  3.3  29.4 721.8   2.4
  1.1  17.9 911.5   2.1
  2.0  40.5  59.3   1.6
  3.5  31.4 348.5   1.7
  2.8  15.2 209.1   1.8
  2.7  26.1 119.5   2.4
  4.3  42.5 886.2   1.7
  3.6  13.8 782.9   2.0
  2.9  11.9 781.7   2.0
  3.1  18.6 597.9   1.7
  3.9  17.6 401.0   2.1
  1.5  49.2 365.4   2.4
  1.7  44.9 726.5   2.3
  2.5  44.2 113.1   2.4
  2.4  23.7 771.3   2.0
  4.3  33.9 838.8   1.6
  2.1  30.7 366.3   1.9
  4.7  10.8 164.3   2.3
  2.2  18.1 424.2   2.2
  5.0  17.4 548.2   2.4
  1.5  20.7 606.2   2.1
  4.9  36.9 684.0   2.4
  1.4  46.7  68.9   1.9
  2.1  40.1 172.8   1.8
  2.8  49.9 604.3   2.0
  1.2  30.2 227.1   2.4
  1.2  14.4 589.4   2.4
  2.9  46.6 544.7   1.9
  1.2  28.2 266.4   2.5
  3.7  38.1 491.3   2.0
  4.0  27.1 167.2   2.0
  3.3  43.1 689.4   2.2
  2.4  30.0  83.5   1.9
  3.8  42.7 190.2   1.7
  2.3  20.1 628.5   2.5
  3.4  40.5 573.3   1.6
  1.4  10.2 265.6   1.8
  3.6  29.8 700.2   2.1
  2.2  24.7 633.7   2.3
  2.3  18.2 722.9   2.0
  1.4  21.1 717.9   1.7
  3.7  32.0 537.0   1.7
  3.9  15.3 853.0   1.5
  1.3  20.7 622.0   1.6
  4.7  27.5  57.2   2.3
  1.5  24.2  53.8   2.2
  3.4  36.8 649.8   1.5
  1.1  45.7 850.4   1.9
  2.3  13.2 549.2   1.9
  4.2  12.3  94.4   1.9
  1.4  21.8 305.6   2.0
  4.9  43.9 236.5   2.4
  1.1  14.1 604.3   2.2
  4.9  30.6 109.1   2.3
  4.9  26.2 545.1   1.7
  3.8  40.2 296.9   1.9
  1.8  26.5 526.9   1.7
  2.7  28.9 619.6   2.0
  1.2  29.4 132.8   1.8
  3.7  41.5 284.2   2.5
  1.7  21.5 341.2   1.8
  4.1  25.2 917.0   1.7
  3.0  34.6  58.6   2.0
  2.4  19.2 327.5   1.7
  4.6  35.6 744.5   1.9
  2.0  26.5  72.7   1.6
  3.6  37.8 579.4   2.4
  1.0  14.4 192.6   1.7
  4.1  29.3 332.8   2.2
  3.9  10.5 170.9   2.0
  1.5  26.8 877.7   1.9
  1.0  21.3 411.1   2.3
  3.4  42.0 441.0   2.5
  3.0  41.8 747.6   2.0
  4.7  43.0 554.4   1.9
  2.7  17.4 752.4   1.8
  2.7  32.9 898.8   2.1
  1.2  35.7 217.7   2.1
  1.8  43.6 146.7   1.6
  3.9  29.8  88.1   1.9
  3.1  43.0 257.1   1.6
  1.3  26.9 765.7   1.8
  3.7  43.5 510.5   1.7
  3.6  29.6 180.7   2.0
  5.0  43.0 353.9   2.2
  4.2  11.0 722.4   2.5
  4.4  34.9 314.3   1.8
  4.2  17.8 437.6   2.3
  2.2  39.0 938.3   1.8
  1.1  16.8 503.3   2.3
  3.9  17.9 678.9   1.8
  2.4  11.6 117.3   2.0
  3.3  30.8 683.8   1.7
  4.4  36.7 310.8   1.9
  2.3  28.9 394.8   1.7
  2.7  37.2 620.2   1.9
  4.2  10.7 150.6   1.9
  3.8  34.5 861.6   1.8
  2.8  48.0 605.3   2.3
  1.6  41.0  62.7   2.0
  2.5  44.1 906.1   1.7
  3.2  13.7 906.4   1.8
  3.6  30.0 811.2   2.0
  1.7  32.1 697.7   2.0
  3.0  25.6 830.7   2.1
  1.0  36.5 409.2   1.7
  4.5  31.3 367.2   2.3
  3.0  30.5 482.4   2.2
  2.5  13.4 652.9   1.7
  3.0  17.3 300.6   1.6
  1.1  11.9 231.5   1.9
  1.5  31.9 373.2   2.2
  3.6  42.5  62.1   2.5
  2.4  23.7 712.4   1.6
  3.1  42.1  89.5   2.5
  1.8  15.8 902.5   1.8
  2.1  50.0 317.0   2.1
  3.4  43.3 770.1   2.0
  1.1  38.3 538.4   2.0
  5.0  17.7  98.2   1.5
  4.9  20.2 436.5   2.4
  4.6  42.4 942.3   2.4
  3.2  26.1 892.3   2.3
  1.6  18.1 687.5   2.2
  4.4  15.3 303.2   2.5
  2.1  48.0 331.1   2.3
  4.6  10.4 867.2   2.4
  2.6  25.2 841.5   2.3
  3.6  14.6 483.0   2.2
  2.5  28.7 160.4   2.1
  1.6  20.3 127.5   2.3
  1.2  14.7 390.0   2.0
  2.7  22.2 325.8   1.6
  2.4  13.1 450.6   1.7
  3.9  25.4 684.0   2.0
  1.3  12.1 229.7   2.1
  4.2  34.7 189.9   1.9
  3.2  19.9 135.8   1.6
  4.8  17.5 831.8   2.4
  1.3  16.5 640.2   2.2
  4.4  37.5 584.1   2.3
  1.6  43.3 841.2   2.1
  3.7  18.8  80.8   1.7
  3.8  32.5 281.1   2.0
  3.9  36.2 145.2   2.4
  4.3  30.9 131.3   2.1
  1.9  41.4 463.1   1.7
  1.4  12.9  62.7   2.5
  1.6  22.9 475.3   2.5
  3.5  36.0 364.7   2.2
  3.2  42.6 690.6   1.6
  4.8  49.4 151.9   2.4
  3.5  10.4 245.0   1.8
  4.9  45.5 162.5   1.7
  3.1  25.5 297.1   1.7
  3.3  31.0 789.3   2.5
  2.4  44.2 530.5   2.3
  4.2  27.1 723.3   2.4
  1.9  19.2 555.2   2.4
  2.6  17.5 306.1   1.8
  3.5  33.8 351.5   1.9
  2.7  45.6 436.1   1.8
  1.7  15.4 226.2   2.0
  3.4  23.1 520.0   2.3
  4.8  16.7  96.7   1.6
  1.2  29.7 760.9   1.7
  4.7  31.9 554.7   1.6
  4.9  39.4 318.1   2.3
  1.5  47.1 488.9   2.3
  4.2  33.2 744.8   2.0
  3.7  11.6 616.0   2.5
  2.2  22.8 583.5   1.8
  2.4  37.4 174.4   2.0
  4.6  45.1 795.2   1.8
  3.0  35.9 275.0   1.9
  1.3  30.7 252.6   1.6
  3.0  34.3 894.9   2.3
  1.9  40.0 555.6   1.7
  3.7  43.9 195.8   1.5
  1.7  11.1 338.4   2.3
  3.2  18.2 849.8   2.5
  2.3  46.7 865.5   2.3
  3.4  49.8 431.3   2.2
  1.9  17.2 787.4   1.8
  2.9  34.5 538.8   2.4
  2.2  38.5 530.0   2.3
  1.5  23.7 813.4   1.9
  3.7  20.4 784.8   1.7
  2.2  25.0 221.6   2.1
  3.6  10.7 722.9   1.7
  2.8  30.1 924.4   2.4
  3.6  14.9 242.3   2.3
  1.3  33.7 644.1   1.5
  1.3  34.4 117.3   2.5
  5.0  23.3 298.5   1.7
  1.1  24.9 905.1   1.6
  2.0  12.9 369.1   2.4
  1.1  45.9 433.4   2.5
  3.4  11.6 638.8   1.6
  2.0  41.5 583.5   1.5
  1.7  36.4 746.0   2.4
  2.0  45.0 679.4   2.3
  1.6  19.4 909.6   1.9
  3.7  15.3 418.9   1.8
  2.3  21.9 224.9   1.9
  1.6  39.5 692.7   1.9
  2.4  46.6  53.4   2.2
  2.2  41.7 345.6   1.6
  3.6  25.8 765.3   2.2
  3.2  20.2 392.4   2.2
  1.4  17.5 597.3   1.9
  4.6  22.8 708.6   1.7
  4.2  43.6 317.2   1.9
  3.5  33.9 146.6   1.6
  3.2  23.7 229.4   1.9
  3.2  47.9 189.7   1.9
  3.9  25.2 424.8   1.8
  1.6  44.0 161.3   1.5
  3.2  18.4 343.2   1.9
  4.9  16.3 340.7   2.1
  2.6  27.1 600.9   2.3
  1.3  38.9 901.8   1.9
  2.1  18.8 327.8   2.5
  1.2  49.8 489.4   2.3
  4.4  48.6 464.2   2.2
  1.7  41.4 792.0   1.9
  2.1  28.2 109.6   1.7
  3.2  28.7 625.6   2.0
  3.1  47.9 774.4   2.0
  4.7  18.0 382.0   1.9
  2.1  27.0 761.6   1.8
  3.9  31.8 350.5   2.1
  3.9  29.3 746.5   1.9
  3.3  22.9 395.2   1.6
  1.5  22.5 704.1   2.2
  1.6  27.0 142.1   2.4
  1.8  40.3 465.0   2.4
  2.0  20.5 691.1   1.8
  4.0  44.0 678.4   2.1
  1.3  11.6 185.4   2.0
  4.5  33.9 714.4   2.2
  4.9  19.1 913.0   2.1
  1.2  11.6 837.3   2.3
  4.9  45.0 661.7   2.5
  4.0  48.0 364.9   1.7
  2.3  17.9 273.0   2.1
  1.1  27.7 701.1   2.1
  4.6  42.1 383.7   1.8
  4.7  33.2 644.7   2.5
  3.3  21.2  50.8   2.4
  1.4  46.9 238.7   2.0
  2.0  14.1 288.7   1.8
  2.7  36.3 499.9   2.1
  3.5  14.9 479.5   1.7
  3.2  35.0 603.2   2.3
  2.6  49.8 112.4   1.8
  2.7  46.5 536.8   2.2
  2.3  19.0 553.1   2.3
  2.7  40.5 813.9   2.4
  2.8  31.3 482.8   1.6
  3.6  35.5 652.0   2.0
  2.8  40.9 204.1   2.3
  1.4  11.2 531.6   2.2
  2.9  15.2 126.3   1.9
  4.2  34.9 564.6   2.2
  4.9  20.8 488.4   2.3
  1.4  11.3 768.3   1.7
  3.8  41.7 260.9   2.4
  3.5  24.3  65.6   2.2
  4.7  13.3 744.7   2.1
  2.1  10.4 814.8   1.7
  1.4  46.1 423.7   1.8
  4.9  11.7 466.8   2.0
  1.8  17.0 260.0   2.1
  2.8  38.2 784.7   1.8
  4.6  15.8 492.3   1.9
  4.0  48.2 405.8   1.7
  2.4  44.2 213.0   2.2
  4.8  29.6 794.0   2.1
  2.8  18.6 202.9   1.8
  2.3  17.7 465.5   2.3
  4.0  33.7 484.1   2.5
  1.8  42.7 833.2   2.3
  3.9  28.3 248.0   1.7
  2.1  14.8 647.0   2.0
  4.1  37.7 153.3   1.5
  3.8  33.3 152.8   1.6
  2.8  12.6 728.2   1.6
  4.4  15.4 249.1   2.5
  2.2  39.5 409.2   2.4
  3.6  15.3  70.8   1.9
  4.1  24.6 223.8   2.3
  3.9  49.0 181.2   1.7
  2.5  21.3 673.5   2.2
  3.4  22.2 458.8   1.7
  4.8  14.3 567.3   1.6
  3.0  49.0 739.8   2.3
  3.5  41.6 502.5   2.2
  4.0  20.1 618.5   1.7
  2.2  20.7 926.1   1.6
  2.8  36.6 469.6   2.1
  2.0  25.4 747.2   2.3
  1.1  37.9 355.7   1.8
  1.5  29.6 794.6   2.3
  1.4  33.5 939.7   2.2
  3.5  39.7 555.8   2.4
  2.3  43.7 196.6   1.5
  1.7  16.6 554.4   2.1
  1.2  17.2  96.4   2.5
  1.3  35.0 608.9   1.8
  2.6  18.5 407.2   2.2
  2.8  28.2 455.9   1.6
  2.8  39.4 281.1   2.1
  4.7  34.4 613.1   2.0
  3.8  47.0 732.3   2.5
  3.1  49.3 903.2   1.6
  1.3  20.7 105.2   2.0
  4.9  25.6 268.2   2.1
  3.0  15.7 199.1   1.6
  1.5  14.8 168.6   2.3
  3.0  36.3 267.4   2.1
  1.6  23.4 719.1   1.9
  3.9  36.6 780.2   2.2
  3.3  36.4  97.8   2.3
  4.9  26.7 619.1   2.1
  1.2  34.7 572.9   2.0
  1.5  22.0 330.9   2.4
  3.2  36.2 604.5   1.7
  1.1  38.1 251.1   1.9
  4.8  19.5 203.3   2.2
  2.6  18.4 255.4   1.7
  1.9  43.8 938.9   1.8
  1.2  39.6 675.1   1.5
  1.9  44.7 111.7   1.8
  2.5  22.2 700.2   2.3
  3.9  41.9 207.3   2.1
  4.1  20.5 294.1   1.7
  4.4  32.0 809.7   2.1
  2.6  40.1 246.5   2.0
  4.4  30.8 937.2   1.7
  4.0  48.3 794.9   2.1
  1.6  48.6 292.2   2.0
  2.2  31.2 609.9   2.3
  3.5  18.9  98.2   1.6
  4.4  16.3 466.7   2.3
  2.7  25.9 942.0   2.4
  1.9  40.1 432.2   2.3
  4.1  25.8  55.1   1.9
  2.0  42.9 635.3   1.6
  3.0  28.9 276.2   1.8
  4.1  33.1 481.9   2.5
  2.8  18.6 799.3   2.2
  2.8  13.0 168.0   1.9
  3.3  44.2 533.4   1.6
  4.0  50.0 845.6   2.3
  3.4  28.6 871.2   1.9
  3.4  50.0 660.0   1.6
  1.3  38.7 107.7   2.4
  4.0  37.5 867.4   2.2
  2.4  36.4 739.2   2.3
  4.1  49.8 519.4   1.7
  2.0  34.9 181.9   1.6
  2.5  48.6 384.6   2.1
  4.3  35.1 759.9   2.0
  2.6  37.8 698.8   1.8
  4.4  45.8 860.9   2.0
  1.8  43.8 414.5   1.9
  1.5  38.9  95.5   2.1
  2.4  10.6  76.0   2.4
  3.1  34.6 792.0   1.7
  1.5  35.0 193.3   2.1
  4.1  47.0 746.8   1.6
  2.1  30.5 870.3   1.8
  4.1  42.8 495.3   2.2
  4.7  30.1 166.3   1.6
  2.4  24.1 602.6   2.1
  3.7  17.7 818.2   1.8
  3.2  28.5 401.1   2.2
  3.2  23.6 463.4   1.9
  4.9  43.0 800.2   2.4
  2.7  29.1 741.0   1.7
  1.8  28.5 478.2   2.0
  3.3  40.3 814.8   1.8
  1.7  29.4 793.5   2.3
  4.2  10.9 743.4   2.2
  1.4  18.4 839.6   1.7
  2.0  27.1 298.8   1.7
  4.9  23.9 827.1   2.1
  3.3  13.8 321.4   2.2
  4.5  31.4 430.3   2.3
  3.2  19.3 249.9   1.9
  4.7  33.7 592.5   1.7
  4.4  46.0 726.5   1.7
  2.3  42.7  69.0   2.0
  3.0  31.7 446.1   1.6
  1.6  40.2 321.0   2.1
  4.7  45.6 586.6   1.9
  4.4  25.5 173.0   1.9
  2.7  14.3 649.9   2.1
  3.5  35.4  83.4   1.9
  4.3  15.5  60.0   1.8
  4.7  45.3 571.3   1.6
  1.8  24.3 118.0   1.9
  3.2  38.2 654.3   2.4
  3.5  49.0 646.2   2.4
  4.0  42.0 790.0   2.4
  1.9  29.0 247.4   2.2
  1.2  14.6 678.9   2.1
  2.5  31.9 619.2   2.3
  2.3  47.6 926.8   2.0
  2.0  28.2 907.1   2.3
  4.0  47.6 720.6   1.9
  1.6  34.5  55.0   2.4
  3.0  14.4 734.3   1.6
  3.1  39.6 948.2   2.1
  4.5  31.8 915.9   1.8
  4.7  39.4 572.7   1.6
  1.4  41.4 845.9   2.4
  4.9  43.1 103.0   2.4
  4.1  31.1 852.2   2.3
  1.5  30.3 826.3   1.7
  1.9  21.1 654.7   2.1
  2.5  17.0 423.0   1.8
  2.1  34.8 143.4   1.6
  4.7  33.5 887.0   1.9
  2.7  33.7  67.0   1.7
  4.5  47.7 223.2   1.8
  3.5  20.6 513.1   1.9
  1.5  13.4 776.7   1.8
  5.0  29.2 811.1   1.9
  1.4  41.1 535.0   1.8
  2.8  41.0 491.7   2.1
  1.2  10.5 620.2   1.8
  4.4  32.3 622.4   2.0
  4.1  34.7 370.6   1.8
  0.2   0.2   0.3   0.4   0.2   0.3   0.4   0.4   0.2   0.2   0.3   0.2   0.3   0.2   0.4   0.3   0.3   0.3   0.3   0.2   0.3   0.4   0.3   0.3   0.3   0.4   0.2   0.3   0.2   0.2   0.3   0.4   0.3   0.2   0.3   0.4   0.3   0.4   0.2   0.2   0.4   0.3   0.4   0.3   0.4   0.3   0.3   0.2   0.2   0.4   0.4   0.2   0.4   0.3   0.2   0.3   0.3   0.2   0.2   0.3   0.3   0.3   0.3   0.2   0.4   0.2   0.4   0.3   0.3   0.3   0.4   0.3   0.3   0.2   0.4   0.2   0.3   0.3   0.2   0.2   0.3   0.2   0.2   0.3   0.2   0.3   0.3   0.3   0.3   0.4   0.2   0.4   0.2   0.4   0.3   0.2   0.2   0.4   0.4   0.3   0.4   0.3   0.3   0.3   0.4   0.3   0.4   0.2   0.4   0.4   0.3   0.2   0.4   0.4   0.3   0.2   0.4   0.3   0.4   0.2   0.3   0.3   0.3   0.3   0.4   0.2   0.2   0.4   0.3   0.2   0.3   0.3   0.3   0.4   0.2   0.3   0.3   0.3   0.3   0.2   0.4   0.4   0.3   0.3   0.3   0.2   0.4   0.3   0.4   0.2   0.4   0.3   0.4   0.2   0.4   0.4   0.4   0.2   0.3   0.4   0.4   0.3   0.4   0.4   0.4   0.3   0.3   0.3   0.4   0.3   0.2   0.3   0.3   0.3   0.4   0.2   0.3   0.2   0.3   0.3   0.2   0.2   0.2   0.4   0.2   0.3   0.4   0.3   0.3   0.3   0.4   0.3   0.3   0.2   0.3   0.4   0.3   0.3   0.2   0.4   0.2   0.4   0.2   0.2   0.4   0.3   0.2   0.2   0.4   0.3   0.3   0.3   0.2   0.3   0.2   0.3   0.2   0.4   0.4   0.2   0.3   0.3   0.4   0.3   0.2   0.2   0.4   0.4   0.3   0.4   0.3   0.4   0.3   0.3   0.4   0.3   0.2   0.3   0.4   0.4   0.2   0.2   0.3   0.3   0.3   0.4   0.3   0.3   0.3   0.4   0.3   0.3   0.2   0.4   0.3   0.4   0.2   0.3   0.3   0.3   0.3   0.2   0.2   0.3   0.4   0.3   0.3   0.3   0.3   0.3   0.4   0.4   0.3   0.3   0.4   0.4   0.4   0.3   0.2   0.3   0.2   0.3   0.2   0.3   0.3   0.2   0.4   0.3   0.2   0.3   0.2   0.2   0.3   0.4   0.3   0.4   0.4   0.2   0.3   0.3   0.3   0.2   0.4   0.3   0.2   0.3   0.4   0.3   0.3   0.4   0.4   0.3   0.2   0.4   0.4   0.2   0.2   0.2   0.2   0.4   0.2   0.2   0.3   0.4   0.4   0.3   0.2   0.3   0.3   0.3   0.3   0.3   0.2   0.2   0.4   0.3   0.3   0.4   0.3   0.4   0.2   0.3   0.4   0.3   0.3   0.2   0.3   0.3   0.2   0.4   0.3   0.2   0.3   0.2   0.3   0.3   0.3   0.2   0.2   0.3   0.3   0.3   0.3   0.2   0.3   0.3   0.3   0.3   0.4   0.3   0.2   0.4   0.4   0.3   0.3   0.2   0.3   0.3   0.3   0.4   0.3   0.4   0.2   0.4   0.3   0.4   0.2   0.3   0.2   0.4   0.4   0.4   0.2   0.3   0.2   0.3   0.2   0.3   0.2   0.4   0.4   0.2   0.4   0.3   0.3   0.3   0.3   0.3   0.2   0.3   0.2   0.4   0.3   0.2   0.3   0.4   0.3   0.2   0.4   0.4   0.4   0.2   0.3   0.3   0.2   0.3   0.2   0.4   0.3   0.3   0.3   0.4   0.2   0.3   0.2   0.3   0.3   0.3   0.2   0.2   0.2   0.3   0.3   0.4   0.2   0.2   0.4   0.2   0.2   0.3   0.3   0.3   0.2   0.2   0.3   0.3   0.3   0.2   0.3   0.3   0.3   0.4   0.4   0.3   0.3   0.4   0.4   0.4   0.3   0.3   0.3   0.4   0.4   0.4   0.3   0.3   0.3   0.4   0.4   0.4   0.2   0.4   0.3   0.3   0.4   0.2   0.3   0.3   0.3   0.2   0.4   0.4   0.3   0.4   0.4   0.2   0.4   0.2   0.3   0.4   0.3   0.2   0.4   0.3   0.4   0.4   0.3   0.4   0.3   0.4   0.4   0.3   0.4   0.4   0.3   0.4   0.3   0.3   0.3   0.3   0.3   0.3   0.2   0.4   0.3   0.3   0.2   0.2   0.3   0.3   0.3   0.2   0.2   0.2   0.2   0.4   0.4   0.4   0.3   0.3   0.3   0.4   0.4   0.2   0.2   0.2   0.3   0.3   0.3   0.4   0.2   0.2   0.2   0.3   0.4   0.2   0.4   0.4   0.3   0.3   0.3   0.3   0.2   0.3   0.2   0.3   0.4   0.3   0.4   0.3   0.3   0.4   0.2   0.4   0.3   0.4   0.3   0.3   0.4   0.4   0.4   0.3   0.3   0.2   0.3   0.2   0.3   0.4   0.3   0.2   0.3   0.3   0.2   0.4   0.2   0.4   0.3   0.2   0.2   0.4   0.2   0.3   0.4   0.3   0.4   0.3   0.4   0.4   0.3   0.4   0.4   0.4   0.2   0.4   0.2   0.3   0.3   0.3   0.2   0.2   0.3   0.3   0.3   0.3   0.2   0.2   0.4   0.4   0.4   0.3   0.2   0.3   0.4   0.3   0.3   0.4   0.4   0.2   0.3   0.2   0.3   0.3   0.2   0.3   0.2   0.2   0.3   0.3   0.3   0.3   0.3   0.3   0.3   0.3   0.3   0.4   0.3   0.3   0.2   0.3   0.2   0.4   0.3   0.3   0.3   0.3   0.2   0.4   0.3   0.3   0.3   0.2   0.2   0.3   0.4   0.3   0.2   0.3   0.4   0.3   0.2   0.3   0.3   0.3   0.3   0.2   0.2   0.4   0.2   0.4   0.3   0.3   0.3   0.2   0.3   0.3   0.4   0.2   0.3   0.3   0.3   0.3   0.3   0.3   0.3   0.3   0.4   0.3   0.2   0.2   0.3   0.3   0.3   0.3   0.3   0.3   0.2   0.3   0.3   0.3   0.3   0.3   0.3   0.4   0.4   0.3   0.3   0.3   0.3   0.4   0.2   0.2   0.4   0.4   0.2   0.4   0.2   0.3   0.2   0.3   0.4   0.4   0.3   0.2   0.3   0.2   0.2   0.3   0.4   0.4   0.3   0.3   0.3   0.4   0.3   0.3   0.4   0.3   0.3   0.3   0.2   0.4   0.2   0.2   0.3   0.3   0.2   0.2   0.3   0.4   0.4   0.3   0.2   0.3   0.3   0.3   0.2   0.3   0.4   0.4   0.3   0.3   0.3   0.3   0.2   0.3   0.2   0.4   0.3   0.2   0.3   0.3   0.3   0.2   0.4   0.4   0.4   0.3   0.3   0.3   0.3   0.4   0.4   0.3   0.3   0.4   0.3   0.3   0.3   0.3   0.3   0.3   0.3   0.2   0.2   0.3   0.4   0.3   0.3   0.4   0.4   0.3   0.3   0.2   0.3   0.3   0.3   0.3   0.3   0.3   0.4   0.4   0.3   0.4   0.3   0.3   0.4   0.4   0.2   0.2   0.4   0.4   0.4   0.4   0.3   0.3   0.3   0.4   0.3   0.3   0.4   0.4   0.2   0.3   0.4   0.3   0.2   0.2   0.4   0.2   0.3   0.2   0.3   0.2   0.3   0.3   0.3   0.3   0.3   0.3   0.3   0.3   0.3   0.3   0.2   0.3   0.3   0.3   0.2   0.2   0.3   0.4   0.3   0.2   0.4   0.2   0.3   0.2   0.3   0.3   0.4   0.4   0.3   0.3   0.2   0.4   0.3   0.3   0.3   0.4 
  139   109    16    59   115   167   174    25   158   140    51   126   125    54   155    62    73   119   168   117    36    43    69    63   133   177   135    83    76    92    61     8    26    52   114   133   165   147   180   114   101    11   157   142   120    84    22    96    51   174    83    58   152    94    93   162    67    67   151   149   159    51    40   101   146   138   105     3    41    73   114    90   177    80   118   140   128    99    71    84    41   114   138    75   168    48   176   153   123   126   109    54   125   175    36   138   118    80   138   114    11    40   180    52    24   109    25   157    99     3    20    33    14    11    23   133   144   118   109    62    21   147    21     4   176    20     1   109   108   109    20    14     1   105    21   141    20    54   108   145    75   105   165   180    11    97   167     1    94     1   106    99    39    36   160     8    78   152    94   119   155   143   166    44   162    32    24     4   104    37   127    22   161   143    43   165    49    42    76    23   132    16   122    54    34    63    72   130   128    51     2    68    52   156    53   114   153    96    12    48   179   140    42    90   180    53   142    38   134    92    82    29    63   168    10   160   112   143    67    89   119   151    52    62   131   140     3    38   150   166    70   172   164   126     4    28    84    84   157    11    44    30   157    81    12    21    97    93    55    93    11    56    71    94   123   172    16   177   107   173    57   167    67   113     4    83   154   175    66     4    41   137    94   156    11   111    87   115   147   139    37   105    18    90    60   179   140    11     3   100    19    23   147   137   163   112    96   115   162   111    85    14    82   155    39   137    70   165    31   179    57   130   156    62    35   109    28    28    17    74   122    76   102   105    26    51   106    76    19    31   180   123   111   144   111    82   138    31    93    64     7   171    80   124    87    10    42    97   111   111    87   172   106   137   178    19    89   119    20   168    97    32   126   132    85   157   171   137   151   152   170   118   171    78    93    89   155    10    46     7    26   155    85    33    39   124    16   139    99    86    71   155   176   112   128   141    56   140    51   104   113    50   112   125    21     8    41    77   121    87   160    55    37   128   127    55   151   123   150   129    44    92    59    13    71    75    59    28   170   105    52    44     1    29   158   135   123   143   143    78    18   129   107    73    93    90    72   170   120   167    51    92   145     9     2   126    16    81    30    62    49   105   109    79    51   132    86   103   135    14   161    41    75    91   170   128    35   112   121   105   154   147   128    54    75    56    33    41    92   153   120    29   147   167   165   135    68   129    30   176   127    96    86    26    90    20   106    30    41    38    34    14    96    44     1    41    75   129   148   119    36   117    88   139    31    35    46   173   126    13    68   118   163   167   130    19   176    92    39    13    96    54   155    35    29    91    54     2    85    25   172   148   129   108   133   162    97    51    53     6   167    25    75   110    18    34   101   109    92   149    57   142    64    49    44   170    99    71   136    45    72    91    59   121   144   113   133    68    23    53    64   173    86   175    35     9   110    73    46   131    17    51   177   100    20    20    30    95   128   152    88   164   176   177   166    80   108   112   169    86   153   119   158   174   113   144   102    71    74   143   145    92    51   174    57   151    66    41    33    55   120    59   110   101     7    22   144   173    35   117   175   169   137    11    47    98   132    95    38    51    65    46   131    55   113    45   100    38    34    84    75   160    56    63    98   102    57   165   129   144    56    37   169    94    64    18    55    71   124     1   104    43   112   159    49    31    99   148   171   162   142   177   136   176   144    13   100   128    26    79    37    92   180    77   117    46    48    89    30   180   153   180    49    82   105    76    67   171   101    21    34   151   158    30   149   111   112   179    27    72   133    47    12   132   154   101    94    39   162    33    48    38   141   136   134    92   150   122    33    27     1   169    93    69    35   124   170   137    16   108   133   109   170     7     6    34    23    91   152   154    49    75    50   133   122    65    44    12    39    66    91    77     2   141    89    99    55   113   163    94   164    13    69    11    90    98    79   122    51   117   143    94   167   133   139    31   161   139   113    70   153   175   142    11    91    30   135    58    66    10    18    13    15    85    12    91    92   127   176   102   156    35   106   104     2   142   107    31   138    19    98   135   170   157    70   153    17   159    75   180   163    34   141   139    63   110    81    94    15    95   173    38    25    40   132    19   119    26    91    24    91    44    54   166   114    73   171   105   128   159    14   153   148    97   149   148   102     5   135    82 
   34   132   160   143   131   105    31    60     2    87     7    46    88   100   116    41    65    64   162    44   155   166   141    41   179   134   109    17    88    86   129   126   137   113   133    32    93    25    99    57    32    33   107    61    66   172    15   126    33   125   118    30   115    77   133    63    89    22    15   130     2   145    43    51    28   138     4     5    60   112    68   172     3   153   107    97     9    61    33   118    17    39   158    17    93   104    27    25    77   147   107    84    89    54    48   105   149    43   121    65   122   104    16   119   135   177   131   129    68    61   168   162   121    93    75   145   175   107   108   156    80   164   114   157    38    85    61   137    28    79   131    83    85    81    18   143   154    44    58   149    25   131   157   164    79     1    27    88    84    86    13   156   157    73    98    21   149    51    53    69   127   123    60    90   102    79    25   100   172   102   119    45    49   146    12    36   143   124    69    96    58    48   164   179    77   135   169   109    59     2   151    96   170    88   166    86   153    31    27   166    66    72     6    49    24   117    19    89    53    66   177    29   101    50    92   134    94   119    20   176   135   152    89    64   148     1    16   165    63   150    31    95    95    30   107   124    86   157    94   123   149    58    17    29    45    79     7   151    98   162   165   159   180   110    75   144    75     8   107   114    75    87   155    79    59   101    18    99   118    41    75   119     4    45   151    38   160    81    27   129     6   151   134    66     7   159    70   127    92    62   127   112   168    27    96   111   109   169    64    98   137   131    73   178   103    72    54   162    23   141    56   175   125   165    12   144    26    53   128    33     6    89    37    15    32   138   106    88   128    66    37   122    22    10    31     3   152    23    29    33    99    87    41   175   153     1   139   117   108    22   112     7    99    81   118   114    45   113    79    26    57   157     4    38   114    36   157   111   121   176    14   135    54   148   135   169    55     9   151    48    86   126   178    70   167    24    68    61    74     5    76   127    72   172   167   172    65    76    72    38    73   169    70    40    83   141   152    54   140    83    83     8    52   146    98    41   118    26    63    90     7   104    70   139   116    40    47   100   135   167    38   167   119   176    85    53   102    57    96    84    34   164    67   134   145     4   129    29    93    10    14    96     7    26     6    20    39    14   123   102   164   179    38    42   175    16   133   175    49   175    52   175    69    41     4    56    67   165    73   176    68   167    32    96    89   178    57     1   120   160    92    38   174    15    35    45   128   174   171     9    58   162   113    99   127    65    56    12    15   124     4    64   117    85   126   134    28    79    57    67    62    82   173    24     2    61    56    59    25   144    61    86    80   159   123   114   117    90     6   120   140    95    24    92   152   102    67   125   134   144   155    49   102    35   106    80   125   131   103   162    99   159    88    25    32    31    30   145    93   159    89    86    69    83   147   137   151   175   175    12   124   104    12    87    33    60    45   114     1    88   104    18    13   161   148   110   147   133   118   125   131     2   133   176   148   166   111   104    29   147    30    48   147   170   107   107   171   135    12   132    27    64    68   127    55     2    52    12    62   179    29   122    60   149    34   133    50    41   164    63    36     9    87   151   163   138    99    62   178    19    24   180   149   176    14   140    90   139    75   117   106    33    45   131   179    37   115    23    34    94   119   138   170    47    65   163   110    30   153   101   174   134   158   125   163    63    93   169   172   106   173   101   103   162    21    93    29   143    65   111   173     2   124   154     3   175    69   119    61   127   108    67    55   113    29    92   143    78   152   103    19   125    44   126    84   131     1    55    84    31   120   106   117    84   151    95   112   161    94    25    64    92     6   110   102    99   130    91    93    55    17   133   163   146   106     8   148    98     1   155   125    92   102     3    53   101   145     8    90   129    39   144   109    38    85    60     9    17    44   168    45     6    31   152     2    96    10    83   150   135   162   120    32    99    35   159   126    60   114    58   126   155   125   116   171   104    88    81   158    64   100    41    67     5    14     9   157   165   102    26    15   163   103   103   136    35   120   171   159   164    15   161   135    35   119   113    46    93    91   160   102   167    36   118   126    72    97    26   168   171    17   158    66    87    93    64    32   133   122    10   137    51    25   179   134    21   159    11    68    50   118   122    85   163   107   125     8   115    31   108    75    50   139   168   102   116   178    14   180    99    79   147    52   150   123    28    44   174   154   159 
  113   161   147   123    94     1    81    92    38   170   170   131    38   174    84    64   122    32    40   112     4    68   112    29   159   158   154   157    18    22   172   176    42   118   173    25   155    73   139    46   121    94    79     8    76    52   180   117   156    50     1   113   110    84   167   107   102   150   141   141    80   132   148    32   107    58   117   119    28   176    45   148    10   154    77   161    74     1   176    27    74    89   125    24    80    35   176   112   158   125    88   152    85    44    79    59   104   141    74    73    41    18    17   175    95   138    82   112    76   137   180   122   125    96   153    81    25    41   170   130   108    98   125    18    67    84     6   103    29   118   108   119    84   137     8    73    74    74   139   161    23   167    64    49   158   137    30   176   168    32   171    24    91    55    29     1   179    56   131   127    29    53    42   143    34     2    21    27    48   126   113   101    86   144    12   106   113   133     7    81    72    50    59   178   167    48   110    71   162    55   128    66    88   121   132    41     5   143   113    43   113   106    80    58   149   164   109   130   141    45   146   136    78    80    20   133    37   140    25   108    24    66    48     2   118   123    97    96   126     9     9    75    52     8   144   104    49    58    33    35   159    66   135    58    42    66    17   179     9    25   115   110    26   148    27    31    64   132    43   117   176   120    12    49   128   151   180    71   128   164   155   110    69    17   111   158    74   111   146    60     4   105   177   135   169    99    51   101   176    43   163   177   155   176    67   169    76     4   138   179    20   115   177    38    58    43   132    15   131    95   175    96   150     3    91    39    61    50   103   137    20    35   136    95    60   148    81    83   115    84    21    92   138   109    50    77   126   112   130    93   162   130   113   165    41   159    91   157    34   132    51   112   167    14    61   176    93    48    90    69    27    65    23   133    46    12   154    82   147    51    73    12   118    78   125   147    42   154   131   133   150   173   177     3    67     2   178   108   127    68   114    86    35    42   114   105    45   167   147   113   105    34   121    44   101    68   145   103   159    61    95    34    27     1    74   151    68    48   170    11    60   160    94   168   172   139    32   109    12    44    24    30    27    65   146    32   167   154   100    84   142    14    67   129    39   156   180    62    31    81   114   158   174    33    46     6    98   135   174    23     5    10   167    74   162   142   159    32    25   173    42    23   132    87    48    62   127   150    67   127     6   125   107   120     8   107   125   102    15   137    52    53   170    88    59    70     5   158   164   171   154    56    25   145   116    33   161    89    72    97    83   135    67    28   127    32    79     8    92   139    59    45   143    13    23    29   154    82    97   104   172   159    94    25   167    25   118    35   152    20    35   132   173    48    75   172   157    39    11    44    32     7   122   174   123    95   133   165    93    86    24     8    98    49    47    38   153    32    79    65   142   112   153   175    17    85   116    26   121    90   133   127    48   112    90    80    60    24    97   130    37   120    47   130    16   135    24    73   147    45   133   163    80   111   111    51    15   149    72    40    30   179     6   130    83     6    26    17   135    82     6     8   123    68   173    31   159    93   124    24   148    77   102    10     1    47   143    28     1    82   150    59   147   143    21    22   123   132    33    82    33    76   153    63   104    34    93   113   153    42    43    32     7   114    52   141   115   130    85    36   131   137    72    77   126    63    11    95    39     5     4   121    89    12   112   127   136    53    24   164     9   118   139    18   125    93   179    19   105   177    13    57    55    23   120    79    92    14    95   152    42   141    39    11    92     1     1    72    43    69    66    27   113   160   161   114    81   136    53   176   156   112   120   114    67   123    63     2   135    16     2   106   147    56   151    36   105    64    55    85    21   152    96   127    58   106   117    12   164   176    41    66   123    69   150    66   110    86    41   131    62   164    55   170   144    17    74   161    13    28   153    48    58    43   175    39   124   102    74   148    70   179    50    87    33   111    22    67   152   103   171   106   102    30    53   135   100   126    19   171   148   107    69    20    56    13   128    64    47   152     2     5   155    22   175    85   136   180   133   127    94    89    12   177   114    67   148    52   161    33   109   120   119   100   113   149    12   139    62   132    65    62   133    59   124   123    96    32    62    85    18   177   114   130    49   124    48    58    49   166   159    75     2   176    33    72    17    80    64    91   137   160   140   163   173   121    39    38     5    23   118   124   100   103    96   134   151   146   142   143 
   39   176   111   174   127   150    85   162    74    25   151   166    23   115   142    41   116    86   137   140    76   143    31   121   142    17   153    67    53   156   165    43   121    27   152    24    20    58    78    16    67    45    12   103   179   179     9    20    23    64   127    69   141   144    56    21   114     2   134   171   117   123   134   140    87   179     4   167     4    10   143    92   135    84   178   100    82   141   140    64   166   135   136    27    99   117   160   129   138   152   102    46   180    66    57   149   110    54   180   100   117    15    87   150   151   147    72    94    59     8   109   127   142    92   154    40    30   155    46   107   119    29    56   158   148    98    69    15    27    62    62    44    45    63   137   162   153    91   123    93     9   113   164   126     9   100   104    11   167   149   145    16    71    43   142    52    94    61    69    97    53   146    44     3     3    19    62    80   143   178    33   140    47    94   122    23   113   174   121   122   128   150    34   125   168    95   173    85   151    99     4    66    30   130   126    76    89    72    25   125    51   171    67    22   144    10    44    58    25    37   102     5   140    60     9    39    92   116   110   167   116   141   173    26   142   166    37    39    60    82   133    28   150    37   156    18    15   180   164    81    90    34    30   142    62   169    55    32   152   114    72    65    54    68    79    69    66    90   121   101   151    54   134     5   169    56    83   133    36   117    85   104   169    67   127    46    26    16    43    26     9   161    58    70   149   101   108   110   119   133   140    21   125    65    40    53    95   143   103   172    10   123   172   131    41     8   180    32    87   154   161   157   132    16   155    42   111   101   146   127    70    11   170   168    73    46   144     8   159   103    66    95    16   133   157   133   177     7     9    29   142   150    96   104   153    83   108   170    51    94    81    50   137   162    29    26   127   162   127    17    36    64    67    87    12   105    63   163    91    96     7    44    62    58    32    14     8   134    45   137    64    98   122   133    78    26    87    36    40    18     2   160   159   123   165   143   103   163    48   107    38    26    99   119   109     2    25    28    84    28   177   136   115    87    36   175   127    11    49   100    88   126   129    94    45   159   154   104   146   120    24    90    72    69   133   130   107    14    52   160   150    68   105    89    12   166    61   107     4    96    90   117   112    18   172     5   142    47   175   158   157    98    62    67   158    92   118    50   157    51   139   100    62    19   163   111   145   178    75    69    14    86   166   138   145    73    63   142   164   124   133   149    19   121   123   112   117     3    71    45     5   122    26    92   166    35    74    87    98   146    98   128    78    95    56     7   114    69    42   105     1    73   171   123   111   151    75    87    19   152   153   130   178   148    92    59   163    45   166   106    90    81   135   173    45    61    99   136   107   141   155   123   135    16    92    55   166   175    27    15   128    14   136    81    34   152   118    18    50   132    93   160    10   101   172    76    23     5    41   111    37    34    22   149   143    78    52   142   131   162   163   169    34    46   163   149    50    57    75   123   154    22   137   118    24    52    24    41    49   148   136   125   134   102    24   104   166    32   132    53    65   175   174   178   114   101   131    62    59    46   112   131   131    48   134    26    65    10    59   157    90    50     7   106    25    99   105   120   178    17   163    23   146    76   153    98   156    46   153    77    42    63    84    95    42   125    92     3    32    98   127   161   160    67   133     4    60    65   145   102   146   134   106   136   122   168    96   125   147    68    62   176   170    42     5   106    83   117    54   122   117    90    57    97   120     3    52    22   137    40   168    65    67     1   162   166   131    93   150     1    69   128    57    79    70   141    39    31    52   118    38    63    81    98     5   162   168    13   126    21     3    19   145    89   152    38   178    23     1    79   118   149    49    39   179   137   152   118    84    93    74    70    64   153    63    34    23   122    90    65     5    18    39    62    89   170   128   157    46    89    86    88   136    25    61    88   125    19    17   157   154   154    94    48    74    52   163   109   174   120   102   105   115   168    82   152    91    64   132   143    53    80    49    49    23    11    78   106   160   122   168    46    98   130    84   143    39   108    42   112    49   148    68   150   157    82   150    73    71    70   162   142   160     1   128    62   124     1   137   131    45   130    35    79    40    21   139   109   119    47    63   108   135   173    43   174    95    31    70    38   113    53    26   112    97    35   129   106   107    91   106    21    94   172    53    83   107    60    75    55    60    64   152    92    36   154    66     5    65   151 
    5   156   168   171   104    31    74    59    81   105   153   165    24    77   174   125    41    50    28    38   114   120    14    44    38   116   139    29    54    53    98   110    33    51    37   126   132    23    66   148    57    58    20   101     6    77    21    62   124    77   100   169    22    24    48   163   113    62    81    29   173   163   111   155    34   179   167    98   166   115    32   176     2   163   100    41    22   152     3   100    94    95   152   137   146   116    77    77    84    96    65    68    43    35    47     7   151   156   142   150    72    36   137   159   114   152     3    97    76   136    71    69    96   122   108   179    99    73    25   158    44    13   159    26    93   168    47   107    84    66    54    99    26    52    75   159    49   133    63    96    25    27   151   132    34    96    18    16    75    69    90   173    34   164     4   175   167    17    46    11   103   167    41   145    87    10    24   101    84   170    98    78   143    97   150   122   137    39    65   123    14   127   164   121   158    31   149    19    13     8    71   156    83   158    67     3    89    87    66   139   163   119    31   164   143   149    56   118   142    92    67    26   148   139   143   141    39    53     4   146    95    79    52     7   180    22   151   102    40   109    97   176    35    77    93   138   162    74   161   178   126    94   162   163   174     1   150   112    52   110     7    23    43    91    85    17   178   145    47   117   146    20     9   136    61   141     5   117    89    74    16   132   118   149   120   108   124    32   119    13   149    26    60     8   136    86    17    59   136   126    29    73    69    39   103    94   167    64    75    67   167    23   124     5    32    29   168    79   177    43   158    38    19   148   158   156   104   142    44   163   162   160    56   117    73    49   139   103    71    25     9   129   142   124   180    48   142    86    95    97    74   106    48   129    46   167    48   156    20   135   167   144   166   136   115    61    53    53   163    92    84   101    49    96     4    69    34    71   100    88    69   107     6    24    90   131    70    57    14    96    26   138   155    50    26    33    30    87    81    22   180   161    62    66    60   136    10    91   139     5   142    11   113    32    47   128   166    52    81   100    78    41    11   101    92   106   142    95    24    66    52    22   116   147    23   114     4   100   151   165    32    27    87    33    59   112    81    81    24    72    97   133   131    47   152    30    27   132   119   159    12    68    10    87    21   161    34    47    21    39    47   135   119   107    67    61   149   173   146    35   172   174    22   118     1    16   153   167   101   106   150    33   144   101   177   104   103    88   102    67   154    99    93    82   127   116    13    67    90   115    20   148   147    83   157    97   102    44    86    27   114   129   159    53   152   127   148    33    84   109    66    35   138   126    45    36   151    49    79   165    19   142   163    37   143   119     2   128    82     8    85    92    34    28   122    59   172   169    82   168    60    78   142    84    54    64    21    87    80   120    20   174    17    88   157   115   144   103    33    98    98   172    29   152    34    35   147    79   176    60   112    33    47    11   169   172   119    74    61    42    95   168    80    57   110   141   152    19   119    36    86   144   145    35   151    22    46    44    18    22   173   115    73    81   149   150   104   160    20    95    44    67    29    47    77    88    61   143    55    94   156    67   127   162   113   180    41    55   175   167   109   149    75    69   118   117   111   131    44   129    25    51   100     1   129   123    94    25   172    84    22   123    81    52   147    33   166    87    52    80    31    41    99   175    47    55    91   120   104   150   130    87    40    63    17   135   122    46   174   149    65   146    89    35    38    26    99   123    64    94    87   163   111   114    79    67    16    28    23    46    38    21    16    81   155   157    86    19    93   173    39   124    29    10    14    37    90   134     4    33    30    51    21   114   159    17    76   102    70   174   177   101    32   156    72    60    68    91   119   101   155   126   169   122    91   129   102   125     4    65   100     9    42    32    36   137   103    33    15    37   114    22    47    73    36   113   146   142    35   146    50    98    17   115   180   124   179    85     3    55    18    65   163   144    70   153    96    10   170   136   119    58    61   162   136    26   173   155    17   105   106   121   111   126   118   178    37    35    84   159    66    81   143   166    40    15   142   142    12   115   135    67    33    59   138    35   169     6   103   178   139   155    23     1    27    62    49    68    30   128    17   114    55   136   163    68    49    53   115   114   113    69   172    30   108   107    76   104    17    76   144   160    62   109    20    71    56    33    29   152    28   153   108    44   153    14   142    10   118   142   173    22   147    67   116   151    30     4     7    71 
  123   122   112    10    92   167   173    34   113    58    50    29   131    99    15    49   111   114    34    43    28    27   115   164    57    23   122   124   111    31   171   160    55   172    41   105   137   168   175   158    65    96    45    73   157    59   108    50    35    46   139    81    66   110   118    18   133    89   102    48    92    99    41    18    52    23   167   114    52   156   111   140   101   175   161    81    78     5   171   142    58    42    11   113     1    37    98   139    51   129   159    99    32    36   177    58   171   103   120   122   167    70    99    57   103   175    40     8    82     2   144    57     6    32   178    30   176   133   123   130    11    98   136   122    84   138    51    19   115    53   168    75    78    27   115    17    55   146    62    99   125   167    12     1    30    43    62   123   177    16    57    24     8   132   150    50   135   103    12   156    41    88    77   177    40   165    12   154   101   102     2    22   161    79   168    75    16    42   119   144    69   132    50    66   162   103   111    84   123     4    93    21    34    40   151    75   157    41   168    77   119    51     8   144    36    63   137   130   171   141    99   140    28   123   126    47    37   160   180     3    64     1    80   178   178     4    21   150    79   145   171   146   125   144    85   171    71    53    91    91    28   173   125    41    12   168    13    15    41   160   180    96   174   130   148    92   178   136    63   150    91    80    58   146    47   160   155    66    59   174    20   110    76    30   120    80   119   132    96    60    49   155     1     9    55    13   118    25   154   177    18   151    76    68   170     2   157   152   161    81    60    18    71   105    74    79     7    52   168    64   143   145   102   165   138   124    41    81    56    13    27    34   110   160   138    63    59    28     6     6    80   166    71    44   136   176    18    68    91    21    46   157   168   147   134    47    59    61    95    53    50    41   126     6    74   171    97    29   158   134   132     9    44   160    34   143   167   105   148   120    23    97    87    10   106    84    41    27   114   169   130   128   159   120    64   139   169   161   131    97    65   140    92    88   110     1     2    54   106    28    35   135    51    11    13    58   169   163    41   135     6   165     2   146    30    58    90   147    98    42   110   137   168   167   151    10   109   141    17    39   133   137   177    52   173   137   151   174    71   113   159    15    28    39    86   144     2    22    41   171    43    98   113    28    24   104   100   135    97    50    79   121    66   176   100    88    86    71    71   153   110    10    78   168   104   103    19    84    35    22    91    76   177    51    86   149     7     4    97    26     2    99    18    63   177    24    55     2   145     4    98   101    44    62   119     6   171    46    95   179   136    11    13   168   122   135    56    55   128    41   117    64   108    94   161   161   179   104    94    21   129     8    17    99    58   118   178     9    26    62   132    99    62    69   101   158    18   158    69    90    77    70    44    47    89    23   117   165   174   177   112    31   157    80   121   169   120     2    47   170    80   117   113   154   123    17    28   139    78    69   104   174   146    44   127   107     2   144    35    50     6    79   102   112    17   102    59    81    43     7    10   117   167    99   140    33    39    21    15    94   161    11    73    39    84   173    72    99     5   137    43    80    64    16    83    38   122    65    23     5    29    59    74   127   160    43    15    40   136   125   174   158    16     2    75    55    65   128    77   153    78   154   164   144    75    81   109    68    77    11    75    18    63    59    94    82   117   131    20    54    26    99    78   145    82    33    74     3    38     1   117    55    81    62    37     8    97    51    96    98   127   112    91   129    16   150    31    56   106    93    49    87    10   144    88   115   155    72   143   146   167   151   112    29   154    99   101    12    93    24    76   124   165    25    32   136   119   179   129    23    80    23     1    12   156    68   155   164    13    45    28    71   169   176    37    78   123   120   116   170   149    96    38    25    79   127    81    52   173   120    73   140   113     7   159    49   140    43    19    83   167    48    35   172    59   100   123   125    84   128   166    32    74    58   128    19    28    63   146    95   137   160    18    58     8   156   177   177    90    19    84    38   110    40   101    64   165   101   102   179    30   180   173   101   140    58    17    34   165    40     6   177    37     4    32   173   174     1    37   152   177   158    40   115   141   118   139     8   154    28    22   107   110    62    21   179    48     5    60   158    20   134    93   141    52    39   158     3   173   125    30    70   148   153    60   127   129    60    37   155    38   147    35   144    26    64   160    16   173    54    10   106    13    13    66   118   146    97   167    45    47   106     8    91    59    78    19    25   132    59 
   22    41    98    65    31   142    72    41   175    74    36   113    45   147   117    42    95   116    33   125   150    17    39     1    83    17    32   137   167    88   142   126     4    21   179    99     6    34   138    23    51    55   101    85   128    24    69   136   115    68    71    75    60   125    12   148    33    37   108    71    55    70   144   145     4   122    63   178    74    96    16   116    74    37    85    12     4    71   124   178    40     7    54    74    97   104   153    66    90   146   146   180    52   154    90    95    90    70   159   171    21   145     5   146    54   100    59    45   166   170    22   164   124    21    83    39   178    66   145     5   176   180    11    58   165    56    92   103    32    75    28    33    19   122   165   126   156     4    41   141   155   130   165    84   122   126    18   133   126    56   104    16   101   152     5    70    14    16     6   163   180    45   131   118   168    46    14   102    12   121     9    10    44   174   110   149    47     9    38    92     1    15   129    87   132   144    35   172   175    76    72   131    99   133   115    38    16   171    67    52    28    59   177    25     2   158    79   119    19   156    81    52    67   172   125    91   168   155    16    89   119   104   121    43    17    95    32    37    24   113   164    31    65   113    16    33    60    13     7   122    68    45    47   175   100     4    38    53   130    94     1    39    77   167   162   175   111    83    73   113     3   119    45    79   173   152    33   157   138   180    98    33    86    10   143    78    27     7    46   123    37   124    60    63     1    10    95    55    24   144    80   174    71    32    34    47    51   151   144    56   141   174    87   180   109    40    74   120   176     8   134    76    31    20    19   115   131   128    46   111   144   163    53    20     1    23    87    33    97   171   140   102    69    60    77   137   150     4   168   151    82    64   151     3    41    36   124    78    96   145   138     6    29    92   113   167    47   141   111     4    18    17    98    33   149   103   112     7    62    27     7    90    16   113   166   106    93    48    37    11   107    67    90    53    42   135    57    34     4   172    18   173     7   153   117   147    90   113   166    34   113   146   176   123    67    66    14    50   147    16   147    55   164   151   109    17    70   104   130   115   125    36   108   168    51   148   167   133     6    43   122    81     1    24    92    52   117   125    87   174    85     3    24   171   110   172   122    45   162    92   101    42    38    90    60    61    58    86   178   130   152    93   165     5    57   105    84    65    18   129    34   144   119    12   119   158    94   123    21     5     1   110   150   173    66   148    37    13    52     3    14    37    49    50    76    71   121    44   162   113    45   133   118   118    18     8   174    58     5    31   159    82   167    50   135   138   122    74    22   110    45   141    62    47   108    58   137    12    63   176    47    21    36   107   143   177    77    94    23    74    42    26   127    12   148   173    69   141    40   111    65   167   116   163   134   173   109    33    63    73   125   149   110   162    46   148    45    61   140    88   164   124   157   136    66   117     6   133    33    58   138   176   160   138    41    11   133   175    51    83   152   140    37    74    90   118    14    87    26    27   106    22   110   102   123   137   143   166    17   150    69    65    98   159   104   148   164    16    90    30    38    64    62    43    52   165    17    71    84    48    84     8   103   149    83    94    11   174   173    37     5   164    24   114   107   116    48   125    63   177   167    30   151   175   158   156    35   120    96    11   174    68   111    23   137   180   164    62   134   129   102   153     7    35    31    39    60   104    14    65    83    54    65    87    26   126   105   111    76   114    83   102    65   101    92   136    47   175     7    49    35   123   169    50   139    92    15    34    85    65     8   128   135   155   150   121    53   122   121   154    62    31    20   101   142   120   102   175   168    43    45   157   106   113    73   127   137    98    97    73    32   106    17    52   145   115    14    74    52   111   163   117    81     4    61    23    36    35   178   159     2   167   169    54    79   112     6   124   101    40    17   172    68   120    96    60   172   179    91    40    10    65   128    78    30   141    80   116    35   153    74    50   166   103   137   154    96    64   130    35   134    96    38   149   142    60    75   149   113   140    24   142    56    95    34   152   129   103   179    25    31   129   138    57    83   128   165    14    52    57    20    22   170     3   161   141   143   142   139    70    66   123   162    30   104    15    52    48    20   127    58   161   168    90   160   122    79     9    21   111     5   135    23    80    72     8    81   131    83   124    53   124    94   151   174   180    83    13   141    56   109   111   157   156   155    12   165   152    14   103    17   168    77    25    34     3    60     5   167   100 
  146   172    44    97   138    25   168   115    24    33    12   180    40    21    43   146    57   150   175    43   149   171    14    48   145   123   116   175   105   166   140   171   144   145   118    51   107    27    38    86   167    50    66    75    91   127    84   161    65    62    55    41    59    40    22    60   112   100   105   173    83    78    21   139    11   167   106   140   156    78    39    69    64   165    11    47    65   146    48   174   118     9    17    74    70   136    10    42   110    29   174    81    72   168   155    45   105   145    51   129    52   134    60    78    70    52   150    77   153    56   171   101   137    98   125    31    10   172    16   164   113   129    25    73    55    18   165   111    91     8   142   138   132   171   167    11    10   157    80    82   149   114   107   138    39    31   158   129   131    77   100    56    63    50    21    11    30    48   123   104     7     6    53   164   120   135    73    55    65   116     8   172    82   163    16     4    66   165   124   132   105    65    84   174   121    58    55   170    70   162   151    21   118    19    44    58    69   176    52    66    57    37   156   134    12   152    71    35    76   173    73   174    70    21    60    82    66    97   168     5    40   109    56    44   105    41    65    36    77    93   144    31    81    44    22   108   175   155     7    32   112    89    41   159    98   155    72    38   152   149    75    47   122    50    21   136   139   171   175    70   127    55    59   161    25    37   103    46   116    10    55    55    46    76   143   166    87    27   155   137   105   157    48     5   110    63   131   166   149    23    28    60   109   104   151   139    31    41    82    91   141     1    47   119   137   176   179     3    16    25   171     3   161    98    47    49    48    46    69   118   144   159    38    24    79     4    41   123   109   131   124    87    48   138   158   148   174    59   140   136    81    72    48    99    94    63    35   105     4   148    39    79    99    26    61   169   127    35     3    97    86   134    31    45    64    97    54   114    20   172    98    33    69   129   133   159   127    74    63    66    99     6   127   164    56    49    53   175    30     1    64   168    49   132    31   178    19    71   102    81    14   169   178    58    97   105   152    10   161    18    34    23    17    55    93    90   108   170   143    82   158    19    66    99   111   123    84   154    46   158    86   116    92    59   140   159    62   179   160   119   123   178    26   142   168    11    56    59    90    28    53    29   159    58    96   166   138   123   123    27   136    71   126    74   115    99   157    64    51   159    47    22     2    96   171   158   137   133   100    98   135    33   159    87   101   138   137   121    65    89    94   156     2    46   134   124    50   151   114    20    75    58    36   156    27    24    52    79    35    17    16   150     6    43    80    68   134    73    45   110   176    78    68    22   159   124    32    83    10   109    15   149    12    64   170    24    81    20   156   128   171    81   143   176   154    43    38   127   131    13    31    88    88     5    78   154    51   176   108    26    80    57    23    53    40    48    54    38    25    94    17    64    43    25    31   140    66    89    60   107    48    97   143    40    18    44   106   144   140   114   172   164   139    36    13    14   135   166   133    66    79     7   153    63    98    17   175   168    73     5   122    87   178    76    81   169    50    22   149    29    20    39    93    13    50   130   113   168    42   128    19   108    87    12    78    62    39   148    36   122   125   168    68    85    52    35    64   130    34   131   172    69    92    41    50    16     4   127    76   101   173   113    81   132   161   125   107    98   128   177    54    93   156    34    85   180   106    14    35    38    84   173    65   123   136    67   150   132   119   131   180    44    49    78   141   103   137    26     5    19    79   110    19    88   159   111    23    26   126    49    72   115    86    81    82    35    54    84    26   161    31   172    22    67    73    58    63   149   156   111   108    54    80   155   129   142    35     6    17   106    64    47   101   119   136    96   167   153   106    39   135    35    48    39    26   108   165    63   137    67   131   119   120   154    55    64     1    33    90   148    84     4    88    41   167    97   120    19   146    59    23   152     1    54   113    71    54    14   114    84    57    69     3    48    80    98    75    98   101     2    89   163   125   119   108   148   120    35    79    13   113    65    12   128   135    25   137    40    17   149    48    71    35   126    57   141    41    39    61   146   171   102    69     6   176    68     7   158   161    53    98   139    17   114   172   164   107     5   103    76    19   128   103   120    55    50    36   152     3    13    34   177   175    25    14   123    52    11   154    77   108    78    69   137    10   119    80    77    85   136    48    67    63    83   145   117    49   115    59   138    45   155    77   132     2     2   146    34   126   109 
   88   110    51   152    55    57   111    95   152    39    86    59    73    40    69    80    50    14    16   153    41    27   100    87    66    56    93    81   132    72    91    19    58    21    14   112    39    19    57    77   156   172   118    79   104    34    46   102   143   104    78    67   109    50   108    46    21   108    73    51   139    47   130   122     7   136    18   168    57   151    83   104    27    75    44   120   152    81     5   179   138   136    63   175    72   102   109   136   168   164     9    83   107    32    38    18    38   144    88   131   126    31    27   112   131    24    38    37    70   140    16   150    47    63   162    62    46    40    44    85   116    32    54    63   162    45   136   109    11   116   158   141    23    29    97   147   158    44   149   179   106     4   158   179   105    11   158    12    42   173    72    18    94   175     8    11   114    64    89    76    73    96   138    58    64    71   141   131    39   114    79    79    71   122   145    22    23   160    87   127    14   117   102     5    99   112    69   161    37    40    98   160   113   121    87   149    52    61     6    38   103   158   128    97    50   133   147     4   131   129   151    87   160    79   156     6     5    68    93    83    82    59   164    58    92   171    35    32    76    25    32    51    14    33    72    96   157    91    89    21   155    39    52     1   148     2   107   156    15   107    27   162   135    18   125    24    39     1    98   130    95   176   167    29    97    15    91    60    11    94   129    49   118   125   119    81    38   125    21    28    94    16    48   126    45    25   140   143    47   163   114    36    98   175   148   179   124   178   123     3   128   129    14   120   129     2    20    67    46    43    98   157   133   119    17   131    98    11    62   100    44   172   179   180   173    49   106   161   117   143    94   110     5    24   164   166   178    23    81    95    73   127    30     8    76   122   101    44    94   102    94   180    11   160   151    66    99   168    81    26    30    40    76    25    98     6   108    19   105     5   131    45    50    61     5   123    73     2   173   106    37    71    45     7   173    32    96     9   115    31   176    20   136    54   116   101   155     2    48    71    20   117   170   134     7    94    71    73    31   111    20    47    61    36    19   107   165   180    68   130   133   110    90   145   140   161    11    89   122   148   116    95    46    14    80     8    40   107    86    98    26    13    39    67   112    95   111   120   137     2   129   170    45    16   142   172    48   173   121    40    31   170   116   177    49   177   126    67    23   108    27    19    64   112   133    87    75    39   158   160   178    90    29    47    39    19    22    50    23    14    45   100   124   112   142   178   141   163    74    29   104    74    61   154   149   124     1    98    27   120    76   156    44   144    68    54     2   127   168   121    20     2    90    52    49   162    36    10    97     4   150   131    56    25    27   178   144    51   108   129    50   162   108    51    28    85   165   160    53   113   131    75   127   123    36    44   110    90     2   121   146   177    57   105    15   146    61     2    20    58    20    95    65    68   155     3    87    20   171   118    50    64    34   129    11    39   134     7   129    80   169   145   132     8    60    60    48   105   114    93   138   168   173    59    23   131   172     8   106   101   173   142   114   121   144    55    68    72     4   119   165   101   174    77   139    90    32   124     7   174   161   135    54    66    29   132    18    28    12   125   115    54    23   156   179    66    78    96    76   123    95     9    22    23   120    65    87    36    14    52    24    52   163   111    23    15   150   117     4    76    80    83     1    90   121    32    57    11    85    65   122   144   145   171    61    51    67    45   116    22   156   132    76    56    24    65   148   164    44    65    72    86   127    29    56    18   118    69   158    87   109    54   144    17   122    32   134   172    37   147    85    46   110    45   161   172    88    33   131   152    46    47   129   171   142   110   166   139    14   154    19   125    54   101   126   132   176    59     3   141    65   168    16    54    70     3   154   147   154   168     3    52   124    41    77    45   102    99   177    24   135    34   125    20   105   137   103    57   127    61   128   170   144   155    40   122   105    47    85   114     1    51    72    38   112    77   177   173   127   153   143    27    39    96    36    35   161    46    77    62    44   109    30    60    41    90    91    33   177    78   122   124    77    28    20   118    69   165   128   167    39   141    28   164   145   177    61     1    36   153    81   124    93    20    39   178   115    53   145    80   111   158    94    48    16    66    26    25    14    98    85    63   106   180   176    45    12    49    68    25   166   179   149   180   147    83    95    13   147    73   129   170   151    13    96   173    60    17   144    34    86   101   179    32    76    50    57   156    23    44 
   22     7   159   180   116    49    81    47   125   108    79    43   144     2   118   156   146   116    85    94    17   171    76    64   161   113    63     4    31    57    89   121   171    76    82    98    28   147   101     1   179   116    99   152    46    82   169    71    61   121    28     6    22    70    40    61    80   169   110   105   136     6   162    76    13    26    30    57    32   111    90    81   117    60    86    70    64   121    11    20    79    73    67   137     8    63   164   165   147   170   109    74    24   171    84   166   145   174    98    43   107    53    85   180    74     1    82    41    26   120   114    85   163   106   162   175    35   149    11    59   159    92    42   143    17   145    36   157   160    93   136   129    50    18   147    15    73   105   176     3    21     6    92    19   140   135   104    35    32    80   158     2   172    81   149   106   148   165    52    60    22   126    20    29   153    27   134   171    74   106    18   106    73    26   101   131   131    67    32   163    58   132   119   149    24    54    41    15    67   118   173   179   180    42     1    71    66   148    33   143   175     9    51     3    25    38   123    33    54   151    68    82    69   171    76   172    95    55   112   174   101    39    85   141    32   116   115   150    71   121   104    41   118    22     9    38    28   178    21   102   131     8   150   146   135    19   166   129    66    91   172    45    18   176    80   103   116   101    79    29    25    15   147    22    17    99    95   148    88    24    67    31   170   149    42   174    46    72    54    37   144   163   155   140   140   171   147    44    14    45    14    98    68   120    67    41   149   123    33   160    29    86     9   118    74   143    67     3     3    97    62   142    66   110    85   170   179    47   123   116    25    40    65    73   163     1    25   153   110    20    92    95    58    81   164   100   103    14   158   172    67    71   103    19    96   128    69   118    35    83    22    73   103    83    97   137    60    93   158   179    64     2   122   151   168   131   163   158    74    93    23    94     3    70    26    11    55   167    53   169   153   100   173   122   171    21   131   149   125    73   141    31   177     7   165   139    27   133   172    63   110    81    90   179   180     8   148    54    35    68    37    71   129    26    39   140   159   109    26    80    73    19    66   180    93   119    13    72    17   132     4   122    17   152    47   151    69    86    31    96   128   130     3   145   177    30    14    19   168    67   148   172    34   100   126    31   111    97    81   162   112     9   163     7    33   166   155     9     2    18   108   122    15    96   142   109    90   149     5   132    22    23    85   123   152   163    52    60    78   165    47    67    70   151    48   135   131   177   159   139   171    59    22   122    78    26   139   108   111   164    12    10   107   112     4   151   164   119    67    90    67   178   146   130   105   177    83   163   102     8   110   134    75   139   166     3    80    84    58    52    50   123   118    98    66   161    56    70   122    77    10   162   122    93   176   166    29    43   107    34    94    25   178   173    82     3    17   159    55   126   112    59   103    35     9   144   109    25    23    56    27    65    91   145   125   123    51    93   162    25   128    16   169    82    57    99    56    13   122    81   122   159   180    67    88    53    74   163   173    54    15    27   147    26   138   147   129   113   156   126    72   171    30    80    28    90    69    64    38   127   140   137   106    65   155   141   171   110   104   105    84    97   126    86    36   113    60    67   153   150   119    42    50    18    71    36    32    20    97   157    94   134   158    71    74   113   151    86    97    52    50    24   133   124    84    17   143    83    70    29   139    32   146   175    99    77    41    11     9   146   179   173   134    77   147    56    38   142    49   160   178    21   146    15   127   114   131    81   160    39   117   169    47   108   143   171   175   125     2   114    84     2    63    83   116    42   117    69   173    50   165    28    32    38    81   149     4   128   128    26     7   166    92   154     3   145    59   123   100    36    46   174   144    35    69    46   160    26    11     4   131    86    56    72    85   176     8    50   176    78    58    35    75   114    85    12    32   105   145   104   154     2    45   158   156   161   178   103   152   127   134    34   138   102   117   121   112   130    73    32    71   165   101   123   130   124    66   103   176   112   149   105   158   149    23   177    97   146    15    35    85    32   175    57    58   137    43    34   107    56   130   137    83    96    28    32   123    86    25    74   117    93   165   127    74   177    50   140    81   172    34   145     4    51   171    17   179   176     9    21    60   162   112    25   125   131   139    55   137    64    76   111    95   149   178   145    58    24    48    71   146    19    52   170    39    81    95   129    90    67    58    82    90   147   177    24     5    31    70    78 
   98    62   109    99    83    98    79    84    24    86   123   112   138   172   159   177    55   156    16   171   121   114   102   172   139   137   151   148   103    50   120    32    20    70   126   104    22     3    18   176   112    95   154    59    27   152   111    61   103   145    47    46   176   164   100   107   125    50    44    34    66   135    50    44    25   168   172   115    86    41    54    82   178    87   116   172     6   132   129    57   129   114   149    29    98    65   126    15   117   149    41    60   141    54    75    86    53    17   126    51    94    53    20    49    38   135   112    25   132   165   128   111   179   161    12    47   107    41    23   180    52   148     2   142    71   141   102    49   152    91    91    51    61   172    88    10    39    77    40   163    20    82    27   126   142    65     2     3    56   144     6   174    45    62    13     1   127    39   139    65    60    24   152    15    77    38    55    79    13   112     4   167   160    44   153    63   101   114   139   151    37   101   136    72    86    32   177    69    57   102   133   110    72   101    26   180    65    27    94    81    66   102    95   114    67   134   110   177   122   150    50    42     7    57   166    45    91    27    98   127    57   155   133    77   110   153   154    27    95    42   148    63   117   116    61    48    56   151   174   132    15   114   148    61    48   165    60    31   162   101    49    13    89    37    61     3    61   161    50    78    89   112    34   168   107   166    82    64   118    43     8    52   102    28   150   100    77    52    46   178   108    29    56   158   105    78    24   151   111   119    18    95   108   146    96    74   173   171    11    62    20    73    61   124    11    17   109    39   113    36   130    55   146    87   110    62   138   129   175   170   116   162    55   171   133    24    13   167    39    10    30   174    75   177     3    97    22     8    27   115   112     6    29    28   110   173    20     5   167    11   129   160   122   124    26    38   104    46   172     7   166   179    51   177    59   125   126    48    50   180    50   145   170   172   109   171    14   108    90    71   178    60   165   110    70    97     6    34   132    94    42    69   143   158   128    49   175   130    49    51    28   109    18   178   165     6     3   137   115   121    25    57   120   141    53   113     7    28   166   114   121    83    97    89   136    57     8    71   134    88   125     9    67    16   165    70    56   128   114    72   155    19    92    70    37    94   169    90    69    42    76   134    90   110    95   146    95    56    57     5    65    90   112    15    71   143     7     7    94    87    77   158   104   148    89   146   100    16   128    71   133   115    14   173    99   141    56   178    80    83    80    91    42    78    28    30   178   139   139    71    16    62   139   105     6    66    34   180    61   164   100    63   154    50    25    87   176   138    22   139    26    99    65    81    55     6    59   134    73    36   110   112     4   178    32    99     6    32   177    23   124   166    49    42   113   136   115   108   151   121    34   113   136     3    48   143   104    56    15   155   174   137    22    34    51    52   171   121   155   154   130   159   179    98    83   138   167   133    63    81   178   178    17    48   114    87    39   121   178   144    63    42    87   111    60   133   127     9   171   167   103   168   146   116    17   124    99    16    38    60    39    97   106    90    58    54   144   172    34    94   138   107    76     3    49    68   116    56   114    77    51    25     3    68    56    74   117    44    78    94    32    74   133    71    62   104   117   177   153   161    54   120    40    75    14    85    11    22    41   180    74   105    11   132    29    13   156    80    21    55    82    78    63    73    26    99    64   173   180    79   175    37     8   100    73    18    40   155   144    82    43    56    48   105     4    53     5    55   138    57    13    91    31   136   121    38     7    52   133   162    59   159    33    63    60   126    41    27    61    17   142    82    10   169    61   133   153     9    43   135    67    74   147    34    45    29   164    78   123   100    43   139     9   118    33   130   161   160    54    94   135    28    51    31   173   125   119   170    53   152    22   157    78   125    10   135    39   171   102    61   118   152    44    79    48   172    34     7   135   137    34   118    93    36     2   160    63   160   111    16   112   124    31   143    69    61   118   179    24   180    90   114   119    96   171    37    86   167    93    54   178   130     9    11   177    77    53   136    64   129    92    45    65   168   112    74   146    24     4   132   165   178    69    18    71    35    95   178    18   121    36   138   122    29    25    16    41   109   161    78    53    28    92    24   113     6    52    76   165   133    41    18   133    82   165    67    98    94    89    21   165   162    68    99    17    60   108    55    79    56    78   130   147    83    77   116   144    58    27    24    22   154    36    52    16    21     9   136   165    45 
  157    18    64    60   141   113    72   169    15    29    77    47    86     3    85     2   148   140   149   121    74   160   143    83    82    79   153    58   171   149    38   163   102    78   107    62    72   171   106    86   159    70   180   123    99    20    58   138   168    17   130    36   164    36    77    18   112    71   163   108   174   176   130   128    53   140    48    57    68    45    68   165    34    73   101   131    17    23     7   152    13   155    38    22   148   144    38    54   167    53    57   159    88   116   179   120    48   132    74     6   175   135    22    33    90   159   106    60   154    77   160   164   103    25    81    61    82   144    43    23    54   108   109   115   139    73   158    18   122   176    60   122   160   165   135    10   115    98   170    97    88   168    26    15    95    97    49     4    63    66    81    61    11   172   164    70   141    77    77   110   112    88    21     8   100    56    55   135   121   157   161   155    48   132    45   143    56    24   109    14     1   167   115   162    27    16   111    78    21    92   150   139   116    94    67    98    76   110    18    83    20    42   118   168    91   158    51   115   130    78     5   166   126    93    75   131   171   124   166    32    14   124    24   158   160    54   154    68   145    47   149    19    26     3   108    58    99   143    12   163     1   169    83    95   160   167   105   117     7   140    63   155    14   134    34    13   175    64   135    10    12   103   176    74   130   172    92    10   110    58   150   157   113     4    18   156   106    73    11   152    61    41   156    41   152   149   157     4   128    29    48   156   168   108    63    96   149   145   139    85    81    52    81    82   105    29    22   153   132     2   100    97    41    58   156    70   128   123   130   127   151    25   150   124   177    59    68   132   176   134    85   127   137   137   113   166   175    90    51    81    89   154    24   130   107    98   174    56   176     8    91    12   126   123   124    58    38   144   169    23    67    98    20   124    57   173    49    29   162   127    16    78    37    74    47   172    26   162    22    20    25    41   161    23    43   115   141   135    27    96   106    58   180   169   104     5    10   164    54    18     4   144    84    15   151    12   129    31   119   169    30   173   111    58    76     9   179    54    80   168    34    55   158   127   142    99   173   135   117   137    12    85   114   144   100   175    21    13   121   116   143     4   101   122   180    37    25    49    19   173    32    15   150    71    92    26    59    89    60   142   140     7   138   109    76   150    97   180   142   153   132    89    87     8   158     6   156    72   163    30    38    39   104   122    98    55    83   126    96     1   144     6    24    32   118    70    98   163   126    13     1    39    95    81   129    45   136     2    60    65   139   138    70    57    78   161    53    82     6    61    30   167   121   153   113    55   163    96   174   128    26   103   180    12   126   143    57   123     8   101   100   178    95   175   106    82   176   167    72    69    98    99    87    41    67   129    47   162   128     7   108    87    86    40    73    28    73    97    52   113    91   158   125    29   171   115   176   166    26   129    33    83   141    53    51   123   141    20   137   137   168   132    69   141    10   161   165     9    24    68   138   116    49   135    97   130    94    76    43   157    69   165    70    20   177   162   118    30     9   115   111    11    51   161    81    13    52   100    20    88    48   158    23   164   139    85    99   144   155   157    33   148    91   130   128   160    48   165   141    13    78   105   152   158   175   121    46    86   107     9     7   169     5   119    66   137    45    31   145    35    66   144    82    97    62    72   118    40    18    62   144    53   142   135    98    88   150     3    24    91    96   141    97    18    85   141   156    25   177   113   101   155    63    80   100   126    78    11    40    84   109    62    15   153    58     8    34     3   175    63   147   116    26    92    40   119   106    92    83   134    13    59   145   141   175   146    22   179    99    81   137     2    63    50    22    90   116    56    13   155    95    36    84   157    59    53    23    51    18   174    25    31    40   166   110   131   147    31   153    53   160    13   121    25    71     4   111    20   110   157    80    72   133    83    54    59    61    80    87    59    76    67   101    32    63     4   115    67    56   179   179   102    29    11    66   175   127   148    56   145   120    62    39     3   118    25   110    58   170   162    50    35   119   125    30    16   123   169    83   118   160   102    22    91   127   115    86    38    91    43   127   159    97    66    49   180    71    72     6   135     2    78     7    55   174   133    98    68    40    24     2    45     9    58   101    62    33    10    83   102   150    51    71    72    64   104    24   153   130   147    70   119    43     5   158   145    81     1   171   144    62   142    55   104   107   114    47    53   147   108 
 0.00  0.21  0.33  0.26  0.34  0.37  0.33  0.35  0.25  0.30  0.30  0.25  0.38  0.22  0.27 
 0.21  0.00  0.33  0.20  0.38  0.25  0.31  0.40  0.29  0.25  0.36  0.30  0.20  0.23  0.29 
 0.33  0.33  0.00  0.26  0.39  0.23  0.24  0.21  0.36  0.37  0.30  0.39  0.31  0.37  0.32 
 0.26  0.20  0.26  0.00  0.40  0.35  0.26  0.22  0.28  0.28  0.31  0.20  0.38  0.27  0.22 
 0.34  0.38  0.39  0.40  0.00  0.31  0.37  0.26  0.31  0.37  0.31  0.36  0.31  0.36  0.34 
 0.37  0.25  0.23  0.35  0.31  0.00  0.33  0.25  0.28  0.33  0.33  0.23  0.29  0.39  0.39 
 0.33  0.31  0.24  0.26  0.37  0.33  0.00  0.35  0.25  0.40  0.26  0.33  0.26  0.25  0.26 
 0.35  0.40  0.21  0.22  0.26  0.25  0.35  0.00  0.24  0.29  0.24  0.32  0.29  0.23  0.25 
 0.25  0.29  0.36  0.28  0.31  0.28  0.25  0.24  0.00  0.29  0.29  0.34  0.26  0.27  0.32 
 0.30  0.25  0.37  0.28  0.37  0.33  0.40  0.29  0.29  0.00  0.27  0.23  0.34  0.31  0.27 
 0.30  0.36  0.30  0.31  0.31  0.33  0.26  0.24  0.29  0.27  0.00  0.33  0.33  0.38  0.21 
 0.25  0.30  0.39  0.20  0.36  0.23  0.33  0.32  0.34  0.23  0.33  0.00  0.39  0.35  0.30 
 0.38  0.20  0.31  0.38  0.31  0.29  0.26  0.29  0.26  0.34  0.33  0.39  0.00  0.39  0.22 
 0.22  0.23  0.37  0.27  0.36  0.39  0.25  0.23  0.27  0.31  0.38  0.35  0.39  0.00  0.22 
 0.27  0.29  0.32  0.22  0.34  0.39  0.26  0.25  0.32  0.27  0.21  0.30  0.22  0.22  0.00 
