10 12
15
      2571
      3088
      3428
      2811
      2767
      2801
      2513
      2680
      3092
      2268
      2999
      2601
      2449
      2754
      3098
  3.4  33.9 670.0   2.4
  1.8  41.8 233.3   1.6
  4.4  28.1 373.1   2.1
  2.2  43.4 226.4   1.6
  3.4  49.8 918.9   2.3
  1.9  22.6 217.5   1.8
  1.4  37.8 689.0   2.1
  1.3  45.1 610.1   2.1
  2.7  25.7 729.3   2.3
  4.0  23.3 236.5   2.4
  1.7  10.6 161.6   2.4
  3.0  38.1 753.4   1.6
  4.8  49.6 605.8   1.6
  4.8  13.1 692.0   2.1
  1.2  41.0 494.5   1.9
  4.3  30.4 472.0   2.4
  4.4  32.8 117.3   1.7
  2.2  30.5  97.9   1.9
  3.0  10.8 639.7   1.5
  3.4  46.8 633.2   2.2
  3.7  21.0 846.8   2.3
  4.9  14.5 276.4   1.7
  3.6  48.3 363.4   1.5
  1.4  10.1 831.9   2.1
  3.1  49.2 728.2   2.5
  4.4  39.6 441.6   1.6
  3.8  45.1 699.9   2.4
  2.9  29.3 309.2   1.9
  3.9  29.7 449.5   1.5
  4.8  27.4 470.6   1.5
  2.3  13.8 131.4   2.3
  2.4  27.3 444.7   2.5
  2.7  37.6 945.3   1.7
  3.1  39.8 621.4   2.0
  2.2  20.5 302.7   2.3
  4.0  46.6 479.9   2.5
  4.5  16.4 846.3   2.1
  1.2  46.3 699.2   1.8
  4.1  12.6 553.3   1.6
  3.3  25.6 924.0   1.6
  2.0  24.0 729.7   2.1
  2.1  18.5 620.4   1.8
  2.9  29.4 187.9   2.4
  2.3  48.2 877.5   1.8
  4.6  49.6 519.8   1.6
  3.0  40.2 900.0   1.8
  3.0  14.8 877.7   1.9
  3.2  39.5 614.7   2.4
  2.0  37.3 823.4   1.5
  3.9  45.7 525.5   2.2
  3.1  41.7 397.5   2.5
  4.5  46.7 573.0   2.5
  3.0  25.3 558.4   2.2
  1.4  18.7 452.4   2.2
  4.5  29.7 503.9   1.5
  4.8  41.5 704.5   2.5
  2.3  27.3 629.2   1.7
  2.6  13.7 781.2   1.7
  2.2  34.6 213.8   2.5
  1.8  17.4 942.0   1.9
  4.7  32.3 814.0   2.4
  3.3  40.3 132.1   2.0
  1.4  48.1 499.8   2.4
  1.6  38.5 860.6   1.5
  3.9  14.8 345.6   1.5
  1.2  41.7 915.0   1.6
  1.5  28.0 451.1   2.3
  2.0  28.7 482.9   2.3
  2.7  21.4 721.8   2.3
  4.3  42.4 484.0   1.5
  2.9  48.2 283.1   2.5
  4.4  19.9 851.0   1.8
  3.9  28.8 246.0   1.7
  5.0  11.6 898.5   2.1
  2.3  16.6 155.7   1.9
  1.1  24.9 160.3   2.3
  1.4  13.7 222.7   2.1
  4.2  23.2 183.8   2.0
  2.9  34.6 341.9   2.1
  1.7  45.3 602.8   1.5
  4.7  40.5 397.9   1.9
  4.6  14.9 540.1   2.1
  1.8  13.7 792.3   2.3
  4.9  46.9 666.1   1.6
  3.6  41.5 438.8   2.4
  3.4  33.2 174.7   1.7
  3.5  37.7 422.7   2.1
  1.4  24.6 591.3   2.1
  5.0  23.3 406.9   2.1
  1.4  24.4 703.1   2.1
  3.1  26.9 330.3   2.3
  2.1  46.0 911.8   1.6
  2.9  21.0 867.9   2.1
  2.2  25.5 583.7   1.9
  3.0  14.3 441.5   1.7
  1.4  13.4 831.5   1.6
  2.0  33.1 813.9   1.7
  4.7  20.8 734.8   2.0
  1.5  15.3 509.3   1.6
  1.7  25.0 221.3   1.6
  2.9  41.1 630.6   1.7
  3.6  16.4 899.0   1.6
  3.7  14.8 780.8   2.1
  2.2  37.0 160.6   2.1
  3.5  26.7 161.2   1.6
  3.2  35.3 257.7   1.6
  3.4  36.9 242.3   2.2
  1.1  34.0 743.7   1.9
  3.8  27.0 924.5   1.5
  4.5  49.3 285.0   1.6
  4.7  46.5 554.7   2.1
  4.4  33.9 132.0   1.7
  1.4  17.8 517.0   1.9
  1.4  38.4 551.8   1.7
  1.9  45.5 911.8   1.9
  3.2  23.3 738.0   1.9
  2.4  34.8 140.8   2.2
  2.1  24.5 728.5   1.7
  3.7  34.2  95.8   1.9
  2.1  16.3 920.0   1.8
  3.5  27.3 143.5   2.3
  4.9  47.7 460.7   2.4
  1.6  42.1 396.7   2.3
  1.9  26.8 705.2   2.5
  1.5  41.9 912.6   1.8
  1.7  13.3 480.5   2.3
  2.2  40.5 676.9   1.9
  3.5  18.7 808.6   2.1
  2.9  25.6 856.5   1.9
  2.3  12.8 103.3   1.6
  3.8  40.5 180.0   2.0
  3.3  40.6 217.5   1.7
  4.3  41.8 706.3   1.5
  4.3  25.6 512.9   1.9
  2.7  15.8  98.0   2.3
  4.3  49.3 341.3   1.6
  2.1  25.0 219.3   2.1
  1.6  48.4 489.7   1.5
  1.7  21.7 232.3   2.1
  1.1  20.7 193.8   2.3
  4.5  50.0 567.9   1.8
  3.5  49.6 639.8   2.5
  2.3  36.9 780.7   2.5
  5.0  25.3 485.5   2.2
  1.0  43.2 625.2   2.2
  4.7  31.9 482.2   1.8
  1.7  31.7 497.0   1.6
  1.6  43.3 761.4   1.5
  3.1  23.3 868.6   2.5
  4.8  42.7 702.9   1.6
  0.2   0.2   0.3   0.4   0.2   0.3   0.4   0.4   0.2   0.2   0.3   0.2   0.3   0.2   0.4   0.3   0.3   0.3   0.3   0.2   0.3   0.4   0.3   0.3   0.3   0.4   0.2   0.3   0.2   0.2   0.3   0.4   0.3   0.2   0.3   0.4   0.3   0.4   0.2   0.2   0.4   0.3   0.4   0.3   0.4   0.3   0.3   0.2   0.2   0.4   0.4   0.2   0.4   0.3   0.2   0.3   0.3   0.2   0.2   0.3   0.3   0.3   0.3   0.2   0.4   0.2   0.4   0.3   0.3   0.3   0.4   0.3   0.3   0.2   0.4   0.2   0.3   0.3   0.2   0.2   0.3   0.2   0.2   0.3   0.2   0.3   0.3   0.3   0.3   0.4   0.2   0.4   0.2   0.4   0.3   0.2   0.2   0.4   0.4   0.3   0.4   0.3   0.3   0.3   0.4   0.3   0.4   0.2   0.4   0.4   0.3   0.2   0.4   0.4   0.3   0.2   0.4   0.3   0.4   0.2   0.3   0.3   0.3   0.3   0.4   0.2   0.2   0.4   0.3   0.2   0.3   0.3   0.3   0.4   0.2   0.3   0.3   0.3   0.3   0.2   0.4   0.4   0.3   0.3   0.3   0.2   0.4   0.3   0.4   0.2 
   74   117   105   145    97   103   178    53    85   123    35   171     6     5    87    55     5    40    74   150   146   134     7   128   126   106    14    52   149   158   104    49   127    93    35   111    43   142   126    37    70    79    61    14   156   179   146    90   123    78    54   153   136   130   121   149    82    58    84   109    70    61   112    19    42   127   156    85   106   157   173    55    93    28    55    65    83    63    56    95   160   162    75   167    91    61   142   166    39    40   167   157   172   136   128   117    82   154    88    83   144   166     9    49   177   118    34    19   153     9    50     7    98     2    53   111    68    66   133    79    71    82    86    94    20   125   128    94    24    14    67   139   118    41   149    36    76    42    71   102   140   164   135   127    25   152    72    93   105   137 
   67   128   172    72   110    96   100    22    53   120   101   107    66     5   174    63    26   158    55   141   104    36    11   172    55    13    19   171   106   111   166   105   112    24    46   108   105    78    58   108   112    46   174    70    55   150    81    64   102   170    74    28   159    64   128    98    84    12    54   154   139    27    40    23    54    95   177   120    69   178    26    43    31   164   151    79   141    23   103    34    17    18   178    77   148   101   112    44   123    71    30    85   126   158   161    19   110   147    89    27   169    50   158   104   116    29   122    75    18    20   159   157    17   118   162   153    21    30    81    83   177   151    50    99    74    74   141   168   108    20    48    28   104   168   162    26   159   100    72     8   126   119     9   107    20    87   141    24   159   151 
  147   115    58    49    92    74    54   143   106    63   121    46   137    29   179    16   117   112    20    42   144   107   166   140    93   121   109    44    34   139   144   160    60   169   103    48    29    76   120    94    33   145   139     8   156     9   171   127    50   144   116   159   145   126   148    31    64   134    87    86    48    45    90   108   104    11    16    42    41    62     5    19   171    98    69   121    75     4    28    93    32     7    81   172   122    97   124   147    63   153   105    88   173   115   126    57    93   109   135    67    50     7   142   150    18   130    62    25    98    27    87    47    61    74    68    16   152    10   148   149    38   164   107    99    80   175    39   157   164   103    50    16     5   157   116    84    95   111   121    61   161    20    75    35   133   103   109   114   132   139 
  171     8    82    60    75    29    18   104     7    83    73   115   146   165    11    52   159    36   173   135   100    17    69   129   142    88    96   105    33   158    26   137   134    42    69   177    71    70   167    68    43   170    69     1    57    73   157   108    63    53    29    83   118     1    37   144   171    57    31    50   179    43   107   161    14    90    14   168   169   128   107   178    14   101   108    71    74    99   141    78   175     3    27    60   166    43    45   111   116   156    96    19    53   138   141    84   117    55    84   152    84    36    39    30    87    51   172    44    56   178   180    86   119   144   125     4    81    41   129    55    97    55   108   131    26   160    91    60   166    39   127    74   158    95    21    87    93    89   144    91   127    63   129    69   112   139   131    31   139    77 
   13    50    51    29    46   178    96    65    26   172   100    20    71    32    88    96    90    24    52   126    21   129    65   110    41   153    35    42    65    40    33   117   108    18    26    47     2    31   123    97    12    67     1   112    89   144   132   128    99    14   169    21    37   132    61    75    60   178    34   109   145   163   161    88    25    11    92   160    88   114   151   176    69    86   122   121    65     7    32   127    54    40    73    54    86    84     4   126    45   136    93   124   101    36    60    83    78   114    19   109    75   174    82   170    62    94    45    29    65    53    29    23    17    20   110    42    55    13    93     4    71   179    38    59    95    73   172    40    29   150   157    82    32    15   172    81   172   116    44    69    44    50    68    36    62   147   149   131    24    80 
   87   119   106    81    77   156   137   107   150   164   167   135   104    52    79   103    13   105    75   115   178   148    65    28    66    89   109    32   110    55    41   103    85   127     6    98   134    10    60   179   105    70   146    29   146   180    58    44    74    21   147    97    49    75    45    72    40    49    64   108    63   151    24   110    96    93   114   105   107   164    40    62   134     6    60    39   100   131    62   163   157   135     2    23   129    33   107   152    79    25    81    67    89   116   162    27    68   126   160    71    99   147   120   122   167    98   148   117   147   112   155   102    75    59   111   149    95    40   108   120    81    65   117   118    92    40   142    71   167    27    50   130    41    87    59    50    92   135    83     3    53    52   117    59    59    31    43   178    66     7 
   59    62    62    60    55    65   134   101   174    18    99     5    38    86    53   159    36   134    33   172    70    61   145   111   149    84   106   149    60     2    40    40   137     5    37    19   136   134    42   108   133    65   107    65    99   143    40    98    58   172    55    78    81   171   179    87    91    49    24   105    59    14   159   123    75   103    68   109   180   107   145    50    53    13    19    11     9   161    90   153    89    36   174    56   151   157   143   112    65    14   128     5     7   128    11    70   135   132   149    66   166    72   129   134   156    30    25   115    83   130   153    95   136    88    40    40    19    10   166   121    50     5   178    63    38    52    65    77   118    15    20    23   137   127    31    92   147     2   111   157    20    10   124    83    82   120   147    84   155   120 
   42    77   124   145    23   111    54    35   157     8   120    66    66   145   132   149   126     1    38    72    31   143    71   149     7    21   167   179   160   148   130    73   107    49   106    94    93   133    56   113    25    47    13   176    58    15     3   120   141    64    19   101    34    12    13    21   149    77   126    40    15   135   120    61    61    53    48    37    19   166    35   175   127   132   119   153    71   161   128    87   136    54    96   116    17   136    67     2   117   126    52    75   132    16    13    62   156    35   105    80    94     1   118    39   168    10    73   100    32   121   152    88    94   145   172    40    26   118   150   114    64   179   103   165    36    59   164    10   139    61    51   124   135    35    72    11    80     9    26    51    87   139    75    67   164    72    60    46    88   176 
   38    94   142    14   132    23    50   115   103    20    18    39     4    28    22   160    98    52    77    37   180   114    52   143    77     5   180    87   144   172    71   114    68    49   130    60   137   155   111    68   104   111    62   123     9    27   157    38   133    65    63   107   103    61   143    35   134   150    79   135   164   169   103    44   149    26    99    75    71    80   128   125   133    90   134   136   126   111   180     3    92    25    81   140    44    27    73    24   157     2    75   136    95    15    33    10   104    89    19    94   115    17     4    96   128    25   138    12    10   133    53   150    19    70   126   125    26    97    21   137    15   141    72    81     1     8    17   164   144    65   104    57     3   142   120    22    37   100   177     8    69    45   119   131    29    82   150   160   112   180 
   58    88    64    16    17   107    13    22    69    57    61    87   165    76    94    20    81    50    47   171    26    41   159    19    12   104    76   165    51   174    68    14   160   104    87   109    21   176   180   174    73    42   139    44   174   146    38    96   115    54   152   169   158    83   140   138    16   123    27   105   167   150     9    53   129   170    15    46    31   163   120    72   144    87   180    36    87   114    98   145    35   102    50   129   125    91   155    12   163   160    29    10   137    63   180     2    63   114   103   124   111   178    73    35    68    15    46    17    93    98     9    30   116   126    43   114   135   164   160    11    31    59   113   171    47    28   124    65    60   139    84    82   151    64   141   172   172    47     6    10   140    58    90    28    24   176   143   138   153   161 
   87    36   129    61    39   149    68   164    41   132   108   108   174   173   158   135    47    59   161    78   178   160   131   133   114    84    29    94    34   156   114   111   160   107   109   171    79    71    49    25    71   124   170   112   106   173    29   174   157   179   136   164   101   173   144   140    22    27   103   121   147    30   151    37    60    56    91   122   139   158    97   139    43    98    21     2    98     2   141   169   130    77   144   158    46    62   116    67    62    75    62    61    37    83    35    16   156   126   143   155    18    52   167   113    44    60    39    56   130   128    57   148   175   123   144   149    95   142    11    19   153    91    65   133    62   179    42   131    56    64    57    53    30    95    53    32    73   139   176    51   168    98    44    63   132   178    53   130    81   168 
  174     9    18    86    11    99   145    77    51   150   136    65     4   118   158    14    25     5   137    57   146    97   100    45   164   102    83   163    37     4    51    47    68     3    33   142   108   149   103    46   117   149     6     1    39   168   167   106   160   164    78   153   102   131     4    30    67    73    53    35    69    42   107   147    83   179    55    79    32   160    27    73    39    33    83   147    30    29   153   159    30   147    60    67   103   101   112    10    71    93    36    32   127     4     9    67    92    15   101    49   150   139   131    18    82   147   121    57   118    87   114    35   177   119   172    10   156     6    46   146   164   173   177    58   131    15   159   103    32   168    61    15    94   146    29   110    89    25   109    23    41   135   164     1    53   112    34   149    65   153 
 0.00  0.32  0.38  0.32  0.32  0.39  0.28  0.39  0.26  0.32  0.27  0.29  0.32  0.22  0.35 
 0.32  0.00  0.30  0.33  0.27  0.29  0.28  0.29  0.31  0.27  0.36  0.21  0.33  0.26  0.30 
 0.38  0.30  0.00  0.33  0.30  0.35  0.38  0.24  0.34  0.25  0.28  0.35  0.22  0.20  0.34 
 0.32  0.33  0.33  0.00  0.37  0.26  0.36  0.35  0.32  0.34  0.31  0.32  0.30  0.33  0.37 
 0.32  0.27  0.30  0.37  0.00  0.31  0.22  0.28  0.33  0.21  0.28  0.30  0.30  0.32  0.29 
 0.39  0.29  0.35  0.26  0.31  0.00  0.39  0.32  0.30  0.30  0.37  0.28  0.20  0.30  0.27 
 0.28  0.28  0.38  0.36  0.22  0.39  0.00  0.23  0.20  0.27  0.24  0.28  0.24  0.33  0.30 
 0.39  0.29  0.24  0.35  0.28  0.32  0.23  0.00  0.30  0.37  0.26  0.22  0.28  0.25  0.22 
 0.26  0.31  0.34  0.32  0.33  0.30  0.20  0.30  0.00  0.38  0.25  0.27  0.36  0.25  0.36 
 0.32  0.27  0.25  0.34  0.21  0.30  0.27  0.37  0.38  0.00  0.22  0.35  0.35  0.38  0.31 
 0.27  0.36  0.28  0.31  0.28  0.37  0.24  0.26  0.25  0.22  0.00  0.29  0.40  0.27  0.25 
 0.29  0.21  0.35  0.32  0.30  0.28  0.28  0.22  0.27  0.35  0.29  0.00  0.29  0.33  0.29 
 0.32  0.33  0.22  0.30  0.30  0.20  0.24  0.28  0.36  0.35  0.40  0.29  0.00  0.39  0.38 
 0.22  0.26  0.20  0.33  0.32  0.30  0.33  0.25  0.25  0.38  0.27  0.33  0.39  0.00  0.37 
 0.35  0.30  0.34  0.37  0.29  0.27  0.30  0.22  0.36  0.31  0.25  0.29  0.38  0.37  0.00 
