10 12
20
      2838
      2826
      3455
      2455
      3219
      3286
      3516
      3464
      2947
      3197
      2634
      3091
      3394
      3665
      4366
      2828
      3124
      3742
      2790
      3057
  1.4  49.6  78.7   2.5
  3.3  15.1  72.7   2.3
  3.0  42.2  92.0   1.9
  4.7  32.9  61.0   2.5
  4.0  46.5  22.8   1.8
  1.4  35.7   5.1   1.5
  1.7  25.2  39.4   1.9
  2.4  26.4  62.6   1.5
  2.9  24.5  27.5   2.1
  4.4  16.0  66.0   2.2
  4.0  19.2  17.8   1.8
  2.4  34.7  54.3   2.2
  4.1  13.1  22.9   2.2
  3.5  43.8  46.6   2.0
  2.9  33.4  77.4   1.8
  2.6  31.7  76.8   2.0
  4.2  46.4  10.8   1.6
  1.3  40.1  31.2   2.1
  2.5  35.9  90.6   1.8
  4.2  15.5  39.1   2.2
  4.0  35.9  93.8   1.9
  2.9  34.3  58.4   1.8
  2.8  33.2  90.8   1.6
  4.6  38.7  24.3   1.7
  3.0  39.7  18.5   2.1
  3.9  26.1  13.3   2.0
  3.1  29.2  54.2   2.5
  4.6  41.5  55.5   1.7
  3.4  44.3  48.8   1.7
  1.7  12.2  62.0   1.9
  1.3  25.7  59.3   2.1
  2.4  48.9  62.4   1.8
  2.8  12.4  28.8   2.1
  2.2  24.6  30.9   1.7
  4.7  12.0  56.1   2.3
  3.2  40.3  23.1   1.7
  1.3  28.9  74.5   2.2
  1.1  28.7  93.2   1.7
  3.5  17.3  75.5   1.8
  2.9  28.0  75.8   1.7
  1.4  49.5  36.3   2.1
  4.9  42.9  52.0   1.7
  3.6  40.0  55.4   1.6
  3.1  21.6  33.8   2.4
  5.0  11.7  84.6   1.9
  2.3  18.1  43.0   1.6
  4.6  46.2  63.3   2.1
  2.1  23.6  55.6   1.8
  1.9  47.7  69.5   2.4
  2.4  32.3  64.0   2.2
  1.2  48.6  57.9   1.6
  4.7  19.2  69.4   2.3
  3.5  41.4  40.0   2.1
  3.7  43.6  94.9   2.3
  4.3  15.4  29.5   2.0
  4.7  41.0  71.0   2.4
  4.4  42.7  16.9   2.0
  3.2  27.2  21.9   2.4
  1.3  37.6  55.6   2.0
  2.1  21.8  71.1   1.7
  2.6  45.8  87.8   2.2
  4.7  40.6  46.9   2.2
  1.8  40.9  63.6   2.2
  1.5  30.8  78.4   1.9
  3.1  36.8  26.5   2.3
  4.4  34.9  47.3   2.3
  4.9  22.7  90.3   1.8
  3.8  30.6  36.3   1.7
  1.3  17.6  72.6   1.6
  2.9  16.6  87.7   2.2
  4.0  16.1  35.1   1.5
  4.8  22.1  74.0   1.8
  2.4  14.4  10.4   2.3
  2.6  18.5  40.9   2.0
  3.9  39.4  47.8   2.2
  3.7  38.2  78.0   2.4
  1.9  16.0  71.1   2.4
  3.8  36.8  38.8   1.9
  4.7  32.3  78.7   1.9
  3.1  33.3  65.0   1.8
  5.0  40.3  22.5   1.7
  1.0  19.3  89.3   2.4
  3.2  17.3  29.9   2.5
  1.8  25.8  80.0   1.5
  3.6  41.5  24.2   1.7
  2.0  28.4  27.2   1.8
  4.1  16.7  36.8   1.9
  3.9  10.7  90.7   2.0
  4.5  37.2  67.3   1.8
  1.8  12.1  62.6   2.1
  3.1  40.0  94.6   2.4
  4.9  39.9  53.4   1.8
  1.3  33.8  80.5   2.2
  3.8  18.1  60.8   2.0
  2.0  17.2  75.6   2.2
  3.4  16.6  76.8   1.9
  4.1  47.6  22.8   1.7
  1.2  18.2  59.2   1.9
  3.5  17.9  64.1   1.9
  1.3  48.1  92.9   1.8
  1.3  36.7  24.0   2.3
  2.0  21.3  68.7   2.1
  1.7  10.5  57.7   1.9
  2.9  33.2  56.5   2.3
  1.8  14.1  63.4   2.3
  2.0  21.8  42.4   1.9
  4.8  29.5  54.9   1.8
  3.2  10.3  79.6   1.8
  3.3  30.2   6.9   2.2
  1.2  40.7  85.0   1.8
  3.3  42.4  45.4   2.2
  4.5  19.7  56.2   1.7
  4.7  17.6  31.9   2.3
  4.2  27.5  41.0   1.6
  2.5  17.5  44.2   2.2
  2.9  35.8  73.8   2.1
  2.5  39.8  32.7   2.3
  1.8  39.3  14.6   2.1
  2.6  37.5  82.1   2.0
  1.9  25.8  31.0   2.3
  2.8  40.6  80.1   2.0
  2.8  19.2  38.9   2.3
  3.7  36.3  49.0   1.9
  3.8  31.3  30.8   1.7
  2.7  13.2  18.0   2.4
  3.3  46.0  46.6   2.2
  4.8  17.8  24.8   1.6
  4.3  33.4  69.4   2.3
  1.8  30.2  17.0   2.3
  4.2  47.0  21.3   1.6
  2.2  10.3  52.9   1.6
  2.4  39.7  82.4   2.3
  2.0  11.2   7.1   2.0
  4.9  30.8  14.4   2.1
  3.6  32.9  89.9   2.2
  4.9  42.0  12.0   2.1
  4.8  20.7  41.5   2.1
  5.0  26.8  63.6   1.8
  4.6  40.2  26.4   2.4
  3.1  46.1  30.0   1.7
  3.9  25.9  40.9   2.1
  4.3  41.8  46.7   2.0
  4.7  42.7  84.2   2.0
  4.6  17.2  71.7   2.1
  4.4  30.0  23.1   2.4
  2.9  22.6  34.5   2.0
  3.8  16.6  54.3   1.7
  2.6  48.0  55.4   1.7
  2.6  22.2  93.1   1.6
  4.7  20.6  54.0   2.4
  1.5  44.9  19.2   2.1
  2.0  46.7  87.3   1.7
  3.0  17.0  69.9   1.8
  4.5  11.7  58.0   2.5
  3.9  43.6  26.5   1.9
  3.5  22.9  34.8   2.3
  2.7  12.7  18.7   1.8
  2.1  24.5  85.6   1.6
  2.3  44.1  36.9   1.6
  2.9  26.0  72.4   1.7
  3.4  12.6  15.1   2.3
  3.2  41.6  83.6   2.1
  4.1  23.4  84.7   2.1
  4.4  33.5  43.4   2.2
  3.2  40.4  58.6   2.1
  4.1  20.4  47.2   2.1
  1.4  33.6  73.4   2.3
  2.0  13.3   7.8   1.6
  5.0  24.3  85.7   1.7
  1.9  39.9  81.0   2.2
  4.3  40.0  16.7   2.1
  5.0  25.6  65.1   2.3
  3.0  17.5  26.4   2.2
  4.6  10.5  69.5   1.8
  1.9  40.5  13.8   2.5
  2.2  17.8  15.9   2.5
  4.5  43.9  58.7   1.5
  2.5  16.9  45.4   1.8
  4.5  49.5  80.5   1.8
  4.6  14.2  14.5   2.3
  1.6  34.8  24.1   2.5
  3.3  35.7  17.9   2.0
  2.5  16.1  60.4   1.5
  1.3  46.6  40.7   2.1
  2.8  40.4   7.7   2.1
  2.6  27.1  68.8   2.1
  2.7  39.4  15.0   2.4
  1.8  48.9  57.5   1.6
  3.3  26.6  20.6   1.6
  4.8  24.4  90.7   2.2
  4.4  31.1  31.8   2.1
  2.3  47.3  82.6   1.9
  2.0  23.3  13.8   2.2
  4.6  35.5  47.8   2.4
  4.4  11.5  86.2   1.8
  2.2  34.6   7.1   2.1
  3.4  39.9  84.0   2.2
  2.5  49.0  87.4   1.9
  2.1  21.6  91.5   1.7
  2.4  33.0  18.4   1.9
  0.2   0.3   0.4   0.2   0.3   0.3   0.3   0.3   0.2   0.2   0.2   0.4   0.3   0.4   0.2   0.4   0.4   0.4   0.4   0.3   0.2   0.2   0.4   0.2   0.3   0.2   0.2   0.3   0.3   0.3   0.4   0.2   0.4   0.3   0.3   0.2   0.4   0.3   0.3   0.4   0.3   0.2   0.2   0.4   0.2   0.3   0.4   0.3   0.3   0.3   0.3   0.2   0.3   0.3   0.2   0.3   0.3   0.4   0.3   0.2   0.3   0.4   0.3   0.4   0.3   0.3   0.3   0.3   0.3   0.4   0.2   0.4   0.2   0.3   0.4   0.2   0.3   0.4   0.2   0.4   0.4   0.3   0.2   0.3   0.4   0.3   0.4   0.3   0.3   0.3   0.3   0.3   0.3   0.2   0.3   0.2   0.3   0.3   0.2   0.3   0.3   0.4   0.3   0.2   0.4   0.3   0.3   0.2   0.3   0.3   0.2   0.2   0.3   0.3   0.4   0.4   0.3   0.3   0.3   0.2   0.2   0.3   0.3   0.2   0.2   0.3   0.2   0.3   0.4   0.2   0.4   0.4   0.3   0.3   0.2   0.2   0.2   0.4   0.3   0.4   0.3   0.2   0.3   0.4   0.3   0.2   0.2   0.3   0.2   0.3   0.4   0.4   0.3   0.2   0.3   0.3   0.3   0.3   0.4   0.3   0.4   0.2   0.4   0.2   0.3   0.2   0.4   0.4   0.3   0.4   0.3   0.3   0.4   0.2   0.3   0.4   0.4   0.3   0.4   0.4   0.2   0.3   0.3   0.4   0.3   0.2   0.4   0.3   0.4   0.2   0.2   0.3   0.2   0.3   0.3   0.3   0.3   0.2   0.3   0.3 
    3   158    80    27   177    35    98    42    78   148    94    71   164    49    19    41    23     8   153   100   132   129   145    37   160   145    31    50    74   115   128    25   120    88   104   172   177   177    88    47   142   111   137   137    93   153   109   160   105   141   127   151   111   144   118   153   129   103   153   146   112   134    18   132   125   114   134   153    80   165   134   167   129    17   158    80    85   100   137    85   126    34   154    71    27    62    12    36    23   110   101    99    41    86   131    58    42    56    14   160   169    41   112    11   145    33   111    25    17     6   120   111   105    36   167   151    38   109   122   149    96   125   136   180   147    26    19    28   173    33    70    14    45    93   107   113    59    72    41   162    79   145   145   119    91   125   173    72    19   138   117    89    71    89    33   180    31   157    41    26    11   105    51    92     9    56   118   162   176    14   147   136   144    24    98    47   131    25    17    18   111   158    29    79   127    22    43     8    77    27    60    71    54   107    76    63    35   100   119    38 
  152    44   110   170   104    92   106     3   156     5   173    69   157    19    72   115    36    17    62    36   117   142   156   135    32   178    74   129    71   160    12    47    50    32    85    30   123    62   173   171   142    73   131   169   134    98    23   115    60   107    23    75    91   102   136    32    54    41     7    77   175    99    14    42   126   139    60   145   129   122    71    67   139   133    49    57   128    77    29   121    70   105    28    51   136    62   159   119   158   160    21   141   120   154   160    86     7   166    95    58   178    77    64   101    88    83   137    89   146    61   180    36   108   150    81   165    49    59   132   180   123    93    72   141   176    39    48    39   120    89    13    59    35    39    62   170   117    19    52    35    44   109   133    63   148   146   131     6    41   101     2    69   122   110    25   123    85   154   104   152   126   111   149    24    71    11    29   128    15    81    59    27   147    56   150     1   180    30   127    69    69    99    16   144    50    62     7    27   162   150   159    31     7    69    15    90    83   124    59    58 
   32   113     1    18    32    45    67   139   167   166   172   138   126   108    40   111     9   125    39   144   142    89   177   174    11     4    58   168    63    65   118    77   113   149   131    84    48    17    67   121    24    13    16   163    48   104   132   149    49   149   155    85    47   177   100    22   120    22   130   146   153   162    11    94     6    27   138    53   110    90    93   109   142    42   172    36    28    49   177   151    72   141    36    52   100   176   159    22    72   105   119   102    95   163   114   178    67   165     8   177    73   132    32   157    48    80   164   154    26    80    85   123     9   103    95   163    91    22     7    26   114   124   142    98    44    20    30   146    77    64    94     2    93   108   164   163    39    21    57   108   135     3   127    31   171    84   164   129    66   158    84   120   139   164    73   135    27   113     2   142    68   129   168   127     9   178    21   139    66   168   119    90   166   167   175    19    49   149    52   103    36   160   171   159   121   172    87    39    65    91     8    54   147   120   173    36    69    17    68   169 
    1    97   151   156    85   127    18    81   159    26   128   131     7     4    70    74    42    64    47    62   163    28    68     4    46    69    86   155   119     8   127     7   141    10    60    94    29   137   105    22   166    73    17   139    67   137   141    36    61   122    18   124   115   117   112   177   144   117   168     1   176    78   133     3    91   177   147   168     7    74   145   123    22    48   117   144   120    22    24   175    85    29    72    36    58    29   155   134    57   176     7   162   138   146    79   113    41    89   107    41   131    63    59   105   160   158   107    67    90   122    67   145   146   167    71    45    43    50   125   132     9    86   163    14    82   111   157   115    75    24    72     2   148   161    59    50    61   147   176   132   175    74   117   102   120   108   165    58   148   150    44   102   115    30    98   170   114    73    77    56   153   135   116    17     5   146   153   179   172    81     9    13   112    93    61   120    81   173   170    50    88    17    62   164   142   117   144    65    28   156    22    76   142    95    44   173   156    22    62    45 
  137     2    46   166   130    54    71   147   103   166    36    29   148    47   112    95   169    51    82    76     9   135    21    64    73   160   174    89    60    27   141    38   174    61   126    42    95   142    24   162   160    84   143     3   149   130     8     9   117    84   143     5    99    87   106   126   100    68    83   148    70   158   158    46     1   148   135   170   154    83    93   137    63    24    20   155    99    79   132     6   161    25   152   119    83    69   114    29   146   178   122    45   169    91    97   147     2    90   141    22   162    42    16   139    19    29   131   132   104   160   139    14    47   132    39     1   172    99    75    85    85   138     4    90    20    71    76   176    24   120   173   176   126    97   163    47    71    71    23   169   135   168   146    25    72    58   163   148    37    43   170   137    49    54    88    84   108    58    42   104    89    28    81    29    40   115   148   164    25   140    59    83    64     6   159   132    62   177   133   165   133   117    83   131    91    72   145   114    83     9   157   134   124    24   169    46   110     1     1    11 
  176   100   149    25    55   157    37   147   154    51   174    35    85    50   168   175   125   148   117   172     5    92   103   176    49    33    39   138    47   166    96    82    84    10     2    39   152    31   119   114    51   151   120   162   112    46    58    41    45    24   112   116   134    59    36    16    20   154   118    47    24   161    22    82   170   152   118    83   161    99    29    17    19    55    31   161     1    57    51   112   176    94    57    13    66   132   136    67   109   180    38   120    39   143    60   131   137   163   104   153   174    17    97   101   156    55    79    99   144   166   114   124    69    53    17    99    36    42    40   137    84   100    15    81   136   166    37   165    93    43   148   160   140     8    10   129    93    27    18    91    89   169   102   179   171   120    80   176    80   150   105   121     2   147    79   132    63   167    51   159    17   172    53   120     5   118   132   155   112   112   149    77   106    66   115   177    67   111   158    34   155   103    42   115   102    24    99    56   144    86    79    60    82   141   115   128   109    12   165   127 
  122    17     9    27    29    15    47   144   176   114    24    82    16    14   173   117     3    66    60   105   131   174   156    14    83    65     1     6    29    72     3   160     8   158   166    18   103   175   170   151   125   108    14    46   180   141    79   158    16   102    16    11    90   102    52    38    92    34    90   100   103    25    43    90   109   173    66   167   155    69    64    17   104   174     9    31   131    54   134    48    56    57   164    83   139     6    69    33   162    26    93   145   177     9    28    47   141   144    51   101    50    56   104   145    32    78   147   110    35   112    32    36   100    92   136    18   176    57    40   163   165     7    75   161     5   150   175   105    31   129    20    80    66   152    45    19   124    74     2   138    81   174   180   162   107    30   107    37    87   143   146   120   147    52   169    35   105    62     8   129    79   130   150    14   112    14   146     6   172   161    79    43   153   142    98   109   118   126   123    84   159    18   108    14   123   109   113   145   162   161   116   159    36   154   150    42    76    84    65   128 
  112   179    70    25   138     2    42    70     9    99    66   118   146    26    38   116    37   139     6    35   135    34   167   118    57   137   133   143     2   165    30    83   154   167     6    78   152    51   100    10    23    65   107     7    97   108   109   110     7     1    18    40   155   179   161   141   152    19   159    28    80   133   155    98   152   142   110    17    79   172    54    98    80    30   177    58    16    73    31    32    24   164   129    59   153    29     4    11    16    31    84   122    58   170    82    30   158   115   173   176   140   121    68    61    86    81   159   118   107   125   100    67   122    74     4    96   157   149    30   153    59    97   152     5     8   148    43   146    76    85    11   145   157   172   100   102    96   151    80   150     7    84    41    54   110   134   167    20    82   148    62   170    40   175   111    30    41   145    62   173    35    34    29   175   137    99    89   148    13   162   118   105   126    72    24    37    11   169   129    22   122    61    12    10   112   156   156    17   131   140    54   162   168    82   129    69    14   137   168    77 
   59   167    90    56    55    45    26   137    33    20    35    95   104    70   165    63    11    52   143    23    31     4    75   172   165    33    50   139   177    40    78    56    40    20    66    30    84    95    16    35   123    13     6    15    71    42   178   130   157   125   162   140    41   141    94   165    23     4    58   154    18    37   128   118   128    72   159    43    38    16   111    53     6    30   125    92   171    99   132   117     5   108    21   112    38    76   152    62    21   120   119   135    59   133    47   176    14    97    26   174   175   119   116   175   142    92    40   172    96    90    24   111    33   121     7   144    53    23   152    97   115    61    89   177   123   133    14    45   148    68    59   146    46    12     2    67   123   132    38   135    61    61   153   105    96    30    67    45    59   171    42    17    40    34    82    86   180    55    69   117    17    31    91   147    98   132   174   127   171   152   170   178   165    55   167   105   173    77   166    67     5    40    69   180    79   144   145    87   180    32   132    22    36     9     9    15   148    17    44   150 
  168   141    71   150    62    29    71    32    43    77    15   100    38   103    48   109    83    88    50   129   175   115   171    61    40    75   107   177    72   101    78   156    43    17     4   179   131    48    91   135   177   149    48    60    90   118    38    33   101   114   146    74    24    51    75    78    13   171   164   162   111    32     4   137   116    32   107    35    59   145   179    92    54   176    75   116   127    18   178   171   167   116    79    16    86    62    66   102    44   167    26   174   169     5   151    95   122    30    14   111   119   153    57   153     2   103    53     7    59    80    56   166   166     6    12   150    35   109     1   146   102   151   131    99   100    77   103    82    26    43    34     6    99   138     1    99   171   158   108   130   160   110   109    50   102   136   110   104   133    90    35   106    67    24   120   162    22   137   150    13   131   126    21     1   177    54     5    76    10   177   153   162   154   118    80    85     5    98    36     6   141   149    68    54    81   148   102     5   170   114    59   112   138   164   173    10    74    53    14   101 
  165     5   113    54   169    52    94    10    15    63   132     8     4    23   118    71    73    14    20    24   168    73   124   180   140    50    53    63    29   132    54   126   177    80    99    41   106     9    22   128    20    35    54   149   138    14   173    47   164   149    48    45   102   130   109    49    80   139    32   122    69   135   109    88   121    80    88     4    32   161    18   100    92   118    25   177   168   106   155    83     9    57   136   179    49   159   159    65   149   141    30    91    37   111    68   131   124   137   130    94    13   174    59   129   179   180    18   102    70    12    39    26   129   162    67   135    85   124   112    46    11   166   119    24   162    28    64   122    82   133    66   124    99     2   153    71    84   164   117   112   161    43   128    81   137   157    18   166   138   160   140    82    90    57    54    24   129    33    81    21    22    37    11   108   176   175    10   121    58   103    46    11   143    44   137   176   129   104    84    35    27    33    34   104   127    76    36    68    91    20    25   104    27   110    74   108   131   106    95    10 
  141   110    21    93   139    93   108   151    44    34    51    33    71   176   113   153   103    13    61    82    91    77    83    15    22     1    94    34    49    31   149    91   116   103   104    94    68    31   166    20   179   119   154    69   130    36    26   107    72    84    27     8    65    66     2    27   157    22    27   131   102   133   132   145   134   109    64   106   133    53    41   162   102   166    71    59    41   138   123   180     7    67   142   149    81    15    49    51   174   145    26   158   174   144   179   145   158   166   100   169    83   163   173    33   150   103   127   107   148   100     2   127   167    60    49    22   160   142   146    27   103   168   158   124    55    20    78   153    24     6    66   165    54   119   150   120   152    10    36   143    50   107   127    85   111    19    87    16    23    76    97   102   159    40   179    26   154    32   117    11     3    15    77   158    63    22    31    25    10    95    45   176    70   164   111   147    11    33    18   116    66   113    75    51   120    16    53   118    53   128   177   128   157    78   124   170    62   173   166   179 
 0.00  0.27  0.33  0.39  0.35  0.20  0.22  0.37  0.29  0.25  0.32  0.23  0.31  0.23  0.29  0.23  0.23  0.27  0.25  0.37 
 0.27  0.00  0.21  0.39  0.35  0.24  0.32  0.35  0.31  0.27  0.23  0.25  0.29  0.39  0.24  0.21  0.40  0.31  0.33  0.23 
 0.33  0.21  0.00  0.30  0.24  0.22  0.22  0.36  0.26  0.25  0.31  0.35  0.30  0.39  0.32  0.36  0.28  0.27  0.26  0.37 
 0.39  0.39  0.30  0.00  0.21  0.40  0.28  0.26  0.21  0.30  0.33  0.36  0.24  0.23  0.26  0.33  0.37  0.32  0.23  0.33 
 0.35  0.35  0.24  0.21  0.00  0.22  0.36  0.29  0.35  0.38  0.34  0.34  0.39  0.20  0.37  0.37  0.27  0.24  0.34  0.20 
 0.20  0.24  0.22  0.40  0.22  0.00  0.32  0.36  0.27  0.22  0.39  0.31  0.26  0.35  0.20  0.26  0.22  0.30  0.28  0.23 
 0.22  0.32  0.22  0.28  0.36  0.32  0.00  0.29  0.36  0.25  0.39  0.39  0.31  0.22  0.27  0.31  0.39  0.25  0.40  0.39 
 0.37  0.35  0.36  0.26  0.29  0.36  0.29  0.00  0.32  0.37  0.29  0.23  0.21  0.22  0.25  0.25  0.22  0.25  0.35  0.37 
 0.29  0.31  0.26  0.21  0.35  0.27  0.36  0.32  0.00  0.23  0.28  0.40  0.23  0.22  0.26  0.33  0.36  0.34  0.34  0.31 
 0.25  0.27  0.25  0.30  0.38  0.22  0.25  0.37  0.23  0.00  0.23  0.38  0.22  0.24  0.23  0.35  0.30  0.32  0.30  0.39 
 0.32  0.23  0.31  0.33  0.34  0.39  0.39  0.29  0.28  0.23  0.00  0.22  0.40  0.30  0.33  0.38  0.38  0.29  0.27  0.38 
 0.23  0.25  0.35  0.36  0.34  0.31  0.39  0.23  0.40  0.38  0.22  0.00  0.39  0.31  0.33  0.38  0.34  0.24  0.28  0.22 
 0.31  0.29  0.30  0.24  0.39  0.26  0.31  0.21  0.23  0.22  0.40  0.39  0.00  0.30  0.30  0.39  0.37  0.30  0.30  0.28 
 0.23  0.39  0.39  0.23  0.20  0.35  0.22  0.22  0.22  0.24  0.30  0.31  0.30  0.00  0.27  0.33  0.39  0.37  0.23  0.29 
 0.29  0.24  0.32  0.26  0.37  0.20  0.27  0.25  0.26  0.23  0.33  0.33  0.30  0.27  0.00  0.33  0.27  0.22  0.23  0.27 
 0.23  0.21  0.36  0.33  0.37  0.26  0.31  0.25  0.33  0.35  0.38  0.38  0.39  0.33  0.33  0.00  0.35  0.29  0.34  0.24 
 0.23  0.40  0.28  0.37  0.27  0.22  0.39  0.22  0.36  0.30  0.38  0.34  0.37  0.39  0.27  0.35  0.00  0.40  0.31  0.23 
 0.27  0.31  0.27  0.32  0.24  0.30  0.25  0.25  0.34  0.32  0.29  0.24  0.30  0.37  0.22  0.29  0.40  0.00  0.32  0.27 
 0.25  0.33  0.26  0.23  0.34  0.28  0.40  0.35  0.34  0.30  0.27  0.28  0.30  0.23  0.23  0.34  0.31  0.32  0.00  0.35 
 0.37  0.23  0.37  0.33  0.20  0.23  0.39  0.37  0.31  0.39  0.38  0.22  0.28  0.29  0.27  0.24  0.23  0.27  0.35  0.00 
