80 12
15
23322
21761
22826
22167
21808
23577
22411
21675
22651
24769
23609
23979
23504
23134
22741
2.9 57.3 18.4 2
1.2 34.4 64.1 2
2.1 58.4 36.8 1.5
4.7 39.1 42.6 2.2
1 73.9 42.4 1.6
2.1 74.3 88.6 2.4
4.8 43.9 22.3 2.2
1.7 73.6 7.7 2.2
1.5 59.1 49.9 2.2
1.8 28.4 52.7 2
2.2 35.6 61.4 2.1
2.6 53.9 77.3 2.2
2.7 25 31.7 1.6
3.7 57.9 85.6 2.1
2.9 31.1 29.7 2.3
1.4 66.7 35.9 1.9
1.4 67.6 40.8 2.2
1.5 34.2 83 1.7
2.9 69.5 9.3 1.7
4.6 56.9 84.4 2.1
2.7 67.6 83.2 2.3
4 29.8 87.2 2.2
4.1 57.8 93.2 2.3
2 46.4 65.2 2.4
4.6 15.2 84.7 2.2
4.8 48.6 72.3 2.1
2.3 40.3 73.8 1.9
4.2 44.9 60.6 2.2
4.1 60.5 73.4 2.1
2.3 46.3 82.2 2
3.9 24.8 30.1 2
3.6 55 38.8 1.8
2.7 51.6 42 2
3.1 59.4 92.5 2.4
2.9 36.5 54.1 2
3.4 31.2 10.4 2.2
1.8 68.7 84.8 1.7
2.5 61.5 32.6 2.3
3.3 46.1 41 2.4
2.9 16.1 39.5 1.5
4.2 27.4 31.9 1.5
2.7 39.2 51 2.1
2.2 48 19 2.2
3.2 30.7 51.7 1.9
1.9 62.6 91.3 2.2
1 44.7 60.5 2.2
4.7 44.7 35.6 1.5
4.4 18.5 23.6 2.4
2.4 50.8 77.9 2.4
4.4 40.5 9.3 1.9
2.3 47 30.6 2.2
4.5 55.8 31.9 1.6
2.6 24.4 58.2 1.5
4.2 21.4 30.7 2.3
2.6 67.5 53.8 2
4.6 65.3 34 1.7
3.9 60.3 60.9 1.7
2.3 33.5 67.9 1.9
1 69.2 48.7 1.8
1 72.8 7.2 2.4
1.3 74 45.8 1.7
4.7 66.4 8.4 1.8
3.2 49.4 22.6 2.3
3.9 30.4 22.4 1.6
4.3 56.1 44.6 1.6
4.3 54 14.4 2.3
1.7 46.9 88.8 2.3
3.7 59.5 66.7 2.2
4 47.1 23.4 2.5
3.9 48 81.6 2.1
4.3 19.9 33.6 2.1
1.1 57.5 94.5 1.8
3.6 21.2 44.3 2
3.6 39.5 13.2 1.8
2.7 16.6 63.8 2.3
3.8 19.6 44.5 1.6
2.5 71.1 30.9 2.2
2.9 62.7 30.7 2.3
1.2 18.2 73.4 1.7
1.1 52 88.6 1.6
1.2 46.3 70.9 1.7
1.3 75 50.2 1.7
2.6 17.7 77.5 2.3
1.1 69.2 38.4 1.7
2.3 69.9 59.8 2.4
4 56.8 35.8 2.2
3.1 72.6 16.6 1.8
1.6 63.5 28 2.1
4.4 41.7 84.9 2
2.1 53.4 46.4 2.3
2.7 20.6 36.3 1.7
3.2 59.9 52.7 1.9
3.6 37 40.9 1.5
3.1 52 21.6 1.7
2.9 51.9 18.7 2.3
2.7 34.1 76.4 1.8
3.3 28.7 20.5 2
5 43.8 51.5 1.6
3 17.9 38.8 1.6
3 46.9 89.5 1.6
2.9 20.3 70.4 2
1.7 25.4 69.1 1.5
1.5 68.4 7.6 2
3.1 68.3 46 1.9
3.3 46.5 75.7 2
2.7 62.2 37.2 2.1
3.8 65.7 39.1 2.3
2.2 26.1 18.9 2.1
1.2 62.2 77.7 1.5
2.4 30.2 48.3 2.5
1.5 35.7 43.7 2.3
1.9 66 43.6 1.7
3.3 72.5 90.3 1.8
2.2 34.8 73.1 2.1
3.3 29.8 58.4 2.4
1.4 55.5 81.8 1.9
4.5 47.6 71.5 1.9
2.8 57.9 52.6 1.9
4.6 73.4 44.7 2.5
4.3 67.1 70.8 2.4
1.1 67 81.8 1.6
1 21.8 86.9 1.6
5 75 79.8 2
4 30.4 11.2 2.4
2.4 34.6 28 1.5
2.6 30.2 13.5 1.7
4.1 36.8 23.5 2.1
1.7 25.6 7.5 2.4
1.9 52.4 5.9 2.4
4.4 62.9 56.5 1.6
4.8 27.4 59.9 1.9
3 71.8 30.5 2
1 74.3 83.9 2
3.2 62.3 49.2 2.3
3.1 41.1 40.4 2.2
2.4 40.5 45.1 2
2.2 19.5 13.4 1.8
2.3 50.9 88.1 2.2
3.2 25.9 28.4 2.2
1.7 34.2 6.8 1.7
4.4 26.6 16.2 1.5
1.4 71.4 14.6 2.5
2.1 36 57.6 2.5
2.7 50.2 64.3 1.5
2 51.5 22.6 2.3
4.2 20.4 7.6 2.5
4.3 73.7 32.2 2.4
3.8 49.8 6.3 2.5
4 25.3 62.6 1.8
1.6 18 34.7 1.7
3.3 41.7 87.4 1.7
4.3 30.7 94.9 1.7
3.8 72 14.3 1.7
2.6 29.4 80.4 2.5
3.1 36.2 5.4 2.1
1.8 56.8 56.5 2.5
1.2 68.1 71.1 1.7
3.1 40.6 7.9 1.5
4.1 71.3 71 1.7
4.1 29.6 76.1 1.9
2.2 55.6 25.5 1.8
2 45.8 67.5 2
2.1 73.4 22.7 1.9
2.2 17.6 82.4 2.3
4.4 25.3 75.7 2
4 52.2 31.1 1.7
1.4 39.8 72.1 2.2
2.2 38.4 70.1 2.2
4.6 17.2 75.1 2.2
4.5 47.5 77.2 1.8
3 23.6 14.1 1.5
4.6 51.7 12.9 2.1
4.9 70.2 88.3 1.7
4.6 23.1 72.6 1.7
4.9 58.3 62.5 2.1
1.8 58.6 28 2.1
3.9 33.5 36 2.4
1.2 45.3 36.2 1.6
4.5 40.6 34.8 2.3
4.2 62.5 38 2
4.3 32.7 39.6 2.1
2.6 33.4 46.4 2
3.9 50.8 17.7 1.6
3.4 56.2 58.6 1.9
1.1 17.7 90.1 2.3
3.5 54.4 9.7 1.5
1.9 68.4 43.1 1.8
3.1 60.8 56.6 2.5
1.2 49.9 16.1 1.9
2.6 63 39 2.2
2.3 35.9 47.8 1.8
2.5 17.7 82.7 1.8
2.2 62.7 56.7 1.5
1.2 52.6 85.8 1.9
4.1 24.5 74 2.3
1.8 43.1 48.2 2.4
2.5 59 44.6 2.2
5 43.3 23.1 2.5
4.4 29 16.2 1.6
1.6 63.1 66.4 1.6
3.4 73.7 94.1 2.4
3 44.3 31 1.8
4.9 47.6 17.9 2.3
2.1 41.6 84.9 2
1.1 22 51.9 1.5
2.6 66.8 8.2 1.7
3.3 69.3 69.3 2.1
2.8 37.5 64.4 1.8
1.8 32.9 44.5 1.9
3.7 72.6 5.1 1.9
1 36.9 10.7 1.9
2.4 30.7 20.6 2.2
2.3 70.6 21.1 2.4
2.2 30.3 50.6 1.6
2.7 27.4 69.2 2.4
1.3 29.8 55.1 2.3
4.6 71.8 45.7 1.8
1.6 45.6 11.6 2.2
4.5 51.1 33.4 1.8
3.5 63.1 41.8 2.1
4.2 73.6 26.8 1.6
3.8 33.8 36.6 2.1
2.6 29.7 39 1.7
1.3 48.5 60.2 2.1
4.2 53.9 48.3 2
4.7 70 33.5 1.8
3 57.9 44.3 1.9
3.3 51.5 12.4 2.3
1.4 67.8 25 1.7
3 57.7 84.2 2.5
1.4 52.4 16.5 2
2.9 42.8 8.8 2.5
2.1 46.4 63.3 2
3.4 65.9 16.8 2
1 51.7 41.9 1.8
4.2 23.6 91.9 1.9
2.2 30.2 93 1.9
3.3 37.8 61 2.4
2.6 36.9 34.1 2
2.3 48.3 75 2
1.7 19.8 74.2 2.2
2.9 68.8 52.6 2.3
1.3 37.5 7.1 1.9
2.2 57.6 53.1 2.3
3.4 71.9 85.3 1.7
2.6 35.6 35.7 1.7
4.7 30.3 63 2.4
1.4 66 21.6 2.2
4.2 70.5 73.9 1.8
4.5 49.3 89.1 1.9
4.8 27 42.3 2
3.1 50.3 64.2 1.6
1.4 66.5 30.1 2.2
1.2 20.2 56.9 1.7
1.3 16.3 16.8 2.3
4.2 33.5 91.4 2.2
4.5 19.6 77.8 1.8
1.3 47.3 30.6 2.1
1.6 70 80.6 2
1 30.6 7.9 2.1
4.4 44.8 9.9 1.7
1.6 20.5 12.3 1.9
3.2 53.8 70.7 1.6
1.2 56.6 30.1 1.6
4.6 33.7 84.4 1.5
1.4 43.2 94 2.1
2.6 57.8 79.7 1.8
2.8 16.7 86.4 1.7
2.3 50.1 39.4 2.4
4.2 21.8 89.1 2.3
3 42.9 75.9 1.9
2.3 74 72.3 2.5
1.7 21.3 65.4 2.5
1.9 70 62.6 2.3
2.5 39.5 64.8 2.2
2.9 20.1 52.7 1.8
4.7 19.5 10.4 1.6
4.7 24 45.3 1.7
2.6 72 12.4 2
2.6 72.4 34.9 2.2
1.4 57.9 10.9 2
3.8 63.9 59.3 2.4
4.7 27.7 15.8 2.5
3.6 41.6 94.9 2.3
4.2 30.3 73.4 2.4
4.3 17.3 41.6 1.8
4.7 40.4 48.7 2.3
4.7 63.4 7.9 1.5
4 61.7 13.2 1.6
3.8 39.9 71.1 1.6
2.6 27 76.6 1.8
4.7 63.2 19.7 2.1
1.3 29.1 68.8 2.1
1.4 57.8 48.9 2.3
3.8 41.3 42.2 1.6
1 26.9 10.8 2.5
1.4 48.3 24.4 2.5
3 32.4 89.4 2.5
4.8 53.7 40.5 1.7
4.2 50 14.4 2.3
3 31.4 21.7 2.2
3.4 40.9 5.8 2.1
3.2 19.3 37.3 1.8
1.4 58.4 42.8 2.1
3.6 41.5 80.4 1.6
2.1 40.7 65.4 2.3
2.1 66.4 30.3 2.1
1.2 32.2 74.4 2.5
1.8 23.9 63.4 1.8
2 17.5 29.3 2.4
1.8 64.1 23.8 2.1
4.2 37.2 81.9 2.4
1.3 17.3 15.4 2.3
4.4 49.6 80.1 1.8
4.7 58.7 73.6 1.7
4.9 46.2 15.5 2.4
1.7 61 7.2 2.2
2.4 55.8 17.1 2
2.7 71.6 84.8 2
2 53.2 43.2 2.1
4 67.2 92.8 2.2
3 51.9 73 2.2
4.5 47.9 43.3 2
2.8 65.6 26.1 2.2
1.5 39.6 32.9 2.5
1.6 26.8 13.5 2.1
2.2 58.4 42.4 2.4
1.8 29.1 92.1 2
2.4 18.4 93 1.8
1.9 53.3 88.3 2
1.1 74.5 37.9 2.2
3.5 33.8 61.2 2.1
2.5 74.9 59.6 2.1
3.9 50.2 88.9 2.2
1.4 22.2 13.7 1.7
1.2 27.9 63.1 2.1
4.1 67.1 26.2 2.4
4.2 38.7 50.7 1.8
1.5 31.4 84.3 2.5
1.6 54.7 64.5 2.1
1.6 53.4 57.8 1.9
4.8 57.4 90 1.8
2.8 37.7 26.6 2.4
4.9 70.7 17.3 1.5
1.4 66.9 5.9 2.4
1.7 30.9 36.2 2.1
1.8 73.4 32.5 2.5
2.7 15.7 44.6 2.5
2.8 64.7 31.3 1.9
4.8 64.4 64.4 1.8
4.8 58.6 87.6 2.3
2.4 26.2 60.6 1.6
1.2 17.5 9 2.2
1.6 35.5 82.8 1.7
4.9 22.7 33.2 2
1.2 64.3 77.8 1.7
2 32.5 79.3 1.7
2.3 61.6 77.5 2.4
1.4 66.6 13.9 2.5
3.5 65.3 70.7 2.2
1.6 22.5 45.1 1.6
4.6 65.2 90.8 2.1
3.6 58.4 54.8 1.7
4.6 31.8 75.7 2.4
1.1 21.1 76.1 1.7
2.6 20.9 25 1.6
2.5 49.2 8.9 1.5
3.6 42.4 47.2 2.4
4.4 40.4 37.1 1.8
1.3 67.4 64.2 1.8
1.4 40.8 50.5 1.8
2.1 17.8 19.6 1.5
2.2 46.4 62.5 1.5
3.7 16.1 57.1 2.4
4.1 60.6 66.8 2.1
5 49.5 78.7 2
3 59 91.6 2.3
1.8 22.7 25.5 2.1
1.6 45.5 52.9 2.4
2.2 71.9 87.6 2.3
3.5 72.9 58.8 1.9
4.2 44.9 8.2 1.8
4.5 39.5 23.3 1.7
2.4 18.9 15.4 2.3
3.1 19.1 56.8 1.9
4.3 28.3 24.8 2
3 42 53.9 1.8
1.3 37.5 87.3 1.7
2.1 45.2 12.5 2.3
1.7 59.6 64.7 1.8
3.9 38.8 43.4 2.1
3.1 73.5 39.4 1.8
3.8 65.5 12.1 1.7
4.1 58.9 78.1 2.5
1.3 38 55 2.1
2.5 51.9 78.6 1.7
1.1 32.7 94.5 2
4.4 70.7 29 2
3.7 19.7 88.6 1.7
2.3 46.9 12.6 2.1
2.9 35 14.7 2.1
2.7 49.6 79.1 2.4
1.8 63 85.1 2.4
3.7 53.8 84.2 1.9
3.8 51.5 74.6 1.9
2.6 30.2 7.1 2.3
2.7 31.2 83.8 2.3
4.4 59.7 63.2 2.5
4.1 64.3 93.3 1.7
2.1 38.7 66.8 1.6
4.7 74.6 88.4 2.4
1.4 15 59.4 1.9
4.4 43.5 16 2.4
3.7 46 40.2 1.7
2.1 35.8 84.3 1.5
1.5 50.1 40.9 2.5
1.1 40.1 14.7 1.9
1.6 73 46.8 1.9
4.5 22.4 72.7 2.2
4.5 37.8 78.5 2
3.2 16 37.8 1.6
2.3 45.6 84.4 2.4
3.7 61.3 54.1 2.3
2.8 24.5 26.2 1.6
3.5 59.8 94.5 1.7
2.6 32.3 51.7 1.8
4 20 26.5 2.2
4.8 19.8 15.1 2.2
4.8 31 47 2.4
3.4 61.7 81.7 1.6
1.9 18.4 15.5 2
3.2 70.4 67.3 1.8
3.1 75 37.5 1.6
3.7 44.9 37.4 2.1
3.4 38.5 42.2 1.9
4.1 16.8 84.4 2.2
1.9 32.4 86.4 2.3
2.7 54 31.8 2.3
1.3 55.3 92.8 1.8
1.7 35.3 91.6 2.2
4.5 68.5 24.1 1.8
1.7 31.2 15.8 1.6
2.5 36.9 74.5 1.9
1.8 63.1 40.3 2.1
2 20.6 45.2 2.4
2.1 47.3 42.1 1.5
3.5 38.2 25.9 1.9
3.8 59.3 50.2 1.6
1 64.4 51.7 2.4
4.1 57.8 6.6 2.3
1.3 68.7 76 2
2.8 43.5 18.9 2.2
3.2 23.6 74.1 2.4
1.1 57.5 16.1 2
3.8 58.9 6.6 2.1
2 39 45.2 2.2
4 42.9 75.6 2.3
2.3 72 81.6 2.2
3.5 69 75 2
2.4 30.2 49.1 2
3 28.8 71.8 2.4
4.9 32 16 1.9
3.5 27.7 42.4 2.2
1.4 51.9 46.7 2.2
3.7 74.1 14.6 2.5
3.4 73.3 55.4 1.5
5 60.3 42.6 1.8
4 28.2 48.5 2.1
2.9 39.5 12.2 1.8
2.3 48.8 74.6 2.2
1.2 32.4 91.1 2.2
1 47.6 8.9 2.4
4.1 68.5 25.6 2
3.4 42.6 5.3 2.3
2.9 48.3 92.1 2.3
2.3 49.3 50.1 1.9
2.7 60.2 58.5 1.9
3.3 35.1 17.4 2
3.1 64.1 33.8 1.5
3.5 34.4 53.7 2
1.4 50.2 42.5 2.3
1.6 29.9 61.9 1.7
2.6 30.4 56.3 2.3
1.9 54.5 48.8 1.7
4.3 16.6 41.5 2.4
1.2 58.8 89.4 1.6
5 49.6 74.5 1.8
2 47.9 93.4 1.6
4.7 52.8 55.1 1.8
4.4 40.8 21.6 2.3
1.3 15.6 17.4 2.5
1.2 67.7 33.3 2.3
4.8 52.3 68.2 2.3
4.5 74.7 45.9 1.9
4.3 19.7 64.2 2.2
1.7 70.4 90.2 2.3
1.6 19.1 57.9 1.5
4.8 17.7 86.8 2
3.3 18.5 90.6 2.4
3.1 20.9 55.5 2.2
4.3 36.1 5.2 2.3
2.5 40.3 51.6 2.3
2.2 17.6 26.1 1.6
2.3 55.7 46.4 2.4
1.9 29.7 78 2.3
3.6 33.1 9.2 2.1
2.8 50.5 16.5 1.9
1.4 67.1 93.4 1.8
2.2 65.8 83.2 1.8
1.2 70 55.7 2.1
3.5 24.7 89.2 2.3
1.6 15 14.1 1.8
3.8 68.4 50.2 2.3
3.8 42.3 47.6 1.6
1 21.7 91.6 2
1.6 32.8 60.9 2.5
4.5 44.9 91.1 2.3
4.4 52.1 42.9 2.4
2.3 33.5 90.7 1.5
1.3 35.8 78.7 2.3
2.4 23.2 93.8 2.2
4.9 22.8 94.9 2.2
1.1 18 40.1 1.8
4.9 65.5 62.3 1.9
4.7 27.6 61.9 1.7
2.2 25.3 90.7 1.8
1 31.2 88.4 2.5
4.3 25.6 87.8 1.6
4.9 68.6 56.7 2.4
4.5 61.4 61.8 1.7
1.4 30.5 92.3 2
4.9 30.8 11.9 1.7
3.5 71.7 13.8 2.3
3.7 71.3 61.5 2.1
2.5 58.7 67.2 1.8
1.4 55.1 91.7 1.8
1.9 59.8 39.7 1.7
3.2 30.2 7.5 2.4
1.7 54.9 77.9 2.1
2.7 67.9 43.2 1.9
4.5 17.6 32 2.5
1.3 67.3 82.4 2.4
3.6 71.1 52.3 2.4
1.2 66.3 94.8 2.2
3.2 60.1 17.7 2.2
1.2 22.1 73.2 2.3
3.5 35.2 50.2 2.2
4.7 53.1 75.4 2.4
4.8 49.8 74.2 2.3
2.2 32.8 27.2 2.4
3.3 37.5 43.6 2.3
1.8 29.6 87 1.7
2.8 43.6 51.6 2
2.2 37.3 47.6 2.1
4.5 43.7 14.5 1.9
2.4 51.2 42.8 2.4
4.2 26.5 36.9 2.3
3.5 64.3 33.4 2.2
4.2 66.6 89.9 1.5
1.3 28.6 38 1.6
2.7 31.5 23.1 1.5
3.8 43.7 69.6 2.1
4.2 30.5 83.8 2.5
4.9 73.9 63 2.2
1.5 74.5 15.6 2.3
1.5 17.5 32.4 1.8
1.4 40.3 7.4 1.8
1.2 61.5 91.7 2.3
1.1 21.9 67.1 2
4.1 60.1 16.1 1.5
4.6 68.3 66.1 2.3
4.3 74.1 85.5 2.2
3.2 20.6 13.6 2.3
4.2 58.4 6.7 1.8
1.9 53 83.7 2.3
2.7 26.5 18.6 2
4.8 26.8 13.7 1.5
1.2 39.9 20.2 2.2
3.8 71.6 28.8 1.8
3 59.7 62.8 2.4
1.9 47.7 12.8 2.4
1.8 56.3 22.3 1.9
4.3 22.5 30.4 2
3.9 55.1 22.1 2.3
1.1 50.1 90.8 2
3.8 40.2 63.4 2.2
4 68.1 20.4 2
1.2 72.6 27.3 1.5
3.8 55.2 49.2 2.1
1.3 61.8 58.6 1.6
3.4 29.6 92.7 2.4
3.3 34.7 21 2
1.5 43.3 35.6 2.4
1.8 71.1 56.7 1.7
2.5 52.5 48.3 2.3
1.5 45.1 35 2.4
2.3 73.3 62.5 1.9
4.9 19.3 87 2.4
2 60.1 68.1 1.7
3.9 53.8 7.3 1.7
1.3 55.8 49.5 2.4
2.2 61.6 19.2 2.3
4.9 51.2 79.5 1.9
2.4 47.3 76.9 2.1
1.1 67.4 87.9 2.3
1.9 39.7 79.9 2.3
3.7 64.8 16.9 2.3
3.2 20.6 35.4 2.1
4.7 27.7 79.3 2.2
1.6 32.5 90.5 1.8
1.9 26.1 7.5 1.7
4.1 43.3 84.7 2.1
4.2 31.2 35.4 2.4
1 54.4 90.8 1.7
2.3 34 25.3 1.9
1.8 47.6 67.1 1.7
4.2 67.5 13.9 1.8
2 34.4 76.8 1.6
3.2 34.8 59.8 2.2
2.6 18.6 32.2 1.7
1.4 72.3 56 1.8
1.2 36.2 60.3 2
2.4 67.6 81.8 2.4
4.2 67.7 54.9 2
1.8 74.8 26.3 2
1.2 40.4 26.6 2.4
4.2 70.1 65.3 1.9
3.5 39 21.6 1.7
2.2 41.2 22.6 2.4
2 55.8 21.1 2.1
1.5 44.6 46.4 1.6
4.7 56.1 22.6 2.4
2.7 62.7 49.2 1.9
4.4 37.2 47.3 2
1.9 53.7 74.3 1.9
3.3 63.7 64.5 2
2.7 52.5 60.9 1.9
1.3 54 88.6 2.2
4 18 45.3 1.6
2.3 25.7 35.6 1.8
3.9 59 69.5 1.6
1.9 48.4 81.6 1.9
2.8 32.8 29.4 2.1
2 61.1 19.1 1.6
4.9 31.2 14 1.6
1.6 51.6 53.5 1.9
3.4 42.8 17.8 1.7
2.1 52.7 24.6 2.4
2 24.9 71.4 2
2.7 68.1 53.5 1.6
3.1 50.2 64.8 2.5
2.9 48.5 39.2 2.2
1.1 34.2 81.7 2.1
3.2 73.4 67.6 2
1.5 35.8 83.1 1.9
4 17.1 61.9 2
4.3 56.5 45.9 2.2
3.9 40.6 12.8 1.8
4.1 65.9 21 1.6
4.1 45 11.7 2.2
3.4 20.5 37.3 1.9
3.5 62.5 55.3 1.8
2.3 68.9 25.9 2
3.7 18.2 8.2 1.8
2.9 62.3 7.5 2.1
4.3 69.7 48.1 2.3
3.5 21.7 5 2.4
1.9 28.1 84.5 1.9
3.9 16.8 69.7 2.3
3.3 57.5 48.5 2.2
3.6 63.2 34.5 2.3
3.9 42.2 67.3 2.3
4.6 42.5 53.9 1.9
2.3 74.5 71.6 2.3
4.2 55.9 26.9 2
4.6 47.4 82.1 2.3
1.5 23.9 90.8 1.7
3.6 27.8 50.7 1.7
4.3 54 73.2 2.1
2.3 54.9 6.4 2.3
4.1 58.2 93.8 2.5
1.8 70.2 57.9 2.2
1.5 61.7 16.6 2.3
2 33.5 25.7 1.6
3.9 29.5 90.3 2
2.6 57.5 49.6 1.6
2 68.4 56.8 2.3
4.3 52.8 48.8 1.7
3.1 41.2 64.6 2
4 39.2 25.1 1.6
3.1 29.9 87.9 2.3
1.2 54.1 21.9 1.8
1.7 53.2 38.1 1.6
3.4 15.3 81.2 1.6
3.8 48.5 53.2 2
1.5 57 32.4 1.8
3.6 25.7 10.3 1.7
1.2 40 62 2.2
1.2 26.7 73.8 1.7
1.8 21.4 30.8 2.2
2.8 34.8 24.7 2.3
2.1 33.6 71.5 2.1
5 36.2 79.4 1.7
4.5 27.9 36.8 1.6
2.8 32.1 36.2 2.3
2.1 51.8 79.1 2.2
4 29.5 83.1 1.6
1.6 64.5 79.2 2
1.6 31.1 15.7 2.3
2.1 50.5 48.2 1.5
3.7 70.2 57.8 1.7
4.5 43 49.9 1.9
1.6 42.4 34.7 2.5
4.5 28.5 60.3 2.3
1.7 56.6 80.1 2.1
4.7 24.3 6.4 1.7
3.6 73.9 91.9 1.7
3 50 92 2.1
3.3 62.8 42.9 2.5
1.6 41.1 91.5 2.3
3.4 51.7 48.9 2.1
2.8 31.2 61.9 1.9
2.1 70 61.8 2
3 68.1 16.8 1.9
4.8 39 25.1 1.8
3.5 35.3 83.6 2.4
1.3 44.3 69.1 2.2
1.8 29.2 46.6 2.4
2.8 32 63.4 1.8
4.7 15.5 53.4 1.7
4.9 35.5 90.8 2.1
3.8 21.7 79 1.6
4.3 54.9 12.5 1.9
4 55.3 32.3 2
1.8 30.8 32.2 2.4
3.6 36.6 74.8 1.6
2.3 62.7 28 2.2
4.1 73.4 56.6 2.1
4.4 54.8 34.5 2.4
4.8 61.2 28.1 2.1
3.7 49.1 72.2 1.9
4.2 45.9 49.7 1.7
3.6 53.1 28.1 2.5
4.7 66 18.9 1.8
3.1 44.6 80.2 2.2
3.4 62.8 35.5 1.7
4 63.9 65.1 1.9
4.8 37.6 71.5 1.7
2.3 59 26.5 1.6
2.8 52.8 51.6 2.3
3.8 65.1 9.5 2.3
3.6 38.2 92.1 2.2
3.8 53.6 80.4 2.1
3.6 60.3 35 1.7
3.8 57.5 47.9 2
4.5 41.2 71.4 1.6
3.2 71.8 38.9 1.8
4.3 21.8 34.6 2
1.1 33.2 70.5 1.7
2.2 30.6 88 2
3.9 56 84.6 2.2
1.9 28.1 5.2 1.9
1.1 45.8 62.5 2.2
2.1 16.8 90.4 2
4.5 22.7 85.2 1.8
3.2 19.5 65.8 1.8
4.7 64.9 20.1 1.8
4.9 27.5 6.1 2.2
1.5 48.4 12.1 2.2
2.8 39.1 78.3 2.1
3.3 19.3 90.8 1.9
3.9 28.2 19.7 2.4
3 65.3 31.3 1.6
3.1 37.5 54.2 1.8
3.5 22.8 81.9 2.1
1.6 66.1 92.8 2.4
1 55.2 12.8 2.3
2.1 51.8 83.8 1.9
1.8 60.6 12.1 2
3.1 52.3 94.5 1.7
4.2 28.7 15.2 2
3.4 34.1 93 2.3
4.7 15 60.3 1.5
4.2 26.8 82.4 2.3
2.4 26.5 88.2 1.9
4.9 61.2 40.7 1.8
4.1 64.8 73.8 2.1
3 51.1 86.2 2.4
3.8 46.6 11.3 2.3
3.5 69 33.8 2.2
1.3 37.8 70.4 2
2.8 72.2 48 1.9
4.5 35.8 82.3 1.8
3.7 39.8 63.2 1.8
2.9 74.3 69.6 1.8
4.2 70.1 56.9 2.2
3.8 71.7 82.9 2.4
3.2 51.2 49.3 2.1
2.2 56.5 22.8 1.9
4.2 36.4 49.7 1.7
3.5 46.4 28.6 1.8
4.3 22.3 64.2 2.2
1.8 39.3 76.5 2
4.3 16.3 64.6 2.5
2.6 20.8 48.9 1.9
4.7 58.7 48.2 1.7
1.8 61.8 38.8 2.4
3.3 48 32.6 1.7
2.3 16 48.6 2.1
4.7 74.7 37.1 1.7
3.1 63.3 44.6 1.7
3.5 24.2 87.6 2.3
4 43.3 39.3 2.4
1.4 57.1 32.7 1.6
4 45.3 86.5 2.2
1.9 59.3 83.7 2.1
2.2 51.9 86 2.2
4.7 41.9 54.6 2.5
4.2 18.7 92.9 1.6
3.2 24.9 39.1 1.8
1 50.1 33.1 1.7
3.5 62.4 48.4 2.2
3.9 63.8 92.9 1.7
1.7 61.7 28.5 1.6
4.6 41.6 66 2.3
4 46.4 54.6 2.3
2 68.3 85.9 2.4
2.4 62.7 24.9 1.5
2.3 70.5 82.9 2.1
2.5 71.7 41.3 2
2.7 39.2 7.6 2.3
3.8 15 54.2 2.4
4.5 34.2 77.1 2.1
1.2 71.5 74.9 1.5
3.2 62 75.5 2
2.5 72.5 61.7 2.1
4.1 52.5 75.8 2.3
2.5 36.3 90.6 2
4.1 15.4 28 1.8
4.5 19.4 89.2 1.6
1.4 17.1 33.9 2
2.7 42.8 83.1 2.5
3.9 53.3 7.6 2.2
3.5 47.6 66.5 2.4
4.9 33 50.5 1.6
2.6 17 74.3 1.7
3 59.9 75 2
1.3 40.7 73.5 1.8
3 45 14.5 2.2
3 74.9 91.1 2.1
1.2 46.8 52.3 1.7
4.8 48.1 8.5 2.2
3.3 44.6 63.2 2.4
1.8 51.6 52 2.1
3 65.5 21.8 2.1
5 62.6 86.2 1.7
3.5 17.5 54.2 2.3
1.2 15.6 12.8 2
1.4 57 74.3 1.7
3.9 20.2 38.4 1.6
2 39 60.8 2.1
3.4 65 91.5 1.9
4.9 41 86.1 2.1
3.1 44.6 59.4 2
4.8 36.3 28.4 2.3
3.2 65.8 33 2.4
1.6 21.4 74.8 2.5
2.6 59.5 42.7 2.1
3.7 31.7 51.6 1.7
3.7 61.7 26.2 1.8
2.6 66.8 34.7 1.9
4.8 59.9 45.6 1.9
2.2 25.9 42.2 2.3
3.8 48.8 17.3 2
4.3 31.2 18.7 1.8
4.5 61.8 91.8 1.6
2.6 32.5 6.3 1.8
4.7 68.4 90.9 2
2.9 60.2 39.1 1.8
1 61.1 42.1 1.9
4 30.6 6.7 2.3
2.8 65.7 60.4 2.4
1.5 59.6 77.6 2.5
1 15.1 13.6 2.4
3.5 46.4 83 1.8
1 57.2 6.3 1.7
1.7 68.6 66.5 2.5
1.8 33.3 71 1.7
3 62.2 10 1.9
3 69.9 53.9 2.2
4.1 23.2 38 2.2
3 26.9 72 2.4
4.1 35.3 89.6 1.6
2.8 63.2 17 1.9
3.5 22.6 66.9 1.8
1.8 28.3 35.5 2.1
4.4 26 18.9 1.6
1.6 41.5 43.3 1.5
4.1 52.1 33.5 1.9
4.8 55.7 71.5 2.1
2.7 68.1 34.8 1.9
1.5 31.4 50.3 1.8
3.7 42.8 92.9 1.5
1.7 38.4 73.5 1.6
2.7 63.5 10.4 2.3
3.7 39.6 78.6 2
4.5 43.7 52.1 1.8
1.1 65.2 5.5 2.3
2 55.6 49.3 1.5
4.7 69.3 44.6 2.3
4 33.5 75 1.7
3.2 49.6 74 2
4.2 37 25.4 1.9
2.1 55 15 1.5
1.5 33.2 76.1 2.4
2.8 59.6 7 2.4
2.1 27.7 50.5 2
4.8 62 43.5 1.5
2.7 38.9 94.7 1.6
1.6 37.1 67.2 1.5
2.5 40.2 89.5 1.6
2 59.1 37.8 2.2
4.3 42.6 58.7 2.1
2.5 32.9 48 1.5
2.1 61 44 1.5
2.2 34.7 91.1 1.7
2 60.9 41.8 1.9
4.7 34.2 64 2.1
4.3 32.7 21.4 2
2.5 72.8 46.2 1.6
5 42.6 46.8 2.2
4.2 48.9 65.2 1.6
4.5 19.1 44.6 1.9
2.3 66.5 10.9 1.6
3.9 61.1 71.9 1.7
1.4 35.3 69.9 2.2
2.7 41.2 5.2 2
3.8 72.3 12.7 1.5
2.8 47 35.6 2.2
4.8 23.1 60.6 1.7
2.6 42.2 78.9 1.8
2 29.1 52.8 2.5
3.5 15.1 39 1.8
3.4 65.9 21.7 2.1
1.3 59 11 2.1
1 68.6 73.2 1.5
4.1 62.5 19 2.2
3.4 54.7 80.7 2.2
3.9 46.6 71.3 1.6
4.3 65.6 24 1.7
4.5 47.1 84.6 1.5
4 65.1 17.1 2.3
3.5 25.9 69.1 2.3
2.5 63 11.8 2.3
2 54.1 29.1 2.2
4.1 62.8 52.6 2.2
4.6 62 51.6 2.4
3 45.1 78.4 1.9
4 63.4 45.3 2.3
4.7 54.1 22.2 1.7
1.3 66.5 40.7 1.9
2.7 69.4 52.8 2.5
4.4 56.3 45.9 2.1
1.9 49 33 1.9
3.7 72 64.3 1.7
1.2 57.7 67.2 1.9
1.7 46.3 76.8 2.4
3.5 73.3 43.1 1.6
2.6 61.6 61.7 2
2.7 34.4 24.5 1.9
3.4 56.9 48.9 2.1
3.1 57.6 83.1 2.4
3.6 39.4 87.3 1.8
3.8 39.1 66.8 2
1.4 62.5 69.9 2.4
2.8 39.1 64.6 2
3.3 52.2 39.3 2.1
3.1 15.5 82.3 1.9
2 36.9 56.3 2
4.4 21.2 75.2 1.8
1.8 26.3 90.7 1.5
3.6 68.6 42.5 1.6
1.9 48.4 67.5 2.3
1.9 56.2 43 2
2.9 51.7 46.5 2
4.8 44.8 66.7 2.1
1.3 70.4 80.8 2.3
2.3 16.7 77.3 1.7
4.1 53.6 73.8 2.2
1.9 68.9 26.5 2.3
2.4 18.7 44.5 1.7
2 74.4 11.7 2.1
3.4 24.4 76.6 1.6
4.2 32.4 34.8 1.8
1.9 40.4 14.9 2.3
2.6 74 86.3 2.2
2.8 65.2 16.6 2.5
3.9 58.3 84.1 2.1
2.7 45.4 52.4 2.3
2.9 27.6 59.9 1.6
4.8 62.9 32.4 2.5
1.7 33.7 73.5 2.5
3.7 31.7 86.2 2.1
2.7 17.7 47 2.3
4.6 66.3 49.8 2
4.8 45.1 9.9 2.2
4.9 67.3 64.5 2
4.4 52.1 22.7 1.9
1.6 31.9 73.9 2.4
3.9 17.8 27.6 2.4
4.5 33.9 10.2 2.3
2.7 28.8 50.8 2.4
1.1 16.3 13.3 1.5
3.1 49.1 50.4 2.4
4.5 52.9 18.7 2.1
4.5 40.4 5.8 2.4
2.7 25.1 66.6 1.7
3 68.8 45.6 1.6
4.5 49.4 37.9 1.6
4.6 66.5 75.3 2
1.6 63.4 9.9 2.4
1.5 45.5 64.2 2.1
4.4 19.2 51.5 1.5
2.4 51.3 81 2.4
1.4 50.3 93.3 2.4
2 42.9 22.7 2.3
1.9 36.5 29.2 2.1
3.6 27.8 19.2 2
1.6 38.1 24.7 2
1.2 65.7 25.5 1.9
3.2 62.2 69.7 1.8
3.8 31.1 69.2 2.2
4.2 55.1 57.9 2.5
3 33.8 16.7 1.6
2 73.8 16.8 2.4
3.2 21.3 46.3 2.2
4.3 45.8 73 2.2
3.8 55 56.8 2
1.5 19.1 14.9 2.1
2.5 15.1 85.9 2
3.3 63.7 68.7 2
4.8 41.4 6.4 2.4
4.3 47.9 21.6 1.9
1.8 38.8 57 1.7
2.6 18.5 28.6 2.3
2.1 26.6 80.7 2
4.8 55.8 36.3 1.9
2.3 44 47.9 1.5
3.3 61.9 31 2.3
1.4 53.5 87.6 2.3
2.2 37 45.4 2.5
3.3 40.1 77.8 2.1
2.1 19.9 44.7 1.9
1.6 68.5 80.8 2.1
3.4 73.9 13.8 2.1
1.1 47.8 27.3 1.9
2.1 34.7 38.9 2.5
2.4 66.4 38.3 2.3
4.3 65.1 83.8 2.5
4.1 69.3 52.1 2.1
3 32.1 38.8 1.7
4.3 32.8 10.4 2.3
2 41.2 6.8 2.4
1.5 68.4 68.5 1.8
2.7 46.3 62.9 2
1.8 73 64.2 2.2
2.6 47.2 9.9 2.5
3.2 30 7.3 2.2
1.3 51.9 25.6 1.7
1.9 68.7 55.3 1.5
3.2 45.3 15.8 2.5
3.1 41.4 18.4 2.1
3.3 25.2 39.8 1.8
1.3 26.8 44.7 1.8
4.6 28.7 61.4 2.5
3.1 65.3 37.7 2
1.9 56.4 21.2 2.2
2.4 73.4 42.4 1.6
1.9 44.1 60 2.1
4.1 42.7 65.1 2.1
1.5 44.8 53.8 2.2
1.8 45.9 73.1 2.3
3 50.8 33.7 2
1.5 22.5 94.2 2.4
4.3 72.8 64.7 1.8
4.8 60.1 27.3 1.6
4.2 45.4 93.1 1.6
4.1 21.9 17.1 2
1.2 22.2 15.2 2.3
4 62.6 36.8 2.5
2.5 50.8 76.7 1.6
1.8 70.6 24.4 2.5
3.6 35.7 29.5 2
4.1 55.6 69.7 1.9
1.3 41.9 79.4 1.9
2.5 54 18.5 2.4
4.7 18.9 9.9 2
3.2 64.3 76.1 2
2.6 61.1 70.9 2.2
3.2 18.8 52.8 2
3.9 61 17.2 2.5
2 70 36.8 1.7
3.1 55.3 59.7 1.5
4.9 31.2 62.8 1.6
2.6 31.6 25.1 2.1
1.4 67.2 22.1 1.6
2.3 29.5 35.1 1.8
4.5 51.8 43 2.2
2.6 37.3 54 1.6
4.9 32.8 43.4 2
3.5 25.2 57.7 2.4
2.1 54.7 5.2 2.4
2.4 37.5 35.3 2.1
3.2 34 25.2 2.2
3.5 24.9 32.8 1.6
4.8 32.3 70.6 2.2
1.5 36.8 29.7 1.6
4.9 41.7 80.5 2.5
1.5 67.8 21.8 1.6
4.6 36.6 26.8 2.3
2.6 36.2 55.5 1.8
1.4 49.9 40.3 2
4.2 20.9 56.8 2
5 53.2 66.1 1.5
1.4 48.3 35.4 2.5
1.2 49.8 5.9 2
2.6 50.7 80 1.9
2.8 59.4 44.2 2.5
4.2 39.8 11.6 2.3
1.2 19.5 27.7 1.9
2.1 22.4 47.9 2.3
2.8 66.6 9.6 2
4.8 68.1 83.6 1.7
4 25.4 26.1 2.1
1.3 41.4 67 2.2
1.2 61.1 16.4 1.6
4.2 22.6 78.1 1.7
4.5 35.8 50.4 1.9
1.7 40.8 74.3 1.6
1.2 67.2 31.8 1.6
2.4 56 46.5 2.1
2.2 73.5 81.7 2.4
1.1 34.6 32.3 2.4
4.1 32.8 19.3 1.7
2.2 38.1 42 2
3.1 24.4 91.2 1.6
1.7 73.1 58.7 1.6
4.1 30.5 20 2
2.5 68.3 38.8 1.5
2.4 40 44.3 1.8
1.6 57.1 23.8 2.1
3.9 57 75.4 2.4
5 31.1 35.8 2.4
1.4 49.5 64.5 1.9
4.3 30.8 60.4 1.5
4.1 41.3 45.5 2.1
4 60.1 51.3 1.8
4.9 42 53.1 1.6
4.5 58 61.1 2.4
4.6 73.1 50.4 2.4
4.8 61.3 14.5 2.2
1.3 22.4 44.1 1.6
3.7 39.7 58.8 1.9
3.5 44.8 84.4 1.6
3.8 41.3 83.8 2
3.5 51.8 9.9 2.5
1.3 17.5 19.6 1.9
1.1 28.4 80.1 2.2
1.2 52.6 22.6 2.3
3.2 62.8 18.8 2.2
3.5 28.7 85.6 1.6
3.4 59.6 69.5 2.1
3.8 62.1 49.8 2.2
3.6 37.2 23.2 1.7
3.9 29.3 59.5 1.7
3.2 52.7 34.1 2.4
4.5 49.6 54.1 1.6
1.6 74.8 54.7 2.4
1.2 55.7 91 2.3
4.1 44.1 66.6 1.5
1.1 70.1 35.7 2.4
4 67.4 32.4 1.6
4.7 16.8 24.4 2
3.9 28.4 50.2 2.3
4.8 31.4 86.5 2.5
1.9 60.7 36.3 2.3
3.8 52.8 13.1 2.2
1.3 74.6 53.1 2
2.4 72.6 77.9 2.2
4 17.5 7.9 1.5
3.9 48 85.5 2.5
3.5 39.1 77.1 2.1
2.6 52.6 60.9 1.8
1.6 65.9 8.3 2.1
3.7 37.5 49.8 1.7
2 19.4 68.7 1.9
1.9 71 83 2.4
4.6 71.7 86.7 1.8
1.6 33.6 69.4 1.7
4.8 41.1 49.9 2.3
0.4 0.3 0.3 0.3 0.2 0.3 0.3 0.3 0.4 0.3 0.3 0.3 0.2 0.3 0.3 0.3 0.2 0.4 0.4 0.3 0.3 0.2 0.3 0.2 0.3 0.3 0.2 0.3 0.3 0.3 0.3 0.3 0.3 0.3 0.3 0.3 0.2 0.3 0.3 0.2 0.2 0.3 0.4 0.3 0.3 0.4 0.3 0.4 0.3 0.4 0.2 0.3 0.3 0.3 0.2 0.3 0.3 0.3 0.4 0.2 0.4 0.4 0.2 0.4 0.3 0.3 0.3 0.4 0.2 0.3 0.2 0.4 0.2 0.2 0.3 0.3 0.2 0.4 0.3 0.3 0.3 0.3 0.3 0.3 0.4 0.3 0.2 0.3 0.3 0.4 0.3 0.4 0.2 0.2 0.3 0.2 0.2 0.3 0.3 0.3 0.3 0.3 0.4 0.2 0.3 0.3 0.3 0.4 0.3 0.3 0.3 0.3 0.4 0.2 0.3 0.2 0.3 0.3 0.3 0.3 0.3 0.3 0.4 0.3 0.4 0.3 0.3 0.2 0.2 0.3 0.3 0.2 0.3 0.4 0.3 0.4 0.3 0.3 0.2 0.3 0.4 0.2 0.2 0.3 0.3 0.2 0.2 0.3 0.3 0.3 0.3 0.2 0.3 0.2 0.3 0.3 0.3 0.4 0.4 0.4 0.2 0.3 0.2 0.4 0.4 0.2 0.3 0.2 0.3 0.4 0.4 0.3 0.2 0.3 0.3 0.3 0.2 0.3 0.4 0.3 0.3 0.4 0.2 0.3 0.3 0.3 0.4 0.3 0.2 0.4 0.2 0.3 0.3 0.2 0.4 0.3 0.4 0.3 0.3 0.4 0.2 0.3 0.4 0.3 0.4 0.3 0.4 0.3 0.2 0.2 0.2 0.4 0.3 0.2 0.2 0.4 0.2 0.3 0.2 0.3 0.3 0.4 0.4 0.4 0.3 0.2 0.4 0.3 0.3 0.2 0.3 0.4 0.3 0.3 0.2 0.3 0.4 0.3 0.3 0.2 0.2 0.4 0.3 0.2 0.3 0.2 0.3 0.3 0.3 0.3 0.4 0.2 0.4 0.4 0.4 0.3 0.3 0.2 0.3 0.3 0.2 0.3 0.2 0.2 0.3 0.3 0.3 0.3 0.3 0.4 0.2 0.3 0.3 0.3 0.4 0.2 0.2 0.3 0.3 0.4 0.3 0.3 0.3 0.3 0.3 0.2 0.3 0.2 0.2 0.4 0.3 0.3 0.2 0.2 0.2 0.4 0.3 0.2 0.4 0.2 0.3 0.3 0.3 0.4 0.4 0.2 0.4 0.3 0.2 0.2 0.3 0.3 0.3 0.2 0.4 0.4 0.4 0.3 0.2 0.2 0.3 0.3 0.4 0.3 0.2 0.3 0.4 0.4 0.4 0.3 0.3 0.4 0.3 0.3 0.2 0.3 0.4 0.2 0.3 0.2 0.4 0.3 0.2 0.3 0.3 0.2 0.4 0.4 0.4 0.4 0.2 0.2 0.3 0.4 0.3 0.3 0.4 0.3 0.3 0.3 0.2 0.2 0.4 0.4 0.3 0.3 0.3 0.3 0.3 0.3 0.3 0.3 0.3 0.2 0.3 0.2 0.4 0.3 0.4 0.4 0.3 0.3 0.2 0.3 0.3 0.3 0.3 0.3 0.3 0.4 0.3 0.4 0.2 0.2 0.4 0.3 0.4 0.2 0.3 0.3 0.3 0.4 0.2 0.3 0.4 0.2 0.3 0.2 0.3 0.3 0.4 0.3 0.3 0.4 0.3 0.2 0.3 0.4 0.3 0.3 0.3 0.2 0.4 0.3 0.3 0.3 0.3 0.3 0.3 0.3 0.3 0.3 0.4 0.3 0.2 0.3 0.4 0.3 0.2 0.3 0.3 0.3 0.4 0.2 0.3 0.3 0.4 0.3 0.3 0.4 0.2 0.2 0.2 0.2 0.4 0.3 0.2 0.3 0.3 0.3 0.4 0.2 0.3 0.4 0.3 0.4 0.3 0.3 0.3 0.3 0.3 0.3 0.2 0.3 0.4 0.2 0.3 0.3 0.2 0.3 0.3 0.2 0.2 0.3 0.3 0.4 0.2 0.3 0.2 0.4 0.4 0.3 0.4 0.3 0.2 0.3 0.2 0.4 0.2 0.2 0.3 0.4 0.3 0.4 0.3 0.3 0.2 0.3 0.3 0.3 0.3 0.4 0.3 0.2 0.3 0.4 0.2 0.4 0.4 0.4 0.3 0.4 0.3 0.3 0.2 0.3 0.2 0.2 0.4 0.4 0.3 0.4 0.4 0.3 0.3 0.3 0.2 0.2 0.4 0.3 0.3 0.4 0.2 0.3 0.3 0.3 0.2 0.4 0.3 0.3 0.4 0.4 0.3 0.4 0.4 0.3 0.3 0.3 0.4 0.3 0.3 0.3 0.4 0.4 0.3 0.3 0.2 0.3 0.4 0.4 0.3 0.3 0.3 0.2 0.2 0.3 0.2 0.3 0.3 0.3 0.3 0.2 0.3 0.2 0.3 0.3 0.3 0.4 0.2 0.4 0.3 0.4 0.4 0.2 0.4 0.2 0.4 0.3 0.3 0.4 0.3 0.2 0.4 0.4 0.4 0.3 0.4 0.3 0.4 0.3 0.4 0.2 0.4 0.2 0.3 0.3 0.3 0.4 0.3 0.3 0.3 0.3 0.4 0.4 0.4 0.3 0.2 0.3 0.2 0.3 0.3 0.4 0.2 0.2 0.3 0.2 0.2 0.3 0.2 0.4 0.2 0.4 0.2 0.3 0.3 0.2 0.3 0.3 0.2 0.3 0.2 0.3 0.2 0.4 0.3 0.3 0.2 0.4 0.2 0.4 0.3 0.2 0.3 0.2 0.4 0.3 0.4 0.4 0.3 0.2 0.3 0.3 0.3 0.3 0.3 0.4 0.4 0.3 0.3 0.2 0.4 0.2 0.3 0.3 0.4 0.2 0.4 0.3 0.3 0.3 0.4 0.3 0.2 0.3 0.3 0.3 0.3 0.3 0.2 0.4 0.3 0.3 0.3 0.3 0.3 0.4 0.3 0.3 0.4 0.2 0.3 0.4 0.2 0.4 0.4 0.3 0.4 0.3 0.3 0.2 0.2 0.3 0.3 0.3 0.2 0.2 0.4 0.3 0.2 0.3 0.4 0.3 0.3 0.2 0.3 0.4 0.3 0.3 0.4 0.3 0.4 0.3 0.2 0.3 0.2 0.3 0.3 0.3 0.3 0.2 0.2 0.2 0.3 0.4 0.2 0.4 0.4 0.3 0.2 0.3 0.3 0.2 0.4 0.2 0.2 0.2 0.2 0.3 0.4 0.3 0.4 0.3 0.3 0.2 0.3 0.3 0.3 0.3 0.4 0.3 0.2 0.2 0.3 0.4 0.2 0.4 0.2 0.4 0.2 0.3 0.3 0.3 0.3 0.3 0.2 0.3 0.3 0.2 0.4 0.2 0.3 0.2 0.2 0.4 0.3 0.3 0.2 0.2 0.4 0.2 0.2 0.3 0.3 0.2 0.4 0.2 0.3 0.4 0.4 0.4 0.3 0.2 0.3 0.4 0.3 0.2 0.3 0.2 0.4 0.3 0.3 0.3 0.3 0.4 0.3 0.3 0.3 0.3 0.2 0.4 0.2 0.2 0.3 0.3 0.3 0.3 0.3 0.3 0.3 0.3 0.4 0.3 0.2 0.3 0.3 0.4 0.3 0.3 0.3 0.3 0.2 0.3 0.3 0.3 0.4 0.3 0.4 0.3 0.4 0.4 0.2 0.3 0.2 0.3 0.3 0.2 0.2 0.3 0.2 0.2 0.2 0.2 0.3 0.3 0.3 0.2 0.2 0.3 0.3 0.2 0.3 0.2 0.3 0.3 0.3 0.3 0.4 0.4 0.3 0.3 0.4 0.3 0.4 0.3 0.3 0.3 0.3 0.4 0.4 0.2 0.4 0.4 0.3 0.3 0.3 0.2 0.3 0.4 0.3 0.4 0.4 0.4 0.3 0.3 0.3 0.3 0.3 0.3 0.4 0.4 0.4 0.2 0.2 0.2 0.3 0.3 0.3 0.2 0.2 0.3 0.3 0.3 0.2 0.3 0.3 0.2 0.4 0.3 0.3 0.2 0.3 0.3 0.4 0.3 0.3 0.3 0.4 0.4 0.3 0.4 0.3 0.3 0.3 0.3 0.2 0.4 0.3 0.2 0.2 0.2 0.2 0.4 0.2 0.2 0.4 0.3 0.2 0.4 0.2 0.4 0.2 0.3 0.3 0.3 0.3 0.2 0.3 0.4 0.4 0.3 0.3 0.3 0.3 0.3 0.2 0.3 0.2 0.3 0.3 0.2 0.3 0.3 0.2 0.3 0.3 0.4 0.2 0.4 0.3 0.2 0.3 0.2 0.4 0.2 0.2 0.3 0.4 0.3 0.3 0.2 0.2 0.2 0.4 0.2 0.4 0.2 0.3 0.2 0.3 0.3 0.4 0.3 0.3 0.2 0.3 0.3 0.2 0.3 0.3 0.3 0.2 0.3 0.4 0.3 0.2 0.3 0.3 0.4 0.4 0.4 0.2 0.2 0.3 0.2 0.2 0.3 0.3 0.4 0.2 0.2 0.3 0.3 0.2 0.2 0.3 0.3 0.2 0.3 0.3 0.4 0.3 0.2 0.3 0.3 0.3 0.4 0.3 0.4 0.3 0.3 0.2 0.3 0.3 0.4 0.2 0.3 0.2 0.4 0.4 0.2 0.3 0.4 0.3 0.2 0.3 0.4 0.2 0.2 0.3 0.3 0.2 0.2 0.3 0.4 0.3 0.3 0.4 0.3 0.2 0.4 0.4 0.3 0.4 0.3 0.2 0.3 0.3 0.2 0.2 0.4 0.3 0.3 0.3 0.3 0.4 0.3 0.2 0.4 0.4 0.4 0.3 0.3 0.2 0.3 0.2 0.4 0.3 0.3 0.2 0.4 0.2 0.2 0.4 0.3 0.3 0.3 0.3 0.2 0.3 0.2 0.3 0.4 0.3 0.2 0.2 0.2 0.4 0.3 0.2 0.2 0.3 0.2 0.3 0.3 0.2 0.4 0.3 0.3 0.4 0.2 0.3 0.2 0.2 0.2 0.3 0.3 0.4 0.3 0.2 0.2 0.3 0.3 0.3 0.3 0.3 0.3 0.3 0.3 0.4 0.3 0.4 0.4 0.2 0.2 0.2 0.2 0.3 0.3 0.3 0.4
21 127 116 25 36 148 69 43 101 153 81 81 71 166 38 143 91 94 97 36 67 164 101 67 148 66 110 95 39 119 177 132 130 79 173 8 52 105 79 10 166 45 66 177 127 120 71 150 5 81 29 91 106 8 110 117 10 158 51 90 94 140 153 20 142 146 18 16 4 169 89 34 20 71 38 135 27 46 76 44 5 117 50 124 47 114 165 148 84 30 59 65 78 55 125 79 94 4 99 160 32 45 10 145 92 136 145 3 45 171 129 138 46 28 83 110 134 171 83 5 170 5 84 180 123 120 67 15 41 170 129 1 177 93 117 180 62 75 46 120 113 74 146 35 5 97 92 115 147 159 147 53 179 89 125 57 142 95 10 75 24 34 159 134 88 56 128 55 127 120 168 80 145 164 81 43 35 137 30 86 36 102 15 173 50 91 75 159 157 45 146 110 62 11 73 90 10 73 121 39 168 159 88 113 71 150 127 123 95 180 96 80 54 28 144 88 180 83 83 92 114 103 137 78 119 108 19 136 62 110 167 11 135 160 170 8 32 55 140 53 48 64 52 168 3 38 66 105 77 144 117 71 121 145 113 104 76 153 173 10 97 147 57 52 130 73 11 172 163 154 139 172 70 40 69 23 96 105 108 137 11 164 86 111 44 138 42 55 90 77 179 163 40 118 52 14 68 34 164 169 163 38 72 130 155 101 151 152 76 164 110 96 146 8 23 74 91 85 5 117 15 62 33 162 35 47 123 81 83 21 34 89 180 106 176 37 118 154 138 131 86 72 41 149 178 128 171 91 130 6 67 28 171 74 151 112 137 114 8 142 102 15 38 136 51 46 38 13 22 84 13 109 48 86 171 138 11 9 110 170 49 157 62 84 82 176 123 105 123 129 175 87 93 41 18 10 128 130 35 33 49 56 158 56 75 52 20 28 21 172 108 78 88 76 12 51 11 96 85 93 139 120 104 95 54 8 150 29 94 74 60 14 33 16 128 75 130 56 92 129 155 3 11 36 67 34 172 126 172 62 82 93 94 56 139 3 170 19 107 123 98 171 95 98 54 170 134 122 148 149 48 55 169 66 137 18 50 24 134 40 18 135 7 150 60 52 144 127 116 39 47 166 116 27 174 2 164 163 60 88 19 154 12 36 120 172 75 47 141 85 53 59 164 1 29 6 173 72 174 88 164 94 153 143 148 71 73 17 145 53 3 130 175 70 68 32 45 173 112 105 47 49 140 160 32 5 78 20 109 80 137 177 88 137 150 122 11 60 53 64 87 16 149 11 16 105 15 92 168 58 122 138 77 47 58 137 112 7 138 81 87 131 68 135 32 152 78 3 141 51 11 155 115 161 11 110 68 174 102 16 21 14 7 103 42 175 20 71 86 39 93 2 146 171 112 68 149 117 100 87 33 88 26 149 118 165 93 9 175 61 156 55 164 67 137 167 63 8 105 141 72 132 130 130 155 157 94 22 11 155 65 4 84 82 140 118 107 5 45 75 23 85 30 50 21 54 39 48 10 171 128 141 156 96 33 121 25 103 44 81 19 151 103 98 147 50 67 76 55 137 172 92 169 23 128 117 22 14 75 10 3 56 159 17 39 152 144 89 107 158 34 7 59 108 138 98 50 142 75 104 73 114 110 54 41 56 109 130 159 177 70 92 4 137 8 123 31 77 140 14 80 115 168 46 43 119 144 151 62 174 103 64 64 146 140 109 122 180 129 70 173 81 71 167 129 177 147 1 9 55 71 63 44 152 37 172 36 74 79 111 179 72 86 122 176 66 120 177 49 98 20 92 61 127 121 16 65 180 128 154 69 34 97 59 41 139 1 168 5 9 42 65 1 130 39 45 164 32 97 80 129 49 115 24 3 79 134 8 60 119 148 81 17 86 17 31 30 26 113 156 72 158 44 180 125 126 57 18 101 142 88 103 172 36 44 43 94 57 91 156 4 63 137 98 33 21 162 163 116 129 44 86 131 174 108 134 122 61 161 133 75 140 59 159 106 69 164 48 30 52 159 77 128 66 143 43 61 57 127 148 5 94 63 51 91 93 147 81 139 161 121 59 127 163 51 81 135 32 131 30 117 16 180 121 51 4 16 77 1 90 79 75 146 23 29 150 12 66 116 156 153 72 59 165 45 56 154 105 118 28 88 109 110 143 75 179 69 44 150 68 135 24 80 35 142 78 49 48 170 108 131 136 56 18 171 18 60 43 124 132 48 108 68 146 109 48 62 179 73 127 27 146 138 164 94 44 126 151 101 53 78 75 81 50 76 48 93 110 116 147 162 61 47 88 180 138 32 170 32 41 125 162 73 110 150 47 38 159 77 55 57 57 38 13 67 138 161 111 123 4 32 100 67 119 168 156 110 116 146 120 141 85 37 110 43 32 66 136 130 22 161 170 81 111 21 177 147 108 80 98 47 94 62 99 74 108 2 21 29 2 68 1 74 153 145 64 86 178 109 96 174 180 98 81 54 12 144 113 114 73 136 119 147 74 97 47 154 94 143 110 72 162 36 34 175 154 132 147 110 81 93 82 8 122 89 95 55 14 89 122 92 36 19 107 48 42 113 92 100 160 112 157 98 57 94 76 44 141 101 79 150 97 35 122 24 131 149 130 98 26 18 81 157 68 91 126 55 85 147 52 106 73 115 144 142 174 102 58 137 164 57 111 173 125 176 140 102 69 87 78 43 110 92 72 122 123 167 33 142 7
135 175 75 110 99 14 151 104 57 3 166 48 165 161 152 118 17 40 30 40 29 18 26 171 71 45 111 34 160 94 132 25 90 47 143 54 55 172 54 176 131 2 73 93 65 37 40 98 18 75 38 135 138 32 100 143 143 48 26 73 11 126 130 118 147 48 136 166 172 30 159 91 13 146 11 129 180 50 98 139 7 76 156 62 21 48 19 58 97 12 17 96 6 84 56 169 142 140 28 112 179 171 171 90 41 63 66 172 131 151 114 84 116 115 180 175 33 36 109 90 33 85 104 115 93 84 108 60 166 25 19 99 120 145 25 39 38 151 27 90 69 121 135 70 82 60 102 153 168 105 42 10 21 110 92 116 135 37 121 14 21 6 119 150 1 10 44 43 14 158 144 169 58 85 120 8 162 87 29 95 19 104 3 60 131 101 79 86 69 112 123 171 9 3 46 19 19 96 140 59 7 76 107 174 175 33 92 113 78 14 111 65 136 86 72 91 12 146 86 52 65 112 82 147 108 153 81 105 114 95 55 174 37 136 180 23 19 89 166 131 172 55 22 58 157 44 65 66 117 149 154 34 89 30 179 40 179 168 57 26 94 168 172 149 120 33 123 70 155 45 54 152 151 147 107 155 87 43 25 20 142 90 24 60 32 1 16 16 71 167 43 89 114 151 71 131 149 103 31 103 54 18 21 171 164 137 25 155 103 107 35 6 5 15 133 83 12 173 21 97 110 65 102 174 107 133 129 151 47 139 62 143 160 126 119 13 128 130 72 12 49 157 116 68 83 97 14 23 146 139 136 71 85 4 2 96 169 34 111 135 63 104 16 180 143 172 115 131 146 139 32 33 162 28 140 15 148 6 119 130 8 89 158 80 54 172 143 9 19 38 75 28 151 108 109 176 10 121 140 129 155 21 98 115 162 14 156 130 81 76 6 115 14 65 105 98 87 92 73 68 161 96 27 110 55 148 94 58 140 126 156 48 13 18 15 180 93 124 32 21 158 154 108 4 112 12 110 28 152 124 123 157 50 155 145 57 5 83 71 123 72 112 47 121 59 105 94 176 46 177 84 148 88 159 145 65 97 174 126 34 115 34 32 162 119 13 148 134 119 121 112 176 63 148 57 93 113 111 132 87 23 103 17 86 59 52 180 173 139 178 169 71 51 52 116 121 131 147 160 163 100 149 73 164 60 72 25 102 73 114 82 92 38 13 84 158 29 10 7 93 122 24 133 153 113 81 14 45 142 2 147 59 23 89 129 66 170 180 138 165 24 33 14 143 46 100 121 33 109 132 46 114 112 135 97 113 40 141 40 157 90 87 75 104 130 96 31 161 162 156 34 160 63 175 121 48 91 145 164 106 117 143 157 176 13 139 8 43 118 137 102 147 1 140 151 30 27 67 23 114 177 23 105 64 56 43 5 157 1 163 31 171 146 112 62 127 7 163 143 160 34 29 154 128 173 68 65 88 136 59 148 134 95 50 129 172 75 143 119 178 122 80 85 4 112 67 163 45 174 45 133 35 120 7 123 19 101 140 156 134 29 113 157 10 49 50 119 38 53 146 13 33 3 172 150 85 68 157 92 17 152 180 56 55 115 46 61 98 47 154 3 80 106 72 155 171 91 166 49 92 129 93 121 87 172 3 83 9 118 124 4 40 174 158 80 16 53 11 73 41 87 128 37 112 42 71 110 72 78 107 93 41 70 75 17 25 2 62 97 131 149 148 116 160 100 145 39 11 70 84 102 53 3 146 41 23 122 40 6 149 65 127 144 100 136 64 62 128 81 178 132 155 42 97 51 95 93 12 172 178 180 18 163 43 115 171 6 167 154 30 18 52 18 84 148 78 169 90 126 106 61 132 91 162 81 128 20 176 83 48 21 103 97 154 18 108 30 70 91 2 139 76 44 103 41 67 97 158 86 111 102 175 46 37 86 174 37 134 41 53 126 111 56 180 101 124 172 12 80 35 6 65 82 137 131 28 155 131 22 53 48 141 100 33 160 88 130 154 73 139 158 10 89 31 172 14 153 4 113 137 168 55 166 106 101 68 160 70 88 23 20 104 141 120 147 8 55 163 115 52 31 108 173 1 179 71 1 10 136 100 70 120 40 160 154 101 120 104 6 151 71 27 56 141 98 117 2 145 30 159 174 4 56 119 119 93 71 136 161 171 159 64 17 163 89 73 133 151 101 72 67 164 96 159 160 97 26 140 87 93 50 42 102 116 59 42 115 100 175 143 178 35 159 149 82 26 127 147 106 140 106 147 122 45 25 174 68 88 19 25 152 95 42 1 69 141 5 170 170 149 95 163 83 12 111 149 109 119 119 177 105 131 89 72 79 131 138 125 170 14 153 150 19 173 26 112 36 50 104 39 156 74 49 159 89 172 62 116 113 89 52 73 63 57 139 1 9 126 57 49 133 164 154 64 32 162 95 55 61 129 159 103 1 153 89 140 20 131 93 178 92 36 69 125 165 9 30 36 95 96 127 48 35 133 84 71 154 80 1 141 51 94 133 53 113 114 107 22 78 150 177 38 153 135 2 51 33 130 140 69 173 115 32 6 44 108 55 44 40 127 19 60 76 135 111 37 44 115 86 59 67 38 62 79 84 55 149 92 48 135 76 71 118 98 155 172 54 86 7 120 62 125 74 170 40 150 112 19 53 19 76 5 135 46 15 72 177 124 115 118 38 167 135 82 151 73 144 29 132 30
35 146 98 108 114 167 141 178 80 45 106 31 81 21 19 74 118 31 34 78 95 59 3 10 114 168 47 16 66 34 102 120 86 11 70 57 9 126 41 13 115 18 98 157 128 27 102 66 35 157 72 25 138 66 28 124 22 179 9 121 103 177 42 105 103 31 164 85 78 127 115 128 125 51 150 150 123 77 8 152 4 178 118 113 18 139 79 85 117 133 97 61 51 60 20 128 45 20 113 138 68 83 165 113 151 146 5 70 21 139 20 81 151 139 112 48 112 62 17 117 22 117 126 25 2 59 69 85 170 167 62 93 122 34 48 149 88 175 47 130 44 83 167 17 109 125 173 33 62 119 29 175 163 36 73 105 164 53 67 151 14 24 12 120 176 9 80 88 18 22 90 133 69 140 174 83 113 166 66 70 70 145 84 140 43 93 2 101 67 151 59 30 30 89 166 92 121 73 17 124 124 157 48 169 99 71 133 135 65 99 78 14 32 147 2 130 107 118 85 168 30 69 23 64 34 133 116 103 66 3 100 130 2 14 118 94 15 176 151 111 84 33 140 74 102 116 159 88 104 163 170 26 150 147 167 90 62 12 10 33 124 21 80 42 123 132 158 85 80 102 172 61 25 60 11 68 135 78 155 133 37 162 13 132 28 162 54 157 83 80 26 72 69 126 62 120 20 99 43 14 136 69 175 153 44 100 176 73 10 79 57 159 3 154 115 39 62 49 161 123 17 80 89 94 61 161 55 58 13 175 171 44 147 60 138 133 86 28 33 131 136 153 69 90 166 172 114 48 12 122 106 73 104 106 24 49 157 96 166 44 11 72 97 125 122 88 167 126 52 116 154 129 177 98 111 39 45 64 60 1 95 60 63 126 76 164 52 27 149 130 7 137 68 46 97 72 30 67 165 177 128 127 125 156 20 113 91 19 70 106 99 103 103 94 143 99 64 7 135 166 34 140 94 124 127 178 134 42 29 67 111 73 86 5 178 56 76 112 69 4 129 63 32 175 145 157 7 134 42 42 22 30 128 149 54 133 28 106 4 151 77 160 156 85 123 179 121 152 79 166 29 70 36 5 100 125 80 172 52 55 43 118 32 86 101 116 144 180 167 160 140 8 31 54 102 28 75 150 94 85 142 87 112 48 101 105 78 21 54 13 18 33 5 16 14 68 178 45 125 167 164 80 167 178 18 86 126 64 164 155 14 36 147 32 94 116 179 162 36 27 141 164 86 71 146 171 78 90 142 26 89 114 170 20 175 174 139 69 29 81 157 55 39 167 84 25 146 45 137 3 153 166 100 107 66 176 88 80 67 92 30 52 171 21 57 49 107 37 86 75 55 67 142 168 31 150 171 25 90 77 70 176 141 118 126 18 134 138 112 90 165 79 49 178 148 177 105 104 7 111 26 27 22 104 180 169 5 1 75 129 51 171 80 146 96 11 123 169 67 102 160 97 65 53 2 27 171 82 65 13 171 168 47 84 147 90 53 29 179 136 144 66 118 11 115 149 132 23 133 38 161 13 140 139 79 129 125 117 23 60 78 57 78 83 111 62 123 129 102 134 135 58 169 48 177 116 113 155 152 143 61 143 66 159 13 13 25 70 48 143 59 60 95 42 167 138 6 139 164 43 159 84 44 66 94 147 65 170 8 115 163 111 119 76 10 147 173 7 165 27 73 101 45 28 169 101 152 159 124 67 54 147 66 128 39 141 127 54 68 10 159 28 88 101 45 135 27 2 29 161 174 127 51 80 117 126 102 66 153 75 74 41 94 174 28 102 53 134 30 90 140 18 50 1 148 21 92 84 120 30 161 85 10 56 166 72 36 65 14 64 80 88 14 141 30 82 143 11 152 170 87 84 110 180 22 130 30 119 174 115 139 160 167 65 1 161 39 86 46 58 3 137 16 63 128 80 61 24 178 40 15 91 78 175 149 24 79 94 93 126 61 80 5 105 101 5 117 164 11 134 169 179 67 108 38 141 73 15 35 158 85 22 99 103 27 76 170 167 103 71 20 134 122 113 67 93 61 150 136 179 170 18 134 41 75 77 6 67 127 170 6 68 95 66 159 142 176 178 148 58 80 120 140 78 86 82 147 75 92 180 91 168 51 53 168 122 35 174 73 24 30 83 26 123 76 25 130 164 124 27 60 109 133 132 103 164 71 144 78 112 99 173 83 21 80 174 128 107 83 46 112 163 136 96 102 53 79 24 92 29 116 76 4 120 113 66 45 23 84 85 3 126 140 89 28 6 148 164 65 22 120 178 113 121 171 36 90 155 58 42 169 167 91 92 91 30 145 72 99 8 75 55 89 98 154 30 166 90 18 12 102 38 121 158 92 100 102 7 93 162 168 127 105 124 15 68 169 53 125 47 135 127 145 36 78 110 47 128 147 159 105 94 25 106 165 180 137 90 21 157 139 110 110 95 82 124 115 55 174 93 48 2 128 44 75 71 60 6 61 56 78 162 90 178 37 81 125 92 99 130 151 80 116 111 167 58 70 43 106 165 63 56 137 71 21 32 104 98 141 139 51 148 143 27 111 53 155 148 93 136 100 89 8 130 103 64 37 39 51 64 95 9 113 46 89 88 14 144 164 61 46 29 84 18 108 106 6 37 136 33 89 7 116 115 58 104 166 61 48 66 160 70 48 47 106 72 62 134 173 17 117 83 147 104 108 21 97 9 43 118 153 74 169 130 12 61 12 70 130 116
116 15 60 13 139 20 63 19 133 113 95 92 86 138 177 59 111 154 57 94 130 80 54 176 93 12 172 52 77 111 132 90 24 90 172 172 147 105 168 93 126 51 131 45 22 103 17 142 93 160 119 66 179 18 169 145 134 65 97 15 108 4 2 99 114 178 131 58 18 40 122 18 82 77 101 83 118 45 78 140 10 37 143 44 57 125 55 11 161 121 155 14 163 180 87 5 86 2 137 167 133 85 59 31 98 114 26 151 145 153 113 56 4 127 179 4 154 66 39 179 89 154 140 107 80 131 69 68 10 112 93 20 156 74 89 35 40 52 93 173 124 153 44 38 33 128 169 67 128 161 52 130 62 87 178 19 9 177 140 156 79 153 138 136 90 147 160 55 125 156 167 102 84 62 20 135 122 140 72 171 90 121 138 70 31 107 54 5 179 89 121 92 19 108 168 61 155 159 62 135 167 70 81 147 36 78 43 170 75 24 63 129 176 178 144 46 157 171 34 6 74 41 172 180 26 4 66 27 82 3 44 119 8 103 107 85 29 20 6 16 102 57 108 122 32 102 13 86 88 35 37 39 89 91 23 115 67 109 32 47 174 65 158 53 162 111 29 146 18 17 34 118 153 27 116 13 127 68 82 80 168 33 79 78 134 12 142 159 98 16 164 40 49 69 165 167 38 98 173 11 159 151 9 99 31 121 73 133 36 18 64 88 22 66 58 2 100 171 8 48 52 10 136 12 139 103 136 81 109 36 8 100 152 9 9 170 11 77 118 108 73 35 7 142 74 162 150 18 89 174 24 170 56 45 3 81 31 4 110 158 153 179 99 15 84 70 175 24 160 81 167 130 178 31 72 13 87 134 59 128 26 36 148 140 179 132 175 110 155 177 70 38 104 57 103 24 4 154 115 135 68 99 159 170 66 84 172 53 13 126 73 129 144 105 91 15 171 155 179 138 48 27 57 160 104 71 169 162 126 93 95 22 125 18 158 127 164 91 178 30 95 175 177 67 22 83 63 26 108 118 72 107 52 32 117 148 165 58 142 154 7 124 8 122 164 122 131 157 100 38 48 53 18 29 15 62 44 72 148 38 147 107 45 81 98 86 146 110 135 111 41 6 162 7 32 45 149 179 156 27 51 73 63 131 18 162 48 55 121 15 122 98 94 76 75 110 96 179 85 16 40 129 126 32 40 14 88 4 145 73 141 82 80 99 141 19 15 24 74 93 132 63 15 19 129 151 57 153 165 105 177 76 106 47 99 59 161 36 29 107 148 35 55 95 14 48 22 79 8 62 157 37 4 109 79 147 10 149 26 54 25 135 53 46 175 162 170 124 160 72 166 13 148 99 48 133 21 159 166 58 179 136 148 156 166 64 159 7 137 132 80 150 40 15 124 20 49 175 73 112 3 68 56 40 33 172 175 58 24 108 66 83 63 42 167 6 77 133 84 166 140 180 168 161 163 142 104 49 96 71 139 124 91 102 118 55 49 153 179 109 79 3 80 21 116 168 13 102 174 156 179 115 125 59 137 178 170 99 32 99 50 34 175 72 155 56 155 89 26 71 124 2 70 45 16 24 94 147 51 36 136 95 24 25 7 147 40 101 164 8 180 129 105 160 105 40 169 103 71 114 130 128 107 28 160 72 163 34 18 85 36 60 54 10 16 155 86 106 36 139 22 163 58 133 139 29 18 24 69 107 79 92 55 14 132 114 18 42 180 21 25 46 178 19 118 180 169 91 101 111 1 124 36 53 177 70 178 43 145 137 117 151 139 153 120 137 38 179 53 70 161 66 64 30 34 97 84 131 49 141 137 133 99 71 21 119 153 176 66 99 162 60 151 43 132 98 72 143 48 142 119 103 17 43 29 178 86 80 100 169 159 112 175 44 102 6 126 179 72 106 118 80 148 47 141 135 151 120 111 176 85 17 119 33 145 17 105 113 133 95 161 1 107 125 85 107 132 95 112 133 9 141 7 173 174 135 131 85 19 156 106 87 145 161 122 99 84 51 12 56 60 20 68 79 69 84 63 143 19 152 122 109 43 112 51 120 86 180 82 112 1 89 139 55 19 102 102 22 3 136 164 59 42 67 89 155 130 70 122 136 120 2 110 34 167 174 147 17 79 5 169 153 82 115 78 41 106 17 156 111 66 139 157 110 70 162 71 122 38 67 47 37 81 91 98 90 22 180 2 173 69 142 26 26 85 161 180 126 142 37 76 145 115 3 170 123 48 65 87 20 122 21 173 171 43 161 86 33 127 131 124 169 16 94 137 30 26 132 114 161 116 49 156 83 50 159 18 47 148 76 20 132 48 145 123 150 159 86 129 159 106 59 149 178 142 35 23 116 47 83 59 126 94 13 119 144 137 95 155 70 90 139 103 145 166 90 167 82 37 77 63 134 74 104 159 12 157 50 14 121 122 64 114 71 9 62 60 37 82 138 135 6 119 65 74 151 42 48 162 20 26 165 43 108 107 5 19 75 50 20 86 172 166 156 103 172 142 26 39 166 111 63 179 12 166 15 99 57 73 31 80 159 3 159 112 99 52 9 106 143 151 23 140 150 47 44 138 26 59 87 144 68 176 163 76 43 92 60 144 62 18 144 64 13 55 69 13 57 93 57 95 151 18 108 57 146 132 72 89 4 17 93 50 62 26 123 172 102 91 75 107 59 171 105 15 97 70 27 17 176 161 21 54 49 42 96 169 147 139 7
96 173 176 152 89 70 40 37 69 63 129 46 84 154 45 119 129 3 56 21 25 24 124 45 175 70 128 131 45 82 166 42 124 102 132 103 153 24 90 83 86 108 128 180 15 128 154 34 125 41 131 151 100 65 49 22 75 129 51 56 75 161 144 14 46 97 97 16 83 149 180 113 101 120 119 50 52 140 161 43 127 13 52 13 159 73 100 158 166 83 94 39 64 123 173 95 129 128 140 97 121 53 145 64 54 173 169 96 167 117 140 73 179 75 82 150 58 120 10 138 69 139 160 40 172 20 45 107 73 166 144 134 54 162 163 95 72 14 62 7 135 116 127 13 22 11 169 90 79 33 160 91 165 128 133 73 169 111 19 44 22 97 164 93 72 13 111 65 90 146 21 151 63 59 175 102 157 36 63 177 141 16 13 139 74 54 62 62 73 112 85 92 17 77 42 44 39 144 54 118 7 129 131 34 143 48 102 60 120 120 47 7 153 85 96 145 132 49 105 157 65 4 15 46 31 173 4 128 161 19 58 164 149 91 178 84 156 68 64 135 171 29 120 151 89 125 177 121 56 152 134 170 53 168 102 129 140 143 136 118 8 29 107 64 160 109 85 49 27 121 131 139 110 165 85 100 89 56 10 40 136 156 35 133 62 60 102 120 130 104 104 3 50 127 48 87 89 171 151 54 70 96 150 108 49 147 20 102 67 51 160 92 66 10 28 178 17 49 60 72 56 113 145 68 5 105 126 8 18 60 73 170 76 173 92 163 53 69 55 111 31 75 10 13 68 109 155 38 170 27 173 128 119 71 62 34 40 38 28 140 83 132 74 149 171 113 34 124 18 46 118 74 70 77 138 93 102 51 179 118 97 45 132 2 173 158 137 8 74 133 86 162 144 56 22 86 172 143 72 116 157 118 40 72 120 99 81 30 27 121 145 90 66 160 153 128 82 26 111 61 2 62 173 89 62 54 55 23 22 180 41 64 170 92 95 151 89 99 116 4 159 82 60 138 80 46 76 118 83 141 149 96 36 49 31 30 18 152 21 166 37 167 16 76 100 119 139 147 63 179 39 97 104 57 116 100 97 82 52 149 132 144 152 163 98 162 60 143 49 59 131 65 73 20 72 1 39 91 100 130 7 76 6 162 65 46 160 162 76 161 46 33 124 149 8 180 23 26 6 128 3 114 63 29 52 54 36 61 22 84 95 18 26 60 25 123 82 53 161 97 32 13 38 81 118 54 158 107 161 140 132 66 32 88 13 180 72 72 26 83 71 49 38 1 75 1 6 36 73 172 18 129 114 103 39 81 14 132 139 36 42 141 68 20 150 3 134 165 51 16 64 131 130 60 29 145 118 70 5 130 139 145 116 20 91 94 166 151 92 169 90 162 84 17 9 170 132 4 24 52 159 66 16 83 116 34 157 167 168 43 175 78 113 41 116 162 81 35 58 12 88 91 80 53 42 79 79 35 7 40 143 127 123 7 54 67 81 105 19 150 116 24 144 63 111 40 76 176 59 93 159 5 171 114 160 70 29 51 115 152 124 97 23 95 74 148 32 161 27 180 136 139 132 61 46 8 107 20 20 102 136 8 115 30 52 38 137 91 173 137 43 32 49 99 172 66 13 171 41 40 102 77 81 46 6 39 3 95 29 25 107 26 53 136 169 80 64 143 21 139 13 143 49 8 144 6 122 44 12 117 147 137 87 173 84 51 82 123 125 101 155 80 88 50 140 110 177 158 107 75 59 16 123 67 128 74 4 173 21 72 46 137 91 35 89 55 126 132 73 165 38 142 40 60 118 27 155 113 56 136 106 161 5 39 12 3 134 158 148 168 60 125 27 6 84 50 61 33 6 135 25 122 128 180 28 118 138 127 67 67 2 123 45 168 45 158 101 173 122 157 71 11 180 49 3 153 45 19 102 155 28 138 173 139 136 137 111 111 92 66 173 12 27 174 44 121 177 126 106 162 34 176 126 154 105 120 177 145 88 94 79 132 104 63 36 68 38 62 121 134 54 9 153 57 136 21 75 165 15 51 92 145 149 111 39 58 58 144 179 115 140 11 133 110 20 22 15 33 128 109 129 41 25 88 164 28 127 83 43 26 6 92 167 56 130 114 147 118 9 76 157 56 5 118 72 77 112 170 112 179 79 167 135 54 75 78 140 110 155 48 34 23 42 135 22 23 156 79 116 125 138 168 158 90 92 26 55 129 136 53 92 92 23 132 180 13 22 45 17 48 65 49 147 55 54 88 82 119 128 62 21 18 164 76 29 98 25 124 120 90 138 35 96 22 51 14 170 128 177 51 85 175 72 96 87 11 37 71 100 112 121 163 44 147 137 72 143 27 89 60 29 138 1 47 71 3 27 138 100 150 41 106 14 51 143 176 65 18 109 48 53 112 9 57 78 7 50 72 84 35 121 112 172 60 135 20 25 30 88 177 112 42 101 104 152 146 141 5 72 171 173 46 129 130 81 129 88 136 74 121 80 125 120 143 132 122 53 32 63 22 56 24 4 132 95 20 86 68 148 149 32 84 37 145 16 138 96 153 100 61 160 142 130 168 118 166 179 110 96 144 170 26 89 150 46 29 103 176 54 110 81 105 72 130 29 55 24 97 116 1 13 122 72 110 126 158 7 25 20 144 3 55 166 15 116 16 122 146 89 177 119 172 73 52 73 108 75 31 64 21 33 30 120 112 72 174 29 71 152 173
87 142 136 86 175 43 56 106 74 135 50 133 170 126 146 71 167 138 152 121 166 65 79 8 148 18 42 13 71 173 94 110 70 114 12 130 135 68 171 158 47 80 50 62 2 21 151 178 1 147 122 171 90 44 72 100 172 48 97 67 161 98 107 33 12 108 120 144 42 52 169 74 90 133 126 139 151 71 84 46 37 158 55 178 173 88 30 103 131 6 7 148 52 26 55 147 70 167 81 60 145 31 32 125 176 5 156 109 95 119 146 10 10 23 17 102 126 111 58 52 90 179 159 97 64 121 77 46 17 66 52 151 147 120 88 152 156 95 113 143 101 144 100 121 8 71 97 92 62 111 109 92 149 77 68 83 4 92 17 27 152 75 40 161 91 38 95 128 79 63 103 88 130 97 64 137 55 82 52 105 160 160 142 53 133 101 120 119 143 78 39 177 68 84 89 37 84 54 91 26 15 93 8 134 38 50 126 173 35 86 107 116 81 19 87 89 165 46 146 106 123 102 59 151 113 32 34 24 42 121 69 167 153 122 28 63 73 22 68 94 67 148 93 58 92 165 97 110 12 85 132 63 38 61 175 30 105 41 64 180 139 48 149 39 148 49 104 89 76 45 105 96 7 89 169 140 34 75 52 57 92 177 94 164 87 127 146 169 59 58 70 35 10 41 177 159 67 93 38 89 25 152 85 156 168 142 54 69 58 5 155 164 151 78 50 52 125 167 165 175 99 122 104 34 91 92 21 69 62 19 52 159 27 178 115 99 124 84 25 29 4 84 176 101 100 95 138 100 94 31 26 112 53 135 174 166 28 134 127 82 166 143 27 107 17 99 132 79 123 77 54 134 6 178 38 69 171 76 155 131 20 91 86 164 106 17 171 79 26 143 168 16 88 49 128 95 143 128 89 82 115 137 136 81 152 34 112 84 74 157 8 68 164 49 86 3 154 165 61 52 112 52 17 71 120 92 70 179 153 97 4 11 11 6 113 48 106 28 78 175 164 163 167 158 156 21 178 145 94 100 116 138 39 60 129 60 113 148 78 170 137 19 167 98 44 166 168 38 58 173 104 107 86 157 80 103 49 145 82 2 67 92 98 40 110 15 55 72 112 1 76 140 31 154 165 135 154 6 29 97 17 80 127 16 99 153 130 117 176 14 123 104 72 79 175 118 151 8 147 55 12 62 83 118 139 101 35 82 177 81 172 175 67 67 114 17 122 151 18 47 167 54 158 1 32 158 64 49 31 76 176 7 85 162 18 76 32 150 82 141 159 103 120 136 22 95 22 106 152 56 175 140 105 175 116 78 62 126 108 47 85 116 74 6 33 37 147 136 173 83 52 20 3 51 38 146 27 11 110 27 33 1 93 97 173 12 12 36 139 178 163 86 138 175 75 136 55 73 145 147 172 179 68 69 176 1 36 12 100 135 153 54 135 39 175 149 59 13 52 27 130 73 157 71 138 174 125 112 5 63 167 10 93 76 98 64 161 5 66 36 25 56 40 132 108 73 29 114 149 112 88 175 37 89 22 120 174 83 14 22 14 21 95 149 26 103 114 63 57 120 16 69 89 164 167 104 31 106 157 39 19 52 174 49 103 166 117 65 7 20 100 176 85 144 83 11 34 127 69 133 108 134 5 67 103 37 73 108 151 16 25 110 45 108 54 145 90 115 21 180 86 45 105 124 134 98 42 16 140 58 113 5 7 73 110 74 90 81 94 72 69 19 133 164 41 178 41 128 123 152 62 165 45 54 114 88 69 27 15 107 117 71 31 69 39 37 81 108 81 88 116 119 13 105 105 29 65 44 148 134 3 15 152 123 30 28 131 95 117 21 149 67 38 18 155 117 100 94 33 56 12 141 82 102 24 60 142 58 148 79 158 49 149 139 41 69 100 162 67 140 100 153 40 56 148 98 19 29 132 42 107 36 115 46 55 155 65 166 143 177 113 102 52 180 131 6 61 14 101 35 30 53 157 68 132 145 71 90 148 172 16 126 95 178 103 152 158 5 166 166 8 158 82 85 124 77 83 20 9 150 179 77 50 123 110 124 55 124 130 154 129 55 43 25 177 85 33 130 75 149 39 18 105 9 92 2 48 104 115 131 40 152 119 121 57 72 49 20 119 146 56 76 6 53 21 38 32 37 86 87 81 106 43 112 96 118 29 137 45 3 179 177 103 73 138 153 13 160 82 161 48 113 29 103 150 104 99 32 167 115 24 94 33 123 26 68 156 141 154 47 149 25 21 103 116 15 136 77 94 128 18 48 109 101 45 126 132 69 122 155 173 159 121 21 171 143 118 39 23 136 5 144 172 129 142 146 40 68 104 38 139 164 122 116 152 93 12 178 66 87 21 28 5 131 136 139 164 38 109 125 129 120 1 11 137 72 60 41 88 168 141 93 39 180 164 108 97 151 145 126 83 102 134 51 169 79 77 1 129 70 1 20 93 160 40 99 49 34 40 150 89 79 72 26 148 152 101 128 105 123 112 71 164 100 33 106 143 109 29 168 52 170 93 109 136 101 35 85 34 7 86 17 80 140 15 78 82 105 20 145 106 86 33 94 130 139 85 55 140 106 128 42 90 112 121 41 41 121 88 25 78 103 4 95 81 100 10 130 125 19 71 108 72 123 64 75 43 15 143 120 43 50 148 53 115 80 100 15 18 118 37 82 31 8 163 76 149 23 109 64 26 62 130 97 109 57 173 122 179 48
69 105 129 145 131 53 180 23 6 108 24 91 85 64 177 32 131 16 114 23 72 76 141 179 101 61 89 34 135 101 122 12 71 154 12 2 113 99 128 10 180 57 97 110 153 39 111 14 145 49 3 160 40 94 128 128 125 58 150 25 66 115 57 33 77 116 93 9 30 141 5 29 177 177 95 27 120 20 30 59 37 17 96 104 173 88 2 99 9 101 33 67 9 56 12 142 32 3 53 6 11 98 57 81 53 179 159 134 173 86 50 163 156 72 82 43 149 60 140 84 55 160 104 25 127 84 66 52 57 24 7 97 50 148 62 75 64 16 30 65 69 97 139 4 136 122 58 91 111 1 20 62 20 114 126 115 33 35 133 14 9 11 112 102 30 175 84 131 133 121 170 84 120 43 177 53 96 34 113 101 73 55 147 166 10 53 140 107 133 117 138 177 70 106 44 25 45 147 51 38 176 25 169 79 57 60 2 102 147 127 135 23 84 35 27 127 47 10 100 45 13 67 81 145 48 37 1 48 31 102 172 150 150 127 70 85 145 126 66 155 15 107 99 137 78 149 45 141 159 169 111 157 167 123 174 155 180 28 29 93 10 125 164 79 20 109 98 90 116 68 100 96 110 103 153 151 2 71 49 75 179 104 154 107 96 30 98 52 130 13 157 125 83 87 107 120 43 68 31 177 170 180 81 108 45 111 137 22 68 109 126 160 10 90 17 142 98 165 168 160 85 2 90 84 115 147 127 10 157 93 167 43 27 29 139 30 19 120 67 21 125 8 136 121 154 117 141 25 79 41 133 140 86 125 83 2 117 144 53 81 93 12 59 120 36 110 164 33 110 113 162 5 127 31 28 29 73 49 73 172 129 34 145 35 22 45 168 23 145 32 94 11 166 131 55 166 58 157 171 3 85 49 106 165 52 94 123 120 169 172 9 43 133 173 156 89 16 109 117 100 98 140 121 126 55 162 58 101 47 164 62 114 125 142 157 155 47 88 2 152 71 12 29 36 111 15 137 179 174 83 144 130 2 168 72 89 44 150 49 145 100 102 122 97 88 79 125 168 45 51 138 100 173 6 106 99 137 51 76 151 38 140 107 132 95 28 168 102 92 169 61 140 2 178 106 86 29 48 171 37 19 116 145 113 44 9 171 54 78 81 121 150 118 120 47 78 13 73 87 98 82 155 4 75 9 91 21 160 162 135 21 83 149 10 5 149 159 78 23 113 164 35 122 155 42 54 16 10 23 93 87 115 68 18 116 152 167 10 123 64 174 44 121 63 171 41 120 148 113 129 130 150 93 11 37 156 40 27 42 152 119 63 80 16 96 177 174 123 171 24 167 48 106 114 11 147 77 7 127 161 116 2 52 151 134 92 126 6 57 105 96 76 14 176 139 89 13 76 66 6 42 41 93 139 134 49 154 152 161 176 122 94 50 133 144 15 93 12 146 130 58 62 168 133 75 108 68 72 99 79 79 15 56 118 127 8 33 60 53 74 17 36 99 135 177 159 94 67 137 4 160 16 140 124 52 122 52 154 123 178 173 18 18 38 139 24 10 122 170 58 162 32 70 115 112 126 150 12 128 53 149 127 73 101 91 46 27 124 77 170 35 94 106 112 26 109 179 6 127 41 33 18 152 61 30 126 42 88 47 53 47 59 4 78 173 77 125 71 34 132 110 78 150 110 85 53 122 12 153 96 17 17 18 84 53 161 57 71 123 19 168 85 149 57 121 60 95 111 69 8 44 112 71 86 69 85 105 82 171 135 106 14 150 120 99 44 124 31 113 53 122 22 83 77 154 155 12 35 97 174 133 1 28 98 167 6 66 178 26 54 12 19 127 71 122 20 93 65 9 19 97 158 116 131 88 83 172 162 58 123 134 121 104 117 109 105 65 88 15 145 83 73 175 78 169 133 28 100 112 116 173 111 135 162 82 44 15 53 54 48 64 60 64 56 80 107 55 175 11 143 54 68 97 92 86 144 118 177 23 14 31 33 174 167 178 117 102 141 107 108 78 152 61 154 180 22 139 180 77 168 69 52 60 53 76 69 117 117 127 119 18 175 134 99 166 172 153 137 45 99 74 96 149 58 104 53 49 139 49 113 22 75 118 4 40 150 132 99 79 115 51 86 168 39 180 113 22 61 158 51 170 84 97 18 10 113 112 75 14 81 18 160 133 44 8 96 82 67 130 19 125 83 76 158 86 156 7 64 101 174 111 167 43 124 25 80 69 15 172 35 180 158 171 168 55 171 89 26 67 166 83 29 144 89 34 42 162 138 130 134 69 134 112 156 8 153 140 88 75 136 43 117 151 101 40 119 137 147 117 79 132 115 163 62 78 158 75 175 112 76 165 56 98 102 96 76 64 106 169 65 150 2 95 155 130 6 132 148 46 107 159 55 81 89 67 62 115 34 125 108 69 70 160 152 157 12 70 161 122 8 165 153 59 91 46 160 29 159 17 45 113 64 4 110 53 177 68 31 17 83 157 38 133 119 54 98 127 31 176 148 151 127 100 159 34 45 95 150 104 174 58 86 1 118 166 67 72 87 83 158 98 38 139 61 25 24 156 164 27 128 63 150 64 150 32 52 32 25 27 160 177 13 43 170 121 65 118 12 19 91 111 88 41 83 28 130 2 125 158 167 132 154 27 18 112 163 122 48 72 161 20 136 10 36 74 55 34 97 88 62 32 82 47 104 66 170 41 2 17 81
44 58 48 46 107 91 138 139 31 176 64 125 117 86 161 174 97 23 18 180 11 42 41 23 4 149 45 113 38 134 175 93 161 172 122 31 60 40 141 45 76 108 51 111 90 122 130 6 120 142 68 63 159 113 141 152 89 100 75 152 30 177 176 129 91 141 169 102 111 11 170 66 58 39 117 161 81 139 72 16 153 94 27 56 122 4 51 22 23 36 123 174 90 135 110 36 12 108 142 12 149 26 120 11 83 93 85 125 17 169 166 112 147 106 61 41 140 141 180 57 124 3 22 114 119 26 107 28 26 138 18 115 13 95 10 123 64 71 54 102 38 23 160 96 160 11 146 130 125 3 28 41 29 151 107 110 37 133 61 95 38 120 168 110 149 168 8 136 135 156 111 124 136 133 81 170 85 19 81 161 138 3 85 159 104 101 73 48 67 79 49 121 51 57 93 120 50 83 26 96 123 112 1 110 42 173 26 128 32 130 53 142 180 149 72 21 95 140 96 137 176 144 172 100 174 161 12 57 134 116 80 51 151 154 10 29 158 50 21 153 140 135 116 52 153 134 105 54 102 102 68 52 163 83 145 18 128 113 142 21 143 172 9 175 52 18 19 42 75 118 59 170 86 57 27 1 169 82 34 41 87 171 72 87 138 42 37 26 14 107 168 150 126 114 17 66 75 98 33 138 174 71 79 159 82 152 10 123 105 80 92 11 154 18 57 30 38 80 65 116 109 68 31 142 36 77 61 174 111 4 7 150 52 150 37 37 174 12 11 71 172 149 50 57 15 173 48 12 86 103 140 65 140 14 70 129 31 50 95 125 173 176 91 33 43 123 75 110 89 116 41 106 8 132 52 169 156 108 114 162 125 66 52 13 88 174 114 92 126 136 175 8 91 92 74 143 100 32 117 89 130 109 90 175 160 92 126 40 8 105 59 150 26 95 148 126 159 120 108 26 129 12 179 56 152 138 150 120 150 49 152 173 43 100 73 126 95 100 53 163 156 8 127 163 147 160 158 3 159 60 178 27 175 49 39 44 81 173 44 131 80 174 82 70 86 158 129 49 76 89 6 145 7 76 174 2 82 29 35 131 107 168 5 77 129 48 6 157 157 105 11 153 92 1 59 107 139 115 59 154 138 21 165 163 171 126 152 24 33 8 57 118 60 31 58 180 69 173 33 138 119 44 87 112 120 140 162 167 8 136 15 18 158 50 99 179 138 161 176 66 7 128 148 55 97 115 67 92 139 21 88 95 48 55 60 11 178 148 4 141 105 169 149 33 155 140 30 48 169 175 42 99 110 16 75 3 148 152 148 142 36 159 20 155 160 175 45 27 81 66 56 17 130 42 125 81 142 39 75 58 134 175 163 30 105 14 130 9 167 130 68 110 148 54 177 31 100 177 93 114 169 35 133 130 149 133 167 157 118 72 163 11 38 50 120 84 50 43 67 134 58 77 121 73 107 90 89 111 92 82 118 64 172 167 19 11 70 89 90 118 30 32 115 96 11 38 110 92 132 105 168 31 151 71 59 83 146 163 180 5 156 101 94 159 3 23 67 165 156 69 140 37 6 144 176 178 24 145 26 138 174 58 60 86 38 176 76 159 148 171 39 31 169 30 26 26 63 45 15 44 11 14 7 16 106 46 6 141 47 127 149 160 85 161 35 124 21 27 134 157 91 46 149 26 170 153 137 72 1 140 58 69 99 67 175 87 78 85 47 118 36 141 32 139 41 2 31 12 62 136 92 62 14 151 31 38 166 22 29 22 82 71 71 71 32 31 36 53 120 138 105 154 93 108 20 101 115 151 180 99 93 68 13 139 17 40 172 82 109 160 91 140 23 63 44 79 55 51 171 165 87 149 166 92 116 35 63 175 32 82 165 148 26 55 38 101 68 168 127 66 60 11 73 5 32 119 43 180 11 165 76 88 136 23 29 161 174 98 42 16 43 154 141 70 17 61 35 174 3 35 8 170 20 85 86 150 160 13 75 92 61 159 108 71 170 49 41 147 46 172 123 110 90 128 19 138 110 37 111 75 23 132 139 7 156 81 159 118 3 165 167 93 74 93 168 51 169 135 74 99 147 104 140 105 74 77 53 121 6 105 33 93 176 168 81 119 145 124 61 19 29 136 96 161 24 139 89 177 127 25 44 127 44 136 176 87 174 90 111 56 87 120 3 147 157 134 4 95 82 94 10 61 110 172 8 68 155 139 123 7 81 48 107 143 58 149 69 42 180 171 42 132 86 18 76 147 165 170 43 56 80 168 58 89 122 58 174 149 60 19 112 159 156 44 171 150 27 128 161 6 113 150 117 23 118 148 166 37 47 29 168 141 102 86 54 76 44 45 38 66 118 55 105 146 72 118 34 150 90 177 108 160 144 161 84 76 69 25 36 74 101 156 26 53 90 71 126 89 180 91 23 99 30 54 89 171 157 174 37 167 109 77 142 168 69 27 74 17 179 144 70 107 90 143 55 14 140 157 132 155 98 43 95 55 81 180 177 150 132 172 109 63 17 18 49 167 152 128 59 109 51 22 78 85 176 160 21 110 97 13 124 43 106 49 33 62 114 38 41 36 83 109 73 109 177 165 179 150 5 125 155 107 142 142 76 165 172 61 56 150 53 4 10 44 94 12 107 43 137 59 165 92 97 51 162 156 12 46 171 93 61 26 38 42 176 115 33 139 132 44 12 7 107 127 107 114 10 59 77 57
7 160 142 29 87 16 160 61 119 47 112 60 135 33 99 64 83 2 65 151 32 113 118 11 130 134 35 164 53 179 135 131 176 85 20 118 134 120 139 108 72 168 41 130 96 7 4 172 145 149 165 65 72 133 95 75 74 9 137 83 19 106 5 147 124 142 43 64 137 66 78 62 54 67 106 80 44 54 176 111 98 173 115 54 20 94 52 83 108 6 150 52 47 94 173 151 178 83 90 167 98 44 126 4 62 22 160 178 96 163 38 70 41 158 16 21 2 122 40 161 156 122 157 60 71 149 173 112 179 78 83 61 54 35 47 29 141 110 72 66 131 10 126 137 179 21 83 117 69 53 140 13 102 89 29 47 160 62 35 136 167 146 141 57 116 86 174 36 152 63 169 24 37 103 132 52 67 144 57 97 82 98 67 136 35 131 65 18 114 19 16 141 20 161 127 176 152 121 66 2 100 129 65 92 161 139 179 56 111 80 43 77 6 76 84 127 147 58 174 158 21 156 138 120 50 46 127 79 149 47 95 37 132 118 6 177 109 157 86 96 76 37 52 116 132 157 28 51 10 164 32 176 83 164 164 157 147 91 69 31 100 159 77 114 177 9 92 111 135 30 112 134 57 104 72 53 141 120 176 109 66 12 102 149 83 28 19 141 68 147 49 88 88 16 105 132 179 71 32 25 118 71 83 37 12 10 140 142 93 71 14 179 133 22 175 68 26 173 160 57 93 122 8 171 172 132 125 22 122 143 62 130 64 117 102 3 16 108 125 78 125 77 117 176 117 178 109 91 144 48 168 169 157 170 53 24 9 104 24 173 138 124 57 78 132 159 62 92 128 158 73 68 107 89 133 141 163 89 22 35 154 177 98 25 180 67 179 97 7 82 100 150 69 74 59 18 10 178 29 19 24 11 177 160 54 169 152 88 9 43 148 70 84 24 16 127 55 78 171 24 129 80 16 36 138 144 150 17 43 94 69 75 56 171 27 161 8 125 27 71 151 29 53 172 80 133 140 94 31 67 144 37 171 2 44 137 53 144 163 55 67 157 95 53 164 118 152 79 137 129 47 180 92 73 130 32 160 13 176 29 118 173 179 137 156 118 160 30 148 23 131 10 5 23 89 110 77 149 179 123 48 18 21 54 51 129 32 111 107 103 152 143 177 30 152 4 85 78 137 57 61 87 128 10 118 149 58 158 129 75 166 178 169 14 75 33 91 167 167 83 4 80 1 90 35 111 124 16 18 49 65 59 19 139 129 149 129 87 24 103 93 61 142 162 128 40 77 111 19 169 96 122 28 101 120 71 111 18 126 143 127 99 86 143 54 55 54 88 39 72 131 162 108 146 160 154 60 160 122 110 100 161 84 144 106 27 118 121 156 143 151 47 62 89 173 122 44 82 18 172 5 96 7 79 17 148 115 176 127 61 36 65 45 108 133 140 147 161 166 36 82 2 4 42 143 13 58 55 35 81 52 15 157 44 79 6 154 22 79 145 102 4 75 72 41 9 3 163 159 86 20 74 52 170 97 74 64 100 5 53 148 75 91 37 166 131 180 145 148 50 1 158 62 75 147 157 84 156 128 42 81 156 87 79 77 33 14 151 44 23 24 82 20 153 152 119 85 101 116 77 148 55 40 70 108 119 162 99 98 124 135 128 52 71 59 173 138 113 120 48 174 169 85 115 121 161 121 142 35 40 92 7 115 95 92 28 93 171 161 123 77 132 29 95 126 29 71 79 160 42 155 113 154 161 18 152 115 24 77 155 37 130 139 106 49 130 8 100 39 101 100 85 174 2 122 91 31 71 52 4 130 43 42 50 26 76 128 21 103 83 54 33 95 19 167 53 129 78 36 77 180 80 45 3 45 55 21 106 121 180 61 98 12 172 88 117 117 134 23 127 50 131 4 155 157 10 30 165 48 158 150 145 133 175 49 3 127 113 21 149 13 174 174 57 50 109 101 22 47 164 132 145 57 47 10 12 76 176 89 23 83 26 176 166 123 160 142 109 20 139 149 95 67 102 37 127 151 64 22 106 167 100 170 35 128 44 2 32 162 73 107 60 92 168 162 37 124 169 127 111 168 42 105 42 50 141 128 130 109 14 173 35 80 118 140 131 143 88 44 77 71 117 124 46 123 152 176 115 123 61 119 122 61 39 155 36 174 93 12 104 123 63 59 90 145 104 67 120 33 67 10 178 153 50 109 79 99 56 122 144 119 94 165 31 90 84 62 59 66 128 14 70 50 135 51 35 126 26 2 107 29 71 37 159 83 118 96 153 114 88 64 147 144 72 105 79 103 86 42 71 159 89 49 44 180 100 141 66 132 61 44 157 165 4 17 33 33 9 160 33 160 163 114 13 75 175 159 109 95 172 51 143 145 162 174 13 46 17 40 78 97 92 18 165 72 92 138 13 49 9 28 150 4 40 169 39 87 49 134 45 5 120 70 124 80 179 156 58 124 46 123 141 27 66 109 127 57 23 53 12 17 59 167 108 118 146 22 158 97 84 68 128 77 78 140 55 144 154 134 47 20 160 49 71 63 139 93 104 103 97 168 157 5 120 49 90 43 23 141 111 91 138 17 139 27 117 123 112 139 34 99 57 72 106 85 92 35 75 120 148 158 167 101 79 112 176 98 22 178 134 95 123 64 69 144 154 161 155 116 39 124 41 165 95 96 82 82 167 175 180 149 78 138 129 59 131 7 83 33 48
145 91 103 99 55 91 15 124 38 13 144 84 80 174 4 49 4 173 73 110 20 30 145 101 36 21 24 164 10 94 73 178 159 97 149 97 14 30 88 57 132 119 90 128 64 25 162 125 132 51 180 166 78 13 56 135 142 16 100 35 91 1 137 132 120 139 54 169 153 137 137 9 92 97 140 122 64 94 97 176 96 39 70 108 34 86 44 115 139 77 98 75 77 41 54 13 47 116 62 11 65 21 73 24 132 143 161 53 85 97 82 54 90 87 136 166 90 84 118 37 34 95 33 171 101 154 71 161 103 73 28 159 153 81 29 62 41 74 151 34 62 174 180 87 71 38 2 175 161 145 17 13 114 52 6 26 31 60 99 60 163 5 18 96 166 60 168 139 28 131 37 120 120 110 64 158 63 58 9 95 54 15 29 61 93 143 140 129 103 170 3 155 110 42 75 75 21 156 147 84 79 160 138 137 22 98 77 115 76 134 139 157 85 167 44 30 120 117 165 18 6 171 164 25 156 44 73 89 152 52 162 109 84 126 116 136 27 5 70 154 141 144 154 144 143 124 145 67 169 93 108 123 10 32 178 79 161 25 100 162 153 88 56 1 82 39 21 55 132 179 10 3 141 61 126 49 147 109 175 138 124 123 140 49 170 71 156 41 56 56 17 78 67 136 54 121 106 110 150 81 174 29 126 7 34 78 16 69 144 155 12 137 130 57 63 103 95 153 134 135 34 108 44 45 49 48 92 32 82 96 179 172 3 109 116 49 74 31 164 80 98 55 162 70 122 157 69 136 85 41 118 56 74 165 85 57 147 30 144 120 104 180 141 133 104 115 149 95 137 128 5 9 166 152 119 103 14 150 125 162 115 31 68 110 140 144 32 179 92 80 126 142 33 112 2 70 131 1 46 46 177 25 160 64 79 174 172 118 147 69 131 164 132 128 101 154 169 130 10 113 55 89 114 101 99 161 76 25 54 118 61 139 47 99 144 74 123 83 51 19 177 81 172 57 156 8 178 152 97 127 153 26 10 1 123 131 4 67 78 120 107 83 100 86 18 55 176 132 104 19 79 113 113 103 35 5 104 91 63 122 175 135 56 155 108 17 111 50 86 128 24 4 126 88 154 57 71 14 46 62 179 64 167 102 176 83 20 78 112 104 167 61 47 66 172 57 83 173 141 81 58 20 81 20 110 102 35 57 117 80 125 121 33 96 1 81 44 131 166 106 48 119 75 42 37 38 129 23 35 120 109 113 140 63 48 46 45 164 113 58 139 127 103 165 28 148 144 76 90 104 90 82 151 5 62 7 162 146 70 148 92 55 125 50 43 81 80 173 175 93 151 45 150 93 99 99 60 1 66 115 108 30 30 39 151 176 96 74 89 124 179 4 48 125 134 89 85 138 140 138 30 142 107 117 101 37 4 68 95 44 30 48 151 132 81 1 59 115 23 4 53 8 21 167 64 14 24 28 152 69 125 117 127 55 112 110 34 14 104 32 157 90 140 168 83 58 48 107 55 138 82 169 55 156 77 57 73 113 45 21 52 14 126 147 86 158 170 101 140 173 146 151 121 53 150 100 114 171 3 111 163 155 18 125 95 93 155 160 22 33 72 6 141 78 149 121 116 70 94 72 156 66 100 57 90 85 3 148 164 39 179 110 148 94 159 154 136 73 105 154 45 139 170 112 68 47 80 112 128 131 66 48 75 96 59 141 37 28 81 30 157 48 96 17 14 176 70 106 81 123 153 98 58 135 76 24 86 27 141 89 61 31 84 174 23 49 147 99 43 132 151 99 153 8 55 60 80 72 12 72 54 58 17 114 4 53 40 23 36 16 119 91 8 6 79 71 179 147 59 57 25 71 52 158 165 46 110 110 27 172 65 101 102 6 70 75 121 37 84 33 128 20 122 35 98 42 102 110 28 30 141 125 101 66 95 165 136 147 84 145 64 36 21 179 86 28 72 141 155 29 124 44 124 116 29 164 103 145 139 39 114 55 23 130 150 98 36 102 71 83 131 154 71 96 1 74 53 29 18 102 11 124 120 61 19 101 25 134 62 110 14 168 177 133 85 12 73 102 148 28 17 22 43 173 163 63 42 179 29 123 9 53 140 142 49 46 161 160 167 77 180 50 45 6 110 29 104 2 19 9 9 136 126 107 42 96 15 135 56 41 14 100 161 2 177 75 71 141 90 176 43 76 170 154 124 153 95 169 179 60 167 104 51 162 160 102 33 76 110 14 151 122 89 100 87 27 24 150 124 111 114 164 155 5 34 54 160 35 62 172 91 143 26 163 103 105 50 50 13 91 154 19 25 28 59 38 21 68 9 40 112 160 25 45 142 103 98 59 35 54 48 125 122 76 168 34 115 139 106 73 56 2 53 99 3 34 69 169 157 34 68 174 106 134 3 110 78 169 37 77 126 54 124 125 156 175 62 14 27 159 96 179 53 123 125 151 133 31 35 28 26 21 170 149 56 42 121 149 115 159 70 175 32 54 162 171 131 120 6 132 73 89 133 132 121 58 111 60 158 123 93 146 144 95 24 47 91 91 127 68 62 137 85 123 97 28 83 106 110 49 55 103 65 63 172 179 4 99 117 117 96 124 110 98 125 72 50 178 129 116 30 44 74 110 129 108 101 48 117 44 50 179 131 147 125 171 119 83 149 38 117 120 55 149 99 129 56 179 116 157 71 72 157 131 87 124 39 95 64 80
171 28 5 6 175 91 149 130 83 68 79 85 174 96 4 2 2 4 169 127 93 174 82 78 112 23 68 13 57 118 118 13 62 139 99 97 147 111 6 172 45 74 61 83 134 9 150 136 117 106 7 153 57 102 81 20 165 175 117 144 2 172 8 53 70 120 164 123 55 109 35 39 74 72 23 164 70 168 52 12 5 117 55 122 106 54 31 129 90 30 159 172 66 9 144 138 1 36 171 88 105 154 158 125 128 180 119 173 170 95 68 91 124 171 31 95 122 137 135 34 157 68 167 135 120 179 106 91 88 29 151 12 77 109 20 154 162 136 13 108 14 48 29 124 145 173 138 68 174 56 62 66 103 146 180 76 102 128 52 85 79 117 170 89 6 164 25 170 19 90 44 88 6 96 115 158 156 103 138 29 173 76 70 35 132 56 87 146 15 121 60 1 28 152 67 84 165 62 135 159 75 126 77 18 177 33 99 177 141 75 114 82 22 10 148 19 21 37 22 33 176 51 142 133 101 177 22 44 140 129 67 160 130 166 117 46 148 118 89 140 20 32 157 34 178 18 77 140 62 178 52 30 16 87 145 79 75 109 10 177 25 81 172 160 2 106 114 127 91 12 110 129 167 111 33 87 90 163 174 116 96 36 101 98 37 133 82 54 134 85 151 111 7 5 8 107 71 128 21 105 78 96 58 105 54 88 74 141 167 62 67 96 177 81 28 28 41 150 143 117 32 140 175 7 78 55 177 62 12 118 100 138 80 86 67 162 179 75 83 53 92 107 106 70 23 88 75 101 83 121 1 37 60 111 176 110 20 30 175 57 58 169 6 62 28 72 161 119 54 118 96 122 82 46 117 161 89 79 13 30 56 17 58 78 124 168 119 15 141 22 127 22 134 128 172 16 43 98 165 128 144 14 111 2 150 59 35 138 21 156 105 109 155 122 102 16 149 46 130 13 155 177 86 150 136 90 172 65 109 73 91 144 133 63 23 177 3 2 136 171 68 109 172 155 148 156 124 81 134 88 139 71 176 66 81 45 33 26 161 130 170 127 80 176 150 55 66 58 116 17 68 65 132 83 126 171 110 132 80 119 53 123 155 47 69 139 108 50 35 4 178 58 14 129 160 5 173 124 15 83 36 96 67 54 54 158 160 8 166 5 162 51 135 112 113 42 89 38 164 130 153 157 139 119 6 142 44 64 104 148 19 60 143 143 13 137 25 96 92 60 40 11 21 8 118 7 92 60 153 79 20 125 133 82 88 89 161 38 178 168 98 23 58 85 120 7 143 177 37 17 55 49 37 134 105 150 165 65 95 86 153 36 83 78 4 118 101 39 31 9 62 164 135 33 121 70 85 68 17 18 153 14 141 139 123 29 92 155 94 70 172 91 163 61 148 147 148 166 113 23 12 19 22 33 140 152 122 67 121 42 99 54 67 3 81 66 73 1 85 33 105 125 133 116 74 165 6 48 87 132 39 12 49 80 36 163 82 106 31 111 53 157 14 81 44 59 105 22 132 178 161 76 151 170 23 42 7 94 109 158 47 29 103 103 77 157 113 83 34 163 94 154 107 113 59 94 85 37 141 129 173 104 56 109 148 110 79 4 147 10 5 108 73 70 87 169 29 104 164 103 30 166 11 82 53 178 72 68 141 179 46 171 166 120 8 1 171 18 106 107 74 94 12 149 13 102 19 108 125 25 176 38 79 111 139 118 137 125 141 20 98 151 36 149 116 32 97 10 55 121 173 55 4 140 61 62 159 54 84 47 109 17 73 27 159 3 6 162 108 66 176 52 71 165 35 153 121 13 145 54 30 90 119 6 102 113 147 38 124 99 64 59 21 74 134 57 84 115 68 93 52 55 106 176 27 166 9 152 58 114 24 89 79 147 51 77 40 23 147 20 97 95 89 154 87 161 122 22 124 172 21 101 26 161 33 137 78 85 39 111 144 146 26 120 131 61 1 88 175 52 114 12 24 89 176 92 18 45 12 10 80 11 110 140 120 99 156 141 132 121 48 116 157 39 133 53 118 83 175 130 135 158 113 151 171 177 51 119 124 101 161 164 54 147 156 142 159 73 165 112 29 43 81 92 32 39 50 77 21 142 69 29 8 95 75 13 83 68 154 124 80 165 20 40 92 1 89 114 144 10 58 91 36 120 146 90 54 111 125 69 66 7 89 104 58 170 24 96 13 12 5 57 63 79 71 172 22 125 33 92 67 53 172 52 51 88 86 179 85 135 84 69 41 157 151 176 66 173 167 64 152 87 86 49 117 179 118 21 128 175 29 163 2 157 137 89 21 135 84 109 48 35 5 7 35 58 167 101 156 6 136 109 91 19 85 59 54 163 124 152 132 111 164 2 107 167 17 120 142 116 72 50 115 145 108 96 61 110 169 16 92 60 96 57 30 66 34 34 7 12 179 88 172 93 174 35 43 98 6 40 81 137 109 157 45 127 91 77 75 14 152 167 98 141 171 5 72 11 129 131 35 39 64 100 122 71 166 77 170 107 142 58 41 69 98 172 180 125 9 92 93 95 62 172 34 116 13 18 123 106 133 126 93 117 165 139 87 152 119 43 94 105 67 9 85 29 96 10 150 59 16 56 154 154 8 100 129 177 174 9 163 5 52 4 97 14 31 138 126 63 81 29 108 87 154 108 24 54 165 115 69 43 83 95 70 121 119 85 98 138 48 148 98 95 121 161 21 136 132 67
167 102 87 9 128 91 179 140 168 145 149 103 149 138 147 37 97 152 75 176 126 83 30 53 174 66 91 102 165 168 28 138 77 104 47 27 61 154 141 148 98 86 78 140 167 27 29 105 45 104 132 152 67 135 18 169 101 15 23 170 149 158 69 94 104 171 159 102 59 2 73 128 154 130 126 136 145 44 108 43 24 178 144 24 170 37 142 40 48 22 75 145 137 139 141 63 116 177 57 99 157 59 4 68 115 29 140 157 73 179 8 177 19 63 27 4 151 48 13 106 99 80 19 133 74 107 134 18 149 79 116 153 56 101 168 47 134 37 120 54 44 137 93 95 9 9 21 8 99 63 64 97 178 7 50 91 116 127 153 43 63 54 120 148 112 102 5 177 107 100 109 92 174 15 174 33 37 67 84 103 117 28 85 161 106 69 90 178 6 3 89 2 33 30 142 46 69 108 150 166 25 133 49 62 73 109 56 141 98 102 56 118 31 98 156 87 34 18 10 107 120 151 173 73 93 147 119 12 74 120 96 100 179 133 28 143 29 13 10 30 117 68 180 54 25 157 92 84 77 54 85 90 61 75 127 42 80 34 60 105 29 107 84 128 64 115 54 56 144 148 165 1 168 126 73 145 119 30 170 96 126 37 56 76 105 18 134 35 69 90 64 46 83 155 14 76 29 119 59 157 6 132 88 102 97 161 18 15 29 146 99 115 180 42 67 88 73 136 124 120 158 83 18 45 20 125 5 12 161 176 144 26 180 92 19 140 116 100 67 180 129 37 76 75 138 91 128 35 112 129 107 90 89 118 8 24 135 10 103 27 79 73 21 147 153 170 161 49 108 2 147 12 10 152 101 147 41 174 45 5 122 49 155 69 95 23 116 52 80 137 89 173 82 18 75 87 46 93 61 43 171 23 143 180 126 51 14 180 44 127 119 4 32 26 171 8 176 119 41 52 11 145 7 68 50 71 39 34 2 129 135 118 76 47 92 18 90 112 13 5 50 51 82 88 34 168 152 104 90 47 25 168 34 107 68 174 53 135 144 96 177 179 111 82 114 101 75 56 175 149 44 47 99 134 46 97 12 161 110 172 163 18 94 169 98 124 87 28 153 61 16 47 77 14 169 34 87 92 107 168 51 136 77 132 71 131 119 18 92 38 166 74 165 50 8 173 128 105 27 150 86 172 21 80 146 84 30 168 74 133 14 157 143 124 115 98 136 163 21 131 43 105 14 74 137 118 145 108 32 175 56 118 48 98 34 22 180 90 153 11 150 120 150 155 26 86 34 176 91 55 179 68 139 82 161 20 19 66 19 105 5 95 27 55 128 16 180 59 64 153 50 156 59 177 66 35 64 51 158 34 45 162 64 92 6 134 56 108 50 88 19 140 101 165 32 104 169 35 42 127 17 154 137 116 94 154 105 102 157 46 35 16 127 93 180 48 103 175 40 25 179 169 164 50 108 28 172 40 2 164 70 96 29 3 127 61 180 147 33 53 73 51 84 120 119 178 48 71 35 94 2 145 180 52 174 45 126 27 50 170 76 84 103 62 16 30 149 113 52 13 166 44 144 128 85 149 55 15 67 175 13 129 87 138 65 58 170 31 20 9 56 45 53 133 107 40 34 164 65 152 78 124 28 95 111 4 136 51 109 70 156 2 88 78 134 106 127 39 120 66 134 78 170 131 109 79 42 139 76 30 20 151 139 100 118 70 93 83 115 59 79 148 76 9 174 92 95 85 106 23 72 51 91 26 147 89 133 55 140 97 144 98 167 166 16 173 129 142 25 142 168 6 118 102 125 73 156 152 116 70 78 96 96 91 41 12 56 172 124 129 16 51 121 117 105 9 158 81 120 92 157 99 42 47 161 108 155 10 150 36 155 79 164 48 28 168 21 74 80 7 155 17 141 66 151 22 109 76 135 178 63 122 70 20 81 177 92 124 136 108 172 60 133 16 64 63 68 130 141 97 174 178 44 39 10 148 157 135 150 45 88 1 138 79 84 74 171 76 20 23 143 50 76 137 69 171 75 24 6 23 32 139 103 110 74 84 41 157 133 9 80 100 9 176 180 51 127 145 68 95 125 167 122 90 34 97 157 140 126 165 145 74 124 136 74 171 151 177 8 32 168 120 129 21 138 2 29 16 10 15 168 176 160 150 161 106 8 53 105 70 100 80 171 152 28 121 97 141 115 93 103 70 179 152 106 73 174 65 116 90 54 97 84 112 113 53 124 169 148 61 96 24 31 1 15 146 23 71 91 28 163 148 51 111 155 140 63 165 33 67 128 161 90 12 71 159 35 87 69 86 40 53 175 91 108 148 125 22 62 110 124 158 10 48 9 49 53 167 75 123 48 82 38 128 149 99 164 154 5 174 67 88 94 91 135 155 56 85 84 57 21 162 126 93 15 100 177 50 63 155 57 49 15 106 22 41 36 85 15 3 27 93 129 70 127 104 48 86 114 92 54 9 15 150 64 7 154 52 164 159 1 128 45 132 20 88 164 68 109 155 56 133 131 22 26 122 72 34 59 86 82 122 7 148 27 28 131 169 75 40 132 131 125 46 35 47 178 6 61 151 29 67 38 43 178 154 157 28 7 38 11 14 129 10 174 134 70 166 90 26 54 158 60 82 93 142 81 105 144 159 154 162 91 39 159 164 123 44 19 119 44 129 66 33 169 179 175 60 155 67 66 1 24 80 97 42 79 84 78 5
0.4
0.3
0.2
0.2
0.3
0.3
0.3
0.3
0.3
0.3
0.3
0.2
0.4
0.3
0.3
0.2
0.4
0.3
0.3
0.3
0.2
0.4
0.3
0.3
0.3
0.3
0.3
0.3
0.3
0.2
0.3
0.2
0.3
0.4
0.3
0.3
0.4
0.4
0.4
0.3
0.2
0.2
0.3
0.3
0.2
0.3
0.2
0.2
0.2
0.3
0.3
0.2
0.3
0.3
0.3
0.3
0.3
0.3
0.4
0.3
0.4
0.4
0.4
0.2
0.3
0.4
0.3
0.4
0.3
0.3
0.4
0.3
0.2
0.3
0.3
0.3
0.3
0.3
0.3
0.4
0.3
0.3
0.3
0.2
0.3
0.3
0.3
0.2
0.4
0.2
0.3
0.3
0.4
0.2
0.3
0.2
0.3
0.4
0.2
0.3
0.3
0.3
0.3
0.3
0.3
