6 12
6
      2024
      1693
      2182
      1884
      2529
      1712
  4.6  61.1  59.5   1.7 
  2.3  42.2  30.3   1.6 
  3.1  67.1   9.3   2.3 
  3.1  15.4  46.8   2.1 
  4.1  20.4  78.5   1.6 
  4.2  33.7  25.4   2.3 
  3.9  29.8  57.4   1.7 
  2.4  38.5  35.2   2.2 
  1.4  40.6  42.8   2.3 
  4.3  55.7  60.0   1.7 
  3.5  60.3  44.0   2.2 
  1.9  53.7  24.1   2.2 
  4.8  63.8  19.5   2.5 
  4.3  23.3   7.7   2.5 
  2.1  58.9  79.5   1.8 
  4.7  16.5  37.1   2.1 
  5.0  38.2  62.9   1.7 
  3.4  48.6  75.1   2.3 
  3.3  29.3  10.0   2.2 
  1.4  69.7  15.3   1.6 
  3.9  20.0   7.2   2.0 
  4.4  56.3  25.8   2.3 
  4.4  65.9  64.4   1.7 
  4.4  21.2  66.4   2.4 
  4.2  33.0  80.3   1.7 
  3.5  16.8  65.2   2.5 
  4.4  66.5  87.9   2.5 
  4.5  22.4  56.8   2.1 
  5.0  30.5  63.4   2.1 
  3.0  23.7  91.1   2.0 
  4.0  21.6  43.9   2.0 
  2.5  34.9  77.4   1.8 
  2.2  42.2  35.7   2.5 
  4.2  68.1  45.7   2.5 
  2.5  38.2  75.7   2.0 
  2.2  49.5   6.9   2.4 
  0.2   0.3   0.3   0.2   0.3   0.2   0.4   0.4   0.2   0.2   0.2   0.4   0.4   0.3   0.4   0.3   0.2   0.2   0.2   0.3   0.3   0.2   0.2   0.3   0.3   0.3   0.2   0.4   0.2   0.3   0.3   0.2   0.2   0.3   0.3   0.3 
   13    89   168    36   100    19     2   178   143    38    61    16   137    99    40   108   145   101    19    19   157     2    13    57    96    37   104   177    77    84    53    25    42    54    89    41 
   36    16    82   179   163    35   162   131    50    78    33   173    86   159   152   112    86   151   100    91    37    86    10    17    75   143   136   169   124    49   150   128    75    47    19    56 
   18    48    34   168   111   109   106    65    23    25   170   142    17    65   131    71    94     0     2     4   132     4   147    45    85    90   152   105    87   120   170   179   147   161   113   149 
  140   160    33    27   146   128   169    92    93    22    84    22    58   165    38     9    26    87   154   174   116   110    28    63   140   126    44   137    87    21    13     7    70   178    75    91 
   32   109   172   127    63   108    11   121     0    74    23    42    62    44   126    79   105     3   176    63     4   115    12    94   166   175   164   112    90    17    19   176   179   157    41   154 
   45    98   117   101    93   156   123    87    90   172    78    24    86   115    18    51   108   142    32     9    84   130   130   142   164    20    21   178    68    35     0   165    68    88   159   133 
  177    17   104   160   138    97    80   146     6    61   178    26   111   143    76    45    82   152   144    69    11    18   106   167   110    61    51   152    16    26    92    55   108   131    23   135 
   78   172    64    89    69   114   106   173    59   172    85   156   127    80   125   129   136   135   134   161   174    34   107   100    77    77   161    81   171   144   133    69   179    21   143   164 
   62    22    12    30     7    50   114    63    80   151    61    23    28   111    99   162    77     1   113   116   117    11    30    86   125    51   115   172   131   146    58    55     6    56    75    90 
  114   169   111    39   131   165    22    88    21     9   169    41    13    34    33   112   138   117    58    36    95    46     2   171   137    38    28   178    84   143   172   121   139    29    26   136 
  178    38     5   147   179   118    40   179   160   123   179    65   161   104    21    29    28     8    99   172    65    46   122   165   155   157   152   116    34    58    15    19    93   119     0   169 
  104    16    62   148   146    80   100   135    77   115   130   137   129    74    89   146   135    79    71   163   178   174    49   137   179   164   107   172    16   120    39   127   176   141   149   141 

  0.21
  0.36
  0.20
  0.27
  0.32
  0.32
  0.22
  0.22
  0.31
  0.33
  0.31
  0.27
  0.24
  0.22
  0.37