50 12
4
     13274
     14036
     14401
     13632
  1.9  33.9  59.5   1.7 
  3.0  60.3  80.3   1.7 
  3.4  49.8   7.7   2.5 
  1.7  19.9   9.3   2.3 
  4.4  49.2  87.9   2.5 
  2.3  41.0  37.1   2.1 
  2.0  49.6  78.5   1.6 
  2.1  37.5  63.4   2.1 
  2.9  44.0  75.1   2.3 
  2.0  43.1  70.2   2.3 
  1.1  51.0  36.6   2.0 
  1.6  65.0  14.7   2.4 
  4.1  18.9  79.4   1.5 
  2.9  52.0  61.6   1.6 
  3.7  51.3  25.6   1.8 
  4.0  34.9  14.2   1.7 
  3.9  68.6  29.2   1.6 
  1.4  36.7  22.4   2.0 
  2.3  19.3  89.3   2.5 
  3.3  63.3  60.6   2.4 
  1.8  71.7  59.8   1.7 
  2.6  64.9  58.1   2.4 
  1.3  32.1  37.8   2.2 
  1.8  51.8  16.5   1.8 
  2.3  19.6  17.6   1.9 
  2.2  65.7  90.1   1.7 
  2.9  51.1  76.2   2.5 
  4.5  43.3  13.7   2.0 
  2.2  36.7  37.6   2.4 
  2.6  70.4  70.9   2.3 
  4.7  67.3  41.0   2.1 
  2.9  42.5  52.2   2.0 
  1.7  21.1   5.4   2.3 
  2.2  52.0   6.1   2.1 
  2.9  46.2   7.1   2.0 
  2.5  61.2  71.5   1.7 
  2.6  48.8   7.0   2.0 
  2.6  45.8  79.0   1.6 
  3.4  46.7  27.8   1.6 
  2.5  16.4  47.6   1.9 
  3.3  27.0  50.4   2.3 
  3.3  51.8  81.3   2.3 
  3.3  40.9  57.8   2.4 
  2.2  65.0  48.6   2.2 
  4.5  36.3  65.3   1.8 
  4.1  23.9  90.3   2.3 
  2.5  74.2  94.8   2.2 
  4.1  22.6  78.8   1.9 
  4.3  48.5  85.9   1.8 
  3.8  67.3  61.6   1.6 
  4.3  45.5  57.4   1.7 
  4.8  62.3  43.9   2.0 
  1.4  20.0  15.3   1.6 
  4.3  73.9  42.8   2.3 
  3.8  67.6  35.7   2.5 
  1.5  42.0  25.8   2.3 
  3.4  55.3  44.0   2.2 
  1.7  47.6  75.7   2.0 
  1.2  69.4  66.4   2.4 
  4.2  34.8  78.2   2.5 
  2.1  36.7  17.4   2.3 
  2.7  38.5  70.9   1.8 
  2.0  55.9   7.2   2.4 
  5.0  35.0  39.8   2.5 
  2.9  38.4  55.5   2.1 
  3.4  70.2  27.6   1.7 
  1.8  26.1  54.0   2.1 
  1.7  37.4  64.0   2.5 
  1.1  31.0  55.8   2.2 
  3.1  49.1  51.7   1.9 
  1.1  16.6  83.2   2.1 
  4.2  59.5  66.6   1.6 
  4.3  67.6  48.6   2.2 
  1.9  62.3  50.4   1.5 
  4.5  74.4  91.2   1.9 
  4.0  58.2  44.2   1.6 
  2.5  35.2  17.5   1.7 
  3.3  67.0  48.2   1.8 
  2.8  35.7  62.9   1.7 
  3.0  35.1  14.1   2.2 
  4.8  60.1  30.9   1.9 
  4.2  70.3  59.1   2.1 
  4.4  17.8  76.1   1.5 
  2.5  37.0  21.4   2.5 
  1.4  56.5   9.6   1.9 
  3.6  28.5  47.1   1.5 
  4.1  69.6  70.3   2.1 
  3.3  60.5  70.3   1.6 
  3.2  22.3  76.4   2.0 
  4.9  35.9  87.1   2.4 
  1.2  72.0  15.2   2.5 
  4.7  49.9  16.0   2.4 
  2.3  51.0  94.1   2.1 
  2.8  36.1  39.5   2.0 
  3.8  47.5  22.6   1.6 
  1.9  22.4   5.1   1.6 
  1.6  29.0  87.9   2.5 
  3.3  26.2  39.3   2.5 
  3.5  29.5  49.4   2.4 
  4.6  21.1  85.0   1.7 
  4.4  59.4  19.5   2.5 
  1.2  62.5  30.3   1.6 
  3.2  52.9  65.2   2.5 
  4.7  47.9  79.5   1.8 
  4.5  24.6  46.8   2.1 
  1.4  20.5  56.8   2.1 
  2.4  52.2  62.9   1.7 
  1.3  67.6  25.4   2.3 
  3.2  59.3  91.1   2.0 
  1.4  36.9  76.4   1.7 
  3.5  28.0  60.3   2.4 
  3.0  16.1  82.6   1.6 
  2.2  51.9  83.3   2.2 
  1.5  22.9  94.7   2.3 
  1.7  32.6  51.1   1.6 
  4.8  41.2  36.5   1.9 
  4.3  63.5  16.1   2.5 
  4.5  74.0  11.1   1.9 
  4.8  64.0  20.1   2.0 
  4.9  32.5   8.7   1.9 
  2.9  33.1  30.1   2.1 
  1.1  57.6  62.1   2.1 
  3.3  31.2  36.7   2.5 
  3.8  27.2  45.2   1.8 
  4.2  44.8  80.5   2.5 
  3.7  64.4  35.5   2.0 
  3.5  21.2  16.9   2.4 
  4.8  33.2  19.5   2.2 
  2.2  46.3  60.6   1.9 
  4.2  70.0  54.9   2.2 
  3.8  53.7  86.5   2.2 
  1.2  31.2  43.5   2.3 
  2.1  17.2   5.8   2.3 
  3.9  41.3  62.0   2.2 
  3.8  46.1  63.3   2.4 
  4.3  26.7  63.9   2.5 
  4.0  57.2  10.9   1.7 
  2.5  57.6  20.1   2.1 
  2.2  54.7  48.2   2.1 
  1.6  67.6  67.8   1.9 
  2.2  19.2  30.9   1.9 
  3.5  22.7  62.9   2.4 
  3.5  30.1  91.3   2.0 
  3.3  71.6  70.5   2.5 
  2.9  18.7  78.2   2.3 
  2.2  46.5  34.3   2.2 
  1.7  69.5  33.0   1.9 
  1.4  20.7   8.4   2.5 
  3.7  38.4  33.4   1.6 
  3.4  63.8  42.6   2.3 
  4.0  69.9  10.0   2.2 
  1.1  37.3  35.2   2.2 
  3.2  35.0  77.4   1.8 
  1.4  56.7   7.2   2.0 
  3.0  22.1  60.0   1.7 
  3.5  56.6  45.7   2.5 
  2.2  60.8  64.4   1.7 
  2.2  45.8  24.1   2.2 
  2.6  20.5   6.9   2.4 
  4.7  31.3  14.9   2.3 
  1.6  72.6  34.8   1.9 
  3.9  44.6  45.9   1.8 
  2.7  32.2  84.7   2.3 
  3.8  40.5  39.8   1.9 
  3.1  34.9  56.8   1.8 
  3.3  38.3  57.3   2.5 
  1.7  68.0  13.2   1.7 
  2.1  24.5  36.3   1.5 
  2.6  53.7  79.2   2.3 
  2.9  55.8  78.1   2.5 
  1.1  28.0  45.2   2.2 
  3.8  50.1  55.2   1.7 
  3.8  46.0  72.8   2.5 
  2.5  41.2  43.9   2.4 
  3.7  40.7  62.5   2.2 
  2.8  34.0  70.4   2.5 
  1.9  57.2  73.8   1.9 
  3.0  24.1  70.0   2.4 
  4.5  68.9  42.3   2.1 
  1.9  28.0  49.7   1.6 
  2.8  66.1  78.1   1.7 
  4.9  54.3  72.8   1.7 
  3.2  15.5  45.0   1.5 
  2.6  42.3  40.7   2.1 
  1.5  19.6  86.9   2.5 
  2.7  28.7  94.2   1.9 
  1.5  65.6  92.0   1.8 
  4.8  38.7  29.7   2.2 
  3.2  50.4  73.5   2.4 
  2.2  61.8  94.9   2.4 
  1.4  71.9  87.5   2.4 
  2.0  50.8  58.7   2.3 
  4.9  38.2  91.2   2.1 
  2.6  24.3  13.3   1.7 
  2.2  66.2  65.4   1.8 
  4.9  54.7  24.7   1.6 
  4.3  41.2  68.9   1.6 
  4.9  40.6  93.2   2.0 
  1.7  43.2  75.9   2.2 
  3.0  23.9  79.6   1.5 
  0.2   0.3   0.3   0.3   0.2   0.3   0.3   0.2   0.2   0.4   0.3   0.3   0.3   0.4   0.4   0.2   0.3   0.4   0.2   0.3   0.2   0.2   0.4   0.4   0.2   0.3   0.2   0.4   0.3   0.2   0.3   0.4   0.3   0.2   0.2   0.4   0.2   0.2   0.3   0.3   0.2   0.3   0.4   0.3   0.3   0.3   0.2   0.2   0.3   0.3   0.4   0.3   0.3   0.2   0.2   0.2   0.2   0.3   0.3   0.2   0.3   0.3   0.3   0.4   0.3   0.4   0.4   0.2   0.2   0.4   0.3   0.4   0.3   0.3   0.2   0.3   0.2   0.3   0.4   0.2   0.2   0.2   0.3   0.4   0.4   0.3   0.3   0.2   0.3   0.4   0.3   0.2   0.4   0.3   0.2   0.2   0.2   0.3   0.4   0.3   0.4   0.3   0.3   0.4   0.2   0.4   0.2   0.2   0.3   0.3   0.2   0.3   0.4   0.4   0.4   0.4   0.2   0.3   0.4   0.4   0.3   0.3   0.4   0.2   0.3   0.4   0.2   0.3   0.4   0.3   0.3   0.3   0.4   0.4   0.3   0.2   0.2   0.3   0.4   0.3   0.3   0.3   0.4   0.2   0.2   0.3   0.3   0.3   0.3   0.2   0.2   0.4   0.2   0.3   0.2   0.3   0.2   0.4   0.3   0.3   0.2   0.4   0.2   0.3   0.2   0.3   0.4   0.3   0.2   0.3   0.4   0.2   0.3   0.2   0.2   0.4   0.2   0.2   0.2   0.2   0.3   0.4   0.3   0.3   0.2   0.3   0.3   0.2   0.4   0.4   0.2   0.2   0.4   0.3   0.4   0.4   0.3   0.4   0.2   0.2 
  168    16    73   158   158   120   165   102   170    86     4    80   125    61   147    98    74    91    91    65    98   144    36    39    23   144   173    10    24   165   110   115    46   171   152   107   130   108    28   102    96   143    34    38    10   101   109    15   178   175     7    33    67   177    37    77    26    76    51    31 
   49   117    73    99   150    45   139    47   126    85    18   171    56    24   148   146    58    39   134     6     4   110    18    97   104    49    55    69   114   120   177   125    27    46   160   107   132   170   173   120   138   157    15    55    18   116     7   125    33   148    59   118   142   121    83    93    42    29   135    87 
  157   161   140    71   146   136    92    28    49    47   170   121    92    97    37   119   110   141    82    58    37   148   135    57    58    52   150   134    82    49    72    42   123     5    86   173   113    78   156   146    42    45   155   129   152    26    77    15   131   171    13   116   157    15    99   159    17    60   116   108 
  103   152   167     7   114    28   120    75   143    44    97    96   108    26   163   121   148    70     2    61    85    83   133   171    13    12   156   131   129     4    34   113    64     9    35   172    83    70   178    29    97    61   125   127    90   107   137    18    89    62   166   114   155    75   114    52     5     9    88   110 
  115    20   107   125    57   178   108   119   115    89    68   123   134    86   106   166    94   166    52    61    52   105    41    54   158    18   142   148   152   177    67   134    59   139   128   157    28    48   135   150    20   115   142    56    64   158    90   100    12    12   125    89    36    27    99    37   130    48   125    70 
   28    29    19   118    48    15    43    93   158   107   120   146    66    46    98    97    39    26    51    59   158   148   107    77   122    10   111    65    94    62    14   163   138    57    60   134    93    24   163    36     1    66   154   147   132    49    25    54    29    58    17   118    51   149    39   176   119   151   101   105 
  121    80    47     8    91   116    33    32   144   103    74    62    49    60    79   147   107    49   116    54    35    59   132    80    74     8    64   165   135    37    45   159    83    89    38    46    33    70   100    59    97    61    17   174    61    54    98    91    43   121    24    74    70    46   161    19   105    66   123   178 
   74    82    27   106    73   111   138   144   125    10     3   152     6    73   174   116   119   129    58    64   133     1    64   170   102   160    13    71    87    51    16    10    81    27   148    58   155   123   172    55     1    74    51   122   178    36    61   122   141     1    48    86    50   157   113   165   136    52    23    33 
   17   176   103    19    53    19   143   138   147    15    27   104   141    67    38   146    80    40    58   133    32    39   106   178    67    89   127   128    39    64    92    30   150    23    67   160   113   169   143    90   140    61   166   143    41    35   100   127    82    51    95   134    40    81    18   121     1   179    83   136 
   19   150   167    86   142    41   159     7    30    41    92    87   149    15   156   111    64    86    30   100   171    39    64    86   108   152     4   133    39    76    97    58    63   175   163    77   110   111   139   121   168    60   112   148   130   151    82    33    95    43   148   121    22   139     7   150    60    20    23    51 
  158    49   161   140   105   143    59   155    63    40    31   172    17   151   163   154   116    58    42   173    69   136    98    90   179    88     6   155    18   117     8   112   140   142    40   177   159   105    21   138   129    36    43    94    55   169    41   179    21    37   151    54   118    25   138   122   135    96   103   164 
  156    98    25    23    62   106   168     8   133    61     6   114   129     9   102   101   117    49   177    17    60     4   142    48   106    35   127    29     9    14    29   170   171   137   131   159   106   172    26   157    76    82    59   141    63    33    32   116    21    68   123    46    24    60   162    39   160    52   118   153 
   49    74    74   158    32    42   117    13    73   115    83   118    25    92   138    99    64    25   131    33   150    72    59    44    92   156    67    76    12   109   104    48    95    99    78    19   123    22   125   159    24    33    60    70   116    93    93    35    79    87    17    51   129   156    78   127    80    32   137    20   103   118    16    80    50    72   157   128    86   162    56    43    10    24    36   116   101    82    29    70   149   176   130    88    64   168    84     2   146   103    90   109   155    83    93   168   150   171   150    63    56    42   143   168    98   118    60    49     8    16   160    64   159    86   173    67   115   158   122   156    20    16    48   105   165    52   144   161   127    59   109    97   141   107    25    79   129    26   115   153 
   15    34    28    35   157   169     0    89    98   155    35   143   159    88    76    19   109    46   127   108   175    53    82    28     3    81    35   155   104    54    69    74    92   130    24    22    82   110     0   147    46    11    52   160   125     0   144    58     8   175    38   142    59    37   134   124   139     9    11   136    56   130   106    49   173    41    82   169   113   159    52    62    98     4     3   148   130   178    28    92   138   118    14    24   152    84    37    90    72    88     3    89    84   139   114   143   110     3   107    63    70    13    60     3    83    44    53    52    90    37   173   164   128   164    62    63    71   179   126    96     3    33   102   149   106    72   151     0   147   147    19    61   118   137   135   151    68   160    88    69 
    4   132    17   172    25    68    36    13   140    95    38   124    90   143    12    70    40     1    98   144    68    85    77    64    70    31    61   136    74    40   145    44   113    61    80   136    81    53    37   129    12    12    47   127    51   117   171   163    25    37     3    76   136   132   163   132    43   103     9    14     2    28    12    46    67   138   139    14    97    28    29   131   144   136    50     5     3    54   152    35   130   171   158   108   110   137   132   108    96    75    33   114    63    43    91    78   174    71    78   155   154    78   148     8   144    25   145    21   141    21    52    18   151   141   123   177   113   106     6    89   171    47   174    62    80    77   176    25   152    25     9    82   110    76    93   173   136    29   125    96 
  156   102   103   134   136     0   143   167    77    18    29     3    59    90    49    31   152    30    13   162    85    83   113    52   178    14   146   106   114   102    28    71   104   162    66   126   119    34    71    72   175    20    36    86    74    38    39     9    50    93    27     4   154    64   168    89    26    88   132   140   141    81    21   170    13    43   137    45   144     9    94   177    76    56    46     0    29    78   158    31    17     9   102    22   165    52    71    59    67    74    67    46    91    80   111    79   136    48    33   175   179   164    23   115    76   142   112    66     4   166    62     5    85    35    29   122    64    12    30    34    42     1   110     7     4   168     7   130   120   157   171   127    31   122   167   169   172    27   110    52 
  115   108     6    99   133    56   170   168   174    52    86    80   165   126    50    87    34   122   168   160   121     3    18    28    37   171   148   149   177    84   145    39   106   156    88    30   146   156    30   106    57   148    18   135   131   167    25   138    86   141    21   179   110    62   102   133    72    18    52    71   119   149    68    25   159   173    15    30    34   136    52    52    50   145    67    38    66    31    29   126    81   155    31    40    91   100   111    42   150    16   143    45    22   176    33    83    19   105    12   167   101    11   168    98   125     0   176    41   146    39    36    22    49    19    97   109     3    91   112    47    57    73   151   169   122   113     8    49   177    90    50    66   173   102   113    41   141    69   145    70 
   83   113    82    16    41    72    56   127     2   137    50    40    38    62    28    95    41    96    20    87   120   125   108    22    58    80   130   163   147   126   179    48   163   134   115    91    83     7   142    48    14    76   165    53    15     9   117    60   138    13   159    86    67   106    43   135    23    93   149    80    21   159    56    40   103   145   122   162   101    62    31   129   149    96     2   167    72   159   146     3   146     5   167   134   108    70    28   125    38    62   135   164   147    13    76   144    23    86     9    24   133    48    33    44   179    19    75   125    94    69   136    54    93    12     5    52   126   119   117   130    16    37   118   177    93    32   133   135   159   121    93    55   162    94    99   168    47   169    77    24 
   94   131    72    68    68   156    30   106    26   140   171   128   126   128    45    89    64    11    36    24    64    44    74    16    94   171    23   166    64     5    57    63    39     1   161   146   154   119    70   105     2   125    34    95    12    72   149    50    74   131    97   143   103   102   148   125   156   114    18     0    36   111    60   158    86    37    26   119    49   179    72    80   135    99    32   166    52    26    59     8   120    45    60   163   117    75    54     6    51   139   179    60   102    36   161    76    54    59     5     8    49   123    69     3   145    81   144   110    28   127     9    43    94    54    62     9   105   126   100   134   136    97    47   162    20    60   152   125   111   100    56    88    60    98   113    15   165   113    26   170 
  110   138   114   128   176   107    49   177    59    83    43    54    73    68   177    23    39    66   131    10     6   135   173    19    72   115    79   134    27    97    43   107    61    22    26     1   119    65   148    93   119    39   174   115    61    99   113   123    66    22    51   171   110    60    25   110     1    16    69     7    99   179    86    18   108    95   104    71   128     1   138   167    64    44   141   105    34    72    66    66    56   145    14     0   118   165    96    92    47    81    78   114    46    85   125   100    64    96    66   129    93    34   133   161   126   179     4   162   132     6    19    76   111   142    68    81    16   103    45   171    76    41    80    57   133    90   162    32   107   158    45    97    74   170   158     0   160    74   153    25 
  120   170   145   141    70    62   178    13   165   116    55    96   157   111    95    51    32     0    60    91    31    92    81   109   171    43    86   103    65   133    73    62   133   128    67   110    41    65     6    92   140    14   126    16   155    31    63   134   163    49    76    70    61   142    98   179    74     3   125    16   176    57   164    11    20   114   166   143   124    62   175   173     3   163   107   159    68    38   102    91   117   163    93    52   104   143   129    65    13   111    14   168    77    88    82    93   104   156    72    40    77     5    90    58     5   178   179    43   173    98   150   179    75   125    28    52   157    66   166   172   132    25    80    19   176   101     4    81    37    48    59    47    41   160    83   143   116   170    61    21 
   60     7   164    87    69    52    42   100    42    54   177    54    94   138    64   125   116   111    74   159   126   123   169    41    39    68   118    51    88     9    20   150     5    32   125   156    76   144    20   132    63   134   131   135    34   120   178    34    71   114    36   113   122    34    74     2   135    95   124   163     7    87    75   103   175    53   149    86    90   113    50     8   117   101   148   163    41    32   100    14    86   172   145   111    65    15   108   151    81   119    55   134   164   112    27   126   127    90   178    56   103   170    82    40    88   148   118   154    48   114   112    41   133   142   154   130   120    50    14   105    35   155    68   162    78    93   127   161    31   169    85    43    14    26    73     3    34   176   153    96 
  160    81    10    95   166    28   106   107    44    83   179   107    20   130    25    20   107    88    59    87    53   100    61    54    28    43   105    78   108    59   146    23    59   106   159    19   123   131   166    55    18   119   118    66   104   151   102    71    59   102   179    67     8   133    70    91    94   127    25   143    68    63    93    75   179   151     8   179   154   102   167    17   157    82   102    77   106    82   111   100   113   176    28    33    86   166   114   162    12    19     4    90   156   124   160    43    18    21    96   123   146     9    98   174    78   128   120    39     7    89    41   124    65   100    12    28     3    64   171   124    99   138   145    39   118   114   104    37    41     9    95   141    49   129    99    63    22    91   154    33 
   19    59    51   104    67    82   160    70   110   151    85   130    86    30   171   128    17   143   177   113    39    35    93    12   149    49    80   102    31   178    96   109    38   151    70     9   144   148   178   112   100    60   152     1    79    87   164    10    45    19   113    48    26   149    79    24    14    24    96    64    44    15    19   164   173   168    52    35    11   123    97    85    13   162    45   152   146   146     9    48    34    57   109   148   156   174    87    63   139    94   118   128    12    89   102    49    93   152   176   130   111   103    22    69    25   117    62    45   111    13   141    58    54   117   110    57    98   112    42    58   146    54    49   152   163     1    72    89   156    79    69    12   176   143    47   153   114    35    99     3 

  0.38
  0.39
  0.20
  0.27
  0.34
  0.30