120 12
4
     34320
     34816
     33232
     33206
  3.1  55.5  54.1   1.8
  4.9  35.4  60.5   2.3
  2.9  29.9  26.7   2.3
  4.3  22.8  54.1   1.6
  2.3  29.8  24.6   2.4
  2.8  29.0  71.3   1.6
  1.6  46.8  73.7   2.1
  2.5  28.1  71.1   1.9
  3.1  74.5  93.5   1.7
  3.6  46.7  55.0   2.2
  2.1  45.7  65.0   2.0
  2.7  24.7  63.4   1.7
  1.6  67.9  27.9   1.8
  2.8  20.1  76.0   1.6
  4.7  21.3   5.7   2.1
  3.4  24.5  51.4   1.7
  4.5  25.6  17.4   2.1
  2.2  21.8  74.5   2.4
  3.0  22.7  28.9   2.3
  3.6  70.2  27.3   2.0
  2.3  48.5  57.4   1.8
  3.5  68.1  27.7   1.8
  2.3  66.7  13.4   2.4
  1.7  22.2  79.2   2.4
  1.3  71.5  30.1   1.6
  3.5  33.3  40.1   2.2
  2.8  35.2   9.9   2.0
  2.1  34.6  72.8   2.3
  3.9  31.7  50.4   2.4
  4.9  27.5  94.7   1.5
  3.2  58.5  37.0   2.1
  3.7  29.9  19.9   1.7
  4.5  55.5  29.5   2.0
  2.1  21.0  20.4   2.4
  1.3  17.0   9.6   2.4
  1.6  19.4   7.7   1.5
  2.5  40.5  88.9   1.7
  3.7  62.1  89.8   2.1
  2.8  24.2   8.3   1.7
  3.4  51.7  58.0   2.3
  3.1  50.6  69.7   2.3
  1.7  31.1  65.0   2.0
  4.1  54.7  80.0   2.0
  1.8  42.7  28.0   2.4
  4.0  52.1  37.3   1.6
  3.0  26.8  21.7   2.1
  1.0  57.2  58.9   1.9
  3.9  71.0  28.6   1.8
  3.9  18.8  11.6   2.0
  3.4  39.8  35.0   2.3
  2.9  17.6  10.5   1.9
  4.2  38.2  79.7   1.9
  4.5  68.2  50.0   1.7
  3.3  27.3  38.6   2.2
  3.6  34.6  53.1   2.2
  3.9  58.7  44.1   2.3
  3.2  31.2  11.5   2.4
  2.9  57.2  74.4   1.6
  1.6  41.0  68.9   1.7
  1.8  15.0  66.3   2.1
  1.2  71.6  78.1   2.4
  2.9  42.7  16.5   2.0
  2.0  43.0  64.3   2.2
  2.1  51.6  57.6   2.1
  3.0  24.4  23.3   1.8
  3.8  37.4  36.6   2.2
  1.8  15.3  53.7   2.0
  2.6  63.3  49.7   1.6
  3.5  44.6  66.7   2.3
  4.0  24.3  75.0   2.2
  3.7  37.0  14.1   2.3
  3.6  34.2  62.7   1.5
  3.0  74.9  39.9   1.7
  2.3  71.8  91.0   2.3
  4.0  36.4  58.9   2.0
  4.1  66.6  72.2   1.9
  2.5  28.8  30.2   1.6
  1.7  53.0  73.1   1.7
  1.2  72.3  48.5   2.4
  3.1  44.2  64.6   2.1
  4.4  61.5  22.2   2.2
  3.6  25.1  40.7   2.2
  3.8  64.9  87.7   2.5
  3.8  16.3  93.4   1.7
  3.6  20.3  11.4   2.0
  3.5  35.9  40.0   2.4
  2.3  69.3  79.3   1.6
  2.6  46.1  18.3   2.4
  2.3  66.9   8.0   1.6
  3.1  66.6  17.4   1.6
  2.9  65.8  80.7   2.4
  3.6  54.3  60.5   1.7
  2.8  35.6  78.0   1.5
  2.5  24.9  18.9   1.9
  4.7  46.3   8.8   2.5
  4.1  37.2  69.7   1.6
  4.8  33.9  79.5   2.2
  3.8  56.6  54.3   1.9
  1.3  71.1  44.2   1.9
  3.5  33.1  73.2   1.7
  3.6  50.3  50.9   1.7
  3.2  61.1  47.5   1.5
  3.8  25.6  64.8   2.1
  4.7  66.3  47.6   2.3
  4.1  23.6  38.5   2.0
  1.6  40.0  12.0   2.3
  3.3  41.4  77.7   2.1
  1.7  19.7  51.7   2.0
  2.8  16.8  35.5   1.9
  2.1  17.3  32.2   2.1
  1.8  59.0  44.6   2.0
  2.7  26.8  68.1   2.3
  3.1  71.1  41.2   1.6
  4.2  47.5   7.4   1.9
  1.9  27.1  58.5   2.1
  3.6  40.4  41.7   2.1
  1.0  15.3  13.9   1.7
  1.4  62.2  41.1   1.6
  3.3  57.7  41.4   1.8
  2.4  55.7  25.4   2.3
  4.3  33.6  17.1   1.8
  1.9  32.1  52.4   2.4
  2.6  49.0  37.4   1.7
  2.6  23.1  41.3   1.9
  2.6  32.2  33.3   2.3
  1.4  67.0  60.9   1.7
  4.2  64.9  29.7   1.6
  1.2  34.7   8.9   2.3
  1.1  28.6  13.5   1.8
  3.1  36.0  57.3   2.3
  3.3  42.3  28.4   2.1
  2.7  58.7  37.3   2.2
  2.5  17.8  36.9   2.5
  2.7  53.1  78.4   1.7
  3.0  62.8  93.0   1.7
  2.3  15.9  57.6   2.2
  2.5  70.9  33.4   2.5
  4.3  62.6  92.6   1.7
  1.8  66.3  27.1   1.7
  1.3  35.6  84.0   1.6
  4.5  65.3   5.7   1.7
  3.4  22.3  81.9   1.9
  4.3  26.7  34.9   2.5
  4.8  44.0  65.8   2.0
  2.3  31.7  80.3   1.8
  4.1  62.8  15.6   2.1
  3.4  59.4  65.6   2.4
  1.2  56.4  87.2   2.2
  4.5  49.6  47.9   2.1
  3.5  49.1  88.8   1.9
  2.5  49.3  76.0   2.4
  3.4  69.4  44.7   1.8
  4.7  48.1  80.0   2.3
  3.4  15.0  28.2   2.3
  4.2  20.5  39.6   2.4
  2.3  19.1  53.2   2.3
  2.7  17.1   7.2   1.9
  2.5  34.8  11.1   1.5
  3.5  45.0  67.5   1.6
  3.9  60.3  58.7   2.1
  1.2  27.4  52.3   2.2
  1.8  68.7  20.2   2.1
  3.2  28.7  41.6   1.7
  3.1  59.8  76.6   2.3
  2.4  68.0  38.7   2.2
  4.4  45.0  94.7   1.5
  2.0  29.3  23.3   1.8
  1.9  55.7  34.3   1.5
  2.9  53.9  31.4   2.3
  4.8  31.8  89.3   1.9
  1.6  27.4  78.2   1.7
  4.7  54.3  52.1   1.9
  5.0  32.6  85.8   2.2
  3.6  48.4  34.5   1.9
  4.2  63.3  78.3   2.4
  2.5  70.1  73.2   2.1
  4.6  26.4  91.7   2.3
  2.5  33.8  35.4   2.0
  3.2  60.2  59.9   2.1
  2.0  43.0  36.3   2.1
  2.5  56.9  12.9   1.8
  1.5  29.6  41.6   2.0
  3.1  66.1  47.9   2.0
  1.5  19.5  48.4   2.1
  1.2  69.0  73.6   2.0
  4.5  22.4   9.0   1.5
  2.9  19.9  77.3   2.0
  3.5  58.5  54.4   1.9
  4.9  22.4   5.1   1.9
  2.4  27.6  32.5   1.6
  4.5  46.7  78.4   1.7
  1.4  70.2  14.6   1.6
  3.8  40.0  45.6   1.7
  4.9  68.0   5.5   1.6
  3.1  53.3  89.5   1.7
  4.3  69.1  39.6   2.4
  2.4  72.8  77.7   2.3
  1.5  35.9  85.1   2.0
  2.8  20.2   7.3   2.5
  4.5  41.7  92.4   1.8
  1.9  16.2  93.8   2.3
  1.7  63.9  28.9   1.8
  2.6  59.4  40.4   1.5
  4.0  53.1  47.9   1.5
  4.9  71.2  94.4   2.4
  2.4  25.5  48.1   2.3
  4.5  50.4  35.0   1.8
  3.9  46.5  78.3   1.9
  3.3  35.4  17.8   2.1
  2.4  67.2  50.7   1.7
  2.6  72.8  67.8   2.2
  1.9  54.6  64.2   2.4
  4.9  61.3  54.1   2.4
  2.4  19.8  55.9   1.7
  3.5  23.6  19.3   2.3
  2.4  53.1  51.7   2.3
  4.3  58.1  57.5   2.1
  1.1  15.4  24.1   2.0
  3.0  29.3  28.4   1.6
  1.3  28.5  59.4   1.6
  2.1  27.6  16.6   1.6
  4.4  29.6  61.1   2.2
  1.7  66.6  86.5   1.8
  3.6  18.4  56.0   1.6
  4.4  50.3  62.0   2.2
  4.3  31.9  57.5   2.0
  3.9  57.6  91.6   2.2
  1.5  23.9  35.5   1.6
  3.4  69.8  23.6   1.6
  4.5  27.0  16.5   2.4
  4.1  51.3  90.5   2.1
  2.3  57.8  54.9   2.4
  4.6  63.6  76.5   2.3
  3.4  55.9  56.1   2.1
  2.6  17.7  58.9   2.4
  3.7  52.1  43.8   1.9
  3.5  28.1  90.5   1.9
  2.3  18.6  51.3   1.7
  1.6  36.3  94.3   2.0
  2.9  35.2  46.9   2.3
  4.3  23.0  27.7   2.2
  3.5  45.6  51.6   1.8
  5.0  38.9   9.0   2.0
  3.3  39.7  77.3   2.3
  4.0  60.5  62.9   1.6
  1.1  17.5  13.2   1.9
  2.2  54.5  39.2   1.6
  1.1  42.9   5.3   2.3
  2.4  24.6  25.5   2.4
  3.3  24.1  57.4   2.2
  2.4  46.2  81.3   2.1
  3.7  73.8  40.3   2.4
  2.9  37.6  14.7   2.2
  1.8  19.7  59.9   2.3
  4.0  54.4  34.4   2.1
  1.6  50.2  94.0   2.0
  4.7  53.6  21.2   1.9
  2.3  37.4  23.5   2.3
  4.9  44.6  60.0   1.9
  2.5  73.5  29.1   2.3
  2.9  21.4  69.8   1.9
  4.0  43.3  25.8   2.3
  3.2  30.3  46.8   1.8
  3.5  20.2  87.6   2.0
  4.1  17.7  31.3   1.6
  4.5  51.2  87.1   2.2
  1.9  44.6  35.7   2.5
  2.6  70.8  55.0   2.4
  3.3  19.1  32.0   1.8
  2.5  37.7   5.0   2.2
  3.2  72.2  66.9   2.0
  4.2  64.4  27.0   2.2
  1.7  34.2  10.1   2.4
  1.6  74.7  21.3   2.3
  2.6  43.7  91.9   1.9
  4.3  28.7  16.4   1.9
  1.0  40.5  48.6   1.5
  3.7  34.6   9.8   1.7
  3.0  61.4  72.3   1.8
  1.6  50.2  16.4   2.0
  4.0  33.6  90.0   1.7
  4.8  69.0  39.5   1.8
  2.8  27.5  94.1   2.0
  3.1  28.0  11.9   1.7
  3.7  18.1  85.1   2.0
  4.5  42.0  43.0   2.0
  4.3  50.1  17.5   2.4
  4.3  49.5  80.2   2.3
  2.5  32.3  49.9   1.7
  2.9  30.6  59.7   1.9
  4.9  17.3  90.4   2.4
  3.3  32.3  23.4   2.4
  3.4  60.2  87.4   2.0
  2.7  44.8  25.4   2.2
  3.6  61.0  60.8   2.2
  2.8  39.7  62.2   2.0
  3.1  73.4  31.8   2.2
  1.7  38.9  27.3   1.9
  1.4  61.0  92.9   1.8
  2.2  30.2  75.6   2.0
  1.4  64.0  15.1   2.5
  1.9  51.0  55.0   2.2
  1.4  36.4  62.3   2.4
  4.6  31.5  70.2   1.6
  2.7  23.3   7.1   1.5
  1.8  68.1  12.0   1.6
  1.4  64.1  66.8   2.1
  2.9  70.8  50.6   1.8
  1.2  70.3   8.8   1.6
  1.9  40.3  72.8   2.5
  2.8  18.0  20.1   1.5
  3.0  64.6  82.6   2.4
  1.8  46.5  91.1   2.3
  4.9  50.7  41.4   1.7
  1.9  16.4  42.1   1.8
  3.7  26.6  40.5   1.9
  2.7  60.4  24.8   1.7
  1.2  54.3  60.9   2.4
  1.2  54.5  35.3   2.0
  2.3  63.8  86.4   1.6
  4.2  64.6  11.8   2.4
  4.4  47.9  47.1   2.1
  2.0  47.0  32.8   1.8
  2.1  37.7  33.0   2.3
  2.8  58.7  82.0   2.3
  3.3  34.2  78.7   2.4
  1.7  74.5  94.1   1.5
  1.7  36.2  33.9   1.9
  4.2  47.2  80.8   2.2
  1.2  15.8  20.4   1.9
  4.5  37.4  24.3   2.2
  1.1  63.4  72.6   2.1
  1.3  67.8  26.3   2.5
  3.1  33.9  51.5   2.5
  4.9  63.4  20.2   2.4
  2.2  59.7   7.2   2.3
  4.1  16.7  81.3   1.9
  3.8  31.9  12.3   2.2
  1.5  20.7  47.0   2.0
  2.2  57.1  24.5   1.8
  3.0  43.9  89.7   1.9
  2.2  19.0  53.8   2.1
  3.6  44.4  57.9   1.9
  4.9  48.7  10.4   2.1
  5.0  61.9  30.1   1.7
  3.0  38.7  36.5   2.1
  1.7  23.7  68.0   1.5
  1.1  45.2  66.0   2.1
  2.0  43.5  10.2   2.1
  4.7  52.9  38.6   2.2
  2.4  44.4  15.5   1.6
  2.2  32.4  71.6   2.0
  1.2  34.3  57.1   2.5
  3.4  38.1  43.9   1.9
  3.3  68.4  75.0   2.3
  4.8  25.3  82.6   2.3
  1.2  51.5  82.6   1.6
  1.5  42.8  59.3   2.5
  1.8  53.8  31.2   1.9
  2.2  19.7  32.1   2.2
  4.8  22.2  32.5   1.7
  4.1  29.8  56.4   1.8
  3.1  55.8  86.4   1.9
  1.3  57.0  89.7   2.4
  2.2  23.3  65.4   1.8
  2.9  17.4  57.4   2.0
  4.7  16.5  73.1   2.3
  2.4  33.9  34.7   1.7
  2.9  70.5  22.0   1.9
  4.0  31.5  21.8   2.0
  2.8  24.5   5.0   1.9
  1.1  29.7  78.2   1.9
  2.7  22.7  65.4   2.3
  2.7  26.3  82.7   2.1
  4.8  20.6  32.9   2.0
  3.8  60.4  92.7   2.1
  2.1  66.6  61.2   1.9
  4.3  21.3  40.1   2.3
  1.8  48.2  84.9   2.2
  3.3  51.3   7.9   1.7
  2.6  26.0  30.5   2.2
  3.2  31.4  93.9   2.0
  2.5  56.2  56.3   2.3
  4.2  26.8  24.8   2.3
  2.8  59.0  20.7   2.1
  4.1  59.9   7.1   1.6
  2.8  36.4  81.4   2.3
  2.9  37.2  83.7   1.9
  2.1  60.2  42.9   2.1
  4.4  62.0  64.9   1.7
  4.2  60.0  15.8   1.5
  1.7  69.3   5.3   1.7
  1.4  30.3  11.9   1.7
  3.2  43.1  88.0   2.0
  2.9  28.8  46.7   2.1
  3.1  69.4  94.9   2.1
  4.5  62.3  51.5   1.8
  3.9  20.1  70.4   2.1
  2.6  52.6  37.4   2.3
  4.6  23.8  77.2   2.1
  2.8  68.0  77.9   2.4
  1.8  52.1   7.8   1.9
  1.8  24.2  79.8   1.8
  1.3  19.3  14.1   1.8
  3.2  41.0  18.8   2.5
  3.8  27.3  53.0   1.9
  1.1  32.3  65.3   1.5
  4.3  39.6  69.2   2.1
  1.9  49.6  78.9   1.8
  2.8  48.8  61.1   2.4
  2.1  34.0  58.3   2.3
  3.7  68.5  32.2   2.2
  1.4  28.1  19.2   2.5
  2.3  46.7  22.3   2.5
  4.9  35.4  88.8   2.3
  3.7  30.8  34.3   2.2
  1.6  20.2  38.3   1.6
  4.3  18.9  57.5   1.9
  1.1  30.5  32.0   1.8
  4.8  59.4  67.1   2.2
  3.2  30.7  25.4   2.1
  3.8  26.8  38.9   1.5
  1.1  74.1  50.7   1.5
  2.0  27.8  93.8   2.2
  1.6  67.3  65.6   2.1
  2.9  32.2  26.8   2.2
  4.6  23.2  51.2   1.8
  3.0  38.9  77.2   2.0
  4.1  51.4  22.5   1.6
  2.4  64.4  46.5   2.3
  3.1  48.2  75.4   2.4
  3.2  70.6  86.9   2.3
  1.7  27.7  63.3   2.4
  4.2  33.3   8.6   1.8
  1.4  34.9  25.9   2.5
  3.4  66.9  36.3   1.9
  1.3  71.5  63.7   2.1
  1.2  27.1  41.7   2.5
  1.9  32.7  88.9   2.0
  1.7  34.3   9.7   2.2
  1.3  16.6  35.8   2.1
  3.8  18.7  91.8   2.1
  1.8  44.5  58.0   2.2
  4.6  50.8  49.3   2.1
  1.1  62.4  48.4   2.2
  2.3  29.9  17.7   1.9
  3.5  73.7  52.7   2.3
  2.3  29.3   7.6   1.8
  1.9  34.1   5.5   2.2
  1.5  22.0  58.7   2.1
  2.3  52.6  71.1   1.9
  2.2  21.3  66.6   2.0
  3.9  70.0  31.8   1.6
  4.0  53.4  44.0   1.8
  2.3  73.0  81.6   2.0
  4.6  47.9  80.4   2.4
  3.6  30.4  75.9   1.9
  3.7  31.4  63.2   2.1
  1.0  72.4  61.5   2.3
  2.0  73.1  46.4   1.6
  1.3  43.3  20.9   2.1
  2.4  23.0  74.9   2.0
  2.0  67.1  45.0   2.0
  1.0  15.5  24.2   2.5
  3.8  63.0  75.4   1.8
  2.0  71.9  63.4   2.3
  1.3  63.9  27.8   2.0
  3.1  57.7  16.8   1.8
  4.4  18.8  93.8   2.1
  4.6  23.1  57.8   2.5
  2.6  64.0  87.8   1.9
  4.7  33.5  45.1   2.1
  2.7  72.8  54.5   2.5
  3.1  71.6  27.0   2.0
  1.8  56.4  73.4   1.6
  2.8  64.0  86.5   2.1
  4.2  57.1  56.6   2.4
  2.4  59.0  19.6   2.3
  1.2  53.6  94.8   1.5
  3.7  46.2  62.1   1.7
  0.2   0.4   0.2   0.3   0.3   0.4   0.3   0.2   0.4   0.3   0.3   0.2   0.3   0.2   0.2   0.3   0.4   0.2   0.3   0.3   0.3   0.3   0.2   0.2   0.3   0.4   0.4   0.4   0.3   0.4   0.3   0.2   0.3   0.3   0.3   0.4   0.2   0.3   0.3   0.4   0.2   0.3   0.2   0.3   0.2   0.2   0.2   0.2   0.3   0.4   0.3   0.2   0.4   0.2   0.2   0.3   0.3   0.3   0.3   0.2   0.3   0.4   0.2   0.4   0.3   0.2   0.4   0.3   0.2   0.2   0.3   0.4   0.3   0.3   0.3   0.2   0.4   0.3   0.3   0.4   0.2   0.3   0.2   0.4   0.3   0.4   0.4   0.3   0.4   0.3   0.4   0.4   0.4   0.2   0.3   0.4   0.4   0.2   0.2   0.3   0.3   0.4   0.2   0.4   0.3   0.2   0.2   0.2   0.4   0.2   0.2   0.3   0.3   0.4   0.3   0.2   0.3   0.3   0.3   0.3   0.2   0.3   0.4   0.3   0.4   0.4   0.4   0.2   0.2   0.4   0.3   0.3   0.4   0.4   0.3   0.2   0.3   0.3   0.3   0.2   0.3   0.2   0.3   0.3   0.2   0.3   0.2   0.3   0.2   0.3   0.2   0.3   0.2   0.2   0.3   0.3   0.3   0.3   0.3   0.3   0.4   0.3   0.2   0.4   0.4   0.3   0.3   0.3   0.3   0.3   0.2   0.4   0.3   0.2   0.4   0.4   0.2   0.4   0.2   0.2   0.4   0.2   0.2   0.3   0.3   0.3   0.3   0.4   0.2   0.2   0.3   0.3   0.3   0.4   0.3   0.3   0.3   0.2   0.3   0.2   0.4   0.4   0.3   0.3   0.3   0.3   0.3   0.3   0.3   0.4   0.4   0.2   0.4   0.2   0.3   0.3   0.4   0.3   0.3   0.3   0.3   0.2   0.4   0.3   0.2   0.2   0.4   0.3   0.3   0.4   0.2   0.3   0.3   0.4   0.3   0.2   0.2   0.4   0.3   0.4   0.4   0.3   0.2   0.3   0.3   0.3   0.3   0.3   0.4   0.4   0.2   0.3   0.4   0.3   0.2   0.2   0.2   0.3   0.4   0.2   0.2   0.4   0.2   0.4   0.3   0.4   0.4   0.3   0.3   0.2   0.4   0.4   0.2   0.4   0.2   0.4   0.4   0.3   0.3   0.3   0.3   0.3   0.3   0.2   0.3   0.2   0.3   0.3   0.4   0.2   0.2   0.3   0.3   0.2   0.3   0.2   0.4   0.2   0.3   0.2   0.2   0.4   0.3   0.3   0.2   0.3   0.4   0.3   0.3   0.2   0.3   0.3   0.2   0.2   0.4   0.3   0.3   0.2   0.2   0.4   0.3   0.4   0.3   0.4   0.3   0.2   0.3   0.3   0.3   0.4   0.3   0.3   0.3   0.3   0.3   0.3   0.3   0.2   0.3   0.3   0.2   0.4   0.3   0.4   0.3   0.3   0.3   0.2   0.4   0.2   0.3   0.3   0.4   0.4   0.3   0.4   0.4   0.3   0.2   0.4   0.4   0.3   0.3   0.3   0.4   0.3   0.3   0.2   0.3   0.4   0.4   0.4   0.2   0.3   0.3   0.3   0.2   0.3   0.2   0.3   0.3   0.2   0.2   0.3   0.4   0.3   0.3   0.3   0.4   0.3   0.4   0.3   0.4   0.3   0.4   0.3   0.3   0.3   0.4   0.3   0.2   0.3   0.2   0.4   0.2   0.3   0.4   0.4   0.2   0.3   0.3   0.3   0.2   0.4   0.3   0.4   0.2   0.3   0.3   0.3   0.3   0.3   0.3   0.3   0.3   0.4   0.3   0.3   0.2   0.2   0.3   0.4   0.2   0.2   0.3   0.3   0.4   0.4   0.2   0.3   0.4   0.3   0.4   0.3   0.2   0.2   0.3   0.3   0.3   0.3   0.4   0.4   0.2   0.3   0.3   0.3   0.3   0.3   0.2   0.2   0.2   0.2   0.3   0.4   0.3   0.2   0.4   0.3   0.3   0.3   0.3   0.3   0.4   0.3   0.3   0.4   0.3   0.4   0.3   0.3 
  102    34    59   129    92   179    59    98    42    47   143    43   164     3   118   162   173     7     7   115   178    84   161    32    29     7    68   155    11   115   166    12   142    46   108   135    52   171    51    82     9   133    35    44   124   147    22   156    85   119    58    96    19    62   127   155    19   158   131   115   157    98   160    98   136    40   151     7   147    70    16   126   171   101    71    85     9   151   117   137    46   163    55    88    29   115   101    66   159    78    87    91   130   161   115    44    34   169    90    10    57     5    59    26    12   141    20   134    28    46   149    68    82     1    19    19    32    45   147     7    85   135   122   141   158    20   106   107   156    88   133   147   107   138    80    72    10    49    65    44    10    93   131    38    22   114    99    12    80    46    60   154   108   111   136    56    34   156   155   114   166   163    66    87   124    56   100    34    74   167    59   124    98    68     1   166    79   136   157    60   151   117    29   177    12   158   164    55   167    31   123    87   152   157    13   110   141   142    87    45    36    59   130    28    26   179   159   149   173    32     4    22   146   103    74   132    20     1    51   167    12     3    46   151   149    50   105    99   122    98    50   168   177   157    66    30    67   169   121   146    51   102    77    72   141    79   120   171   143   152   126    40    59    48   146    28   128    84     6   125    63    72    94     2   166    43    36    94   122    78   162    89   170   142   143    37    90    20    58    67   126   121   115   112    25    87    58    25    51   146   143    64   156   172    37    94   157    70    14    74   158   153   122   119    13   130    98    19   134    18   158    59   130    70   180    59   172   154     3   105   103    54   144   135   179   124    78    51    79   173    54    75    13   179    29   120     5    96   171   121    47    97    42   140   119   169     5    45     9   163    67     5   111    19     9    14   105   152    32   118    98     6   156   170   145   174    84   107    42    80    44    18   136    99    36   162   157    50    68     8    48   119   130   174    67     8   136   146     2   162   180   163     5   155    91     6    48   159    53    56   106   173    87    58   119   166    11    51   137    52   164    99   180   173    99    35   173   161   111   121    84   177   120   138   133    80    74    75    59    52     9    34   116    80    50    11   127   117   122    29    56   133    93   122    65    99    99    53   134     3   122    32    44   141     9   101    37     3    64    62   151    15    41     6   155   103   105   146   136   161    21    91   102    29    48   113   169    28    41   102 
  108    18   169    71    79   179    43   120   138   167    10   145   119    69   156    77    27   126   142    45   144    23   142   112    55    59    16    24   160    94   158    38    43   131   143    19    98   158   148    87    74   122   175    50    52   144    39   148    18    20    62    72    75    27    62    57    25    79   162    35   178   112    28    99   129    46   112    60   125    77   153    31   121    12    93    63    12   133    30   172   173    97    38   148   137    63   130   175    32    31   170    35    28   134    21    18   131   171    26    10   180    66    96    21   147    39    27   168    24     3    17    16   155     1   135    86    91    16    12   168    40   121   141    85    91   174    10   159   114   114   175    34   149    26    72   160    81   117   169    75    92    92   136   128    24    47    68    60   105    27    56    38    97    44    26    99    79    38   150    10   117   123   171    13   125    48   116     8   179   136   145   159    24    21    20    14    51   129    15    80    56    95    48   101    23    20    82     5   160    36   179    82    32    58   174   151   174    83   110    91   170    78    17    49    92   160    65   140    61    94    76   167   141   147    51    24    73    82    62    97   157    12   135   168    47   134   110    30     6   149   123    26    20   131   180   117   149   137    28   121    68    61    59   179    32   165   100   143   118   144    49    49    41   123    71   164   106    28   132    56   105    15    31    73     6   179   100   136   148   168   135   149   177    28   170   146   110     1    64   163    18    96     4   111   103    74   115    80    32   159     2    92   102   127   112    79    46    43    75   123    84    64   120    45    19   175   127   166    14   143   108    20   104    80   101    76    38    87    97     3   127   120     1    26     2    50   159    37    71    64   101   109   140   116    74    86   134    16    94   144    13     2     2    98   180   120   155    61   122   144    26     5   103    42    10   139    31   107   117     3    81    32   155   141    68    88    28   136   172    93    30    98   126   180   136    76    50     2    71    33    21   172    57    70   142     7   101    52   167    39   164    25   124    64   121     4    69    77   128   175    84    14    78   116    30     5    19    33   117   107   164   137    13    26   127    22   125     2   119    88    16   146   119   139     1    41   128   131     2   153    99    56    70    72   113   172    30     7   132    78   163    80    61    56    24    44    89    58    31     3   110   178    34   108    81    22    22     6    89    34   162    33   120    36    98    30     9   141    46   111    98   174    55    27    84    23   110   149   118    80 
   61   149    56    60    50   173   145    35   112   130   118    47    18    91    99   159    35    60   173    97   119    43   140    68    87   162    66   111   121    96   125   152    22   124   115   121    34    75   161    78    72   158    91   150    74   169   136   125    93    13    29     2    16    30   162   103    91    31    72   176    23    39   148    38   146   109    48    61    92   152    60    45    97   111   110   120   158    92    32    40    20     6   114    55   172   102    76    85   155    81    27     4     2   129    66    20   136    21   100     9   122   156     3    62    35    67    27    23    76   159    68    14   129    12    36    84   139   110    69   173   170   115    95    73    76    42   150   115    19   109    71    39   169   108   107    68   139   126   134   152    88    36   145   108   101    76    74   126    62    48   147   131    24   174    74    11   103    50    82   131    91    31   129    92   135   113    38   107    95    98    32   173    60   100    68   120    89   149    81   124    14   172     9    68   178   163   173   173   119   124   109   110   131    70   119    38    32    28    38    74   165   117   139    59    42   118   104    10    83    75    37    33    12   139    50    65   142   143    84    19   142    10    23   128    84    88   139   159    43   131    49    93   128    30    75   109    25    11   167    13     2    10   107   118    44    24    93   168     2   118   127    89   126    15    67    96    86    64   178    19   163    35   126    51   107   166   154   104   124   171    69     9   153    77   143   111    28    74    40   157    47    29    47    90    48    71    27    83    92    19     3    20   113    65    60    28    17    25   161    55    78    40   117   177   117    19   144    88   130   173   166    64   147   111    49    73    29   145    58    75    89    97   124   116    94   139   100    35   118   114   173    78    43   142   154     1    92   145   131   159   168    96    84    22    56   160   170     4   160    55   134   140    23    34     4    27   168    24   168    11   144    63   132    79    66    24   121     4   167   158    71    94    48   105   123    96   165   104    23    30    81    15   134     7   143   175    58   154    68    55    65   134    55   122   158    94   147     4   139   100    99   131    81   142   123    54   116   147   143   180    40   167    20    95    54   113    98   173    24    86    31   138   164    52    29    92    41    72     1   132   160    72    10    19   108    68     8   180   154   157   146   175   121    76    76     4   168    81    84     2   176   132     8    91   151   149    61    30    43    45   100    94    66   127   148   140   140    69   113    67   143   100    62   136   118   109    45   172    81   106 
  138    79    65    61   117     7    15   140   177   117   170   117   124   126   167   162    15   147    71   100   119   131   140    94   142    86   177    97   173    89   113    14    51   104   173    61     3   124   106    96   169   178    61    66   146   155    83    71   171    22   147    15   109   164    26   145   148    93   143   132   114   168   169    39    27     5    48    79    18    47     5    79    87   107    46   115     5    31    93   134   137   132    34    95   124    82   174    78    88    36   180   112   103   112    21    75    66    69    68   102   158   180   158   178     2   135   170    16    48    78     9    69   118   150   123    53    98     4    44   165   110    37   144    94    32    90    46   176    80    36    91    81   157    93   157    85   126    14    77    85   154    21    52   115    18    61   143    61    62     7    57    37    92    28   173    34    51    14     9    37    42    44    66   106   108    86   151    28    74    10   143    96   155    74    73   129    74    48    12   146    95   145     8   101   167    55    60    76   174    70   137    26   119    98    94   164    87     4    75    28    27    60    32   123   164   171   157    69    70   148   110    44   148    79    58   148    54    73   103    95     5    78    54    88     9    53    36    99    11   114    23    58    29    86   173   132    49    25    86    56   130    52     4   101    50    60   166    51    54    49    40    25   128    65    90    50    83    70    21    60    11    37    63   163    33   149    38   111   156    26    74   136    18    17   151   104    96    66    53   162    16   116   123    58   116    88    81   132    67     8    26     9   102   170    31   130   180   164   141    32    19    50    67   140   116    39   176   101   132   178    72    77   125    21    74    37    75    48    37    48    53   120   128    47    41    91    31    74    74   138   106   137   169   162    30   125   158   161     6    70    47    12   117   130   162    14   113    82    30    30   135   168   123    41   158    57    45    70    47    81    81    19   151   136   171   161   172    18   156   159    71   124   125   121    37   148   102    50   113   180     8   100   167   162    11    55    54    80   139   144     2   157    77    81    12   171   104    20   149   149    44    14   180   135   143    17   116    74    90   170   160    97    80    20   129    46   130    58   122     9   179   132    52    36   143    34   164    90    69   170   133   140   168   158    26   162    73   129   152    77    34   127   134     9    10   149    99   108    74    47    11    25   152    39   180   158    13     2    46   111    55    71    56   117   109   106   171   136   148    62    16    48    42    49   136    92    38    21   126   176 
  173    88    23    40   137    13    49   165   112    58   160    34    32   166   103   177   162    86    66   100   143    21    10   148    44   139   150    35   124    61   175   137    29   175   113    93   120    97   164    47   170    30   120   141   159   118    49   125    67    71   177    64   177    71    77    62    75    30    35    41    77    25    75   146    14    63    32    71     4    57   174   172    22    51     9   131   174    46    56   164    86    97   135    97    89    62   132    41   113    34   107    21   155    61    39   165     1   131   128    32    91   163   119    96   110    56   133    81    61    27    51    57    29    62    14   128    36   106    70    55   141    94     8   151   142    82   159    46    59     8    11   139   126    15    11    47    52    18    82   119    42    78    33    32   102   168    16    74   150    25    27   140    45   120    89   171   117   175     3   111   136   130    26    56   126    60    44   118   151   133   164    40   180   148    10     6    53    86   118    29    20    92    55    85   116    90    64     5     9   102   120   132    36   178   135    10    11    16   122   148    66    74    27    73    73   144     6   134    44   167    56   179   158   155    71    38    17    54   180   143    49   132    37    20    35   134   100    24    73   127    18    19   167    54    26    75   100    44    91    47    75   170    57   168    63   157    74     8     1    55    56    11    32    76   177   158   118    54   159   137     1    78    79   106   147    43   159   176   131    98   121     4    55   133   122    39    62    28    60   158    30    59    34   121   148    46    24    92   170   130    98    39    47   129    79    88    25   102   105    13   155    55    27   168   112    82    76   170    92    15    42    72   159    31    59     7    11   150   123   100    16    53   107    71   144    13   152   150    79   138    91   114   158   175   157   170    46   148   119   131    88   157   173   143   149   165   113   124    89    91   177    13    68   173   155   166   122   133   103    50   137    83   151    81    98    97     5    89    91   169   147   147   155   160    41    31   164   124   145    37    33     3    24   150   124    81    97    45   179   146    37   161    66   171   116   119    58    73   156    32   180    91    21   128   152    15   130   114    69     3    16    81    69    24   136    91    38    57    55    36    93    93    93    92   102    87   165   143    45   115    76   127   131    14     9    38    70    54    54    67   164    34   178    24    25   171    69   117    13    34    82   138    20    23    79     4     9   122    45    80    29   146    53    24   161    24    53    98    98   148   138     1    17   159   175     5    93   153    87    66 
   14    91    33    60   127    79   136   145   158     9    81   158    17   106   137    93    60   122   161   118   121   159   107   167    34    79    60    13    41    47   133    96    66   161   169   111   138     6    10    42     5   149     1   156   174    88     2   168   110    32   117    69   103    81    64   110    88   178   107    91    53   144   114   171    17    68   158    84   175   136   129    50    19   139    66   175    79    26   144   142    25   122    51    92    93    32    61   111    70    30    31    10   125    92   162    28   111   165    27   126   167    79    55   144   164    22    48    58     8   133     8   136   126    97    78   173   101   109    31    54    93    65   169    44   134    68    76   144   176   127   139    40   128    49   106    89    40    39    61    18    59   172   100   154   165    33   163    40   150    78   157    56   118     9    79    68   142   150   176   152    66    13    34   124   132   153    49    57    58    69     9     4    53    34    89   146    28    58    70   112     4    55    22   134     6   142    30    60   152   161    11   169   141   128   138   139   110    32   108    81   108   133   138    53   163   163    84    21   113   154   127    66    93    31   162    42    22   169    92    65    13   154   180    76    66    81   157    33   114    44     5    62   109    32    86    85    22    22   177    71    86   106    79    96   111    27    88    48    69   145    22    24    79    15   101   162   106    37    60    82   162    65   156   115    72    49   140    62   171   174   146   129   138     1   102   160   110   143   143    10     8    93   126    27    40    77    38    64   131   180   142    17    14    77    16    59    47   135   175   111    65   163   140   117    58   142   105    15    94    51    19    88   149   110    74    72     5    48    51    24   152    35    49   167   158    18    85     4   170   111    72    18    12   158    53   163   177     7   116    36    57   172   159    56    79   180   177    39   140    79   143    42    23   101    30    14    16   101    68    48   127   101   177    54   167   119    31   176   130   115     3   126    21    32    94   106   162   104   147   154     5    57    20    51   179   140   179    13    57   153   107    83   101    32   165    50   135   127   133    19    20   125   146    16    74   155   170   180    18   162    64    15    50    55    12   126    37    66    99    97   180    28    87   169   109    91    47    74    34    96    21    42    90   124    43   122    45    92   168    85    51     8   157   168    19   171   178   127    19   117   121   123    75    87    58   171    94   145    36    88     1    45    32   108   168   141    15    10    11    14   131    52    40    58   104    74    19   173   167   150 
  162   162   172   172   114    43   134    74    50   140   142    39    91   115    78   141    33    15    47   107   110   106   105    11    58   175   109   118    76    83    70     8   128   169    30   155   167   161    27   155   167    24   104    98    68    59    58   131   128   156    38    59   169    33   179   152     6   134    72    17     2    15   134   129   160   135   157    50    92    14    23   176   151    99   134    80    28   168   155    16   147    98   162   173    73   174    33   138    42   142   147   163    43    97    53   129    32    46    59   166    27   115    45   151   174   148    96   142    91   131    63   142   101   106    87    49   172    41   117    98   136    44    17   148   121    53   156   111   163   148   104    58   127   145    66   172    80   135     6   143    51    84    88   132    49    11    34    71   112   170    23    14   159   158    26   112    81    71    89   177   162    64    76   127   130   100   144    18   172    70   112   142   156   154    38   113   162   143     4    52    95   165   177    12   128   169    34   134    27    76    54    53    30     2    57   140   134    68    95    77    31    37   177    71   175     6   137    71    48    42   175    35   138   159    68    43    49    43    82   176    30    95   157   174    12   144   133    51     1   161   159    15    67    51   134    44    93    57    86   163   175    73    68    93    52    51     3   113    33   125     9   158   120   135   146   173    19    87   128    96    58   171    31     4   164   125     1    47   124   110    53   148    18    83    45    40    78   139   171     9    15    31   173   170   116    81   148   130   125   106   128    13    63    19    77    47    80   153    12   146    85   118    73    24   148    93    33     3     8    36   141    96   136    22    37    36    83   146   131    62    62    60    51   110    42    39    38   172    12   102   107     5   112   172   164    42    23    25    89   174   114   154    44    36    92    85    39   120   150    50    10   167   151   148    54    32     5   139   179    56   158    94    87    86    32   161    64   144   175    96   138    35   105   140   174    37   125   111    95    81   128    83    17    77    95   128    41    43   165   153    16   153     6   159    82    12    67     2    84    14   147    76   147    87    71   125   109   161   137   137    31   147    47    10    12    51    87   154    67     7    97    64    58    27   104    70   113   167   138    56    58   173   160    80   102    18   115    53    28    67    72    17   125    79    57    85   125    72     7   137    73   164    37   172    90    30    89   110    67   141   169    49    70    62    31    44   135    24     2    25     5    52   151   173   161     3    38   161   180    31 
   12    52   161    67   164     7   167   131   132   128   125    83     4   176   167    57     5   128   132    90    70    15    42    28    19   156    45   137   143    57   168    68    94    60    10   178   176   172    76   139    86   120   127    38   130   159    46   157   152   180    77    22   130   144    94   153    22   167   169    45    74    15     3    52   129    84   163    30    18   109    24   124   122   159    63    75   147   131    37   125    77    66   131    92    97    75   129    33    38     7    82    77    15   127   125   117   177    29   118    13   138    96   179   160   102   117    54   105   144    74    62   158   170   141    12   139    63   104   157   109     8    63    23   142   107    48   108     7    42    20    34   139    68    26    37   150   106    17   124    34   175    80   126    23   112   179    55    58     1   103    74    55    15    60    83    39   113   180   149     4   150    24    23   132    11   115    77    88    68    68   173    79    29   131    65   155    49   117    98   178    65    34   132   118    95    91   169    54   141    15    29    47    60    38    75    66   172    31   126    93   123   153    19    77   156    56   105    93    16    91   166   117    42   124    14    57   135    68   102   123    94    80    27   148    18    80    44   149   165   127   145   178   177   142   151   159   107    54    16   148    34    55    76   118    33   164    23    77    52   166    37   161    45   157    76    76   168    90    15     3    72   141   151    93   157   138    71    27    38   108   148     9   120   100   154    79   104   135   175   122    91    41   158   120   122    76   120    13   148   122    26    37    81   106    54   161    82     2   159     2     1    33   131   180   105    54   178     4    98   107    53    70    58   142   117    94    47    25   130   180   101    79   127    67    44    54    85    67   118    47    11    78    60    28    15   144   148    42    56     4   132    95   159    81   145   136    68   115   168    49    95    69   154   176    76   124   117    89   173    48   141    61   143    18    10    46    94    89   109    62    97   103   148   121    95    64    20   154   132   111    20    65    32    97   119    89     8    80    41   145    15   178    32   147   155    80   114    54    32   128   107   140   169   170   180    19    68   133   166    57   146     6   105   160    45    64   115    55   174    70   163   175    72    24   119   173   135   115   115    59    19    82    79    92    53    44   170    30   149   178   164    16   144   156    12   132     3   157    53   166     5   100   116    22    91   152    68   101    10   174    85    22   172    79   155    31     4    71    13    13    70    24    21    50    19   167    45    91   114   156 
   60   112    63   136    12    33   159    46   165   167   130    25   106   102    25   151    23    54   130   109    35   157    70    46    51    67   119   175    91   138    34   155    48    81    67    30   170   156    84   166   168   123    83     4   125   126     5    91    18    46    44   160     9   165   134    33   130    24    93    38    83    89    27    59     4    13   147    46    86    96    15    99    58    18    57    46    52    10   131    64     9   129    14    52    23   164    93   176    72   168    44   131    26    31    11   173    63    15    68   166    20    48   106   146   172   149    93   157    36    95    63   111   125   116    72   178   125   152    26   121     1    10   129    82   169    79    42   168   141   171    63    43   131   174    21    27   133    10    91    72    77    35    82    20   125    62   168    36    19    51   152    67   113    56    31    88   145   137    34   123    23    16   108    19    89    51    15    45    13    60   112   126    30   142   117    23   163   131   151   151    27    17   101    35   122   125   175   166    39    74   151    87   162    78   155   123    99   115     5   126    10    37    98   156   134    69    99    53   103    51    40   120    90     5    30    32    18    86    62    43    17    59    20   117    33   144    99     3    12   148    21   128    24    86    55   146   170   103    11   138    20    48    76    98   121   118   140    23   180    98   137   146    69    77    72    32    44    20   167   111   133    10    94    60   139     4    52    48   125    75    63    90   130    20    36   141    89   108    24    73     8    53    87     2    22   136    31    84    89   109     7    56    37    21    18    61   100   150    67    34   131   127    46    23   132    72   158    18   134    15    41   115   161   167     4    25    55    72    90    43    25   101    15   156    53    17    53   128   119    17   159   130    40   117   113    65   133   122   119    30    43   111    91   139    23   101   117   143   178   161   171    13   175    66    85   148   110    40   160    58    70   134    63    80   162   158    50    57   164    27   102    81    41   164    74    28   127    26   101    38    11    19    75     5    80   173    33   146   150   131    49    69   119    71    45   107    64   169   117   174   124     5    15   104    51   175   117    36    30   168    98     8    71   178   158    50    59    74    39    64   112   130   107   138   141    43   112    99   138    49    52   148   164   176   157   107   176    25    71    81   137    92     4   126   159   166    92   179    87   101    25   114    62    76   146    19   172    34    91   139   109   139    89     3   156    73   128   135   144   133   163   105     4    35    46    91    36     9    18    61 
  117    17    29    66   131    95   135   133    12   118    54    77    84   167    88   150    28    75   111     7   175    69     1   107    99   148   155   149   146    14    53   139    24    64   110    60   166    83   129    44    84    57    93   177    52   138   116   150    36   110   142    69    13    99   155    93   106    85    26   168    23    70   172    10   136   116   172    29    88   178    87    78    52    44    82   155   118   162   113    59    81    80   167   103   129    39   102    88    88    44   115   124   162     8    12   113   131   117   124    80   119   150    61   164   122    33    28    80   109   167    51   156    79    89   100    24   105   103   123    64    15    78    91    56    97    35   157    31    45     3    47   129    71   105   100    58   147   167    13    30    39    68   178   144   173   110   127    47   177    40   135    86     9    21    12   122    73   143    95   160   156    13   124   147   163   119   176    11   149   126    58   110    49   104   139    34   107    42    70    57    20    65    88   122    26   101    33   109    26    26    86    55    92   123   127    76    15   105    96    52    60    80     9    58    63    75    23    44    10   163   179   144    22   134     4     5   154     7    14    61     3    17   135   132   117    56   168   168   132    36    52    79   133    85   176   114    56   164    58   113   118    35   167    81     3   165   128   157   144    66    37   162   126   110    80    69    17   160   164    53   115   151   166   114   169    40   155    72    61   165    65   115    49    50    17   150   161    48    81    51   139    46    58   134   135    87    84   103    58   163   113   116   140   148    12    63    88    97   117   121   168   118   102    66   179   143   104    93    32     4    11   111    85    87    35   115    60   169    43    18    57    81   132    58   116     1   180   176   111   162    43    64   142    75    63    78   136    24   166    37    48    66   171     6    22    97    22   151   100    84    41    88   147    99   161    84     6    95   155   175     3   149   131    77   149   118    79   172     9    55    65    21   169     9    57    16    87    29    58    85   152   140    78   108   134    33   167   145    79    81   164    36    40    48   151   106    32   175    80    49    98   100    66   137    96   144    81    50    91    93    67   147   123    32   149    44    37   179   123   114    15   144    22   174   155   127     3   160    16   124    15   125   107   151   178     6    46    82   146   166   150   113   111   176    32   119   180   100   150    18   175    66   129     3     8    73   180    94    67   132   119   107   121   149   107    64   127   136    16   156   158    69     8   101    99    95    54    75   154    76 
   62    50   138   145    77    59   150   173    22    61    63   142   103   153    57    35   138   160   159    87   135    79    25   135   122   146    19    97    28    83    98   161     2   116    52    70    92   141    80   136    94   110    30   116   161    27    78    12    17    76    65   117   131    46    92   145   143   110    48    31   129   143   163   161    15   167   173    72   115    69    61    22   129     7   123    99    33    75    18   151   151    95   171     1    39    55   129    41   119   130   134   113   115   109   115     6   156   128    72   124    30   125   155    41    14   129    17    39    79    55    31    74    26   102     3   180    86   128   147   178    56   123    55    84   149   110    89    54   109   106    28    28    35    26   103    34    34    59   149    16   134     2   144   167    32   151   111    76   103   118   106   145     7   105    51   177    82   180   180    16   131    48    31    27    24   129   112    56   169    11    20   139    61   156    71   143    86   120   157   167    69    29    40   132   135   123   135    26    82    73    12    16    58    73    43    14    66   156     9     5    24    90    56    78    61   153   137   143    11    82    91   100    24   124    10   133    87   117   180    68    89    13   104    65   172    40    79    22   160     8    29   113    60    63   117   162   122   180    35    26    39   126     9   150    13    70    17    41    14    59   175    49    91    79    22   111     4   176   138   177    26    79   132   143    92    27   143   119   110   136   116    27    45   110    15    26    28    58   114    19    65    46    87   143   165    93   154    35   125     4    90   105   120    21   159    90    98   111    42    20    97    47    97   121   166    86   162   156   140    53   139   117   150    92   107    73    13    19    20    72    53   145   105   100    30   148    58   114   178   135    44    55   151    29    46    57    78   108    50     2   113    93   155   163    62   162   148    83   142   120    92    97    35   121    70   152    50    18    87   130    69    86    29   170    83   180    48   143   102    96   142   174   165   165   150    48   151   129    41    78   113   119   114   116    15    59    15   110   152   168    42   178    54   156   107   164    70    63   149    76   164     9    42    78   155    29    67    57    29    23   159   168   169    34    54   102   142    52    88   130   106   133    76   126     1   134   165   101   132    17    36    42    32    67    17   126    57    13   146    26   178   145   149    48    59    87   167   131   143   136    26    58    58     4    78    69    95    33   174    40    52   122   115    13   134     3   124    97     9   158    39   115    29   166   144   119   127   176   156    98 
   32   151   142   107   159   170   131   113   169   162   144   118   141    39    31   123    36    24    69    13    84    34   149    87    28    16    77   177    10   116    29    75   149   107    62   164    96   145    49   139   143    52   149    40   110   110    97     6   126   151    40     5    83    58   158   150   137    63    52   178   113   150    18   144   175   127    30   109    88   168    16   158    34    14   133    20   133    99    41   129   119    53    40   110    71    30   137   140   135    78    72    36     1    56   169   134    69   149    26    94   160    96    25   180   148   117    25   172   130    18    31    79    93    58    63    43    51     6   140    47    28    22    25    31   172    21   129     8    29   176   134   160   136   116   169    99   130   116    25   159   136    96    86   117   124    37   130    50   110   157   173    37    21    50    20    68    74    38    73   117    21   172    18    69   102   116     9   153   151    40    69   178    32   144   133    54    39    73   108    11   154   169    25    64     2   138    40     5     7   106   139     9    88   110   162     9   120    46     9   131   116   150    41   130   127   138    50   101   123   147   122   103   108   104    93    66    15    24    47   161   120    24   115   125   159   111    28    81    75    44   119    12   172    75   174   143   130    50    94   112    27   113    71   134   155   153    87    99   106    19   170    11    11    32   162    12   144    52    58   139   151   160    28    79    73    95    64   150    19   168     9    65   146    99    12    82   142   136   168   147    37   170    64    46   160   101    38    12    79    46   165     9    84   115   100    83   152   167   129    35     2    22   159    68   161    16    60   178    15    95   146     6    36   109   158   145    41    25    36    91    53    19   156    73    42    52    52   135    32    73   109    44   115    10    54    17    37   174    48   121    69    11   150   141   113   114   105    58    46   123    44     2    82    84   102   154   175    79   144   112    24    45    89   178   146   143   116    66   153   102     1    86   140   165    87    74    27    77    35     8    88    21    77   144    59    86    98   106   140   176   151    16   155    17    81   112    85   110   104     9    44   180   138   159   112    74    26    49   131   147    49    76    61   105   128    66    87    84   108    94   147   104   166   164    21    47    86    20    39    87    24   173   116   179    43    86    57   122   147   114   165    54   100   140    77    88   126    12   122    91   138   103   113    30    88   161    16    20   143     8   155   138   176    50   128   173   139    93    41     5    37    73   180   114    49   180   176   153   117    30 
 0.00  0.24  0.36  0.35 
 0.24  0.00  0.38  0.39 
 0.36  0.38  0.00  0.23 
 0.35  0.39  0.23  0.00 
