60 12
15
     16589
     18284
     16412
     16456
     16736
     17674
     17158
     18029
     17380
     15483
     16060
     17738
     18682
     17999
     17766
  1.3  17.4  87.3   1.9
  3.0  67.0  22.0   1.7
  4.7  41.4  83.0   2.5
  2.3  75.0  63.5   1.6
  4.2  54.1  45.9   2.4
  2.9  47.0  10.4   1.8
  1.1  71.2  53.0   2.3
  3.3  29.5  90.1   1.9
  4.9  27.0  54.7   1.6
  2.3  55.3  47.6   2.0
  1.4  18.9  49.6   1.5
  2.5  73.0  46.6   2.5
  2.3  43.9  47.3   2.3
  3.4  43.5  36.8   2.3
  2.6  21.2  75.7   1.6
  3.5  42.0  82.2   2.1
  1.5  47.5  92.1   2.1
  2.4  58.1  22.4   1.9
  2.8  65.3  56.1   1.6
  1.8  63.6  85.0   2.2
  1.1  22.2  42.7   1.9
  4.0  23.8  71.7   1.8
  4.6  72.8  54.1   1.6
  3.9  59.2  50.0   1.8
  3.6  52.0  89.1   1.5
  3.3  68.4  80.0   1.8
  1.6  40.0   8.7   1.9
  4.0  69.3  34.2   1.9
  4.9  62.1  12.9   2.4
  1.3  19.3  84.9   2.1
  1.8  74.6  65.8   1.6
  1.8  60.1  94.7   1.8
  3.5  42.1  27.6   1.9
  3.9  16.4  51.5   1.9
  2.2  43.6  92.8   1.9
  2.2  72.1  53.3   2.4
  1.5  64.8  51.9   2.4
  2.0  17.5  32.6   1.7
  3.8  40.4  51.5   1.9
  4.7  34.4  30.2   2.4
  1.9  74.6  77.7   1.7
  1.9  17.1  45.7   2.0
  4.8  41.3  54.1   2.5
  2.2  30.5  66.0   1.5
  3.0  53.1  81.0   2.4
  2.0  27.6  45.0   1.6
  4.9  37.5  37.8   1.6
  2.7  44.0  24.8   1.6
  3.0  17.0  56.1   2.5
  1.5  31.4  49.9   1.9
  1.7  69.4  52.9   2.0
  2.8  53.6  86.5   1.6
  3.6  34.9  71.7   2.2
  4.2  31.4  85.8   2.1
  1.3  71.4  36.2   1.9
  3.3  63.7  72.3   1.5
  4.5  15.2  32.6   1.8
  3.9  72.1  79.3   2.1
  2.1  39.4  89.6   1.9
  2.7  33.0  74.6   2.0
  1.2  68.7  29.4   2.5
  3.5  39.1  36.8   1.6
  2.4  15.1  25.3   2.2
  2.7  57.5  73.7   2.2
  4.9  65.8  54.7   2.0
  1.3  31.6  47.1   2.3
  1.2  38.3  88.5   1.5
  3.3  20.7  75.2   1.8
  4.0  67.9  92.3   1.5
  3.8  24.1  16.0   2.2
  3.8  26.9  33.0   1.8
  4.7  46.8  59.5   2.3
  2.5  40.9  91.3   1.6
  3.4  35.2  43.4   2.1
  4.8  62.5  67.5   2.5
  2.7  37.9  80.0   1.5
  4.8  67.1  74.8   1.8
  4.1  22.8  82.5   2.3
  3.8  18.0  39.9   2.4
  3.3  37.9  67.0   1.9
  1.0  53.8  39.8   2.4
  3.4  66.6  92.4   1.9
  1.6  70.9  61.6   1.7
  4.4  36.3  45.8   2.2
  1.2  57.4  49.3   2.4
  3.6  34.5  50.2   2.2
  1.9  64.0  23.4   2.3
  2.2  41.6  59.7   1.7
  3.1  22.4  26.3   1.9
  3.6  64.8  77.5   2.3
  2.5  67.6  79.1   1.8
  1.7  31.2  25.4   2.4
  3.1  41.7  37.0   2.1
  1.1  51.1  13.3   1.6
  4.1  39.6  14.4   1.6
  4.0  40.9  83.3   2.3
  4.8  58.8  60.9   1.9
  4.4  72.2  53.2   2.1
  4.0  41.2  94.5   1.9
  2.1  74.0  60.8   2.3
  2.5  55.3  57.2   2.4
  3.4  54.1  20.4   1.6
  4.8  27.5  27.9   1.9
  3.3  63.5  87.6   1.9
  3.2  50.6  77.4   2.5
  1.9  16.0  52.6   2.1
  2.0  59.5  24.5   2.0
  5.0  64.9  57.8   2.2
  1.8  46.8  89.3   1.9
  3.6  69.8  19.3   1.9
  4.4  63.4  15.9   2.3
  2.1  71.9  87.7   2.0
  3.7  44.8  71.0   2.3
  3.0  49.9  89.3   1.7
  4.7  64.5  84.6   2.5
  4.1  59.3  46.2   2.1
  1.5  63.9  16.3   2.4
  2.0  38.4  85.5   2.0
  3.7  68.7   8.5   2.1
  5.0  46.9  34.0   1.6
  3.7  57.4  35.5   2.3
  3.0  56.2  19.2   2.1
  1.1  27.6  50.2   1.5
  4.7  66.3  46.0   1.8
  1.3  20.7  46.8   2.4
  3.4  56.5  51.2   2.3
  2.1  23.4  75.7   2.2
  3.7  47.1  12.0   2.1
  3.9  54.1  35.2   2.2
  2.6  41.5  31.0   2.5
  4.0  31.5  85.6   1.6
  1.2  67.6  31.6   2.4
  1.8  60.4  28.8   2.4
  2.2  32.9  76.3   1.5
  4.5  71.4  35.6   2.1
  1.3  38.8  22.7   2.0
  2.3  67.4  14.0   1.6
  2.6  28.6  20.7   2.3
  1.9  69.5   8.0   1.7
  3.9  72.4  26.8   1.9
  2.9  54.9  72.9   2.2
  2.8  66.5  17.6   2.2
  2.3  49.2  18.4   2.4
  4.9  15.7  74.3   1.6
  4.4  20.4  88.8   2.3
  2.5  33.0  11.6   2.3
  4.7  43.9  77.8   2.0
  1.8  64.2  30.7   1.6
  2.0  20.9  32.8   2.2
  2.0  26.5  51.5   1.9
  1.7  25.8  25.1   2.0
  3.1  72.2  20.3   2.1
  1.9  65.0  20.0   1.6
  2.8  31.2  66.4   1.7
  2.4  24.5  87.1   2.5
  2.8  39.5  38.0   2.4
  1.3  68.6  91.7   1.9
  4.1  66.3  43.0   2.4
  2.0  42.8  58.4   2.2
  4.3  70.4  64.4   1.9
  4.4  56.5  68.1   2.4
  1.4  26.2  28.5   2.1
  1.1  26.6  85.9   1.6
  2.2  34.6  13.9   2.4
  3.1  46.0  44.6   2.4
  3.6  65.9  94.2   1.7
  1.9  26.9  50.0   1.6
  2.1  31.0  64.8   2.0
  4.2  68.2  39.9   1.9
  2.9  20.9  55.6   2.0
  4.7  46.0  52.4   1.7
  1.5  17.3  73.7   2.1
  4.2  55.0  33.5   1.8
  1.4  34.6  21.9   1.8
  1.6  21.0   6.2   2.0
  1.2  74.7  36.4   2.4
  1.4  23.9  60.4   1.7
  4.8  50.0  90.5   1.5
  4.7  34.8  82.9   2.0
  3.2  53.0  85.7   2.4
  4.9  67.7  11.4   1.7
  4.0  45.2  19.6   1.5
  1.4  27.5  72.0   2.1
  1.8  37.9  93.3   2.1
  2.0  31.7  54.1   1.7
  1.1  58.7  84.5   1.7
  3.6  57.8  27.0   2.5
  1.7  74.5  92.2   2.1
  1.2  46.3  19.0   2.3
  1.8  17.6  28.9   1.8
  5.0  50.8  59.2   2.1
  2.4  66.3  22.3   1.6
  2.8  17.8  68.5   2.4
  3.7  42.6  77.7   1.9
  3.4  74.8  86.8   1.9
  3.7  44.1  26.2   2.3
  1.4  30.1  37.2   2.1
  1.6  56.4   9.3   1.6
  2.7  69.0  77.4   1.8
  4.7  52.9  35.2   2.3
  2.1  55.6  70.5   1.5
  3.0  49.5  45.4   1.6
  4.9  43.2  36.3   2.3
  3.7  47.5  38.1   1.8
  2.2  50.9  50.0   1.7
  4.9  18.7  53.9   1.9
  2.9  45.3  31.5   1.9
  2.4  69.9  70.1   1.9
  2.1  19.4  76.9   1.7
  4.4  17.2  72.7   1.5
  2.1  29.8   7.2   2.2
  1.2  53.0  72.4   1.7
  2.8  48.7  85.1   1.5
  4.7  68.8  73.0   2.1
  3.8  63.4  89.9   1.9
  4.9  17.3  19.6   2.5
  3.3  74.1  54.8   2.1
  4.3  30.4  66.3   2.1
  2.0  51.4  70.6   1.7
  2.0  70.9  94.7   2.3
  2.3  45.6  67.7   2.1
  1.2  71.7  90.3   1.5
  1.3  70.7  32.4   1.6
  1.7  51.1  17.4   1.6
  1.4  31.4  10.8   2.5
  2.7  27.1  10.8   1.9
  2.6  66.2  55.7   1.8
  3.1  56.9  83.5   1.7
  1.2  43.0  53.0   2.0
  1.9  15.3  37.5   2.5
  1.3  38.0  85.4   2.2
  3.4  24.8  57.8   1.6
  2.3  29.2  71.0   1.7
  4.3  38.4  63.4   1.8
  1.7  56.9  42.6   1.8
  2.4  42.6  90.2   1.8
  1.2  35.7  86.1   1.6
  4.9  53.3  89.3   2.5
  3.6  67.2  28.3   1.6
  4.6  58.7  62.1   1.7
  3.9  17.8  79.6   2.1
  1.7  35.6  94.2   1.6
  1.5  53.8  13.5   2.3
  1.3  20.0  10.3   1.9
  4.3  58.7  70.9   2.0
  2.9  26.3  52.0   2.2
  1.2  60.4  33.4   2.1
  3.9  51.0  33.6   2.3
  3.8  71.0  29.3   2.4
  3.2  72.5   5.3   1.9
  3.2  45.5  47.3   2.3
  4.1  30.2  32.9   2.3
  1.3  67.3  45.1   2.2
  3.1  20.8   6.1   2.1
  1.4  68.7  19.4   1.8
  2.7  56.7  18.6   2.1
  2.4  16.6  23.6   1.6
  3.3  46.0  64.3   1.7
  4.4  43.0  22.1   2.1
  1.2  50.3  83.1   2.3
  3.6  28.6  20.7   1.9
  3.1  59.8  31.0   2.0
  4.2  46.6  51.5   1.6
  2.6  66.6  16.2   1.7
  1.8  35.9  58.5   2.4
  4.5  45.4  90.1   2.1
  1.8  35.8  15.0   2.2
  2.8  44.0  62.1   2.0
  3.3  18.4  59.8   2.3
  3.2  33.7  44.9   1.6
  3.5  47.4  86.2   1.8
  2.2  70.5  83.6   2.5
  4.9  67.1  66.2   1.8
  2.8  70.8  88.5   2.1
  1.7  31.5  18.6   1.9
  2.8  67.5  18.8   1.9
  1.1  61.1  93.4   2.4
  3.7  63.8  26.9   2.5
  2.6  52.0  60.2   1.8
  3.4  37.3  40.9   1.6
  1.4  49.5  26.2   1.5
  4.7  70.1  17.7   2.1
  1.4  33.5  63.1   2.2
  3.9  26.0   6.8   1.9
  4.6  16.7  52.3   1.9
  1.6  29.3  94.9   2.2
  2.7  62.4  49.1   2.1
  4.3  66.9  63.0   2.1
  4.4  34.0  41.8   2.3
  1.1  44.3  68.8   1.5
  1.6  66.4  21.8   2.4
  4.4  71.7  43.6   1.8
  4.3  58.8  80.2   1.6
  2.2  20.4  87.8   1.8
  3.1  62.3  44.8   1.9
  3.4  18.1  36.9   2.0
  4.7  43.2  72.3   2.2
  1.0  37.7  28.1   1.6
  1.7  42.7  32.2   1.9
  1.5  20.9  29.6   1.7
  3.0  29.2  15.1   1.8
  3.1  57.8  86.0   2.1
  4.8  39.2  84.5   2.0
  1.7  50.7  15.3   2.2
  1.6  43.9  17.8   2.2
  2.9  32.2  51.2   2.0
  2.2  38.3  68.0   2.3
  4.5  28.3  37.2   1.8
  1.7  60.7  16.0   2.3
  3.6  57.7  93.3   2.3
  3.8  56.9  64.0   2.2
  2.5  53.9  28.6   1.6
  2.2  41.8  59.4   2.5
  4.4  72.8  48.9   2.1
  3.8  16.7  85.3   1.6
  2.8  54.3  43.7   2.4
  1.7  29.4  67.8   1.5
  1.3  31.4  41.8   1.6
  3.2  20.2  35.8   1.6
  2.1  27.7  48.1   2.0
  4.2  71.8  46.1   2.4
  3.3  48.9  35.2   1.7
  4.4  27.4  33.7   1.7
  3.1  15.5  20.1   2.2
  2.3  61.0  30.0   2.3
  4.3  68.9  25.4   2.1
  3.9  35.0  78.2   1.9
  3.1  55.5  75.7   2.4
  4.9  28.0  14.0   2.0
  2.2  60.9  12.3   1.7
  3.8  49.7  20.6   2.5
  1.2  36.3  31.8   2.2
  3.9  29.7  53.2   2.5
  4.0  18.7  26.9   1.9
  2.2  49.1  40.9   1.5
  2.9  67.7  44.9   2.3
  3.0  59.6  37.6   2.3
  1.4  63.9  81.3   2.4
  2.7  67.6  76.3   2.2
  4.4  73.9  45.5   1.9
  4.9  35.8  52.3   1.9
  5.0  59.0  74.3   1.6
  4.7  41.8  51.4   1.9
  1.7  50.6  94.0   2.2
  3.6  15.2  86.8   1.8
  1.2  24.0  37.9   1.8
  2.1  60.6  55.1   2.0
  4.3  44.2  55.3   2.0
  3.0  38.6  32.5   1.7
  2.9  23.0  30.6   1.9
  3.8  15.7  41.6   1.5
  2.8  30.6  57.2   2.1
  3.8  22.6  65.6   1.8
  1.6  28.9   5.9   2.0
  2.6  48.6  11.4   2.5
  3.9  30.2  16.4   1.8
  3.8  48.9  31.1   2.1
  1.6  22.8  10.0   2.2
  4.0  56.4  88.8   2.5
  2.5  20.9  86.8   2.2
  3.2  58.2  25.2   2.4
  1.1  32.8  77.0   2.4
  1.4  22.6  94.2   2.1
  3.4  59.9  11.6   2.5
  3.5  26.5  24.1   1.7
  3.9  33.9  80.7   1.6
  2.1  38.3  91.7   2.4
  3.0  16.5  65.1   1.6
  3.0  40.5  50.5   2.3
  3.9  35.1  91.7   1.8
  1.6  28.9  88.4   1.9
  3.1  20.7  85.0   2.2
  2.9  63.0   8.7   2.2
  3.5  43.5  62.4   1.9
  4.6  37.3  79.1   1.9
  1.4  58.2  16.8   1.7
  1.0  59.0  62.7   2.4
  4.0  41.3  79.9   2.3
  3.4  44.2  34.5   1.8
  4.3  32.2  74.9   1.6
  2.9  66.2  26.7   2.1
  2.9  37.3  13.8   1.8
  3.8  54.2  11.0   2.5
  3.2  57.0  85.9   2.1
  3.4  41.8  41.7   1.6
  2.4  31.7  75.3   2.1
  2.7  31.8  10.6   1.7
  2.5  20.6  49.2   1.6
  4.4  30.3  63.8   1.6
  1.7  25.2  59.1   1.9
  1.1  36.4  75.7   1.9
  2.2  35.9  62.4   2.3
  4.7  31.9  59.8   2.5
  2.2  25.2  74.5   2.4
  2.9  56.1  35.1   2.2
  1.5  73.1  41.7   1.6
  4.7  20.8  80.7   1.6
  1.8  50.6  43.4   1.7
  5.0  44.1  11.7   1.6
  3.0  71.3  60.1   2.0
  4.8  73.5  29.2   2.1
  4.8  24.4  14.8   2.0
  4.5  23.8  50.8   1.7
  1.9  68.4  54.5   1.5
  1.0  52.5  94.8   2.3
  3.9  41.4  38.2   2.4
  1.8  25.8  80.1   2.2
  3.9  30.4  91.5   2.3
  3.5  15.8  82.4   2.0
  1.2  16.2  27.1   1.7
  2.3  25.1  25.7   1.8
  3.1  17.2  33.4   1.6
  4.6  40.7  61.6   1.8
  2.1  29.0  42.4   2.3
  4.8  57.5  87.0   2.4
  2.5  74.8  61.0   1.6
  3.0  53.9  87.4   1.9
  3.8  28.7  39.8   1.8
  4.6  46.1  12.7   2.1
  2.2  20.8  52.9   2.4
  2.1  39.8  35.3   1.9
  3.4  31.8  21.0   2.1
  3.8  32.4  83.9   2.4
  4.9  50.4  32.8   2.0
  1.7  38.8  51.2   1.7
  4.8  46.9  13.6   2.2
  3.9  57.4  58.0   1.5
  4.7  35.4  25.9   2.4
  3.3  69.1  35.8   1.8
  4.0  20.3  83.9   2.3
  2.9  33.0  56.0   2.2
  3.9  21.5  91.7   2.4
  5.0  48.1  59.2   1.7
  3.0  66.7  79.5   1.8
  2.4  56.0  50.7   2.0
  2.7  49.7  21.9   2.3
  1.9  62.7  57.0   2.4
  3.6  61.9  59.5   1.8
  2.7  33.8  23.5   1.6
  4.2  64.9  64.6   2.0
  4.0  16.2  69.2   2.1
  2.9  55.9  70.9   2.0
  2.1  28.8  47.9   1.5
  2.3  64.3  48.3   2.3
  4.6  71.1  40.7   2.4
  3.7  24.5  55.3   1.7
  3.8  23.9  67.8   1.7
  2.0  42.4  59.8   1.8
  1.3  37.1  18.6   2.3
  4.1  73.1  16.9   1.8
  1.8  25.2  51.9   1.6
  2.2  56.0   5.3   1.7
  4.2  56.0  81.7   1.7
  3.8  27.1  16.5   1.6
  3.9  26.3  45.0   1.6
  3.6  52.2  71.0   2.1
  4.8  54.3  80.0   2.2
  1.4  44.8  19.3   1.8
  4.7  39.3  15.1   1.8
  2.1  21.2  19.2   1.6
  1.1  42.1  52.9   2.3
  4.9  59.1  60.9   1.9
  1.7  44.5  69.8   1.6
  4.3  72.6  69.1   1.7
  1.6  38.6  37.4   2.2
  4.2  40.9  29.2   2.5
  3.2  68.2  52.1   1.5
  2.8  61.0  15.1   1.9
  3.9  52.7  73.7   2.0
  3.6  54.0  42.3   1.8
  3.0  25.1  75.1   1.7
  1.0  49.5  36.1   2.3
  4.5  66.8  47.2   2.4
  4.5  36.0  59.5   1.5
  3.8  38.3  16.5   1.8
  1.6  26.5  83.2   2.1
  1.5  20.5  29.6   1.5
  1.4  47.3  30.6   1.8
  3.0  29.7  23.6   1.9
  3.3  23.1  46.8   1.9
  4.2  26.9  59.8   1.7
  3.2  43.4  58.0   1.7
  1.6  42.2  86.8   2.3
  1.9  50.8  33.3   2.0
  2.3  69.4  55.6   2.4
  4.4  74.0  65.5   2.2
  2.2  54.2  40.0   1.6
  4.5  73.0  92.4   2.1
  2.0  38.4  42.2   2.2
  2.1  60.9  34.2   1.9
  2.0  42.1  84.6   2.5
  2.5  40.6   7.0   2.3
  4.0  29.0  69.6   2.0
  2.8  58.4  19.6   1.9
  3.8  60.9  24.9   1.7
  1.8  65.6  51.4   2.2
  3.0  38.4  93.7   2.2
  2.6  15.4  33.6   2.3
  3.5  36.1  60.0   2.2
  1.2  22.9  70.1   1.7
  1.8  36.7  66.4   2.1
  2.3  59.3  88.4   1.8
  3.4  24.2  58.5   2.1
  3.9  46.9  80.5   2.2
  4.8  49.9  12.2   1.8
  1.1  60.4  57.3   1.7
  4.1  59.2   9.2   1.7
  3.2  57.2   6.7   1.7
  3.2  43.0  88.0   2.3
  2.2  46.0  73.7   2.0
  4.2  52.5  64.7   2.0
  2.0  64.1  44.2   2.3
  2.9  45.8  81.5   2.0
  4.2  73.3  82.1   2.1
  1.4  19.3  67.2   1.6
  1.5  69.5  56.9   2.3
  2.9  55.0  30.9   2.0
  4.6  29.0  38.7   2.1
  3.8  38.4  23.8   2.5
  2.5  18.6  23.3   1.8
  4.0  73.4  21.1   1.7
  2.9  16.5  76.5   1.7
  3.4  19.0  18.0   2.0
  4.4  32.6  14.0   2.3
  1.6  68.3  49.6   2.3
  1.6  27.5  91.5   2.0
  3.3  59.5  68.1   2.2
  4.6  30.8  83.1   2.1
  4.8  21.5   5.8   1.8
  3.7  38.0  43.4   1.8
  2.3  41.2  17.3   1.6
  3.5  54.0  81.5   1.7
  2.7  22.2  38.3   1.9
  5.0  46.5  51.8   2.1
  3.0  42.5   7.8   2.1
  4.2  62.8  45.7   2.2
  3.0  15.2  67.8   2.3
  2.2  29.6  10.5   1.6
  3.4  56.1  56.1   2.3
  2.9  47.6  64.2   2.4
  2.0  48.3  20.3   2.0
  3.1  59.5  70.7   1.7
  1.4  21.1  30.2   2.4
  1.1  27.5  84.5   1.7
  2.3  70.6  70.8   2.3
  1.9  17.9  40.4   1.9
  4.1  63.8  33.7   1.8
  1.7  45.8   5.3   1.7
  2.5  31.7  24.9   2.5
  1.4  52.7  65.1   2.5
  4.9  27.7  29.9   2.3
  1.7  31.7  38.9   2.4
  1.5  24.5  75.9   2.0
  2.1  47.5  34.7   1.8
  3.1  27.0   6.6   2.2
  3.1  16.9  36.3   2.0
  1.6  56.8  35.6   1.7
  4.2  48.6  47.3   1.6
  4.8  55.4  64.8   2.0
  4.4  52.0  55.3   1.8
  1.2  45.3  65.4   2.5
  3.8  65.7  93.1   1.7
  2.1  46.6  13.3   2.4
  3.0  17.3  67.2   1.5
  3.6  45.5  77.8   2.2
  1.7  69.7  66.6   2.3
  1.8  72.3  13.8   2.3
  1.1  64.6  62.1   2.0
  4.7  74.5  52.9   2.0
  1.8  37.3  45.5   1.7
  2.6  34.6  61.1   1.9
  3.6  67.0  50.4   2.2
  1.6  72.3  44.4   1.9
  3.4  39.7  64.7   1.8
  4.9  32.5   5.4   1.9
  3.4  59.9  44.4   2.5
  1.8  57.5  29.2   1.9
  3.3  32.6  33.3   1.8
  2.7  28.2  79.6   2.2
  2.3  68.4  13.1   1.7
  4.9  44.0  17.9   2.0
  1.5  68.3  19.1   2.5
  3.7  69.4  82.0   1.7
  1.7  40.3  19.3   2.5
  2.5  55.2  56.2   2.1
  2.3  30.0  94.8   2.1
  2.5  35.3  23.9   1.8
  3.3  30.6  70.9   1.7
  1.8  18.6  33.9   1.8
  1.4  71.1  85.9   1.6
  1.8  23.6  80.8   2.2
  3.2  43.6  77.6   1.9
  2.2  35.3  45.0   1.5
  3.3  41.2  62.3   1.8
  2.5  68.8  25.6   2.3
  2.5  62.2  60.2   2.1
  2.0  44.8  43.8   1.6
  2.7  57.0   5.0   1.7
  4.1  36.8  48.5   2.5
  1.0  19.4  64.6   2.4
  2.2  62.1  65.7   1.8
  1.4  63.8  82.6   1.6
  1.8  33.0  89.0   1.6
  2.2  46.7  57.1   2.5
  1.7  51.4  17.8   2.3
  1.6  58.9  79.3   2.4
  1.8  61.9  34.3   1.7
  1.7  62.8  12.7   1.6
  1.5  15.1  62.2   2.4
  1.9  47.4  93.6   1.6
  1.1  45.0  70.2   2.2
  3.9  60.8  28.2   1.8
  2.8  16.8  51.2   2.0
  4.1  74.1  94.8   2.5
  2.2  67.8  53.4   2.1
  1.0  52.6   7.4   2.1
  1.6  55.4  86.8   1.9
  1.3  57.7  71.7   2.4
  1.7  69.3  25.1   1.8
  3.1  44.7  57.3   1.6
  4.7  67.2  20.0   1.8
  3.7  38.3  75.0   1.6
  3.5  69.1  63.8   2.2
  1.7  39.5  83.8   1.6
  4.6  18.8  88.4   2.4
  3.5  55.2  27.7   1.7
  1.1  41.8  36.7   1.9
  2.9  28.4  79.1   1.5
  3.2  73.5  92.3   1.6
  4.3  60.8  80.6   1.8
  3.5  25.4  79.6   1.7
  4.5  27.2  64.7   2.1
  1.9  64.1  54.7   2.2
  2.4  21.0  32.3   2.3
  2.8  45.9  82.9   1.9
  2.4  66.1  75.7   2.4
  4.0  21.1  93.1   2.0
  2.0  42.3  88.4   1.5
  1.3  33.1  81.3   1.8
  1.8  52.5  14.7   2.4
  4.3  39.5  29.4   2.3
  1.1  37.8  43.5   1.6
  4.5  31.3  46.6   1.7
  1.2  49.8  22.6   1.8
  3.2  37.2   9.8   1.8
  1.9  28.9  66.2   1.5
  4.0  29.0  76.4   2.1
  1.7  60.4  31.9   1.8
  4.0  71.8  80.3   2.3
  4.9  48.0  20.3   1.6
  4.5  56.6  38.0   1.8
  1.5  17.5  80.2   1.6
  4.3  35.7   9.7   2.0
  4.9  53.8  81.6   1.8
  3.3  56.1  91.1   1.6
  2.2  25.4  19.4   2.2
  3.3  35.2  90.4   2.1
  1.2  24.8  37.6   2.1
  3.4  39.5  86.6   2.2
  4.3  31.1   5.6   1.8
  3.5  27.9   6.8   2.1
  1.3  32.7  36.0   1.8
  4.8  63.3   7.3   2.0
  2.8  74.2  38.0   2.1
  5.0  20.8  80.6   2.5
  4.0  30.7  15.6   1.5
  4.9  25.1  73.9   2.0
  3.6  18.6  49.4   2.2
  2.2  73.5  63.2   1.9
  2.1  55.9  13.5   2.4
  2.7  62.2  48.2   2.4
  4.5  21.6  54.2   2.1
  1.3  15.5  21.3   1.7
  3.5  54.3  35.0   1.9
  2.3  52.5  33.4   1.5
  4.5  57.1  78.4   1.7
  1.5  42.7  83.1   2.2
  4.3  55.9  75.9   2.1
  4.1  63.1  46.4   2.3
  3.0  23.7  77.2   2.5
  2.9  16.4  83.2   2.0
  1.4  23.5   9.7   1.5
  3.2  22.7  15.3   1.8
  2.4  68.1  37.6   1.8
  3.0  17.2  75.2   2.3
  4.0  49.0  57.2   1.9
  2.7  39.2  31.0   2.2
  5.0  45.9  65.7   2.5
  2.9  30.9  36.0   2.2
  3.8  30.5  70.6   2.1
  3.1  73.9  14.8   2.4
  1.3  66.9  79.9   1.8
  1.7  39.5  14.9   2.4
  2.1  62.6  20.0   2.4
  4.9  74.0  45.8   1.9
  1.2  44.6  21.5   2.0
  4.2  42.6  75.8   1.7
  4.4  61.6  17.8   1.6
  1.9  42.6  49.0   1.6
  2.5  28.4  94.7   1.8
  2.1  28.3  25.2   1.9
  4.8  40.1  87.5   2.2
  2.2  62.9  89.8   1.8
  2.6  49.1  80.1   2.5
  2.5  69.9  80.2   1.6
  4.8  48.8  81.2   1.9
  1.3  67.4   7.2   2.1
  2.9  65.7   7.9   1.8
  1.4  58.8  87.4   1.6
  2.2  56.3  12.2   1.7
  4.6  26.4  13.7   1.8
  3.9  51.1  12.3   2.4
  1.2  50.9  90.4   1.6
  2.6  41.7  82.5   2.0
  4.6  18.9  49.3   1.9
  1.7  24.4  93.2   2.0
  4.7  58.4  77.9   2.5
  4.8  34.8  93.5   2.4
  4.2  34.0  48.3   2.0
  1.7  23.2  58.7   2.3
  1.2  39.2  54.8   2.4
  4.9  66.6  94.6   1.5
  1.3  31.8  49.5   2.4
  1.6  73.5  11.5   2.2
  2.3  61.1  57.5   1.9
  4.9  15.2  19.5   1.6
  2.7  26.7  23.5   2.5
  4.5  31.7  86.3   2.4
  4.1  60.3  80.0   2.2
  2.3  23.8  37.2   2.3
  3.0  29.7  44.9   1.6
  3.4  41.5  15.3   1.8
  3.2  43.7  92.1   1.8
  3.1  23.1  22.0   2.4
  3.6  24.5  79.7   2.1
  4.2  70.1  92.7   1.6
  2.2  61.5  69.6   1.6
  4.4  63.5  87.6   2.1
  1.3  47.6  44.5   1.8
  4.9  43.4  80.9   2.2
  4.6  29.7  10.2   2.3
  3.4  72.1  29.9   1.7
  1.4  19.9  52.9   1.7
  3.9  66.1  19.8   2.1
  1.4  72.0  11.8   2.2
  2.9  53.2  48.2   1.9
  3.4  42.8  67.6   1.9
  3.7  53.4  54.4   2.5
  3.5  40.1  89.0   2.2
  4.5  64.1  14.0   2.3
  4.7  59.9  85.1   2.5
  2.2  36.1   8.0   2.0
  3.2  30.8  60.5   2.2
  5.0  28.4  22.5   1.8
  2.4  67.9  91.4   1.7
  4.6  68.6  54.6   1.9
  2.2  32.1  77.8   2.1
  2.7  24.7  38.9   1.6
  4.5  47.7  39.4   2.0
  2.7  40.6  56.4   2.0
  2.2  57.2  83.4   1.5
  3.2  47.3  46.1   1.7
  3.3  24.9  13.7   2.3
  1.6  62.8  63.5   2.1
  2.3  68.3  43.4   1.5
  4.0  68.2  71.5   2.3
  4.3  55.1  19.1   2.0
  4.1  25.3  13.3   2.5
  5.0  42.5  13.9   2.3
  4.8  57.8  11.4   1.9
  4.8  60.9  39.8   2.1
  4.1  46.4  61.5   1.9
  2.4  18.8  65.1   2.4
  4.8  74.9  17.5   2.4
  3.0  73.2  63.4   2.3
  1.0  40.0  39.6   2.3
  4.7  67.5  72.7   1.9
  1.6  41.8  45.0   1.9
  4.0  37.7  19.3   1.8
  2.4  68.7  86.6   2.5
  4.0  50.5  83.7   2.1
  1.8  31.9  13.8   1.9
  4.7  43.8  79.2   2.4
  2.9  63.8  51.4   1.9
  3.9  64.6  50.6   2.4
  3.8  26.3  75.5   1.5
  3.5  44.4  15.3   1.6
  4.9  15.7  84.6   1.8
  3.0  74.8  78.7   2.2
  1.9  71.1  10.2   1.9
  4.6  58.3  49.4   2.5
  1.5  63.9  21.6   1.7
  1.4  72.8   8.8   1.6
  1.5  16.8  94.8   2.0
  2.3  44.1  73.3   1.9
  3.5  72.9  58.6   1.6
  4.3  47.8  88.6   1.5
  2.0  17.7  49.6   1.6
  3.1  23.0  72.4   1.6
  2.3  47.5  60.8   2.4
  1.2  27.7  44.3   1.6
  1.4  58.8  28.1   1.9
  2.5  32.5  61.0   2.3
  3.9  40.5  52.2   2.1
  4.0  29.2  66.8   1.6
  4.2  47.0  24.3   2.5
  3.1  21.7  44.6   1.6
  4.9  64.8  47.5   1.9
  5.0  65.6   6.5   2.0
  4.9  48.6  48.2   2.0
  4.6  74.4  79.1   1.5
  1.2  67.6  15.5   2.2
  4.4  35.6  22.7   1.7
  4.7  38.1  20.7   2.2
  2.6  21.1  46.2   1.7
  2.2  35.3  81.9   2.4
  1.7  42.3  35.2   1.8
  2.9  66.6  37.0   2.5
  2.9  31.6  34.3   1.8
  3.5  31.3  62.8   2.3
  4.1  22.3  88.3   2.5
  3.6  55.7  94.9   2.2
  1.2  47.3  29.7   2.5
  5.0  23.9  48.4   2.2
  2.4  36.0  67.9   2.2
  3.5  33.4  56.1   2.2
  4.4  43.2  52.8   1.7
  1.2  33.4  23.9   1.6
  4.4  65.0  80.9   1.9
  4.4  54.2  12.3   2.4
  4.7  37.6  22.1   2.4
  2.7  46.4   6.1   1.6
  3.8  26.8  16.5   2.0
  1.4  28.0  28.6   1.6
  2.2  45.8  65.2   2.2
  1.8  15.8  76.9   1.8
  2.8  73.6  81.8   1.6
  1.0  73.8  71.6   2.1
  4.8  18.3  80.5   1.7
  4.0  55.3  34.3   1.9
  2.8  25.6  49.0   2.0
  3.6  19.5  65.5   1.9
  1.4  50.8  45.6   2.2
  3.5  21.6  80.0   2.0
  4.8  62.7  34.6   1.5
  3.7  57.4  27.4   2.2
  2.4  47.7  73.1   2.4
  1.2  38.7  56.9   1.8
  4.7  17.2   7.7   2.3
  4.4  45.0  24.2   1.8
  1.4  49.9  57.7   2.4
  2.3  55.7  27.0   1.6
  4.1  60.2   6.1   1.9
  1.4  17.6  27.8   2.2
  1.6  29.7  61.9   1.5
  4.2  72.0  17.9   2.5
  2.5  49.1  33.5   2.2
  3.5  68.2  67.8   2.1
  1.6  39.2  35.9   2.5
  4.0  52.1  56.8   1.5
  1.0  21.9  79.3   1.7
  2.7  59.5  52.2   1.8
  2.6  65.7  89.4   2.0
  1.9  61.6  31.2   2.4
  1.5  55.7   5.7   2.2
  3.9  21.5  49.1   2.1
  1.2  56.5   8.9   1.5
  3.3  58.8  89.0   2.2
  3.3  67.1  92.3   2.1
  3.8  73.4  48.6   1.7
  4.2  16.6   8.6   1.9
  1.3  54.7  50.0   2.1
  1.7  47.6   8.8   1.6
  2.3  54.9  25.9   1.5
  4.6  67.6  25.8   1.5
  5.0  31.7  53.5   1.8
  3.7  25.2  34.5   1.9
  3.0  54.3  80.5   2.4
  1.9  62.0  24.7   2.5
  2.9  56.1  93.3   2.0
  2.5  48.9  82.7   1.6
  4.8  42.5  89.9   2.3
  2.5  26.4  66.3   1.8
  1.8  16.1  56.6   2.3
  3.1  24.3  91.5   1.7
  4.3  36.4  16.0   2.1
  4.1  71.2  37.1   1.7
  3.7  19.7  35.4   2.2
  3.2  63.3  40.5   2.0
  2.1  67.0   6.3   2.1
  4.7  59.7  67.5   2.1
  3.0  37.3  55.2   2.5
  4.5  20.0  23.8   1.7
  4.4  34.2  77.7   1.7
  4.0  27.3  50.7   2.2
  3.7  48.6  19.6   1.7
  3.6  20.0  64.1   1.8
  2.9  26.0  57.7   2.1
  3.7  67.4  55.5   2.2
  4.0  74.3  67.8   2.0
  0.2   0.3   0.3   0.2   0.3   0.2   0.3   0.2   0.4   0.3   0.3   0.3   0.4   0.4   0.3   0.3   0.2   0.4   0.4   0.2   0.2   0.4   0.4   0.4   0.4   0.4   0.3   0.3   0.2   0.4   0.3   0.4   0.3   0.3   0.3   0.3   0.3   0.4   0.4   0.3   0.3   0.2   0.3   0.4   0.2   0.3   0.4   0.3   0.4   0.4   0.3   0.2   0.4   0.3   0.4   0.4   0.3   0.4   0.3   0.4   0.3   0.3   0.2   0.3   0.3   0.3   0.2   0.4   0.3   0.2   0.3   0.2   0.3   0.3   0.3   0.2   0.3   0.3   0.3   0.3   0.2   0.2   0.4   0.3   0.3   0.3   0.4   0.3   0.2   0.4   0.3   0.2   0.2   0.3   0.3   0.3   0.3   0.4   0.2   0.3   0.3   0.3   0.4   0.4   0.2   0.2   0.2   0.3   0.2   0.2   0.3   0.2   0.3   0.4   0.2   0.3   0.3   0.3   0.2   0.3   0.2   0.3   0.3   0.4   0.4   0.2   0.3   0.4   0.3   0.2   0.4   0.4   0.2   0.2   0.4   0.4   0.2   0.3   0.2   0.3   0.4   0.4   0.3   0.4   0.4   0.3   0.2   0.3   0.3   0.3   0.3   0.2   0.4   0.4   0.2   0.2   0.4   0.4   0.3   0.2   0.3   0.3   0.4   0.3   0.2   0.3   0.3   0.4   0.2   0.4   0.3   0.4   0.3   0.4   0.3   0.3   0.3   0.4   0.3   0.3   0.2   0.2   0.4   0.3   0.3   0.3   0.3   0.2   0.4   0.3   0.2   0.2   0.3   0.4   0.4   0.3   0.3   0.3   0.3   0.3   0.3   0.4   0.3   0.2   0.4   0.3   0.3   0.3   0.4   0.3   0.4   0.4   0.4   0.3   0.3   0.3   0.3   0.2   0.2   0.3   0.3   0.4   0.2   0.3   0.4   0.2   0.3   0.3   0.2   0.2   0.4   0.3   0.4   0.2   0.4   0.2   0.4   0.3   0.2   0.3   0.3   0.2   0.3   0.3   0.4   0.3   0.2   0.2   0.4   0.2   0.2   0.3   0.2   0.3   0.3   0.2   0.2   0.2   0.3   0.2   0.2   0.2   0.3   0.3   0.3   0.3   0.2   0.3   0.3   0.3   0.3   0.3   0.3   0.2   0.3   0.4   0.2   0.4   0.4   0.2   0.4   0.4   0.4   0.2   0.3   0.4   0.4   0.3   0.4   0.2   0.4   0.3   0.3   0.4   0.2   0.4   0.2   0.2   0.3   0.4   0.3   0.2   0.4   0.3   0.3   0.3   0.2   0.2   0.2   0.2   0.2   0.4   0.3   0.2   0.2   0.4   0.4   0.3   0.2   0.4   0.4   0.3   0.3   0.3   0.4   0.2   0.2   0.3   0.4   0.4   0.3   0.3   0.3   0.2   0.2   0.3   0.4   0.4   0.3   0.3   0.4   0.2   0.3   0.3   0.3   0.4   0.2   0.3   0.3   0.3   0.3   0.4   0.2   0.3   0.2   0.3   0.4   0.4   0.2   0.3   0.3   0.4   0.2   0.4   0.2   0.4   0.2   0.3   0.4   0.3   0.4   0.3   0.3   0.3   0.2   0.4   0.3   0.4   0.2   0.3   0.3   0.3   0.4   0.3   0.4   0.3   0.3   0.3   0.3   0.3   0.2   0.4   0.2   0.4   0.4   0.3   0.3   0.3   0.3   0.3   0.3   0.4   0.3   0.3   0.3   0.3   0.3   0.3   0.4   0.2   0.3   0.4   0.3   0.3   0.3   0.3   0.3   0.4   0.4   0.2   0.2   0.4   0.4   0.3   0.4   0.4   0.3   0.4   0.2   0.2   0.3   0.3   0.3   0.3   0.2   0.3   0.3   0.4   0.2   0.3   0.4   0.4   0.3   0.2   0.3   0.4   0.2   0.3   0.4   0.3   0.2   0.2   0.3   0.4   0.3   0.4   0.2   0.2   0.2   0.3   0.2   0.2   0.2   0.4   0.2   0.2   0.4   0.3   0.3   0.3   0.2   0.3   0.3   0.2   0.3   0.3   0.3   0.3   0.3   0.2   0.4   0.2   0.2   0.3   0.4   0.3   0.3   0.2   0.3   0.3   0.2   0.3   0.4   0.4   0.4   0.3   0.3   0.4   0.3   0.4   0.3   0.3   0.3   0.4   0.3   0.3   0.3   0.3   0.4   0.3   0.3   0.4   0.2   0.3   0.2   0.2   0.2   0.3   0.3   0.3   0.4   0.3   0.3   0.2   0.2   0.4   0.2   0.3   0.4   0.4   0.2   0.3   0.4   0.3   0.2   0.3   0.2   0.3   0.3   0.2   0.3   0.2   0.3   0.4   0.3   0.3   0.4   0.3   0.3   0.4   0.3   0.3   0.3   0.2   0.3   0.4   0.3   0.3   0.4   0.3   0.3   0.2   0.2   0.3   0.3   0.3   0.4   0.3   0.3   0.2   0.3   0.3   0.2   0.3   0.2   0.4   0.3   0.2   0.2   0.3   0.4   0.2   0.2   0.4   0.2   0.3   0.3   0.3   0.3   0.4   0.3   0.2   0.2   0.3   0.3   0.3   0.3   0.4   0.3   0.4   0.3   0.2   0.3   0.3   0.2   0.3   0.3   0.4   0.2   0.3   0.4   0.3   0.2   0.3   0.3   0.3   0.3   0.3   0.2   0.3   0.3   0.3   0.3   0.4   0.2   0.4   0.2   0.4   0.4   0.2   0.4   0.3   0.4   0.3   0.3   0.3   0.3   0.2   0.4   0.2   0.4   0.3   0.2   0.4   0.2   0.4   0.3   0.3   0.3   0.3   0.2   0.4   0.2   0.4   0.4   0.4   0.4   0.3   0.3   0.3   0.3   0.4   0.2   0.4   0.4   0.3   0.4   0.4   0.3   0.3   0.3   0.4   0.3   0.3   0.4   0.2   0.3   0.2   0.2   0.3   0.2   0.3   0.3   0.3   0.2   0.3   0.2   0.3   0.3   0.4   0.3   0.4   0.3   0.4   0.3   0.3   0.4   0.2   0.4   0.2   0.3   0.2   0.3   0.3   0.2   0.2   0.4   0.3   0.4   0.2   0.2   0.4   0.3   0.2   0.4   0.4   0.4   0.3   0.2   0.4   0.2   0.3   0.3   0.2   0.4   0.2   0.3   0.3   0.3   0.3   0.4   0.3   0.4   0.2   0.2   0.3   0.3   0.2   0.4   0.4   0.2   0.2   0.3   0.3   0.2   0.4   0.3   0.3   0.3   0.2   0.3   0.3   0.2   0.2   0.4   0.3   0.3   0.4   0.2   0.3   0.3   0.3   0.4   0.3   0.4   0.3   0.3   0.3   0.4   0.3   0.2   0.3   0.4   0.4   0.2   0.4   0.3   0.3   0.3   0.3   0.4   0.3   0.4   0.3   0.3   0.2   0.4   0.3   0.4   0.2   0.4   0.2   0.2   0.4   0.3   0.2   0.4   0.3   0.2   0.4   0.4   0.3   0.2   0.3   0.3   0.2   0.3   0.4   0.4   0.4   0.3   0.3   0.3   0.2   0.2   0.4   0.3   0.3   0.4   0.3   0.3   0.4   0.4   0.2   0.3   0.2   0.2   0.3   0.3   0.2   0.3   0.4   0.3   0.4   0.2   0.2   0.3   0.3   0.4   0.4   0.2   0.2   0.2   0.3   0.2   0.2   0.3   0.3   0.3   0.4   0.2   0.3   0.4   0.3   0.3   0.4   0.3   0.3   0.2   0.3   0.4   0.2   0.3   0.3   0.4   0.2   0.3   0.2   0.3   0.3   0.2   0.2   0.3   0.3   0.3   0.3   0.4   0.3   0.4   0.3   0.2   0.2   0.4   0.3   0.4   0.3   0.3   0.2   0.3   0.2   0.3   0.2   0.3   0.2   0.3   0.4   0.4   0.3   0.3   0.4 
  150   135    24    45   171    92   140   172   145   138    18   179   147    79    96    62    18   107   110    22   178   108   127    77   156   161   125    68    10   167    12   130    68   129    29   109    49    32    57   153    14   174    69     4     2   160    47    77   150    25    43    69   149    60    35   167   107   159   123   128   140    69   158   128   100    85   109   171    52   101   147   127    17    11    19   105     7   141   101    41    51   113    24    52   123    19   180    42   126    30   153    84    97    65   134   108    93    51   136    62    89   167   106    63    18   107    22    56    45    12    66    46    23    11    13    97   146   123    99   135   119     3    31    96     3   161   123    86    24    41    74   176    22    87    51    55    92    47    77   159   106   156   175   145    52   116    62    66    51    67    67   121    69   172   145   131   157    53    63   112     2   116   163    54    88    60   127    24    69    77    10   126    46   100   179   116   169   134    83   164   162   159    12    48    45    14    72   107    41   172   175     2    61    21    32    34    93    86    47   113   170    43    83   128   164   115   112   164    38    81    34    84    18   132   145   173   125   176    57    51   105   177    98   133    49    66    50   174   144   153   162    29    72   103   178   113    84    83   107   156   124   171    12    60    48    68   100   153   108   129     2    29   104   108   126    14   141    64    86    57    63   170   131     6    59   115    39   119   150   150    58    55   133    36   143   161   111    58    32   118    47    67    60   100    58   162    33   114    29   126    90     5   126    28    61   143    34   161    65   161   158     7    60   122    93   114   129   145   100    89    52    93    28    60    48    13    62    50    23   165   130    62   179   163   121    84   157    80   169    77   180   126   131    74    35   130    20    27    62    11     3   160    13   138    60    17   144   172   144    37    43    86   171   159   135   173   110    28   103   154    72    24   145    77    78   126    36     5   149   145   158    48   154   164    30    46    96    35    26    40    34    37   140    64   123     5   128   180   118    51   169   145    59     1    46    13   109   158    22   143   166    96    78    70    11    20    25    47     2    55     4    88   137   136    62    56    30    67    64   140    72    89   164    63    96   151    60    72    74    84    25     3   163     9    41   131    41   156    13   169   166   127   141   159   116    26    68    49    85    39   111    16   163   168   120    58   131    79    15   170    98    92    79    48   133    78    44    41    63    37    34    71   124    70    61    99    77    66   165    94    41   180   102   176    53    95   128    69    73    38    31   180   177    60   120   114    65   113    15   106    11    56    60   130    54   113   109    59   168   167    37    37   153    56    60    95   109   148    62   137    54   129    67    97   165   116     4     9    58   179   151    68   132     9    95    60   125    74    65   108    33   138    24   125    89    12    38   177   110    13    34    92    44   146   153   110   117   106    36   141    62   130   122    19   180   165   104   136   114   138   101    19    37   108   127   177    24   110   109    58    33    61    36    31   152   159    53   160   137    86   137   133   141   112    72    50    69    31   120   155   156   144   144   145   137   101   168    23   104   165   147    40    25    17   123   174   179     4    32   113    56   143    14    63    86    99   138    25    40   149   128    50    95   116    47    51    67    54   164    88   159   172    38   175   159   180    36   176    36   114    11   176   172    84    55    56    40    39   113   103   101     9    70   122   138   139     1    88   125    87    73   129     4   119   109   160   152   159   173    75    26   169   107     6   169    69   169     4   178   102   172    91    26    17    43   153     3     3     3    14   125    60    76    91    21   156    93    56    96    22    92    10   148    67    25   135   145   157   137   131    51    30   145    11   173    69   113    88    17    51   175    21   107    64    61    18    70    82   177    10    87   111   167    42    83    80    51    38    67   146    81    92   155   155   133    96   131   162    32   102   160    73   172    78    92   103    88    86    40    76   163    20    11    66   151    33    93   135    47    53    33   180    23   146   179   150     8     2    59    16   166    48   100    28    56   151   141    49   114    71   165   175     2    28    54    46    29   139    28    31   148   134    49    91   133    72   116   170   173   139    10    92   126    47    17   153   104   167   132   128   175   163    57   163    28    92     8    23    69    13   116    37   122    12    99   157    77    71   179   164    62   151    28   129   162    35     9    25    67   177    10   105   112     8    19   172    97   103   106    61    80    70    93   129     1   116   177   127   141    83   170    59    23   117   133   151    29   156    75   122   130    52   100    50     1   158   178    59     2   180 
   68    37   151    85    37   153    24    81   180    86   147    13   178    98   119   129    72     8    95    42    51    73   165    48   108   172   177    23   167     5   117   146    94    46    42    33     7   165    85   176   162   108    31    64     5    86    29    34    88    66   158   160    39   162   101    95    42   106   141   160    58   178    77    20    86    49    30    31    85   100   177   155    46     2    66   173   158     3    65   135   110    60    45    66    19     5   107   113    64   110    55   146    90   111   110    56   118   180   101    53    86    31    31   178    14   154    57   139    23    10    84    23   135    49    72   112     9    70   113   147   116     2   108   162   101    16    97    61    54   140    54   128   117    31   176    23    64   129    60    17    98   170    64   126   169   108    84   115    19    73    54   125   142    39   119   131    57    15   104    30   130    90    32    53    26   100    70   146    40    35   172    10   104    58    70    14   137   105    89   100    71   144    61    46    67   102   160    83    14    92   143   151   165   134    96    92   102   173    51   125    74    54    45    32    99   159    28    97   133   149    87    92    26     8   179   135    73   164    22    74    59   159    13    81    65   122    20   119   155   152   165   116     5   179    39    35    82    96    15   159   114    41     4    27   153   177   174   123   152    33   172   169   103   142    75    27   100   109    73   166    46    60   163   101    51   139    92    43   116    32    19    15   110   117    79    43   147    16    95    27   139   167   156   127   142    10   110    79    70    25    10    21   106   149    90    95   149    60   173    23    78     2    75   141   153   167    73   120    97   116    58   130     5   111    15    99   106    44   118   108    45    17   118   129   144    24    43    22   178   171    13    83   169   171    81   114   112    92   135     1   133   101   179   152   137    96    31    12    66     9   120    46   153   149    22    25   127    86    16    70    86   167   157     4   172    39   114   128    96   139   157    82   101   150    45   112    37    11   124   180   117   142    45    52    57    77    88   175    85    34   108   168   105    75   146   171    64    83   173    87    89    32   156    33    10    89    37    66    20    57    70   114    54   163    10    37    58    50   110   102   111   174    32    92   122   116   112   131    87    33   162    72   108    88    97    15    73    14    80     5   133   115    45    43   176   160   158    84    89   164   125    89   157    14     8   173    80    37   108    68    24   141   158    86   138    91   120    69   151    41   162    19    32    33   129   145    89    31     6   147    44    98    82    40    75    71    87   119    91    21     2    99    98   157   180    65    68    54    67    76    15    95    36     9    57     3    83   123   132    82   114   149   177   169   108   125    47   176    95     6    69   116   134    46    73   163    91    64    24    63    43   144   109   113    66    51   129    30   128   107   130    70     1    41    36    68   158   178    36     1   127    37   168   110   177   161    53    98   130    36    43     5    72   156    42   118   163    64    67    78   159   166   117    60    46   103    90   140   169   169   131     5   166   168   148    26    73    91   132    26    83   138   154    55    65     4    25    12    27   146   109   104    48     4    98   145   115    65     5   135    43   174   146   134   146   158    48   156   115   100    12    32    59    95    22   134   157    94    13    96   109    97    22    62   146   178   141   151   174   144    83   143   109   117   138   113    37   176   124    35     8   121    61    82   145    67   112    15    98   100    85   148    98    13   156   158    94   124    45   174    67    94   147    31    89    14    96    19   147   135   174   131   106    76    71    42   148   157    45     2    12   177    81   176   105    12   137    45     4    59   152     7    10   163    15    43    88    35   115    40   135   103   127    74    81    51   127    67    14   147   141   134   105   106    88    84    28    77   152    37   179   106    73   156   107    67    11    39    83    85   126   116   151    22   141   175   107   105    16    27     3   105     6   166    98   161    34    78    36    89    48    69    38    34   104    87    15    43     5     4    48    32   141   170   116   163    64    13    40   179    21   136   109   166   120   156   155   134    83   115   123   125   137    10    65   151    28   160    36     7   118    86   175    87    80    70   171    57   122    60   176    58   139    18    79   177    54    89   153    35   163    88   111    42   105    84    88    52    79    14    36    31   159   149   115    52    19   109   109    76   170   162   123     6    62    25   131    18   132   133    86    43   125   100   168   114   148    64   168    42    11   156    59    23    41    12   171    19   111   112    96   162    31    69   102   151   157   127    20   105   110   105   141    55    55   148   131   112   175   146   105   111    95    89   128   174    27   160   128    86 
    9    93   106    49    85    16   141   112    73   165   140    75    42   156   140   146    57   172    51    18   127   119    98   124    25    94    68   168     8    31     9    64    53    47   155   154   130    83   110   121   134    30    68    32   143   169    68   144   121    25   153    17    95   123   148   165   102   115   169    95   157   109    38   135    41   129    23   126    44   175    28   100   115   124     9     8   144     5    89    29    14    12   169    78   173   105    60   169    23   167   137    49    40   163    38   116    10    61   168    57   177   142   134    70    15     9   162    28    69    15    34   107    75   122   104    30    25     1    98    92   167   104    64    19    90     3    15   127    81   124    46    67    46    93   166   166   111    28   164    75    99    24     3     7   155    46    25    18   120   162   160   118    51   146   146     2    79    47    24    65   117   175   145   143    92   134    98   111   176    77    30    97   109    92   167    68   117   176   112   108    95   100   178   128    80    51    75     9    10   119   146    53    99   105    98   123   112    71   118    65    78    63   128    74    26    69    82    31    55    88    57   149   149   109   106   118   155    25    61    72    49   165   110     7    61    84    82   118     5   141   141   100   127   139    23    99   128   125   133    53    37    52    95   122    19   169    73    23    43    64   163    83   143   152    16   155    86   106   122   175    63   171    62    70    56    76   138     4    13    99   129    47    45    93    45   141     6   132     1    41    15    21   129    60    16   178   146    87   104   134    18    29    80    64    15   157   161    36    40     5    20    59    61   156    46   176   172   138   170   125    84    40    63    26    99    81   120   167     2     6    68    42    37   135    88   128     9   157   129   143   172     5   173    29    45    43    84    15   151    55     3   143    74   154    20   105   171    11    51   101   150   112    56   115   106    38    65   110    52   132   144    37   153    98    75    32   126    58     7   156    72   148    90   175    42   159   130   175    35   149    12   165    21    99    92   109    61    37    94   113   122   141    88   103   134    82   167   130    93   153   114    85    21    16   159   161    91   105    68   146    25    77    31    47    66   129   136   160    45     4    12   130    13   123    83    61   178     8   153    18    92   123    98   149    80    85   104    73    40   133    70   154    95     8   165    79   171   160    46   108     4   117    95    47    48    73   174   149    83   132   109   147    27   163    34   170    56    44   175    99    26   162   109   179    63   128   130   160    60    52   136     7   119   130    47   177    15    46    78   127    93    49    80    67   165    51    18   111    47    50    73   121   171    41    90    97    20    16     2    49   160   163    12    66    53    23   153    52   152    75   157   172   128    59   142   168    80    41    70    55    93    84    49   144   116   170    23   180    43    93    52    71    99   133     8   131   104    15     6    81    53   166   157   166   171   101   150    88    63   176   108    71     2   132    15   107   124    52    63   109    55    45     8    74    70   123   115    68    78   118   103    32    34   108   134    72    32   179    79    24   114    97    53    42    80    26    90    56   153    16   174    33    54     6   136    92    51   148   168    98   115   126    60    43   173    95    11    83   137   127     5    47   156    76   174   131    81    43   133   164   114    23   155   153   148    34   145    50   123    96   119   143   107   164   118    22   138   106    87   157     4   164    28   140    23    95   176    80   144   120   173   144    82    45   124    50   122   167   178    28   119   106   149    83    18   133     9     8   165    48   163    55   151    61   124   122   155   150   139     1    10   148   160    99   135   152     4    56    75    15    42   131   133    25    59    29   151   177   106    25    45    47     1   158   117     6    81    63   134   152    78    40    94     7   110   120   132   152   132    53   166    10    16    91    77    38   130    83   166   152   180    12   102    93   170    10   173    42   160    50    80    96    20   156    26    63   131   118   157   140   138   168    67   102    95    11    61    64    13   177   167   110    81    20   149   141   176     4   173    26   125    84    82    55   162    17     9   123     2    54    73   113   118    20   128   102   166    57   108    51    38   165   154    82   160    50    38    70     3   155    19     4   165   133   140   127   119    56   179   105   138   170   151    86    28   136   117   123     2   134   106   145    33   135   148   133   140    74   160    42    45   118   172   142   117   167    86     8    84   135    50    85     7     2    90   139    56    91    31   160    57    14    25    29    28    69   145   109   111   126   140   146    26    39   150   106   173   162   119    55     6   177    66   150    54    76   168   175   112    88   148    11     6    70   111   157    56    88    75    65 
  144    64    38     1    34    55    60    44   137    62    64    68   144    46   116    96   106   116   134    90    58    23    48    12    33   163   160    47    19    69    45    32   108   167   175    81   101    81    62    20   163    55   116   155   138    97    48     1     9   156    30    52    81   149   112    42   139   137    90    74    90    80    67    27    22    31    52    31    78   148   151   168    34   120   166   176    27    79   154   162   133   122    74   178   113   127    23    75   142    46    89   119    18    13   153   171   111     7    94    54   157   177   117    39   163    27   155    57   107    28    56   158    52    25   178    63   137    59    95    25   111   158    66     1    26    89   133    92   179    75    28   146   167    89    39   154   167    58   180   176   125   139     7   152   109    46    85   110   155    51    63    28   157   175   111    95   101    90   147    82    11    20    49    16    62   151    81    60    74    56   108   146     6    57    14   101    96   141    69    42    70    30   105   103    62   176    20   137    65   162    53    13   106   138     6   119   170   170    78    78    21   111    34    14    10    78   150   160    30   157    43    14   112   113    72   122   164   100   157    64   155    29   167    46   145    46    83    62   153    32    63    65   143   117    41   120   179   104   175    34    83    51   136    26   152    90   168    96   179   175    49   147    55    10    45    34    64   102    78   143   148    43   151    88    61   179    53    74   156   175   155    94   118    13   100   177    94    78   157    49   144    31    75    38    16   103    81    70   122    93    45   113    88   146   110    32    93   115   117   169    80   148   121    55   171   107    22    76   173    56   151    81   139   144    31    10    92     1   135   177   155   106   142   115   141   116    58    45    36   164   165    30   147   155    49   164    35    57   139   126    88    31    91   153    20    81     1    28    30    16     7   101   154   152   118   124    91   133   111    81    53   156    96   165     3    12   141   172    59   174    15    23     9    71    63    35   136    55   157   105   180    45   120     5   171    93    33    17   129    73   106    81   114    73    10    14   135   111   166   127   169   144   138   145   118   107    49   148    49   161    25    51    26   168   156   106   145    45    38   175    16    30     7    13   179    18   174   144   134    59   147   105   154    33    48    51   157    58   133    34    32    95   158    20   155   127    42    50   120    98    98    37   177    90   116    16    62   147    94    24    42    98   124    43    23    33   175    79    31    93    32    50    59   156   105   160    55    50    40   151    89     4    21    75   127   121    24   106     2   135    98   112    55   116   143    28   160    90    80    43   170    51    95   151     2     9    78    32    60    45    80    62    90   157     4   138   134   177    84   161   142    80    44    25   130   177    23    29    69   172    17   102    80    38   162    52    46   150    64    67   131   139    77   124    43   104    68   126    86    76   136    59    29    88   104    82   161     8   160     1    38   169    62   125    26   174   134   130     4   122    97     5   147   164   153     8   145   172   153   134   173   135   148    71    59    74   102   146   143     2   143   161   169   155    96   171   137    50    52   164   165     7    45   108   101    11    40   168   100    37   132   152   167    26   138   102   173    45    32   174    72   132    46   101    62   132    52   107     3    41   112   151    26    42     2   132   179   109    48   156    53    68   152    68   146    70   126    13   121   130   178    94   180    51   110   169   105    63    34   129     6    60    13   167   107   177    58   152   158   122   127   173   157    63    40   168    54   121   153   155   124   174    61    64   117    49   138   127     5    92   153   128    16    27   124     5   116    56    60   101    27   142   156   156   137   147   178   117    43   132    14    41   104   143    86   116    18    59    91    89   124    75    47   128    72    37    19   136   115    55    27   147    16   128   110    79   102    42    73   174    34   113   170    10   154    98   153    18   133   179   173    95    69   149   138    23    67    24    63    41    44   117    78    48    50    55     3    30    98    89    11    56    43   114    61    22   156   151     4    24   154    42     4    99    53    57   153   129   111   103   177   116   125   151    54   180    28    15    66   168   121    97    46    84   147   133    98   150   132    98   119   145    57   107   172    15   128   161   166    33    92    52    85    73   154   155    30   165   165     8   176   140    92   162    15   169     9    65    65   123   152   180   148   162    24   148    72    16    88   156    79    28   177    35    32   179   131   165    18   119    83     9     7    30    10    49    75    47    33    22   169    18   141   179   174   101    10     5   121    95   148   159    21   143    51   165   176    97     9    62   171   171   127    92    42   173    24   117   132     5 
  126    44     2    82    47    46    85   132     6     1    25   176    39    78   122    18   138   134     2   153    79     7    86    59   136    63    87   170    20    89   135    59   134   159    70   129   149   154   113   163   139    34   160    98   131   145   127    57    41    93    92   123   157   129   160    67   154   104   116    91    60    36   110   157     8    75   180    67   128    88   180   144   154     1   100   138    78   111   101   131    15   118    20   169    87    23    20    15   117    30     5   176   104   105     2     9   119   144    29   117   134   160    93    33    51    99    89   105   176   113     2    59    54    73    90   173    22    57     2   141    12   168   159   128    58   115    35    47   145   139   128   179    37   147    22    81   132    15   166    61    71   164   127    75   161   174   124    18    13    24    71   155    79    89   122    21    70    28    59   177    22   117   132    60   165    71    39   179   171   140    49     9    78   142    59    93    72   180   113   145    97    61   127    26   112    80   128   141    14    26    44    87    21   164    46   126    90   123   129   169   178    25   133    90   139    93   111   149    52     9    97    83   154    83    62   104   110   171    86    38    80    48    12   112    97   140   131    66   165   136    16    26    50    91   173   120   158   170    56    11    84   107   157    54   133    80   113   137   102    45    35    58    51    61    16     5   174   116    44    18   141   116    92    75   144   141    87     5    34    60    40    73   165   169    52    11    65    31   162    35     2    77   128   169    83    28    46   135    92   105   138   163    32   101   156     3    88   111    62   140    98    52    70    71   112   115   145   107    83    82    83     6    26    66    34   173    65   131    38    58   136   145     9   125   133   171   101   127     3   118   102   101   170   144   112    44   130   136    30    64   172   173    28   174    77     9   132    63   108    95    26    69    14    74   179   123   150    33    85   166    75     7   141   114   142    81   155    56    85    76     9   113   101    35   163    77   105    23    67   176    57    69   178    45    20   173    59   169     4   152   153   117    38   177   100   113    45   169   117    30    66   115    62    74    53     2     6    87   163    13    27   106   162   136   170   115    11   115    29    30    29   149    88    44   158    96    87   126    60    16    62   149   107    67   102     6    99   178   153    26   155     7   116    84   130   131    17    67   168    99    39   178   130   102    70   103   114    20   103    48   151    27     3   180    36    22    98   176    49    76    78    38    14    48   173    62    94    24    48    34    40    12     9    31    45    29   171   130   119   142    39   147   164    86    71   116    51    91    34   151    90    20   105   180   168   100    43   179   147    77    55    75    30   109    90    79   175    55   155    33    29    16   135   179    69    75   155    13    17   169    10   132    73   155    76    98   123   161     5   122   151   104    69    83   177    27    12    75     8   115   134   105   131    10    62   141   144    53   104   123    82   157    32    26   108   175   150    83    16   162    51    37    68   151    46   102     9    56   125    89    84   171    57    27    50     1    55    57    27    25   171    19    11    85    37   101   140   112   175    89    43    27    40     7    46   127    82    15   147     3   139    96   117   102     7   143    20   118   162   180   154   156    38    79   125    44   149   148   111    53   140    82   152   160   154   178    84   123    76    96   152    92    58    35   164   120     5   174    19    85    96   163   101   152    53    46    79   164    64     2    96   121    71   174   106    83    94    67   109    24    43   136   112   153    82    36   138    45   123   154    47    97   151    26   161   178    71    80   153    46    11   110    92    13    17    51   143    10   162   130   122    33    73    96    41    49   105    17    55   164   120   134    46    38   127    78   105    74    16   108    84    54   172    95    44   101   122   135   129    70    83    37     5   136    89    64    54    42    92   175    99   163   178    96    30    83    70     3   129    95   175    58   105   118   148    91    76   152    62    26   146    98    60    15    58   103    78   175   151   145    31    84    96    39     4    87   105   112   109   179    49    83    56   148   122   161   102   110    22    33    90    87    11    17    54     1    25   176   110   176   108    24    71   120    30   140   178    22   156   115   130    54    57   110   123    20    65    97   117   176    98    29    59    79   166   175    27    26     6   101    63    21    34   124   163   142   128   159    38    20    38   102   113   155   177   119    77    53    12    98    31    75    32    58    45    34    70    78   158   157    46    25   113     1    80   119   143    80    56     6   125    53   162    98    71    59   150   101   106    31    99   135   164    75   101   132    57    21    50   115    55     2    10     7   170    63    21    14    56    12 
   47   165     1   115    47    84    73    87   109     7    84     1    51   180   177    33   120   167   179   146    93   156    76    72    42   126    48   178    45   158   148   176   146    18     6    51    25   145    77   125    47    41   161   117   134   159   142   112   142   158    32    20   165    76   116    89    86    82    57   126    72   138   111    62    66    15    95    58    20    95   112   111    66   110    98    84    80    11   129   179   119   151    18   163   105    85    87   102    62   101   125    96    64    46   117     1    63   147   166    45   168    41    58    60    73    27    72     4    58   172   121   157   155    84   171    51    70   137    68   144   123    45    68   173   120    99   104    21    48   112    60    23    21   152    79    57    80   122    77    91    36    68   131   105   104     6    17    37     4    39    20    65   103    57   133    90    63     8   162    35   123   111   168    32   106    93    78    80    88    57    24    72   135   141   167    37    70   166    39   117    72    62    27   171   156   120    67   140    61   153    66   117    81    47   176   130   144    57    87    40     5   110   130   132   161    55   159    54   178    81    63   176    24   105    13   137    94   139   113   111    16   100    37    41    38    39   146    88    96    89    31    67    33   142    23   168    86    70    84    78   161     8   119   140   160   133   116   114    38   107    14   107    94   116    14     5    25     2   162    54   170   136    30   134    21    70   112    40    18     5   142    13    24   156    57   158   115    80     7   171   143    10    86    74   154    27     6   174   132   134     7    54   101   129    60    53   162   132     8   114   158    47    71     4    40    58    31    96   154   133    52    41    11   167    59   132    90    80   141    14    38   130   170    72   121   109   117   120   158    93   176    53   100    68    30    71    63   149    22    44    74   114     5    26   121   116    77   123    56   125   161    38    43    25   166   171   174    29    58    98   116   105    55    18    88   102    10   120   141   114   164     9    53   170   155    18   122    27   159    65    23    56    94    66   117   174    86     3     4    93    58   176    30   108   160    66   137    24   143    54    89   174    43    93     7    58    15   122     8   175     8   163   175    25    57    30    91    71    18    31   128   177    28   168     1   173   148    48   175    55   166    26   100   113   105   148   166    69   112   112   122     4   106   118     4    37   168    82   139    86    88   139    97    13    11   178   110   127   129   139    86   138   162   159    84    48   180   145    40   120    85   120    66    79    73    27   158    17    10    23   111    38    57   154   157   115   127   162   171    50    17    93    31    77    33   103    67   105   167     6   179   157   155    33   144   141    77    89    73   152   112   157    70    43    39   100   131   122   108    20    52    48    28    54    95    93     2    55   106   156    61   100     1   169     5    45    73    90   139   177   157   128    50    30    58   172    33    21    80    76    38   140   118   139     1   118   157    28    99    38    18   153    47    87   157   174   162    79     6    82    94   155   169    29    73   140    96     6   160     3    72    80   106    47   159    58    26   139    97    39    29    18   170   142    66    12   149    15    55   103    55    51     3   180   103    76   154    23   139    45    34   116    69   153    77    12    77   135    80   132   138   150   173   169   176    12    15    94    52     9   142   143    33    52   169   111   175   153   128   142    74   167   153    59    82   153   151   127   126    99    81    26    33     3    49    66   111   101   150    59     9   103    41    99   127    23     3    92    67   164   117   116   150   144    40    90   133    39   154   125   117    47    88   178    93    21    92    84   102   133    88   174   168   155    28   106     4    94    67   179    91   110   100   106    62   157    36    69     5   119   171     3    17     6   156    15    43   105    71   173    47    15    87   139     2    45   119    37    16     5    43   177   128    92   130   120    43     5    52    76    74   119    15    81    90    52   143    62   161   122    10   142    26    13    15   148   127    84   102   101   176    73   161   103   170   123    17   106    63   105    81   178     8   125   145    91    32    43    73    69    48    51    58    48    98    62   123   113   110    24   167   154   159    62    50   125    14     6    86   153    49   104    16    17     6    16    76    93    48   175    42   133    36   112   114    18    12    90    67   173   142   143   139   154   104   100    29   180     6    91   171    83   179   134   130    59    55    70    80   124   127   113    42    19    36    75    37    86    80   178   139    29    97    91    32   143     5    18    64    26    77    85   119    86   101    26   173   109   104   123    37   128   130    93    95    16   149    70   178    12    17    48   168    47    99   148   101   104   123    57   130   138   115   114    16   112   101    46    54   108 
  146    89   140    96    10   140    82    77   114    93   140    43    41    95    44   145   178   132   144   107    85   109    37    23    24    22    89   147    34    93    17   153    58    55   121   143    28    37    27    76    34   166    17    72   105    66    13   167   151    51   157   151    74    97   151    16   164   147    55    56    59   164   113     6   149    80   126   144    35    72    24    36   166   161    76   103   107    96   178   152     1    32   126    99   156   135   109   117    18   138   163    12     7   113   180    28   118   113   137   153    22   169    29    66   128   103    94    43    22    69   151   133    16   138    91    69    77   111    94    61    78   180    90   171   142     9    19    97    99   140     1    47    17   123    57   108   152    97    14   157    21   177    82    67     1   154    62    39    10    77   103    16   130   139    99   165   161    54    68    68    79    53    70    92    60    31   137    20   165    22    16    54   120    59   178   175   128   146   161    38    19   160   132   167   163   133    14    66    64   168   173   179    24   130   119    67   131   109   176   179   153     2    40    51   120    74   132   161   139   142    41    94    16    54    92   126   159   116    15   131   123   156     9   114     4    58    54   114   137   172     6    46   150    51    12   118    70   140    57    77   171   157   111    23   124    39     8    64    17    21   107   106    44   101   137    31   137    40    40    85   177   119   147    98    56   160    86     5    97    21    65    99   153   123    62   158   129   169    71    59   134    15    18    43    13    93    34    88    12    29   177    87   101   100   140   170   100   111   122    41    19     9    29    95    57   145   158   165   137    91   174     6   152   132   162     8    40    74   159   165    18   151   106    58    67   161    50    67   159   138   126    70   117    44    78   105   151   131   131    66   175   139   111    93    80    22   146   142   161    21    29     8    96    95    43    17   135   147    16   127    75    90   156   136   145    78    57    91   145   111    63   155    36   123    76   158    97    70   180    19   123   173     6   145   165   104    48    86    42   155   106   121    43    61    12    13    98   153    99   148    26    12   131   156   161    85   155    16    73    86   123   147    28    90    16   132   168    88   178    54   173    76   108    64    97    55    56    41   113    47     4    92    11    27   155    10    40    63    54    67    66    15   165    69     3    74    89   164     1   139   169     1    39   107   139    17   102   141    18   164    69   112    61   168    71   127   167   120   119   111   161   137    51    15    84    98    66     4   168    99   143    37    97     3   124   167    46   180    15    15   130    82    35   164   102    96   120    45   134    36     4   128   107   148    74    24   133   166   125    13    79   168   134   153   114    65    19   114   128    13    53    32    26   103    43   151    81    31   145    89    94    14    85   125   164   158    69     6   170    22    36    96    90     3    47    48    62   110   155   173   165    38   125     7   154   104   122    37    68   124    81   106    93    31    83   167    53   138    57   120   172    11    13   142    74    35   121    36   133   141    57    10    34    16    86    86   100    44   108    12   150     2    16   115    25   140     3    16     1    44    88    87   124   157    29   108   102    74   129    23    47    30    70    45    79    88   139   108    63   162   163    93   172   152   161   175   138   119   138   135   116    13    25    68   148   146     5   168   125    30    43     8    13   162   158    47    53   107    45   172     7   156   175   132    51    81   117   138   153    94    60   177    40    10   153   111    56   165    48   178    50    15   143   173    42   146    44   178    61   147    66   170   148   119   164   140    59    69    13   133     9    68   121   176   105    41   141    62     8    25   164   112   150    34    80   170    85   165   177    24   154   129   165    80    79    93    20    19    78    21   168   179   145   172   104    48    80    90   121    39    45   137    51   180    28    16   174   110    53   141    17    17    53    32    76   159    60    84     9    40   165    71   142    50   108    40   106   103   138     5    81   103   174   114    77    79     1     7   140   155   172    63   116   139   139   137   113    16   125   109    26    70    70    26   162    29   135    97   162     8   135    35    41    10   130   129    17     5    29   109    30   162   148    41   115    52    11   163   171     3   106   127    41   145    93   157    29   154   161    56   116    41    84    58    80    60    51    76    51    79    63   133    39    53    35    76   122   147    63   130   133    26   143   177   113   137   161   104    26    53   163   134   119   171    81    82   107    20   118   180   149   106    99   151    12    77   140   133   134     7   138   171    83   143   115    92    92    98   172    90    13    93   143   129    76    10    31   129    16     3    60    10   148    71   161   154    69   120    33     3 
  177    34   104    88   123   169   157    72    68    96    82   167    84    37    46   115   135   113   126    41    27    28   150    39   127   160    27   121   109   148    77    95    23     6   150   174    58   153   123    14   167   177   147   178    57    37     1    28    41   100   100   173   139    10    35   178   112   150   158   143    77   143    69    73   147    75    80    73    79    51     1   153    97    17    23    47   160   159   130    49    63   157    34    57    86   179   151   117   114    87    87   154    84     6   160     6   179    52    98    10    30   100     4    84   180   178    73    64    67   179   121   160   121   128    53   119    39    50   133   158    67    99   101   106   114   104    70   114    81   144     4    54    98   115   117   114   152    88   158     3   125   167     1   147   142   125   111   154    79    23    95   131     3   120    80   111   126   147   115   152   149    29   127   156    17    91   114    20    19   101    16   136    48   166   141   143   128   115   164    52   108   152    75   155    43    94    93   158    77    42   140    39   150    55    82    64   179   157    47    84    55   113    78    30    21    23    21   147     8   176   173   156    81   163   158    16    71    64   174     7    63    20   122   119    62   134   173   155   153    94    22   161    67    77    99    21    94   157    59    16   145   126     9     1     9   106   146   125   142    97    12   150   164   104    11    70   113   164    19   134     3     6     9   120   177    68    45   119    47    91    81    34   179   147   159   111    52    62   178   149   147    52   168    69   145    35    65   133    71    31   114    38    75   174    29    25    23   160   134   106   113   142    27    99    14    47    85     2    28   171   121   116    62    15    60    47    42    91    19    84   119    32   126    52   155   159   117   164    54   165   122   154    75   151    26    71   166   157    61    65   143   151    23   180     8   151    62    21    26    16    56   144    71    12    13    17    56   141   160    99   126   170   141   129    82   144     8    37    85   175   128   121    70   113   134   176   122   149   156   103    65    42   116   137    24    57    28    19    35    99   128    96    77   148   143    54   116    28    95   142   126    87    21    54     4   177    49    38    75   114   123   171   153   176   115     7    31   128    95   177    36   165    85   110   153   167   170   167    44   141    38    88   163    75    68    12    61   163    90    38    48    36   125    12   103   117    53   105    37    32    54   108    24    97   120    81   107   142   109   157    33   158   139   122   172    28    60    69   140    20    24    72   105    76    67     5   175    24   126   161   129     7    78    37    58   102    37    98   111   113    78   172   163    35   102    20    86   162   131   103   106    17   143   128    69    26    11    50    76    31   117    33    99   164   139   150   135     1    98    76    17   165   101   125    17    74     4   158   138   163    54    64    73     6    69    14   106    59   115    52    26   159    62    23   168    90   109    69     3    73    75   155     6   142    84    94   159    46   174   147    69    33   178   139   125    61   172    96   147    88   112    58    46    77   154   143     7   140   124   127    13    20    48    45    85   129    48   179    89    63   173   167    78    94   133   101    80    85   134    21   139    16   130   112   151   141    51    29     4   154   178   156   129   136   130    40    67    96    55   158    22   118   177    36    75   161    68   118    57   149   161    32    92    56   144   165   156   130    30    55    68    28   118   149    27   155   106    24     2    98   165     1    59    93   119    40   176    20    53    40   154    57     2   141    87     4    82    51    77    60    76    45   168    72   175    44   168   142    12   147   161    25   147   167    19    58    34    88   120   138    20    18   173    83   164   154   110    49    63    96    82    96   179    79   151   158   165    23   135   108    33   158    69   154    10   107    13    94    41    44    90    38   124    85   179   152    22    80   139   173    51   144   161    25   176    51   141   149   173    16    95    71    62    20   133    13   129   176    12   160   104   128   162    99    14   119     6    62   158    94     6    57    72    67    34   168    25   104    80    53   124    27    15   118    85   132   164   154   169   144   178   113    58    21   160   109   129   160   174     4     8   153     2   102   104   175    24   117    19    86   116   140    50    92     1   135     1    76   133   114   180   120   134    29   141    59    54    88     4     3   151   156   151    53    28     7    16    67   137    91    86   132    38   120   167    97   133   178     5    40    25   115    41    54    18    59    32   118    98   123   157   139   161   178   121   110    99     5   160   158   102    70   121     5    71    97    38   111    86   122    85   118    57    13    45    85    46   126   166    62   112    71   173   116   114    43    86    16   131    38   133    69    96   162   117    62    77   139   112   143 
  114    84    96   101    93   114    77   155     9    23   147   105     4    71   126   139    21   127     8   107    34   128    49   146   180   174   126    43   104    11    14    84   122    60    16   141   163     5   113   110   169     7    50    47   153    89   100   138    89   178    84    19   135    35   115   165   109    80    27    26   144    30   170   120   179   159    33   176    60    97    68   160   144    32   100    12   149    46   116    98    20   130    30   164     8   129   124    84   148   106    53    71   119    56     3   155     1     2   171    93    64   155   144    18    57    26    58    72    13    97    28    95    60   129    51   155   134    94   100    43    34    59   134   164    53    18   167    12     4   161    35    64    74    80   112    85   132    95   113   126    67   120   132    52   126   165    62    52     4   158    25    77   160   180    22   121    12     7   122   106    35   107   123    68    83    28    33   174    29   167    85    76    15   105   160   164   139    64    45   106   102   156    66   171   126    69    53   128   151   141   148   120   112   152   120   149    63    77   136   144   134    89    47    99   155   168   140   103    55    77    37   171   150    92    69    84   152    59   166    11   170   155    52    39   163    37    26    81   146    37    10   154   134    36    68    17   102   140    56     6    72    64    64    83    89    45   157    72   124   176    88    63   100   156   113    44     6   176   162    54    42     9    68   177    65   146   124   147   141    64    69   169    44   170   101   168    93    79   138   161   102    67   173    87    79   180   161    91   156   100    38    47    20    25   142    13   150   100   100   151     5    73   104     4   120    56    22   111   170   141    41   148    20   122    30    23    18    31    37   178    16    51   128    38   153   102     5   138    65   115    72    56   171    27     2   153   148   123    31    69    31   168   101    23    60   121    40   151    99    95   128    54    53    54    43   136    52    83     8   113    23     1    42   159   148    71   107   116   115    92    65    97    14    81    42   137   176   167   155    47    10   105    63    11    81    63     2    24    71    58     4    14   112     3   170    47   167   110    29   148    43   145   131   148    66   141   140   174    38   156    15    27    33    84   125    67    26     5   160    73    83    93   110    91    53    90    91    42    40    11   121   157    62   141    73   112    17    20    91   164   125   173    39    53    45    88    52   173   171    43   105    80    62   136   100    66    82   131    36   144     1   121   149   143    35   170   123    80   106    60    23   166    70   137   179   109   140    13    26    39    87   150   123   151    85   127   145    31   123    97   126    97   159    90    85    34   151   164   131   110    73    82    53   161   127     1   108     6   165    45   131   136    24   134    81    81    76    62     8    19    36    35   175    20   129     6   160    82    27   125   106    21   151   177   155   137    52    77   113    21   104   150    76    75   168   162     3    56   121    76    35    91   144   107    60    95   145   140    25    73   103   167    32    49   122    96   104    16    50    46    21    76   101    74    92    34    93   124   109    16    56   151   167    50    32    78    33    17    24    71   173   139    82    28    83    89    87    26    37   160    74    20   165   162    14    87     7   140    49    13    85   157    77   171   137   123    49   163    74    50    10    21    18    67     3    69   158   140    25   175   180   114    84   143    64    40   154   180    90    97     8    27    66    45    72   149   122   159   178    35   128   158    43   141   137   119     2    56    13    94   133   129   172   160    37    10   180   113   168    53   144    42    66   121    22    70   129    83   120    13    94    30    79   167   128   159   135    24   113   104    12   105     5   155    31     6    95    36   146   144    91   107   142   176    60   108    57   130    35    30     4   130   125    31   119   180   145   123    42    59    75   114   121    81   102   141     1    38   101   177   165   155   143     1    97   104   151    13   115    85    42   146   145     5    14   131    75    13    41   144    60    69     8    97    91    87   165    76   115   104   165    91   141   126   162   113   105    79   120    54   109   156    92    48    34   142    45    84    60    57   143   145    72     5    42    37   134    78    10    99   126    75    18   101   158   178   164    62    20   110   129    95   135   124    20   171   103   144    50    56   172     6    19   158    93   147    35    86   111   125   137    48    77   135   161    62   100    75   150    62    29    33   156   154    34   122   137   132    75    43    98    26   139    45   147   111   115   148    67    41   174    78   153    85    65    20    31   170   167   117    80    57   119   154    11     4   171    11   122    54    61   152    97   116    85    78    63   108   130    52    68    14   126    64    60   178   173    96   124   149   127    10   162   173   125    42    72   139   173   125 
  131    63   134    29    15    68    28     8   109   113   115   154    82   158   124    20    56    60    17    21   100   165   142    45   129   136   149   100   175   172    22    74    17   168   169    32   137   159    90   109    46    75   153    30    64    10    71   138    50     6    24    47   147    61    94    26    28    18   105    76    84    56    66    33   176    40   167   173   169   160   126    19   139    85    86   117   152    76    57   138    73    44    32    96   145   138    66   180    72    43    77   130    95    44    26   136    77    14   144   126   155   115   179   141    93    61   100    96   155   121   147    85   170   152    64    33    96   110   108    82    61    70     2    17   160    41    75   154   124    21    40   168    68    45    22    56    46   133    17   101   109   160   137     9    39    68     8   102    68   133   113    63    27    17     9   180    65   157   116   130    38   173    65    58    20    79    95    14    22    23   119   154    77    17    68   179   113    29    44    85   159    51    95    50   129    90   166     4   175   125   120   120    35    98    97    27   119    90    63   149    94    35   102   161   148    88    26    86   134    96    72    45   101   120    78    32    78    40    76    60    74    36   131   150    45   129    19    42    77    16    49     3   117    31    60    26    31    39     4    97    15    28    50    68   170   147   134    86   177   102   135   160   133    94   128   159    26    19   158   164    79    69   159   123    76    59   162    54    41    88   139    89    56   115    27    80    19   175    37    98    42    76    17   124     1    53    20    62    44    81    45   153    92   126   108     5   151    92    15     7   123    40    84   140   100    20   103   109   126    55   120    69   154   173    25    99    91    99    16   153    25   114    21     6   146   127    86   107    71     4    35    17   134   174   178    10   159   172    43    42   127   120    21    10    54   165   152   110   146    42   132    53    40    21    94   109   104   162    28    84   176    65     9   135   146    70    46   117     6    77    42    67    62   109    21   139   126   148   160   179   134   139    85    90    43   104    81    85   172     8    30   165   126   165    66   146    82    18    32    27   127    55   104    96   176   121   124   117   111     2    17     3    46    83    98    56    16   154   129    70    83    54   141    77   146    49   133   131   142   170    48   117    10   118     1    89    78   178   138    99     1    62    63   169   171    18    92    84   143    33   103    24   151    65    47    93   173   145    35   120   157    31    14    17   179   168    20    36   151     8    58    90   154   128    42     8    27    60    29   112     9    54    26    59   162   128   124    44   151   140    72   118    61   121   172   159    35    25    57    13    52   178    95   166    75    14    95   139   132    35   123   171   114    68   108    93   116    46   147    17   151    16     9    97    73   100    91   155   144     5    58    60   179     7   116    23   172   152    81   119    57     6    71    91   178   152    47    86   155    83   165    15   130    45    92   169   175    75   106    79    93    51    92    57   115     3    17    94    93    94    21   174    88   175    51     2    91   138    26    80    74   125    81    70   130    41   160   114    23    53    57    87   135    90   148   174   150    36   131    56   138   133   171    12   119   139    81    90   158   149   131    15    36    11    95    38   143    32   177    35   166    98   165   169   144   161    32    30    79    90    94   151   119    99    79    60    31   154    74    43   100   164   161    32    15   141    74    51   143    20   137   109    32    51   165    51    48    51   125    25   158    70    77   103     1   138    50   109   177    17    89    80   111   130   177    93    69    62   139   135    30   143    94    49   100   167   171    96   123    73   138    87    72   163    18    80   106    72   139   156   125   176   146    97    25   103   152   149    33   166   176     8    94    71   104   135    14   163   172   144    57   106   151   103    95    41    45   108    97   100   158    43    78   156   136   102   149    33    21    65    57    20    86   164   123   157   117    45   151   109    14     6    33     6   120   104    61    93   155   135    73   119    72    24   146    54   123   177    99   165    55    65   109     3   178   115   106   103    75    78    30    41   149    60   174    95    34   111   120    41    21   138   124   144    69   165   146    54   164    68    23    10    94    65    76   177     3   123    92   162   167    76   121   112   153   109    25   180    87   150    92   101    29    39    64   179    73    47    67    43    24   123   117    36   137    60    64   106    15    51     7    87    47   117   108    30     2    62   117   150   170    16   147    28    27    73   149    13   144    25   130   126   149    80    79    21   153   129    27   176   107   141    97    33     7    86   138    26   123   135   135    68     6   166    53   156    72    50    17   136    32    94   161    44    45   152    53   111    59   171 
   18    16   167     3    33    46    92   180   149    10    66    67    47     5   158   110   119   126    25   144    49   162   102   170    31   180   171    72    84    31   151    42    16    68   100    39    67    71    40   116    99   142   123   165    54    39   149    16   163   133   161    19   114    96   130   173     7    76    63   100    94    94   101    39    17   166    28   159    49    75    79   129    82    95   124   124   128    66    56    37    88     7    18     3   146    16    32    27    47   179    57    49    21   148    53   145    64    36    82   172    90     8   159    86   104   129   160    43   121   120    70   109    78    21    11    89    35   121    41    79   154   152   153   154    40    40    54   110    77    93    73    17   114    93    64    21   105   148   169    79   121   115   164    84    62    27   101    53    43    73     8    13   137   106    68   123    29   110    16    58   155   102    92   158    49    11    63   134    28   144   150    78    57    61    16    79   132    97    39   163    80   134   178   174   110    14    52   158    16    10   160     1   144    23   103   173   117     3   148    94    58    82   125    55    72   103    89    19    25    63    70    82    99   163   122    61   101   163    71   146   174   143   128    91    63    62    39    15   158   179    62   173   117    25    75   128    42   122   109   167    46    32   102   175    89    16   112    50    45    88    77    40    17   149   175    37    32     5   159    19   145   175    15    35    17   106    50   140   116    21    98   171    76    69    56   162    41    69    75    38   117    44     6   152    92    34    94    99    31   126    50    41    19   121    61    93    86   162    20    18   120     6   165    95    51    73   108   101    12   112   116    80     3     6    50    98    17   180   104    74    85    94    81    55    39   128   141   112   107   166     7   164    75    91   107    45    43   133   167   142   113   102   140    88    62    41   100   175    61    43   129    14    59   102    59    76   134    96     7   177    27   174    19   150   122   134    41    98   129   104   115    87   106   166   178    52   119   170    38    85    62    31   108   129    64    73     7    81   171   106    96    79    47     4    37    83    86     9    34    60   179   114   156   165   117   170    63     8    94    98   125   112   111   146   100    76    67    60    45   170    40    76    69    33    77    87    46   170   112   108   166   156    15   134    44    46   120    76   136   115    35    10   159    26   178    46   126    46   125    92    45    78    34   111     5     6   108   152    32   161    83   120    38    79    47   116   121    85   176   143   120    19    30   137    67   168   151    89    99    69    19    29    15   125    52   105    14   122    26   141    44   103    52    91    33   126    24   152    32    34    93   103   150   168   137   138   114   147   103    95     3    67   166    26   130    75   167   132   106   117    42   144   126    14    63    17   163   133    78    85    56   151   174    25   115    34    16    35    17    25     6   149    33    66    29    69    35    72   145    83    23    12    70   148    60     9    43   179    69    78   139    86     7   167    13    58   111    37     3    70    99   173   129   130   179    90    80    12     3    34   111   137    26    88    92    93     7   140   138    15    91    28   138    54    68   167    51   120    92    75   128   139   176    13    38   129   166    90    58     3    60     4     5   107   132   126   134   135   169    51    82   160   100    19   125     1   141   151    70    91   154   141   174   142   152    54     7   150    21    74   129    88    30    25    61   125   140    12    34   178   106   175   178    42   109     4   103   165   141    32   156    62   179   132   113   125    16   122    39    35   170   118    26   123   179    65    19   117    74   156   166     5   175    74    10    35    14    34    90   134   153    32    46   105   101   179    53    98   100     1   175    91   169    29    79   129   165   155   163   144   118     8   128    80    30   168   104    34   162   150   114    14    21    19   159    87   115    65    69   140   133    24   158   124   114    46   136    37    86   125   143   114    69   119    25   104   115     7    36    80    13    74    27   176   158    39     6    30    44    47    41    32   166   143   101   175    15    17   167    78    28   177    79    52    45   176    81   141   163    32   126   104    71    97    29   175   160    64    11    28   121   143   177    77    95   161    59    54   110   109    84   157   176    42   122   108   172   117   179   155   160   139   143    38    42   117    41   120     8    92    16    98    21   152   138    71    46    14    17   170     1   137   136    44   170    38   118    90    28   165    95    92   159   174    47   113    23   138   154   127    74   160    63   135    48   159   129   151    35   179     3    48   179   179    44   135    77   137    31   173   131    73    20    49    98   160    31   104     2    19    43   169     5   157    95    50     2   158   150   105   157   119    77    83     9   153   147    93   178    23 
   52   126    16    43    83    82   150   104    60   157    33    20   138     1    84     1    47    58    78    49    82   145   174    27    69   158    34   130   147   144    25    54     5    96   112    42   108    93    25    79    23   114    73   145   115   123    93   132    83   161    59   153   117    67    74   157     9    53   144    69    12   174   141    57     6    30    36    69   141   147   132    74    64    27   109    80   107    79   163    26    91     7     9    88    70    88    49   129    86   137   146    76   109    76   167    62   170    44   125    84    44    58    30    51    31   151    67    71    36     8    89    27   122   145   130   119   141     9    67   110    82    12    90    54    95    33    17   166   128    29   155    66    48   132    76    39    59   163     6   127    71   133    50    97   139    59    99   117     1    85   103   134   150   122   154    64    99   109    57    61    44   146     8   170    39   172   124   121   135   163   170    96   172    87   120   156    85    20   160     9   100    50   148   141   121    92    66    26   107   121    32   138   165    94   152   156   177    18    87    23    82    56   103    34    27   101    96   156   125   129   148    96    30   179     5    82   154    36    48   174   111    22   178   149   142   100   104    58    64    95    39    93   149     4   118    30   142     1   137   164   125    54    54   160    96    82   158    48    48   119   116   131   101   134   143   137    33   121    80    42     8    50    25   165    59    28   105   133   100    63    52    37   112   133   158    83    88   155    96   149   137     4    21   148    59   145    84   134   153   179    37   138   140     7   169     9   177    46    92    21   172   131    77   129   118    28   135     2   139    85    63   130   150   118    79    53   177   114    56   153   159   129    21    99    40   113     5   175     7   102   119    14    66   118     7   174    13    97    58   170   133   103    35     2    27   154   147    31   149   107    28   101    81    19   172   150   126    60    44   128    98   139    60    62    84    42    64    84   130    95    79    92    34    11   172    17   148   134    48   158   127    88    64     2   149   109    32    25    77    13   105    24    81    55    81    47   109    11    18   112   150    74     7    65   132    81    40    67    92    56   165    92    15   121    62    30   119   180   113    74   111   154    63   138    65   110   126   128     8    51    58   137    26    62   134    10    40   145    42   177    94   153    71   170   106    16    81     6    66    82    56    88   110    12    52    51    28    24   125    55   103   151    48   104    51    50   145   132   106   132    15   127     4    87    35   116    79    18   139   172    22    78    16    69   154    27    44   172     8    52   118    97   162   150    28    43    42   175   129     6   134    93   121     5     6    33   172   180    25    81   120    81    66   172   150    24    31    91    57    77   144    23   169   155     2    68   135   151   110   156    52    19    64    74    30    81   147   122    25    91    86    50    76   159    95     7   158   123   161    69    67    12     9   167    42    90     7   174    81    68   107    35   137    43     1    88   147   169    60   168    43    28    89    52    47   134    39   123   173    85   100   106   152    68     6    35    65   173    10    49    95    81    11   165    55    79    29   177    40    14    28    26   165   122    55    36   156   176    55    11   137   150    98   118   168   156   138    25     4    54    79    20    58    66    63   113   135    50     3   153    22    22   176   113   136   161    85     4    86    87    15    92   147   129    25    50   123   170   144   151     4   168   140    63    82   158     2    40   167   109   139   122    45    12    68    96   103   153    29   128   137   168   129    67   119    28     4    24   155   117    15    17   165    86   159   172    43    35     3    48   166    30   134   103    57    52   106   108    94    53   160   167   121   153   104    40    25    19    12   129   174     7    71   179    14    55    18   178    60    84   180    50   113    13    63     7    14    92    28    55   122    99    96    72   172    25   174    73   178    11    59   140    92   160   151   120    32   146   161   176   162   119   108   144    53    36   125   116   122   130    85    51    65    21   111    77    67    18    80     2    79    17   178    64   104   172    34    15   162   169    64    57    13   143    19   131     4    67   129   100   123    32    28   138    54    13    44   173    21   174   128    91   102    26   170   131   117   114    68    17    73    31    97   121    18   169   102    92    25   179   171   141   152     3    46    22   101   150   112    56   141    42    50   110     7    82     4   179   126    57   113   111    15   167   177   171    76   161    75   169     7     6   104   162    58   115   125    41   176   175   151    47    33   102   172    34    94    88    48    70    91   149    33    23    99    53    95    70   117    10   173    19    51    19   168     6   164   180    38    62     9    33   132    88   106   160   124    70   156   150 
 0.00  0.29  0.26  0.33  0.28  0.34  0.25  0.27  0.40  0.28  0.29  0.38  0.31  0.29  0.20 
 0.29  0.00  0.39  0.29  0.21  0.28  0.33  0.29  0.36  0.22  0.24  0.37  0.35  0.27  0.26 
 0.26  0.39  0.00  0.40  0.24  0.36  0.31  0.21  0.33  0.36  0.37  0.36  0.38  0.25  0.32 
 0.33  0.29  0.40  0.00  0.30  0.38  0.25  0.34  0.24  0.20  0.35  0.33  0.36  0.29  0.34 
 0.28  0.21  0.24  0.30  0.00  0.21  0.24  0.30  0.24  0.36  0.28  0.38  0.22  0.30  0.25 
 0.34  0.28  0.36  0.38  0.21  0.00  0.25  0.20  0.24  0.24  0.21  0.40  0.31  0.29  0.34 
 0.25  0.33  0.31  0.25  0.24  0.25  0.00  0.35  0.25  0.20  0.31  0.30  0.24  0.35  0.32 
 0.27  0.29  0.21  0.34  0.30  0.20  0.35  0.00  0.29  0.21  0.32  0.32  0.34  0.20  0.36 
 0.40  0.36  0.33  0.24  0.24  0.24  0.25  0.29  0.00  0.23  0.35  0.28  0.36  0.25  0.29 
 0.28  0.22  0.36  0.20  0.36  0.24  0.20  0.21  0.23  0.00  0.34  0.35  0.24  0.39  0.38 
 0.29  0.24  0.37  0.35  0.28  0.21  0.31  0.32  0.35  0.34  0.00  0.30  0.38  0.35  0.32 
 0.38  0.37  0.36  0.33  0.38  0.40  0.30  0.32  0.28  0.35  0.30  0.00  0.21  0.30  0.23 
 0.31  0.35  0.38  0.36  0.22  0.31  0.24  0.34  0.36  0.24  0.38  0.21  0.00  0.23  0.26 
 0.29  0.27  0.25  0.29  0.30  0.29  0.35  0.20  0.25  0.39  0.35  0.30  0.23  0.00  0.33 
 0.20  0.26  0.32  0.34  0.25  0.34  0.32  0.36  0.29  0.38  0.32  0.23  0.26  0.33  0.00 
