120 12
6
     32075
     32827
     33981
     33967
     32199
     35044
  1.9  28.0  36.1   2.0
  4.1  35.2  44.9   2.5
  2.5  40.5  38.0   1.7
  3.6  15.2  56.9   1.8
  4.3  26.4  35.7   1.9
  3.6  17.6  19.7   1.9
  1.5  17.0  39.9   2.2
  3.8  41.1   6.5   1.7
  2.7  44.5   5.7   2.2
  4.9  25.2  37.3   1.6
  1.6  23.6  73.3   2.4
  2.9  36.7  90.7   1.9
  1.5  23.1  10.4   1.9
  2.2  14.2  48.8   1.8
  2.7  49.7  53.4   1.6
  2.6  24.8  83.0   2.4
  2.5  15.4  48.8   2.3
  3.4  19.0  44.3   1.5
  1.3  11.5  71.1   2.0
  4.8  23.5  88.3   1.7
  2.5  13.0   7.3   1.7
  3.3  25.8  12.6   1.9
  4.0  14.6  15.7   2.3
  2.6  21.5  49.8   2.4
  2.9  17.4  44.7   1.9
  1.3  17.6  30.1   2.2
  2.0  44.2  47.2   2.0
  4.4  39.8  74.0   1.9
  2.9  45.4  92.8   2.2
  4.2  24.8  12.9   2.0
  4.9  24.1  59.4   1.5
  1.2  46.5  48.6   2.3
  4.8  47.2  50.7   2.0
  2.6  39.8  81.5   1.5
  4.6  24.2  35.1   1.7
  1.8  38.5  59.6   2.3
  3.5  11.8  58.1   2.4
  2.0  39.6  53.8   1.7
  2.3  29.0  16.4   2.4
  3.7  30.2  84.7   2.3
  2.3  31.7  47.5   1.5
  2.7  17.2  13.4   1.7
  1.7  11.2   5.6   1.8
  2.4  41.2  12.5   2.2
  4.8  43.5  85.5   1.6
  3.2  37.2  67.1   2.4
  4.7  32.7  84.9   2.2
  1.3  42.4  10.7   1.5
  4.6  40.6  23.9   1.9
  3.4  37.9  64.8   1.6
  1.7  38.2  56.8   2.2
  4.0  44.8  72.5   1.6
  3.4  21.9  71.0   1.6
  2.3  17.3  36.1   1.7
  2.8  14.0  83.6   1.8
  2.2  20.8   6.7   2.4
  4.7  15.6  12.0   1.6
  1.4  27.9  36.4   1.9
  2.4  25.3  76.8   1.7
  2.9  11.7  13.9   1.6
  4.9  30.5   5.0   1.8
  1.5  38.0  21.4   2.2
  3.0  14.5  49.6   2.3
  1.5  42.8  93.2   1.7
  2.0  42.3  28.4   1.8
  1.5  19.7  44.1   1.7
  4.2  30.9  19.0   2.0
  1.3  43.4  31.8   2.0
  2.6  38.6  73.1   1.5
  4.9  35.7  55.6   2.3
  3.6  21.2  54.6   1.6
  3.9  14.4  59.2   1.5
  1.2  41.3   6.0   2.5
  4.0  44.6  41.5   1.6
  4.8  43.1  50.2   1.5
  1.3  17.7  18.1   1.7
  3.8  34.9  19.7   2.1
  4.0  25.3  18.4   2.2
  3.3  22.6  74.3   1.7
  3.0  12.5  65.0   2.1
  4.2  24.0  12.9   1.9
  1.0  26.0  41.2   2.3
  2.2  43.9  89.3   1.6
  4.7  23.8  63.8   2.1
  1.4  48.5  18.3   1.6
  2.8  24.0  75.3   2.0
  1.5  40.4  58.5   2.1
  4.3  24.8  81.0   1.9
  2.5  49.4  21.1   2.0
  2.9  46.2   5.1   1.9
  4.7  32.7  16.8   1.9
  1.3  13.1  67.7   2.2
  3.8  49.3  71.1   2.2
  3.4  32.4  50.3   2.0
  4.0  22.3  93.4   1.9
  2.4  43.1  78.0   2.0
  2.7  42.4  66.6   1.7
  2.6  46.3  81.2   1.7
  2.0  27.6  25.1   1.9
  2.6  16.6  41.6   2.1
  1.2  18.0  52.8   1.6
  1.6  44.1  40.3   1.6
  2.0  31.9  34.5   2.2
  1.6  33.4  48.7   2.0
  3.6  35.8  73.1   2.0
  3.3  43.1  30.1   2.0
  2.4  25.2  14.7   1.6
  3.0  40.7  47.4   2.2
  1.8  49.8  78.9   1.8
  2.4  40.9  41.5   1.6
  4.5  41.0  48.3   1.9
  2.0  24.5  33.9   2.1
  3.8  13.0  44.7   1.8
  4.8  18.2  38.0   2.1
  1.6  16.6  86.4   2.2
  4.7  26.9  76.0   2.3
  3.5  12.5  56.9   1.9
  2.2  42.9  57.9   2.4
  2.8  14.0  17.5   2.1
  1.2  25.8  32.2   1.8
  1.4  41.3  47.7   2.2
  2.5  38.2  49.1   2.1
  1.8  45.9  11.3   1.6
  1.3  37.9  41.8   2.0
  2.7  17.0  33.2   2.5
  4.3  24.5  10.7   2.3
  3.4  38.2  92.5   1.6
  2.4  34.6  94.7   1.9
  2.3  29.3  36.6   1.8
  1.7  40.8  86.9   2.2
  4.9  18.1  38.6   1.9
  4.4  18.9  35.6   1.8
  4.8  34.1  84.4   2.3
  2.4  30.5  69.8   2.4
  1.6  27.2  84.1   2.3
  4.1  12.7  75.9   1.5
  2.8  47.4  11.3   1.6
  4.4  47.6  73.4   2.2
  2.5  13.9  87.9   1.6
  3.4  40.3  46.8   2.1
  1.0  23.2   8.7   1.8
  3.4  32.0  31.1   2.3
  3.9  20.9  44.7   2.5
  1.9  37.4  69.4   1.6
  4.5  45.1  82.9   2.2
  1.7  37.0  15.7   1.9
  3.7  18.7  94.9   2.2
  1.2  15.6  68.5   2.2
  2.2  20.6  34.2   2.4
  3.2  14.2  85.7   2.2
  3.0  41.9   7.3   1.9
  3.0  34.9  48.1   2.5
  4.6  25.6  78.5   2.2
  4.2  41.6  13.8   2.3
  4.2  18.3  45.3   2.2
  3.8  23.7  85.8   2.3
  4.8  22.3  24.6   1.8
  3.5  28.2   7.2   2.2
  3.2  39.6  42.8   2.0
  1.5  48.8  17.3   2.3
  2.0  42.7  42.3   1.5
  4.1  25.4  24.6   1.7
  3.7  18.0  37.8   2.1
  2.2  48.1  49.0   2.2
  1.1  38.3  58.6   2.5
  2.5  14.5  60.2   1.7
  2.2  15.4  93.3   1.6
  3.6  29.4  92.6   2.1
  3.5  45.0  48.6   1.9
  2.3  30.1  74.5   2.5
  2.1  22.1  54.4   1.5
  1.2  25.9  49.3   1.5
  1.7  47.2   9.9   2.4
  2.8  27.6  77.3   2.1
  2.2  25.5  53.9   1.9
  4.3  15.7  12.8   2.3
  1.2  36.1  48.2   1.7
  3.6  33.7   7.1   2.1
  3.9  12.2  75.4   2.5
  1.7  17.6  88.5   2.1
  4.4  37.9  22.7   1.6
  4.5  48.7  75.8   2.2
  4.2  18.3  56.4   1.8
  3.3  25.5  29.4   2.0
  3.7  35.3  82.6   2.0
  1.3  14.9  13.8   2.1
  4.1  48.7  86.9   2.1
  2.5  17.9  29.4   1.9
  4.5  11.7  16.8   2.4
  4.6  15.8  85.7   2.3
  4.8  19.5  91.5   1.7
  4.8  27.2  41.9   1.9
  4.7  10.6  73.5   2.4
  2.4  40.8  16.5   1.5
  4.3  12.2  30.0   2.3
  3.1  16.4  45.0   2.4
  3.4  27.2  87.2   1.5
  1.2  48.6  53.9   2.4
  3.6  28.5  39.3   2.1
  1.2  33.2  32.0   2.5
  4.6  27.8  10.0   2.0
  1.7  28.8  13.0   1.8
  4.0  49.6  90.9   2.2
  1.6  44.7  64.8   2.4
  3.1  33.8  83.4   1.6
  2.2  15.3  20.2   1.8
  4.1  22.5  13.7   1.8
  5.0  15.2  22.7   1.9
  2.7  20.8  88.0   1.5
  4.6  47.3  59.6   1.7
  2.3  45.6  66.3   1.8
  4.3  15.6  31.9   1.5
  2.3  25.0  51.2   1.7
  3.1  34.1  35.1   2.4
  2.0  14.7  36.4   1.7
  2.5  41.4  94.7   1.9
  4.4  38.0  41.8   2.2
  4.4  34.3  46.6   2.1
  3.9  44.2  85.0   1.9
  4.5  21.9  41.1   2.4
  4.6  48.5  45.0   1.6
  4.0  26.6  24.9   2.0
  1.3  15.9  20.5   2.3
  2.8  33.6  54.0   1.5
  3.3  23.0   8.5   1.7
  1.3  49.0  53.0   2.0
  3.6  18.3  18.0   2.4
  3.0  44.8  49.8   2.1
  3.7  30.8  49.1   1.7
  1.0  33.4  87.3   2.2
  4.3  16.2   6.0   2.5
  1.5  31.6  20.2   1.7
  4.1  16.2  75.2   1.9
  4.6  41.9   9.9   2.5
  1.7  35.8  54.6   2.2
  4.4  14.5  45.4   1.8
  1.5  26.8  83.2   1.7
  2.8  49.1  41.9   2.1
  1.5  23.2  46.9   2.3
  1.0  41.7  79.5   1.7
  3.2  29.9  86.8   2.1
  1.3  36.6  29.3   1.9
  3.2  30.3  14.3   2.4
  3.3  27.1  71.6   2.2
  2.9  12.9  91.3   2.5
  3.0  49.5  49.4   2.4
  2.1  11.1  40.8   1.6
  4.3  15.4  93.3   1.5
  3.6  46.5  75.4   2.5
  4.9  33.0  15.1   1.7
  1.9  17.9  46.0   2.4
  2.0  11.6  40.6   1.6
  1.8  19.1  44.3   1.8
  4.4  39.7  78.6   1.9
  3.8  30.5  34.6   2.2
  3.5  13.6  54.5   2.1
  1.4  28.4  31.9   1.7
  4.5  12.0  28.7   1.7
  4.1  40.0  69.1   2.3
  4.6  32.2  33.2   2.3
  4.4  12.1  11.3   1.5
  1.2  33.3  13.7   1.7
  2.5  19.9  92.9   1.8
  1.9  28.4  89.6   1.7
  3.7  41.0  56.2   2.0
  3.0  40.2  28.2   2.5
  1.2  30.0  65.2   2.2
  2.0  10.2  19.8   1.8
  2.1  27.6  90.8   1.9
  1.9  31.3  42.6   1.7
  1.9  43.8  35.1   2.4
  2.1  47.2  93.7   1.6
  2.3  21.9  54.1   1.6
  1.8  32.0  93.0   2.4
  4.6  28.8  61.0   2.3
  1.0  26.5  79.2   2.0
  3.6  46.4  54.1   2.2
  3.6  13.0  35.2   1.7
  4.7  11.2  72.3   1.6
  1.9  11.4  21.1   2.2
  1.1  23.0  45.2   1.6
  4.9  44.4  39.0   2.2
  4.6  20.1  71.7   1.9
  3.9  45.0  43.9   1.8
  4.2  49.0  43.4   2.0
  1.1  32.4  45.6   2.5
  2.9  22.2  31.8   1.6
  3.0  11.3  69.6   1.6
  3.1  16.0  65.8   1.9
  4.8  30.6  89.4   2.2
  4.5  17.9  39.5   2.2
  3.2  47.8  46.6   2.3
  2.5  11.3  69.1   2.5
  4.2  17.8  34.1   1.8
  3.2  29.5  84.7   2.2
  5.0  29.1  14.1   2.4
  2.9  47.0  66.4   1.6
  1.8  42.4  57.0   2.4
  4.3  47.2  63.8   1.6
  1.4  16.9  57.2   1.7
  1.7  48.3  29.1   2.1
  3.7  38.1  28.2   1.8
  1.1  47.5  80.6   2.4
  4.1  12.0  39.3   2.5
  1.6  29.0  43.4   1.5
  5.0  46.6  27.8   2.0
  3.8  13.4  19.9   2.4
  3.9  23.5  20.4   1.6
  3.9  12.1  76.2   1.9
  4.4  46.7  69.9   2.5
  2.3  27.1  44.3   2.4
  2.3  42.7  48.9   2.2
  2.1  40.7  17.3   2.1
  4.6  23.5  80.7   1.6
  2.3  28.4  87.3   2.1
  1.3  21.5  28.5   1.8
  1.4  21.3  17.2   2.4
  2.1  29.7  88.8   1.8
  4.6  43.9  85.4   2.4
  4.4  41.9  60.1   2.0
  1.8  25.7  50.8   1.6
  4.4  10.7  70.9   2.5
  3.2  28.6  42.3   1.9
  1.1  11.8  37.1   1.5
  4.7  47.0  64.2   1.9
  3.5  21.0  69.1   2.5
  4.3  24.7  59.2   1.8
  1.4  19.7  74.6   1.9
  4.6  41.4   8.5   2.4
  2.5  29.8  64.4   2.2
  2.9  44.1  65.2   2.5
  1.1  45.1  92.0   2.5
  3.7  50.0  45.0   1.8
  1.8  22.1  19.5   2.0
  3.8  33.9  52.0   2.4
  3.1  15.8  26.1   1.8
  2.6  36.4  86.1   2.1
  3.9  47.6  56.2   2.5
  4.6  16.7  51.5   2.3
  1.8  17.2  35.4   1.7
  3.8  27.9  64.4   1.6
  4.5  22.2  49.1   1.8
  2.8  36.6  17.4   1.9
  1.6  20.7  66.4   2.0
  2.7  12.3  29.8   2.1
  1.3  36.8  60.3   1.7
  4.1  48.4  60.1   2.0
  4.8  39.2  74.4   2.5
  4.9  29.0   8.0   2.3
  4.1  15.5   7.5   2.5
  4.2  39.9  39.0   2.1
  3.6  10.7  13.8   2.0
  4.8  37.7  93.0   1.6
  3.2  40.7  83.4   1.9
  1.4  48.6  39.3   1.6
  4.2  41.1  42.3   2.5
  3.8  48.8  65.9   1.6
  4.3  45.6  25.7   1.6
  4.8  41.5  28.3   1.8
  3.8  15.8  50.9   2.5
  3.0  41.5  28.2   2.4
  3.6  44.2  45.2   2.1
  3.0  42.9  63.8   1.9
  4.9  38.1  11.7   1.6
  3.6  29.9  53.4   1.6
  4.7  26.6  22.1   1.9
  4.5  22.0  27.3   2.4
  1.7  27.3  42.8   1.6
  1.5  30.7  45.1   2.1
  2.2  42.6  49.5   2.3
  2.4  35.6  65.9   2.2
  4.4  28.5  86.4   1.6
  1.2  40.9  46.2   2.0
  3.3  13.4  86.3   1.6
  1.8  21.0  70.5   1.6
  1.4  13.1  54.7   2.3
  1.4  23.9  43.0   1.8
  2.3  29.7  12.8   1.8
  1.1  30.7  79.4   1.9
  1.2  16.4  13.4   2.2
  2.9  31.7  13.3   1.8
  2.1  10.6  56.8   2.2
  3.7  29.9   5.1   1.8
  1.1  39.1  19.1   2.4
  4.7  44.5  39.2   2.3
  4.0  42.8  26.0   1.9
  1.8  20.4  42.4   2.4
  2.4  27.2  41.7   2.3
  1.5  28.3  17.0   1.8
  4.9  30.1  84.2   2.2
  4.0  46.2  56.7   1.8
  3.9  26.4  24.7   1.7
  2.4  17.9  53.6   1.7
  4.6  37.7  23.5   1.8
  4.2  49.4  35.7   1.9
  1.7  13.8  24.1   2.3
  1.3  15.3  31.8   2.1
  4.4  44.4  50.9   2.5
  2.7  43.1  88.4   2.0
  2.5  18.0  64.6   2.0
  4.8  44.4  23.5   1.8
  4.0  29.5  29.3   2.3
  4.2  37.2  31.4   1.6
  4.7  24.2  10.1   1.9
  4.9  16.6  81.6   2.1
  2.1  27.1   8.6   2.3
  2.4  45.4   5.8   1.9
  2.0  21.2  58.5   1.9
  2.3  19.9  81.8   2.3
  1.7  29.8  72.1   2.2
  3.9  13.2   9.4   2.1
  3.9  10.1  19.0   1.6
  3.0  48.6  61.7   2.2
  4.7  32.7  40.8   2.1
  3.6  40.5  13.2   2.1
  2.8  43.1  35.3   2.3
  3.4  19.1  82.4   2.2
  4.2  13.1  90.0   2.3
  4.8  49.1  18.5   1.8
  3.3  25.9  14.5   2.3
  2.7  20.2  85.8   1.6
  4.0  14.1  31.1   2.5
  1.8  15.2  86.7   1.8
  4.0  41.1  67.9   1.6
  3.0  24.2  93.3   1.8
  1.3  32.5  84.8   2.2
  4.7  10.7  72.6   1.7
  4.4  33.7  37.2   1.6
  2.0  21.7  58.7   1.7
  3.3  12.5  26.1   1.5
  3.9  25.0  43.3   2.1
  2.3  23.1  93.6   2.0
  5.0  49.0  44.9   1.5
  4.7  34.1  56.9   2.2
  2.7  43.9  11.9   2.1
  4.3  29.4  26.1   2.2
  1.6  37.0   7.6   2.5
  1.0  26.0  17.6   1.6
  3.4  37.6   8.8   2.3
  4.9  10.2  45.9   1.6
  2.4  24.8  71.5   1.7
  2.9  31.2  64.1   2.4
  1.7  12.3  70.1   1.8
  2.9  48.9  15.7   2.0
  2.6  26.1  92.6   2.5
  3.1  41.5  47.5   2.1
  2.5  46.1  40.9   1.7
  4.4  11.9  68.7   2.2
  3.0  45.9  81.6   2.1
  2.8  13.9  16.0   1.8
  2.6  49.2  32.1   2.3
  5.0  12.4  10.0   2.5
  4.6  37.1  74.1   2.1
  3.1  15.6  36.6   2.3
  1.3  15.0  30.0   1.8
  2.0  40.4  14.0   1.6
  2.1  36.4  24.8   1.6
  1.5  38.7  26.4   2.3
  4.7  25.0  30.0   2.3
  3.7  45.2  92.1   1.8
  2.5  46.7  42.6   1.5
  3.3  10.9  40.1   2.5
  3.6  14.8  29.3   2.2
  1.5  16.0  87.6   2.1
  4.9  21.8  42.0   1.8
  2.0  12.7  22.6   2.5
  2.9  45.5  82.4   1.6
  4.8  23.0  21.5   1.6
  5.0  17.2  21.6   1.6
  2.0  22.5  22.2   1.5
  1.6  37.1  87.5   1.7
  4.2  25.5  73.0   2.4
  4.8  34.8  24.0   2.0
  3.8  19.8  64.2   2.2
  4.7  48.8  94.5   2.1
  1.6  38.2  64.7   1.8
  3.3  21.1  61.1   1.9
  4.6  38.8  15.7   1.8
  3.5  47.7  44.7   1.9
  3.1  37.5  29.8   2.2
  1.4  36.3  55.9   1.8
  2.2  23.0  60.4   1.9
  1.6  36.3  29.6   1.8
  4.4  19.7  67.3   2.5
  1.8  38.2  50.2   2.0
  2.1  35.9  12.1   2.3
  2.6  25.3  90.8   2.3
  2.4  42.0  78.0   2.3
  3.7  24.7   6.9   2.4
  4.4  22.1  90.1   2.1
  4.3  14.5  35.9   1.7
  3.9  42.4  27.7   2.2
  5.0  15.1  23.3   2.5
  1.1  37.0  57.3   1.6
  1.3  32.7  14.4   1.8
  2.9  22.8  65.8   1.8
  4.9  40.0  15.8   2.3
  2.8  39.3  14.5   1.9
  3.3  40.5  68.3   2.3
  1.9  15.3  26.0   2.2
  3.7  29.3  60.8   1.8
  3.7  44.8  87.7   2.3
  3.4  17.4  45.2   2.0
  4.0  17.9  59.1   2.0
  2.2  20.8  44.2   1.7
  3.8  13.8  59.0   2.5
  1.4  46.9  48.2   1.9
  2.3  35.6  48.0   2.3
  1.8  43.4  10.4   2.0
  1.6  35.9  12.8   2.2
  1.8  13.2  83.1   1.9
  1.3  39.2  28.6   1.8
  4.5  10.8  77.3   2.2
  3.2  45.2  57.4   1.9
  3.9  40.1  94.6   1.8
  2.7  34.6  32.1   2.4
  3.8  39.1  45.1   2.2
  3.7  28.7  74.9   2.2
  1.9  25.5  22.5   2.0
  3.2  29.9  14.5   1.6
  2.4  48.9  86.5   2.0
  2.7  39.7  67.0   1.9
  3.1  15.6  94.3   1.7
  2.0  13.7  35.7   2.0
  2.2  15.1  66.4   2.2
  4.2  46.6  76.2   1.5
  4.9  14.2  54.9   2.4
  1.9  36.6  30.4   1.6
  4.1  22.5  42.8   2.4
  5.0  12.4  89.0   2.1
  1.5  23.9  28.8   1.8
  3.4  35.3  73.7   1.9
  4.2  43.3  21.2   2.0
  3.0  16.9  72.2   1.5
  3.2  11.3  53.9   2.4
  4.2  28.6  82.2   1.5
  1.4  37.8  34.5   2.1
  1.7  27.2  43.7   1.9
  2.3  47.9  87.3   2.4
  2.3  19.2  61.2   2.4
  2.8  12.8  71.6   2.4
  1.4  27.8  17.6   2.1
  2.5  10.8  78.2   2.3
  4.5  36.4  59.8   1.9
  3.9  37.0   9.3   1.7
  2.0  43.1  49.0   2.5
  1.2  16.6  72.6   2.3
  2.4  24.7  49.9   2.0
  1.1  32.2  87.0   1.7
  4.7  19.7  22.5   2.4
  1.2  48.9  11.2   1.7
  4.5  29.0  87.9   1.5
  3.5  29.3  46.5   2.3
  3.8  23.6  87.1   1.9
  2.6  22.2  68.4   1.7
  1.7  49.9  51.5   1.9
  2.2  28.6   8.3   2.4
  2.8  48.9  41.4   2.2
  2.9  13.3  42.7   1.7
  2.6  10.2  30.6   2.1
  4.4  49.8  16.1   2.2
  3.0  14.6  33.9   2.4
  2.4  19.6  48.4   2.5
  2.6  15.7  26.1   1.6
  4.2  38.1  49.3   2.4
  2.7  30.4  71.7   2.3
  4.8  19.3  94.5   1.5
  1.0  34.5  58.0   2.5
  4.4  21.7  86.8   2.1
  2.7  20.2  52.7   2.2
  1.5  19.4  61.0   2.2
  4.8  26.7  28.3   1.7
  4.6  24.3  50.5   2.0
  1.1  39.3  74.9   1.6
  4.0  40.6  58.5   2.2
  1.2  22.8  10.8   1.9
  3.0  26.0  18.9   2.3
  1.6  49.2  64.9   1.6
  4.2  43.9  23.3   2.0
  1.6  36.2  17.0   1.7
  3.7  43.0  57.0   2.1
  3.4  27.9  61.6   2.0
  1.1  35.4  42.5   2.3
  3.9  26.9  21.6   2.4
  4.8  49.7  59.5   1.6
  2.9  42.1  24.9   2.2
  2.4  20.1  73.7   1.6
  1.1  41.4  36.5   1.6
  4.3  33.8  20.3   1.9
  1.8  11.6  24.9   2.0
  4.4  25.9  46.1   2.1
  1.9  19.8  54.5   1.5
  2.7  39.7  21.1   1.7
  2.9  45.9  46.0   2.3
  2.6  20.9  17.7   2.3
  3.7  27.7   5.3   2.3
  2.9  34.9  40.4   1.6
  1.1  29.0  88.4   1.8
  1.7  12.3  75.5   2.5
  5.0  39.8  17.9   1.6
  1.5  18.7  36.0   2.3
  4.4  30.6  25.1   2.2
  2.0  38.7  47.4   2.5
  3.1  26.6  26.7   1.9
  4.5  30.6  47.9   2.5
  4.9  12.1  12.5   2.4
  4.7  15.8  87.1   2.1
  1.3  41.2  70.5   2.0
  1.9  35.1   9.0   1.6
  2.4  21.7   9.5   2.4
  2.1  18.3  67.8   2.3
  4.7  42.5  80.0   2.2
  4.4  18.9  89.4   1.8
  4.7  20.8  55.4   2.4
  5.0  20.6  66.0   1.9
  4.0  14.3  32.3   1.5
  3.6  16.2  86.0   2.3
  3.3  33.1  89.3   1.9
  4.6  12.6  94.7   2.3
  2.6  24.8  45.2   2.4
  3.3  25.6  90.4   2.2
  2.3  14.1  23.7   2.4
  1.5  21.8  90.4   1.9
  2.7  18.2  26.4   2.4
  2.4  38.3  79.4   1.6
  2.9  48.3  57.9   1.8
  4.6  48.0  14.7   2.3
  3.2  36.2  93.6   2.1
  1.5  33.9  38.9   2.2
  1.5  32.8  38.7   1.6
  3.6  21.5  53.9   1.8
  4.9  37.4  31.7   1.6
  2.7  15.0  77.4   2.1
  2.0  44.4  18.8   1.7
  2.2  36.1  37.7   1.8
  4.9  11.7  53.0   2.0
  5.0  47.8  27.0   1.8
  4.9  46.5  36.8   1.9
  3.3  13.0  19.5   1.9
  2.3  37.9  62.8   2.5
  4.9  30.6  29.4   1.5
  4.9  42.2  47.3   1.8
  4.5  49.4  88.1   1.6
  2.6  26.9  85.1   1.6
  4.5  26.2  67.2   1.9
  1.8  19.2  44.8   1.9
  2.6  49.5  19.0   1.9
  3.3  44.0  34.8   2.1
  4.2  17.2  12.3   2.2
  4.6  28.4  88.7   1.6
  2.6  46.8  11.0   1.5
  3.7  32.2  71.9   2.0
  4.7  13.4  81.3   1.6
  1.7  16.9  47.4   2.3
  1.5  29.0  39.1   1.5
  4.6  49.0  19.5   1.8
  2.8  32.6  36.6   1.8
  3.9  42.7  61.1   1.7
  4.4  16.6  65.0   1.6
  3.4  11.8  82.3   1.8
  4.2  32.6  27.3   2.4
  3.2  39.4  63.2   2.4
  1.3  45.8  39.8   2.2
  1.4  27.9  38.8   2.0
  4.5  22.6  18.7   2.0
  3.4  14.4  26.9   2.1
  4.1  40.8  80.2   2.2
  1.3  47.6  68.1   2.0
  2.0  43.2   8.3   2.0
  2.4  21.6  65.4   1.5
  4.2  14.8  57.1   2.4
  1.5  10.8  42.3   2.3
  1.7  19.7  92.1   1.7
  1.6  46.6  71.3   1.8
  1.7  16.8   8.4   1.9
  3.9  15.4  14.2   2.3
  4.4  23.2  20.7   1.8
  2.0  14.0  56.7   1.5
  4.5  27.2  77.3   1.9
  1.3  50.0  76.5   2.0
  3.4  21.8  91.2   1.7
  4.8  11.9  60.1   2.5
  1.9  49.3  68.7   2.4
  3.9  23.4  22.6   2.2
  2.4  41.0  34.6   2.4
  2.7  40.1  45.7   1.8
  2.8  27.3  26.3   2.1
  4.3  46.5  25.1   1.9
  4.0  16.0  92.9   2.5
  3.3  48.3  52.3   1.6
  4.2  28.3  63.3   2.3
  3.8  32.5  86.3   2.4
  3.1  11.9  36.2   2.3
  2.2  40.2  11.9   2.4
  2.5  33.7  65.9   2.3
  2.1  22.6  14.1   1.7
  3.8  37.0  16.0   1.8
  3.5  39.3  88.8   1.5
  4.3  17.1  69.1   1.9
  3.7  23.1  64.0   2.4
  2.4  34.6  24.1   1.8
  2.9  32.1  74.2   2.5
  3.9  12.2  35.8   2.0
  3.6  44.2  45.7   2.4
  1.1  43.2  22.6   2.4
  3.7  14.1  87.7   2.0
  1.9  35.4  64.1   1.8
  4.5  49.3  60.2   1.7
  1.3  31.1  78.1   2.3
  4.2  41.0  54.0   1.6
  4.3  47.4  71.8   1.7
  3.1  39.9  92.9   1.7
  2.6  37.8  25.9   1.9
  1.9  47.7  56.6   2.1
  4.1  47.8  68.9   2.5
  2.1  16.2  12.7   1.8
  4.0  39.4  82.1   1.8
  4.3  12.2  16.2   1.8
  2.3  49.6  86.7   2.2
  3.9  32.4  68.6   2.0
  0.2   0.3   0.4   0.4   0.2   0.3   0.2   0.3   0.3   0.4   0.4   0.4   0.4   0.2   0.4   0.4   0.3   0.4   0.3   0.3   0.2   0.3   0.4   0.2   0.3   0.4   0.3   0.3   0.3   0.3   0.3   0.3   0.2   0.2   0.4   0.3   0.2   0.3   0.3   0.3   0.3   0.3   0.3   0.3   0.2   0.3   0.3   0.2   0.2   0.3   0.3   0.4   0.3   0.2   0.2   0.3   0.3   0.3   0.2   0.2   0.4   0.3   0.3   0.3   0.4   0.3   0.3   0.3   0.3   0.3   0.4   0.4   0.3   0.3   0.2   0.4   0.2   0.2   0.3   0.4   0.2   0.4   0.4   0.2   0.3   0.4   0.3   0.2   0.3   0.2   0.4   0.3   0.3   0.3   0.4   0.3   0.2   0.4   0.2   0.3   0.2   0.2   0.3   0.3   0.4   0.2   0.4   0.4   0.4   0.3   0.2   0.4   0.3   0.2   0.4   0.3   0.2   0.4   0.3   0.3   0.3   0.4   0.4   0.3   0.2   0.3   0.4   0.3   0.3   0.4   0.3   0.3   0.2   0.2   0.3   0.3   0.3   0.2   0.3   0.4   0.2   0.3   0.4   0.4   0.3   0.3   0.3   0.3   0.2   0.2   0.4   0.4   0.4   0.3   0.3   0.3   0.2   0.4   0.4   0.4   0.2   0.3   0.2   0.3   0.2   0.2   0.2   0.3   0.3   0.4   0.4   0.3   0.3   0.3   0.4   0.3   0.3   0.2   0.2   0.3   0.3   0.3   0.3   0.4   0.3   0.3   0.4   0.4   0.4   0.2   0.3   0.2   0.2   0.3   0.4   0.3   0.3   0.3   0.4   0.3   0.3   0.2   0.2   0.3   0.3   0.3   0.4   0.3   0.3   0.2   0.4   0.2   0.3   0.3   0.2   0.3   0.4   0.3   0.2   0.4   0.2   0.4   0.3   0.3   0.3   0.2   0.3   0.3   0.3   0.4   0.3   0.4   0.2   0.2   0.3   0.3   0.3   0.2   0.3   0.4   0.2   0.4   0.3   0.3   0.3   0.2   0.4   0.3   0.2   0.3   0.4   0.2   0.3   0.2   0.3   0.3   0.3   0.3   0.4   0.2   0.3   0.3   0.3   0.3   0.4   0.4   0.4   0.3   0.3   0.3   0.2   0.3   0.3   0.3   0.3   0.4   0.4   0.3   0.3   0.4   0.3   0.3   0.3   0.4   0.3   0.3   0.3   0.2   0.4   0.3   0.3   0.3   0.4   0.3   0.4   0.3   0.4   0.4   0.3   0.2   0.3   0.3   0.4   0.4   0.4   0.4   0.2   0.3   0.2   0.4   0.3   0.2   0.3   0.3   0.3   0.4   0.2   0.4   0.2   0.2   0.3   0.2   0.3   0.3   0.2   0.3   0.2   0.4   0.3   0.3   0.3   0.2   0.3   0.2   0.2   0.2   0.3   0.3   0.4   0.3   0.3   0.2   0.3   0.2   0.3   0.3   0.3   0.3   0.3   0.2   0.3   0.4   0.3   0.3   0.2   0.3   0.3   0.2   0.3   0.3   0.4   0.3   0.4   0.3   0.3   0.3   0.3   0.3   0.2   0.3   0.2   0.3   0.2   0.4   0.3   0.3   0.3   0.3   0.3   0.3   0.3   0.4   0.3   0.3   0.2   0.4   0.3   0.2   0.3   0.3   0.3   0.3   0.3   0.3   0.3   0.3   0.3   0.3   0.4   0.2   0.3   0.3   0.2   0.3   0.3   0.3   0.4   0.4   0.2   0.3   0.3   0.3   0.2   0.3   0.3   0.3   0.4   0.3   0.3   0.2   0.3   0.2   0.2   0.3   0.3   0.2   0.3   0.3   0.3   0.3   0.2   0.3   0.3   0.4   0.4   0.3   0.3   0.3   0.3   0.3   0.2   0.3   0.3   0.3   0.3   0.3   0.4   0.4   0.2   0.4   0.3   0.3   0.3   0.4   0.2   0.2   0.2   0.2   0.3   0.2   0.3   0.3   0.2   0.2   0.4   0.3   0.3   0.2   0.4   0.4   0.3   0.3   0.3   0.3   0.2   0.3   0.2   0.3   0.4   0.2   0.4   0.4   0.2   0.2   0.3   0.3   0.4   0.4   0.4   0.4   0.3   0.3   0.2   0.3   0.3   0.3   0.4   0.3   0.2   0.3   0.3   0.4   0.4   0.3   0.2   0.3   0.3   0.4   0.4   0.4   0.4   0.2   0.4   0.2   0.3   0.3   0.2   0.4   0.3   0.2   0.3   0.4   0.4   0.3   0.2   0.3   0.3   0.3   0.3   0.3   0.3   0.2   0.4   0.3   0.3   0.3   0.3   0.4   0.2   0.3   0.4   0.4   0.2   0.3   0.2   0.4   0.4   0.2   0.3   0.2   0.2   0.4   0.4   0.3   0.3   0.2   0.3   0.3   0.3   0.3   0.4   0.3   0.4   0.3   0.4   0.3   0.2   0.3   0.3   0.4   0.2   0.4   0.4   0.4   0.2   0.2   0.3   0.4   0.2   0.2   0.3   0.3   0.2   0.2   0.4   0.2   0.3   0.3   0.2   0.2   0.2   0.3   0.2   0.3   0.4   0.3   0.2   0.2   0.3   0.2   0.2   0.4   0.4   0.2   0.3   0.3   0.2   0.4   0.3   0.3   0.3   0.4   0.3   0.2   0.4   0.2   0.3   0.3   0.4   0.3   0.3   0.4   0.2   0.3   0.2   0.3   0.3   0.2   0.2   0.4   0.4   0.3   0.3   0.3   0.4   0.4   0.4   0.2   0.2   0.2   0.4   0.3   0.4   0.4   0.4   0.3   0.4   0.3   0.3   0.2   0.4   0.4   0.3   0.2   0.3   0.3   0.4   0.3   0.4   0.3   0.2   0.3   0.2   0.3   0.2   0.2   0.4   0.3   0.3   0.3   0.3   0.3   0.2   0.2   0.2   0.3   0.3   0.2   0.3   0.2   0.3   0.2   0.3   0.3   0.3   0.2   0.4   0.4   0.4   0.3   0.3   0.3   0.4   0.4   0.3   0.4   0.2   0.3   0.3   0.3   0.2   0.3   0.4   0.4   0.3   0.2   0.2   0.2   0.4   0.3   0.3   0.2   0.2   0.3   0.3   0.2   0.3   0.4   0.2   0.4 
  165   178   146    54   123   147    19   111    51     7    83     6     1   114   152   179     3     2     5   118    97   149    71   167    16    39    51   138   163   180    94    66   153    69    33   142   150    19   126    75   169    32    37    44   112    42    17   150    56   147    30   159    32    96    27   150   118    63   179    20   174   115   110   147    42   113   122   101   115   111   124    34    25    48     7    50   145   141    13   117    37    60   177   170    17    29   167   105   101    25   148    53   177    49   155    85    98    96    71   172   178    23    28    76   102   173    56   159   133   126   174    43    38    10   153    41   160    10   167   114    28    88   156    39    31    92    57     3    55   141    73     5    23    72    30     5   132    72    55    21    44   169    28    73    72   161   147    81    94   142    74    86    94    61   128   107    33   149    66    35    95   118    15    64   174   130    17    80   136   173   171   137   175   120   149   109    73    45   142   174   180    77   156   119   122    20   119    41   180    68   155    87    23    78   168    31   105    33   131    62    73    86    16    67   160    81   174   136    44    61    53    51   155    75     3   118    30    66   111   160    35    16   135   134    60     4   151   124   152    25   158    45     7   103   104   163   177   106    23    64   139   163   141   150    35    20   128    63    32   160    74    28    52    40   104   106     8   177   138    35   105    95    29   108   106    69    67   146    82   137    87    18    61    67   110    28   147    33    31    81   141    60   147   103    65    32   158    88   118    83    57    66    87    96    69   128    25    58   172    72   126   177     1    19   149    43    53    27    64   179   119   173    84    79    83   117    23   143    18    61    64    58    42    49   157   174     4   129   144    30    15   128   111    72    22    92     5   117    36     4    60    40    99   148    16   160   128    84    49    70     5   139    14    74    46    78    75   165    33    93    13   101    45   166    20     3    41   139    25    26    99    25   150   177   110    68    92   106   163    49   146     3    37     3   149   101   121   112   113    63    80     4    80   144   173    86    49   116    10   154   130   150   146    79   146   177   170    88    56    24     2    23    45   174   164   172    20    13    53    16   165   153    34     6    54   137    55   166   137    94    63   160   168   102    97    12    25    11   115   156    48    34    95   119   137   127    97    35    26   109    90    24    86   109    39   122   124    81    10   169    10   145   154   120    22    23    81    86    31   154   138    73    31    23   161    53    39    81   146   116   136   158    59   100    34    60   170   172    48   121   140   144   102   163   110   153    91   170     1    39    32     1     8    47    78   178    37    93   147   170   164   170    94   179    29    52   180   180    24   161    77   169    16   176   100   144   100    39    27   179   143    63   104    65    65    56   134   144    10   162    17   124   179    99   133   168    58     7   111   156    98    77    46    95    79   177     6   167    73   140    12    83   159   111    11   174    22   122   124    40    89   157    15    56   128   168    28   175   169   114    21    52   155    10   175   130   148    10    64    78   118    14   123     7    16    99   162    83    86   151   168    10   100   110   166    16   118   146    73    73    12     6    73    88   125   176    18   174    10   147    56    38   169   132   107   131    28   128   178    50     7   157    45   133   125   102    94   172    34     4    39   165   102    77   151    52   158    12   126    94    64   140   172    67   156   170   178     1   161     2   171   142    54   151    90   133   133   161     4    14     3   142   132     3   146   112    10    95   175   160   172    92    43    64    74   104   152    53   175    46    14    60   151   133   168   151   127     9   139   143    77   101    37    95    78   121   155   148   141    75    48   151    93   104    67     5    67    19    68   139 
   19   166     3    21    58    88    43    60    37    80    21   131   165    17   113    62    36    74    63    24   171    58   157    87    17   135     1    78   143    21   147   146   154   137     4   149   103   116   147     8    17   145   100   177   110    60   149    58   122   175    54   167   111     2    74    34   134    81   120    34    60   103    46   145   150    98     1    95    19    70   152    32   166    23   107   153   117    29    36    18   150    25   123   165    42   168    91    41   108    22    40   173   105    13   148   163    78    77     9    38   157   100   112   106    94    47    68   141    92    10    21    22    57    60    58   124    62    49    17     7   104    19   160   113    87   136    74    29     5   173    84   169    96   143    89    49   141     6    14   108    16   158    43   168    12   163    10   109   169    94    75    98   125    98    46   123    79    53     9    34    79    49     8   107   120    32    60    91    93   107    28    75    80    67    99    11    34   170   111    78   169    27   120   123   128    47   157    56    67   106    72   134     7   102   135   134    13    80   150    40   135   164   111   116   156    17    47    36   153   166   113   170   156   129   138    96     4    37   124    87    18   162   148    43   115   127   144    18    65   145   158   115    51    22   157   118     6   175    69    48   116   124   164    96   166   166   156   117    16    58    22    39   128   123   121    93    18    98   104    51    16   149    59    97    96    53   113     2   175    60    20    12   165    22   132   134    26    25    77   117    55    81    55    93   116    62    71   176    36    32    54    51    15   159   150   152    21   133   137    48   145     7    79   104   179   140   124    68    75   135    89   123   130   172   117    39   134     5    78    14   163    18   118   106    52   156     8     2   171   171   143     3    77   124    94    88   138    39    58    97   173   170   115    71    19     1   143    48    13    78    15    52   139     5    73   120    20   140    84   168    62    51   134   156   178    77   163    52    98   138    90   107    16   173   153   177    64    96     1   107   165   120    26    76    56    88   106     2    35    99    89    98    18   106   126   154    23   145   132    81    24    12    34    12    49    44   115    20   132    29   133   123     4   107   146    33    46    96    35    25   139   109    42   135   175   109   164   105   133    60    17    73   154    15    57    11   179   177    36   163    73   130    30    44   170   141    25    89   126   163   109    86   147   105    43    15   162    98   134    86    58    95    43   137   180    31   112   177    77    45    44   165    29    85    13   154    28   108    51     6   140    96    73    47   175    84    39   122   161   106   180   157    79    49    33   152    31    33     3   111   143    60   177   150     2   106    58    26    49    32    64    70   156   145    83    53     4    63   130     9   150    16    56     6    35    67   107    77    87    25    91    56   169    82    14    15   159   175    38   108    99     6     3   128   147    87    41   105    67   119   144    59   124   177   117   176   117   117   108    46   125    64    67     1   166    95   107   142    61   130   126   159   133    71   108   113    54   139    22   146    34    29    23   128    31    17    38   133   114    20   173    34    63    98    63    37   125    22   176    93   132   177    32   104    30    27   146   103    43   152   174   110    51    77   148     4    79    65    60   176    32   112    95   142   116    54   133   136    53    28   132    45   114    40   117   159    84    58   106    52   134   125    22   119    86   145    62    37    76    33    88   167    58    74   105   175   136   143   179    85   106    71   129    58    73   125     6     4    85    11     7   142    83    51   170   123   135    85   142    17   166   148    44    39   103    44   124    83    56    45    77   104    33    36    76   113   137    45   101    90   169    28   126   180   171   128   142   167    30   108   111    47   142   128    19   105   177    65   125   125 
   54    88    68    56   170   157   141    66    21   136   113   167    88    84   107     8   143   142    73   177    90   165    11     3   148   139    52    33    87   127   172    76    18    87   157     1   112    37     1   124     9   148    33   128    14    39   152    46   115    18    26   103    99   140    73    81    45   165   130   102   131    70    47    91    25    27   119   108    23    11    32    23   124    60    72    87   148   180   156   153   150    31    36   125    30    93    65   141   143    85    96   157   131    51   177    93   148   170   101     9    51   129    51    15   174    48     3    36   153   101   161   172    10    76   123   161    69   161    89   152    69    61    49   140   119    87    44    37    95    93     5   173   162   172   144   136   119   149    45   108    19    65   145   150    25    45    78    67    66    13    11    26    66    54   150    62    92   146    53    14   164   134   144   172   124   100   173    80   148    59   117    30    14    65    47    75    72    22   116    25   165    97   117   175    77   149   149   144    80    85    60    11    25    88     6    41    68   138    75   143   129   154   132   118   180    69    16    51    22    61   160    64   147   119   124    46   165   131    17   115    24    21   175    81   164   165    17    25   153   151    90   127    53    55    79    52   124   108   152   171    52   108    32   127   176    56    33   153   162   107   143    83    87    52    69    99    88    96    44    99   173   162   166    10   106   123    22    87    53   172     7   136    62    75    31    22    32   134   164    77   135     9    69    65   171   144    94   114   165   163   172   122   100    61    64    61    13   178    33    45   113   107    93   146   116    95   117    24    92    46   115    59   130    19   142    35   129   100     2   119    55    58   141     6   172    36   155   125    80   101   116   165   169    32    19    56    69    65   145    97   179    56    94    66   107   116   178    76    64    93    86   131    85    31   133   121    97   177   142   113    10    19   109    57    65    83   131   113    82   106    28   170   103    86   141    35   103    60    40    82    96   147   146   100    45    91   165    60    60    97   120   159    82    12   152   178    80   104    79   152   151    69     7    13    36    51    48    21   134    10     2   100    96    51    43    54    48    30    13    91   177   155    88   146   153    29    43    68   145    94     4    49   153   137   103    11    34    71   110   100   137   152   158    79    55   112    31    97    90   126   124   178   162    83   166   153   103    38    14   158    66    83    61    35   134   145    53   163     9   110    24   138   106   104    26   105     1    40    12    94    97    65   130    12   159    11   177   180    92    30   135    54   119    47    34    84   139    38   169   141   161   154    58    92   137   179    60   132    63    82   133    62   148   129   153   169   175   120   156   165   120    68    33   141   173   119     9   103   119    79    48   162   141   140    15    10   101   112   154   114    37   112   125    27    51    84   164   143    47    82    91   141    55   151     9   121    76    19    49    61   120    75   154    28   155   158    23   139    99     3    64   108   179   107    46     4    16   106    17    38   157    27    10    85    37    26    63     6   149   135   153    67    60   114   146   125   138   130   114   138    94    88   139   152    64    81    44   158   139   101   177    68    12    82   104    28    38   164    10    86   139    92    58    11   142     7    63     9    72    88    74    48    13     8    32    23   152    58   134   127    96   149   159   151    52   168   112     8    28   143   120    65    31   139   176   134   159   139   171   157   166    80    73    97    40    45   130   149    70    79   138    96    72    55    29    92    52    88    27   178    68    60    22    92   113    32    90    64   174    85    98    14    28    58   155    86    37    67   119   165   125     6    38   103   134    34   129    69   151    59   177    41     3    85   116    58   123   139   106    66 
  117   166   126   137    42    26   123    75   123    99   171   140   118   159   142    50     7    27   147   128   139    43    11    12     8    77    13    48    32   139    98   111     6   165    15   136   146   114   135    68    64     5    52   123   163    54    45    84   147    98   134    44   121    22     1    25   162    17   178   165   131    25    13   106   133    31   131   153   156   152   154   110    78    88    59   152    60   143   145   138    59    95   121   138    10   114   136     7   111    61    19    96   139    38    74    54    50   135   123    58   143   127    15   135    76    43    25    72    73   162   108    89   116    77    93    88   111   156   165   168    24    33    12   125    62    77    33   158    63    44    27    58    67    32   118    98    67    67   147   152   150    42   142   173    51    15   122   153    96   154   159     1    62   179   106    87    14   130   163    12   109   115    77    90    18   145    89    93    78   170    87   135   150    40    15    20    31    75   128   162    20    48   135   129    90   170    42    22    65    21   102    89    73    70   155   125   154     2   156   174   164     3    47    90    58   133    67    14    40   176   162   146   178    82    64     1   110    87    41    29   144   114   177   143    37   174   153    65    54    18   135    12    78   129   164    85    73    74   158    43   101    55    69   152   121   172    44    65    70    87    98   149   137   118     9   179   112   162   159   117    84    11   160    84   130   169   139   128   129     3     1   141   136    25    95   106     7    43    81    28   130   123   166    84    25    39     3    66   110   160    10    89    40    62   109   119     7   140   142    65   127    92    80    34   134   147    18    34   178   179    30    25    83     1   178    82   139   174   147   159    92    36   173   134   161   165   106   153    17   139    10    44   164    55    53     8    95    41    34   116    45   170   123    93    88   153   171    56   163   134    71    74    36    25    13   156    81   170   159   151   160    40    78    70    96   133    81   109    52    69   170   172   112   180    73    42   166    35   111    80    99    25     6   135   106   169    76    92   170    56    66    81    38    68    28   176   165    36   143    45     3   137    71    87    59    72   100   145   141   157    89   149    91    19   116   100    23   131   142   174   155    47    20   125    15   124   164   164   122   148   146   107   153    23   169   109    17    59   121    26   135    73   143    53   100   134    69   119    96    62    85    93    92   108   145    60    38   171   168   130    31   174    50   131    76   118    93   133    64   107    98    27    69    99    62   145    31    61   133   161    74     9    82    54    77   159   156   113   133    86     3   109    20   160    21   130   124    81   128    74   177    87    89   143    59   116   153    82    41    17    10    34     7    14   153   151     2    70   122   114    33    90   173    17   105   118   130   111    47   133    88   136    88    39    40    32   146    56   137   139    42   123   135   116   135   117    10   105    55   158    24    54   138   147    40   164   130    91   150    45    48   127   102    10    24    38    78   148    21    68   113    44    39    75   107     4   143   119    87    48   169    19   177   168   174   174    99    62    89   101   143    46    70    61     7   120    61   122    91   137   154   143   156    81   161   123    42    55   145     8     3    24    37    62    81   159     9    19    59    10    62   108   100    85    61   155    75    64    94   104   107   128   160     9   144   101    85   111   142    67   166   113   161    59    57     2   168    49    37   136   117   139   165   162   116    75   109   144   178   118    73   161    70    41   173    23   172   118    44     2   179   135    11    41   114    18   118    21    39    50    94    26   154   166   103    68    48   156   153   180    89   128    51    73    74   177    20    36    14    74    33    54    92     7    34   142    85    18    80   175    93   168    36     4    64    96     6   128    75   142 
   16   150   150     1    54    86   149    86    94    31   163    48   120   158   146    60    48    42    77   178   135    52   111   130   135   148   122   169    48    74    32   110   170    67    81    37   136    12   154   162    44   129   150     4    97   129   173   164    65   151    83     9     5   137   107    91    88    79    91    16    55    63    95    52    71    49   145    77    31     8    73   179    70    13    57    40     5    19    29    13    45    47   151   162   169   111    70   146   135     9    58   152    86    44    53   149    28   109    41   120    20    35   143   180   164   116   135    54   177    91    64   133   107   123    40   128    44   133   140   113    32    44   144    54   169     1    37   166   116   132    67   134   144    61     1    46   137   169    26   170    41   153   168    93   170    73     1   137    33   158    90    68   106   164    98   175   143   107   138   137    23   115    75    32    31   174    57    23    86   177    88    53    96    61    28    89    46   139   121    17    91     2    18   132    70     7     6    58    28   160    99     9   158   134   111   118    30    64    84   121   167   137   178    77   143   142    96    13   110   123   113   124    50    91   155   109    91   112    65   158    18   160   131    66   115   128    32   145    97    89    47     2   162    61    74   121     1   111   107    77    38    66   109   121   111    82    10   113   133   147   114    98    70    38   146    39   160    30   103   122    18    37   172    73   157   106   104   134    27    94    60   173   125     9   161   151    34    72   133   165    10   180   160    57    95   128    41    21   168     9    90    37    73   152    44   151    62   113    48   132   178   130    11    85    11   118    71    22   101    32    18    47   112   132    19   103    24    34    98     6     3    48    72   118   102    58   150   133   134    39    78   139   150    58    90    10   172    78    54   132   115   114    63    40    84   160   146   148   116   134   124   148    56   112   108   105    99    38    28    43    32    90   139   132    61    86   167   158   137    63   120    92    12   149   134    35    41    91   174   121    99   140    98    31    71   158    60   119   133   108    16    53    48    39    69   100    63   101    48   171    53   113    19    39    25   125   142    81    66    48   122   144   172   175   148    36    88    92    32    40   108   171    88   117   130    72    55    81    38   109   127   125    42   160    13    69    66    45    94    55    38   173    86    35    58   107   148    13   175    25   121   167   115   163   144   124   155   133   133   107    53   122   177   104   111    44   132   114    56   145    43   164    71   124    71    10    69   131    72   165   168    19    87   145   144     8    67   141   136   164    18   115    22   123    87   131     7    78    77   134   127    88   109   176    58    89   148    87    43    51    36    58   109    18    34   142    67    20    48   177   157   177    58    91    84   109   156   119   152    65   180    93   160   177   117   108   116    96    85    77    55    50    65   170   106   121   130   155   149   143    87   108    84    74    56   145   112    93    35    79    84    53    16    40   162    23   150   104    61   128    26   154    83   160   168    16    45   177   139   157   106    76    13   105   125    49    35   172   138    13   145   137   108   168   131    76   129     6    27    29    79    48    75    86   104   172   147   154   110    80    23    96   129    71    73    81    72    41   105   157     4    85   132    75   132   129   120    14     8   115    40    15    26     6   162    91   137    28   160    87    28    11    49    16   151   117    63    36    54   167   169     7   163   133     9    81    69   143   160   117    72    46    50   173   131   106   118   174    85   137    26    12    46    89    29   117   135   127    97     9    24    53    99   144   161   105   103   174    27    55   141    46    71   153    70    93   137    77   162   108    30    80    41    80   125   117   160   114   162     1    65     1     2    73   166    70   103     8    42   122 
  147     3    23   151   148    75   170    21   166   123    58    92    36   105   145    75   110    82   100    95   167    32    89    14    27    44   101    17   152    18   108    12    92   178    64   180   162    43    36   159    91    33    35   167   111   143   130   109    43   147    21    69   115    51     6    77   163    39    22    33   168    50     9   102    45   134   122     3   154    11    41    91   119    18   106   137   107   161    62    86   171   169   166    87   128    68    87    84    76     3   153   138   121   176     4   104   171    73   100    39   141    33   109   165    41   102   146    31   146   109   115    95   153   148    87   119   104    15    85    23    94    49    82   151    37    43    40   167   129   154   152    17    98   169    55    51    28   108   167   171    69   175    75   145    75    52   146   147    54    20    24   113   180    92    55    76   172    16    87   119    53     9   164    80   106    22    64   144   162     4    62   128    48   155    95   159   125   110    51   105    34   167   176   148    90   121    44   109    42   124   107     9     7   142   129   109   125   174   139    79    92   177   130    85   124    48    60     8   112    99    77   103    81   155    79    62    75   145    84    40    22    98    83    12    74    47     5    32   142    21    58    55    50    30    28    31   105    15   159   121   151     2    58    41    88    84    61   101   147   160   103    93   176   131   114   170    71     5    54   103    62   175   167    95   148    18    13   169   164   180    92   115   157    62    89    69   115   172   133    77    80   121    16   167   169   115    10    35   112   131    70    48    32    26   162   132    60   119    82   114   145    67    89   106    80    26   173    25   178    11    47   112    96    28    72   136   164    99   126    93    49    61    82   173   119   127   151    96   170    24    47    57    91   149     8    89   105    47    89   145    68    21   143   167   125    92   115   100   154   168   127   130    95    64   122   127    26   133    37    66     6    49    59   121    56    11    90    84    50   119   133    36   104    11    62     4   155    95    82    30    93   171   117    12    68   110    34     2   165   113   159    11   109    10    43   129    75    49    85   148   128   137   150   154   158   148   172    75    63   140    92    79     3    63   146    45   135    14   167   132   117   164    77    24   162   122   166   124   161    75    73    57    87   163     7   142    14    57   163     7   107    89    50   172     4    19   113     1    60    31    65    87    30    94   168    43   170    78    14   122   174    42   128   176   174   177    54   153   179    91    34    21     3   108   152    95    65    11   154   163    72   112    22   132   110   180   170   109   161    44   105    15     6   113    76   160    49   135    70   128    70    29   168    85    81    78    59    49   168   131    14    20    95   138    59   102   175    12   164    83   129   152    12   153   163    62   166    16    56    88    96    96    55    83   147    95    54   123    99   157    44   118   103    27   144    97    91     2   141    31   144   128   152   153    66    17    36    39   123    79    48    22   156   116    70   150    47   105    22    97    88    59    47    27    13    95   111   106   118   159    70    44    40    53   144   174    80    75   162    25    19    35    82    88   124   138   162    62    22   173   120    14    61   135   111    60   109    58   101    92    77   106    21   173   149    61   161    96    98    79   122   166    44   136    13    12    72   167   126    44   178   163    51    69   161    95    81   113   113    97   137   167   131    50    58    40   162   113    37    80   134    31    92    16   108   127    93   117   166    54    60   106   166     5    25   106   124   146    57    80   165    69    54   134    30    67   166    70    19    42    53   128    46    35    12    30   101    66   152    17    16    88   134    57    17   125    98    24    40    11    90   155   119    30   142    93   109    28   106    59    78   109   143   100    40    49   106    92    82   126 
  176   157   161   123   145    73   112     1    45   116     4   173   140    15   121   152    10   144     2   148   102   115   109   179   116    50    55   160    94    54   153    66    79    52   107   102   171    95    90   147    15   155    35   100    36    96    18   138   154   105    88   100   162   140    99    49    92    26    10    96    77   126   107    64   129    12    82    25    17   176   118   135    34    82   122    54    98   123    41    28   144    34    34    76   129    45   153   157    35    45    91   172    95   168   150    59   142    74    29     1    20   138     4   174   162    66    85   133   156   118   141   144    97    48    60   143    85   113   147   145   148   130    66    96    10   172   177    26   172    20    84    87    71    93   102   164   167     3   155    26   108    77     2   180   146   160    19    64     7   105    29    26    96    68    64    18   160   132   163    30   129     6    89    58    87    51    60    48   101    66    32    72    76    10    80    26    71    62    50   174   107   133    25   150     6     2    14   177    38    36    28    38    98    36    23    59     8   119   164    43    16    36   100    79   149   110   171    68    24    77    65    75   143   111    97    14    20     5   179    95   156    43    12    57    59   175    77   102   145   179   108   160    71   144     8    38   127   120   101   131   174    39    29    59    98   166    84   137   115   163    68    89    57   179    49    87    63   130    73   148    96     5    69   120    52    17    22   128    62   112    67    65    80    62    29    22    14     1   159    91    65   169    68    75    53   174   164   167    53   115    42   126   150   101   116   137   151   163    79   122    52    83    11   174     2   162     6     3    98   120   167   116   173   113   175    29    82    12   137   140    62    15    69    72    58    76   109    23   150   100   100    10   165    94   100   149    29     2   162     2    32    68   105    89   123   115   113     5     7   131     7    40    21   172   109    98   167   171    54   123    95   133     4    61   179    75    38   151    14    76    25    32   121   177    28   173   133    26    36   124    81    65   178    11     1    92    94    63    51    63    46    35    71    13   102    74   173   114    71    63    95    35    54   164    45   174    86    94    98   122   135    29    69   116   140    19    10   134    29    64   168    30   101   171   149    29   111   149   115     6   105    22    88   130   118     3    61    92   108    28   175   116   146   160     4    21    46    59    27     7    66    25    30   169    91   142   100    81    55   121   177   127    51   162   158    18    54    37    38    43   164   119   119   136    14     2    34    57    53    75     8   101   110   161    45    93   172    19   128    84    40     2    54    39    46    35    79   159    59    25    81   110   160   124    55   147   109    13    29    91    20    41    90   113    51   157   170   130    69   135   101   124   115    19   146   123   145   170    41    88   157    42   170    52   158   127     5    35     8   117    32    78   112   141   138   110    14   103    47   125   114    30    50    95    66   160    88   128    49   132   165   103    70   105    76    54    97    27    93   118    86   179     6   109   113     6   164    95    17    20   153   100   161   133    43    10    17    32    69    73    74   152   104    37    38   132     3   135    98    57    24     5   151    79   174   179   142    70   130   118   180   142    96   130   103   138    11    78    67   105   119   135    68    59   107   152     6   169   127   164     9    73    37     9   142   134    20    79    13   153   124     1   134    94    99   115   129   102    54    60     8     5   160    41   157    18    46    88    87   143   168   171    85    95   122   145   168    28   131    28   121    10   105    41    42   139    81    96   164   102    82    84    32   101   155     2    50   167    23   173    36   109     7   146   156   135   113   177    95    96    15    18   149   155   115    86   126    53   143   114    38   146   123   104   149    79    92   142   141    46 
  158    56   123    53    38   107    83    68   177   132   155    27   149   167    23    39   129    26    66    44    32   104    40   112    22   166    31    83    12    54   147     9    95   162   174     3   179   163    72   164     8    54    17   112   133    58   175   133    31    97   118    77     4   109   139    79   111   135    70    13    66    34    44   113   174    45     1   109    68    87   102   156    61   156   127    36    83   116    45    21   151   159   127   175    56   132    29   180   167    56   142    75    37   148   102   118    34    58   144   161   109   176   106    46   140     9    96   147   133   129    89    21    61    40   114    86   173   131    54   123    24   153    37    11    17   111   154   158   144    40    11    52    59   151    53   144   142   119    49   127    81   174    60    75    86   151   125    36   106   106    75   110   109   144    89    35    56   151   164    36    28    90    27   102    55     9   177    85   140   109   159   141   157   148    23    83   152   136    79    99    91    18    12    72    12   155   136    77    93    48    34   134    57    63   175   119    41   143    28   110   117     8    61    76    48    12    49   140   171    28   102    34   101    45    70    99   178    19   111   162    62    70    50    46    65   148   131    77    53   130   119    26   115    60   111    90   169    79   160    73   128   113   178    66   169    87    93    23   143    53   142    33    53    26    75   118    89    52   144    33    96   163    86   164     4   114   172    28   145   148   161   115     8    73    38    77   144   116   151   145    23     2    59    15    87    82    90    34    71   119    11    35    71   165   111   147    72    36   121    50    11    32    57   101    86   152   132    52    92     3   156   107   125    47   140   104   143    45   176   119    76   126    38     8   130    11    71    88   176    32   106    12    42    25   128    59    89    99   117   180   154    28    19    98   174    35    76    79    11    71   105     5    41    54    29    89   102   142    31    99    42   154    82    41   135   102   179    86    74    47   156    45   169    12    42    61    63    32   108   145   123   178   124    38    21     6    86    43    53   172   129    26   100   128    79    81   113   107    20    55   106    52    87   145   104    93   162    51   146   101    59    12    97    36    36   119   156   100   163    65     9    55    93    24   113     3    75   170    82   158   115    31    84   106   113   163    75    52    85    20   160   109    17   166   163   127    65   103    29   103    29    56   127   112    10   123    19   134    16   125    22    40    99   130   154    48    81     1    28    25   129    47    40   159    41   169    84    10   168    93    41   157   176   115    98    10    41    49    33    25    84   177    88   162    89    38   148   165   119   169   175    94    17    51   158   112   175    31    93    60   178    52   144   125     9   133   103   180   145    29    94   173    37   154   125    92   123    48   128    61   144    97    28     5   160    29    44   125   174   104   166   130   103   133    43    47    78    15     9    40    76    67   112   134   164    61    53    15    12    85    46    33   122   149    76    94   100   158   150    55     4    60    50    59    22   158    82   177    52    50    26   153     5   174   132    49   172    36    44   120    45    22   155    65    63   130    11     8   152    84    76   172   111    64   160    13    20   146   149    43   180    53    44   173    41   159     1    26    96   100    65   109   148    59   148   102    93    54    67    87   133   109    84   154    32    36   137    91    43    59   111   135   117    32    71   123   152    42   145   150    50    78    57   106    56     5    87   127    68   116   176    86    76    48    74   154   118    77   136   178    18   109    51   104    42    21     5   161    56   167   116   176   126    67   150    88    68    21   160   100   100   128    94   109   180   151   109    64   165   117    13    69    48   160    34   154    63   100    85    83   124   171   109   167   100   180    73    28   136    66 
   45    58    72   159   113    83    60   174   108   116    96    87   113    55     2   176    21     7    11   164    70    96   130    47   118   163    77    26    45    94   163   158   101    42    47    25    28   134   120    92   132   108    10    98   144   169    97    53    34    15    67    92   147   176   155    91    24   111    54   178   155   173   103    81    78   119    26    33   113   112   119   140    15   160   129    96    34    20   120   128   160    90   163    80   108   154    26    86    15     6    49    86   110   137   125    19    82    90   118    17     1   108    73   105   142    16   155    90    23    55    35    22    53    60    27    28    86    37    64     2    70    36    21   122   178    87   177   140   137    10   165    54    23     5   161    94    32     1   119    74    51    47   130   178    75    97   176   179   130   138   112    88   115    49    53   173   159    83   114    37     1    34   176   157    33   132   141   141    91   107   156   147    12   172   169   161    42    42    65    67    46   165    63   133    93   150    68   109   103   165    31    62   168   137   130   149    45    38    98    77    24   175   177    34    78     9    32    87    59   109    13   129   145   174     5     5    93    50    58   153    15   152    99    10   121   146    23   136    16    97    65    25    58   167   175    13   174    98    22    40    79    48   131    60    47    68    93   106    53    35    50   158    52    73    99    97   173   126   165   136    96   161   148    80   129    74    88   103    23   134    80   166   180    48   149    93     2    27   163    16     2    83   134   166    47    47    41   174   136   110   146   152   124    72   175    86    83   157    87    50   130   161   156   158    54   107    41    33    20     4    81    85    64    11    86   176    98   121   101   148   157    89     4    43   106   145     2   140    70   169    68    30   103    98   134    50   119   133    45   118   150   139   167   154   127   178   139   106   103    25    51    13    58    50   102   113    95   141    54     5   171   117   173    89    24    84   140    97    32    75    26    67    98   168   124    10   134   152     2    92   104    97   115    72   123    26   149     2   103   156    75    33    26   165    71    14   151   106   177   133    56    10    19   149   146    98    77     4   175    39   123   178    61    12    75   119    66    57   165    29     5   178   138    48    24   147   164    56   165    97    71    31   165   175   136    99    40   169   112    65    43   138    47   136   166   101    88   116    53   118   129   162   129   148   151   168   162    51    96   144    59    90    10     6    71   133    50   119    16    26   128   167    59    11   124    46   121   146    89    60   107   110   172    42    71   122    61    64   156   149   147   162    84    52     9    62    17   129    22   110   140    63    72    75   128    91    41    39   104    11    88    99   157    14   111    96    44    26    61    92    67    77    19    58   139   151   141   114   153     4    26     3   170   140   169    88   130    67    16   169    64    94   145   155   173   103   158    52    27   142   136    40    45   126   167   101     7    62   107    80    21    45   153   174    41    18    37    56    30    35    84   141   117   102   119    96   127    55     8    73   104    26    75   139    67    14    91     7   108    70    91    65     6    65    68   108    72     8    83    23    32   104    19   178   172    83   165    42    85    95     1   119    16    94    64    58    15    62   141    86    94    84    51   147    32    45    35   134    95   148   171   153   131    28    38   166   170    55   160    32   140   106   121   104     5    97   126   132    75    41   138     3    38   135    76   168    19   114    69    41    68    96   124    30   150    40   174     1   157    58   159   145   119    55   136    88    33    91    27   129    34   136    10    72   148   107    82   125   141    44    47    47   138    35   177   153    98    38    52    61   163   148    17    21   123   136   116    21   175   118    30   159    98    98    19   114   168    54    85   131 
  140    70   133     8   149    18   147    12   162   158    43    67    37   126   125   133     6   123   177    16   180     1    26    38    47    35    84    45    19    86    75    41   109   164   135   111   128    52   105    72     1   108    82    84   144   116    24    39    87    70   128   106   140    86   117    59   133   100   127   117    46    69    49   150   160    51    74   109    62    54    21   141   169    53    93    76   151   135    43    52    98    51    76    79    67     1    76   145   157   155     5   111    17   167    95   105    31    37   158    45   141   149   138    49    92   141    78    78    97    13   173   150   147   131     5    56    65    21    68    46    83    97   166    64   102    33    68    49   136    43   142    73   108    13    59    95     5    68    19    31   129    54    71   172    62   173   102   126    77   180   113    48    43    29   154    51   142    64    44    57   146   168   151   110    20    90   159    34    59    41     6    76   118   121    53   108   109    80   114   144    44     8    60   137     2   162    19   180    59   120   104   116    52    96   165    99    13    78   138   171   132   145   112    66    22    23   180    39   103   146    57    66     9    66    74    84   178    58    68    55    65   159    76   132   147   125    22    55   122   104   121    64    52    51   115    39   118   118     5   157    33   122    61    30    82    49   176   165   110   138    15    40   125   131   120   114   119    10   102    39   142    63    55   178    25   101     9    84    38    96    35   159   137    29   131    80    17    22   119   169    33     4   113   112    39    62   164   104   117    23   120    78   159    13   118    92    43    56     7    99   116    60    83   164   165   141    20    12    24    64    50    29    22    38    39    35   138   132    13   145   156    79    37   129    20    15     9   178   131   147   156    55   147   140    50   142    65   155   180    13    74   164    26   119   128   157    79    61   131   139   106   110    50   179   174    10   121   143   167   140    70   157    24    62   167    18   171   174   121   141    84    55   142   114    43    49    17    78    63   109    62    66     1   143   141    58   129    36    40   115   125   110   118   105    68   145    35    55    14   160   180    60    93     4   147    34   160    40   137   159    40    57    43   148   156   112   176    28   126    93   152    75    34    70   176   151   147    23   164    78   112   114   157   116   177    64   162   117   102   169   136   149   155   157    37    58    33    76    72   154   168   134   141    56   162    98   166   118   160     6   153    40     4    33   115   126   124    91    46   111    50    91   136     1    55    64   120    40   179    49   131    31    72   162   121     1    12   164   150    73    11    34   165   168    67     9   106    41    82     6    38   165    60   158   149    87   156   175   116   115    21   150    88   160    95   157    17    72    69    18    69    50   145   128     3    40    17    43    72   122   128   118   175    21    93    82   152    56   173   160   119   116     7   126    83   170   150   158   125    69   104    62   138    20    69   174    57   145   158    28    11    23   129   171   142    65    42   140    16   166   130    42   174    98   177    41   154   143   141   100   130    40   162    31   180   172    91    19    58   112     2    21   144    18    10    68   109    75     2    74   148   137    32   114   156     9   134   164   136    54    78   179   103    52   151    31   174    99    74    94   162    16   122    18    62    15    79    74     8    30    50    24   171    10    34    56    17   143   176    35   150   159    24    63   162   116   166   169   133   101    93   108   178   148    30    23   171    77    65   104     7    58   158    90    54    31   117    56   136    35   128    89    82    62   127   150   150    51    26   118    59    97    37   128    18    93    32    42    89    18    23   106   168    93   128    19    38    59    43   133   141   160    37    62   169     5    67    22   113   139    64    51    22   172   117   132     3    18   141   142 
  120   136   100    65    50   134   158    85    77   118   152    95   129   154   117   122   136   166   146   132    31   166   121     4     9    21   113   177     1   119    62   112    30    23    84    23    49    69    79   129    83     7   134   144    73   118   147    60    27    33    63   148    21    83    86    13   142    78    63    14    22    59    76    58    52    74    85    46   173    30   126   103    69    13   127   157    72   166    12    69    30    41    58   133     1   154    34   125    25   121   136   136    27   139   166    68   167   104   140    17     6   121    81   162    82    89    43    86    47    63   131    48   100   172    63    58   135    34   140    82   144    56   101   168    94   105     9   164    51    39   139    42    66   127   170    36   110    78   125    45   169   155   114   111    80     5    23    40   168    76    33   143    16   170    49   130   131   162    61   119    24     7   114   104   136    59   125   172     7    50    42   137    93    10    74   113   104     5    16    65    91   171   145    62    24    38   122    74    16    86   139    12    22   102   150   130   117     1    21    49   123    99    31   167    42     9    72   118    79    18   175   174   137   171     6    52   111   119   139   162    30    93    16    16   154    49   136   161    30   111    59   148   123    24    48   151     1    62     5   142    51    68    21    78    34    28    34   133    63    44    47    59    18   173   120    20   116    41    27    34   136    38    30   121   166    88    67   170    59   172   135    33     7   174    76    14   155    97     4   110    63    53    61   171   122   168   110   107   115    24   113    50   159    98   120   171    53    79     9   176   145   129    62    43   127   138   106   135    52    67   121   140    62    56   140    33    58    80   156    57    39   177   115   158     7     4    13   148    91    26    88    21    97     8   103    52   137    73   166   149    88   137   103    92     7    87   147    31    15   175   112   101    68    70    57    64   137   144    62   179    61   135    40    83   105    50    78   109     9    59   113    50     6   170   136   163   108    33    17    68    71   141   131     1    58    10    36   178   159    59   173    18   150    31   178     9   135    38     4    76   118    69    80     8    15   111   123    55   176    34   119   165   143   112   108   166    34   135   120    13    15   111   127    65    13   166    58    91    69    60    85   162    59    94    38   162   136    51    19     5   158    69   127   158   152   147    31    57    13   158    94    27   106    25   138     7    63   133    93    76    95   135    29   103    87   141   119   129    81    17    35    89     6   140    63   126    14     4    25   140    37    82   160    32   105    58   138    94    96   113   165   134    21    61    73   123   114   137    46    52   156    46    90   171    49   149    88    90    17    67   146    18   163     8    91    53   175    73   178    13   121    78    57   135    79    51   153    35   165    26   164   115   102    84   176   171   125     6   120   152   120   153     4    61   162   128   139   168   119    23    12    44    93    12   176   178    34   130   139   104    42   141    43    76    87    77   130   165   143   123    10     8    39    77   155    32    99   132    94   139    77   139     7   179    64   161     4   154    99   134   117    56    41    80    50    27    86   125   123   151   100    88    73   124   175   165    77    81   173    96   137     5   179   115   126    56     9    49    14   147   147   135   179    12   141    53   146    11   103   126    21   141   109    39    85   151   118   111   175    36    68    14   129   155   179     2    32    55    33    78   132   164    24   133    94    32    79   117    36    62    50   158    33    22    37   101   107    47     4   145   137    40   116    33    34    50   122    52    22    33   126   143   116     9   123   168    67    51   118    43   109   106    98   102    86   134    33   164    15     7   172   142   156   119    25    57    96    37    13    62   155   151   171    58    24   109    38   139    93    76 
   84   131    80    98    10    53    23   163    80   153    33    47   145   115   104    63   162   121    35   100    98   122    59    60   155    37   137    15   166   156   148    15   178    19   109   106    47   100   120   103   107    93    24    86    19    34    79    21   110   108   130     9     7   164    37    56   134    42    81   100   124   106   125   109    42   150    60    25    14    76    50    16   174     9   126   178    37   108    24    38   170   154   139    89    86   141    28    92    21   106   165    28     7   111    71   107   115    64   166   166    69   120    13   147    56    30    78    46    58    46   150    66   179   166     2    47    12   176    25    92   117    86    46   108    14    14   148   159   165   125   179   154    95    25    91    88    51   137    32   154    29   179    97    30   117     4   141    52    61    99    51   158   155    89    27   180    29   129    81   161   124   170    62   174   159    50   165    88    41   132   109   108   170   167   166   145   108    61    95   167    70    46   127    62    19    18   173   103    64   115   160   119    20   103    70    52   122    66   121   145    84    15   109   161    45    35    20    56   122    23    21    67   155   118   140    28    17    55   154   128   165   164    83    38     8   157   124    63    30    96     2    68    43   180    36   167    85     3    82    11    33    92   166   121   136    80   147   113    42   139    71    47   127   107     4   114   126   162    18    41    18   119    69    99    69   108   144   147   157    62    42    25    98    23   115   144    26     3    44   175   129   131   134   138   166   148    48     7    24    49   120   107   154   132     3   151    54    63    90    85   154    51   141    43    52    98    32    42   157   101    47   140    83    80    26    51   132    17    18   111   143   142    25   113    39    42    70    27    82    84   116    93   122   170   151    70    70    57    75   126    19    64   164   140    81    29   155    43   107    16   139     8    39   110    16    29   151    62    94    86    30    40   114    26   177   150   102   158   108    71    43   179   128   148    61    42    72    87    90    76   165    16   140    86    50   171   179    63   133   149   180    15   179    28    23    62    78    81   138     3   180   152    26   121   179   120    63    39   167   180    72   168    91    18    64   172    93   109   107   164   169    63    50    92    99   123    37   141    30   124    84    68    89    71   157   125    43    29   141   180    42    73     1    29     8    34   151    30     9    60   117    95    57   172   108    79   134   159    59   178    23    30   153   118   148   116    87   154    42    58    64   122    50   163   132   173    84    45   145    77    60   140    47    16   165    41    59    29    99   160   139   129    19    96    73    36   143    94   103    79   161    46   160    42   138    49    48    71    39    37     4    94   157    24   120   113    56    56    80   113    14    99    86   110   125   179   144    24    78    64    71   141   126    99    65   141   117   154    78   150   154   124    34    87    25   122   124    74    86    69    12    27   108   108    20    79    18   149    23    51    87   141   129    21   114   155    40   174    25    86    58   128    51   121    15    96   152    29   159    33   163   138    67    26   128   111    78   109    79    90   136   163   174   179    24    29   121    60   153   177   175    10    22   160     8   178   102   137    60    19    51    84    46    65     9    38     2    89    57   119    97    95    34    25    39   173   119     4   171    58   162   151     3    19   146    12     5    79   140   126    44     5   171   104   113   159   115   167   178    90    80    78     7    89    11   152   172   102   134   179    32   167    29   123   174    46   168    44    70    86   154   129    13    47   133   120    19    48   169   165    77   158   127   146    92    15    74    97    18    52    57    44    39    10    13    40   170   120   150   130   144    39   101    20    73   121   173    17   114    63    29   146    62   167    16   145    93    58    93    30 
 0.00  0.38  0.33  0.39  0.27  0.30 
 0.38  0.00  0.29  0.30  0.29  0.25 
 0.33  0.29  0.00  0.35  0.27  0.30 
 0.39  0.30  0.35  0.00  0.33  0.23 
 0.27  0.29  0.27  0.33  0.00  0.39 
 0.30  0.25  0.30  0.23  0.39  0.00 
