120 12
4
     34792
     32260
     31883
     32155
  3.0  37.5  76.6   1.7
  1.4  34.1  24.2   1.8
  2.0  16.2  16.0   2.4
  3.4  19.3  89.8   2.5
  1.8  23.0  94.2   2.5
  4.5  28.0  39.5   2.0
  2.0  25.3  29.7   2.0
  4.3  38.9  76.5   2.3
  2.7  44.7   5.1   1.6
  3.3  21.3  69.1   1.6
  4.9  42.9  65.7   1.8
  3.4  22.0  39.3   2.5
  4.0  12.1  28.6   1.8
  4.2  49.9  19.8   1.8
  2.1  26.7  85.0   1.7
  2.4  43.4  33.3   1.7
  3.4  46.3  73.0   2.0
  3.2  38.9  57.2   2.1
  3.9  17.2  12.4   1.7
  3.0  35.7  56.3   2.3
  3.2  42.6  44.0   1.8
  4.2  34.7  56.9   1.8
  3.1  18.7  38.8   1.8
  3.0  18.7  48.4   2.0
  1.9  29.2  47.1   1.7
  2.2  21.4  59.0   1.5
  2.5  11.5  80.0   1.7
  4.0  32.4  10.9   2.3
  2.2  45.3  60.4   2.0
  4.2  34.5  59.5   2.2
  1.9  18.9  34.9   2.2
  1.9  33.8  85.4   2.2
  1.9  31.6  37.5   1.6
  5.0  29.3  11.4   1.8
  4.5  37.3  77.4   2.1
  4.2  21.0  90.0   1.7
  3.0  43.8  79.8   1.9
  4.2  34.9  30.6   1.6
  1.2  25.5  60.2   1.7
  3.9  39.7  11.9   1.8
  4.4  30.9  81.1   1.8
  4.7  36.9  59.2   2.0
  2.4  26.9  47.5   2.4
  1.7  30.3  37.5   1.8
  3.7  28.4  88.0   1.9
  1.9  27.0  83.5   2.4
  4.5  11.8  46.2   2.0
  3.8  10.2  14.2   1.7
  1.2  14.6  60.5   1.8
  3.4  20.7  51.8   2.0
  1.5  20.3  74.2   1.9
  4.1  24.1  55.7   1.9
  4.3  27.0  51.2   1.9
  2.3  21.6  52.5   2.1
  3.8  39.2   7.1   1.9
  4.0  21.9  23.0   2.1
  3.6  38.0  60.3   2.1
  4.5  17.6  43.9   2.1
  4.7  12.1  80.0   1.8
  3.1  42.2  36.9   2.4
  2.4  49.7  18.4   2.3
  4.1  23.4  93.7   1.9
  2.8  12.0  16.4   2.3
  4.6  26.0  55.3   2.3
  4.2  13.0  83.5   2.2
  1.4  18.4  30.0   2.4
  2.7  18.1  14.7   1.6
  5.0  29.2  19.9   1.6
  3.9  23.3  41.7   1.9
  2.4  37.3  88.6   2.1
  2.4  33.7  64.0   2.2
  2.7  39.8  80.0   2.4
  3.2  26.5  76.3   1.8
  4.0  40.2  12.6   2.5
  2.8  41.0  74.6   2.4
  2.7  40.1  84.7   2.3
  1.4  30.8  51.6   2.2
  4.1  12.6  68.4   2.4
  3.8  37.7  20.4   2.3
  2.6  27.8  58.6   2.0
  3.3  22.6  14.0   1.5
  4.9  11.8  51.0   1.7
  4.3  45.4  78.0   2.2
  1.4  33.7  33.4   2.2
  4.6  26.7  79.9   2.3
  1.6  19.0  28.1   2.0
  2.1  48.5  79.4   2.3
  1.5  49.1  83.1   1.7
  4.8  42.3  46.5   2.1
  4.5  28.4  22.5   1.9
  4.7  43.3   8.9   2.4
  1.7  46.1  46.2   1.5
  2.9  35.3  22.7   2.4
  3.8  30.1  48.8   2.3
  4.0  23.9  25.7   2.2
  3.5  49.4  90.0   1.7
  3.1  31.7  31.4   1.8
  4.0  46.3  33.1   2.4
  2.0  16.1  49.5   1.6
  4.3  24.2  55.4   1.6
  4.1  22.8   6.3   2.5
  4.4  45.7  82.7   2.1
  2.5  46.4  32.5   2.1
  4.5  39.9  30.1   2.0
  3.9  39.5  76.5   2.2
  3.5  34.5  32.5   2.0
  2.1  15.4  24.4   2.4
  1.6  48.5  49.1   2.0
  4.2  41.0  74.5   2.1
  4.4  18.0  19.4   1.8
  3.1  40.8  14.9   2.1
  4.1  47.4  67.9   1.8
  3.6  24.9  25.5   1.7
  1.8  13.4  28.2   1.6
  4.7  35.0  60.9   1.5
  2.3  42.8  15.2   2.4
  1.2  14.2  59.3   1.7
  1.9  39.0  84.6   2.0
  2.2  17.1  65.3   2.2
  2.0  24.0  31.7   1.9
  3.2  17.8  68.3   2.0
  2.7  48.6  87.5   2.4
  2.4  21.6  85.9   1.8
  2.2  12.7  73.9   2.1
  3.1  26.2  91.2   2.1
  1.7  13.2  90.7   1.6
  2.0  21.0  15.8   2.2
  1.5  27.6  65.4   1.8
  4.0  33.6  72.0   2.0
  2.7  32.7   8.7   2.5
  2.4  16.2  68.9   1.6
  1.9  32.7  94.6   2.1
  2.3  49.7  94.0   2.4
  2.3  19.6  75.9   2.2
  2.0  25.8  76.8   1.6
  1.5  34.3  50.8   2.3
  1.9  23.7  75.9   2.4
  2.4  46.1  12.5   1.6
  3.4  43.8  93.3   2.3
  4.6  15.8  83.9   2.2
  3.6  36.9  45.6   1.6
  4.4  32.5  65.5   2.1
  3.4  36.7  53.9   1.7
  4.1  25.7  86.6   1.5
  2.3  20.9  34.7   2.3
  3.6  22.9  37.6   1.8
  2.3  23.6  40.2   1.9
  4.8  13.9  66.4   1.8
  1.8  39.7  35.0   2.5
  4.3  28.5  40.2   2.0
  4.0  11.1  87.8   2.1
  3.9  24.3  21.7   1.7
  2.3  48.1  38.6   1.7
  3.0  20.8  29.0   1.5
  2.6  32.7  56.1   2.0
  2.2  12.9   7.3   1.5
  3.0  17.8  71.7   2.3
  2.4  13.0  83.8   2.3
  4.0  39.2  75.9   1.7
  4.5  16.6  94.2   2.4
  4.0  29.5  69.8   2.3
  2.1  10.9  35.3   1.9
  3.6  13.2  83.1   2.1
  4.2  10.3  36.0   2.0
  2.8  36.5  35.1   2.0
  3.7  42.2  72.7   2.5
  3.7  24.5  88.0   2.3
  1.8  26.0   9.1   2.3
  4.7  49.6  37.9   1.9
  3.3  30.7  67.2   1.6
  1.3  49.1  25.2   2.2
  1.4  32.4  86.9   2.3
  3.8  18.8  73.2   2.1
  2.1  18.1  16.0   2.1
  3.6  43.8  36.3   2.5
  3.1  35.6  90.5   1.6
  2.1  26.6  57.4   2.4
  3.3  27.8  58.9   1.8
  2.6  32.2  36.6   1.9
  4.8  18.8  53.7   2.2
  3.3  46.6  16.2   1.7
  2.1  37.4  26.0   1.6
  1.6  21.1  21.8   2.1
  2.3  20.1  26.8   2.1
  3.9  15.1  14.2   2.4
  1.1  16.0  56.7   2.4
  5.0  35.2  83.2   2.4
  4.2  48.1  46.3   1.9
  4.0  44.3  88.5   2.3
  1.2  16.0  17.5   2.4
  3.3  23.4  58.3   1.5
  4.6  47.4  62.4   2.3
  2.6  27.8  36.2   2.1
  3.8  34.6  60.6   2.1
  2.0  15.8  65.2   2.0
  3.1  13.2  89.0   1.8
  3.5  13.8  77.1   1.7
  1.2  39.4  76.6   1.8
  1.6  31.5  71.9   1.9
  1.0  11.8  10.1   2.1
  1.1  41.4  53.7   2.4
  2.5  20.0   8.1   1.7
  3.5  49.9  81.5   1.8
  1.3  14.7  59.1   2.0
  3.1  14.3  69.9   1.6
  4.5  14.1  41.9   1.8
  2.5  13.1  87.0   1.7
  5.0  48.5  56.1   2.4
  1.8  31.2  60.4   2.0
  4.1  40.7  56.5   2.2
  1.2  21.6  34.5   2.0
  3.7  25.8  62.4   1.9
  3.2  42.0  72.2   2.5
  4.4  12.6  57.3   2.0
  5.0  10.3  93.3   1.9
  2.6  17.6   5.3   1.9
  1.2  16.5  46.3   1.7
  4.5  12.4  29.9   1.7
  3.7  24.4  88.6   1.6
  4.1  48.1  40.2   2.1
  3.0  16.0  34.6   1.6
  2.9  17.9  14.1   2.0
  1.9  39.2  80.7   2.0
  2.0  22.9  26.6   2.5
  3.5  28.6   6.6   2.2
  4.6  33.7  70.5   2.1
  2.6  37.5  41.9   2.2
  4.5  49.7  50.3   2.3
  1.5  15.9  20.3   2.2
  2.3  22.3  93.7   1.8
  2.0  31.6  20.6   1.9
  3.9  26.9  69.1   1.6
  2.4  26.6  25.0   1.9
  4.5  37.9  20.3   1.5
  2.0  23.3  76.8   2.0
  4.9  37.2  70.9   1.7
  4.4  30.2  86.4   2.3
  2.2  24.2  61.7   2.0
  2.6  40.9   8.3   1.9
  3.9  49.5  46.7   2.0
  2.3  28.3  15.2   2.5
  2.8  47.7  73.2   2.1
  1.6  15.0  19.5   2.1
  3.0  10.8  94.1   2.1
  4.8  18.8  67.2   1.9
  4.8  27.9  47.3   2.2
  2.5  18.0  22.6   1.6
  2.9  36.3  80.1   1.8
  4.3  46.4  91.1   1.8
  1.3  33.3  87.9   2.5
  2.5  29.7  42.7   1.7
  2.9  38.1  74.8   1.5
  3.3  25.5  49.4   2.4
  2.6  14.5  14.7   2.0
  1.9  20.9  18.1   1.9
  3.1  30.5  71.6   2.4
  4.0  11.3  76.2   1.6
  4.5  39.9  61.8   2.0
  2.7  15.5  54.3   2.4
  2.5  37.9  19.4   2.4
  4.7  31.7  13.3   1.6
  2.6  23.0  60.8   1.9
  2.8  24.4  83.9   1.6
  4.7  15.9  71.4   2.1
  3.0  39.9  37.9   1.6
  2.3  16.8  24.5   2.1
  2.4  23.3   6.7   2.0
  3.2  10.9  60.4   1.8
  1.7  48.0  16.9   1.6
  3.3  43.1  31.4   1.7
  1.8  14.1  44.3   2.5
  3.4  24.4  77.8   2.3
  2.2  27.2  93.4   2.4
  1.5  33.2  78.5   2.5
  2.5  34.1  31.3   2.5
  1.4  12.2  32.1   2.0
  4.9  22.3  68.9   1.5
  3.8  10.9  29.3   2.1
  4.3  24.5  23.4   2.2
  1.5  35.4  49.7   2.3
  1.9  18.8  79.1   2.2
  4.9  23.9  14.3   2.1
  1.4  15.0  32.2   2.5
  3.5  44.7  52.0   1.8
  4.3  28.5  87.5   2.3
  1.5  34.5  63.1   2.2
  2.5  42.1  29.3   1.5
  1.7  41.6   8.3   1.8
  4.5  42.9  44.4   2.2
  3.1  39.4  51.6   2.2
  2.3  13.1  22.6   2.3
  1.8  12.6  68.3   2.2
  1.3  40.0  68.9   1.9
  1.4  46.8  64.6   1.8
  2.6  45.6  83.9   1.6
  1.4  40.1  11.2   1.8
  3.9  13.4  16.5   2.1
  3.1  10.1  27.7   2.1
  1.7  36.8  89.9   2.1
  1.6  36.0  10.5   2.0
  1.8  23.1  52.2   1.8
  4.0  17.6  86.8   1.7
  2.9  40.9  13.6   1.6
  2.9  49.0  40.1   2.2
  2.1  35.4  78.3   2.1
  1.5  45.4  19.3   2.1
  2.1  41.6  63.9   1.6
  2.6  35.3  80.4   2.5
  3.5  25.1  14.8   2.1
  4.5  18.3  54.8   2.4
  4.2  17.7  48.3   1.6
  3.3  19.7  29.2   1.8
  3.8  37.7  28.0   2.2
  5.0  10.5  25.7   1.6
  2.6  15.2  26.7   2.1
  1.7  12.1  28.8   2.1
  1.1  31.3   8.8   2.3
  2.2  43.1  84.1   2.1
  1.5  40.4  47.8   2.0
  1.4  46.3  25.8   1.6
  3.7  14.8  65.1   1.9
  3.6  39.1  91.0   1.9
  2.3  29.5  48.8   2.1
  2.5  22.6  38.1   2.2
  2.8  21.0  17.3   1.8
  1.3  33.0  12.6   1.9
  4.5  32.9  54.2   2.1
  2.6  19.3  13.0   1.8
  3.5  21.9  35.4   2.2
  1.3  37.1  61.9   2.1
  3.9  47.7  19.1   1.9
  4.2  29.3  87.5   2.3
  1.8  32.5  13.1   2.1
  4.6  45.4  84.0   1.7
  2.4  35.2  39.6   1.9
  2.5  13.1  41.0   1.8
  3.6  37.9   5.3   2.2
  1.7  23.0  26.4   2.5
  2.3  40.7  68.8   2.4
  4.8  20.4  54.5   1.9
  1.5  48.9  26.1   2.4
  3.9  23.5  74.0   1.8
  3.4  33.9  22.8   2.0
  4.6  27.2  93.8   1.8
  1.6  30.9  25.1   1.9
  3.4  48.0  84.7   1.6
  4.8  34.8  52.4   2.4
  4.0  46.2  36.5   2.2
  3.3  36.9  43.0   2.3
  3.0  37.0  37.2   2.0
  1.5  10.4  52.7   2.0
  4.2  45.0  59.7   1.9
  2.4  23.4  63.3   1.7
  4.2  44.4  53.4   2.2
  1.9  22.3  68.9   2.2
  4.2  43.1  42.4   1.8
  2.4  39.5  48.9   2.4
  2.2  21.6  92.7   2.3
  4.9  21.3  68.4   1.7
  2.2  38.8  67.5   1.5
  2.7  35.3  43.9   1.8
  2.4  30.7  27.3   2.3
  1.4  14.3  58.7   2.3
  2.6  49.6  45.8   2.3
  1.6  43.2  48.7   2.0
  4.8  35.7  13.3   1.7
  2.4  42.7  77.1   1.6
  3.3  27.8  11.9   2.4
  4.7  39.9  24.7   1.6
  2.6  35.3  39.8   1.8
  3.4  17.0  40.1   2.3
  1.1  31.7  93.2   2.0
  4.2  16.3  15.8   2.2
  4.3  31.4  42.5   2.1
  2.4  33.8  79.6   1.5
  3.5  33.3  87.4   2.3
  2.3  18.7  38.4   1.5
  1.0  14.9  35.0   2.0
  2.8  24.7  67.5   1.6
  4.5  25.7  15.7   2.0
  4.3  35.9  67.4   2.1
  3.4  43.1  73.6   1.8
  3.6  36.2  51.2   1.8
  2.1  38.7  13.2   1.9
  2.8  10.6  29.4   2.4
  1.9  49.4  91.3   1.7
  2.2  24.3  49.4   2.2
  1.8  29.0  30.7   1.9
  2.5  23.4  43.2   2.2
  2.3  10.4  34.9   2.0
  4.0  39.7  40.0   2.1
  3.2  41.7  84.5   1.7
  2.8  47.9  19.2   1.8
  2.3  13.0  63.1   1.9
  5.0  33.8  66.2   2.0
  1.2  45.7  24.6   1.5
  4.4  44.8  57.6   2.2
  1.1  38.2  51.4   2.2
  4.7  26.0  44.3   1.9
  2.8  38.8  43.5   2.2
  1.4  12.1  33.5   2.0
  1.8  21.5  68.3   1.7
  4.0  38.2  18.6   2.0
  1.4  12.1  85.9   2.4
  4.4  36.5  24.5   1.7
  2.2  17.7  81.7   2.0
  3.9  42.9  63.9   2.5
  2.6  43.0   5.8   2.0
  3.9  26.0  45.9   1.9
  2.2  35.0  11.9   1.6
  1.0  36.7  25.5   1.9
  1.3  14.6  80.8   1.6
  3.6  23.4  40.5   2.5
  1.8  48.7  58.0   2.1
  3.8  29.2  75.2   1.8
  2.5  10.2  90.3   1.6
  1.3  23.7  58.7   1.8
  3.6  18.6  39.7   2.5
  4.4  29.5  19.0   1.9
  4.3  35.3  81.8   1.8
  4.6  12.1  64.6   2.5
  2.6  12.4  44.2   2.3
  2.7  24.8  43.3   2.5
  1.8  30.8  47.2   1.7
  3.3  14.4  18.3   2.0
  3.2  21.4  42.4   2.2
  2.7  10.9  81.4   2.4
  2.5  20.9  54.5   1.8
  3.3  34.6  18.8   1.8
  3.9  24.4   8.8   1.9
  4.0  43.3  16.9   2.3
  4.3  15.6  41.8   2.0
  3.9  29.8  19.5   2.3
  3.0  15.5  58.4   2.3
  4.5  10.2  74.1   1.7
  3.3  29.7  42.7   1.7
  3.8  15.5   9.0   2.4
  1.4  25.3  67.9   2.3
  1.3  41.3  27.1   1.8
  4.2  24.3  35.8   1.7
  1.8  32.0   6.9   1.9
  1.6  28.2  53.2   2.2
  2.4  13.5  62.4   2.5
  2.4  29.1   8.4   1.8
  2.0  47.9  18.1   2.0
  2.7  46.5   9.8   2.3
  2.9  34.2  92.2   1.9
  4.1  19.6  83.3   1.5
  4.4  47.6  14.5   2.4
  1.6  33.2  74.3   2.2
  1.3  20.1  56.8   1.6
  5.0  17.9  30.7   1.6
  2.1  38.5  69.3   1.9
  1.6  12.0  73.3   1.6
  3.3  37.4  38.7   2.4
  2.0  13.7  58.9   2.4
  1.9  35.3  76.8   1.7
  3.5  47.9  85.1   2.1
  2.9  28.0  93.7   2.1
  1.1  12.1  43.8   2.3
  4.2  40.6  60.4   1.7
  1.8  42.9  46.8   2.3
  4.9  48.4  19.9   1.7
  4.9  45.5  47.5   2.5
  1.7  44.5  32.1   2.2
  2.8  25.6  35.0   2.0
  3.3  48.3  48.2   1.6
  3.2  48.4  39.2   2.2
  4.3  16.5  29.7   1.6
  4.1  44.9  90.7   1.6
  3.2  10.4  16.7   2.0
  2.0  23.6  81.5   1.7
  1.8  28.4  13.6   2.1
  1.4  21.4  38.3   1.6
  3.9  38.3  11.7   2.0
  3.1  41.6  93.9   1.8
  2.4  49.7  10.0   1.6
  1.6  31.0  47.6   1.9
  4.7  31.7  24.5   1.8
  2.8  47.2  72.6   1.7
  0.2   0.2   0.3   0.4   0.2   0.3   0.4   0.4   0.2   0.2   0.3   0.2   0.3   0.2   0.4   0.3   0.3   0.3   0.3   0.2   0.3   0.4   0.3   0.3   0.3   0.4   0.2   0.3   0.2   0.2   0.3   0.4   0.3   0.2   0.3   0.4   0.3   0.4   0.2   0.2   0.4   0.3   0.4   0.3   0.4   0.3   0.3   0.2   0.2   0.4   0.4   0.2   0.4   0.3   0.2   0.3   0.3   0.2   0.2   0.3   0.3   0.3   0.3   0.2   0.4   0.2   0.4   0.3   0.3   0.3   0.4   0.3   0.3   0.2   0.4   0.2   0.3   0.3   0.2   0.2   0.3   0.2   0.2   0.3   0.2   0.3   0.3   0.3   0.3   0.4   0.2   0.4   0.2   0.4   0.3   0.2   0.2   0.4   0.4   0.3   0.4   0.3   0.3   0.3   0.4   0.3   0.4   0.2   0.4   0.4   0.3   0.2   0.4   0.4   0.3   0.2   0.4   0.3   0.4   0.2   0.3   0.3   0.3   0.3   0.4   0.2   0.2   0.4   0.3   0.2   0.3   0.3   0.3   0.4   0.2   0.3   0.3   0.3   0.3   0.2   0.4   0.4   0.3   0.3   0.3   0.2   0.4   0.3   0.4   0.2   0.4   0.3   0.4   0.2   0.4   0.4   0.4   0.2   0.3   0.4   0.4   0.3   0.4   0.4   0.4   0.3   0.3   0.3   0.4   0.3   0.2   0.3   0.3   0.3   0.4   0.2   0.3   0.2   0.3   0.3   0.2   0.2   0.2   0.4   0.2   0.3   0.4   0.3   0.3   0.3   0.4   0.3   0.3   0.2   0.3   0.4   0.3   0.3   0.2   0.4   0.2   0.4   0.2   0.2   0.4   0.3   0.2   0.2   0.4   0.3   0.3   0.3   0.2   0.3   0.2   0.3   0.2   0.4   0.4   0.2   0.3   0.3   0.4   0.3   0.2   0.2   0.4   0.4   0.3   0.4   0.3   0.4   0.3   0.3   0.4   0.3   0.2   0.3   0.4   0.4   0.2   0.2   0.3   0.3   0.3   0.4   0.3   0.3   0.3   0.4   0.3   0.3   0.2   0.4   0.3   0.4   0.2   0.3   0.3   0.3   0.3   0.2   0.2   0.3   0.4   0.3   0.3   0.3   0.3   0.3   0.4   0.4   0.3   0.3   0.4   0.4   0.4   0.3   0.2   0.3   0.2   0.3   0.2   0.3   0.3   0.2   0.4   0.3   0.2   0.3   0.2   0.2   0.3   0.4   0.3   0.4   0.4   0.2   0.3   0.3   0.3   0.2   0.4   0.3   0.2   0.3   0.4   0.3   0.3   0.4   0.4   0.3   0.2   0.4   0.4   0.2   0.2   0.2   0.2   0.4   0.2   0.2   0.3   0.4   0.4   0.3   0.2   0.3   0.3   0.3   0.3   0.3   0.2   0.2   0.4   0.3   0.3   0.4   0.3   0.4   0.2   0.3   0.4   0.3   0.3   0.2   0.3   0.3   0.2   0.4   0.3   0.2   0.3   0.2   0.3   0.3   0.3   0.2   0.2   0.3   0.3   0.3   0.3   0.2   0.3   0.3   0.3   0.3   0.4   0.3   0.2   0.4   0.4   0.3   0.3   0.2   0.3   0.3   0.3   0.4   0.3   0.4   0.2   0.4   0.3   0.4   0.2   0.3   0.2   0.4   0.4   0.4   0.2   0.3   0.2   0.3   0.2   0.3   0.2   0.4   0.4   0.2   0.4   0.3   0.3   0.3   0.3   0.3   0.2   0.3   0.2   0.4   0.3   0.2   0.3   0.4   0.3   0.2   0.4   0.4   0.4   0.2   0.3   0.3   0.2   0.3   0.2   0.4   0.3   0.3   0.3   0.4   0.2   0.3   0.2   0.3   0.3   0.3   0.2   0.2   0.2   0.3   0.3   0.4   0.2   0.2   0.4   0.2   0.2   0.3   0.3   0.3   0.2   0.2   0.3   0.3   0.3   0.2   0.3   0.3   0.3   0.4   0.4   0.3   0.3   0.4   0.4   0.4   0.3   0.3   0.3   0.4   0.4   0.4   0.3   0.3   0.3   0.4   0.4   0.4 
  174     9    18    86    11    99   145    77    51   150   136    65     4   118   158    14    25     5   137    57   146    97   100    45   164   102    83   163    37     4    51    47    68     3    33   142   108   149   103    46   117   149     6     1    39   168   167   106   160   164    78   153   102   131     4    30    67    73    53    35    69    42   107   147    83   179    55    79    32   160    27    73    39    33    83   147    30    29   153   159    30   147    60    67   103   101   112    10    71    93    36    32   127     4     9    67    92    15   101    49   150   139   131    18    82   147   121    57   118    87   114    35   177   119   172    10   156     6    46   146   164   173   177    58   131    15   159   103    32   168    61    15    94   146    29   110    89    25   109    23    41   135   164     1    53   112    34   149    65   153   111   166    92   109   118   119   105    66    87   157   169    85   138    53   101    71    76   166   144    16   167   175    85    38   133    72   112    29    55    97   130   109   115    88     3    91   109    60    43   126     7    93    66   152   163    64   147    73    97    68   151    39    52    48    14    82    13   140   104    89    76    75    17    63   140    82   112   120    20    95    91     4    34    68   144   136   180    79    15    56     5   119   110    90   115    47    46   165    61   115   169   135    91   129   156    85    64    92    23   148   103    47    78   165   157    13    84   140    44    81   177    14    37    86    89   113   125    90    94   115    92   112    34    77   162   126    83    28   161   103   169   144    79    80    84   145    77   101    94   127    44    50   151   111   175   137    20    24    55    65   105   128    19    94   172     4    72    49   106    87    60    97   157    91    22   153   151   108    79    34    13    10     6    67    73   179    97   177    64    64   156   176   168    25     9   130    41    57   124   131    57    71   155   180   102   134    50    94    78   104   147   112    43    14    79   165    12    49   124    35     6   171    10   104   144    61   149    24   169    34    70   134    91    83    99    23   169     4     9   116    99    45     4   162    59    41   175    70    99    84   145    77   126   180   146   127     6    89    79    26   102   117    27   108   159    50    55    37    36   152   170    34   110     8    78   138    91    26    99    62   101    83    42    33    16   126    16    19   101    55    92   123   128    34   180   117   179    34   132    90    13    30    44   142    83    96    22    22   176   149   172    63    13    59   122     2    52    44    38    69     8    60    14   167   126    18    25    49    96   149   152   124    34   119   117   115    90   119    75    87 
  135   122    55    47    68   143   158   156    37    52    71    51    41    23   119    25   178   122    16    76    28   150    47   158    82   140    26    61    38    84   100   115   100    40   162   114    19     8   139   163    78    94   160    53    38   177    20   166   122   151   123    40    27    43    18     6   131   120   106   137     2    61   136   161    77    30    61    10    49   152    67    53   180    21    97    53    52   136   117    89   126   102   124    24    84    24   104   119    32    88   109   111    71   106   179    34   137    52   165   154   119    45    26   143     1    20    82   180   179   149   129   118    61    54   146   113   177    76   145     5   180   119   121    63    50    53    22    67    42   126   111   163    44   155    40    46     9    91   142     5   147    95    29   133   174    49     8   112    17    38    22   167    40    70   128     7    99   115    90    14   161   174    53    63    37   137    10    20   151   113    42   142    65   165    19     6    23    55    44    77   180    42   125    59   160   129   152    86    50    94    95   112    76   134    66    55    87   165   142    36    20    13    55   143   126   143   101   118   174    63   124    30    98     6    63    69    29   155    13   111    68    64   178   123   110    53    10    82    53   131    29    58   116    72   114    65     4   127   106    17   158   121     4    99   159   180   107    13    92   120   127   104    67    51    65   113   123   127     7    31   113   118   101    46   167    15   172    43   157    97    90    35    48   131   135   172   173   106   125    59    21     4   172    43    58    17   137    77   133    36   100   147    17    34    48     2    74    38    98    42    26   156   139    55    49   103   175   111   152   119    48    81    81    69   146    50   106   150    63     8   170   178   163    58    20   163    40   153   166   107    81     5   123    94    21   134   177    79   119   164    53    73    78   169   114    33    61    91   102    94   115     2   145   152   177     8     9   134   153   163     5   128   105    73   162     1    26   131    50   136   126    33    82   162    38    90   128   148   153   121   178   160   112   108    38    32    42   157    60   148    26   158    91   122   101   159    49   170    10    80   110    20    10   172    51    94    57    46    60    86    96    70    98    62    83   128    67    56    89    98    48    44   142    13   142   119   111    32   174   163    61    75    42    15    50   177   108   138    77   123   103    95    99   171   161    27   130   144    26   136    94   168   114   100   114   159    84    74   100    48    80   152   174   170    42   169    16     1   144     4    64   154   130    69   137   173   142    48   166   161 
  117    35    23   115    27   161    30    28    70   170   114    75   171   177    92    36   116    89   126   111   146    78    27   154    62   154   155   100   154    70    97    53    71    25   171    26    22    97    34     4   163   175     1    67   126    94    57    67    84   172    41    42    98    38   172    89    72   136    75    20    72   125   103    36   114     4   116    24    33    13    24    67   160   109    24    82    60    37    28   140    71    34   178    29    81    39   156    94   114   115    81    62    24    86    40    72    52    20    97    92   106    35    18   114    93   178    17    50    68   154   113   107    73    78    59    35   135   173   150    25    42    18    12    38     3    59    23    57   105    35    35   121   151    56    68   161   122   100   101    17    75   161    12   131   138   107    30   174   166   159    93   159   108    48   171    41   163   123    59    36    10   105    38   135     1   106   132    25   116    90    32    25    49    40    35   148    56    96    35    65   177    32   131   167   173    59   108   109   146   132   141    58   150    99    98   132    15    49    32   100   110    60     8   180   130    83   112    40   100   128    74   169   140   166   114   118    74   180    84   158    33    89   164    23    66    23   165    79    91    71   171    31   155   174    49    22   153    29   113   176    82   146    37   105    36    52   175    92    46    13   180   178   160     8   138    70    25    64     1   120    11    89    33   142   142   125    77    72   136   145   124   149   119    56    84   130   145   166   162    51    79   137   154    61    94   152   108   121   157    96   167    99    49    82   128   105    42   136    39    86    31   180   174    83    65   154    94    41    43    86   151   130   172   126    30    37     6   161    91    93   174   133   100    84    80    12   141    72     8    21   166   150    70    56   174    10    90     8    89   120    66   149   180   159    75   174    60    15    68    16    23   167    94   171   155    25    44   148    70    99    94   142   108   142    24    60     9    84    13    21   140   173    23   135    46   118   145    11    89    33   145   105   167    37    53   133    90    85    61   170   145   119    43   129   149    49    41    93   139    93   122    19   110   113    16   107    19    54     5     9   122     8    51    77   116    24   138   104    47    82   176   125    35   169     2   173    98   137   111     2   179   137    54   171   179     8   178   153    24    99    57    58   131    98   138    66    83    39   136   170   152    77   170   150    82    74   126    77   100   173    35    31   159    74    64    62     5    19   116   147    62   124   132    87   132   176    81    14    26   111 
   29     2   109   116    24   119    70    17    75    34   140     7    48   161   161   163   174    93    65    62   164   158   105    59    69    51   105   155    91    20     6    33    42   126   179    73   136    83    58    69     2    85    55    62   123   166   175    74    97   145    89   117    22    57   111    56   134   180    93   134   152   118    90   156   109    64    63   151    83    22    33     2    40   159    43   180   125   136    34    27    13    94    30    77   170    20   109    84   160    99    31    84   176    44    55    40   146    97   109   161    82    30    78    46     3    15    38    75    50   180    92   110    39   137    91   176   108   180   167   133   121   145     2   146    28   154   156    38    16   179    67     9    60   122   116   120    76    86   109   150    42   135    47    48   113   143    13   129    17   142   173    65    64    52     3    91     6   107   179    83    51    10   176    40   126    91    12    88     3   128   123   153   135   153   134    46   135   124   174   149    28    95   147   170   161    51    80   177   114   112    79   128   155    95   159    34   123   142   180    35    33     5    15     8    57    48    64   119   139    95   177   102    86    33    82   121    23     7   177   148    99   149    50    72   104    88    33    52   174    46    98    37   159   108    82   120   139   179    21    92    69    26   133    67   114   145   134    85   107   131    61    97    54   122     4    36   140    69   161   146    59   166   177    41    47    70    45   112    40    50   109   105    30    28    82    99    39    28    66    40    93   102    60   130    45   138    92   111    99    73   107   180     8     8     4   126    66   174    68    32   141   176    56   114    50    56   179   143    72    19   102    20    31   157   113    97    63    42    26    37    39    33   176   158    23    89   149   113    52   112   101    75   129    66   130   168    92    53   167    55    31    87    51    70    83    24   165   116   152    24    85   111   134   172    21   106    72   126   168   106   123   158    42    34   140    83    68   100     1   167     8   105    67   149    79    73    47    75    49   172    56   129    60    36   113   134   155   161    78   107    60    55   139    67    25   159    42    76   118   171   133   161    96   121   149   147   120   126   163     3    24    62     3    80    59   152    38   153   159   170    68    33    81    50   176     4   165   136   150   171     8     8   149   108   116    18     3    20    70    69   122    47   163   145    31    30    25   131   114    48    11   145    87    59     9   149    66   121    65   157    42    17     9    56    88     9   141    87   117    21    54    68   169   105     8    33    63     3    24    16 
   56    97    89     4   114   115   122    40    83    91     2    87    76    90    93    39   133     3    67    84   119     4   102    51    13   113    94   111   180    87    85    71    85     2   155   123   147   124    25   136   139    64   179   120   132    35    25    76    29    47    83    91    17   166    74    39    23   113    19   141   139    66    79   115   147    10   159   175   167    89    57    37   123     6    22   177     1    52     9    22   117    23    46    19    82    83   138   167    81   140   125    56   140   160    15    28    11   172    45    54   150    86   132   140    33   157   109   145    78    56    15   107    77   119    81   133    51    93    11     3    55   124   104    60    29    37   124    25    75   147    50    95   107     7    68   154    91   144    63    14    15   110   113    23   167   110   142   148   155   101     3   171    95    33    73    26   109    45    92   104     4   171    77    22    64    62   167   149   131    70   179    60   101   113   128   167   168    91   141   112   139   109    16    59   115   167   174    25   158   140    51   126   125    54   155    62    73   119   168   117    36    43    69    63   133   177   135    83    76    92    61     8    26    52   114   133   165   147   180   114   101    11   157   142   120    84    22    96    51   174    83    58   152    94    93   162    67    67   151   149   159    51    40   101   146   138   105     3    41    73   114    90   177    80   118   140   128    99    71    84    41   114   138    75   168    48   176   153   123   126   109    54   125   175    36   138   118    80   138   114    11    40   180    52    24   109    25   157    99     3    20    33    14    11    23   133   144   118   109    62    21   147    21     4   176    20     1   109   108   109    20    14     1   105    21   141    20    54   108   145    75   105   165   180    11    97   167     1    94     1   106    99    39    36   160     8    78   152    94   119   155   143   166    44   162    32    24     4   104    37   127    22   161   143    43   165    49    42    76    23   132    16   122    54    34    63    72   130   128    51     2    68    52   156    53   114   153    96    12    48   179   140    42    90   180    53   142    38   134    92    82    29    63   168    10   160   112   143    67    89   119   151    52    62   131   140     3    38   150   166    70   172   164   126     4    28    84    84   157    11    44    30   157    81    12    21    97    93    55    93    11    56    71    94   123   172    16   177   107   173    57   167    67   113     4    83   154   175    66     4    41   137    94   156    11   111    87   115   147   139    37   105    18    90    60   179   140    11     3   100    19    23   147   137   163   112    96   115   162   111 
   85    14    82   155    39   137    70   165    31   179    57   130   156    62    35   109    28    28    17    74   122    76   102   105    26    51   106    76    19    31   180   123   111   144   111    82   138    31    93    64     7   171    80   124    87    10    42    97   111   111    87   172   106   137   178    19    89   119    20   168    97    32   126   132    85   157   171   137   151   152   170   118   171    78    93    89   155    10    46     7    26   155    85    33    39   124    16   139    99    86    71   155   176   112   128   141    56   140    51   104   113    50   112   125    21     8    41    77   121    87   160    55    37   128   127    55   151   123   150   129    44    92    59    13    71    75    59    28   170   105    52    44     1    29   158   135   123   143   143    78    18   129   107    73    93    90    72   170   120   167    51    92   145     9     2   126    16    81    30    62    49   105   109    79    51   132    86   103   135    14   161    41    75    91   170   128    35   112   121   105   154   147   128    54    75    56    33    41    92   153   120    29   147   167   165   135    68   129    30   176   127    96    86    26    90    20   106    30    41    38    34    14    96    44     1    41    75   129   148   119    36   117    88   139    31    35    46   173   126    13    68   118   163   167   130    19   176    92    39    13    96    54   155    35    29    91    54     2    85    25   172   148   129   108   133   162    97    51    53     6   167    25    75   110    18    34   101   109    92   149    57   142    64    49    44   170    99    71   136    45    72    91    59   121   144   113   133    68    23    53    64   173    86   175    35     9   110    73    46   131    17    51   177   100    20    20    30    95   128   152    88   164   176   177   166    80   108   112   169    86   153   119   158   174   113   144   102    71    74   143   145    92    51   174    57   151    66    41    33    55   120    59   110   101     7    22   144   173    35   117   175   169   137    11    47    98   132    95    38    51    65    46   131    55   113    45   100    38    34    84    75   160    56    63    98   102    57   165   129   144    56    37   169    94    64    18    55    71   124     1   104    43   112   159    49    31    99   148   171   162   142   177   136   176   144    13   100   128    26    79    37    92   180    77   117    46    48    89    30   180   153   180    49    82   105    76    67   171   101    21    34   151   158    30   149   111   112   179    27    72   133    47    12   132   154   101    94    39   162    33    48    38   141   136   134    92   150   122    33    27     1   169    93    69    35   124   170   137    16   108   133   109   170     7     6    34    23    91   152   154 
   49    75    50   133   122    65    44    12    39    66    91    77     2   141    89    99    55   113   163    94   164    13    69    11    90    98    79   122    51   117   143    94   167   133   139    31   161   139   113    70   153   175   142    11    91    30   135    58    66    10    18    13    15    85    12    91    92   127   176   102   156    35   106   104     2   142   107    31   138    19    98   135   170   157    70   153    17   159    75   180   163    34   141   139    63   110    81    94    15    95   173    38    25    40   132    19   119    26    91    24    91    44    54   166   114    73   171   105   128   159    14   153   148    97   149   148   102     5   135    82    34   132   160   143   131   105    31    60     2    87     7    46    88   100   116    41    65    64   162    44   155   166   141    41   179   134   109    17    88    86   129   126   137   113   133    32    93    25    99    57    32    33   107    61    66   172    15   126    33   125   118    30   115    77   133    63    89    22    15   130     2   145    43    51    28   138     4     5    60   112    68   172     3   153   107    97     9    61    33   118    17    39   158    17    93   104    27    25    77   147   107    84    89    54    48   105   149    43   121    65   122   104    16   119   135   177   131   129    68    61   168   162   121    93    75   145   175   107   108   156    80   164   114   157    38    85    61   137    28    79   131    83    85    81    18   143   154    44    58   149    25   131   157   164    79     1    27    88    84    86    13   156   157    73    98    21   149    51    53    69   127   123    60    90   102    79    25   100   172   102   119    45    49   146    12    36   143   124    69    96    58    48   164   179    77   135   169   109    59     2   151    96   170    88   166    86   153    31    27   166    66    72     6    49    24   117    19    89    53    66   177    29   101    50    92   134    94   119    20   176   135   152    89    64   148     1    16   165    63   150    31    95    95    30   107   124    86   157    94   123   149    58    17    29    45    79     7   151    98   162   165   159   180   110    75   144    75     8   107   114    75    87   155    79    59   101    18    99   118    41    75   119     4    45   151    38   160    81    27   129     6   151   134    66     7   159    70   127    92    62   127   112   168    27    96   111   109   169    64    98   137   131    73   178   103    72    54   162    23   141    56   175   125   165    12   144    26    53   128    33     6    89    37    15    32   138   106    88   128    66    37   122    22    10    31     3   152    23    29    33    99    87    41   175   153     1   139   117   108    22   112     7    99    81   118   114    45   113    79    26 
   57   157     4    38   114    36   157   111   121   176    14   135    54   148   135   169    55     9   151    48    86   126   178    70   167    24    68    61    74     5    76   127    72   172   167   172    65    76    72    38    73   169    70    40    83   141   152    54   140    83    83     8    52   146    98    41   118    26    63    90     7   104    70   139   116    40    47   100   135   167    38   167   119   176    85    53   102    57    96    84    34   164    67   134   145     4   129    29    93    10    14    96     7    26     6    20    39    14   123   102   164   179    38    42   175    16   133   175    49   175    52   175    69    41     4    56    67   165    73   176    68   167    32    96    89   178    57     1   120   160    92    38   174    15    35    45   128   174   171     9    58   162   113    99   127    65    56    12    15   124     4    64   117    85   126   134    28    79    57    67    62    82   173    24     2    61    56    59    25   144    61    86    80   159   123   114   117    90     6   120   140    95    24    92   152   102    67   125   134   144   155    49   102    35   106    80   125   131   103   162    99   159    88    25    32    31    30   145    93   159    89    86    69    83   147   137   151   175   175    12   124   104    12    87    33    60    45   114     1    88   104    18    13   161   148   110   147   133   118   125   131     2   133   176   148   166   111   104    29   147    30    48   147   170   107   107   171   135    12   132    27    64    68   127    55     2    52    12    62   179    29   122    60   149    34   133    50    41   164    63    36     9    87   151   163   138    99    62   178    19    24   180   149   176    14   140    90   139    75   117   106    33    45   131   179    37   115    23    34    94   119   138   170    47    65   163   110    30   153   101   174   134   158   125   163    63    93   169   172   106   173   101   103   162    21    93    29   143    65   111   173     2   124   154     3   175    69   119    61   127   108    67    55   113    29    92   143    78   152   103    19   125    44   126    84   131     1    55    84    31   120   106   117    84   151    95   112   161    94    25    64    92     6   110   102    99   130    91    93    55    17   133   163   146   106     8   148    98     1   155   125    92   102     3    53   101   145     8    90   129    39   144   109    38    85    60     9    17    44   168    45     6    31   152     2    96    10    83   150   135   162   120    32    99    35   159   126    60   114    58   126   155   125   116   171   104    88    81   158    64   100    41    67     5    14     9   157   165   102    26    15   163   103   103   136    35   120   171   159   164    15   161   135    35   119   113    46    93    91   160 
  102   167    36   118   126    72    97    26   168   171    17   158    66    87    93    64    32   133   122    10   137    51    25   179   134    21   159    11    68    50   118   122    85   163   107   125     8   115    31   108    75    50   139   168   102   116   178    14   180    99    79   147    52   150   123    28    44   174   154   159   113   161   147   123    94     1    81    92    38   170   170   131    38   174    84    64   122    32    40   112     4    68   112    29   159   158   154   157    18    22   172   176    42   118   173    25   155    73   139    46   121    94    79     8    76    52   180   117   156    50     1   113   110    84   167   107   102   150   141   141    80   132   148    32   107    58   117   119    28   176    45   148    10   154    77   161    74     1   176    27    74    89   125    24    80    35   176   112   158   125    88   152    85    44    79    59   104   141    74    73    41    18    17   175    95   138    82   112    76   137   180   122   125    96   153    81    25    41   170   130   108    98   125    18    67    84     6   103    29   118   108   119    84   137     8    73    74    74   139   161    23   167    64    49   158   137    30   176   168    32   171    24    91    55    29     1   179    56   131   127    29    53    42   143    34     2    21    27    48   126   113   101    86   144    12   106   113   133     7    81    72    50    59   178   167    48   110    71   162    55   128    66    88   121   132    41     5   143   113    43   113   106    80    58   149   164   109   130   141    45   146   136    78    80    20   133    37   140    25   108    24    66    48     2   118   123    97    96   126     9     9    75    52     8   144   104    49    58    33    35   159    66   135    58    42    66    17   179     9    25   115   110    26   148    27    31    64   132    43   117   176   120    12    49   128   151   180    71   128   164   155   110    69    17   111   158    74   111   146    60     4   105   177   135   169    99    51   101   176    43   163   177   155   176    67   169    76     4   138   179    20   115   177    38    58    43   132    15   131    95   175    96   150     3    91    39    61    50   103   137    20    35   136    95    60   148    81    83   115    84    21    92   138   109    50    77   126   112   130    93   162   130   113   165    41   159    91   157    34   132    51   112   167    14    61   176    93    48    90    69    27    65    23   133    46    12   154    82   147    51    73    12   118    78   125   147    42   154   131   133   150   173   177     3    67     2   178   108   127    68   114    86    35    42   114   105    45   167   147   113   105    34   121    44   101    68   145   103   159    61    95    34    27     1    74   151    68    48   170    11 
   60   160    94   168   172   139    32   109    12    44    24    30    27    65   146    32   167   154   100    84   142    14    67   129    39   156   180    62    31    81   114   158   174    33    46     6    98   135   174    23     5    10   167    74   162   142   159    32    25   173    42    23   132    87    48    62   127   150    67   127     6   125   107   120     8   107   125   102    15   137    52    53   170    88    59    70     5   158   164   171   154    56    25   145   116    33   161    89    72    97    83   135    67    28   127    32    79     8    92   139    59    45   143    13    23    29   154    82    97   104   172   159    94    25   167    25   118    35   152    20    35   132   173    48    75   172   157    39    11    44    32     7   122   174   123    95   133   165    93    86    24     8    98    49    47    38   153    32    79    65   142   112   153   175    17    85   116    26   121    90   133   127    48   112    90    80    60    24    97   130    37   120    47   130    16   135    24    73   147    45   133   163    80   111   111    51    15   149    72    40    30   179     6   130    83     6    26    17   135    82     6     8   123    68   173    31   159    93   124    24   148    77   102    10     1    47   143    28     1    82   150    59   147   143    21    22   123   132    33    82    33    76   153    63   104    34    93   113   153    42    43    32     7   114    52   141   115   130    85    36   131   137    72    77   126    63    11    95    39     5     4   121    89    12   112   127   136    53    24   164     9   118   139    18   125    93   179    19   105   177    13    57    55    23   120    79    92    14    95   152    42   141    39    11    92     1     1    72    43    69    66    27   113   160   161   114    81   136    53   176   156   112   120   114    67   123    63     2   135    16     2   106   147    56   151    36   105    64    55    85    21   152    96   127    58   106   117    12   164   176    41    66   123    69   150    66   110    86    41   131    62   164    55   170   144    17    74   161    13    28   153    48    58    43   175    39   124   102    74   148    70   179    50    87    33   111    22    67   152   103   171   106   102    30    53   135   100   126    19   171   148   107    69    20    56    13   128    64    47   152     2     5   155    22   175    85   136   180   133   127    94    89    12   177   114    67   148    52   161    33   109   120   119   100   113   149    12   139    62   132    65    62   133    59   124   123    96    32    62    85    18   177   114   130    49   124    48    58    49   166   159    75     2   176    33    72    17    80    64    91   137   160   140   163   173   121    39    38     5    23   118   124   100   103    96   134   151   146   142   143 
   39   176   111   174   127   150    85   162    74    25   151   166    23   115   142    41   116    86   137   140    76   143    31   121   142    17   153    67    53   156   165    43   121    27   152    24    20    58    78    16    67    45    12   103   179   179     9    20    23    64   127    69   141   144    56    21   114     2   134   171   117   123   134   140    87   179     4   167     4    10   143    92   135    84   178   100    82   141   140    64   166   135   136    27    99   117   160   129   138   152   102    46   180    66    57   149   110    54   180   100   117    15    87   150   151   147    72    94    59     8   109   127   142    92   154    40    30   155    46   107   119    29    56   158   148    98    69    15    27    62    62    44    45    63   137   162   153    91   123    93     9   113   164   126     9   100   104    11   167   149   145    16    71    43   142    52    94    61    69    97    53   146    44     3     3    19    62    80   143   178    33   140    47    94   122    23   113   174   121   122   128   150    34   125   168    95   173    85   151    99     4    66    30   130   126    76    89    72    25   125    51   171    67    22   144    10    44    58    25    37   102     5   140    60     9    39    92   116   110   167   116   141   173    26   142   166    37    39    60    82   133    28   150    37   156    18    15   180   164    81    90    34    30   142    62   169    55    32   152   114    72    65    54    68    79    69    66    90   121   101   151    54   134     5   169    56    83   133    36   117    85   104   169    67   127    46    26    16    43    26     9   161    58    70   149   101   108   110   119   133   140    21   125    65    40    53    95   143   103   172    10   123   172   131    41     8   180    32    87   154   161   157   132    16   155    42   111   101   146   127    70    11   170   168    73    46   144     8   159   103    66    95    16   133   157   133   177     7     9    29   142   150    96   104   153    83   108   170    51    94    81    50   137   162    29    26   127   162   127    17    36    64    67    87    12   105    63   163    91    96     7    44    62    58    32    14     8   134    45   137    64    98   122   133    78    26    87    36    40    18     2   160   159   123   165   143   103   163    48   107    38    26    99   119   109     2    25    28    84    28   177   136   115    87    36   175   127    11    49   100    88   126   129    94    45   159   154   104   146   120    24    90    72    69   133   130   107    14    52   160   150    68   105    89    12   166    61   107     4    96    90   117   112    18   172     5   142    47   175   158   157    98    62    67   158    92   118    50   157    51   139   100    62    19   163   111   145   178    75    69 
   14    86   166   138   145    73    63   142   164   124   133   149    19   121   123   112   117     3    71    45     5   122    26    92   166    35    74    87    98   146    98   128    78    95    56     7   114    69    42   105     1    73   171   123   111   151    75    87    19   152   153   130   178   148    92    59   163    45   166   106    90    81   135   173    45    61    99   136   107   141   155   123   135    16    92    55   166   175    27    15   128    14   136    81    34   152   118    18    50   132    93   160    10   101   172    76    23     5    41   111    37    34    22   149   143    78    52   142   131   162   163   169    34    46   163   149    50    57    75   123   154    22   137   118    24    52    24    41    49   148   136   125   134   102    24   104   166    32   132    53    65   175   174   178   114   101   131    62    59    46   112   131   131    48   134    26    65    10    59   157    90    50     7   106    25    99   105   120   178    17   163    23   146    76   153    98   156    46   153    77    42    63    84    95    42   125    92     3    32    98   127   161   160    67   133     4    60    65   145   102   146   134   106   136   122   168    96   125   147    68    62   176   170    42     5   106    83   117    54   122   117    90    57    97   120     3    52    22   137    40   168    65    67     1   162   166   131    93   150     1    69   128    57    79    70   141    39    31    52   118    38    63    81    98     5   162   168    13   126    21     3    19   145    89   152    38   178    23     1    79   118   149    49    39   179   137   152   118    84    93    74    70    64   153    63    34    23   122    90    65     5    18    39    62    89   170   128   157    46    89    86    88   136    25    61    88   125    19    17   157   154   154    94    48    74    52   163   109   174   120   102   105   115   168    82   152    91    64   132   143    53    80    49    49    23    11    78   106   160   122   168    46    98   130    84   143    39   108    42   112    49   148    68   150   157    82   150    73    71    70   162   142   160     1   128    62   124     1   137   131    45   130    35    79    40    21   139   109   119    47    63   108   135   173    43   174    95    31    70    38   113    53    26   112    97    35   129   106   107    91   106    21    94   172    53    83   107    60    75    55    60    64   152    92    36   154    66     5    65   151     5   156   168   171   104    31    74    59    81   105   153   165    24    77   174   125    41    50    28    38   114   120    14    44    38   116   139    29    54    53    98   110    33    51    37   126   132    23    66   148    57    58    20   101     6    77    21    62   124    77   100   169    22    24    48   163   113    62    81    29 
 0.00  0.39  0.38  0.37 
 0.39  0.00  0.32  0.24 
 0.38  0.32  0.00  0.40 
 0.37  0.24  0.40  0.00 
