10 12
2
      2930
      2624
  2.5  49.0  16.5   1.5
  3.9  25.5  23.9   2.2
  3.4  45.4  66.1   1.9
  1.7  37.8  64.9   2.5
  3.5  40.4  32.8   2.4
  4.8  25.2  12.2   1.9
  4.5  21.6  58.9   1.7
  2.3  37.5  51.0   2.2
  3.5  10.6  46.6   2.2
  2.3  20.7  73.2   1.8
  2.4  42.5   9.4   2.4
  2.5  24.6  59.9   1.7
  1.7  50.0  22.3   2.4
  4.7  15.5  26.9   2.0
  1.3  47.3  85.7   1.8
  1.1  23.1  83.3   1.5
  4.7  30.9  72.1   2.3
  3.3  31.4  22.2   2.0
  3.2  13.3  50.7   1.6
  1.8  32.8  17.9   2.0
  0.2   0.3   0.4   0.2   0.3   0.3   0.3   0.3   0.2   0.2   0.2   0.4   0.3   0.4   0.2   0.4   0.4   0.4   0.4   0.3 
   49   156    88     6   180    75    79    25    82    55    12    41   120    69   142   163   123    73    82     4 
   29    86    49    30     9    62    19    59   175    36   145   156    97    65    31    13    36   158    74   150 
   79    39    89   142    75    17    41    97    13    92   154   142    79    45    87    80    98    68   153    90 
  150    32   177     8   123    31   158   153   133   157    68   118   147    35   106   162   171    88   170   162 
    6   110   115   158   106    22   170   103   160    11    37    73    39    48   101    61   131    30    96    57 
  172   148    51    26    77   178   117   109   110    63    10   106   130   166     5    61    41    36   163   180 
  151    38   121    81    86   151    24    96   113    72   104    29   145    21   104    24   179    39   111    54 
  153   136   122    99    61   107    49   115    38    95   151   129   119    84    47   138   164   169    47    97 
  102   128    29   103   140    68   145   155    87    84    32   165   117   158   145   121    93    26    73   156 
   65   175   133    36    23   172   117    48    22   101   111    71   131   118   148    11   177    50   120   151 
   71   106   148    54    73    89    82     5    88   159    62   130   106   160   121    43     2   111   118    18 
  179   113    90    84    32    39    33    52   159    58   149   180    77   147    94    72     3   150    91   112 
 0.00  0.36 
 0.36  0.00 
