10 12
2
      2422
      2815
  3.1  24.8  86.1   1.6
  2.0  26.2  83.9   2.5
  3.2  13.9  94.6   1.5
  2.9  22.0  41.0   2.0
  4.0  29.6  73.3   2.2
  1.8  13.8  21.3   2.1
  3.4  27.0  70.3   1.6
  1.9  40.6  92.0   2.4
  1.8  30.3  32.3   2.5
  3.0  46.7  80.6   2.2
  1.5  21.0  76.8   2.3
  1.3  42.4  31.6   2.2
  3.9  18.5  74.8   2.0
  3.9  13.6  39.6   2.1
  4.0  24.1  46.4   2.5
  4.5  39.3  79.9   1.8
  4.3  30.3  67.4   2.4
  3.5  19.1  23.5   2.2
  3.7  23.1  73.5   2.4
  1.1  38.1  83.7   2.2
  0.2   0.3   0.3   0.2   0.3   0.2   0.3   0.2   0.4   0.3   0.3   0.3   0.4   0.4   0.3   0.3   0.2   0.4   0.4   0.2 
   61   125   140   173     8    25    38    67    32    19    91    36   119   154     9   105    64    73    31   129 
   15    90    80   180   165    11   102   147   108    20   149   162    37    13   173   144    40    91    10   135 
  146   168    78   173   151    51    26   105    89    47    78    10   174   155    34     2   175   145   127    16 
  131   135   145   118    23    46   104   165    18   164    77   179    92   141    77    84   127   179    90    97 
   10     5   153   128    47    75   110    27   155    87    32     1    85   145   137   125    55   107   126   128 
   67   172   124    31   170    59    74   134   139   119   137   167   170   131   101    70    63    20    41    54 
   66   138    35   124   148     7   107    48    14    24   137    93   163     1   147    42   165   126    33   131 
   83    33    53   112   157    98    39     5   136    24    45   135    18    83   100    43    34    28    70     8 
   25    11    81    94   127   122    20    75   100    86    52   110   101    24    85   139    13   139   177    37 
  149   136   167    41    61   160   154   115   163    37   171    73   120   170    32   169    19     7    55   162 
   69    31   149   124    95    51    14     5     8    38    11   140   132    23     2   154   170    50    26   161 
  169    92    46   109   172    28    30    49   164   167   126    99    82    23     5   132   175   161    50    59 
 0.00  0.36 
 0.36  0.00 
