70 12
20
20546
19191
18725
20218
18863
19766
20251
18987
17738
18757
19919
20087
18128
18419
19575
20460
19896
19245
18931
18806
3.8 22.8 30.2 2
1.5 38.4 90.5 1.8
1.3 46.5 84.1 1.8
2.1 46 51.8 2.1
1.7 15.8 9.5 1.6
4.5 42.7 44.9 1.6
1.5 32.4 14.2 2.3
4.8 27.4 55.3 2.3
1.8 49.3 20.4 1.9
4.1 49.3 79.6 1.8
4.4 31.3 58.6 1.8
4.3 19.8 74.5 1.9
3.4 28 88 1.5
4.9 36.8 7.1 1.7
3.8 20.5 32.2 2
3.1 23.8 44.8 1.9
3.9 19 57.4 1.8
3.3 46.6 7 2
3.5 40.3 45.1 1.9
3.9 35.7 46.4 2.3
2.7 20.7 82.7 2.2
1.6 16.6 83.6 1.8
2.5 46.7 81.3 1.8
2.2 46 86.3 2.5
4.9 24 76.6 2.3
3.3 10.9 87.4 1.9
2.5 33.4 78.4 1.6
3.9 16.9 53.7 2.1
3.2 15.8 66.3 2.1
2.7 49 44.2 1.8
1.1 38.9 65.6 1.7
1.2 46 53.2 1.6
5 28.5 80.9 1.6
4.2 20.6 34.3 1.5
4.1 24 57.7 2.1
4.9 36.3 28.3 2.5
4.2 41.5 60.7 1.6
1.2 13.5 37.8 1.9
4.7 44.9 36.9 2.4
3.4 18.3 28.2 1.7
3.8 15 21.7 2.4
4.2 21.5 36.3 2.2
1.8 30.2 51.1 1.7
1.2 47 57.8 1.6
4.3 41.9 56.1 1.6
1.5 17.8 73.4 2.3
3.3 19.3 29.7 2.4
1.6 12.8 62.3 2.1
3.7 13.4 53.5 2.2
3.7 33.1 6.7 1.6
4 23.3 13.3 1.7
3.2 35.1 70.9 1.5
1.3 10.8 25.4 1.6
3.4 46.7 27.2 1.7
2.8 21.8 20 2.3
1.9 40.8 13.7 2
2.6 28.8 64.8 1.9
3.8 32.3 92.6 2.2
4.6 11.9 20.3 2.3
4 38.9 68.2 1.6
3.2 43.6 94.6 2.1
3.6 46.3 38.1 2
1.8 18 81.9 1.9
4.6 11.1 56.2 2.2
4 44.5 34.8 1.7
4.6 31.2 91.4 2
3.1 45.3 18 2.1
3.8 48 55.2 1.7
2.2 26.4 87.6 1.8
4 16.6 89.9 2.3
1.9 28.4 78.3 2
2 28.8 54.4 2.4
2.1 49.1 82.6 2.2
2.9 40.5 13.9 1.9
4.9 31.2 70.2 1.6
1.7 27 21.5 1.5
3.9 31.2 52.6 1.7
1.9 42.6 27.3 2.4
2.1 23.2 6.4 2.4
4.1 11.6 14.7 2.1
2.6 31 78.1 2.4
3.4 40 21.2 1.6
2 25.5 81.5 1.8
3.6 21.5 47.1 2.4
3.7 42.2 8.9 1.5
4.3 31.4 81.1 2.1
4.6 31.1 60.3 2.3
4.1 49.9 79.7 2.1
3.5 34.4 47.4 1.5
2.6 14.1 24.8 2.2
2.8 24.3 93 2.5
2.4 43.7 93.9 2.3
4.4 46 56.4 2.1
3.5 35.6 50.9 2.1
3 41.5 57.1 1.7
1.3 21.6 62.4 2.3
1.6 10.3 36.5 2.5
4.2 45.7 18.2 1.8
4.3 13.1 6.5 1.8
2.5 38.4 56.6 1.6
2.7 25.8 80.8 1.6
3.9 22.6 36 2.3
2.8 18.8 37.8 2.3
1.7 30.2 72.7 1.5
3.9 12.3 69.1 2.3
3.3 16.7 66.3 1.7
3.8 34 60.9 2.2
2.6 21.9 59.2 1.6
1.4 10.1 46 2.3
4.9 23 84.4 1.8
4.9 17.6 33.5 2.3
3 40.5 22.7 2
3.9 36.6 74.9 1.8
4.6 28 83 2.4
4 47.3 66.8 1.5
2.5 19.2 14.3 2
4.8 30.3 10.3 1.8
1.2 21.2 31 1.9
3.8 39.2 11.8 2.3
2 29.9 26.4 1.6
2.4 11.6 75.1 2.4
2.6 35 76.9 1.7
4.1 27.5 69.9 1.8
3.7 15.3 35.7 1.8
2.8 33.4 40.5 1.6
1.1 32 7.5 2.4
4.5 22.4 80.9 2.3
1.7 21.7 37.7 2.3
2 33.5 52 1.8
3.9 20.5 56.6 2.2
4 34.2 63 2.5
2.7 32.6 31.5 2.2
3.3 38.5 70.6 2.3
2.4 28 24.5 1.8
4.6 24.2 31.2 2.1
4.4 14.8 75 2.3
2.5 40.6 43 2.5
3.2 14 74.9 2
3.6 48.2 8 2
2 49.6 60 1.6
1 45 77.1 1.6
3 38 54 1.6
3.6 18.5 57 1.9
1.9 32.9 13.4 2.4
3.1 33.4 87.2 2.1
2.7 26.6 87.1 2.4
3.1 25.2 22.8 1.7
3.9 38.2 76.1 2.1
1.9 42.1 31.7 2.4
2.4 14.6 35.9 1.5
4.8 37.9 60.1 2.1
3.3 40.4 90.2 2.2
2.2 22.5 64 1.8
1.7 30.2 41.3 2.2
1.7 34.5 62.5 2.4
2.7 18.8 34.6 2
2 27.2 46.8 2.4
3.9 24.8 76.8 1.8
3 46.1 25.3 1.9
2.1 33.1 54.9 1.8
4.3 26.4 67.3 2.3
2.8 27.9 21.5 1.9
1.2 38.7 86 2.1
1.6 41.7 7.1 1.7
4.4 37.4 62.3 1.6
1.1 30.7 55 2
1.7 41.9 43.2 2
4.6 21.9 80.4 2.5
2.4 25.8 48.8 2.3
4.5 30.5 12.5 2
3.6 21.1 53.6 1.7
4.9 19.9 28.7 2.2
2.5 21 90 1.8
4.9 37 59.1 2.2
2.5 28.6 77.7 2.1
2.1 25.1 18.8 2.1
3.3 38.4 61.5 2.5
1.1 11.5 35.8 1.6
4.1 42.9 66 1.7
3.1 45.8 32.3 1.5
3.9 35.3 10.8 2.4
3.9 48.7 11.6 1.6
1.1 16.4 16.2 2.3
1.3 43.6 41.7 1.7
4.8 35 62.9 2.3
1.5 47.3 92.1 2.1
1.2 10.4 74.9 2.4
2.3 39.7 73.1 2
4.8 14.8 87.7 1.7
1.8 30.9 17.2 1.9
2.3 27 36.4 1.7
1.4 42.5 21.5 2.5
4.8 12.9 87.6 1.5
1.7 22 27.9 2.3
3.1 38 68.5 2.4
4.2 48.4 36.8 2.1
2.9 41.3 85 2
3.5 50 36.5 1.8
2.8 15.2 85.1 2.4
4.2 18.5 17 2.4
4.4 23.2 20.3 1.6
1.9 13.2 89 1.6
4.8 31.7 11.1 2.3
1 33.2 71.2 1.9
4.6 38.3 45.6 2.1
1 20.8 69.1 2.3
4.9 16.2 64.6 1.9
1.6 33.2 63.6 1.9
2.3 29.3 56.4 2.2
2.6 36.1 91.3 1.6
4.9 39.5 55.1 1.6
4.1 25.6 34.6 2.2
4.3 38.3 71.7 2.4
2.9 13.8 70.4 1.9
2.7 23.7 35.6 2.2
4.5 25.6 56.4 1.9
1.4 27.5 68.5 2.1
3.8 31 88.5 2.1
3.3 41.7 58.8 2.3
1.3 44.4 30 2.4
1.7 43 79.5 1.7
1.8 14.6 49.2 1.6
3.5 46.6 70.5 1.7
4.1 11 64.4 2.2
3.1 17.9 53 2.1
3.1 45.1 14.6 2.4
2.4 47.5 55.2 1.9
3.8 48.8 85.2 2.2
3.8 26.3 72.7 2.1
3.4 19.1 70.2 1.8
3.8 30.4 89.7 1.8
2.3 43.1 46.5 1.6
4.9 41.6 95 2
4.9 14 65 1.8
4.6 23.6 32.1 2.3
1.3 13.2 35.5 1.6
2.7 45.6 8.5 2.5
4.4 36.1 19 1.6
1.1 43 15.1 1.7
2.5 34.3 45.7 2.2
1.4 21.8 52.1 2.2
1 48.3 90.1 2.2
1.4 47.9 65.6 2.3
3.8 38.7 72.7 1.7
4.2 34.8 15.3 2
3.6 11.1 7.4 2.3
3.9 34.7 18.2 1.8
3.2 44.2 80.8 1.9
2.3 37.4 32.8 2.4
3.8 15.2 66.6 2.1
2.7 24 55.9 1.8
4.8 39.4 44.8 1.6
1.7 27.3 47.3 2.3
1.2 47.6 51.6 2.5
2.6 48.4 34.8 1.5
4.9 41.4 82.6 2.2
1.9 17.4 92.7 2.4
4.5 19 65.5 2.5
2.9 13.1 66.2 2
2.7 12.3 80.2 1.8
2 19 89.4 2.1
3.8 22.1 18.7 2
1.9 32.8 25.2 2.3
5 20.7 65.6 2.4
3.3 41.2 87.4 2.4
4.8 42 7.9 1.6
4.6 30.8 23.1 2.1
3.8 23 67.7 2.3
1 22 58.8 2.1
4.4 10.9 77.8 1.7
4.5 12.7 45.8 1.9
1.1 16.3 10.5 1.7
4.3 16.7 68.7 2.3
3.6 43.7 5.2 2.4
3.3 32 55.8 2.3
3.9 27.5 52.2 2.1
2.9 23.3 94.6 1.8
3.9 43.6 49.1 1.6
2.6 41.8 78.7 1.8
4.8 37.2 43.1 2.3
1.6 36.6 67.5 2.3
5 35.2 31.3 2.2
3 24.3 25.9 1.7
1.9 31.3 13.3 2
3.4 36.6 93 2.2
4.8 20.2 50.1 2
4.5 11.6 15.9 1.5
2.2 36.6 15.1 1.9
3.4 17.8 89.1 2
1.7 18.2 36 2.3
3.4 46.7 44 1.9
4.8 34.5 11.6 1.8
3.2 32.3 24.7 1.8
1.9 22.7 34.8 1.9
4.4 47.7 46.4 1.5
1.9 22.2 60.6 2.2
1.4 12.7 90.9 1.6
2 33.6 69.6 2.3
2.4 14.8 38.5 2.1
5 34.8 55.1 2.2
4.7 13.5 14.3 2.1
4.7 45.5 31.9 2.3
2.8 47.3 47.1 2
4.9 14.1 44.4 2.3
2.4 27.5 47.6 2.2
1.3 10.7 23.8 1.9
3.1 27 87 2
1 40.5 87.1 1.6
2.4 31.2 45.8 1.8
3.5 16.3 12.2 1.6
2.7 12.3 89.6 2.4
4.4 13 69.2 2.1
1.5 40.4 30.8 2.5
3.4 35.7 77.1 2.1
4.3 46.2 17.9 2
4.1 33.1 26.2 1.6
5 36.6 27.1 1.6
2.4 20.4 54.1 2.1
4.2 12.1 12.8 1.8
3.5 31.2 67.9 1.6
2.2 32.4 75.6 2.4
4.8 21.9 74.6 2.3
3.9 29.3 6.5 1.8
1.5 39.1 77 1.6
4.9 36.6 21.3 1.8
1.3 44.5 69.4 1.8
1.3 34.6 6.1 2.4
1.5 24.9 51.5 2.3
4.1 20.5 15.1 1.6
2.3 38.1 20.7 2.3
4.5 13.1 40.2 2.5
2.9 44.7 8.6 2.1
4.1 45.5 72 2.3
1.5 34.6 93.5 1.7
4.1 46.9 65.3 2.2
4.7 32.5 47.6 2
2.3 25 81.9 1.6
1.4 35.1 45.5 2.4
2 31.6 86 1.7
5 37.1 28.7 1.7
4.7 31.2 5.4 2
2.6 36 60.7 2.2
2.7 44.2 93.4 1.8
1.5 25.6 72.2 2
2.4 30.3 76.6 1.5
1.8 14.7 77.1 1.6
1.9 49.7 33.6 1.6
1.6 37 70.5 1.7
1.6 23.8 62 1.8
3.2 10.7 72.1 2.5
2.9 28.7 8.6 1.9
5 48.1 79.3 1.9
4 32.1 78.2 1.7
4.7 24.4 51.6 2.5
3.5 35.1 93.9 2.4
4.2 36.3 8.6 1.8
3.9 40.1 59.8 1.9
1.8 32.2 56.1 2.4
3.4 47 55.6 2
2.4 14.6 64.5 1.5
4.6 44.2 32.6 1.8
3 36.2 30.3 1.8
2.7 28.6 11.8 2.1
3.4 40 51.3 1.9
1.3 41.8 43.7 1.6
1.9 10.9 74 2
1.5 28 74.5 1.6
3.4 24.5 45.7 2.4
2.5 17.3 56.7 1.6
1.3 22.7 16.9 2
2.4 18.5 30.8 2.4
4.2 26.3 26 2.3
1.7 26 14.2 1.6
2.9 19.1 66.4 1.6
1 44.5 32.8 2.3
4.5 20.6 53.1 2.4
4.3 41.4 7.2 2.2
4.7 14.5 78.4 1.6
5 11.7 42.4 2.5
1.2 45.6 5.5 2.5
2 23 17.9 2.5
1.3 44.3 54.9 2.1
3.3 48.7 35 2
2 46.8 66.4 2
2.6 29.7 5.7 2.2
1.4 31.6 34.2 2.4
3.7 30.2 11.1 2.4
4.3 23.4 46.6 2.2
4 38.9 16 1.6
4.5 19.2 62.3 1.6
1.8 28.9 77.4 1.7
4.1 48.5 21.6 2
2.6 38.7 29.4 1.9
3 37.4 26.2 1.5
4.9 49.3 40.9 1.8
4.4 38.5 66.6 2
1.8 26 69.7 2.5
3.8 24.4 81.3 1.5
1.1 39.7 16 1.9
3.5 22.2 24.8 2.5
3.6 18.8 23.5 2.1
3.8 27.9 23.4 2
2.5 29.6 71 1.5
3.3 22.9 13.1 1.8
1.1 40.5 37.6 1.9
4 49 53.4 1.7
4.1 49.9 11.4 2.4
3.1 23 33.5 1.7
2.7 32 94.5 1.8
3.4 28.2 42.1 2.5
2.2 29.2 69.3 1.6
3.6 10.5 37.5 2.1
3.1 36.2 45.8 1.8
4.7 45.1 83.7 2.2
1.6 37.9 69.7 2
1.2 36.2 33.8 1.9
4.4 22.6 63.4 2.4
4.6 41.8 75.4 2.5
1.1 41.7 90.3 2.1
3.6 39.9 73.6 1.6
1.1 16.4 20.4 1.7
4 31 92.9 2
3.5 34.1 36 2.2
4.1 29.3 17.7 1.8
2.8 36 88.7 2.3
1.3 36.8 5.9 2.5
2.2 44.9 68.1 1.7
3.6 49.3 89.1 1.8
4.7 40.8 67.6 2.4
1.7 26.2 67.3 1.9
2.8 39.6 10.1 2
3.5 14.3 28.2 2.3
4.2 14.1 82 1.7
1.3 29.8 94.6 2.1
2.8 35.2 27.3 1.7
4.6 39.1 74 2.3
3.2 47.6 87.1 2.4
3.3 11.7 22 2.4
3.2 41.9 6.2 2.3
4.4 37 49.6 2.1
1.6 28.4 15 1.6
2.9 46.4 44 2.4
3.7 16.7 71.9 1.7
3.6 16.4 65.7 2.5
2 44.8 80.5 2.3
3.2 36.6 54.3 2
4.4 46.8 39 1.9
3.8 48.6 23.4 1.7
1.1 21.1 15.2 1.6
2.6 15.4 27 2
2.3 47.8 94.9 1.7
2 10 40.6 2.2
3.9 26.4 58 2.3
3.3 32.5 51.2 1.7
1.4 40.3 19 1.5
3.7 24 56.3 1.8
4.6 30.5 68.9 2
4.8 26.4 54.6 2.1
2 15.6 14.4 1.8
1.5 49.3 62.3 2.1
1.4 37.8 77.1 2.3
3.6 41.9 30.3 1.9
1.3 45 48.9 1.6
3 16.3 45.1 1.8
3.4 14 57.7 1.6
1.8 35.8 92.1 1.8
4.4 44.1 19.2 2.5
4.4 32.2 90.6 1.7
3.6 22.8 84.6 2.4
1.4 13 13.1 2.3
4.5 29.2 15.7 1.9
3.7 11 63.8 2
3.4 23.3 28.8 1.9
1.3 32.5 61.4 2.4
2.5 21.9 34.5 1.6
4.9 43.3 22.8 2.4
5 34.7 5 2.2
3.5 19.7 31.4 1.5
4.9 44 29 2.1
2.9 29.5 65.9 2.5
5 15 45.8 2.2
4.9 28.3 59.5 1.9
1.6 36.2 21.2 2.4
1.1 21.4 15 2.5
4.8 34.4 9 1.5
3.2 11.1 47.3 2.4
4.5 31.4 43.9 2.1
4.9 26.6 5.1 1.9
3.9 17.9 53.3 2.2
3.9 31.1 32.8 2.1
2.3 38.5 84 1.6
1.7 16.6 5.3 1.6
4.8 45.5 89.6 2.2
3.7 24.4 10 1.8
5 20.4 21.5 1.6
3.5 41.2 24.1 2.3
1.5 46.7 29.9 1.7
2.5 24.5 44.6 2.1
2.8 48 67.1 1.8
2.5 40.6 28.9 2.2
2.1 43.6 28.9 2.3
1.9 16.8 87.4 1.8
3.4 16.5 50.1 1.9
5 28.5 92.5 1.6
3.4 33 50.3 1.9
4.9 43.7 16.6 2.2
4.5 48.6 15.7 2.2
2.9 20 22.3 2
2 41.7 38.7 1.9
2.7 19.8 89.3 2.4
1.5 20.9 34.4 2
1.2 11.5 94.1 2.4
3.8 42.4 33.9 2.4
3.6 38.7 90.7 2.4
3.4 47.9 75.6 2
2 25.1 43.3 2
1.1 26.4 5.7 1.6
3.1 20.4 86.4 1.6
1.9 11.6 73.7 2
3.3 44.7 26.1 2.4
2.7 47.7 48.5 2.4
2.3 46.8 23.7 2.3
4.9 33.7 56.4 2.3
2.9 47 5.6 2.2
3.2 12 29 1.9
3.9 10.8 79.9 1.5
3.8 46 62.5 1.9
2.1 29.8 15.6 2.2
4.3 24.5 94.3 1.7
3.7 30.4 9.1 2.5
4.3 40.4 58 2
3 45.6 36.5 2.5
1.4 22.7 49.3 2.1
1.3 46.2 50.1 1.7
2.4 46.8 79.2 1.8
1.5 46.9 21.9 1.8
4.2 26.1 63.7 2
2.1 37.5 12.9 1.7
2.4 40.1 85 2
1.2 28.6 55.9 1.6
3.5 42.7 41.6 2
4 47.2 15.5 1.6
2.3 15.9 26.2 1.9
3.8 26.6 41.7 2.5
3.6 22.8 80.5 2.2
3.7 28.7 39.5 2.4
4.5 47.9 92 2.2
3.9 30.5 11 2.3
1.4 44.2 79.2 2.1
4.1 44.6 87.5 2.5
3.9 36.6 52.7 2.1
1.3 35.4 45.6 2.4
1.2 30.5 92.2 1.8
2.6 10.1 90.1 2.3
2.9 47.1 93.2 1.6
1.5 10.7 88.8 2
3.9 16.3 79.2 2.2
3.7 30.7 78.1 2.2
1.1 13.2 30.8 2.4
4.4 24.7 24.2 2.3
3.8 24.7 49.7 1.5
1.1 24.1 16.1 2.2
2.2 39.5 74.2 2.2
4.4 21.7 92.5 2.2
2.2 41.7 15.8 1.8
1.4 15.3 43.8 2.2
1.7 20.5 33.4 2
4.3 12.7 57 2.5
4.1 33.9 13.3 2.1
2.4 15.1 50.4 2
3.5 31.1 34.5 2
3.6 24.4 7 1.7
3.9 48.7 15.9 2
2.7 23.7 16.4 1.8
3.5 37.4 75.7 2.2
2.1 48.2 31.8 1.8
1.8 19.6 86.4 1.8
1.9 45.1 13.2 1.8
1 17 9.8 2.2
4.9 12.4 21.4 1.9
1.3 18.4 9.4 2.4
2.1 43.2 86.7 1.6
2.2 32.6 92 2.3
2.2 35.6 93.4 1.8
2 46.1 56.1 1.9
4.3 15.6 28.2 1.9
1.2 38.7 11.2 2.1
1.2 44.1 41.4 2.5
1.2 47.5 6.5 2
4.1 45.5 56.1 2
4 41.1 29.4 2.4
2.6 25.1 89.2 1.6
4.3 43.9 25.7 2.4
3.3 19 5.1 2.4
1.5 46.4 76.9 2.1
4.3 16.6 7.1 2.3
3.5 31.5 85.2 1.8
2.9 47.2 78.3 1.8
2.2 21.7 73 1.8
4.6 19.2 59.5 2
3.9 25.5 82.2 1.6
3.2 26.2 18.3 2
4.5 33.9 94.9 1.9
2.2 36.8 18.1 1.7
4.7 44 43.2 2.5
2.9 11.2 38.8 1.7
3.7 40.7 12.9 1.9
2.6 32 31.8 2.2
4 42.8 38.6 1.7
1.7 13.1 50.1 2.1
1.6 46.6 52.8 1.6
1.2 34 8.1 2.2
3.8 39 81.8 2
4.3 44.5 39.6 1.8
3.2 23.2 14.9 2.1
1.7 40.1 51.7 1.8
2.5 10.6 92.6 2.1
3.6 47.1 51.1 1.7
1 22.5 43.3 2.3
1.2 27 35.3 1.7
2.4 18.8 90.5 1.9
4.7 41.3 20.7 2.4
2.4 28.1 26.6 1.6
2 30.1 27.9 2.3
3.6 24.7 45.9 2.1
3.7 49.6 67.1 2.1
2.6 21.5 36.2 2.3
5 33.9 34.2 1.6
2.2 23.1 70.2 1.8
4.4 45.1 55.3 2.3
3.1 13.1 76.8 2.1
1.5 21.7 33.4 2.4
2.8 10.4 35.8 1.7
4 24.8 49.4 1.7
3.6 33.8 30.7 1.6
4 26.2 43.9 2
3.3 22.1 52.3 1.6
4.7 35.6 44.1 2.2
1.8 47 66.3 2.2
4 42.2 80.2 2
3 42.5 32.4 2.1
4.7 24.1 41.1 2.4
4.1 26.1 27 2.1
4.6 27.3 58.7 2
3.1 14.2 50.8 2.3
4.1 15.1 47.1 2.1
2.7 31.9 21 2
1.3 49.3 19.6 1.7
4.2 45.3 78.3 1.7
4.8 29.5 71.1 2.3
1.3 39.3 85 2.3
1.4 31.4 26.9 1.8
4.3 21.6 93.4 2.4
1.1 27.6 36.1 1.8
3.2 12.8 72.4 2
4.5 33.7 48.4 1.5
2.9 28.6 69.7 2
2.8 11 50 2.2
4.3 48 14.4 2.3
1 39.4 22.2 2.4
4.7 46.3 29 2.4
1.8 46.2 59 2.2
1.5 44.7 87.5 2.4
2.9 22.5 46.3 1.7
3.8 11.3 11.2 2.1
3.9 46.5 91.8 2
1.7 26.6 36.5 2
2.9 13 10.3 2.1
3 36.7 41.5 1.8
4 36.9 77.3 1.7
4.2 16.9 53.6 1.8
1.5 12.9 25.3 1.9
2.7 22.2 48.1 2.4
2 11.9 43.2 2.2
1.7 29.5 66.5 1.7
4.6 11.8 11.6 2.1
1.7 21.6 74.2 1.7
4.2 37.5 57.2 2.1
2.7 12.8 73.8 1.6
2.9 30.6 92.1 1.7
4 36.4 17.9 1.8
4.7 45.7 42.8 1.6
3.7 14.2 5.1 1.8
3.5 37.1 24.6 1.9
2.8 38.6 16.1 1.6
1.9 39.5 81.6 1.6
3.8 41.5 83.6 1.7
2.3 25.6 70.5 2
3.3 45.4 89.5 1.6
2 35.2 77.5 2
2 44.5 21.5 2
3.4 42.2 33.5 2.4
4.3 40.2 47.9 2.1
1.4 46.8 88.4 1.6
1.8 15.2 84.4 2.1
3.6 40.2 53.4 2.2
4.5 26 87.7 1.7
3.1 22.1 31.2 2.4
3 20.7 90 1.8
1 32.3 85.6 1.6
3.6 41.5 27.5 2.4
3.3 45.4 20.5 2.1
4.5 38.9 84.9 1.7
3 24.6 48.2 1.8
2.7 23.9 35.9 2.2
2.9 17.8 14.1 2.4
4.9 40.2 38.7 1.5
4.1 34.9 19.3 1.5
3.3 35.3 93.6 2.5
4.9 23.6 30.4 2
3.1 27.1 9.9 2.5
3.5 34.3 34.7 2.2
2.1 12.3 41.7 2.3
3.7 25.1 50 2
4 45 11.8 1.9
4.4 41 70.7 2.5
1.2 11.7 67.2 1.9
1 27.7 10.9 2
1.4 10.1 82.4 2.5
2.6 34.1 11.8 1.7
4.9 45.6 60.9 1.7
3.9 42.9 6.7 2
1.8 41.4 35.8 1.7
3.9 28.7 29.8 2.2
1.3 13.7 38.2 1.8
1.3 45.8 73.8 2.1
4.2 28.5 37 1.7
1.5 37.3 67.8 2.5
3.9 16.1 7.9 1.8
4.1 34 60.1 2.2
4 25.7 19.2 1.8
2.7 17.5 88.5 2.1
4 43.6 24.8 2.4
4.9 41.7 36.5 2.4
2.9 13.9 51.8 1.9
1.9 48.2 94.5 1.8
1 34.3 23.2 2.3
4.5 18.7 51.2 2.2
4.9 29.8 79.9 1.8
3.9 14.9 38.8 2.2
2.3 38.2 93.7 1.7
3.7 13.6 18.2 2.3
2.1 36.8 11.6 2.1
2.4 31.2 11.2 1.9
3.6 31.4 89.6 1.7
4.9 24.8 30 2.1
4.8 31.6 53 1.9
2 45.6 12.8 2.5
2.9 32.1 32.1 2.5
4.3 37.2 16.2 2.1
2.1 37.9 57.5 1.9
2 47.2 44 2.4
3.5 39.1 42.4 2
3.4 25.8 83 2.2
2.7 36.9 50.8 1.6
3.4 27.9 32.3 1.6
4 11.5 89.5 1.9
1.3 48.2 34.6 2
3.4 21.3 69.4 1.7
4.1 44 31.4 1.9
2.5 33.4 90.4 1.7
4.2 24.5 37 1.9
2.3 40.7 7 2
4 24.6 22.5 2.1
3.1 47 22.1 2.2
1.3 44.5 51.3 2.3
4.9 40.6 12.5 2
4.9 38.9 30.4 2.1
1.5 28.1 23.8 1.6
2.4 22.9 11.4 1.7
3 12.6 17.5 2.4
4.3 38.8 79.1 2.3
4.7 39.9 37.1 1.6
3.3 31.4 8.1 1.8
5 43.1 13.7 1.6
4.4 29.7 16 2.1
3.5 29.6 84.5 2.5
3.9 22.6 11.8 2.4
4.2 18.8 61 2.3
3.5 32.1 28.6 2.2
1.5 18.9 15.1 1.8
3.8 44.9 80.5 2.4
2 21 44.4 2.5
4.5 14.4 52.8 1.6
4.4 14.2 52.9 2.1
2.4 18.1 68.7 1.7
2.7 21.1 50.9 1.7
1.7 24.1 18.1 1.7
4.8 49.9 68.1 1.7
5 12.5 67.9 1.7
2.7 33.1 19 2.2
2.8 26.9 59.2 1.8
2.7 18.5 11.8 2.2
2.6 25.5 93.8 1.9
3.6 14.5 36.4 2.3
4.8 15.9 31.8 1.7
3.8 16.6 15.4 2.4
2.6 30.4 83.2 1.6
2.2 36.9 21.7 1.7
4.1 28.1 69.5 2.2
3.9 22.6 84.3 2
3.8 35.6 63 1.8
3.9 13.3 87.6 2.4
4.9 39.5 32.1 1.7
1.7 48.3 28.9 2.2
2.8 19.8 74.7 2.2
1.1 29.4 57.5 1.6
1.7 44.4 34 1.8
1.3 30.9 7 1.9
1.7 40.3 33.3 1.6
3.2 42.5 65.5 2.1
3.3 19.5 94.3 2.1
4.4 41.3 30.1 1.6
1.7 16.4 22.3 2.4
4.9 31.3 28.2 1.9
3.7 47.4 70 2.1
2.6 32.2 17.3 2.1
2.2 22.1 41.6 1.7
4.1 18.8 35.9 2.3
3.2 32.3 78.6 1.9
2.9 20.4 30.1 1.7
1.3 15.8 89.4 2.4
4.2 32.7 51.1 1.8
2.6 28.8 58.1 1.5
4.7 35.3 30.7 2.4
2 11.8 26.2 2.3
2.2 36.1 64.5 1.8
3.7 28 13.6 2.2
1.8 35.9 10.4 2.4
1.9 48.4 69.5 2
1 34.7 25.2 1.7
4 39.1 15.8 2.2
4.6 13.1 32 1.9
1.2 16.5 39.1 1.9
1.1 34.2 7.7 1.7
2 30.6 61.7 2
4.2 23.6 55.3 2.4
2.6 38.6 86.1 2.1
2.1 30.8 48.5 1.9
4.4 19.1 89.2 2.4
2.1 31.1 39.1 1.7
1.9 22.6 6 1.9
3 47.9 8.3 1.8
3.5 26 90.9 1.5
3.9 48.7 77.9 2.1
1.6 45.3 59.9 1.7
2.6 23.4 47.1 2.1
1.7 38.2 11.5 1.7
2.6 20.5 42.3 2
3 50 35.9 1.7
3.7 36.2 76.2 1.8
5 33 60.1 1.8
4 41.9 61.7 1.6
4.9 46.3 57.9 1.6
2.9 43.5 47.4 1.7
4.2 26.5 12.3 2.2
3.8 10.3 91.6 2.1
3.5 21.8 89.9 1.8
4.3 39.2 65.5 2.1
3.3 33.1 67.1 2.4
4.6 26.1 20.7 2.4
2.9 41.8 80.6 2.2
2.4 28.6 88.2 2.4
1.4 25.1 80.7 1.9
2.8 32.8 11 1.9
2.9 15.5 9.7 1.8
2.7 18.3 48.3 2.2
1.4 26.6 57.3 2.2
3.7 49.9 33 2.2
4.5 31.4 5.5 1.5
4.3 35 54.2 1.7
3.1 11.5 15.9 2.1
1.1 49.3 27 2.1
1 46 6.1 2.3
1.9 29.5 28.6 2.5
4.7 41.4 49.4 2.1
4.6 21 23.2 2.1
2.8 16.2 72.2 2.3
1.7 46.1 64.1 2.3
3.1 10.3 87 1.7
1.3 23.5 22.3 2
1.6 26 69.6 2.4
3.1 29.6 83.9 2.2
2.1 28.2 27.2 1.9
4.9 42.3 57.8 1.8
4.9 26.6 35.6 1.7
5 28.4 29.6 2.1
2.7 29.8 32.4 1.7
3.1 25 26.1 1.6
1.5 14.3 83.3 2
3 19.1 49.3 1.7
3.1 46.1 35.7 1.5
2.1 44.6 72.5 2
1.4 41.3 6 1.8
2.9 46.2 34.8 1.5
1.1 42.3 94.1 1.7
3.8 21.4 31.2 1.9
2 41.6 34.8 2.1
4.4 36 19.7 2
1.9 30.9 38.4 1.8
2.3 43.8 61.6 2
1.5 43.4 52.4 1.9
4.2 19.3 66 1.9
3.9 39.6 53.6 1.5
2.3 43.1 65.5 2.3
1 43.8 89.8 1.8
2.9 43.5 16.3 1.6
2.5 17.4 83.1 1.6
1.8 12.8 72.1 1.6
3.4 14.8 74.7 2.5
4.9 20.5 85.6 2.4
3.6 28.8 87.7 2.5
2.2 40.9 44.2 1.7
3 48.7 78.1 2.5
3 18.8 7.7 2.3
4 12.7 46.3 2.2
1.8 34.4 74.4 2
4.9 11.3 94.5 2.3
1.4 34.1 73.4 1.9
1.4 20 7.5 1.8
2.8 12.1 67.3 2.2
2.3 44 39.8 1.8
4.3 29.2 44.7 2.5
4.5 29.3 59.7 1.8
3.2 15.1 19 1.7
2.2 37.5 67.2 2.1
3.2 30.6 45.2 2
1 30 66.9 1.9
1.7 26 5.4 2.3
2 15 13.6 1.7
2.8 29.9 10.8 2.4
1 40.9 85.6 1.9
1 27.6 73.7 1.9
1.9 25.7 83 2.2
4.9 12.7 49.2 2.4
4 37.5 10.8 1.7
4.5 15.5 33.4 1.9
3.5 18.9 46.8 2
2.4 21 40.4 2.4
1.9 18.3 21.6 1.9
2.9 32.8 94.5 2.5
3.2 25.1 8.9 1.5
1.3 13.6 50.5 2.2
2.3 48.3 13.5 1.9
4.4 47.8 51.7 2
4 16.4 77.8 2.4
4.9 12.6 7.5 2.3
1.4 46.2 7.4 1.6
2 18.5 33.2 1.8
1.2 26.5 81.4 1.7
2.7 33.5 72 2.2
1.7 12.4 21.5 1.6
2.6 14.5 33.7 2.2
1.7 40.2 91.9 2.1
4.7 31.2 25.4 2
4.4 24.5 47.9 2.2
4.7 36.8 57.4 2.2
3.8 44.9 12.8 2.1
2 49.8 25 1.6
5 23.5 6.1 2.4
2.6 31 77.6 2.3
3.2 19.9 72.5 2.2
4.2 19.5 92 2.3
1.6 17.6 17.2 2.2
2.9 20.8 19.6 2
2.5 13.8 65.5 2.3
4.8 23.9 88 1.9
2.5 32.6 25.2 2.3
1.6 17.9 66.6 2.3
4.5 42.6 22.5 1.7
3.4 33.4 79.9 1.9
1.9 15.3 8.8 1.8
4.3 34.7 12.5 2.2
4.7 25 71.6 2.3
1.8 10.7 22.3 2.2
1.5 13.7 91 2.3
2 47.8 27.7 2.1
2.6 19.4 57.9 1.9
1.6 19.8 85.2 1.7
1.9 43 49 1.5
4.8 27.6 19.8 2.3
4.6 34.3 17 1.5
4.3 39.1 79.9 1.7
1.7 44.5 37.3 1.7
4.2 22.6 6.4 1.9
2.7 42.5 69.7 1.7
3.9 17.8 45.4 2.3
4.2 27 46.4 2.4
4.2 38 19.6 1.5
4.8 14.7 49.4 2
3.3 25 83.2 2.1
2.7 18.2 41.5 1.9
4.7 42.4 57.9 1.6
1.6 29.7 59.6 2.5
1.9 19 27.2 2.3
4.4 33.3 85.8 2
1.1 42.7 83.4 1.9
3.6 35.7 27.1 2.5
4.2 37.3 57 1.6
1.4 44.5 55.3 2.4
2.4 19.7 79.4 1.8
1.9 10.6 51.5 1.9
3.6 25 28.9 2.3
2.5 23.8 65.5 2.1
1.8 39.1 24.4 2.3
2.6 42.9 36.1 2.3
2.3 19.5 87.7 2.5
1.6 31.6 14.7 1.6
3.8 38.9 56.9 1.8
4.6 26.6 45.7 2.3
4 43.4 67.2 1.6
3.7 30.1 32.6 2
2 11.8 53.2 2.2
4.2 34.7 39.1 2.3
1.5 31.9 94.5 1.8
1.2 37.9 84.7 1.9
1.4 38.5 60.2 1.9
4.6 44.1 84.9 1.9
4.9 36.4 62.4 1.5
3.2 37.8 28 2.4
4.9 39.9 64.8 2.4
4 18.9 20.2 1.7
3.2 17.1 47 2.4
1.6 38.5 5.7 1.8
3.5 40.1 5.8 2
1.1 41.8 80.7 1.9
2.8 35.1 21.6 2.2
4.3 17.8 11.8 2.2
2.9 48.3 32.8 1.7
1.7 19.8 42.5 2.4
4.5 23.1 20.3 1.7
2.2 11.8 46.3 2.2
2.5 28.3 40.9 1.7
4.1 46.8 36.2 1.8
2.9 44.8 49.7 1.8
3.5 43.9 49.9 2.4
3.5 32.4 58.5 1.6
2 46.7 47.3 1.8
2.6 33 14.4 2.4
4.5 29.5 8.6 1.6
2.3 43.6 73.7 1.8
3.7 29.5 65.4 2.3
4 18.8 93.6 1.7
3.7 37.8 72.4 2.3
3 25.7 38.4 1.9
2.7 22.4 54.4 1.9
1.2 33.4 82.2 1.5
4.1 15.6 81.3 1.7
1.5 17.7 64.2 2.2
4.4 14.9 62.6 1.7
1.9 23.9 69.5 2.1
3.1 30.1 91.6 1.6
3.8 25.7 15 2
1.7 27.4 40 2.4
4.5 45.4 11 1.6
3.8 17.3 30.9 1.7
1.6 20.5 37.6 2
1.7 40 13.1 1.8
4 33.6 37.2 2.3
2.6 14.1 72 2.2
4.9 16.4 87 2.1
3.8 15.2 67.2 2
3 40.1 80.3 1.9
2.9 16.1 18.9 2.3
2.1 24.7 64.1 2.2
3.8 47.3 31.4 2
2.1 45 22.2 2.5
3.7 10.7 9.1 1.5
3 34.2 72.2 1.8
4.5 14.6 52 2.3
3.9 34.9 91.4 2.4
3 46.9 44.2 1.8
4.1 31.7 77.1 2
3.9 17.6 80.7 1.8
4 34.4 53.3 1.9
4.4 43.2 93.3 2.3
4.3 10.6 55.7 1.6
1.8 33.9 80 1.7
1.1 36.7 39.2 2.1
2 25.5 11.9 1.9
1.6 21.1 65.2 2
4.3 45.2 86.8 1.8
3.5 30.9 49.6 2.4
3.1 48.7 28.3 2.2
2.3 15.4 9.1 2.2
4.1 28 65.5 1.6
1.4 37.1 84.2 2
3.2 33.6 74.9 2.3
2 24.7 90.2 2.2
4.2 12.8 87.6 2.2
3.6 43.7 32.2 1.9
3.6 45.2 81.2 1.9
3.6 48.7 44.3 2.5
4.3 42.4 44.2 1.8
2 34.8 69.3 2.1
2.3 47.2 54.8 1.8
2.2 12.3 63.1 1.9
3.1 23.5 57.2 1.7
3.3 39.3 91.5 1.9
4.8 36.1 87.4 2
5 48.9 29.2 2
4.3 49.3 71.3 1.7
4 44.5 80.4 2
3.7 18.7 65.7 1.5
3.4 27.6 69.1 2
1 36.3 16 2.3
2.9 21.4 88.5 1.6
4 40.9 59.9 2
3.8 13.3 87.2 2.1
3.4 31.7 83.9 1.8
4.9 26 43.9 1.5
3.6 21.1 91.4 2.2
1.3 20.9 69.1 2.4
1 31.1 28.7 2.3
1.4 17.7 21 2.5
3.7 11 70.4 2.4
4.1 25.9 70.6 2.3
4.1 39.9 15.2 2.2
1.4 22.5 51 1.7
4.6 17.9 24.1 1.6
3.1 22.6 16.6 1.6
4.5 20.5 15.1 1.7
3.8 26.8 15.8 1.5
4.8 17.1 31.5 1.8
3.4 41 12.6 2.2
1.8 46.4 13.5 2
4.7 45.6 26.3 2.4
3.6 40.8 88.3 1.6
2.6 46.6 84.4 2.2
4.3 48.6 17.7 2
3.7 48.5 16.5 2.4
2.6 29.4 94 2.3
4.5 11.7 83 1.6
4.8 33.1 51.8 2.1
4 25.8 12.4 2
1.2 34.4 39.7 2.2
2.3 43.2 11.4 2.1
3.7 17.5 18 1.5
1.8 38.5 95 2.4
4.7 28.5 67.7 1.6
3.2 33.7 81 1.7
1.3 44 10.9 2
1.8 41.5 8.6 1.9
1.2 25.8 51.7 2.5
3.7 48.6 92.3 2.2
1.9 30.5 31.2 2.1
1.3 20.2 90.4 2.2
3 40.4 36.3 1.5
2.1 29.2 57.3 1.9
4.4 13.2 87.3 1.5
4.9 21 14.9 1.5
3.8 24.1 5 2.2
4.5 39.4 62 2.4
3.3 45.2 7 2.4
2.3 35 23.6 2.1
3 32.3 13.1 1.7
4.6 41 18.3 1.7
1.7 15.7 18 2.4
3 37.4 85.4 2
1.7 42 93.1 1.7
1.6 12.8 40.8 2.3
4.8 31.8 76.2 2.5
3 26.7 22.6 2.5
4.7 33.9 92.7 2.1
3.3 24.5 22.8 2.4
2.2 12.2 48.1 2.4
1.2 44.1 36.2 2.3
3.4 25.7 28.2 2.3
1.4 13.9 72.5 2
4.6 26.3 49.7 2.4
3.4 14 60.4 2.3
4.2 15.2 64.3 1.5
2.6 43.7 90.2 2.5
4.6 37.7 55.5 1.6
3.3 11.7 90.7 1.9
1.9 38.4 13.9 1.7
1.6 10.8 71.4 1.6
2.4 41.1 56.2 1.8
1.4 20.8 68.7 2
4.6 39 26.3 1.9
3 10.1 35 2.1
4.8 44.4 26.9 2
4.3 12.8 62.1 1.5
4.5 17.2 54.9 1.6
3 37.5 74.1 2.1
2.7 27.5 70.7 1.9
2.4 18 42.5 1.5
3.5 19.7 9.2 1.7
1.2 13.9 8.3 1.9
5 24.9 65.1 1.6
4.7 40.2 16.3 1.9
1.4 42 51 2.4
3.5 44 41.2 2.4
4 38.9 57.4 1.6
2.6 36.8 9.1 2.4
1.8 14.7 71.6 1.6
4.5 19.6 45.8 2
3.2 27 25 1.6
4.9 22.6 53.8 2
2.4 40.7 86.9 1.9
4 22 33.9 2.5
3.8 49.9 22.6 2.5
1.3 18.1 84.6 2
2 23.3 73.4 1.9
1.5 17.6 14.3 1.7
4.7 34.7 19.4 1.8
2.1 11.3 48.4 1.9
1.3 36.7 46.6 2.4
2.9 29.8 92.6 1.8
2.1 21.9 87.3 1.9
2.9 27.7 69.7 1.8
1.1 43 32.6 1.6
2.5 13.3 18.2 1.8
2.8 40.2 84.3 1.9
1.9 47.5 82 2.4
2.3 14.2 73.9 2.2
4.9 34.6 56.8 2.3
3.1 35.7 12.3 1.8
2 26.4 23.8 2.2
2.6 22.8 83.3 1.9
3.1 42.8 36.1 1.9
1.4 36.1 76.1 2.1
2.8 37.4 47.4 1.7
3.4 31.4 49.8 2
3.1 29.1 52 2
4.6 36.9 64.6 2.1
3.2 35 37.8 2
4.3 14.9 41 2
3.4 15.7 7.6 1.8
3.2 16.8 45.9 2.3
4.6 22.6 7.8 1.8
3.3 31.3 84.3 1.9
3.9 45.7 48.5 2.1
5 35.7 9.8 2.1
1.7 40.4 32.3 1.5
2.7 29.8 83 1.8
2.8 32.1 23.1 1.6
4.1 44.7 38.3 2.5
4.1 48.3 71.4 2.3
4.3 49 61.7 2.1
1.1 26.3 29.1 2.4
3.5 45.3 33.1 2
1.7 25.4 74.4 2.2
1.5 21.1 31.4 1.6
1.4 21.9 66.1 1.8
1.3 44.1 67.5 2
2.2 41.9 87.7 2.3
3.9 20.5 37.2 1.6
3.3 13.6 30.6 1.7
2.1 24.5 56.5 1.9
3.2 33.9 5.1 2.2
3.4 48.9 55.8 1.7
1.5 37.1 49.4 2
4.4 14.2 70 1.6
2.5 26.6 40.7 1.8
1.3 42.5 85.5 2.2
4.2 23.7 34 2.3
4.6 33.3 89.6 1.6
3.6 12.9 69.7 1.9
4.1 31.4 21.8 1.6
4.1 31 59.2 1.9
1.1 47 48.9 2.3
1 47.8 51.4 2.3
5 46.9 9.2 2.4
2.9 26.8 30.5 2
2.6 35 76.2 1.5
2.1 36.8 24.7 2.5
4.2 17.7 59.1 2.3
2.1 15.7 73.3 2.4
4.2 33.5 86.9 1.6
1.3 27.1 50.5 1.6
2.1 39 63.5 2.4
3.5 23.2 77.6 2.3
1.9 40.6 68 2.3
3.9 12 36.3 2.1
2.4 19.8 82.9 2.1
2.1 30.5 86.4 1.9
4.8 40.5 33 1.5
3.2 44.4 84.7 2.2
3.6 31 18.6 1.9
3.1 48.6 91.9 1.6
2.3 13.6 7.1 2.1
3.1 45.7 17.7 2.3
3.2 16 58.6 2.1
4.3 13.9 38.7 2.2
1.2 33.1 56.1 1.8
1.8 38 72.4 1.6
2.2 39.4 65.7 2
1.7 24.7 52.9 1.7
1.6 25.4 16.8 2.1
2.2 47.5 22.1 1.6
3.7 10.6 76.4 1.7
4.5 45.3 54.2 2.1
2.3 18.1 8.8 2.2
4.9 15.7 52.2 1.7
4.6 21.4 94.3 1.6
1.3 35.2 93.3 2.4
3.8 49 78.3 1.9
1.2 14 18.5 1.9
2 16.8 42.2 1.8
5 38.4 31.7 2.2
2.2 27.1 34.1 2
2 11.9 44.6 2.3
4.3 24.7 71.1 1.6
1.5 35.9 55.9 1.9
2.1 44.5 51.8 2.2
1.8 41.5 57.7 2.1
3.9 11.9 11.8 1.5
2.4 38.9 75.8 1.6
1.3 26.3 15.5 2.2
4.7 44.1 70 2.3
2.5 25.3 54.6 2
4 16.2 24.5 1.9
3.7 31.3 77.1 2.1
4.8 37.8 47.2 1.6
3.9 29.5 11.7 1.7
3.6 48.5 57.8 2
2.1 35.3 90 2.1
4.9 42.7 31.5 1.9
4.4 24.8 34.1 2
1.5 14 58.3 1.6
4.1 44.3 69.3 1.6
1.4 22.1 59.5 1.9
4.6 14.3 71.6 2.3
2.3 12.5 40.4 2.3
5 23.4 27.4 2.3
2.2 35.4 29.5 1.8
2.3 15.5 12.1 2.2
2.6 47.6 27.7 2.2
4.6 10.7 64.3 1.9
1.8 44.5 8.6 2.3
2.5 20.2 47.6 1.8
2.8 23.5 53.1 1.7
4.6 40.6 63.6 1.6
1.3 22.6 84.8 2.2
2.8 13.6 28.2 1.8
1.2 38 67.8 2.3
1.9 21.6 76.5 2
1.4 41 9.6 2.3
1.8 18.4 59.3 1.7
1.2 13.2 93.6 1.6
4.1 38.5 36.8 2.3
3.7 44.5 14.4 2.2
3.9 12.4 39.5 1.5
3.2 16 12.9 2
1.2 43.3 37.8 1.7
1.7 25.4 6.8 1.8
2.3 15.5 36.8 1.9
1.9 18 87.9 1.8
3.9 36.1 9.6 2
1.2 42.6 87.4 1.7
4.2 20.5 43 2
4.9 11.1 67.4 1.6
4.6 23.6 47.4 2.4
4.7 46.2 43.5 1.9
4.4 33.4 36.7 1.9
4 27.3 80.2 1.9
3.5 11.8 50.2 1.5
4.6 28.9 22.4 1.8
2.4 17.5 13 1.7
3.7 35 29 2
3.2 34.1 11.4 2.4
1.7 29.9 60.7 1.7
4.3 42.3 31.8 2.3
3.3 13.2 84.1 2.4
4.3 45.4 50.5 1.7
4.7 28.4 88.8 2.4
3.2 38 40.1 1.9
2.3 10.3 56.1 2.2
1.4 20.5 52.9 2.4
2.5 28.5 73.3 2.1
1.3 41.4 33.8 2.3
1.9 46.4 7.1 1.7
3.2 42.2 35 2.3
4.4 25.2 38.4 1.6
3.5 22.2 13.3 2.3
3.4 49.5 46.9 2.4
1.3 18.6 17.5 2.5
3.8 24.2 52.5 2.3
1.5 12.5 33.3 1.9
1.2 31.2 55.3 1.5
2.9 14.1 31.7 2
4.6 47.9 28.8 1.6
1.3 41.3 11.6 2.3
4 10.9 38 2.2
4.9 33 14.9 2.4
2.7 39.5 18.8 1.7
1.2 13.6 39.6 2.5
3.2 31.9 26.4 2.1
3 28.8 60.7 1.5
2.3 11.4 79.5 2.4
1.1 37.4 50.3 1.6
4.1 36.7 76.1 1.7
3.2 32.7 77.5 2.3
1.8 17.7 59.3 1.9
3 27.5 13.1 1.5
5 16.7 43.7 1.8
3.4 20.3 43.8 2.2
4.5 21.9 63.7 2.4
3.1 10.2 90.6 1.9
0.4 0.3 0.3 0.4 0.3 0.4 0.4 0.3 0.3 0.4 0.4 0.3 0.3 0.3 0.3 0.3 0.2 0.3 0.3 0.3 0.3 0.2 0.3 0.3 0.3 0.3 0.4 0.4 0.4 0.2 0.2 0.4 0.4 0.2 0.2 0.3 0.3 0.2 0.3 0.2 0.2 0.3 0.2 0.3 0.3 0.3 0.4 0.2 0.4 0.3 0.2 0.3 0.3 0.4 0.2 0.2 0.3 0.3 0.4 0.4 0.3 0.4 0.3 0.3 0.3 0.3 0.2 0.3 0.3 0.3 0.2 0.3 0.3 0.3 0.3 0.4 0.4 0.4 0.3 0.3 0.4 0.3 0.2 0.3 0.3 0.4 0.4 0.3 0.3 0.3 0.4 0.4 0.3 0.4 0.3 0.2 0.3 0.4 0.3 0.4 0.4 0.3 0.2 0.4 0.3 0.3 0.3 0.2 0.4 0.3 0.3 0.3 0.2 0.3 0.3 0.2 0.2 0.3 0.4 0.2 0.2 0.3 0.2 0.4 0.3 0.3 0.3 0.2 0.4 0.2 0.2 0.4 0.3 0.3 0.3 0.4 0.2 0.4 0.3 0.2 0.3 0.2 0.3 0.3 0.4 0.3 0.4 0.3 0.2 0.4 0.2 0.2 0.3 0.4 0.2 0.2 0.3 0.4 0.2 0.2 0.4 0.2 0.3 0.4 0.3 0.2 0.3 0.3 0.2 0.3 0.3 0.3 0.3 0.2 0.3 0.3 0.2 0.4 0.3 0.3 0.2 0.3 0.4 0.2 0.2 0.2 0.4 0.3 0.4 0.3 0.2 0.2 0.3 0.2 0.3 0.3 0.2 0.3 0.3 0.4 0.2 0.3 0.4 0.2 0.3 0.3 0.2 0.3 0.3 0.4 0.4 0.3 0.4 0.3 0.3 0.4 0.3 0.4 0.3 0.3 0.3 0.3 0.3 0.2 0.4 0.3 0.3 0.3 0.2 0.3 0.3 0.4 0.3 0.3 0.3 0.3 0.4 0.2 0.3 0.3 0.2 0.3 0.4 0.3 0.2 0.3 0.3 0.3 0.2 0.4 0.2 0.3 0.2 0.2 0.3 0.3 0.3 0.4 0.4 0.4 0.3 0.4 0.3 0.3 0.3 0.4 0.3 0.3 0.3 0.3 0.2 0.3 0.4 0.2 0.3 0.3 0.3 0.2 0.3 0.2 0.3 0.2 0.3 0.3 0.3 0.2 0.3 0.4 0.3 0.3 0.3 0.4 0.3 0.2 0.3 0.2 0.4 0.4 0.4 0.4 0.3 0.2 0.3 0.2 0.3 0.3 0.3 0.2 0.3 0.3 0.3 0.3 0.2 0.3 0.2 0.3 0.4 0.3 0.3 0.3 0.3 0.3 0.3 0.3 0.3 0.3 0.3 0.3 0.4 0.2 0.3 0.2 0.2 0.3 0.3 0.3 0.3 0.2 0.2 0.2 0.3 0.4 0.3 0.3 0.3 0.2 0.3 0.3 0.2 0.4 0.3 0.3 0.2 0.2 0.3 0.3 0.4 0.2 0.2 0.3 0.4 0.3 0.4 0.3 0.4 0.4 0.4 0.4 0.3 0.2 0.3 0.4 0.2 0.2 0.2 0.2 0.3 0.3 0.3 0.4 0.4 0.3 0.3 0.3 0.3 0.2 0.3 0.2 0.4 0.3 0.2 0.4 0.3 0.3 0.2 0.4 0.3 0.4 0.2 0.2 0.4 0.4 0.3 0.4 0.4 0.3 0.2 0.4 0.4 0.2 0.4 0.3 0.4 0.3 0.3 0.2 0.3 0.3 0.2 0.4 0.3 0.3 0.3 0.4 0.3 0.3 0.3 0.2 0.4 0.2 0.3 0.3 0.3 0.3 0.3 0.4 0.4 0.3 0.2 0.3 0.3 0.3 0.3 0.3 0.3 0.3 0.2 0.4 0.2 0.3 0.3 0.3 0.4 0.2 0.3 0.3 0.3 0.4 0.4 0.3 0.2 0.2 0.4 0.3 0.4 0.3 0.4 0.2 0.2 0.2 0.3 0.3 0.2 0.3 0.3 0.3 0.2 0.3 0.3 0.4 0.4 0.3 0.2 0.3 0.4 0.3 0.3 0.2 0.3 0.2 0.3 0.4 0.2 0.4 0.4 0.3 0.3 0.2 0.2 0.3 0.2 0.2 0.3 0.2 0.3 0.3 0.2 0.2 0.2 0.3 0.2 0.3 0.4 0.2 0.4 0.3 0.2 0.2 0.3 0.3 0.3 0.2 0.4 0.2 0.2 0.3 0.3 0.3 0.4 0.2 0.2 0.4 0.2 0.2 0.2 0.3 0.2 0.4 0.2 0.3 0.2 0.4 0.4 0.2 0.2 0.2 0.4 0.3 0.3 0.3 0.3 0.3 0.3 0.3 0.4 0.2 0.2 0.4 0.4 0.4 0.3 0.4 0.2 0.2 0.3 0.4 0.3 0.3 0.3 0.3 0.3 0.3 0.3 0.3 0.2 0.2 0.3 0.4 0.4 0.3 0.3 0.3 0.3 0.4 0.3 0.3 0.2 0.2 0.2 0.4 0.3 0.3 0.4 0.4 0.4 0.3 0.3 0.4 0.4 0.3 0.2 0.3 0.3 0.3 0.3 0.2 0.2 0.2 0.3 0.3 0.2 0.4 0.3 0.3 0.3 0.3 0.3 0.3 0.2 0.2 0.4 0.4 0.4 0.3 0.3 0.4 0.2 0.3 0.4 0.3 0.3 0.3 0.4 0.4 0.3 0.3 0.2 0.2 0.3 0.2 0.4 0.3 0.3 0.2 0.3 0.3 0.3 0.3 0.3 0.4 0.4 0.2 0.2 0.2 0.3 0.2 0.4 0.3 0.2 0.3 0.3 0.3 0.2 0.2 0.2 0.3 0.3 0.3 0.4 0.3 0.3 0.3 0.3 0.3 0.3 0.2 0.3 0.4 0.3 0.4 0.3 0.3 0.2 0.2 0.3 0.3 0.2 0.3 0.4 0.2 0.3 0.2 0.4 0.3 0.3 0.3 0.2 0.3 0.4 0.4 0.3 0.3 0.4 0.3 0.4 0.3 0.4 0.3 0.3 0.4 0.3 0.4 0.3 0.3 0.3 0.4 0.4 0.2 0.4 0.3 0.3 0.3 0.4 0.2 0.4 0.3 0.4 0.3 0.3 0.2 0.2 0.3 0.2 0.2 0.3 0.2 0.3 0.3 0.4 0.3 0.3 0.4 0.3 0.3 0.3 0.3 0.3 0.4 0.3 0.4 0.2 0.2 0.3 0.2 0.3 0.3 0.2 0.2 0.3 0.2 0.3 0.2 0.2 0.3 0.2 0.3 0.4 0.3 0.3 0.3 0.3 0.2 0.3 0.4 0.3 0.4 0.4 0.3 0.3 0.3 0.4 0.4 0.3 0.3 0.2 0.4 0.4 0.4 0.2 0.3 0.3 0.3 0.3 0.3 0.2 0.2 0.2 0.2 0.3 0.3 0.3 0.2 0.3 0.2 0.3 0.3 0.3 0.2 0.3 0.3 0.3 0.3 0.4 0.4 0.2 0.2 0.3 0.3 0.2 0.3 0.3 0.2 0.3 0.2 0.4 0.4 0.3 0.4 0.3 0.4 0.3 0.4 0.4 0.3 0.3 0.3 0.4 0.3 0.4 0.2 0.3 0.2 0.3 0.3 0.3 0.3 0.2 0.3 0.4 0.3 0.3 0.4 0.3 0.3 0.4 0.4 0.3 0.2 0.2 0.3 0.4 0.4 0.2 0.3 0.4 0.3 0.4 0.2 0.4 0.3 0.3 0.4 0.3 0.4 0.4 0.4 0.2 0.2 0.2 0.4 0.2 0.3 0.3 0.3 0.3 0.4 0.3 0.3 0.4 0.4 0.3 0.2 0.4 0.3 0.4 0.4 0.3 0.2 0.3 0.4 0.3 0.2 0.2 0.4 0.3 0.4 0.3 0.3 0.2 0.3 0.3 0.2 0.4 0.3 0.4 0.2 0.3 0.3 0.3 0.2 0.2 0.2 0.4 0.4 0.3 0.4 0.3 0.2 0.4 0.3 0.3 0.2 0.3 0.4 0.2 0.3 0.3 0.3 0.2 0.4 0.2 0.2 0.3 0.3 0.4 0.3 0.2 0.3 0.2 0.3 0.3 0.3 0.3 0.4 0.2 0.4 0.3 0.4 0.3 0.3 0.3 0.2 0.4 0.2 0.3 0.2 0.3 0.3 0.4 0.2 0.3 0.2 0.3 0.2 0.2 0.4 0.3 0.3 0.3 0.2 0.3 0.3 0.4 0.2 0.2 0.2 0.2 0.3 0.4 0.3 0.4 0.3 0.3 0.3 0.3 0.4 0.3 0.3 0.3 0.3 0.3 0.3 0.2 0.4 0.2 0.3 0.3 0.4 0.3 0.2 0.3 0.3 0.3 0.4 0.3 0.2 0.3 0.4 0.3 0.2 0.4 0.2 0.3 0.3 0.2 0.3 0.2 0.2 0.3 0.4 0.4 0.3 0.3 0.4 0.4 0.3 0.3 0.3 0.3 0.3 0.2 0.3 0.4 0.3 0.3 0.3 0.2 0.3 0.4 0.4 0.3 0.3 0.3 0.3 0.2 0.4 0.3 0.2 0.3 0.3 0.2 0.3 0.4 0.3 0.2 0.3 0.2 0.4 0.4 0.2 0.2 0.4 0.4 0.3 0.3 0.3 0.3 0.3 0.2 0.3 0.3 0.3 0.3 0.2 0.2 0.2 0.2 0.3 0.3 0.3 0.3 0.4 0.2 0.3 0.3 0.3 0.3 0.4 0.3 0.4 0.3 0.4 0.2 0.3 0.3 0.2 0.3 0.3 0.4 0.3 0.2 0.2 0.4 0.3 0.4 0.4 0.3 0.3 0.2 0.3 0.2 0.3 0.3 0.3 0.4 0.2 0.3 0.2 0.3 0.3 0.3 0.2 0.3 0.3 0.3 0.4 0.2 0.3 0.3 0.2 0.2 0.3 0.3 0.4 0.4 0.3 0.3 0.3 0.3 0.3 0.2 0.4 0.3 0.2 0.4 0.3 0.2 0.4 0.3 0.3 0.3 0.4 0.3 0.2 0.3 0.4 0.2 0.4 0.2 0.2 0.3 0.3 0.3 0.4 0.2 0.2 0.3 0.3 0.3 0.4 0.4 0.2 0.3 0.4 0.3 0.3 0.4 0.3 0.3 0.4 0.2 0.3 0.4 0.4 0.3 0.3 0.2 0.3 0.3 0.4 0.2 0.2 0.3 0.2 0.4 0.3 0.2 0.2 0.4 0.3 0.3 0.4 0.2 0.3 0.4 0.4 0.4 0.3 0.3 0.3 0.2 0.3 0.3 0.3 0.3 0.3 0.4 0.3 0.2 0.4 0.3 0.3 0.4 0.3 0.3 0.4 0.3 0.4 0.4 0.3 0.3 0.4 0.2 0.3 0.2 0.3 0.3 0.4 0.4 0.4 0.3 0.4 0.3 0.3 0.3 0.2 0.4 0.3 0.4 0.2 0.3 0.4 0.3 0.3 0.2 0.4 0.4 0.2 0.3 0.3 0.3 0.4 0.3 0.4 0.4 0.4 0.3 0.3 0.4 0.3 0.3 0.4 0.4 0.3 0.2 0.3 0.3 0.3 0.3 0.3 0.3 0.4 0.4 0.2 0.2 0.3 0.4 0.4 0.2 0.4 0.3 0.3 0.3 0.2 0.2 0.4 0.4 0.3 0.3 0.3 0.3 0.4 0.3 0.2 0.2 0.3 0.3 0.4 0.4 0.3 0.3 0.3 0.3 0.3 0.3 0.2 0.4 0.3 0.2 0.3 0.3 0.2 0.2 0.3 0.3 0.3 0.3 0.4 0.3 0.3 0.4 0.3 0.3 0.2 0.3 0.3 0.3 0.3 0.2 0.2 0.3 0.4 0.2 0.4 0.2 0.3 0.3 0.3 0.3 0.4 0.4 0.2 0.3 0.3 0.2 0.4 0.3 0.3 0.2 0.3 0.3 0.2 0.3 0.3 0.3 0.2 0.3 0.3 0.4 0.4 0.2 0.2 0.3 0.4 0.4 0.2 0.2 0.3 0.4 0.4 0.3 0.4 0.2 0.4 0.4 0.3 0.2 0.2 0.3 0.3
144 13 69 2 58 84 176 159 33 115 45 52 33 150 155 23 174 96 175 165 72 4 68 25 145 72 70 134 73 112 25 77 30 112 113 67 66 9 45 178 177 159 60 177 145 141 48 15 101 151 134 48 76 175 37 97 28 126 143 83 36 48 125 96 132 145 88 31 93 61 159 80 38 130 157 152 15 61 128 130 7 159 138 14 168 80 36 118 152 141 123 18 104 70 23 1 142 172 136 78 10 32 175 2 125 113 57 121 24 116 79 29 41 50 64 7 23 47 95 39 40 58 130 170 61 180 111 168 41 40 137 2 38 31 10 37 86 124 14 164 173 124 159 88 178 155 100 84 1 57 157 81 145 164 103 110 180 27 101 70 82 75 138 31 89 114 136 155 105 40 169 7 151 175 154 85 126 15 175 96 35 58 152 64 131 3 127 127 111 77 69 127 92 133 144 34 9 70 69 119 80 111 92 108 103 143 20 173 24 77 7 3 66 169 100 164 45 163 132 33 161 133 156 163 134 6 131 69 153 46 35 123 20 54 87 110 167 168 139 149 25 130 142 116 62 178 20 128 180 145 110 159 176 6 13 173 83 33 74 48 58 118 163 37 62 166 164 78 90 63 161 39 81 30 45 178 156 13 64 136 2 28 161 41 170 67 113 69 138 128 86 107 57 55 101 138 17 67 41 40 156 173 35 112 123 94 126 122 46 18 141 97 77 31 54 22 61 42 19 132 54 89 77 116 162 50 97 31 51 77 47 12 14 141 76 32 167 140 9 98 128 14 49 78 132 143 87 74 123 45 111 65 28 13 82 31 110 178 161 6 77 45 28 179 118 9 23 52 120 108 103 131 44 63 82 99 42 162 142 5 143 57 148 170 128 143 166 41 102 95 24 122 70 5 73 87 6 29 173 95 94 159 24 171 86 68 10 109 129 57 162 45 172 175 86 27 157 68 132 82 19 100 110 157 27 36 114 28 53 153 166 90 160 12 68 48 159 133 12 75 167 121 170 20 115 88 72 131 130 83 31 165 160 3 18 151 127 138 116 153 102 75 56 51 101 89 11 48 179 75 68 9 150 16 65 67 177 90 57 147 114 17 150 124 179 87 146 76 104 59 173 87 119 37 105 85 41 28 33 56 31 10 12 2 132 115 156 96 147 126 162 142 178 25 13 23 44 88 15 3 49 5 116 95 106 76 105 170 152 140 139 88 116 40 109 29 153 49 165 1 103 3 18 66 21 105 144 4 136 9 155 126 129 103 104 13 122 118 36 108 16 67 40 33 167 146 24 163 28 53 173 54 30 63 49 104 159 173 130 97 11 108 126 53 112 35 180 136 51 109 175 73 103 92 111 10 116 142 103 171 172 15 116 142 137 147 35 167 141 9 178 37 136 179 42 10 163 5 175 3 38 11 139 87 37 42 141 86 146 114 173 64 14 45 75 97 167 133 132 61 21 24 30 118 51 34 162 109 17 34 117 52 101 58 13 122 110 88 122 22 94 84 7 102 139 2 87 112 173 52 153 149 147 59 12 80 37 4 123 141 91 114 72 10 161 177 161 106 132 100 5 40 31 176 175 81 134 151 44 19 164 109 27 79 42 123 130 63 97 128 149 122 176 141 17 98 131 170 139 113 139 10 135 75 8 93 16 67 13 89 166 44 166 58 52 135 100 137 51 102 77 162 76 138 164 91 97 120 32 11 28 39 53 118 109 50 116 165 100 51 81 148 143 151 139 42 104 29 155 44 25 150 127 138 123 20 123 79 2 35 70 163 145 119 149 123 92 32 160 150 109 156 87 48 10 85 13 165 84 54 168 124 33 92 116 179 44 124 72 147 37 85 65 102 43 166 154 153 112 111 96 162 29 112 168 34 128 113 139 171 147 152 13 41 115 58 120 84 136 59 23 151 150 11 110 74 66 56 164 13 20 14 79 76 57 155 62 39 179 160 158 156 16 4 45 155 148 94 152 138 33 96 146 85 52 71 17 74 27 28 75 7 94 158 135 111 22 133 169 142 58 8 109 6 39 111 83 152 34 111 130 106 156 29 29 25 128 174 91 124 1 135 114 2 27 22 163 127 167 69 152 72 173 167 132 172 10 168 158 142 142 86 127 21 155 123 52 27 179 80 155 28 7 176 107 83 116 74 130 87 152 140 83 38 86 82 140 14 168 36 25 55 104 148 125 133 9 64 170 7 76 156 13 171 27 36 177 71 166 115 177 90 160 44 8 74 2 98 74 178 135 99 28 41 17 66 3 66 78 130 95 176 173 24 154 150 49 55 35 154 36 126 163 159 118 94 142 20 24 70 154 158 123 142 9 23 131 60 124 142 105 66 161 178 37 36 40 91 45 8 135 155 24 160 121 96 113 5 166 129 53 153 146 76 119 77 88 168 153 171 104 179 166 37 71 158 99 122 62 62 128 51 55 132 24 105 74 99 99 57 131 84 68 126 104 156 30 146 63 95 116 36 66 166 69 126 179 142 140 7 115 45 47 30 17 122 75 166 75 102 168 94 60 33 133 48 11 17 39 165 140 43 120 33 114 140 131 94 71 116 50 139 87 170 111 151 39 34 12 19 5 105 12 69 73 135 147 122 180 71 58 136 36 18 77 28 150 89 174 9 81 117 114 37 94 97 12 149 115 115 115 39 120 180 76 122 112 7 53 16 72 120 61 48 9 67 119 142 104 131 87 149 155 177 101 176 122 32 67 85 84 42 73 140 11 41 55 126 116 86 36 86 65 119 58 113 114 83 176 155 45 16 167 96 72 77 16 145 120 83 48 87 150 165 27 122 40 102 122 157 141 86 89 180 145 52 9 121 178 47 17 45 139 82 139 121 47 94 17 40 53 96 78 100 139 135 70 121 141 24 121 75 67 106 61 71 164 162 66 86 2 90 61 110 64 54 26 179 96 179 121 47 95 20 55 110 160 45 47 168 47 95 51 7 152 20 173 51 36 72 62 68 45 26 12 169 155 173 80 135 154 116 25 163 20 86 97 124 9 2 63 70 67 11 46 48 52 161 122 45 162 177 19 35 136 128 165 109 116 35 86 6 9 83 109 101 17 60 152 138 36 151 55 62 117 109 146 107 92 162 77 89 8 86 130 81 134 113 94 140 1 30 176 67 116 137 59 123 17 166 60 130 37 8 133 63 42 7 116 26
51 59 166 81 95 141 157 97 6 7 35 101 120 79 166 133 42 136 57 12 12 148 162 149 149 123 151 34 154 8 48 111 178 139 2 153 180 144 144 79 116 121 55 100 149 117 167 115 30 83 162 99 162 77 178 127 176 176 87 31 113 80 49 48 49 7 28 59 109 67 58 48 170 20 104 19 76 30 74 50 5 180 120 54 163 3 114 48 22 83 96 39 124 138 130 99 107 25 59 68 118 153 29 130 18 125 2 172 125 141 15 13 133 89 19 8 131 139 39 67 157 69 139 68 156 133 66 9 40 33 114 141 21 35 120 84 150 38 1 162 43 165 168 132 147 165 25 74 8 124 49 50 161 40 95 132 32 161 153 40 158 36 114 82 51 76 60 125 118 177 75 159 13 118 101 13 34 28 125 140 165 49 51 149 124 125 129 60 165 46 120 20 89 58 108 48 1 68 65 126 29 36 24 171 168 179 151 88 108 146 175 151 47 174 94 10 37 130 60 91 80 123 73 148 11 5 74 180 79 4 31 74 101 82 115 114 15 173 91 82 146 107 29 75 12 145 103 30 54 53 97 27 27 1 9 77 121 104 71 113 29 146 25 33 170 39 173 22 115 31 59 17 77 6 167 129 81 132 122 152 137 46 88 111 93 51 63 2 3 27 94 109 47 85 32 92 65 123 114 84 126 19 138 48 158 29 36 103 165 82 8 116 38 27 4 124 55 135 31 131 165 100 27 23 34 171 138 67 74 44 115 18 34 51 23 12 91 143 100 28 122 105 117 162 41 144 168 5 113 138 171 86 62 59 48 142 1 35 148 91 178 7 174 54 54 39 162 153 126 103 79 169 31 139 172 46 169 148 123 172 63 43 55 34 98 58 155 139 15 15 1 140 5 13 178 147 75 102 38 115 145 72 177 133 69 146 27 139 38 57 75 82 62 162 114 76 150 115 54 93 149 110 115 131 55 33 178 165 5 106 140 69 159 4 139 27 96 35 18 164 142 144 133 49 77 77 115 142 13 99 1 11 52 65 131 26 178 156 67 178 127 120 12 173 74 155 36 30 35 139 135 170 140 16 126 74 27 64 123 42 9 41 160 91 5 113 124 175 162 178 69 149 84 104 70 107 9 115 108 74 112 36 156 146 134 57 52 116 44 36 98 1 144 88 8 59 173 177 170 54 46 27 26 79 54 167 174 145 135 82 60 18 42 158 116 163 9 76 121 39 144 94 134 108 36 127 103 177 70 151 137 76 64 42 103 59 13 126 88 84 167 44 112 24 43 2 115 62 77 22 27 1 81 8 142 8 176 160 149 23 135 45 13 80 33 22 24 9 65 177 162 68 160 25 122 25 157 55 157 36 171 78 90 67 38 46 4 112 32 62 177 158 148 1 67 177 37 108 6 66 33 132 100 137 25 81 12 56 102 48 97 84 129 86 122 72 80 124 69 30 96 3 41 124 68 62 97 40 141 114 148 23 25 80 39 102 32 62 120 22 26 121 22 72 154 132 92 7 146 48 89 2 53 71 26 84 83 43 80 81 91 146 125 40 70 21 42 83 76 2 85 61 94 96 52 157 134 49 29 102 164 38 8 122 177 142 9 142 135 61 90 107 41 134 49 103 64 12 5 127 20 25 69 114 136 21 159 49 63 170 109 140 89 44 136 54 2 144 53 97 129 144 128 118 84 145 26 8 100 78 90 16 81 131 109 75 21 161 133 177 89 92 153 128 138 7 171 41 162 66 147 133 146 19 22 127 123 20 133 9 9 157 15 138 37 47 130 25 79 56 101 177 102 146 50 173 33 157 111 175 131 122 155 39 115 148 16 95 155 153 116 15 121 112 80 148 175 148 139 169 137 152 13 89 130 167 104 154 129 29 144 96 117 134 31 96 53 176 52 119 25 88 16 19 37 31 62 3 35 48 89 50 135 130 45 161 86 52 62 38 9 65 133 21 92 100 148 63 158 62 179 61 180 136 79 136 143 154 173 103 86 101 39 90 170 137 60 23 95 121 1 24 34 17 141 148 112 25 57 122 88 47 134 15 79 173 17 76 37 50 165 142 52 177 164 127 169 106 126 123 93 6 51 94 60 176 32 4 94 108 139 62 69 89 13 82 93 105 88 83 2 115 30 3 111 152 50 109 94 33 95 114 176 166 34 64 9 34 39 50 167 176 115 135 78 153 36 150 23 136 121 129 124 144 43 18 131 132 82 46 123 140 26 128 102 16 23 154 147 53 91 134 111 6 25 174 139 116 177 125 5 80 115 6 30 94 16 31 154 122 125 54 155 99 170 81 150 16 141 83 42 148 60 65 19 129 116 77 40 112 120 34 58 122 48 94 92 61 63 138 139 87 23 61 142 20 106 13 167 51 104 24 99 122 134 52 87 100 169 143 22 156 74 30 100 95 177 149 14 128 90 158 128 180 26 59 65 139 102 116 172 46 41 79 17 180 38 57 76 50 162 58 146 24 36 177 26 80 34 155 103 21 80 81 40 163 27 102 115 177 127 161 172 45 73 113 131 123 70 175 152 161 126 121 81 154 135 16 130 32 109 165 108 105 142 50 156 157 158 167 168 57 37 70 111 109 128 157 43 94 41 55 31 30 147 1 52 144 67 83 24 40 124 25 96 88 146 169 126 10 83 119 21 61 45 140 64 20 119 8 120 96 174 140 98 177 119 127 36 50 128 140 36 119 117 122 2 78 131 69 33 174 51 83 70 51 67 105 176 169 18 137 109 160 123 18 162 117 63 113 87 83 25 76 162 134 111 9 130 150 127 117 95 126 76 61 75 125 6 76 79 21 66 48 4 53 55 155 45 79 164 55 31 121 40 58 101 39 172 125 128 5 92 136 121 80 102 6 131 48 112 117 78 66 126 95 137 160 68 63 179 155 152 144 46 30 156 22 138 36 126 94 46 179 70 7 151 8 66 113 84 119 153 171 114 90 143 72 160 73 84 170 49 115 164 75 78 180 69 44 105 100 41 94 17 168 177 175 170 59 126 128 78 142 58 79 113 31 92 45 113 22 176 4 83 31 1 173 37 174 118 178 119 152 30 8 78 37 132 51 69 39 95 105 163 47 162 34 96 23 66 87 127 52 174 34 64 128 74 108 157 173 11 127 111 149 164 177 22 173 68 6 72 77 108 85 106 23 27 130
160 1 86 130 144 111 169 73 136 109 119 99 42 35 155 14 123 72 29 9 20 43 160 174 11 28 162 133 96 128 14 3 39 128 16 166 128 105 106 85 8 117 90 109 123 67 49 78 127 158 9 162 69 133 2 5 7 74 152 73 122 110 42 43 133 2 165 178 122 153 141 17 135 114 5 27 114 58 142 126 83 127 167 66 91 81 132 39 88 33 59 76 166 9 62 26 6 93 87 73 168 25 71 87 146 150 110 164 177 105 168 43 74 49 89 20 106 67 137 57 55 66 119 27 130 78 94 8 55 150 81 53 29 48 123 109 75 169 146 13 65 10 137 74 26 104 12 179 148 51 27 34 172 22 174 31 85 34 18 70 68 156 52 5 11 139 32 102 152 90 130 56 60 4 54 69 160 3 150 106 103 64 170 34 35 61 108 168 64 51 93 177 179 81 37 101 135 105 29 124 2 138 127 178 174 59 60 34 121 157 161 152 144 22 77 106 138 92 98 173 2 98 63 75 134 36 94 143 176 50 38 37 32 172 21 50 162 128 79 160 82 109 140 32 2 178 126 86 77 28 84 39 53 102 158 162 6 38 173 57 52 171 122 94 48 2 167 87 73 32 89 144 162 130 129 41 38 93 31 12 125 169 11 161 82 77 69 46 123 120 104 67 31 111 177 12 101 103 16 95 164 35 42 33 147 170 148 143 38 118 2 7 48 126 149 102 124 145 54 68 90 61 180 94 136 133 119 177 32 1 122 103 39 55 143 49 66 100 99 6 85 111 14 156 139 20 111 69 88 47 82 80 36 70 85 21 61 106 120 114 157 120 97 164 55 115 130 66 89 38 51 162 8 56 135 142 22 102 142 52 14 99 99 51 43 88 143 44 86 133 20 104 99 76 95 97 4 162 109 80 43 171 106 77 55 111 92 11 93 9 126 81 109 180 105 172 2 95 95 27 33 69 115 109 165 122 119 9 13 14 118 82 93 16 126 64 160 119 114 120 120 7 114 70 122 4 144 27 94 153 134 96 147 155 37 160 7 81 107 106 176 7 5 156 123 22 113 37 70 11 11 96 157 25 3 89 142 98 40 110 22 128 18 107 6 17 30 97 124 60 128 146 156 72 37 27 49 78 117 170 157 18 120 25 163 88 165 21 1 156 56 38 73 113 73 118 58 84 26 57 72 92 3 172 44 179 58 118 97 25 25 115 37 164 126 112 153 30 21 161 77 140 147 152 19 44 115 56 50 25 65 177 43 104 17 150 130 86 102 128 76 39 27 149 10 178 66 129 151 25 30 135 56 162 55 84 100 86 66 72 54 54 36 26 88 48 107 16 169 33 147 172 165 95 128 133 77 100 96 105 56 52 119 163 51 46 104 175 58 107 100 96 160 15 143 139 13 170 25 34 6 134 118 5 23 29 65 161 85 7 3 167 175 106 31 147 100 141 99 122 132 91 106 113 31 147 157 92 135 91 44 146 118 72 165 49 113 154 113 44 123 113 100 94 16 160 149 172 31 39 29 145 20 77 149 59 174 55 66 20 41 89 58 104 48 23 17 165 12 170 64 95 77 9 23 47 166 162 80 101 20 62 58 81 131 19 102 17 143 154 4 34 122 139 124 123 152 81 66 32 91 156 128 80 124 45 10 160 132 23 53 176 129 30 17 135 19 139 33 172 38 27 151 133 44 153 24 3 120 117 1 22 29 93 127 42 5 126 111 83 133 20 110 93 155 46 35 7 37 29 12 149 161 17 37 52 85 31 57 33 130 40 21 65 102 56 101 48 110 150 130 146 141 138 83 43 146 78 49 114 148 49 27 93 29 160 137 54 146 44 94 38 95 55 124 82 52 147 53 116 19 105 175 135 175 60 27 135 14 171 81 127 138 25 5 60 148 137 175 115 57 90 40 30 146 24 70 15 115 86 158 176 98 77 19 77 34 60 79 95 91 30 32 103 165 165 153 100 45 20 178 172 113 42 4 9 139 46 56 24 29 45 32 127 57 22 36 20 61 73 14 95 44 122 127 150 113 53 71 148 60 128 168 15 30 69 170 41 52 138 42 23 22 95 150 91 81 167 17 10 141 65 157 165 20 121 175 40 106 44 4 137 160 37 147 33 62 54 141 12 9 159 30 137 16 60 124 78 141 113 63 42 100 179 42 58 95 141 63 84 64 34 91 179 48 160 160 44 15 175 49 56 23 51 113 146 48 68 37 87 61 41 24 69 10 127 57 35 147 38 56 153 143 129 147 77 57 170 137 87 48 102 97 87 85 41 120 17 20 91 80 5 144 137 50 67 137 125 100 118 179 112 58 13 132 122 16 43 145 123 72 148 121 117 97 86 131 64 12 45 144 178 163 38 164 167 130 159 46 147 116 32 52 141 155 11 74 166 108 126 75 99 17 123 79 150 117 116 61 142 10 54 28 101 104 114 14 21 116 91 172 79 61 146 30 152 67 125 42 118 63 167 152 28 120 16 16 151 20 96 79 170 4 146 135 95 61 59 37 179 111 128 105 175 138 147 72 12 69 52 64 79 131 128 130 161 39 11 14 46 49 92 56 98 79 133 23 81 124 26 108 7 15 163 89 55 90 180 167 109 162 71 23 1 45 3 6 29 64 87 125 116 10 167 41 39 130 180 40 128 118 122 3 150 103 50 115 61 108 82 122 42 41 90 52 21 81 171 18 104 133 38 149 94 158 91 2 116 123 2 97 158 137 72 169 9 80 1 67 180 32 42 60 59 44 65 29 27 122 59 105 168 91 141 32 102 175 149 96 53 63 69 68 159 167 121 23 83 84 24 19 55 176 65 83 8 73 59 93 60 39 94 20 103 97 9 175 5 160 48 148 135 176 129 105 13 56 149 65 46 114 88 163 17 166 40 33 62 71 98 173 13 111 177 9 123 101 33 66 120 64 54 144 139 29 41 161 50 123 30 53 17 26 163 180 13 67 39 125 96 140 87 98 17 174 73 24 41 105 57 146 111 54 38 179 104 93 99 94 95 55 76 51 24 20 131 169 78 104 111 130 4 119 170 174 96 161 118 22 146 161 135 8 130 142 125 126 39 122 163 112 19 146 126 163 133 42 24 160 14 62 7 141 179 71 95 147 166 71 134 10 136 140 69 147 89 59 106 167 88 162 23 57 85 106 124 96 174 9 105
45 78 41 52 157 171 146 43 27 150 5 121 120 81 17 175 72 15 25 71 16 85 19 3 162 159 30 114 137 134 175 138 59 41 56 20 49 166 47 105 125 55 141 113 174 21 38 135 136 64 101 140 107 164 83 79 140 151 120 180 39 148 44 51 129 177 72 118 11 40 2 38 87 8 47 57 158 73 49 80 76 78 163 125 6 71 5 49 19 103 176 10 139 85 95 57 52 50 109 65 156 43 46 151 155 51 166 57 174 25 144 57 69 143 118 146 61 6 39 66 69 4 135 14 18 21 109 14 105 134 166 22 15 56 150 66 151 7 16 64 155 35 137 169 84 52 46 178 123 178 54 71 172 77 179 9 163 41 170 62 106 63 177 10 31 127 97 18 83 157 85 168 26 101 142 62 29 94 118 77 172 78 161 108 25 112 136 161 127 155 50 158 108 72 119 165 3 139 79 13 109 47 67 161 34 75 111 53 84 140 169 155 172 147 172 71 175 81 55 54 23 64 94 168 109 56 31 6 108 68 27 13 3 162 132 178 94 25 147 177 112 109 99 17 22 180 93 80 177 173 47 12 16 94 10 19 30 164 90 93 142 126 28 141 44 95 57 24 23 136 43 41 66 117 48 131 53 20 75 19 142 70 12 45 20 174 115 2 178 126 80 76 173 59 115 155 137 171 9 132 74 146 87 95 85 94 170 66 163 75 173 75 63 57 14 84 148 106 67 110 112 108 167 31 128 16 63 32 169 27 2 6 159 5 101 174 87 36 92 52 148 63 2 87 85 26 111 136 159 138 84 62 65 28 153 146 146 132 122 23 120 43 97 20 3 59 35 34 158 99 63 170 1 164 149 22 1 175 116 133 10 48 134 135 77 171 167 131 141 124 51 72 113 41 123 82 15 3 1 75 75 103 113 151 109 59 90 73 142 168 164 119 2 87 102 30 112 131 131 44 174 156 89 131 170 78 159 138 146 32 172 172 108 26 146 136 179 117 79 66 96 180 114 142 68 20 12 25 176 149 47 102 112 72 33 162 46 66 7 70 65 55 11 18 3 19 5 159 28 30 173 64 1 6 115 115 10 81 139 133 140 29 93 144 112 38 159 6 125 103 20 10 3 84 107 66 158 84 98 139 12 118 52 20 144 123 60 88 21 139 171 173 140 80 166 35 57 166 138 55 143 123 57 134 171 50 55 55 7 160 143 96 108 132 159 24 120 173 24 111 104 9 162 7 106 161 144 95 144 23 123 156 95 155 20 25 23 113 1 127 146 9 101 177 33 156 62 49 57 168 39 76 90 43 18 117 80 134 66 122 106 162 80 131 136 27 109 115 130 3 153 141 14 38 113 108 53 73 66 70 136 102 178 149 85 95 37 85 54 35 68 118 129 76 8 179 11 32 95 64 123 125 98 102 150 118 10 155 143 54 143 45 81 140 147 44 143 27 82 107 103 78 86 13 9 118 179 1 11 19 126 111 12 62 69 50 129 105 81 47 110 23 78 180 129 126 21 38 67 32 83 32 53 54 155 53 98 163 57 8 96 46 93 109 82 150 140 144 154 7 76 69 136 126 110 177 149 46 141 119 168 51 48 31 166 13 9 56 53 164 137 5 108 88 76 46 53 75 19 32 100 137 43 49 143 58 107 31 60 45 79 77 151 43 180 93 38 83 84 76 174 12 172 76 116 5 88 44 57 54 142 95 103 18 65 176 101 35 152 109 152 88 165 124 107 112 8 60 83 25 132 175 18 23 50 25 94 99 174 121 22 28 163 150 88 32 175 6 82 77 70 123 102 59 123 29 151 15 161 141 168 146 124 5 18 174 115 68 77 179 167 38 153 95 67 145 128 6 124 152 142 174 117 38 60 130 135 82 8 120 18 49 173 180 176 42 174 92 170 68 113 124 60 15 61 34 145 112 72 58 29 23 131 44 147 174 94 86 88 40 23 163 2 10 62 27 34 89 168 44 9 5 104 66 16 167 47 133 26 128 40 128 47 70 47 65 169 45 129 163 107 125 156 41 78 135 26 128 125 44 73 58 149 143 122 78 2 6 96 83 29 152 87 168 141 158 160 43 90 42 171 159 62 109 71 168 16 3 91 22 109 8 92 97 156 149 180 126 162 60 139 3 77 18 115 25 62 147 10 139 144 120 166 24 173 34 23 176 150 51 13 161 6 153 55 123 39 62 80 99 123 38 20 172 134 6 116 53 69 28 70 155 111 20 163 133 18 81 116 111 122 104 135 116 73 64 176 33 159 18 66 175 45 126 11 146 76 92 115 82 105 180 21 17 44 162 88 40 91 28 77 155 136 57 129 148 177 163 102 158 159 33 164 95 75 52 39 43 129 84 138 74 52 148 103 164 115 175 116 96 175 122 15 67 139 84 74 136 141 45 146 1 162 50 49 61 107 12 54 161 120 142 114 94 160 162 56 127 117 143 124 3 11 132 152 140 95 129 37 75 156 56 28 83 23 25 1 28 143 166 152 24 93 23 4 87 11 46 129 132 108 160 69 50 70 9 124 17 32 91 111 66 55 130 133 66 117 15 80 124 155 138 141 148 110 132 71 106 113 169 169 20 59 4 10 71 19 21 94 119 176 93 19 6 173 10 95 8 69 40 139 74 129 15 173 43 83 131 40 157 154 106 83 131 128 15 45 84 72 117 29 121 112 124 77 112 19 38 90 68 161 97 74 90 106 53 134 152 26 69 174 156 67 80 61 6 144 139 145 117 87 122 60 115 38 4 5 160 76 130 79 108 105 127 29 141 133 175 54 109 99 175 36 9 127 50 92 167 88 47 117 142 76 37 99 26 149 92 33 80 156 90 121 130 109 149 106 166 178 56 148 119 111 93 19 91 27 150 47 89 114 24 78 137 135 95 79 156 93 34 105 67 101 85 93 136 99 110 91 38 165 54 134 101 72 142 76 85 174 148 108 81 66 55 42 34 62 35 149 2 24 121 40 123 113 82 165 45 104 175 90 149 88 173 42 75 98 179 11 132 156 125 109 142 156 176 65 117 103 119 14 52 130 23 35 22 44 112 137 87 55 61 145 165 69 4 171 2 111 98 51 78 134 97 30 4 59 58 110 121 79 84 148 37 136 108 123 140 150 3 25 35 15 11 87 15 55 142 174 82 127 40 136 168 125 165 27 159 5 16
109 91 146 114 146 140 28 30 73 77 60 74 180 63 74 100 160 99 104 3 103 72 120 55 86 10 74 142 16 175 37 32 148 89 7 71 140 172 103 15 55 141 120 122 93 95 58 15 154 124 92 112 34 26 25 70 56 9 81 90 175 137 36 82 50 162 112 147 41 70 166 175 148 57 155 72 93 115 176 120 3 64 129 34 40 162 37 176 90 102 61 28 156 149 168 84 66 8 113 87 18 56 100 13 164 58 21 160 37 176 135 18 112 8 62 28 26 70 3 79 12 88 2 62 37 126 51 112 110 95 54 140 118 86 140 24 138 55 64 174 48 39 133 175 64 84 37 92 157 15 98 166 90 11 162 44 6 76 45 141 15 20 45 45 4 28 160 78 121 113 160 68 148 15 25 3 23 73 3 120 129 137 70 157 76 77 160 57 106 63 140 34 12 32 139 147 165 111 171 102 129 91 136 87 145 77 64 133 8 152 104 68 143 1 96 41 71 169 78 11 150 119 82 108 60 163 74 105 85 90 166 57 161 101 47 147 166 128 20 160 4 23 53 52 155 40 8 137 177 109 178 114 29 81 113 40 155 130 169 44 168 139 140 139 66 134 126 86 180 95 25 180 4 94 148 110 22 86 5 132 109 58 24 63 67 42 59 148 91 122 4 1 136 80 39 14 128 155 134 77 95 48 151 66 65 8 147 59 178 22 29 10 148 55 50 85 20 25 116 59 14 142 48 86 148 172 179 130 116 69 131 35 90 107 142 73 2 174 40 81 109 36 69 130 82 34 141 69 108 139 116 139 53 76 169 27 75 124 167 123 18 175 57 70 152 176 71 156 17 67 66 135 97 172 153 119 8 112 41 10 176 135 46 132 129 153 66 121 140 39 47 141 162 130 62 116 3 41 74 127 142 114 7 142 51 144 93 64 161 151 96 113 131 113 46 31 7 77 62 38 169 52 3 179 119 9 105 180 172 169 97 112 15 32 164 169 109 106 171 102 65 149 23 92 12 176 36 59 139 122 95 162 178 174 38 40 160 48 13 102 51 163 95 146 124 166 24 135 137 170 23 18 42 95 136 122 14 93 78 54 177 162 180 28 39 26 47 57 153 68 109 173 139 89 12 97 152 143 75 138 119 42 128 97 139 163 170 137 174 179 35 68 108 123 113 23 164 75 3 105 126 131 68 116 150 13 52 46 71 180 171 116 78 50 85 103 4 141 117 142 24 53 104 57 154 67 115 45 115 160 18 163 162 163 65 178 69 139 148 3 88 178 131 149 104 88 116 124 34 132 85 166 81 46 121 83 110 43 176 149 16 13 162 138 158 76 99 48 163 135 148 83 108 67 59 1 159 92 108 48 30 69 88 57 69 141 69 134 30 2 59 64 51 54 128 45 22 105 147 78 137 141 157 58 162 103 37 54 145 164 126 85 91 100 148 91 68 16 96 176 46 57 53 61 1 144 58 126 33 66 1 18 131 41 111 27 41 40 159 141 179 2 116 38 113 53 41 147 166 157 15 58 95 170 68 173 85 74 119 127 148 32 36 101 47 97 49 37 9 21 163 94 165 119 15 112 54 70 109 116 47 147 174 93 138 5 11 73 148 20 54 60 78 167 139 90 85 88 99 110 106 123 109 95 107 153 36 123 54 178 119 112 76 43 165 81 109 108 107 153 140 118 43 165 168 57 5 45 173 176 107 155 147 169 159 32 11 52 79 17 179 126 157 121 85 107 130 42 27 121 125 39 30 84 32 107 74 2 88 88 173 64 3 161 42 42 131 17 84 150 120 49 130 60 2 36 144 29 140 26 41 51 171 161 163 136 98 88 120 72 101 169 76 39 75 94 151 18 76 22 52 99 121 109 112 19 85 11 144 147 8 56 174 166 24 126 45 84 138 151 5 138 165 81 171 69 37 122 108 149 113 6 11 69 143 80 154 171 8 79 90 121 168 168 80 31 172 60 17 61 65 137 154 163 39 111 38 48 107 173 134 147 32 149 34 172 175 85 109 75 62 99 45 72 166 50 138 19 138 34 95 129 65 30 61 172 128 135 85 44 174 112 159 107 36 81 56 147 25 93 53 95 49 14 156 149 37 162 45 116 180 143 19 133 162 58 111 6 31 148 83 171 156 120 76 99 65 176 54 127 106 89 113 146 18 16 71 139 144 146 112 21 39 18 15 74 11 134 104 176 115 58 145 72 71 42 133 28 28 143 136 97 51 134 172 165 126 142 175 61 151 89 17 14 141 10 63 82 104 142 71 171 13 57 104 123 51 66 46 119 7 130 14 82 100 3 132 25 116 37 157 41 25 162 77 73 52 143 63 80 84 127 168 117 125 179 87 7 40 180 13 63 34 114 95 2 46 139 77 80 45 148 57 82 70 3 156 135 141 8 88 135 117 165 161 180 118 108 93 47 56 126 81 118 104 52 160 117 168 89 131 114 33 135 125 156 4 163 142 55 22 65 176 119 149 43 82 68 55 9 173 179 171 103 7 69 81 101 43 61 106 120 50 136 82 5 42 104 106 138 51 171 158 68 158 178 119 125 37 130 66 160 154 20 46 143 158 133 31 31 135 12 67 135 149 100 25 89 18 30 89 110 129 70 40 77 89 64 168 90 109 124 108 170 112 69 114 84 116 45 13 72 68 3 72 60 2 27 175 126 115 93 102 51 36 163 172 11 23 76 4 97 120 178 151 75 59 36 137 3 15 97 146 141 172 173 164 34 47 52 170 39 76 56 167 141 117 46 19 7 74 133 42 6 19 65 29 2 161 134 176 62 29 178 127 56 24 106 111 176 107 57 170 68 112 178 68 122 105 77 139 125 145 158 67 12 10 45 127 50 169 154 163 177 131 107 112 115 81 90 152 80 106 174 157 151 35 127 67 4 75 107 72 41 81 137 61 159 148 82 43 146 32 112 85 14 26 121 10 129 148 6 8 57 20 47 152 151 46 9 119 168 55 6 88 13 22 105 160 103 175 17 154 25 31 11 10 18 128 112 99 31 29 18 120 39 38 33 69 3 10 92 163 145 163 57 95 148 154 66 13 54 110 25 147 167 37 63 153 101 155 100 168 84 1 97 155 30 134 125 27 56 12 139 122 21 17 59 142 119 55 95 70 6 102 145 115 32 115 171 163 110 151 44 159 51 139 176 128 66
34 100 147 61 61 91 5 30 161 106 53 149 92 113 152 120 117 130 10 126 23 72 145 155 97 151 146 169 135 107 77 104 60 174 41 100 31 77 26 65 15 13 76 26 62 89 100 134 46 144 168 100 42 135 51 107 10 153 45 47 162 178 6 154 42 50 149 173 177 156 166 6 91 44 167 160 55 99 145 19 20 105 82 30 81 114 66 107 96 124 160 79 166 151 147 104 136 174 34 57 152 110 27 156 9 149 151 136 9 48 99 150 96 6 135 125 46 143 163 25 54 90 92 82 94 170 88 90 81 88 38 74 10 125 149 46 62 167 161 63 46 159 149 64 159 103 50 165 43 80 22 165 122 109 132 103 151 152 26 20 123 135 60 63 88 26 157 133 160 42 52 163 72 31 141 135 56 36 35 15 65 74 100 64 52 147 68 3 59 44 95 150 19 160 77 159 152 173 133 34 1 160 38 137 17 95 5 145 141 57 40 40 33 103 163 112 152 20 172 22 84 98 86 90 92 80 170 54 53 18 161 140 155 101 105 66 120 119 108 3 21 26 13 48 52 117 111 139 143 130 64 168 57 3 56 72 140 76 168 41 115 132 48 126 74 100 49 78 82 36 148 149 156 120 109 60 102 38 24 94 69 71 95 72 19 13 102 114 50 143 74 124 138 156 109 91 179 102 77 118 62 8 62 132 125 96 97 51 94 82 80 42 114 78 65 171 117 164 15 42 100 46 50 74 85 20 53 66 154 80 12 40 10 165 118 89 108 151 64 94 43 111 55 30 170 78 121 161 169 42 126 165 50 88 63 38 74 126 92 164 115 39 31 53 127 150 11 16 50 37 40 145 93 132 115 116 20 142 9 86 11 151 176 160 3 102 47 8 50 89 15 140 177 136 120 46 3 171 45 9 86 19 80 179 49 37 48 135 39 178 13 141 82 154 148 10 120 119 65 137 73 71 3 68 116 141 174 66 116 110 39 81 118 122 30 19 64 145 9 137 36 138 38 158 39 162 142 180 153 90 82 120 146 62 72 65 144 4 37 146 101 163 110 89 94 11 56 22 124 153 74 175 97 126 73 157 173 93 101 172 95 96 109 61 88 79 123 74 88 113 18 72 45 41 104 26 125 122 168 63 89 90 90 98 160 118 173 129 80 126 43 22 15 42 91 114 129 44 48 90 55 41 158 125 21 53 135 88 23 141 157 27 59 34 154 29 26 151 124 30 173 22 140 125 9 85 10 26 6 104 4 173 79 100 83 89 111 10 73 160 166 36 124 17 27 81 117 139 97 113 162 113 87 13 101 100 117 83 177 129 108 15 172 23 170 87 59 155 148 110 110 84 25 81 158 87 179 109 121 92 109 31 87 98 36 110 157 180 178 117 65 88 85 171 138 161 10 74 108 135 7 6 13 174 85 134 75 87 53 118 136 46 124 179 6 62 85 126 19 26 11 79 56 152 111 5 87 134 11 120 77 34 74 179 179 110 4 66 134 133 86 24 124 101 156 94 125 106 80 93 15 92 65 65 8 89 46 87 5 70 84 107 144 67 73 179 60 72 2 90 124 18 122 152 30 165 59 48 122 164 37 128 39 155 55 146 164 142 10 102 168 26 100 21 126 13 161 22 121 109 133 129 153 171 2 18 83 36 43 42 100 79 82 4 169 87 135 23 154 32 124 115 28 27 99 42 31 25 78 21 55 137 85 50 7 74 74 32 41 125 131 5 93 125 71 31 63 3 168 67 1 105 32 102 158 8 76 79 11 163 20 17 162 179 14 156 93 122 66 11 92 22 15 178 7 17 131 21 111 105 98 78 2 150 167 168 134 93 130 151 117 162 173 9 124 31 165 111 30 106 35 100 106 168 143 132 1 65 102 100 44 31 137 144 79 137 126 52 14 131 61 149 164 47 178 108 87 162 38 64 167 125 71 139 149 28 79 75 137 80 120 82 15 66 117 7 34 51 71 167 141 140 53 138 72 4 149 82 167 160 144 122 90 66 116 125 151 162 67 37 140 49 142 12 157 65 93 56 180 16 17 162 95 10 61 161 42 25 139 28 46 4 109 138 96 42 149 87 168 100 150 149 27 106 176 177 24 57 122 65 105 143 117 124 99 120 122 180 32 148 64 48 36 157 123 66 160 93 102 9 179 82 135 180 81 39 92 133 109 94 23 133 162 108 74 29 170 135 164 79 129 11 48 9 162 107 121 111 43 103 95 139 37 104 38 161 165 151 19 54 69 108 167 131 24 1 113 10 143 115 53 77 116 167 14 49 53 115 108 109 112 21 43 27 38 152 16 44 88 55 63 16 170 87 67 17 3 42 99 176 49 75 80 77 96 84 119 128 178 171 80 155 134 42 110 1 146 35 35 104 24 24 25 114 81 104 160 177 9 92 43 99 165 79 131 178 130 74 100 53 44 152 58 5 46 169 50 77 104 103 125 91 15 84 26 9 77 53 85 86 64 143 103 7 10 107 48 174 120 166 154 29 47 152 65 102 33 136 139 115 12 51 1 132 180 74 29 58 42 145 81 79 70 50 169 164 15 74 40 146 10 144 24 58 10 122 31 108 65 164 137 131 73 146 72 88 174 40 58 150 139 161 22 156 117 114 10 180 39 112 141 69 159 167 51 26 24 72 17 129 128 129 57 2 149 44 59 140 17 136 77 140 93 90 33 45 136 136 66 23 64 7 133 13 33 83 43 123 22 123 179 18 38 156 10 40 109 95 166 154 173 165 147 2 13 30 156 86 130 166 64 24 119 74 152 161 56 18 81 104 2 67 34 161 62 92 134 147 132 76 83 22 36 141 44 130 146 63 165 111 103 127 48 144 143 10 25 30 78 123 75 53 133 69 137 155 52 129 113 169 115 77 116 144 163 163 103 75 120 48 85 78 143 36 109 69 101 111 49 156 101 8 172 45 144 44 68 164 18 84 56 174 89 152 146 27 169 120 77 124 86 131 60 68 6 160 149 149 175 60 54 19 62 126 54 106 101 98 87 142 155 114 49 45 163 7 169 135 110 1 178 163 157 23 5 154 133 175 104 158 91 153 110 68 72 121 170 96 10 142 148 79 128 25 89 123 44 10 135 2 92 143 33 84 111 57 44 49 123 167 114 169 147 33 114 56 162 42 102 137 161 68 59 2 38 46 113 10 68 79
104 119 104 65 177 52 132 121 62 149 35 72 7 10 179 45 127 101 150 124 99 154 160 77 142 72 174 140 33 75 129 83 124 170 141 175 122 7 19 129 43 171 121 75 34 5 93 106 4 33 42 153 168 113 82 44 53 4 95 97 167 11 25 146 156 136 27 166 24 57 49 165 123 28 60 89 30 135 14 158 171 3 107 163 31 70 118 32 109 16 69 96 32 172 118 118 102 38 6 160 14 19 45 112 38 151 134 74 53 63 91 21 88 107 173 143 57 15 105 104 98 125 61 5 76 156 137 73 48 15 147 180 106 53 136 91 112 34 108 68 146 116 136 101 148 59 42 179 139 1 147 4 70 60 57 169 149 163 57 8 59 145 125 11 115 70 176 24 60 70 112 8 46 24 22 100 104 149 11 93 28 178 58 103 16 67 160 158 96 170 82 31 112 129 148 152 128 39 33 113 99 149 178 106 15 114 45 53 53 1 48 46 160 4 108 126 72 15 53 164 63 100 169 56 41 44 29 83 74 149 91 75 96 24 72 82 10 137 111 153 133 67 68 83 16 144 6 31 13 122 32 25 128 130 119 131 161 119 97 108 133 120 161 27 119 144 3 34 6 29 143 6 109 11 123 161 81 112 146 154 103 179 99 80 105 140 173 64 105 40 143 102 167 174 126 164 100 178 165 102 59 131 43 132 88 117 116 144 110 148 136 179 111 145 10 173 48 110 64 35 100 115 16 41 162 96 131 100 48 157 45 22 179 120 176 47 171 132 10 10 151 113 113 180 57 153 86 128 136 158 59 157 128 10 157 171 36 51 96 156 87 58 133 71 52 126 13 62 146 10 4 58 111 158 179 179 104 98 168 130 53 82 49 71 166 27 2 104 166 85 173 69 146 133 63 114 32 84 61 98 147 71 170 35 150 13 17 114 108 165 62 52 52 52 72 137 86 94 116 80 99 92 15 4 149 84 169 136 49 169 173 115 122 158 71 130 122 153 174 81 130 112 173 7 49 130 114 126 127 63 3 63 84 81 162 12 38 45 44 165 100 57 64 38 54 29 170 119 96 51 14 145 122 88 116 137 58 180 23 158 87 57 9 153 12 84 176 126 137 145 90 2 53 119 110 114 179 42 111 114 80 26 59 151 110 8 68 89 166 66 126 77 80 145 57 6 149 151 40 20 142 26 132 64 117 75 145 178 165 65 11 64 169 109 114 15 161 67 167 150 29 137 110 176 7 83 31 180 139 16 54 48 148 46 30 124 2 58 179 3 83 102 36 10 121 148 46 152 81 6 166 134 68 102 9 144 119 133 54 13 85 53 54 55 96 131 174 133 65 87 126 41 170 58 23 111 87 175 160 174 27 18 89 32 121 158 83 129 63 117 120 38 147 9 22 37 79 88 22 119 128 31 76 112 130 174 19 138 88 18 71 91 9 33 145 19 103 91 92 3 4 87 150 107 9 118 61 29 175 50 3 118 81 46 10 139 16 61 2 102 49 120 73 154 109 129 39 78 94 152 148 142 147 19 162 71 23 7 141 142 41 153 176 54 87 175 81 57 64 58 177 141 132 23 104 133 7 116 45 32 81 60 6 147 43 124 160 151 171 98 177 163 35 24 111 122 121 123 93 118 57 32 64 28 1 47 127 5 124 18 2 170 103 63 140 92 158 19 16 144 11 80 13 94 117 102 166 132 157 140 52 161 180 79 164 128 82 67 174 177 83 52 121 177 85 63 126 169 159 38 40 153 139 44 94 45 49 40 94 60 161 88 179 174 112 30 124 72 133 65 124 107 164 119 117 131 109 133 56 101 127 3 77 83 41 17 30 78 36 82 63 28 52 104 128 89 88 165 61 85 145 143 86 101 71 21 107 4 109 134 117 53 122 139 147 171 62 150 118 47 143 51 137 162 30 62 150 146 83 13 119 45 158 77 125 113 81 64 155 164 48 130 43 68 59 105 69 75 17 61 76 106 168 44 140 46 137 163 144 6 88 59 28 155 77 130 1 148 37 76 20 178 115 80 77 11 49 157 117 9 32 78 124 85 161 118 52 109 180 143 178 73 83 96 26 35 143 172 41 175 94 134 98 79 162 94 163 131 165 53 126 68 58 70 120 127 124 82 177 131 99 4 3 118 57 112 140 168 173 133 141 24 64 107 168 62 144 144 124 155 170 63 14 108 133 169 165 103 107 148 11 49 150 142 5 9 3 37 141 115 111 27 2 71 136 146 11 100 88 6 28 61 92 20 76 167 78 87 69 117 84 45 37 133 93 68 143 49 75 56 14 43 120 58 168 127 127 42 73 15 135 10 6 102 49 163 150 39 40 73 95 139 86 104 154 115 92 160 28 96 125 172 150 44 35 14 18 161 150 68 122 132 11 48 63 93 5 178 174 3 161 33 47 48 111 29 38 164 33 106 40 24 109 56 30 78 113 172 125 71 102 66 34 2 99 123 73 79 175 134 11 131 120 5 126 66 59 30 109 156 147 151 67 150 45 96 169 154 24 110 58 70 78 62 21 172 151 58 38 42 34 168 151 37 13 1 22 163 133 176 170 113 160 121 156 95 76 159 60 125 135 91 75 75 18 93 4 30 140 171 44 98 69 66 138 96 138 108 162 170 62 11 54 142 176 116 31 102 147 23 113 142 86 134 124 57 79 131 21 88 19 171 19 19 74 40 19 7 55 105 111 173 50 134 47 20 132 86 48 106 33 3 119 16 98 31 72 168 11 89 46 54 151 162 111 165 106 57 35 2 34 91 90 90 171 86 68 110 51 14 124 93 136 80 30 59 124 44 133 31 86 41 41 89 103 168 58 104 124 25 69 50 115 102 70 39 66 76 81 84 68 169 91 48 15 16 178 52 43 128 170 52 61 127 14 31 43 138 81 178 76 135 138 168 15 24 82 68 106 154 4 103 64 161 96 103 124 112 100 119 9 59 53 55 161 61 139 4 67 137 179 63 40 85 26 122 35 176 153 15 33 171 129 5 136 178 61 113 100 112 31 6 113 32 132 105 42 66 37 146 32 71 142 81 162 71 75 104 43 47 1 93 43 36 105 69 79 130 5 49 15 5 19 83 35 74 174 121 67 77 119 23 115 107 170 161 52 67 126 112 66 16 64 136 130 127 82 28 116 51 46 66 125 60 45 66 2 50 112 72
147 95 177 174 104 129 57 69 4 92 128 77 149 72 149 168 71 58 16 151 35 101 97 59 85 139 80 31 115 27 8 136 103 128 121 81 67 36 97 152 78 36 79 72 87 146 14 17 34 22 140 138 59 44 91 49 169 82 108 45 145 87 27 3 101 27 140 56 18 42 64 28 143 16 128 146 141 115 135 33 105 61 55 177 62 176 174 74 118 157 157 97 145 147 120 112 89 14 40 66 22 159 78 64 137 70 81 111 122 7 7 124 178 135 180 122 176 70 119 113 131 84 84 69 12 7 62 54 162 65 12 174 18 13 98 13 67 33 95 157 28 89 133 6 134 15 86 164 58 142 162 174 176 119 142 55 10 47 29 119 31 115 160 17 59 114 88 172 175 106 173 132 112 147 27 174 59 143 141 40 9 174 64 65 103 117 19 19 79 155 86 167 179 8 62 58 102 102 170 117 159 86 5 83 134 71 164 25 40 105 43 119 5 37 129 112 115 147 115 17 132 154 110 122 20 4 79 171 82 2 174 146 34 138 128 88 58 87 123 74 43 139 24 71 39 112 97 112 145 81 79 155 156 68 164 170 90 24 8 85 166 58 62 42 14 151 157 106 155 60 58 125 28 173 175 41 108 87 140 66 148 143 3 7 61 27 142 133 159 58 67 174 126 74 54 133 43 99 71 168 95 114 23 125 99 92 136 130 53 163 165 82 55 10 104 53 60 179 107 93 148 43 158 90 18 151 80 96 2 67 150 27 147 88 58 51 121 89 116 125 49 161 143 62 72 22 47 103 91 86 87 174 170 178 32 74 122 139 25 150 90 102 5 45 13 77 126 146 87 46 79 43 107 129 19 22 157 155 20 131 52 69 157 23 4 52 42 6 161 178 19 156 81 156 84 22 64 58 56 2 76 118 92 63 135 10 99 64 112 1 11 102 86 180 48 63 27 175 138 121 45 151 61 48 45 130 138 52 118 109 103 9 97 133 155 96 70 161 88 140 129 13 55 5 170 136 35 147 60 7 15 63 92 106 16 178 76 148 41 171 155 35 174 32 76 149 1 55 167 86 70 34 48 35 34 54 16 152 84 64 89 117 151 106 91 120 72 115 17 127 78 160 15 55 4 36 119 55 84 108 20 19 71 87 28 139 36 29 113 80 141 32 58 65 18 56 133 55 49 136 126 91 151 3 78 111 1 161 172 39 27 151 169 95 101 162 73 169 86 127 129 173 117 86 77 107 180 135 91 5 105 47 71 138 33 125 60 105 49 173 77 127 135 53 29 121 80 46 42 112 163 130 168 137 20 175 83 176 127 11 94 17 171 36 13 24 149 7 48 7 90 145 8 64 62 15 9 36 57 79 68 95 20 69 163 166 91 115 19 146 106 90 134 88 133 82 7 77 174 148 113 126 47 22 11 137 11 39 116 27 152 176 107 78 20 120 40 131 15 117 40 59 1 74 3 42 127 62 164 130 160 96 108 50 103 80 134 132 41 13 112 10 39 47 116 50 74 176 35 177 23 79 131 30 156 180 44 51 59 127 36 29 53 120 167 172 138 107 138 158 131 5 121 100 142 165 48 71 169 70 60 56 146 25 86 49 135 142 74 58 171 145 101 15 17 56 42 6 1 76 91 31 53 12 78 125 131 32 42 45 150 81 156 99 95 58 86 55 137 103 75 10 113 116 107 180 154 8 169 127 66 101 83 67 23 150 8 121 78 108 155 43 2 117 53 54 120 7 143 63 123 39 30 150 148 170 121 24 175 31 156 169 44 58 7 95 63 126 129 137 68 163 75 155 7 152 70 16 172 103 174 156 28 110 159 6 7 32 170 91 21 28 60 60 31 34 55 130 48 99 76 23 110 131 138 30 68 126 75 135 43 113 39 60 149 133 58 125 96 38 150 134 84 47 28 124 16 32 169 15 73 96 69 62 40 64 164 45 140 43 19 153 133 43 101 28 127 40 125 27 51 17 112 121 152 18 44 86 48 72 179 107 95 63 80 56 171 135 144 70 149 42 115 140 78 147 82 12 37 172 161 66 144 17 166 108 95 162 113 166 40 147 150 9 136 31 154 152 174 19 20 37 56 166 23 65 136 54 59 14 19 101 5 101 141 136 29 124 157 5 61 21 111 159 110 104 14 89 165 50 56 83 122 15 120 146 178 170 101 105 67 73 25 175 64 180 103 76 166 20 9 31 25 72 160 168 106 146 68 64 78 122 165 92 93 90 101 65 8 32 180 173 168 107 45 88 54 163 167 22 66 99 70 114 144 179 37 121 33 62 133 124 95 161 28 37 177 94 36 152 66 96 123 119 133 148 83 103 81 70 38 85 166 127 171 162 136 29 17 42 121 96 46 40 19 77 120 170 11 3 55 135 162 95 10 32 1 40 91 27 37 21 45 93 55 133 149 171 161 103 7 58 92 172 74 109 176 149 28 144 12 89 6 86 152 171 25 171 63 152 60 96 30 27 13 138 161 67 106 87 111 65 117 148 158 48 33 108 68 75 125 159 141 74 103 12 92 43 148 34 174 129 99 80 20 152 150 155 19 64 5 47 21 169 88 58 124 42 90 115 82 139 167 80 57 165 64 92 79 84 123 176 38 36 116 72 55 90 161 142 11 55 126 90 176 24 120 79 112 180 88 10 125 67 147 40 26 152 36 16 79 98 172 76 128 39 133 48 178 5 90 149 106 144 21 27 130 173 128 168 150 115 38 54 7 94 79 139 157 151 50 35 38 148 146 95 108 27 65 57 158 137 80 129 153 117 44 170 52 159 123 89 4 59 164 126 11 154 129 40 90 108 32 111 91 91 21 164 28 95 11 145 105 99 23 45 132 169 73 119 147 85 97 124 31 87 137 171 176 100 14 132 100 92 48 97 80 174 37 25 175 9 154 44 138 133 22 96 148 103 36 22 100 29 123 54 159 173 170 95 155 30 21 82 65 91 112 19 5 131 70 144 113 121 80 142 37 66 61 132 169 95 120 153 79 137 14 137 91 72 44 138 140 141 155 137 96 153 65 45 53 19 69 144 26 15 150 96 132 58 63 49 61 64 7 125 170 51 89 40 89 135 142 101 116 94 152 11 118 171 58 148 172 38 80 133 166 83 150 176 26 55 140 19 56 8 132 21 26 90 140 160 135 95 132 109 56 105 10 25
32 133 133 54 162 127 48 70 25 9 156 123 71 12 3 139 17 98 99 24 121 131 127 17 82 51 162 40 98 142 147 34 4 46 98 107 153 11 15 148 69 81 25 57 64 176 35 69 26 82 117 173 124 79 69 137 173 85 163 73 71 104 134 66 140 138 40 17 133 121 141 118 13 85 72 82 140 125 160 157 38 24 161 153 18 165 179 65 122 18 112 44 175 63 81 13 47 90 166 86 17 86 115 164 33 41 157 131 27 26 95 46 120 44 157 146 85 24 129 110 124 122 122 106 158 101 171 136 38 17 173 2 86 41 9 100 23 36 80 46 143 67 96 144 106 33 17 66 29 5 114 97 6 135 111 75 8 85 50 35 15 62 115 26 101 12 103 122 59 147 28 105 153 113 73 84 50 5 161 128 17 68 58 83 67 35 116 162 139 79 134 98 171 28 146 41 132 82 167 123 65 40 61 76 101 30 59 143 58 120 102 135 154 112 67 8 139 155 140 2 179 42 82 146 77 134 51 153 120 38 112 30 97 126 150 117 14 23 40 39 142 18 81 172 96 16 3 134 108 47 59 161 75 105 9 149 33 62 57 58 57 13 8 15 170 167 97 108 148 150 106 3 71 29 16 124 38 74 77 168 36 16 43 10 97 61 175 157 86 69 69 41 95 50 77 154 104 65 34 81 1 55 161 103 117 60 96 152 133 129 130 130 107 62 160 49 171 33 166 91 114 69 152 64 66 126 133 40 128 175 130 50 24 28 45 34 65 60 175 132 1 35 51 35 88 168 19 44 86 157 129 11 86 39 179 18 58 156 114 98 29 169 134 14 36 131 41 84 105 21 145 76 148 169 149 39 24 55 97 25 19 159 144 37 144 130 130 34 149 142 29 21 25 113 84 106 76 20 40 6 124 151 173 12 57 39 87 164 174 159 101 176 126 14 32 139 141 43 74 113 177 129 63 38 73 38 35 60 80 16 82 151 141 95 26 33 169 134 146 137 133 152 71 160 86 54 161 91 22 147 83 21 128 140 31 159 127 67 94 79 42 32 92 12 54 176 9 123 172 35 40 153 44 99 151 179 116 27 50 5 104 24 51 5 68 127 29 19 64 152 73 129 30 65 58 164 142 150 74 112 173 128 29 122 153 161 108 91 118 47 33 147 37 145 21 145 42 18 20 175 36 53 68 21 176 105 39 159 15 47 126 145 124 70 165 57 117 79 139 40 136 33 179 103 1 120 119 77 155 140 173 115 66 76 92 57 43 177 61 137 71 10 49 125 170 115 89 18 160 147 65 66 22 131 41 62 65 80 10 86 165 27 146 151 105 24 152 7 112 86 66 16 176 3 13 38 24 146 15 173 163 81 65 140 140 73 47 90 152 16 167 53 155 40 168 32 160 167 75 19 116 161 134 79 126 175 2 27 44 9 46 19 117 9 108 46 167 8 18 103 50 50 14 26 50 134 169 170 70 47 73 160 69 125 65 8 152 12 142 91 104 153 167 175 86 94 10 125 156 51 156 6 122 25 113 50 46 47 100 99 86 29 40 113 110 59 47 12 151 140 10 106 27 99 9 65 16 114 164 165 2 46 47 46 38 4 160 26 35 8 4 177 159 158 168 1 111 155 63 69 118 119 21 62 45 127 76 160 128 70 70 111 14 116 122 62 106 76 92 15 45 24 145 53 51 60 35 93 79 174 46 20 180 150 16 124 141 117 146 38 117 81 85 24 29 87 6 143 136 114 176 75 145 65 72 117 41 68 109 178 120 157 9 58 93 79 150 153 63 38 61 53 86 152 125 48 118 48 57 46 5 83 166 174 163 41 19 135 28 26 123 105 83 84 177 134 159 45 82 100 120 138 43 129 161 74 23 37 14 17 38 58 99 51 65 172 157 17 104 10 88 151 166 27 143 79 121 5 131 140 48 104 132 145 10 130 115 123 63 126 35 8 25 63 60 58 49 154 58 53 91 74 97 9 23 17 19 74 83 139 162 147 94 152 31 172 118 9 37 165 77 82 26 124 43 15 14 58 60 7 158 107 141 143 174 16 33 169 84 30 172 88 21 55 81 89 38 7 119 136 157 178 2 95 21 87 47 15 58 28 169 141 175 168 150 120 147 95 112 32 17 107 100 180 112 157 32 142 26 46 37 74 40 42 123 123 65 22 28 130 15 12 94 127 111 151 25 121 75 107 168 151 71 4 49 13 126 65 149 170 99 89 44 137 29 62 53 23 173 13 46 71 134 154 126 112 136 165 110 63 114 25 77 70 67 161 45 60 37 5 72 72 8 73 166 43 127 129 100 69 135 66 150 67 23 46 96 126 177 170 11 86 30 133 31 5 142 27 70 127 30 3 37 124 79 161 49 140 67 154 131 179 19 55 177 76 45 23 158 37 49 166 112 63 59 172 78 167 75 9 2 154 67 34 74 68 2 2 106 93 166 132 119 19 8 36 115 164 144 161 56 75 58 76 64 93 116 62 3 73 119 30 79 63 120 158 121 53 131 67 156 176 141 134 44 66 82 142 3 109 133 65 104 11 111 33 53 96 45 176 172 92 109 74 83 126 47 151 58 2 130 64 107 97 178 21 150 164 53 26 168 148 61 2 158 53 48 15 155 12 4 42 106 101 32 49 90 177 50 119 117 61 105 145 75 25 114 147 61 151 48 98 37 137 138 98 96 40 59 44 94 24 172 158 47 167 15 57 153 44 110 158 41 121 64 59 62 26 61 53 177 9 131 85 120 150 108 162 115 25 14 23 51 90 132 58 58 142 140 118 116 37 84 148 46 87 109 119 157 164 84 178 32 13 58 82 162 149 6 174 15 76 155 125 36 37 104 121 125 2 18 19 130 23 24 3 92 168 59 173 74 76 21 158 8 107 129 78 49 154 35 101 5 47 172 136 126 107 172 30 29 2 155 52 71 138 105 109 152 80 136 178 95 50 127 79 105 119 108 153 56 141 108 20 51 132 99 153 125 43 21 69 2 169 123 9 93 112 51 64 6 123 72 67 155 37 160 41 99 60 160 14 27 140 22 120 152 157 127 15 116 70 60 77 110 21 125 89 78 163 178 98 35 5 8 59 114 137 160 164 4 142 64 86 82 35 94 165 161 18 148 168 85 136 121 79 62 129 178 20 164 125 41 147 5 17 173 154 29 73
120 74 157 119 112 95 104 84 161 53 74 78 111 49 46 165 107 59 44 152 136 27 18 100 30 167 94 126 105 140 71 166 180 106 118 31 27 1 20 23 81 144 35 139 157 146 73 167 98 20 101 96 89 39 137 66 125 58 168 86 135 9 73 106 133 88 29 95 126 133 44 113 83 21 66 109 152 147 131 67 98 73 176 18 180 86 20 11 123 39 66 33 45 51 104 144 16 48 43 86 104 97 134 128 26 174 150 31 50 30 66 66 110 97 68 106 166 161 163 176 134 77 139 5 168 44 170 6 59 15 59 177 160 141 158 157 141 124 71 46 130 20 142 42 24 118 177 134 148 158 154 108 119 161 117 85 27 146 138 38 91 150 6 129 129 7 47 151 172 36 94 2 123 41 78 127 100 22 163 86 14 45 52 175 78 55 3 29 139 86 108 134 176 149 44 70 120 80 151 71 101 153 115 161 156 34 111 22 70 14 90 112 40 130 145 115 9 113 59 6 173 94 157 54 148 128 32 82 31 113 179 79 114 84 25 86 135 51 96 112 45 18 47 152 45 130 21 167 36 104 24 50 139 91 14 88 150 30 114 91 111 27 126 112 100 126 79 120 179 176 28 46 147 110 27 26 169 141 32 12 157 167 137 80 18 46 55 150 22 83 100 127 9 87 6 26 48 74 146 87 67 42 137 60 69 178 125 157 93 52 171 54 113 58 93 54 78 40 61 158 85 32 178 13 64 20 24 180 120 46 59 143 120 58 126 9 54 75 20 27 98 36 130 139 31 22 56 11 71 110 45 25 146 69 126 169 20 96 122 118 56 130 36 85 144 60 39 110 93 127 45 53 117 123 22 74 42 22 78 158 66 143 114 105 71 64 176 49 121 44 25 126 166 134 40 65 31 62 57 160 107 28 8 119 167 31 143 167 147 145 161 91 162 21 2 34 134 130 145 172 42 176 167 34 135 37 81 112 167 37 7 142 170 110 73 119 135 71 135 121 173 180 3 115 41 5 32 44 72 70 2 65 104 118 174 158 8 84 37 179 29 123 102 6 160 110 96 128 102 28 78 50 1 58 16 114 130 45 69 60 103 80 77 158 43 29 116 166 170 158 107 48 95 144 89 41 49 116 76 166 78 99 44 92 134 173 122 147 180 7 175 29 96 85 20 5 106 83 45 119 157 136 14 81 171 111 149 157 73 78 92 58 4 169 138 118 37 84 40 47 25 39 142 174 53 120 74 91 102 50 66 11 161 141 45 136 145 60 152 100 57 85 47 106 27 135 68 19 27 34 47 86 162 43 3 34 128 50 118 1 160 157 47 63 107 47 171 38 180 146 108 27 122 76 52 32 139 81 9 134 16 142 128 101 18 29 43 139 9 120 84 46 74 21 154 99 148 179 62 15 1 85 133 176 105 38 63 83 84 107 146 36 49 69 15 134 74 87 6 1 23 63 102 117 41 34 53 92 156 59 50 161 62 43 175 121 159 33 119 28 59 86 53 92 84 62 18 120 40 73 123 174 107 147 86 134 54 165 148 123 97 159 141 180 55 43 60 145 61 164 128 174 21 88 130 142 90 55 94 67 110 7 13 124 176 27 100 66 119 63 38 48 172 59 88 89 166 38 61 68 164 150 82 108 80 128 51 75 6 152 1 1 133 58 89 49 64 138 53 142 177 93 46 81 132 169 174 105 4 16 8 49 141 95 147 133 13 129 31 38 62 83 180 51 152 59 34 111 137 139 46 21 105 74 86 99 162 76 164 128 1 31 21 163 168 119 44 175 87 67 140 28 48 97 126 39 41 143 128 101 123 25 27 103 92 100 173 114 71 50 108 135 123 36 112 21 58 154 53 131 25 90 144 123 171 102 106 45 90 54 146 159 86 30 91 170 3 140 24 174 176 104 27 119 66 154 131 27 61 31 32 31 96 20 12 44 52 162 166 141 128 14 11 155 127 51 87 74 15 106 4 17 17 41 165 86 55 10 12 174 141 108 16 22 39 46 2 1 168 38 66 58 168 94 80 93 31 123 58 143 102 111 26 41 140 1 137 13 32 7 94 6 167 160 15 62 120 65 121 108 103 120 170 161 74 79 16 5 130 108 172 126 141 66 29 102 134 132 44 43 58 179 156 4 26 142 135 142 132 130 173 17 39 162 33 27 157 128 5 15 115 171 68 107 75 145 34 169 159 113 9 118 10 155 58 9 21 157 146 51 8 85 172 105 151 71 56 136 64 168 110 48 15 152 53 119 40 53 153 54 172 102 55 171 16 35 84 144 19 1 138 126 81 76 78 36 131 108 4 149 135 25 87 22 83 1 24 105 29 31 173 83 60 128 122 86 91 150 143 174 132 137 9 72 90 17 158 41 106 72 138 163 36 45 93 119 74 49 76 96 148 11 42 168 154 30 27 65 108 169 129 1 87 158 4 35 82 4 105 157 153 42 163 74 2 84 141 126 20 23 122 158 110 166 125 131 162 131 151 101 49 169 119 146 2 100 68 40 105 94 137 13 1 104 152 101 78 154 49 79 33 37 39 9 39 125 151 71 32 123 174 119 164 124 35 114 58 90 108 158 53 56 173 13 71 74 17 152 15 168 167 81 133 62 171 93 167 156 16 94 14 7 75 35 63 68 67 98 106 60 32 120 90 159 29 110 29 143 16 3 44 118 156 72 170 9 115 46 121 169 33 110 15 47 154 55 29 65 152 9 142 159 90 138 141 43 49 6 164 128 134 150 63 67 178 97 59 39 136 41 54 36 163 157 9 82 141 111 9 96 39 97 26 70 137 116 84 154 155 163 156 175 114 172 92 149 73 82 77 140 46 130 19 95 165 155 169 83 80 108 5 29 121 2 156 90 54 48 138 14 105 79 2 127 120 15 68 112 24 125 142 76 106 36 26 151 6 119 148 94 36 15 2 19 41 104 12 38 170 164 62 110 22 168 81 1 52 94 142 4 34 80 79 80 83 15 74 66 125 163 108 20 29 98 143 103 137 122 59 99 159 125 163 161 178 148 84 124 169 143 53 4 65 62 107 23 111 149 160 1 112 36 116 140 117 3 10 31 173 41 174 176 99 4 113 107 114 17 30 169 177 68 168 4 62 135 163 3 130 129 115 42 41 122 66 38 3 149 5 141 73 127 73 137 171 130 103 95 113 6
60 87 148 59 143 58 122 164 165 69 69 59 144 133 171 157 46 153 140 28 108 107 50 149 33 6 168 50 127 123 61 9 45 133 33 41 174 106 27 36 55 161 118 142 117 25 132 67 6 12 133 149 81 121 102 170 151 42 3 103 120 90 54 99 58 90 12 171 147 45 66 55 40 61 8 11 38 38 179 94 171 25 9 86 158 178 151 11 156 95 30 48 101 86 104 64 146 75 151 52 102 14 72 82 151 71 148 63 33 176 93 146 38 69 118 20 167 100 13 144 45 51 66 113 78 147 115 149 91 132 19 67 109 173 120 140 147 27 108 9 30 139 54 88 22 85 21 122 116 165 4 145 107 72 137 141 175 116 134 145 56 145 74 98 123 165 71 26 6 56 149 151 105 113 90 106 130 53 10 66 106 163 46 75 175 152 105 79 111 70 128 38 39 58 137 25 159 95 33 139 89 180 105 41 107 132 34 161 47 124 129 66 93 128 129 119 33 71 131 110 96 166 157 54 10 34 57 154 53 111 53 135 32 74 71 143 119 91 116 107 123 92 113 121 176 65 6 51 123 30 89 150 112 146 117 148 110 143 93 152 129 101 111 166 30 143 37 115 112 19 143 59 27 97 65 99 129 75 162 121 95 38 48 65 22 147 79 114 8 93 156 110 29 27 138 105 22 166 59 88 137 24 115 10 175 74 161 107 79 160 89 131 10 9 15 103 102 34 151 100 70 69 40 36 77 87 114 115 59 77 122 117 131 26 42 78 108 121 168 162 71 51 120 127 101 104 72 126 57 87 63 79 90 29 13 44 126 40 130 136 158 133 84 145 169 29 123 100 143 120 134 56 39 20 115 158 54 169 30 47 17 5 126 180 111 129 94 167 80 8 38 47 83 116 61 141 171 49 47 131 155 163 37 79 88 151 74 63 5 141 107 162 124 142 16 60 175 44 39 10 68 74 156 41 163 39 85 22 106 58 180 85 57 175 77 5 95 3 83 93 179 137 127 35 2 124 40 169 37 141 82 3 60 85 40 36 15 68 70 161 100 159 96 135 28 13 70 137 92 100 94 147 155 153 36 60 4 150 65 161 5 115 119 164 141 58 76 34 82 79 102 129 26 71 72 14 160 53 108 20 100 159 89 156 168 61 130 146 35 3 112 22 142 19 127 61 170 113 133 156 155 125 115 84 44 79 109 108 45 7 159 71 158 146 72 119 28 168 86 52 28 130 42 131 108 164 121 54 102 152 122 168 46 88 35 133 153 94 116 7 105 66 81 35 55 104 91 143 20 87 90 103 107 21 17 107 99 28 120 69 123 9 74 90 127 87 84 101 158 58 60 30 21 13 127 51 145 68 41 10 97 87 130 153 141 139 18 139 101 68 48 177 26 86 97 3 76 174 7 6 6 31 69 15 60 13 128 119 61 66 38 76 37 34 121 145 30 8 139 125 106 1 64 104 164 11 92 33 41 135 92 6 97 130 42 129 1 79 5 14 117 164 134 136 49 61 147 45 139 104 84 41 40 180 64 60 21 149 114 22 130 93 78 110 137 127 105 80 2 77 155 5 73 43 161 66 87 136 12 123 19 175 140 84 21 180 24 93 39 90 118 123 122 47 125 173 18 7 105 38 41 127 76 26 96 91 121 161 33 173 107 142 99 102 70 127 138 58 123 152 41 156 165 98 138 13 23 180 44 54 78 105 30 92 41 111 35 53 124 92 176 138 24 129 155 155 143 1 96 69 5 126 75 54 70 136 23 68 132 154 43 50 171 54 161 148 89 12 120 174 153 52 173 115 126 142 26 129 33 66 138 10 120 51 21 49 112 94 95 176 93 172 11 39 83 65 27 11 172 162 73 164 23 137 152 149 103 154 118 106 153 8 22 11 92 56 74 17 71 28 85 146 31 169 103 86 65 145 170 31 59 169 27 92 128 69 113 104 165 26 97 138 4 95 132 52 23 125 167 141 8 27 88 63 179 103 179 16 96 99 176 96 136 40 16 149 163 20 33 64 104 104 167 167 142 93 138 12 127 3 143 146 178 162 5 140 25 123 168 94 140 52 12 180 4 55 123 33 106 85 80 86 180 13 72 76 61 29 45 92 61 86 117 135 95 65 30 156 12 84 27 66 149 59 84 177 44 57 31 71 66 145 169 4 52 14 74 23 21 163 180 38 130 77 13 71 49 47 9 116 172 104 129 155 78 169 48 21 54 71 31 34 99 124 71 144 93 79 83 74 33 2 77 96 119 26 87 178 132 27 106 152 113 66 75 118 147 51 21 32 140 145 78 63 118 147 67 76 26 78 159 54 1 29 86 113 66 73 64 73 62 90 113 142 89 153 43 109 119 119 37 30 61 51 46 96 160 91 71 2 45 36 42 36 132 156 63 160 18 25 17 57 62 164 148 114 108 165 111 34 147 168 40 29 149 4 170 170 16 73 133 109 85 51 65 165 65 91 39 79 75 104 158 159 90 98 67 136 163 135 153 120 51 100 44 96 75 90 4 173 28 163 129 93 36 156 53 165 72 161 108 75 103 10 99 45 141 146 73 16 57 162 134 94 27 75 75 109 149 112 16 97 38 141 73 129 12 69 55 74 150 149 10 52 92 39 39 127 160 3 117 168 113 119 142 62 92 33 174 69 166 52 127 144 138 29 13 2 145 123 64 149 5 107 30 21 157 40 141 134 47 32 34 165 178 31 20 66 94 153 169 102 68 32 20 129 71 120 122 164 71 141 146 107 138 120 120 26 168 66 55 85 23 5 11 21 124 120 154 113 17 37 4 59 105 180 86 37 102 59 180 115 16 165 161 177 104 35 101 12 124 133 78 60 71 114 54 105 118 38 87 22 127 32 89 5 130 133 107 107 170 8 103 77 6 117 173 96 31 18 15 176 112 78 176 40 46 14 132 178 58 161 2 154 101 18 103 16 153 100 14 115 130 173 146 125 172 152 146 179 82 158 61 161 110 146 48 141 114 38 97 68 95 81 36 59 54 63 100 26 74 68 166 74 41 148 152 46 60 102 3 134 77 180 164 174 4 143 135 1 123 55 178 91 17 134 5 99 172 174 31 153 60 141 37 47 152 159 76 160 163 72 142 166 148 101 175 15 107 63 110 40 157 97 26 165 26 108 148 67 25 118 128 166 126 74 18 95 156 134
57 33 44 29 165 158 8 124 31 136 13 95 120 64 59 31 137 144 90 175 48 94 177 151 97 42 166 127 75 176 120 9 120 131 161 58 76 39 123 71 179 60 22 27 95 99 96 3 140 47 130 161 47 134 108 56 3 94 79 103 172 59 120 60 126 65 105 48 133 55 127 2 116 7 52 44 126 117 131 159 136 19 109 163 137 72 105 67 163 82 2 20 148 165 59 138 63 40 49 76 56 81 80 42 174 1 27 24 5 35 48 148 42 83 17 6 85 3 137 174 13 146 172 98 74 28 98 68 122 125 61 14 86 166 171 23 143 31 101 30 33 53 110 1 156 25 159 143 43 50 62 73 62 102 171 169 73 168 148 18 8 31 13 57 60 120 18 176 92 45 87 120 3 135 60 169 179 4 62 3 66 177 129 84 101 60 116 156 117 2 154 7 90 38 150 174 97 44 142 151 8 34 73 70 49 11 134 11 157 4 148 97 156 46 54 86 176 105 67 93 13 105 85 123 78 85 143 132 24 87 39 165 4 4 23 71 39 56 33 123 68 94 19 50 17 55 33 88 112 174 70 21 143 124 137 74 127 42 13 29 162 43 131 39 119 158 96 43 128 172 132 154 112 10 32 80 144 14 39 98 49 53 161 90 68 115 135 28 48 6 80 93 176 137 169 20 89 93 156 175 90 155 152 116 5 165 156 95 128 58 3 82 174 164 161 146 142 2 35 165 145 84 81 40 124 60 75 113 60 90 157 160 117 131 141 47 176 153 16 10 166 89 6 28 124 3 163 9 178 64 162 155 12 123 146 2 164 106 10 45 40 131 155 49 133 76 116 10 51 17 19 10 95 42 120 170 128 98 108 92 70 38 56 155 3 87 136 63 74 120 86 9 120 179 111 31 44 55 136 16 95 111 62 110 161 110 13 97 110 150 43 6 81 101 167 22 136 145 52 138 82 88 102 34 107 27 71 55 128 123 46 26 2 66 158 125 18 18 178 63 116 37 85 53 87 40 53 59 14 173 59 67 23 160 94 173 159 89 75 96 119 103 9 70 41 115 153 159 26 150 91 120 32 56 33 110 107 7 51 35 144 70 97 176 138 82 100 45 156 180 142 87 133 170 99 34 42 66 162 36 179 67 6 15 176 119 18 46 166 137 177 2 152 29 135 7 75 164 145 112 161 40 64 35 131 54 54 15 70 38 43 123 101 134 42 63 135 119 114 72 153 139 115 55 70 156 172 116 153 74 21 139 77 19 79 149 161 9 128 130 141 148 151 109 15 114 147 33 24 73 2 113 172 56 110 143 15 48 1 19 124 179 143 66 165 26 36 51 97 168 40 69 149 163 83 35 102 62 52 53 28 51 51 138 65 97 16 35 122 179 64 43 103 161 2 40 79 138 109 177 130 101 172 138 115 116 155 104 112 146 65 13 109 78 171 132 141 139 144 152 74 97 171 23 80 132 57 1 51 110 86 5 106 135 1 152 5 171 61 125 108 170 54 169 58 111 98 111 121 41 99 154 31 116 16 77 74 168 49 23 177 48 159 77 99 156 172 58 173 179 123 126 52 136 2 24 178 31 171 96 40 108 40 52 171 62 96 134 3 64 15 44 144 134 120 156 168 28 43 155 60 11 72 25 110 93 160 98 174 173 31 98 18 180 121 37 169 75 14 165 150 137 116 2 175 86 155 42 41 43 147 162 163 123 151 41 90 136 22 164 101 52 58 146 168 94 110 130 23 144 172 177 146 119 53 140 117 82 144 121 8 5 26 32 127 47 96 74 57 145 1 126 14 116 59 100 123 98 13 14 54 145 30 33 124 170 127 43 143 145 51 105 3 86 74 172 120 135 1 155 110 77 73 155 28 32 162 29 126 30 110 71 102 11 142 171 11 174 159 31 123 102 167 55 169 145 40 33 26 134 92 163 56 174 48 133 42 66 101 48 40 80 32 132 35 177 94 95 118 121 126 171 87 2 135 9 130 9 16 139 134 8 111 142 33 67 143 57 31 15 122 17 152 22 88 26 147 135 136 69 86 52 166 79 22 135 80 64 47 133 105 3 163 1 17 179 98 17 42 113 22 159 119 114 169 12 149 129 30 101 92 157 116 20 73 23 101 54 11 129 159 35 143 40 103 161 39 180 133 131 110 1 127 141 25 66 104 88 16 71 157 41 76 10 89 81 162 94 66 100 66 50 77 166 102 143 48 4 88 73 79 7 56 1 178 12 20 9 84 85 19 177 71 98 124 12 152 19 95 180 62 86 130 9 93 72 162 119 129 83 89 150 142 124 60 81 47 22 68 7 180 95 111 81 109 46 50 137 92 93 135 159 54 130 54 145 17 149 121 177 75 9 118 85 151 152 62 125 116 155 61 169 168 54 133 27 121 87 100 30 31 169 106 151 22 175 82 68 115 33 25 71 19 162 166 117 156 165 174 64 28 64 55 40 45 157 117 176 74 170 4 92 165 111 165 148 47 67 13 148 165 89 114 7 75 146 79 167 90 145 123 101 67 29 114 42 163 120 136 37 33 55 82 63 69 63 94 180 120 124 123 81 179 128 166 99 125 70 32 87 174 46 161 172 123 172 80 119 57 15 174 30 121 170 68 87 39 179 50 175 31 77 150 49 54 107 136 11 136 97 15 106 131 25 54 95 19 68 109 32 148 161 168 20 86 32 100 36 69 15 148 115 169 2 174 144 104 120 68 71 150 116 123 71 165 82 99 162 139 68 99 7 18 53 119 2 31 67 125 152 32 130 70 82 48 150 100 167 107 83 55 168 29 128 9 64 91 173 152 162 177 2 40 42 29 87 58 134 28 96 20 144 97 77 137 60 95 63 96 161 168 66 175 83 149 97 82 28 158 166 23 53 92 169 99 179 107 73 142 107 104 10 112 95 170 162 106 64 126 130 110 144 64 105 14 27 131 122 173 52 43 146 114 169 15 50 156 125 32 174 138 177 153 61 142 172 16 67 154 32 23 69 25 21 19 81 141 46 176 52 113 83 84 38 179 111 142 176 171 49 28 121 124 125 102 42 21 70 21 155 92 142 60 146 178 54 53 118 8 74 75 33 17 109 150 122 172 12 177 143 169 123 128 160 49 81 122 45 142 174 76 76 103 74 67 74 84 39 57 126 9 152 119 58 74 35 20 155 68 109
0.3
0.4
0.3
0.4
0.3
0.3
0.4
0.3
0.3
0.3
0.4
0.4
0.3
0.3
0.3
0.3
0.3
0.2
0.2
0.4
0.4
0.2
0.3
0.3
0.2
0.4
0.3
0.2
0.4
0.4
0.2
0.4
0.2
0.3
0.2
0.2
0.3
0.4
0.3
0.2
0.4
0.3
0.2
0.4
0.3
0.2
0.3
0.3
0.3
0.4
0.3
0.2
0.3
0.3
0.3
0.3
0.4
0.2
0.4
0.2
0.3
0.2
0.3
0.3
0.3
0.3
0.2
0.3
0.3
0.4
0.2
0.2
0.2
0.3
0.4
0.4
0.2
0.3
0.4
0.3
0.2
0.4
0.3
0.3
0.4
0.2
0.2
0.3
0.3
0.2
0.3
0.4
0.3
0.4
0.4
0.4
0.3
0.3
0.4
0.3
0.4
0.2
0.3
0.2
0.4
0.3
0.3
0.2
0.3
0.4
0.4
0.3
0.2
0.3
0.4
0.3
0.4
0.3
0.3
0.2
0.4
0.2
0.4
0.3
0.2
0.4
0.3
0.2
0.3
0.3
0.3
0.3
0.3
0.4
0.3
0.2
0.4
0.3
0.4
0.3
0.4
0.4
0.3
0.2
0.4
0.3
0.2
0.4
0.3
0.4
0.4
0.2
0.3
0.2
0.3
0.3
0.4
0.3
0.3
0.2
0.3
0.3
0.4
0.4
0.3
0.4
0.2
0.3
0.3
0.2
0.3
0.4
0.4
0.3
0.3
0.2
0.2
0.2
0.4
0.4
0.3
0.2
0.4
0.3
0.4
0.3
0.2
0.4
0.3
0.3
