60 12
2
     16449
     14561
  4.0  41.6  49.5   1.6
  1.8  43.1  10.4   2.4
  4.8  35.7  15.0   2.1
  4.0  36.7  11.0   1.7
  3.0  48.7  50.3   1.7
  2.5  26.5  88.6   2.3
  4.8  29.9  30.1   2.3
  3.2  34.0  28.0   2.0
  1.4  46.1  82.4   2.5
  2.1  32.4  77.2   2.5
  3.2  41.3  72.2   2.2
  2.2  39.9  27.7   1.6
  4.9  15.6  86.8   1.6
  2.1  25.4  75.2   2.0
  3.6  42.6  94.0   2.2
  1.2  43.8   7.3   1.6
  4.2  49.8  42.3   1.8
  1.2  13.8  48.2   2.4
  3.6  24.9  77.4   2.0
  2.4  40.7  58.2   1.8
  4.9  46.8  90.6   1.9
  3.8  45.9  34.0   2.4
  4.5  30.7  64.5   2.3
  2.9  40.4  70.3   2.4
  1.1  18.4  14.9   1.8
  1.1  14.6  73.8   1.9
  1.6  12.7   8.1   2.3
  3.3  21.7  16.5   1.6
  3.4  18.5   5.4   2.4
  2.2  32.3  67.7   2.4
  4.5  11.9  21.3   2.0
  4.1  33.6  53.6   2.4
  2.5  39.6  16.6   2.3
  4.3  45.4  46.2   1.6
  3.0  49.9  18.8   1.7
  2.7  28.8  10.5   1.6
  2.2  36.0  65.8   2.2
  4.7  28.9  47.9   2.1
  1.2  30.7  16.5   2.1
  1.4  21.9  74.5   1.6
  5.0  31.1  72.7   2.3
  1.8  43.7  84.7   1.8
  4.5  48.4  23.0   2.4
  4.0  37.2  89.8   2.2
  1.0  39.1   8.1   1.6
  3.4  18.2  20.3   1.9
  3.4  30.4  30.2   2.0
  3.6  47.5  23.6   1.5
  3.3  16.2  16.0   2.2
  3.9  28.5  29.9   2.4
  2.6  18.6  50.7   2.4
  2.2  27.8  18.8   2.5
  3.6  10.4  88.1   2.4
  1.8  32.9  16.1   2.0
  3.9  11.3  85.1   2.5
  4.4  19.3   7.6   2.3
  1.1  32.2  94.7   2.1
  3.9  46.1  70.5   2.1
  1.4  35.5  69.3   1.7
  3.4  48.5  72.7   2.4
  1.6  44.4  94.6   1.9
  1.8  22.6  78.2   2.1
  4.3  28.0  85.8   2.3
  1.0  40.6  76.9   2.5
  1.2  23.0  72.4   1.6
  4.6  22.0  91.0   1.9
  3.1  28.7  57.4   1.6
  1.3  49.1   9.8   1.9
  4.6  25.5   5.7   1.7
  2.9  30.2  13.0   2.2
  3.2  36.2  63.7   2.3
  2.8  25.4  87.4   2.1
  2.6  48.9  94.1   1.9
  2.4  21.3  46.7   1.9
  4.9  20.0  53.0   2.0
  4.5  37.9  68.9   2.3
  3.3  46.3  18.2   2.1
  2.9  22.3   5.1   1.7
  1.8  34.4  67.1   2.3
  1.4  21.2  68.7   2.2
  2.3  17.7  20.1   2.2
  1.5  36.0  71.7   1.9
  1.4  13.9  88.4   2.3
  2.2  44.6  39.8   2.1
  1.9  30.8  32.0   1.7
  1.1  43.7  66.6   1.7
  4.2  26.5  28.7   2.1
  1.2  33.3  51.3   2.3
  2.4  20.9  25.7   2.3
  2.4  16.4  70.1   1.7
  1.9  22.5  60.7   1.8
  2.9  14.7   7.1   1.7
  1.4  36.1  72.4   1.7
  4.7  33.2  26.1   2.1
  2.3  44.5   8.7   1.9
  3.5  49.6  51.5   1.9
  2.1  20.6  42.4   1.6
  2.6  42.8  59.9   1.8
  1.5  17.2  74.2   2.0
  2.5  22.6  23.4   2.5
  3.8  14.6  25.1   2.4
  1.6  35.2  62.3   2.4
  1.3  38.4  41.0   2.4
  1.7  28.0  89.0   1.7
  3.7  15.3  85.6   1.8
  3.0  45.0  66.6   2.3
  4.7  21.2   7.4   1.6
  3.4  36.3  74.9   1.6
  2.5  40.7  81.6   1.5
  4.7  29.3  85.1   1.6
  1.1  21.7  59.4   1.8
  4.2  25.0  29.3   1.7
  3.6  27.6  54.0   2.2
  1.3  42.4  70.9   1.5
  1.8  28.5  34.2   1.8
  1.2  44.4  66.4   1.8
  2.9  25.3  53.4   1.5
  2.7  15.6  81.4   2.1
  4.0  37.7  70.0   1.5
  2.5  49.7  54.5   1.7
  0.2   0.3   0.3   0.2   0.3   0.2   0.3   0.2   0.4   0.3   0.3   0.3   0.4   0.4   0.3   0.3   0.2   0.4   0.4   0.2   0.2   0.4   0.4   0.4   0.4   0.4   0.3   0.3   0.2   0.4   0.3   0.4   0.3   0.3   0.3   0.3   0.3   0.4   0.4   0.3   0.3   0.2   0.3   0.4   0.2   0.3   0.4   0.3   0.4   0.4   0.3   0.2   0.4   0.3   0.4   0.4   0.3   0.4   0.3   0.4   0.3   0.3   0.2   0.3   0.3   0.3   0.2   0.4   0.3   0.2   0.3   0.2   0.3   0.3   0.3   0.2   0.3   0.3   0.3   0.3   0.2   0.2   0.4   0.3   0.3   0.3   0.4   0.3   0.2   0.4   0.3   0.2   0.2   0.3   0.3   0.3   0.3   0.4   0.2   0.3   0.3   0.3   0.4   0.4   0.2   0.2   0.2   0.3   0.2   0.2   0.3   0.2   0.3   0.4   0.2   0.3   0.3   0.3   0.2   0.3 
  123    22    86   123    30   119    82   152    40    85   140    83    31   104    91    54   123    79    34   114    67    65    79   154     9   162    41   153   142    43   139    90   163   103    49    56    77    25   144    12   150    72    15   150    29   146   114    53    89    69    11   176    14   172   148   178   178    91    87    66    99   169    36   168   177    61   142   155    63    66   118   163   128   132   156    34    51    12    41   111    31    56    52    69    22    94    12    79   112   172   100   165    83   178   128    96   143     8   157    20   118    21    96    91     9    32   176   100   175    10     1   179    84     9   168   144   157    68     8   170 
   44    81    73    17   158     4    81   105    52   112   173   116   148    21    37    48   128    14   172   136    30     5    62   123    27   150   104    51    52    19    81    50    43     4   136   123   112   145    42    52   121   130   150    57   136    80   112    78   174   115    31   110   144   159    17   158    96   104   106    55   149   126   149   118    57    12   155   133   174    30   164    29    15   153    58    43   173   103    14   149   146    58    36    91   107    34   100   155   141   175   115    88   129    21    39   157   119    50   147    62   118   165   168    10    85    11     4    76    76     2    47   164    61   155    38    44   130    95   143   180 
   25    34    38    73    37    26    67    71   105   139    20   101   174   101    94   180    78    62    41    87   142     3   104   129   147     7    69    16   106    47    14    14    69    82    61   111   174   130   147   128    23    31   145   102   142    83    83    28    70    24   120     2   125    45    54   154   140    89    84   158    81   165   178    49   144    61    42    13   111   150    47    21   168    41    68    61    30   110    91    31    49   122   115     4   157   100   116   158    83    89    30    34    21    64   112    29     7    30    24   179   107   162   160   145   112    33    44   106    33   132    17   156    59    63     2   180    64    18    66   121 
  175   157   125    41     6    91   111   135   142    17    87   160   106   179   161   158   145   164   163    51    18   169    83     5   161    89   159   149   127    82    19   117   135   138    53    82   111   177    73    11   126    21   178    14    88    56    86    57    37   160   172   105   101    67   121    13    64    93    83   151   155    82    95   100   168    84    42    99    88   132   132    26    41    39    32    93   167   102   140   132   146    26   173   152    66   106   156    92     2    60    50    11   150    85   140    93    40   159   129    95    87    93    16   152   118    18   126   121    80    71   166   149     3    22    11    30     4   142   131    45 
  151    96     7   168   125   142   180    45   106    57   141   127   160   174     1   106    15    71    50    58    37    59    96   138   179    38    16    21   154   137    68   171    58   141   109    15   104   175   139    58    47    65    15   121   167    42   110   175    40     1    26    16   123    89   154   163    55   160    63   104    19   100     5   175   119    61   140    28   166    49   145    22   141    92    53    62   130    75   176    40   164   115    72   117   127   150   118   148   147     6    97    86   129    22   178    53    59    48    79     1   150   177    58   174   151   158    77    59   179   121    22   178   161    18   152    65    77    11    48    39 
    1    90    53    57    14   162   116   109   144    85   127   118    81   167   118   102   174   160   147    50   125   131   157    87    16    80   180    89   155   106   177    84   153   109   161    54    26    35   139    56    18    48   121   160   158   174   150     4   171    68    47    47   114    99    55    21    32    34    12    44   145    85    13   173   166    48   159   127   126    81   178   109   121     8    45   109    92   130    94   142    90    93    30    33    48   175    12     8    76     3   140    64   113    77     2   143    75   146   108     3   109    88    80   115    61   150    70    30    62    60   180   180    64    61   161    35    86   180   122    46 
   23   142   177   126   115    62    66   164    54    29    25   161    78   149    85    92    45    40   127     4   103    97     3    57   115   150    68   137     4   114   108   155     6   151    95    36   140    43   104    28   159    78    29    24   137    34   131    93    98    63   100     5    29   147    11   176    15   108   178    26   112   175    52   140    21    19   102    65    23    38     8   126   160   116   165   105   122   178    39    62    67   164   122   157    20   130     3   168   128    57    71    35   140   156   143    32    17     9    39   119    26    74   150   150    54   110   147    58    12    85   164   134   115   142   102   166    14    90   110   126 
   23   103   165    70    44     6    61   145   109    35    12    62    47    59    19    38   127   110    91   120    60    41   140    83    50    79    22   135   180    62   133   160    77   125    73    44   141    61   147   157    92    87    21   140    89   120    42   131    48   101    17   105   178   145   119   152   166   112     3   104    70    76   159    70   123   136     4   131    67    32   169    83   111    44   106   129   110   123   176   121    57    31    89   157   146    11    16    79    39   149    46   134    69   175   119    26    12    81    89    53    32    61    54    18    99   132    49   167    37   177    22   141     5    10    35    50    73    47    50    95 
   18    99    34   114   159    27   143    63    27    94    39    58   175    12     5    86   111   108   154    17   124   118    50    21    29    96   147   113    86   169    58    91   127    82    13   139    51    67    28    23   135    31   101   162   138    87   129   151     6   125    14   158    56    66   105    30   101    95   156    53     7   169   163    89   147   168    38    90   154   108   148    51    26    74   155    72    46    15   122   146   162   167   149   141   126    14    12   124   134     2    56   151   126    91   145    14    81    98   109   171   116    41   100   141    32   101    42   105   143   124    37    46    81   105    67    87   179    39   103    89 
   77     8   138    37    96   146    72    53   130    21    66   147    44    12    34   126    35     9   142    18    74    64   127    53    67   126    14    80     3     8    71    59    32   110    16    52    66   131    85   115   154   142    23    89    60   110    41     4    92   115     3   149   176   122   176    99    81    86   121   169   168    16    66    43   121    56    41   144   153   110    99    19    26   118   141    28   145   166    84    96    17   175   119    63   127   168    99     3   114   175   108   160   140   145    71    93     8   136    18    80    29    15    64   109    51    24    91   138    34    81    63   152   104   132   137    18    91    87    42    88 
   21   122    46   149    86    41   118     5    55   163   177    32    75   142    18    94    83   120    66   113    28   150   154    20   179   161     2   149    68     8    61   180   169    41   109    31    28   135   175   158   118    54   140   115    34     1   141    79   122    91   102   120    54   150    85     6   133    21   111    90    68    46   110    64    10    31     2   161    50   123   180    97   174   110    36   154    92   154    78    79   134   100   161    20   127   111    32    36    26     8    80    93    15    17    41   123   111   136   105   168    79    44   157   140    14    24   100   155    48   120   141    55   171    31    61    36   125    32     9    42 
   80   176    17    19   179   165    78   170    75    28     2    72   131    61    12    81    13   125    73     1    76   156    70    82    36   173    37    83     1    42   157    97   153   157   166    66   174    30    76    28   142    80    17    74   105   133   136   104   172    79   162   142    87    33    67   100   168   154    57    97   163    94    73   112    76   174   111   100   159   177   143    66    21   152   134   151    93    52    81    49    94   177    35   142   115   146    60    61    76    60    36    56   112    97   166    76   106   123   180    44   165   153    41    77    46    29   114    68    61    57     1   167    26    26    10    68   175    65   162   152 
 0.00  0.28 
 0.28  0.00 
