60 12
6
     14973
     17720
     17801
     16870
     17990
     15803
  1.2  51.3 612.3   2.3
  4.0  44.0 809.4   1.7
  3.1  45.5 779.5   1.7
  1.2  66.0 512.4   1.8
  2.0  35.1 461.1   1.7
  4.4  51.4 171.2   2.2
  4.6  50.4 872.7   2.2
  1.9  47.6 513.1   2.2
  4.5  22.6 256.2   1.6
  4.3  68.1 888.5   2.4
  1.1  43.3 835.9   2.3
  1.7  20.6 515.8   1.6
  2.1  15.4 702.1   1.6
  3.9  20.0 730.6   1.6
  1.5  68.7 434.1   2.2
  4.7  56.4 811.2   2.5
  3.6  68.3 428.1   2.4
  1.1  18.8 689.3   2.3
  2.7  27.6 911.4   2.0
  1.6  54.9 183.2   1.6
  3.7  49.5 855.5   1.7
  1.6  60.0 142.3   2.0
  1.4  59.0 357.7   1.7
  1.9  35.7  62.4   2.4
  2.2  67.4  77.5   2.0
  4.5  16.1 285.5   1.7
  1.5  19.6 118.0   1.7
  2.5  36.0 193.2   1.8
  1.8  62.8 453.7   1.7
  1.3  20.9 432.1   2.5
  2.3  15.0 360.6   2.0
  3.7  25.9 448.8   2.5
  4.1  44.7 379.6   1.7
  1.6  73.8 569.3   1.8
  2.2  30.6 357.5   1.9
  1.7  41.1 196.8   1.9
  3.2  24.3 399.4   2.2
  3.2  32.9  64.6   1.7
  1.2  60.4  57.1   2.2
  4.2  48.7 373.2   1.6
  1.5  48.1 733.0   2.4
  1.1  51.1 907.0   1.9
  4.9  15.7 103.8   1.9
  1.5  39.3 487.9   1.8
  1.1  45.1 534.3   1.6
  1.6  23.7 829.9   2.4
  3.5  24.8 488.4   2.3
  3.6  24.0 443.5   1.5
  1.8  61.2 710.9   2.0
  3.5  55.0 882.8   1.7
  2.5  20.2  73.5   1.7
  4.1  39.1 125.8   1.9
  1.6  71.2 156.7   2.3
  3.2  54.2 498.4   2.4
  1.4  23.9 446.8   1.9
  2.9  61.9 300.6   2.2
  3.5  50.7 471.9   2.0
  2.4  65.6 739.8   1.9
  3.2  25.7 927.8   2.2
  2.8  15.1 129.3   2.0
  2.7  16.5 367.4   2.5
  5.0  43.7 289.3   2.1
  3.6  64.0 205.6   1.9
  4.4  20.9 141.1   2.5
  4.0  41.9 395.6   2.0
  4.2  68.8 577.7   1.5
  2.3  28.1 696.7   2.4
  3.9  16.4 770.3   2.4
  3.1  40.2 169.0   1.9
  4.4  23.2 285.6   1.9
  1.2  39.8 233.9   1.5
  1.7  28.1 377.6   1.8
  3.4  36.9 942.4   1.8
  3.6  44.3  99.3   2.1
  4.9  50.7 152.2   1.8
  1.9  51.8 404.5   1.7
  1.4  73.9 251.1   1.8
  3.5  73.4 305.5   1.5
  2.8  44.0  82.8   1.7
  5.0  61.3 291.8   1.6
  1.2  47.9 249.6   2.5
  1.2  44.5  96.2   2.3
  4.7  18.2  73.6   2.0
  3.4  63.2  98.7   1.6
  2.7  47.6 736.2   2.5
  4.2  20.2 706.8   1.5
  1.7  43.8 647.5   1.7
  3.4  16.4 793.8   2.4
  4.9  61.9 468.4   2.2
  3.5  70.7 274.6   1.9
  1.3  26.8 476.7   2.2
  4.0  62.2 490.9   2.1
  2.0  49.3 112.9   1.6
  3.1  31.3 418.3   2.0
  3.2  66.8 331.6   2.5
  3.3  20.9 107.3   2.3
  3.5  69.6 924.8   1.6
  2.7  31.2 947.1   1.9
  4.5  22.9 366.0   1.8
  4.1  68.8 869.0   2.2
  1.6  72.6 385.8   1.9
  2.4  39.6 356.5   1.8
  4.5  60.6 844.1   2.3
  1.0  22.7 697.9   2.4
  4.2  31.7 841.5   2.3
  4.6  41.6 758.7   1.5
  1.2  69.8 112.6   1.6
  4.7  47.6 733.7   2.2
  3.4  37.8 878.9   1.6
  5.0  33.0 468.0   2.1
  3.1  18.3  86.5   1.8
  2.2  20.3 311.2   2.3
  3.9  72.2 446.8   2.5
  4.7  54.8 693.6   1.6
  1.4  67.3 829.2   2.2
  2.3  25.1 157.1   1.9
  2.0  20.8 949.3   2.2
  2.7  26.8 685.4   2.2
  1.2  70.3 342.2   2.4
  1.7  51.4 856.8   2.2
  4.5  35.1 425.1   1.9
  1.4  74.1 432.7   1.8
  1.4  47.8 656.3   2.0
  4.6  73.7 314.1   2.0
  4.4  52.4 297.2   1.6
  2.9  64.5  50.7   1.8
  3.9  47.7 687.6   1.8
  1.6  35.1 934.3   1.6
  1.6  59.8 577.9   1.9
  3.9  25.8 510.9   1.8
  1.6  41.8 292.9   2.2
  3.6  37.7 324.2   2.3
  2.5  59.4 863.4   2.4
  2.2  40.9 767.6   2.2
  2.9  40.6 321.1   2.3
  5.0  42.0 858.9   1.6
  1.6  32.9 294.9   2.0
  1.3  58.1 935.9   2.2
  2.4  55.5 460.3   1.8
  3.8  71.3 480.5   1.5
  3.9  38.0 405.6   2.0
  4.0  42.7 278.3   1.9
  4.9  57.7 813.9   1.7
  2.3  34.4 284.0   2.3
  3.7  68.1 236.7   1.8
  4.4  21.1 111.5   1.7
  1.4  56.0 261.9   2.1
  4.4  49.7 545.6   2.4
  1.2  54.2 693.5   1.7
  1.8  49.8 294.9   1.7
  3.4  31.0 868.3   2.1
  2.3  30.5 293.4   1.9
  4.7  65.4 142.9   2.4
  4.9  37.9 715.7   2.2
  1.1  40.6 912.7   2.5
  2.9  30.2 493.6   2.4
  4.7  24.9 408.3   1.6
  1.2  25.3 933.4   1.5
  2.5  62.5 753.7   2.5
  4.9  58.3 150.9   1.7
  4.6  41.2 460.4   2.4
  4.0  44.3 406.2   1.6
  3.4  23.2 443.3   1.8
  1.4  65.5 786.0   1.9
  3.2  69.9 346.1   2.2
  2.3  30.7 544.9   2.1
  4.5  23.1 319.5   1.7
  2.1  70.8 287.5   1.7
  4.7  68.6 691.3   2.3
  3.1  51.7 331.9   2.3
  1.5  45.6 113.2   1.5
  4.9  58.9 136.8   1.7
  2.6  39.9 928.9   1.8
  1.1  36.4 895.8   1.7
  2.5  54.5 561.9   2.0
  4.9  57.7 282.2   2.5
  2.2  51.1 651.6   2.2
  2.7  61.4 197.6   1.8
  4.7  17.4 907.7   1.9
  3.8  54.6 425.8   1.7
  2.0  49.4 674.3   2.1
  1.9  28.2 692.5   1.8
  1.7  47.4 306.3   1.9
  2.2  27.3 322.3   1.7
  2.6  35.5 440.0   2.2
  4.3  27.7 461.9   2.1
  3.4  32.9 327.2   1.8
  5.0  45.6 472.2   2.1
  3.0  70.6 225.3   1.5
  2.9  54.8 407.2   1.7
  2.2  27.3 925.8   2.3
  4.1  31.2 284.3   1.5
  1.3  32.6 252.4   2.4
  2.5  18.4 377.7   2.4
  3.6  66.1 353.3   1.8
  4.0  17.4  90.7   2.5
  2.5  15.5 708.2   2.2
  2.5  50.7 730.1   1.6
  4.2  66.2  88.6   1.6
  3.8  59.7 512.8   2.4
  3.4  17.9 896.8   1.6
  1.5  24.3 459.0   2.4
  3.7  52.8 600.9   2.3
  3.3  38.9 884.2   2.3
  3.3  20.5 570.9   1.9
  4.2  35.2 702.2   2.3
  3.9  66.6 139.4   2.2
  4.4  71.7 707.2   2.2
  2.3  24.0 824.2   2.3
  4.2  21.3 175.7   2.1
  1.5  68.8 282.4   2.4
  4.8  32.4 452.1   2.1
  2.3  69.5 638.3   1.9
  1.5  56.9 116.7   1.6
  2.2  73.9 534.2   1.6
  3.9  68.2 220.9   1.9
  1.9  60.1 272.6   2.4
  1.2  36.5 427.7   1.6
  1.9  50.8 451.3   2.1
  1.1  29.0 494.6   2.3
  3.5  40.5 659.2   2.2
  2.8  74.1 863.8   1.6
  1.0  41.6 462.4   2.0
  3.9  49.6 862.7   1.6
  3.3  19.6 705.3   1.6
  3.7  29.0 547.4   2.3
  5.0  16.8 430.4   1.8
  1.5  23.4 128.3   1.8
  4.3  17.6 794.2   1.9
  1.4  42.3 133.7   2.2
  1.6  59.3 132.7   1.8
  4.8  54.4 567.8   2.2
  2.1  58.4  50.5   1.8
  2.8  22.2 190.8   2.4
  4.9  73.4 391.9   2.3
  3.6  43.4 259.5   1.9
  1.6  38.9 424.3   2.4
  3.7  57.5 417.3   2.3
  3.5  66.1 169.6   1.8
  2.2  22.3 842.1   2.2
  2.6  67.1 404.0   1.5
  2.0  30.7 750.0   2.1
  3.9  63.2 529.9   1.9
  2.7  50.0 325.0   2.0
  2.4  74.8 406.1   2.4
  4.7  33.1 682.5   2.1
  3.7  41.8 347.7   1.7
  3.7  61.6 869.6   2.2
  3.1  26.7 294.1   2.4
  1.4  21.3 310.3   1.7
  3.0  69.3 737.7   2.4
  2.5  56.4 874.4   2.1
  1.8  74.5 238.6   2.3
  3.0  35.5 705.4   1.6
  3.6  55.9 737.4   2.1
  1.2  62.5 185.5   1.9
  4.4  48.3 312.6   2.4
  1.2  31.9 769.8   2.4
  4.4  40.2 248.3   2.4
  3.5  71.0 207.9   1.5
  2.4  30.9 444.9   2.1
  2.7  60.8 949.0   2.0
  3.2  25.8 479.4   1.9
  1.1  59.8 364.4   2.4
  4.5  47.6 356.2   2.4
  1.1  66.4 309.9   2.2
  3.5  34.7 110.9   2.2
  2.7  40.8 766.2   2.3
  4.7  69.9 226.1   2.0
  4.8  52.4 832.7   2.0
  4.6  59.4 559.3   1.8
  3.3  23.4 603.7   1.9
  4.3  63.8 295.6   1.8
  2.6  51.6 673.4   2.5
  2.0  17.9 502.1   2.0
  4.8  44.3 121.1   2.3
  4.4  60.0 908.3   2.3
  3.0  44.9 780.3   2.3
  1.8  69.6  68.6   2.4
  4.7  26.6 900.9   2.1
  2.0  19.2 358.6   1.7
  1.1  70.3 276.8   2.2
  4.4  42.7 233.4   2.5
  2.6  69.8 572.6   1.6
  1.8  57.3 144.4   1.8
  2.4  46.0 657.9   1.8
  4.4  17.2 157.6   2.3
  3.8  39.3 145.3   1.9
  1.7  40.1 683.0   2.3
  3.6  32.1 259.6   2.2
  3.7  22.4 607.5   1.8
  4.4  34.3 876.6   2.3
  4.9  43.9 452.4   2.0
  1.5  29.1 590.7   2.0
  4.6  44.5 442.3   1.7
  4.3  59.4 590.0   2.5
  1.1  74.6 481.6   1.9
  4.8  50.3 479.8   2.3
  3.4  69.5 103.7   2.0
  3.8  46.8 127.9   2.2
  2.1  47.6 441.7   1.6
  1.4  32.8 714.9   2.2
  3.3  63.2 548.6   1.9
  1.9  24.2 935.1   2.3
  2.2  36.8 258.8   2.1
  3.1  47.0 303.6   1.7
  2.1  29.6 404.9   2.2
  2.4  36.2  85.4   1.7
  2.7  24.7 274.6   2.2
  5.0  53.5 242.6   2.3
  1.2  31.3 288.3   1.8
  2.3  43.2 321.2   2.4
  1.3  70.4 560.9   2.1
  1.3  68.4 422.8   1.8
  2.8  56.5 506.6   1.7
  2.7  41.5 884.4   1.5
  2.7  24.3 448.2   2.4
  3.6  34.9 153.7   1.7
  3.7  19.9 706.6   1.8
  1.5  70.8 159.4   1.8
  1.1  19.0 941.1   2.0
  2.9  59.6 473.1   1.6
  1.6  65.9 858.4   2.5
  4.2  43.3 554.0   2.4
  1.0  37.7 474.9   2.3
  2.0  24.6 278.7   2.1
  2.1  36.0 578.3   2.1
  1.9  52.4 821.2   2.0
  1.4  55.0 134.1   1.7
  2.2  66.6 897.7   1.5
  4.5  29.9 360.4   2.3
  4.5  53.8 250.6   2.2
  3.9  38.2 473.8   2.5
  2.9  37.5 267.5   1.9
  3.0  24.2 479.2   2.5
  3.3  29.6 125.1   2.4
  3.7  65.1 870.7   2.1
  3.0  57.1 705.0   2.0
  3.0  17.2  90.1   1.6
  1.1  55.2  95.2   2.4
  4.8  49.7 677.7   2.3
  4.1  39.9 799.8   2.2
  1.9  73.0 894.2   1.8
  2.1  59.2 553.7   2.4
  2.5  17.2 659.7   1.9
  4.0  21.2 322.8   1.5
  2.3  25.5 860.1   2.3
  1.1  49.5 892.9   1.9
  2.7  63.2 947.4   2.3
  3.2  62.6 452.2   2.4
  1.7  72.4 903.6   2.2
  4.9  51.8 237.5   2.4
  4.6  57.5 903.8   1.9
  3.9  26.7 264.4   2.4
  4.6  34.7 793.6   1.6
  2.1  42.1 579.4   1.8
  3.3  29.2 147.4   2.3
  2.6  28.4 935.7   2.1
  4.9  73.6 388.5   2.2
  1.5  46.5 386.8   1.6
  0.2   0.3   0.4   0.4   0.2   0.3   0.2   0.3   0.3   0.4   0.4   0.4   0.4   0.2   0.4   0.4   0.3   0.4   0.3   0.3   0.2   0.3   0.4   0.2   0.3   0.4   0.3   0.3   0.3   0.3   0.3   0.3   0.2   0.2   0.4   0.3   0.2   0.3   0.3   0.3   0.3   0.3   0.3   0.3   0.2   0.3   0.3   0.2   0.2   0.3   0.3   0.4   0.3   0.2   0.2   0.3   0.3   0.3   0.2   0.2   0.4   0.3   0.3   0.3   0.4   0.3   0.3   0.3   0.3   0.3   0.4   0.4   0.3   0.3   0.2   0.4   0.2   0.2   0.3   0.4   0.2   0.4   0.4   0.2   0.3   0.4   0.3   0.2   0.3   0.2   0.4   0.3   0.3   0.3   0.4   0.3   0.2   0.4   0.2   0.3   0.2   0.2   0.3   0.3   0.4   0.2   0.4   0.4   0.4   0.3   0.2   0.4   0.3   0.2   0.4   0.3   0.2   0.4   0.3   0.3   0.3   0.4   0.4   0.3   0.2   0.3   0.4   0.3   0.3   0.4   0.3   0.3   0.2   0.2   0.3   0.3   0.3   0.2   0.3   0.4   0.2   0.3   0.4   0.4   0.3   0.3   0.3   0.3   0.2   0.2   0.4   0.4   0.4   0.3   0.3   0.3   0.2   0.4   0.4   0.4   0.2   0.3   0.2   0.3   0.2   0.2   0.2   0.3   0.3   0.4   0.4   0.3   0.3   0.3   0.4   0.3   0.3   0.2   0.2   0.3   0.3   0.3   0.3   0.4   0.3   0.3   0.4   0.4   0.4   0.2   0.3   0.2   0.2   0.3   0.4   0.3   0.3   0.3   0.4   0.3   0.3   0.2   0.2   0.3   0.3   0.3   0.4   0.3   0.3   0.2   0.4   0.2   0.3   0.3   0.2   0.3   0.4   0.3   0.2   0.4   0.2   0.4   0.3   0.3   0.3   0.2   0.3   0.3   0.3   0.4   0.3   0.4   0.2   0.2   0.3   0.3   0.3   0.2   0.3   0.4   0.2   0.4   0.3   0.3   0.3   0.2   0.4   0.3   0.2   0.3   0.4   0.2   0.3   0.2   0.3   0.3   0.3   0.3   0.4   0.2   0.3   0.3   0.3   0.3   0.4   0.4   0.4   0.3   0.3   0.3   0.2   0.3   0.3   0.3   0.3   0.4   0.4   0.3   0.3   0.4   0.3   0.3   0.3   0.4   0.3   0.3   0.3   0.2   0.4   0.3   0.3   0.3   0.4   0.3   0.4   0.3   0.4   0.4   0.3   0.2   0.3   0.3   0.4   0.4   0.4   0.4   0.2   0.3   0.2   0.4   0.3   0.2   0.3   0.3   0.3   0.4   0.2   0.4   0.2   0.2   0.3   0.2   0.3   0.3   0.2   0.3   0.2   0.4   0.3   0.3   0.3   0.2   0.3   0.2   0.2   0.2   0.3   0.3   0.4   0.3   0.3   0.2   0.3   0.2   0.3   0.3   0.3   0.3   0.3   0.2   0.3   0.4   0.3   0.3   0.2   0.3   0.3   0.2   0.3   0.3 
   65    24    52   123   174   121   140    55   118   113   146   117   135   126     9    54   172   175   176    10    30    47   166   163   125   133    28    93    51    80   117   139    92    92   137    63    95    91   170    61    89    29   149    64    11   140   164    14    74   177    28    63   160    95    56    51   135   107   137   122    97   146    81   180    48    43    15    19    78    12    31    19    28   124   123    74   109   163    14    40   148    28    63    23    42   153   115    84   176   103   140    43    22   120     6   168    81    41    67   161   149    94   150    50    92    37    64   129   116    74   162    73    33    61    50   175    31    25   156   119    18    96    26    81    19   119     8    76   105   105    51    39    24    71    85    40    63    89   172    71    98   114   179   139   118    59   145    32    73    25   130    49   152    75    87    62    87    88     8    98    83   123   101   166   168    34   156    82    96   137    43     7   117    50    63    75    13   110   169    36    92    51    94    97    44   111   178    36   124    40    86   166    27    20   163    26    99   111    23   155    22   138    54   119   124    85   108    90   175   139    14    34    10    64    39   111    55   148    30    89   136     6    10    34    79    31   144   147    22    74   134   165   175     5     1    35    96    40    10    98    64    87   179     3   109    69    31   165   113    83    31   134   114    58    28    31    94    18   162   136     6   100    32   176    62    80    68   141    13   176    96    39    37    33    73    42   117    67   175    10    67   157   128   119   146    83   107   104   131   163   123   100    14    69   110   179   150    26   176   128   152   143    58    81   175    75    46   120   148     1    55    16    69   104    41   157    22   122    68   113    27    71    57   155   157   106   105    74    16    42    48    22    55   167    51    23   109    25   150    84    62    47    80    80   179   141   125   164    59    55    31   149   174    92   130    50    18    26    86   128 
   40    82    17   141    98    90    90   142    16   119    21    40   138   114    66   128    13   120   116   154    55    59   152    93    66   138    35   162   101    92    90   149    26   119    45   130   117    24    15   126   105    77   178   127   151    44    96    75   150    74    75    32    87    14   119    90    38   128   160    93   117    34   151    66    91   178   169    75    49   117   175    10    24    32   106   128    52     6   158    54    72    69   165    27   129   141    64   111   147    25    31    78    63   144    15   141    75   156    61    88   119   165    23    94   120    67    39   114   177    69    30   139   176   104    53   147   154    55    62    53    26    61   177    37    43    36    61   116   147    21    49    38    84   120   151    41    45     8   156    84   131   146   169   147    24    59   173   109    38    42     9   140   179    24   154    40    57    19    66    93   155   134   104    16     4   122   168    49    79   179    30    78   126    93    36    50    13   102   179    48    74    67   139    13   112    17    17    14    84    58   136    20    68    25    80   169    18    83    20    63   176   135   120    28   109    41   151   170   156     9    61    89    83   132   106   105    14     7    67    18   140   136     3    94   102   138   164    12   173    61   107   137   163   100    11    30    39    24    74    67    67    14     2    60   155    10    86    98   122    87   102    71   104    72   107    99    11   106    50     3   123   157    60    19   137    21   130    50    70    45   123    90   108    34    24    54    73    52    41   124    40    83     5   131   138    36    75    37    87    34   156   159   123   140   165   156    56    49    64   128    15    35    31   122    91   136   135   148   126    18    87   173    48   155   123    40     9    91    37    47    20   166   163   171   154   135    11    26    45     1    62    78    57   116    99   118    86   160    53    48    50    80    25    83    37   151    23   108   147    67    98    20    41    96   177    91    29   117    25   103 
  177    64    93   144    41   153   138   163    36    15   119    52    10   165    92   113    48   168   129    74    16   132   176   124   172   168   163    71    59    54    62    36   159     4    76    23    71   135   144   143    34    99   163   125   100   159    47   155   163    64   146    38   164    85   145   178   130   136    56   118    36   129   125    62     1    75    34    18    76   111   174     8   115     9   169    56   117   164    14    24   126   132   178   170    46   134   113    83   119    14   154   155   123    84   174   165    60    86   100   134   169     6    79   149    42    70   102    14   123    92    22   175    40     7    69    37    99    90    59   126    58    98    46   148     4    59   173   155    65   176   175    93    78    33   139    70   176   155   134    88    76   134   176   145    31     6   121    36   163    46   145   123    95    26   158   178    63   141    56   172   132   158   168    64    46    17    72    76   173   151     7   128   146   176   174    30    53    23   160    73    98   123    67    21     5   101    48    78   146   165    38    42   165   102    55    25    86    55    65   160   178    19    74   178    14   146   117    88    91     6    44    51    43   120   105   153   163   138   111   158    95    28    59    45   139    57   144    33   109   126    58    91   172    93    31    90   180    11   164    83    31   127    52    55   157    36   130    15    21    63    72   166   136   157     8    72   101   171   133     1   109   114   120   100   109    54    30   168    68     6    90   174   144   150   165    16    57    33    80    80   143    35   167   103    90    32    32    31    80    18    55    70    98    88   119   138   101     6    22    86    53    49   147    26   178    86    82   149   147    84   162   176   169    26    10   118    86   167   108    42    20   126    83   102    19    81   117   107    38   146   146    15    32    78   131   148    65    69   131    11   148   168   172   176    60   171   156    30    88     8    34    35    17    32   102    72    61    42   110     9 
  176    93   153   126    34   173    77    46    81    13   145   102    24   126   160   175   123   127   136    19    21    81    99   133    92    21   145    38     4   169    34    24    69     4    12   162    23   148   104    70   140     9   134   141   156   119    18    81    47   146   120   114    29    86    89    64   131   122   156    57    21    44    15    22   179   165    14   102    45   150   109    20   144    94   142   175   125    16   166     4    10    30   140   139    15   151    68    36   133    61   153   107    62    67    12   170    71   129   157     8   129    10    46    53     5   100    47   150   178   116   161    27   155   166   105    12   168    44    63    53   119    51   170    43    59    78   131    68     9   176   146    22   131    20   170    78    59   148    60    59   156    86    24     4     8   141   166     3    48   139   178   176   115    87    32    44   135   156    65   139   161    61   168   109   126    62    26   165   173   149   150    11    59    83    76   153    71    55    32    31    13    35    97    29    14    52   149    88    33   180   133    25   126   112   107    78    20    52    28   122    53    84   155    60   136    69    11   174    48    89     2    72    80   175    46    18   103    57   118    84   160   153   109   125    88    15   157    78    89    12     9   105   153   144   177     1    71     1    16   180   145    64   163    81    35    71    65    67   153   180   107    53     3    73    33    85   152     4    87    96    91    21   170     9    56   153   137   179   100    84    32    11    63    44    39   177   166    63    26   157     4     9    88   175    72    26   130    61    17   174    93   108   166   167    75    73   146   127    62   140    84    63    56    24   115    50    94   142    79    92    78   136    21   138   140    57   147    67    66   163   172    42    83    78   150    67   180    24    19    44   153     9     1   111   149   165    70   178    75    49   160   142    89   162   155    53   134    27    87   163   164   168    70    90    80    18    78    46   105   173 
  167   102    58   161    88   154    73   177    25    43   144    83    15    15   151    26     4   159   178    11   172    75   127   102   128   177    60    68   124   180   164   123   163    65    96     9   111   101    93   109    38    55    93    26     6   132    55   136   136    56    46    22   127   108    14    23   137   138    69   107    62   149    67   142    97    27    46   137     8    58    49    57    77   146   153   127    73   119    52   119    91    72   128   122    72   164   154   110   132   170    25   130    26   177   112   132    44    80   132   154   162    31   167    68   144   153   151    33    73    30   159    54    39    33   120   159    26   118   124    59     8    37   160   174   127    81    69   166   123   149    65   111    29   154   133    75   157    56   103     4   108    81    87   100    46    99    12    27    80   120   116    22     3   115   132    10    28   106    83   107    26    48    21    27   133    76   119   155   116   117   106    59    78    11   177    54   171   179     5   150   102   149    14   176    16   121    45    13    87   145   121    19    65    69   116    38   139   173    87   160    63    46    39   115    92   139    92   157   170   132   170    59     3   142   156   177    35   179   123    94   177    86   180    33   148   108    12    96    63   140     1   106   142    25    47    57    38     8   143   140   157   140   149    28   145   135    28   123   154    72   150   169    45    66    22    98   116     4   145    70    43    45    96   135   125    14   138    28   173   125   172   112    77   134    73   126   171    37   162   144    98   139   125    45    85   162    42   170    25    30    30   116    18   174   169   175    73    49   140   170   168    77   153    21   145   140    28   127   121    80    49    28   111    12    25    76   125   175   105    50    84   113   137   133    53   148    82   176   148   161   164   130     7    86   150    10    80    19    23    60   173   142   115   170    31    11    58   179    10    72     2   143   127    27    95   124   179   135   131   101 
  165   178   146    54   123   147    19   111    51     7    83     6     1   114   152   179     3     2     5   118    97   149    71   167    16    39    51   138   163   180    94    66   153    69    33   142   150    19   126    75   169    32    37    44   112    42    17   150    56   147    30   159    32    96    27   150   118    63   179    20   174   115   110   147    42   113   122   101   115   111   124    34    25    48     7    50   145   141    13   117    37    60   177   170    17    29   167   105   101    25   148    53   177    49   155    85    98    96    71   172   178    23    28    76   102   173    56   159   133   126   174    43    38    10   153    41   160    10   167   114    28    88   156    39    31    92    57     3    55   141    73     5    23    72    30     5   132    72    55    21    44   169    28    73    72   161   147    81    94   142    74    86    94    61   128   107    33   149    66    35    95   118    15    64   174   130    17    80   136   173   171   137   175   120   149   109    73    45   142   174   180    77   156   119   122    20   119    41   180    68   155    87    23    78   168    31   105    33   131    62    73    86    16    67   160    81   174   136    44    61    53    51   155    75     3   118    30    66   111   160    35    16   135   134    60     4   151   124   152    25   158    45     7   103   104   163   177   106    23    64   139   163   141   150    35    20   128    63    32   160    74    28    52    40   104   106     8   177   138    35   105    95    29   108   106    69    67   146    82   137    87    18    61    67   110    28   147    33    31    81   141    60   147   103    65    32   158    88   118    83    57    66    87    96    69   128    25    58   172    72   126   177     1    19   149    43    53    27    64   179   119   173    84    79    83   117    23   143    18    61    64    58    42    49   157   174     4   129   144    30    15   128   111    72    22    92     5   117    36     4    60    40    99   148    16   160   128    84    49    70     5   139    14    74    46    78    75   165    33    93 
   13   101    45   166    20     3    41   139    25    26    99    25   150   177   110    68    92   106   163    49   146     3    37     3   149   101   121   112   113    63    80     4    80   144   173    86    49   116    10   154   130   150   146    79   146   177   170    88    56    24     2    23    45   174   164   172    20    13    53    16   165   153    34     6    54   137    55   166   137    94    63   160   168   102    97    12    25    11   115   156    48    34    95   119   137   127    97    35    26   109    90    24    86   109    39   122   124    81    10   169    10   145   154   120    22    23    81    86    31   154   138    73    31    23   161    53    39    81   146   116   136   158    59   100    34    60   170   172    48   121   140   144   102   163   110   153    91   170     1    39    32     1     8    47    78   178    37    93   147   170   164   170    94   179    29    52   180   180    24   161    77   169    16   176   100   144   100    39    27   179   143    63   104    65    65    56   134   144    10   162    17   124   179    99   133   168    58     7   111   156    98    77    46    95    79   177     6   167    73   140    12    83   159   111    11   174    22   122   124    40    89   157    15    56   128   168    28   175   169   114    21    52   155    10   175   130   148    10    64    78   118    14   123     7    16    99   162    83    86   151   168    10   100   110   166    16   118   146    73    73    12     6    73    88   125   176    18   174    10   147    56    38   169   132   107   131    28   128   178    50     7   157    45   133   125   102    94   172    34     4    39   165   102    77   151    52   158    12   126    94    64   140   172    67   156   170   178     1   161     2   171   142    54   151    90   133   133   161     4    14     3   142   132     3   146   112    10    95   175   160   172    92    43    64    74   104   152    53   175    46    14    60   151   133   168   151   127     9   139   143    77   101    37    95    78   121   155   148   141    75    48   151    93   104    67     5    67    19    68   139 
   19   166     3    21    58    88    43    60    37    80    21   131   165    17   113    62    36    74    63    24   171    58   157    87    17   135     1    78   143    21   147   146   154   137     4   149   103   116   147     8    17   145   100   177   110    60   149    58   122   175    54   167   111     2    74    34   134    81   120    34    60   103    46   145   150    98     1    95    19    70   152    32   166    23   107   153   117    29    36    18   150    25   123   165    42   168    91    41   108    22    40   173   105    13   148   163    78    77     9    38   157   100   112   106    94    47    68   141    92    10    21    22    57    60    58   124    62    49    17     7   104    19   160   113    87   136    74    29     5   173    84   169    96   143    89    49   141     6    14   108    16   158    43   168    12   163    10   109   169    94    75    98   125    98    46   123    79    53     9    34    79    49     8   107   120    32    60    91    93   107    28    75    80    67    99    11    34   170   111    78   169    27   120   123   128    47   157    56    67   106    72   134     7   102   135   134    13    80   150    40   135   164   111   116   156    17    47    36   153   166   113   170   156   129   138    96     4    37   124    87    18   162   148    43   115   127   144    18    65   145   158   115    51    22   157   118     6   175    69    48   116   124   164    96   166   166   156   117    16    58    22    39   128   123   121    93    18    98   104    51    16   149    59    97    96    53   113     2   175    60    20    12   165    22   132   134    26    25    77   117    55    81    55    93   116    62    71   176    36    32    54    51    15   159   150   152    21   133   137    48   145     7    79   104   179   140   124    68    75   135    89   123   130   172   117    39   134     5    78    14   163    18   118   106    52   156     8     2   171   171   143     3    77   124    94    88   138    39    58    97   173   170   115    71    19     1   143    48    13    78    15    52   139     5    73   120    20   140    84   168 
   62    51   134   156   178    77   163    52    98   138    90   107    16   173   153   177    64    96     1   107   165   120    26    76    56    88   106     2    35    99    89    98    18   106   126   154    23   145   132    81    24    12    34    12    49    44   115    20   132    29   133   123     4   107   146    33    46    96    35    25   139   109    42   135   175   109   164   105   133    60    17    73   154    15    57    11   179   177    36   163    73   130    30    44   170   141    25    89   126   163   109    86   147   105    43    15   162    98   134    86    58    95    43   137   180    31   112   177    77    45    44   165    29    85    13   154    28   108    51     6   140    96    73    47   175    84    39   122   161   106   180   157    79    49    33   152    31    33     3   111   143    60   177   150     2   106    58    26    49    32    64    70   156   145    83    53     4    63   130     9   150    16    56     6    35    67   107    77    87    25    91    56   169    82    14    15   159   175    38   108    99     6     3   128   147    87    41   105    67   119   144    59   124   177   117   176   117   117   108    46   125    64    67     1   166    95   107   142    61   130   126   159   133    71   108   113    54   139    22   146    34    29    23   128    31    17    38   133   114    20   173    34    63    98    63    37   125    22   176    93   132   177    32   104    30    27   146   103    43   152   174   110    51    77   148     4    79    65    60   176    32   112    95   142   116    54   133   136    53    28   132    45   114    40   117   159    84    58   106    52   134   125    22   119    86   145    62    37    76    33    88   167    58    74   105   175   136   143   179    85   106    71   129    58    73   125     6     4    85    11     7   142    83    51   170   123   135    85   142    17   166   148    44    39   103    44   124    83    56    45    77   104    33    36    76   113   137    45   101    90   169    28   126   180   171   128   142   167    30   108   111    47   142   128    19   105   177    65   125   125 
   54    88    68    56   170   157   141    66    21   136   113   167    88    84   107     8   143   142    73   177    90   165    11     3   148   139    52    33    87   127   172    76    18    87   157     1   112    37     1   124     9   148    33   128    14    39   152    46   115    18    26   103    99   140    73    81    45   165   130   102   131    70    47    91    25    27   119   108    23    11    32    23   124    60    72    87   148   180   156   153   150    31    36   125    30    93    65   141   143    85    96   157   131    51   177    93   148   170   101     9    51   129    51    15   174    48     3    36   153   101   161   172    10    76   123   161    69   161    89   152    69    61    49   140   119    87    44    37    95    93     5   173   162   172   144   136   119   149    45   108    19    65   145   150    25    45    78    67    66    13    11    26    66    54   150    62    92   146    53    14   164   134   144   172   124   100   173    80   148    59   117    30    14    65    47    75    72    22   116    25   165    97   117   175    77   149   149   144    80    85    60    11    25    88     6    41    68   138    75   143   129   154   132   118   180    69    16    51    22    61   160    64   147   119   124    46   165   131    17   115    24    21   175    81   164   165    17    25   153   151    90   127    53    55    79    52   124   108   152   171    52   108    32   127   176    56    33   153   162   107   143    83    87    52    69    99    88    96    44    99   173   162   166    10   106   123    22    87    53   172     7   136    62    75    31    22    32   134   164    77   135     9    69    65   171   144    94   114   165   163   172   122   100    61    64    61    13   178    33    45   113   107    93   146   116    95   117    24    92    46   115    59   130    19   142    35   129   100     2   119    55    58   141     6   172    36   155   125    80   101   116   165   169    32    19    56    69    65   145    97   179    56    94    66   107   116   178    76    64    93    86   131    85    31   133   121    97   177   142   113 
   10    19   109    57    65    83   131   113    82   106    28   170   103    86   141    35   103    60    40    82    96   147   146   100    45    91   165    60    60    97   120   159    82    12   152   178    80   104    79   152   151    69     7    13    36    51    48    21   134    10     2   100    96    51    43    54    48    30    13    91   177   155    88   146   153    29    43    68   145    94     4    49   153   137   103    11    34    71   110   100   137   152   158    79    55   112    31    97    90   126   124   178   162    83   166   153   103    38    14   158    66    83    61    35   134   145    53   163     9   110    24   138   106   104    26   105     1    40    12    94    97    65   130    12   159    11   177   180    92    30   135    54   119    47    34    84   139    38   169   141   161   154    58    92   137   179    60   132    63    82   133    62   148   129   153   169   175   120   156   165   120    68    33   141   173   119     9   103   119    79    48   162   141   140    15    10   101   112   154   114    37   112   125    27    51    84   164   143    47    82    91   141    55   151     9   121    76    19    49    61   120    75   154    28   155   158    23   139    99     3    64   108   179   107    46     4    16   106    17    38   157    27    10    85    37    26    63     6   149   135   153    67    60   114   146   125   138   130   114   138    94    88   139   152    64    81    44   158   139   101   177    68    12    82   104    28    38   164    10    86   139    92    58    11   142     7    63     9    72    88    74    48    13     8    32    23   152    58   134   127    96   149   159   151    52   168   112     8    28   143   120    65    31   139   176   134   159   139   171   157   166    80    73    97    40    45   130   149    70    79   138    96    72    55    29    92    52    88    27   178    68    60    22    92   113    32    90    64   174    85    98    14    28    58   155    86    37    67   119   165   125     6    38   103   134    34   129    69   151    59   177    41     3    85   116    58   123   139   106    66 
  117   166   126   137    42    26   123    75   123    99   171   140   118   159   142    50     7    27   147   128   139    43    11    12     8    77    13    48    32   139    98   111     6   165    15   136   146   114   135    68    64     5    52   123   163    54    45    84   147    98   134    44   121    22     1    25   162    17   178   165   131    25    13   106   133    31   131   153   156   152   154   110    78    88    59   152    60   143   145   138    59    95   121   138    10   114   136     7   111    61    19    96   139    38    74    54    50   135   123    58   143   127    15   135    76    43    25    72    73   162   108    89   116    77    93    88   111   156   165   168    24    33    12   125    62    77    33   158    63    44    27    58    67    32   118    98    67    67   147   152   150    42   142   173    51    15   122   153    96   154   159     1    62   179   106    87    14   130   163    12   109   115    77    90    18   145    89    93    78   170    87   135   150    40    15    20    31    75   128   162    20    48   135   129    90   170    42    22    65    21   102    89    73    70   155   125   154     2   156   174   164     3    47    90    58   133    67    14    40   176   162   146   178    82    64     1   110    87    41    29   144   114   177   143    37   174   153    65    54    18   135    12    78   129   164    85    73    74   158    43   101    55    69   152   121   172    44    65    70    87    98   149   137   118     9   179   112   162   159   117    84    11   160    84   130   169   139   128   129     3     1   141   136    25    95   106     7    43    81    28   130   123   166    84    25    39     3    66   110   160    10    89    40    62   109   119     7   140   142    65   127    92    80    34   134   147    18    34   178   179    30    25    83     1   178    82   139   174   147   159    92    36   173   134   161   165   106   153    17   139    10    44   164    55    53     8    95    41    34   116    45   170   123    93    88   153   171    56   163   134    71    74    36    25    13   156    81   170   159   151 
 0.00  0.38  0.24  0.28  0.29  0.39 
 0.38  0.00  0.29  0.31  0.32  0.39 
 0.24  0.29  0.00  0.35  0.26  0.32 
 0.28  0.31  0.35  0.00  0.28  0.40 
 0.29  0.32  0.26  0.28  0.00  0.28 
 0.39  0.39  0.32  0.40  0.28  0.00 
