120 12
6
     32724
     33735
     33337
     33664
     34583
     33480
  2.9  65.8 370.1   2.1
  1.1  63.4 269.7   2.2
  2.5  24.9 203.8   2.4
  4.9  63.4 918.6   1.9
  4.8  33.9 889.2   1.7
  3.8  31.9  97.7   1.7
  3.5  33.1 579.9   2.3
  3.0  43.9 899.9   1.7
  3.8  25.6 800.1   2.0
  4.9  48.7 118.6   1.7
  1.6  40.0 216.7   2.1
  1.7  23.7 175.0   2.4
  2.8  16.8 116.4   2.0
  4.7  52.9 596.8   1.9
  2.7  26.8 796.5   1.9
  1.2  34.3 874.1   2.0
  1.9  27.1 530.5   2.2
  4.8  25.3 621.7   2.0
  1.4  62.2 744.0   1.6
  1.8  53.8 929.3   1.8
  3.2  26.3 781.0   2.4
  4.6  15.8 550.5   2.2
  1.6  17.1 576.3   2.1
  2.1  71.7  71.3   1.5
  2.9  54.5 537.3   2.0
  4.5  47.5 505.5   1.8
  4.8  48.5 749.9   2.2
  1.6  53.3 200.8   1.5
  1.7  71.1 399.1   1.7
  1.6  30.2 413.6   1.7
  2.9  59.8 722.2   1.9
  3.4  60.7 247.8   1.7
  1.5  52.7 484.8   2.4
  1.7  66.7 864.2   1.6
  2.6  70.4 406.5   2.2
  4.3  54.0 328.5   1.8
  4.4  67.2 114.0   2.0
  1.6  74.5 786.7   2.4
  1.4  15.3 182.8   2.4
  3.7  47.7 807.9   2.2
  2.1  48.8 806.8   2.4
  2.3  30.9 726.0   2.1
  4.7  29.1 189.2   1.9
  3.0  21.5 201.7   2.4
  2.1  63.5 795.4   2.2
  4.5  65.8 123.4   2.2
  3.9  38.3 732.3   1.7
  5.0  56.1 897.4   1.9
  1.1  46.9 647.7   2.1
  1.2  69.3 103.8   2.1
  3.2  17.0 120.0   2.3
  4.0  48.0 680.1   1.5
  2.5  17.3 354.9   1.9
  2.0  67.8 386.1   2.2
  4.0  32.0 680.8   2.3
  2.9  73.7 570.9   2.5
  3.6  41.6 584.8   2.1
  2.4  47.9 826.2   2.3
  1.8  15.8 411.3   1.6
  4.0  68.7 311.8   1.9
  3.4  20.9 658.1   2.0
  3.6  37.8 509.3   2.1
  2.2  34.4 167.4   2.3
  3.2  67.4 732.7   2.3
  1.4  21.6 526.5   1.7
  4.9  52.0 469.0   1.5
  3.7  18.7 525.3   2.1
  4.0  36.0 517.8   1.9
  3.9  71.7 843.4   1.6
  1.5  15.9 121.1   1.7
  1.9  55.2 193.0   2.1
  4.3  23.4 628.5   2.4
  1.5  30.6 165.2   2.0
  2.8  27.6 927.6   1.9
  5.0  60.0 846.0   2.1
  2.2  46.6 279.5   2.1
  1.7  34.1 897.9   1.6
  3.0  68.3 592.6   2.4
  2.6  42.1 343.5   1.8
  1.1  64.4 112.1   2.1
  2.5  35.1 702.8   2.1
  1.9  56.0 790.9   2.3
  1.1  74.3 139.6   1.8
  3.4  15.1 480.0   1.9
  1.7  67.9 432.9   1.9
  2.9  36.2 343.8   2.2
  3.3  41.6 599.9   2.1
  1.0  31.5 329.6   2.2
  4.0  20.0 644.8   2.3
  3.7  63.0 245.0   2.0
  2.8  25.4 227.6   2.0
  3.8  74.8 576.2   2.3
  4.1  17.2 107.5   2.2
  2.5  40.5 284.1   2.0
  3.6  50.6 398.4   2.3
  1.3  63.5 728.4   2.1
  2.6  39.0 344.0   2.2
  1.5  29.5 420.8   1.9
  1.5  16.8 683.2   2.0
  2.0  52.0 740.0   1.6
  2.3  64.5 899.0   1.5
  1.4  45.2 590.2   1.7
  2.9  68.8 598.7   1.8
  1.8  39.8 174.7   1.9
  3.1  19.1  54.1   1.7
  1.5  27.7 887.4   2.0
  3.2  52.0 189.6   2.3
  4.8  48.9  95.3   1.9
  4.0  21.7 948.7   2.0
  2.7  67.7 586.1   2.5
  4.8  53.2 823.5   2.3
  4.7  50.8 730.6   1.9
  3.2  40.2 909.7   1.5
  3.3  31.4 781.9   1.8
  3.1  47.6 202.1   2.2
  1.3  72.1 530.3   1.8
  3.9  38.2 129.1   2.2
  1.9  54.1 338.1   2.1
  4.2  62.4 516.6   1.9
  1.9  58.5 533.6   2.3
  2.6  72.8 759.7   2.4
  2.2  21.3  53.1   1.7
  2.4  19.8 281.8   2.3
  2.3  73.0 467.3   2.1
  4.3  58.1  71.6   1.9
  3.7  31.4 704.1   2.1
  1.3  28.5 587.2   2.1
  1.3  43.3 779.1   2.4
  1.7  66.6 415.7   1.7
  1.0  15.5 140.6   1.8
  4.3  31.9 947.3   1.5
  1.3  63.9 652.6   1.5
  3.4  69.8 313.9   2.3
  4.6  23.1 610.6   2.4
  2.3  57.8 520.5   1.9
  2.7  72.8 192.4   2.5
  2.6  17.7 783.2   2.4
  2.8  64.0 342.8   2.2
  2.3  18.6 353.7   2.0
  1.2  53.6 319.6   1.8
  2.3  57.9 128.8   1.8
  3.6  69.0 389.4   1.5
  2.5  66.7 483.6   2.1
  2.1  42.2 656.3   2.1
  2.3  46.8 773.3   2.0
  4.5  47.4 772.0   2.0
  2.6  43.3 324.7   1.6
  3.2  36.8 754.5   2.4
  3.0  18.1 456.4   1.7
  4.3  37.6  86.2   1.8
  3.7  61.7 395.5   2.4
  2.8  38.8 637.1   2.1
  3.2  18.9  73.0   2.5
  4.4  53.0  97.2   2.2
  2.3  56.2 289.0   1.8
  1.6  73.9 579.9   2.2
  1.3  51.6 943.5   2.4
  4.5  64.4 176.9   1.9
  2.1  70.3 783.3   1.9
  2.1  70.9  55.3   2.2
  2.7  39.0 677.6   2.2
  4.2  24.2 666.1   2.0
  1.8  46.3 559.3   1.7
  2.3  37.1 815.5   2.0
  4.2  36.0 574.7   2.1
  3.7  54.6 631.9   2.1
  5.0  34.5 593.8   1.6
  2.7  31.9 209.2   2.1
  4.8  55.0 864.5   1.8
  2.5  16.4 242.0   2.5
  4.5  71.4 574.8   2.0
  1.8  68.8 277.6   2.0
  4.0  63.6 236.0   1.6
  2.2  33.4 578.4   2.5
  4.6  47.8 549.4   2.4
  3.7  60.9 545.0   2.5
  2.1  18.6 588.9   2.4
  3.2  32.5 864.5   2.1
  2.4  35.4 513.2   1.7
  1.4  45.2 948.2   1.5
  4.8  38.3 328.9   2.3
  4.5  40.4 271.4   2.3
  1.3  23.0 171.2   1.9
  4.3  44.0 174.2   1.8
  2.4  38.8 798.8   2.3
  1.6  47.7 332.8   1.8
  3.1  35.7 365.0   2.0
  3.9  73.0 192.2   1.9
  1.6  18.1  91.3   1.9
  1.4  20.0 218.9   1.9
  4.1  43.1  63.4   1.8
  2.6  68.1 824.0   1.8
  2.5  35.0 819.8   1.7
  4.3  18.1 594.1   2.1
  4.2  67.9 158.9   2.1
  2.1  48.4 668.0   1.9
  4.9  65.1 301.2   1.8
  2.4  61.4 723.7   2.3
  2.4  47.3 671.1   1.5
  3.7  23.5 728.6   1.8
  2.3  74.4 564.0   1.9
  2.6  69.4 864.3   1.7
  3.2  60.3  50.5   2.1
  2.4  69.2 257.1   2.0
  1.0  45.4  81.4   1.9
  3.7  30.0 126.8   2.2
  3.2  40.2 729.2   2.2
  4.5  27.1 844.4   2.0
  3.1  62.9 256.2   2.0
  1.6  16.4 114.0   1.6
  4.4  62.0 500.0   2.3
  4.0  40.1 309.5   1.5
  3.2  32.1 634.0   2.0
  3.8  73.1 556.3   1.9
  4.6  60.4 639.5   2.4
  3.6  61.3 246.9   1.6
  3.5  72.2 773.9   2.3
  3.0  34.3 286.3   2.2
  3.0  26.1 332.7   1.9
  3.2  73.0 282.7   1.5
  2.2  34.7 678.0   1.9
  3.2  67.7 227.3   2.2
  2.5  51.8 116.8   1.6
  4.6  40.8 834.3   1.6
  1.6  15.5 124.2   2.0
  4.3  27.5 409.2   2.0
  3.4  54.9 238.5   1.8
  2.7  43.3 548.6   2.0
  3.2  17.9 425.4   2.2
  2.5  19.5 324.2   2.3
  3.1  39.3 861.0   2.3
  3.4  37.4 897.2   1.6
  2.6  57.0 127.9   1.9
  2.8  58.6 339.5   1.7
  1.7  72.4 783.2   1.7
  1.2  37.6 493.0   1.7
  3.6  27.5 893.6   2.5
  3.3  18.2 273.6   1.8
  2.9  21.1 522.2   2.2
  2.1  45.9 336.9   1.7
  4.5  37.4 668.9   2.0
  2.8  35.6 295.3   2.0
  3.1  33.9 212.5   2.3
  4.1  37.2  77.0   1.5
  4.1  16.7 486.1   1.5
  1.3  71.1  83.4   1.7
  2.2  57.1 164.3   2.0
  3.2  61.1 650.4   2.0
  3.6  44.4 940.9   2.0
  4.1  23.6 373.3   1.6
  3.0  38.7 429.8   2.0
  1.7  19.7 285.6   1.8
  2.0  43.5 499.3   1.7
  1.8  59.0 105.0   1.9
  2.2  32.4 233.9   2.4
  4.2  47.5 385.9   2.2
  3.3  68.4 607.6   2.2
  1.0  15.3 114.8   2.4
  1.5  42.8 272.7   1.9
  2.4  55.7 663.5   2.1
  3.0  74.5 150.9   2.5
  4.8  17.1 642.9   2.2
  1.2  53.0 701.6   1.6
  1.2  59.3 366.0   2.2
  1.4  35.3 667.9   2.1
  4.0  28.2 666.6   2.3
  1.2  65.2 728.0   2.5
  4.5  41.0 626.8   1.5
  2.3  16.5 910.8   2.3
  2.8  15.1 588.6   2.0
  4.5  21.6 404.6   1.9
  1.2  31.0 731.0   1.7
  2.8  30.2 352.7   2.0
  4.7  69.2 222.4   2.2
  3.2  37.3 471.4   2.1
  1.2  67.3 933.7   1.7
  4.1  62.0 819.5   2.3
  4.8  25.5 792.8   1.6
  1.3  15.7 339.2   1.9
  4.9  67.2 173.7   1.6
  4.1  41.1 242.6   2.2
  3.8  42.7 780.4   1.5
  3.7  40.9 515.1   2.5
  3.8  55.1 697.1   1.6
  4.5  72.1 812.8   1.9
  1.3  58.2 442.3   1.9
  4.8  66.2 244.5   1.8
  2.8  72.3 475.2   1.5
  2.0  47.2 579.1   1.9
  3.5  21.2 385.0   2.0
  4.2  72.8 365.2   2.1
  4.5  31.4 517.1   2.0
  1.0  68.8 101.6   2.1
  3.4  72.4 446.1   2.0
  5.0  72.6 716.2   2.0
  3.9  41.4  74.3   1.9
  3.8  53.9 750.3   2.3
  4.0  15.9 138.7   1.7
  4.4  19.7 592.5   2.5
  3.3  24.4 254.4   2.3
  2.7  74.4 169.6   2.3
  1.6  57.0 273.2   2.0
  4.6  46.0 420.3   2.1
  2.6  55.6 259.3   2.0
  2.7  23.9 642.3   1.8
  3.9  30.1 942.6   2.0
  1.3  59.3 187.1   2.1
  1.7  25.2 195.0   1.9
  5.0  36.8 389.5   2.0
  4.4  15.2 144.2   2.4
  3.0  72.8 578.1   1.6
  2.8  54.0 152.7   1.8
  3.3  23.9 493.8   2.5
  3.6  55.8 552.5   1.8
  1.5  21.8 474.5   2.2
  1.5  21.5 157.6   1.7
  4.8  42.4  91.2   2.3
  2.3  46.3 352.9   1.9
  4.5  18.7 886.7   1.9
  1.4  58.6 237.7   2.5
  1.7  69.7 907.3   2.1
  3.3  24.1 658.0   2.4
  4.3  70.7 946.1   1.6
  1.4  46.9 115.7   1.7
  3.3  57.1 432.5   1.5
  1.4  73.3 187.5   2.0
  1.8  43.9 578.5   1.6
  2.6  36.0 291.0   1.7
  1.3  15.6 237.9   1.9
  3.3  28.9 606.6   2.2
  2.5  44.2 454.8   2.4
  2.1  15.5 890.6   2.2
  4.7  27.9 309.3   1.9
  2.9  19.5  88.9   2.0
  1.3  23.4 309.4   2.1
  1.0  28.4 234.2   2.1
  1.7  17.3 739.9   2.1
  1.7  16.0 292.8   2.0
  4.6  25.9 408.7   1.7
  2.2  23.9  50.0   1.7
  2.1  72.6 785.7   1.6
  1.8  34.9 469.3   1.7
  3.7  47.0 297.4   2.4
  2.6  67.6 386.1   2.2
  1.4  24.9 785.8   1.6
  4.2  51.1 494.6   2.1
  4.5  45.4 430.1   1.7
  4.4  41.9 337.8   2.2
  3.7  66.7 521.8   1.7
  3.9  18.7 371.6   2.2
  2.7  28.7 223.7   2.2
  4.1  57.0 619.3   1.7
  2.4  30.7 642.3   1.5
  3.0  25.2 747.3   2.3
  2.3  48.1 543.4   2.3
  4.9  69.1  69.4   2.2
  1.7  24.3 705.5   2.0
  2.8  39.8 863.8   1.8
  4.1  18.3 368.0   1.7
  3.8  24.9 824.4   2.0
  2.3  52.6 157.9   1.5
  4.9  61.3 799.9   2.3
  4.0  53.4 879.7   2.0
  2.4  53.1 532.0   2.3
  3.6  30.4 514.9   1.8
  3.0  29.3 675.3   1.6
  2.0  73.1 772.4   2.1
  4.4  29.6 202.5   2.1
  2.0  67.1 797.8   1.8
  4.4  50.3 386.9   2.2
  2.0  71.9 530.1   1.9
  1.5  23.9 343.1   1.5
  4.4  18.8 789.2   1.8
  4.1  51.3 782.3   1.7
  4.7  33.5 322.3   2.2
  3.4  55.9 344.7   1.9
  1.8  56.4 887.9   2.3
  3.5  28.1 916.8   2.3
  2.4  59.0 575.0   1.9
  2.9  35.2 363.1   2.1
  2.3  47.6 254.0   2.1
  1.1  53.1 478.9   2.0
  4.7  18.8 938.2   2.2
  1.8  29.5  89.8   1.5
  3.8  66.4 512.4   1.8
  4.3  17.0  50.8   1.9
  3.6  60.6 464.8   2.3
  2.9  45.2 145.7   1.6
  2.3  23.4 633.4   2.4
  1.4  21.3 894.5   1.7
  3.3  50.5 362.8   1.9
  2.4  29.5 850.8   2.0
  2.3  66.3 888.8   2.0
  2.5  44.0 937.6   2.3
  1.0  70.1 918.0   2.1
  4.6  33.2 478.9   1.5
  2.9  30.0 483.8   2.2
  1.1  22.1 350.3   1.8
  2.0  65.1  76.1   1.8
  2.5  24.9 506.9   1.7
  3.7  71.8 710.9   1.9
  1.1  56.6 540.8   2.4
  4.6  44.3 440.1   1.8
  3.5  52.3 517.4   2.3
  1.8  46.1 759.5   1.9
  3.2  21.2 283.8   1.6
  1.1  49.8 463.7   1.6
  2.2  39.7 610.8   2.2
  1.9  61.4 450.3   2.0
  1.2  19.6 619.6   2.2
  2.9  50.4 634.5   2.3
  2.5  17.5 354.9   1.6
  5.0  69.1 938.2   2.1
  2.9  34.2 905.1   2.1
  3.2  26.7 451.0   2.1
  2.6  39.9 561.5   2.1
  3.7  24.6 733.7   1.6
  3.7  25.5 905.0   1.9
  1.9  17.0 196.2   2.3
  2.1  52.4 468.8   2.3
  2.0  54.7 157.3   2.5
  4.1  29.8 560.2   1.9
  4.5  27.5 680.6   1.6
  4.9  31.5 829.7   1.6
  2.4  33.8  72.8   2.4
  3.5  34.8 254.7   1.5
  1.7  72.0 297.9   2.2
  4.8  26.5 705.5   1.9
  3.1  21.7 166.0   1.9
  4.0  43.5 767.1   2.0
  1.2  67.9 731.0   2.2
  4.7  39.9 763.4   2.3
  2.2  27.4 548.2   1.7
  4.8  19.3 804.2   2.4
  1.4  19.5 296.6   2.1
  2.8  16.5 485.3   2.5
  3.4  45.0 710.7   2.0
  2.7  70.5 715.6   2.1
  4.0  70.8 382.7   2.0
  5.0  53.9 560.9   2.1
  3.2  62.4 724.5   2.3
  3.9  33.6 546.8   2.4
  4.0  64.6 470.9   2.0
  1.1  52.0 111.0   1.8
  3.5  41.3 758.8   2.4
  3.8  70.0 499.4   2.1
  3.2  15.7 182.0   2.4
  3.2  51.1 856.2   1.7
  1.0  47.4 187.5   1.7
  1.2  61.3 844.4   1.9
  1.6  60.3 235.0   2.2
  2.6  25.7 660.8   1.7
  4.6  23.0 568.5   1.7
  2.7  53.4 236.7   1.7
  3.8  22.2 851.9   2.2
  3.8  58.7 551.1   2.2
  3.9  40.7 355.7   2.5
  3.4  74.2 220.7   2.4
  3.7  27.0 108.9   2.3
  2.9  22.4 470.1   1.8
  4.2  26.6 285.5   2.0
  4.8  47.2 816.8   2.0
  3.8  65.6 241.5   1.8
  3.0  64.8 161.2   2.4
  4.6  49.3 173.3   2.4
  2.1  35.0 161.3   2.5
  1.7  28.2 790.6   1.8
  1.6  16.0 877.6   1.6
  1.1  35.5 240.5   1.7
  1.8  42.8 623.8   2.0
  4.3  53.0 828.6   2.1
  4.0  65.5 363.1   1.6
  4.2  58.7 315.5   1.7
  3.9  45.6  68.4   1.7
  2.5  54.8 106.2   2.2
  4.8  72.6 621.1   2.3
  1.8  39.5 761.2   1.5
  1.8  25.7 580.5   2.4
  1.5  57.5 264.4   1.8
  2.7  51.1 832.5   1.8
  3.6  54.3 199.2   1.7
  1.3  67.8 101.0   2.4
  4.7  46.3  96.2   2.4
  2.2  59.7 163.9   1.9
  3.8  56.6 898.3   2.1
  1.5  20.7 723.0   1.8
  3.6  50.3 696.6   2.3
  2.2  19.0 394.8   1.8
  4.7  66.3 279.7   2.4
  5.0  61.9 850.6   2.0
  3.3  41.4 589.4   1.9
  1.1  45.2 802.3   2.3
  2.1  17.3 349.7   2.3
  2.4  44.4 903.6   2.4
  3.1  71.1 500.4   1.7
  3.4  38.1 254.1   2.2
  3.6  40.4 440.8   2.3
  1.2  51.5 317.8   2.2
  3.3  57.7 688.6   1.7
  2.2  19.7 756.2   2.0
  1.9  30.6 165.2   2.0
  4.9  42.8 622.7   2.4
  4.1  30.1 232.6   1.8
  3.7  63.7 120.4   1.6
  1.4  67.3 496.8   1.6
  4.3  38.2  88.4   1.6
  2.0  69.3 141.4   2.3
  3.9  68.6 826.3   2.4
  1.2  61.9 910.5   2.3
  1.7  29.7 420.9   1.8
  4.5  44.1 301.7   1.6
  1.2  45.7 609.3   2.4
  3.4  51.8 646.2   2.1
  3.7  33.6 117.6   2.4
  2.7  60.0 876.5   2.5
  4.7  25.0 330.3   2.3
  1.8  34.4 399.6   2.4
  4.2  49.3 941.0   1.5
  4.3  31.4  79.6   1.6
  2.5  71.2 204.0   1.9
  4.2  65.4 605.0   1.7
  2.4  38.9 262.6   2.5
  4.8  62.0  87.8   2.5
  1.5  43.8  71.8   2.3
  4.5  38.1 543.4   1.9
  4.0  20.9 470.2   2.0
  3.3  32.8 509.0   1.7
  1.3  74.5 537.7   2.1
  3.6  71.2 475.9   2.3
  3.3  65.7 300.8   1.7
  1.9  41.5 777.1   2.1
  2.1  54.5 660.4   2.1
  1.1  66.6 322.2   2.1
  3.6  70.1 154.8   1.6
  4.8  68.6 412.5   1.6
  2.3  32.0 438.9   1.9
  2.2  59.1 416.8   2.1
  2.0  62.0 825.9   1.6
  4.4  49.2 414.5   1.8
  4.7  24.2 321.2   2.2
  4.1  70.6 356.2   2.5
  4.2  22.4 408.8   2.5
  1.9  58.4 272.1   1.8
  2.1  62.8  86.8   1.5
  1.5  41.1 245.8   1.9
  3.8  40.3 193.8   1.8
  4.8  47.1 510.6   1.8
  1.6  59.5 931.7   2.2
  4.2  27.9 126.0   2.0
  3.0  20.3 641.6   2.3
  3.5  52.8 208.3   2.4
  3.0  45.4 386.3   1.8
  3.1  29.4 877.8   2.1
  3.8  30.7 146.7   2.0
  2.1  57.7 825.1   1.8
  4.5  26.7 127.7   2.1
  4.8  40.8 324.1   2.1
  4.1  63.9 494.1   1.7
  2.0  59.5 300.4   2.2
  4.3  60.3 390.4   1.9
  3.6  62.7 273.3   2.2
  3.3  19.8 338.4   1.7
  4.9  24.0  80.0   1.6
  3.3  39.5 256.1   2.3
  2.0  29.0 756.1   2.2
  1.3  62.5 745.9   2.0
  3.8  54.7 584.0   2.0
  4.1  53.6 860.7   2.5
  5.0  54.8 465.8   1.7
  1.7  50.5  96.3   2.2
  4.8  45.8 683.3   1.5
  1.4  72.3 568.1   2.3
  3.7  36.3 422.2   2.1
  1.6  16.4  84.1   2.5
  3.8  15.5 847.8   2.4
  1.0  65.8 496.4   1.9
  4.6  41.4 705.0   2.2
  1.7  50.8 926.7   2.0
  3.2  24.7 439.9   1.6
  3.4  64.4 277.5   1.8
  3.5  58.1 465.5   2.0
  3.6  29.0 370.4   1.6
  1.5  56.0 191.3   2.0
  2.6  71.2 846.2   1.7
  3.0  25.1 774.3   1.9
  3.0  65.4 879.5   1.5
  1.4  16.7 380.6   2.2
  1.0  57.9 793.8   2.0
  1.8  37.2 902.5   1.8
  4.1  51.4  71.3   1.7
  1.4  51.2 256.9   1.9
  2.9  26.8 638.9   1.5
  1.5  72.8 488.5   2.0
  4.0  52.4 793.4   2.3
  3.0  64.3 798.6   2.2
  3.6  56.2 390.4   1.8
  4.6  53.7 363.9   2.1
  1.3  61.3 942.6   1.7
  2.9  44.2 827.8   1.8
  1.5  18.6  62.3   1.5
  1.9  54.6 447.1   1.8
  3.9  70.0 119.3   1.7
  3.5  23.6 395.7   2.4
  4.6  47.9 948.6   2.1
  1.1  15.4 110.8   1.5
  1.0  72.4 374.3   2.3
  2.1  27.6 523.4   2.2
  2.4  23.0  78.5   1.9
  3.6  18.4 766.0   2.3
  3.8  63.0 188.0   2.5
  3.9  57.6 233.1   1.8
  3.1  57.7 691.7   2.1
  4.5  27.0 893.0   1.9
  2.6  64.0 582.9   2.3
  4.6  63.6 858.2   2.2
  3.1  71.6 223.3   2.5
  3.7  52.1 732.1   2.1
  4.2  57.1 383.0   1.6
  1.6  36.3 599.5   2.1
  3.7  46.2 670.6   2.2
  4.2  29.1 415.9   2.0
  4.6  25.5 507.2   1.5
  3.4  59.8 735.9   2.0
  1.5  66.8 268.0   2.2
  3.9  53.2 544.0   1.9
  1.4  56.9 225.2   1.6
  2.2  44.2 784.0   1.7
  3.6  29.5 869.0   2.3
  1.4  59.4  55.3   1.6
  4.3  17.2 259.2   2.5
  4.0  64.0 776.8   2.3
  3.9  27.5 417.3   2.5
  4.0  33.6 923.8   1.8
  3.2  26.1 358.2   2.1
  4.5  34.8 404.4   1.5
  3.7  44.0 493.1   2.1
  3.9  24.2 481.4   2.3
  2.6  59.0 526.7   2.3
  3.3  47.9 178.0   2.1
  3.7  63.6 586.7   2.1
  3.8  28.0 642.2   2.4
  3.1  15.6 318.1   1.6
  4.2  27.0 193.2   2.3
  2.3  23.3 803.7   2.4
  1.3  39.4 241.4   2.0
  4.5  34.6 615.2   2.3
  4.2  59.7 165.8   1.6
  1.6  54.9 749.2   2.0
  1.1  29.7 559.9   1.6
  1.7  54.2 753.9   1.8
  2.0  20.7 915.7   2.2
  3.9  72.7 167.9   1.8
  3.0  17.0 164.8   2.4
  1.2  31.9 877.7   1.9
  3.4  55.3 765.4   2.3
  1.2  26.2 269.7   2.0
  3.1  55.7 438.0   1.9
  1.2  48.5 566.5   2.4
  3.3  63.6 942.6   2.0
  1.9  48.8 621.3   1.7
  1.2  63.2 307.1   1.7
  4.1  52.1 661.4   2.0
  4.2  21.1 307.9   1.9
  1.9  64.2  86.5   2.0
  4.6  26.4 345.5   1.5
  4.4  25.2 882.8   2.0
  1.8  64.1 459.1   2.1
  1.5  20.9 270.7   1.5
  1.6  70.7 621.4   1.9
  1.3  70.8 134.5   2.4
  4.9  26.3 888.4   1.9
  4.0  57.6 144.2   2.3
  1.6  47.7 359.7   1.6
  3.6  17.6 214.3   1.9
  1.3  41.4 225.8   2.3
  5.0  42.2 227.3   2.3
  1.4  31.0 767.6   2.3
  2.1  22.9 370.3   2.0
  3.4  25.0 568.7   2.4
  1.6  55.2 755.3   2.4
  2.1  31.0 866.3   2.1
  1.7  39.3 279.7   1.6
  4.8  63.6 132.4   2.3
  3.6  41.4 865.9   2.0
  2.7  55.9 346.4   1.9
  3.4  21.6 614.3   1.9
  1.0  23.4 236.5   1.5
  2.6  43.4 605.8   1.7
  4.4  35.2 722.3   2.0
  3.6  16.0 440.4   2.1
  1.7  47.4 264.7   1.7
  2.3  38.3 419.4   2.3
  3.7  16.1 301.8   2.4
  1.4  25.7 334.3   1.8
  3.6  44.2 313.7   2.5
  3.2  33.5 525.9   1.8
  2.3  33.5 875.9   1.9
  2.8  22.3 128.5   1.7
  1.2  61.7 728.7   2.0
  3.6  41.4 716.2   2.5
  3.6  30.6 268.3   1.6
  4.1  37.6 936.4   1.5
  3.5  55.1 860.3   1.6
  4.0  56.4 308.3   2.0
  2.6  73.4 702.4   2.1
  2.3  29.7 595.8   2.3
  3.5  33.1 526.2   2.4
  2.5  21.5 884.1   2.0
  1.6  22.6 845.3   2.5
  2.5  72.5 348.4   1.6
  2.6  27.8 916.6   1.8
  4.2  50.8 232.0   1.6
  2.6  18.5 450.6   2.4
  1.8  50.7  74.1   1.6
  2.8  56.0 716.0   1.9
  3.4  51.4 586.8   2.4
  4.1  34.5 208.2   1.8
  2.1  36.6 931.2   2.1
  4.1  67.7 356.1   2.1
  4.7  19.1 155.7   1.6
  0.2   0.4   0.2   0.3   0.3   0.4   0.3   0.2   0.4   0.3   0.3   0.2   0.3   0.2   0.2   0.3   0.4   0.2   0.3   0.3   0.3   0.3   0.2   0.2   0.3   0.4   0.4   0.4   0.3   0.4   0.3   0.2   0.3   0.3   0.3   0.4   0.2   0.3   0.3   0.4   0.2   0.3   0.2   0.3   0.2   0.2   0.2   0.2   0.3   0.4   0.3   0.2   0.4   0.2   0.2   0.3   0.3   0.3   0.3   0.2   0.3   0.4   0.2   0.4   0.3   0.2   0.4   0.3   0.2   0.2   0.3   0.4   0.3   0.3   0.3   0.2   0.4   0.3   0.3   0.4   0.2   0.3   0.2   0.4   0.3   0.4   0.4   0.3   0.4   0.3   0.4   0.4   0.4   0.2   0.3   0.4   0.4   0.2   0.2   0.3   0.3   0.4   0.2   0.4   0.3   0.2   0.2   0.2   0.4   0.2   0.2   0.3   0.3   0.4   0.3   0.2   0.3   0.3   0.3   0.3   0.2   0.3   0.4   0.3   0.4   0.4   0.4   0.2   0.2   0.4   0.3   0.3   0.4   0.4   0.3   0.2   0.3   0.3   0.3   0.2   0.3   0.2   0.3   0.3   0.2   0.3   0.2   0.3   0.2   0.3   0.2   0.3   0.2   0.2   0.3   0.3   0.3   0.3   0.3   0.3   0.4   0.3   0.2   0.4   0.4   0.3   0.3   0.3   0.3   0.3   0.2   0.4   0.3   0.2   0.4   0.4   0.2   0.4   0.2   0.2   0.4   0.2   0.2   0.3   0.3   0.3   0.3   0.4   0.2   0.2   0.3   0.3   0.3   0.4   0.3   0.3   0.3   0.2   0.3   0.2   0.4   0.4   0.3   0.3   0.3   0.3   0.3   0.3   0.3   0.4   0.4   0.2   0.4   0.2   0.3   0.3   0.4   0.3   0.3   0.3   0.3   0.2   0.4   0.3   0.2   0.2   0.4   0.3   0.3   0.4   0.2   0.3   0.3   0.4   0.3   0.2   0.2   0.4   0.3   0.4   0.4   0.3   0.2   0.3   0.3   0.3   0.3   0.3   0.4   0.4   0.2   0.3   0.4   0.3   0.2   0.2   0.2   0.3   0.4   0.2   0.2   0.4   0.2   0.4   0.3   0.4   0.4   0.3   0.3   0.2   0.4   0.4   0.2   0.4   0.2   0.4   0.4   0.3   0.3   0.3   0.3   0.3   0.3   0.2   0.3   0.2   0.3   0.3   0.4   0.2   0.2   0.3   0.3   0.2   0.3   0.2   0.4   0.2   0.3   0.2   0.2   0.4   0.3   0.3   0.2   0.3   0.4   0.3   0.3   0.2   0.3   0.3   0.2   0.2   0.4   0.3   0.3   0.2   0.2   0.4   0.3   0.4   0.3   0.4   0.3   0.2   0.3   0.3   0.3   0.4   0.3   0.3   0.3   0.3   0.3   0.3   0.3   0.2   0.3   0.3   0.2   0.4   0.3   0.4   0.3   0.3   0.3   0.2   0.4   0.2   0.3   0.3   0.4   0.4   0.3   0.4   0.4   0.3   0.2   0.4   0.4   0.3   0.3   0.3   0.4   0.3   0.3   0.2   0.3   0.4   0.4   0.4   0.2   0.3   0.3   0.3   0.2   0.3   0.2   0.3   0.3   0.2   0.2   0.3   0.4   0.3   0.3   0.3   0.4   0.3   0.4   0.3   0.4   0.3   0.4   0.3   0.3   0.3   0.4   0.3   0.2   0.3   0.2   0.4   0.2   0.3   0.4   0.4   0.2   0.3   0.3   0.3   0.2   0.4   0.3   0.4   0.2   0.3   0.3   0.3   0.3   0.3   0.3   0.3   0.3   0.4   0.3   0.3   0.2   0.2   0.3   0.4   0.2   0.2   0.3   0.3   0.4   0.4   0.2   0.3   0.4   0.3   0.4   0.3   0.2   0.2   0.3   0.3   0.3   0.3   0.4   0.4   0.2   0.3   0.3   0.3   0.3   0.3   0.2   0.2   0.2   0.2   0.3   0.4   0.3   0.2   0.4   0.3   0.3   0.3   0.3   0.3   0.4   0.3   0.3   0.4   0.3   0.4   0.3   0.3   0.3   0.3   0.3   0.2   0.3   0.3   0.2   0.3   0.4   0.3   0.4   0.3   0.3   0.3   0.3   0.3   0.4   0.2   0.2   0.3   0.3   0.2   0.3   0.4   0.2   0.3   0.3   0.3   0.4   0.4   0.4   0.4   0.4   0.2   0.4   0.3   0.2   0.3   0.3   0.3   0.2   0.3   0.2   0.3   0.3   0.2   0.3   0.3   0.3   0.4   0.2   0.3   0.2   0.3   0.4   0.4   0.3   0.3   0.4   0.2   0.4   0.2   0.2   0.3   0.2   0.4   0.3   0.2   0.4   0.2   0.3   0.2   0.3   0.3   0.4   0.3   0.3   0.3   0.3   0.2   0.3   0.3   0.3   0.3   0.3   0.4   0.3   0.2   0.2   0.3   0.3   0.3   0.4   0.3   0.3   0.4   0.3   0.3   0.4   0.3   0.3   0.2   0.4   0.3   0.2   0.4   0.2   0.4   0.4   0.3   0.3   0.4   0.3   0.2   0.2   0.4   0.3   0.3   0.3   0.3   0.2   0.3   0.3   0.3   0.3   0.4   0.3   0.4   0.3   0.2   0.4   0.3   0.3   0.2   0.3   0.3   0.4   0.4   0.2   0.4   0.4   0.2   0.4   0.3   0.4   0.3   0.2   0.2   0.3   0.3   0.3   0.4   0.3   0.2   0.2   0.4   0.4   0.3   0.2   0.2   0.3   0.3   0.2   0.2   0.3   0.3   0.3   0.3   0.3   0.3   0.3   0.4   0.4   0.2   0.3   0.4   0.4   0.2   0.4   0.3   0.3   0.3   0.4   0.3   0.4   0.4   0.3   0.3   0.3   0.4   0.4   0.2   0.2   0.3   0.3   0.4   0.2   0.3   0.3   0.2   0.3   0.3   0.3   0.2   0.3   0.4   0.2   0.2   0.3   0.2   0.4   0.3   0.4   0.3   0.4   0.4   0.4   0.4   0.3   0.4   0.4   0.3   0.3   0.4   0.4   0.3   0.3   0.3   0.3   0.3   0.3   0.3   0.2   0.4   0.3   0.4   0.3   0.2   0.2   0.3 
    2    10   107   118    44    24    93   168     2   118   127    89   126    15    67    96    86    64   178    19   163    35   126    51   107   166   154   104   124   171    69     9   153    77   143   111    28    74    40   157    47    29    47    90    48    71    27    83    92    19     3    20   113    65    60    28    17    25   161    55    78    40   117   177   117    19   144    88   130   173   166    64   147   111    49    73    29   145    58    75    89    97   124   116    94   139   100    35   118   114   173    78    43   142   154     1    92   145   131   159   168    96    84    22    56   160   170     4   160    55   134   140    23    34     4    27   168    24   168    11   144    63   132    79    66    24   121     4   167   158    71    94    48   105   123    96   165   104    23    30    81    15   134     7   143   175    58   154    68    55    65   134    55   122   158    94   147     4   139   100    99   131    81   142   123    54   116   147   143   180    40   167    20    95    54   113    98   173    24    86    31   138   164    52    29    92    41    72     1   132   160    72    10    19   108    68     8   180   154   157   146   175   121    76    76     4   168    81    84     2   176   132     8    91   151   149    61    30    43    45   100    94    66   127   148   140   140    69   113    67   143   100    62   136   118   109    45   172    81   106   138    79    65    61   117     7    15   140   177   117   170   117   124   126   167   162    15   147    71   100   119   131   140    94   142    86   177    97   173    89   113    14    51   104   173    61     3   124   106    96   169   178    61    66   146   155    83    71   171    22   147    15   109   164    26   145   148    93   143   132   114   168   169    39    27     5    48    79    18    47     5    79    87   107    46   115     5    31    93   134   137   132    34    95   124    82   174    78    88    36   180   112   103   112    21    75    66    69    68   102   158   180   158   178     2   135   170    16    48    78     9    69   118   150   123    53    98     4    44   165   110    37   144    94    32    90    46   176    80    36    91    81   157    93   157    85   126    14    77    85   154    21    52   115    18    61   143    61    62     7    57    37    92    28   173    34    51    14     9    37    42    44    66   106   108    86   151    28    74    10   143    96   155    74    73   129    74    48    12   146    95   145     8   101   167    55    60    76   174    70   137    26   119    98    94   164    87     4    75    28    27    60    32   123   164   171   157    69    70   148   110    44   148    79    58   148    54    73   103    95     5    78    54    88     9    53    36    99    11   114    23    58    29    86   173   132    49    25    86    56   130    52     4   101    50    60   166    51    54    49    40    25   128    65    90    50    83    70    21    60    11    37    63   163    33   149    38   111   156    26    74   136    18    17   151   104    96    66    53   162    16   116   123    58   116    88    81   132    67     8    26     9   102   170    31   130   180   164   141    32    19    50    67   140   116    39   176   101   132   178    72    77   125    21    74    37    75    48    37    48    53   120   128    47    41    91    31    74    74   138   106   137   169   162    30   125   158   161     6    70    47    12   117   130   162    14   113    82    30    30   135   168   123    41   158    57    45    70    47    81    81    19   151   136   171   161   172    18   156   159    71   124   125   121    37   148   102    50   113   180     8   100   167   162    11    55    54    80   139   144     2   157    77    81    12   171   104    20   149   149    44    14   180   135   143    17   116    74    90   170   160    97    80    20   129    46   130    58   122     9   179   132    52    36   143    34   164    90    69   170   133   140   168   158    26   162    73   129   152    77    34   127   134     9    10   149    99   108    74    47    11    25   152    39   180   158    13     2    46   111    55    71    56   117   109   106   171   136   148    62    16    48    42    49   136    92    38    21   126   176 
  173    88    23    40   137    13    49   165   112    58   160    34    32   166   103   177   162    86    66   100   143    21    10   148    44   139   150    35   124    61   175   137    29   175   113    93   120    97   164    47   170    30   120   141   159   118    49   125    67    71   177    64   177    71    77    62    75    30    35    41    77    25    75   146    14    63    32    71     4    57   174   172    22    51     9   131   174    46    56   164    86    97   135    97    89    62   132    41   113    34   107    21   155    61    39   165     1   131   128    32    91   163   119    96   110    56   133    81    61    27    51    57    29    62    14   128    36   106    70    55   141    94     8   151   142    82   159    46    59     8    11   139   126    15    11    47    52    18    82   119    42    78    33    32   102   168    16    74   150    25    27   140    45   120    89   171   117   175     3   111   136   130    26    56   126    60    44   118   151   133   164    40   180   148    10     6    53    86   118    29    20    92    55    85   116    90    64     5     9   102   120   132    36   178   135    10    11    16   122   148    66    74    27    73    73   144     6   134    44   167    56   179   158   155    71    38    17    54   180   143    49   132    37    20    35   134   100    24    73   127    18    19   167    54    26    75   100    44    91    47    75   170    57   168    63   157    74     8     1    55    56    11    32    76   177   158   118    54   159   137     1    78    79   106   147    43   159   176   131    98   121     4    55   133   122    39    62    28    60   158    30    59    34   121   148    46    24    92   170   130    98    39    47   129    79    88    25   102   105    13   155    55    27   168   112    82    76   170    92    15    42    72   159    31    59     7    11   150   123   100    16    53   107    71   144    13   152   150    79   138    91   114   158   175   157   170    46   148   119   131    88   157   173   143   149   165   113   124    89    91   177    13    68   173   155   166   122   133   103    50   137    83   151    81    98    97     5    89    91   169   147   147   155   160    41    31   164   124   145    37    33     3    24   150   124    81    97    45   179   146    37   161    66   171   116   119    58    73   156    32   180    91    21   128   152    15   130   114    69     3    16    81    69    24   136    91    38    57    55    36    93    93    93    92   102    87   165   143    45   115    76   127   131    14     9    38    70    54    54    67   164    34   178    24    25   171    69   117    13    34    82   138    20    23    79     4     9   122    45    80    29   146    53    24   161    24    53    98    98   148   138     1    17   159   175     5    93   153    87    66    14    91    33    60   127    79   136   145   158     9    81   158    17   106   137    93    60   122   161   118   121   159   107   167    34    79    60    13    41    47   133    96    66   161   169   111   138     6    10    42     5   149     1   156   174    88     2   168   110    32   117    69   103    81    64   110    88   178   107    91    53   144   114   171    17    68   158    84   175   136   129    50    19   139    66   175    79    26   144   142    25   122    51    92    93    32    61   111    70    30    31    10   125    92   162    28   111   165    27   126   167    79    55   144   164    22    48    58     8   133     8   136   126    97    78   173   101   109    31    54    93    65   169    44   134    68    76   144   176   127   139    40   128    49   106    89    40    39    61    18    59   172   100   154   165    33   163    40   150    78   157    56   118     9    79    68   142   150   176   152    66    13    34   124   132   153    49    57    58    69     9     4    53    34    89   146    28    58    70   112     4    55    22   134     6   142    30    60   152   161    11   169   141   128   138   139   110    32   108    81   108   133   138    53   163   163    84    21   113   154   127    66    93    31   162    42    22   169    92    65    13   154   180    76    66    81   157    33   114    44     5    62   109    32    86    85    22    22   177    71 
   86   106    79    96   111    27    88    48    69   145    22    24    79    15   101   162   106    37    60    82   162    65   156   115    72    49   140    62   171   174   146   129   138     1   102   160   110   143   143    10     8    93   126    27    40    77    38    64   131   180   142    17    14    77    16    59    47   135   175   111    65   163   140   117    58   142   105    15    94    51    19    88   149   110    74    72     5    48    51    24   152    35    49   167   158    18    85     4   170   111    72    18    12   158    53   163   177     7   116    36    57   172   159    56    79   180   177    39   140    79   143    42    23   101    30    14    16   101    68    48   127   101   177    54   167   119    31   176   130   115     3   126    21    32    94   106   162   104   147   154     5    57    20    51   179   140   179    13    57   153   107    83   101    32   165    50   135   127   133    19    20   125   146    16    74   155   170   180    18   162    64    15    50    55    12   126    37    66    99    97   180    28    87   169   109    91    47    74    34    96    21    42    90   124    43   122    45    92   168    85    51     8   157   168    19   171   178   127    19   117   121   123    75    87    58   171    94   145    36    88     1    45    32   108   168   141    15    10    11    14   131    52    40    58   104    74    19   173   167   150   162   162   172   172   114    43   134    74    50   140   142    39    91   115    78   141    33    15    47   107   110   106   105    11    58   175   109   118    76    83    70     8   128   169    30   155   167   161    27   155   167    24   104    98    68    59    58   131   128   156    38    59   169    33   179   152     6   134    72    17     2    15   134   129   160   135   157    50    92    14    23   176   151    99   134    80    28   168   155    16   147    98   162   173    73   174    33   138    42   142   147   163    43    97    53   129    32    46    59   166    27   115    45   151   174   148    96   142    91   131    63   142   101   106    87    49   172    41   117    98   136    44    17   148   121    53   156   111   163   148   104    58   127   145    66   172    80   135     6   143    51    84    88   132    49    11    34    71   112   170    23    14   159   158    26   112    81    71    89   177   162    64    76   127   130   100   144    18   172    70   112   142   156   154    38   113   162   143     4    52    95   165   177    12   128   169    34   134    27    76    54    53    30     2    57   140   134    68    95    77    31    37   177    71   175     6   137    71    48    42   175    35   138   159    68    43    49    43    82   176    30    95   157   174    12   144   133    51     1   161   159    15    67    51   134    44    93    57    86   163   175    73    68    93    52    51     3   113    33   125     9   158   120   135   146   173    19    87   128    96    58   171    31     4   164   125     1    47   124   110    53   148    18    83    45    40    78   139   171     9    15    31   173   170   116    81   148   130   125   106   128    13    63    19    77    47    80   153    12   146    85   118    73    24   148    93    33     3     8    36   141    96   136    22    37    36    83   146   131    62    62    60    51   110    42    39    38   172    12   102   107     5   112   172   164    42    23    25    89   174   114   154    44    36    92    85    39   120   150    50    10   167   151   148    54    32     5   139   179    56   158    94    87    86    32   161    64   144   175    96   138    35   105   140   174    37   125   111    95    81   128    83    17    77    95   128    41    43   165   153    16   153     6   159    82    12    67     2    84    14   147    76   147    87    71   125   109   161   137   137    31   147    47    10    12    51    87   154    67     7    97    64    58    27   104    70   113   167   138    56    58   173   160    80   102    18   115    53    28    67    72    17   125    79    57    85   125    72     7   137    73   164    37   172    90    30    89   110    67   141   169    49    70    62    31    44   135    24     2    25     5    52   151   173   161     3    38   161   180    31 
   12    52   161    67   164     7   167   131   132   128   125    83     4   176   167    57     5   128   132    90    70    15    42    28    19   156    45   137   143    57   168    68    94    60    10   178   176   172    76   139    86   120   127    38   130   159    46   157   152   180    77    22   130   144    94   153    22   167   169    45    74    15     3    52   129    84   163    30    18   109    24   124   122   159    63    75   147   131    37   125    77    66   131    92    97    75   129    33    38     7    82    77    15   127   125   117   177    29   118    13   138    96   179   160   102   117    54   105   144    74    62   158   170   141    12   139    63   104   157   109     8    63    23   142   107    48   108     7    42    20    34   139    68    26    37   150   106    17   124    34   175    80   126    23   112   179    55    58     1   103    74    55    15    60    83    39   113   180   149     4   150    24    23   132    11   115    77    88    68    68   173    79    29   131    65   155    49   117    98   178    65    34   132   118    95    91   169    54   141    15    29    47    60    38    75    66   172    31   126    93   123   153    19    77   156    56   105    93    16    91   166   117    42   124    14    57   135    68   102   123    94    80    27   148    18    80    44   149   165   127   145   178   177   142   151   159   107    54    16   148    34    55    76   118    33   164    23    77    52   166    37   161    45   157    76    76   168    90    15     3    72   141   151    93   157   138    71    27    38   108   148     9   120   100   154    79   104   135   175   122    91    41   158   120   122    76   120    13   148   122    26    37    81   106    54   161    82     2   159     2     1    33   131   180   105    54   178     4    98   107    53    70    58   142   117    94    47    25   130   180   101    79   127    67    44    54    85    67   118    47    11    78    60    28    15   144   148    42    56     4   132    95   159    81   145   136    68   115   168    49    95    69   154   176    76   124   117    89   173    48   141    61   143    18    10    46    94    89   109    62    97   103   148   121    95    64    20   154   132   111    20    65    32    97   119    89     8    80    41   145    15   178    32   147   155    80   114    54    32   128   107   140   169   170   180    19    68   133   166    57   146     6   105   160    45    64   115    55   174    70   163   175    72    24   119   173   135   115   115    59    19    82    79    92    53    44   170    30   149   178   164    16   144   156    12   132     3   157    53   166     5   100   116    22    91   152    68   101    10   174    85    22   172    79   155    31     4    71    13    13    70    24    21    50    19   167    45    91   114   156    60   112    63   136    12    33   159    46   165   167   130    25   106   102    25   151    23    54   130   109    35   157    70    46    51    67   119   175    91   138    34   155    48    81    67    30   170   156    84   166   168   123    83     4   125   126     5    91    18    46    44   160     9   165   134    33   130    24    93    38    83    89    27    59     4    13   147    46    86    96    15    99    58    18    57    46    52    10   131    64     9   129    14    52    23   164    93   176    72   168    44   131    26    31    11   173    63    15    68   166    20    48   106   146   172   149    93   157    36    95    63   111   125   116    72   178   125   152    26   121     1    10   129    82   169    79    42   168   141   171    63    43   131   174    21    27   133    10    91    72    77    35    82    20   125    62   168    36    19    51   152    67   113    56    31    88   145   137    34   123    23    16   108    19    89    51    15    45    13    60   112   126    30   142   117    23   163   131   151   151    27    17   101    35   122   125   175   166    39    74   151    87   162    78   155   123    99   115     5   126    10    37    98   156   134    69    99    53   103    51    40   120    90     5    30    32    18    86    62    43    17    59    20   117    33   144    99     3    12   148    21   128    24    86    55   146   170   103    11   138 
   20    48    76    98   121   118   140    23   180    98   137   146    69    77    72    32    44    20   167   111   133    10    94    60   139     4    52    48   125    75    63    90   130    20    36   141    89   108    24    73     8    53    87     2    22   136    31    84    89   109     7    56    37    21    18    61   100   150    67    34   131   127    46    23   132    72   158    18   134    15    41   115   161   167     4    25    55    72    90    43    25   101    15   156    53    17    53   128   119    17   159   130    40   117   113    65   133   122   119    30    43   111    91   139    23   101   117   143   178   161   171    13   175    66    85   148   110    40   160    58    70   134    63    80   162   158    50    57   164    27   102    81    41   164    74    28   127    26   101    38    11    19    75     5    80   173    33   146   150   131    49    69   119    71    45   107    64   169   117   174   124     5    15   104    51   175   117    36    30   168    98     8    71   178   158    50    59    74    39    64   112   130   107   138   141    43   112    99   138    49    52   148   164   176   157   107   176    25    71    81   137    92     4   126   159   166    92   179    87   101    25   114    62    76   146    19   172    34    91   139   109   139    89     3   156    73   128   135   144   133   163   105     4    35    46    91    36     9    18    61   117    17    29    66   131    95   135   133    12   118    54    77    84   167    88   150    28    75   111     7   175    69     1   107    99   148   155   149   146    14    53   139    24    64   110    60   166    83   129    44    84    57    93   177    52   138   116   150    36   110   142    69    13    99   155    93   106    85    26   168    23    70   172    10   136   116   172    29    88   178    87    78    52    44    82   155   118   162   113    59    81    80   167   103   129    39   102    88    88    44   115   124   162     8    12   113   131   117   124    80   119   150    61   164   122    33    28    80   109   167    51   156    79    89   100    24   105   103   123    64    15    78    91    56    97    35   157    31    45     3    47   129    71   105   100    58   147   167    13    30    39    68   178   144   173   110   127    47   177    40   135    86     9    21    12   122    73   143    95   160   156    13   124   147   163   119   176    11   149   126    58   110    49   104   139    34   107    42    70    57    20    65    88   122    26   101    33   109    26    26    86    55    92   123   127    76    15   105    96    52    60    80     9    58    63    75    23    44    10   163   179   144    22   134     4     5   154     7    14    61     3    17   135   132   117    56   168   168   132    36    52    79   133    85   176   114    56   164    58   113   118    35   167    81     3   165   128   157   144    66    37   162   126   110    80    69    17   160   164    53   115   151   166   114   169    40   155    72    61   165    65   115    49    50    17   150   161    48    81    51   139    46    58   134   135    87    84   103    58   163   113   116   140   148    12    63    88    97   117   121   168   118   102    66   179   143   104    93    32     4    11   111    85    87    35   115    60   169    43    18    57    81   132    58   116     1   180   176   111   162    43    64   142    75    63    78   136    24   166    37    48    66   171     6    22    97    22   151   100    84    41    88   147    99   161    84     6    95   155   175     3   149   131    77   149   118    79   172     9    55    65    21   169     9    57    16    87    29    58    85   152   140    78   108   134    33   167   145    79    81   164    36    40    48   151   106    32   175    80    49    98   100    66   137    96   144    81    50    91    93    67   147   123    32   149    44    37   179   123   114    15   144    22   174   155   127     3   160    16   124    15   125   107   151   178     6    46    82   146   166   150   113   111   176    32   119   180   100   150    18   175    66   129     3     8    73   180    94    67   132   119   107   121   149   107    64   127   136    16   156   158    69     8   101    99    95    54    75   154    76 
   62    50   138   145    77    59   150   173    22    61    63   142   103   153    57    35   138   160   159    87   135    79    25   135   122   146    19    97    28    83    98   161     2   116    52    70    92   141    80   136    94   110    30   116   161    27    78    12    17    76    65   117   131    46    92   145   143   110    48    31   129   143   163   161    15   167   173    72   115    69    61    22   129     7   123    99    33    75    18   151   151    95   171     1    39    55   129    41   119   130   134   113   115   109   115     6   156   128    72   124    30   125   155    41    14   129    17    39    79    55    31    74    26   102     3   180    86   128   147   178    56   123    55    84   149   110    89    54   109   106    28    28    35    26   103    34    34    59   149    16   134     2   144   167    32   151   111    76   103   118   106   145     7   105    51   177    82   180   180    16   131    48    31    27    24   129   112    56   169    11    20   139    61   156    71   143    86   120   157   167    69    29    40   132   135   123   135    26    82    73    12    16    58    73    43    14    66   156     9     5    24    90    56    78    61   153   137   143    11    82    91   100    24   124    10   133    87   117   180    68    89    13   104    65   172    40    79    22   160     8    29   113    60    63   117   162   122   180    35    26    39   126     9   150    13    70    17    41    14    59   175    49    91    79    22   111     4   176   138   177    26    79   132   143    92    27   143   119   110   136   116    27    45   110    15    26    28    58   114    19    65    46    87   143   165    93   154    35   125     4    90   105   120    21   159    90    98   111    42    20    97    47    97   121   166    86   162   156   140    53   139   117   150    92   107    73    13    19    20    72    53   145   105   100    30   148    58   114   178   135    44    55   151    29    46    57    78   108    50     2   113    93   155   163    62   162   148    83   142   120    92    97    35   121    70   152    50    18    87   130    69    86    29   170    83   180    48   143   102    96   142   174   165   165   150    48   151   129    41    78   113   119   114   116    15    59    15   110   152   168    42   178    54   156   107   164    70    63   149    76   164     9    42    78   155    29    67    57    29    23   159   168   169    34    54   102   142    52    88   130   106   133    76   126     1   134   165   101   132    17    36    42    32    67    17   126    57    13   146    26   178   145   149    48    59    87   167   131   143   136    26    58    58     4    78    69    95    33   174    40    52   122   115    13   134     3   124    97     9   158    39   115    29   166   144   119   127   176   156    98    32   151   142   107   159   170   131   113   169   162   144   118   141    39    31   123    36    24    69    13    84    34   149    87    28    16    77   177    10   116    29    75   149   107    62   164    96   145    49   139   143    52   149    40   110   110    97     6   126   151    40     5    83    58   158   150   137    63    52   178   113   150    18   144   175   127    30   109    88   168    16   158    34    14   133    20   133    99    41   129   119    53    40   110    71    30   137   140   135    78    72    36     1    56   169   134    69   149    26    94   160    96    25   180   148   117    25   172   130    18    31    79    93    58    63    43    51     6   140    47    28    22    25    31   172    21   129     8    29   176   134   160   136   116   169    99   130   116    25   159   136    96    86   117   124    37   130    50   110   157   173    37    21    50    20    68    74    38    73   117    21   172    18    69   102   116     9   153   151    40    69   178    32   144   133    54    39    73   108    11   154   169    25    64     2   138    40     5     7   106   139     9    88   110   162     9   120    46     9   131   116   150    41   130   127   138    50   101   123   147   122   103   108   104    93    66    15    24    47   161   120    24   115   125   159   111    28    81    75    44   119    12   172    75   174   143   130    50    94   112 
   27   113    71   134   155   153    87    99   106    19   170    11    11    32   162    12   144    52    58   139   151   160    28    79    73    95    64   150    19   168     9    65   146    99    12    82   142   136   168   147    37   170    64    46   160   101    38    12    79    46   165     9    84   115   100    83   152   167   129    35     2    22   159    68   161    16    60   178    15    95   146     6    36   109   158   145    41    25    36    91    53    19   156    73    42    52    52   135    32    73   109    44   115    10    54    17    37   174    48   121    69    11   150   141   113   114   105    58    46   123    44     2    82    84   102   154   175    79   144   112    24    45    89   178   146   143   116    66   153   102     1    86   140   165    87    74    27    77    35     8    88    21    77   144    59    86    98   106   140   176   151    16   155    17    81   112    85   110   104     9    44   180   138   159   112    74    26    49   131   147    49    76    61   105   128    66    87    84   108    94   147   104   166   164    21    47    86    20    39    87    24   173   116   179    43    86    57   122   147   114   165    54   100   140    77    88   126    12   122    91   138   103   113    30    88   161    16    20   143     8   155   138   176    50   128   173   139    93    41     5    37    73   180   114    49   180   176   153   117    30    32   143   162   137   173    27   149   107     3     7    45    69    85    72   139   172    22   111   158    61   123    61   179   100   125   123    76    51    57    43    46    86    37    41    52     5   150     8    44    10   163    32    72   128    13   148    92    13    14    68   141    86    28   130    95   145    11    39    43    71   143   112   113    50   177    88    64    73   100   137   134   101   103    65    35    81    10   129   150   149    89   171    45   155   161   121   155     5   103   102   160    20    49    88   177   142     9    40    17    36   169    19    94   106    65   122    98   177   131   124    54    93   129   153    50    80    38   152   158   109   143    74   132    46    50   156   108    23   168    65    29    89    34   112   110    21    69    25    41    42   128    41    72     5    15    59   145    84    66    53   122    81    77    18   173    75    18    90   117   134    17    40   158    64    10    69   159   125   115   115   103    53    22   126   100     5    59    96    76   173   164   175     6    90    67   110     7    82    89   168   172    69    18    37   160    89   132    90    36     2   125   160   137   128    49   125   171   132   125    65    33    78    12     6   119   154    17   169   159   121    90   149    55    52   140   107    53    54     3    24    70    55    65   179   111    88    50   126   115    60   143    50    88    72    97    49   138    75   107   161    46    70     1   167    87   157   164   110   165    81    31   138    80   117    18   134    33   132    54   161   137    17   131   144    19    55   122    24    67   106    59    53   162   153   107    63   143   135   135     2    19    68    93    18    91   115    62   100     3    16    44   127   165   105    28   130    52    81    99    12    70   169    79    89   176   161   130    56   162   136    83   132   175    88    40    51   108   102   101    18   180   129    78   115     3    65   163   124   157   162   172    58   161   159    95   121    28   114   157    64    49    88    30    90    34    81   178    89   104    59   161    93   147   175   140    75   114    68     1   132    91    85    55   179    17    73    98    60   126    45   177   159   130     8   157   152    91    60   109   103   176   156    97   124    77   114   152   170   161    99    37   102   118    17    94   143   124    66    29    62    38   173    44   173    69    86   109    96     9    53   116    17    27   161   147    21    82   158    14   116   165   135   156    21   139    39     6    82   123    97   144   167    67    59    40    41    97   177   108    19    90   141   100   112     5    41    77   111    37   102   131   118   104    83    84    29    38   137   112    79    54    23    38   125    83   109    86   125    46     2 
   11    15    61   110    89     5    82   123   111    19   148    12   172    72   172     2   151   176    66    23    39    42   180   149   148    75    96    52   101   104   153   168   120    17   130   130    70     6   168    36    27    51   102   150    98   150   156   124    12     5    96   178   134   121    31    91   139   110   106   103    17    80    31   128    38   149    98   159    99   140    76    23    95   166   177   153    83    23   166    11    37   110   179   102   132    19   102    27    36    32    48    45    31    84    77   121    94    45    56    16   173   142   103   126    90    11   171    80    31   104    61    36   152   103    85    37    57    65   149    10    87    47   113    84    85    14   152   170    37    32    32   107   117    34    12    29   163    54   111   113   141    83   143    35   121   102    49    30   163   143    43    60   150   177    61    43    79   180    11   169    99    56    97    34   112   159     5   178    10    95   124   152    39   154    94    96   144    14    94    70    31   175   129   171   178    82    49   113    12   122    27    71    24   125   103   152    17   119   133   157    60   180     1   151    88   151    86   139   168    28    32    83    17   117   179    94    41     2   173   167    49    50    98   165   112    19    70    29    98    33   121   149    36   161   100   142    91   103   165   156    67   153    50    32   152   116   114   144    40   129   155    49    72   130    87    99    65    82   126    28   178    94    77   149   177    31   169    45   152    90   116   145    75    46     6    92    79   149   109   134    97   132    64   114   103   144   122   107    18   149   105   175   157   101    76   115   154     7     8    98    73    54    16    88     1    81   146    88   136    84    47   159    20    84   115   110   100   115   122    59   111    49   171    40   170   172    32    68   155    75    83    94   128    27   123    32    93    73    89    89   141   176    86   162    74   149   119    54    31   166   157   131   178   112    98    26   161   133   126    62   168   123   104   101    40    19    14    21     5   128   125   179   121    67    63   100    32    93    99   114   119   103   140   107    19   116   170    32   113     6   109   166   179    38    57    93    47     4    71    78   177    71   143   179   136    95   102   175   115    98   139    58    90   168    52   103    45    19    35    75     6   126    57   103    24    69    38   146    58   160    66   158     7    87    30   138     6    53    34    41    25   135    42    89    10   122   135   170    14    76   131    76   104    44    23    35   112    67    79    71    78    10    61   121    36   136    53    74    30    14     2    44    23   166    49    93   118    39    72   161   160    32    50   176   122    42   151    79   109    22   165   109    77   168    29    84    48    88   174    95    51    10   120   113    37    68    41   143   134    37   149    17    74   177   146   159    52    61   111    58    70    22   126    97    93   120    92    38    34    75    67   180   117    25   150    38    92    83    10   130   133   100   122    81    96   110    57   137   143    50   128   114    61    16    70    81   102    60    73    27    66   166    28   145    10    23   137    61   171   147    98   149    20    59   173   136   132   107    19   145   157   119   112   108   179    90    80    90   162   180   174   138   148    74    51    28   171    96    39    58    70     1    91    73    92   150    97   129    91   120   146   173    89    11   105    16     5    43   116   159    55   106    66   172    92   113   125   177    91   145   120    90    88    24    88    60   165   165    96    43    91   141    41    65   170   136   127    24    90    88   140     1     1    11   117    79    58    61    80    98   151    16    53    52    68    69   126   177    85    14    76   164    60   114    88     4   159   110    43   173    13    18   121     1   166   116    51   138   172    39    85   108    13   115    28   146     7   107   158   179    51   179   144    86   172   142   138   121    27   125    70   116    83    39   105   180    19   101   165   110 
   78    97   143    66    15    33   137   143    70     7   159    72   155    97    44    96   178   177    56    27   151   162   159    82    64     2    73    46   133   109    99   139    84    40   174   175    98    79   153    33    71   173    39   138    62   175   175    44     7   152    82   148    57    94    65   156    39   117    94    73    66   100     4    62    45   156    31    84    80    77   153    41   101   152    32   156   104    12   153   127   159    94   166    56     2   108   135   180   101    50     2    42   105   166    26   105     9   114    19   116   174    95    37    16    15    78    20   121     1    25   180   103    15   138   130   154   141   178   109    81     8    82    20    89    20   115   117    21    19   124   138    49   171   175   141   116    36    67    40   152   101   127    12    81    38   147    25   110   176   121   174    95   142   135   121    39   170   145   174    94    46   133   111    98   142    27   126    30    27   139    73    43    74   104    38     9   116   149    59    13    22   117     1    46    65   177   174   180    86    67    86   174    28   111    48    97   114    30   163    10   113    22    80   137    98    98   107    66    74    83    66    17    18    93     7    87   157    43    64    18   117    79    94    25   174   153   157   118    84    91    32   171    79    91   167    53    17    83   124    67    91   170    47    39    80   132   133   142    85   175     2   148   154     3    72   169    76   169    53    91    83   165    42   164   127    21    27   105    10   110   120    20    43    84    17    30    29   106   159    20    89    16    33    82   171   144    62    50    67    15     3   115    94    61    13    26   130   126    73   129    19    44   116    79   119    80   123    40    61     1    16   170    21    59    21   101   173   161    24   128    95    27    42    94    51   108   162   117    96   172    25   104    61   169    95    69    44    80   100    29   168   164   147   136   121    16    88   169   157   169   100    44   151   101   140    98   174   127    56    92    91    69   175   111   175    77    13   114    85    54    17   104    35   108   160     8   178     4    72   119   144     7    51   118   107    56   103    79   157   151     9    81    15    33   115    53   175    53    51    50   142    37   127    70    75   159    49    24     8    19    44     3    34    10    73    49   121   169   146   100    65     4    93    72    35    13   132    79    75     2   128   110    28    97    74   107    26   101   138    57    78    27   165   159   180   123    79    81   125    15   180   121     4   143   127     4    18    89   111    72   141   116   138    12    32    48   163   122     4    52    54   106    47    78    72   155    43   111   119    98    28   104   128   118    43    25    53    47    86    56   101   178   103    84   180   158    87   179   160    11     3   112    86   118   117   108   178   124   169   128    86   119   115    25    59   154    64    36    91   138    88   171   159    28    96   137   144    72    56    42    21   153    34   111    51   130   128    80    41   104   124    32    26   152   118   107    48    91   105    52   150    46     4    76    52   138   151   145    61   163   156    83    87   162    53   143    29   122    19    31    66    18    84    30   133   160   138   102   166     7    49   132    65    20    97    11   152    22   140   144   134    75    96   169    58   133    48   123    67   147   157   127    93    96   152   133    48   145   127   111   114    48    22    67     7   117   127    97    23    27   112    89   135   155    19   154    62    19    55   178     1    19    65   124    73    58   160   152   125    71   179   134   121   147    11    37   163   162    83    43   149    11   135    61    12   105    18     9    13    44    16    97   132     1    33    64   143     8    57    19   178    61   122     9   132    27    58    81    23    19    88    21    98    65    46   160    13    79     9    61    12   104    96   173   165    99     7   157   116    26    59   156    34    93   172    92    38    51   133     2   155    26    59    39    72    77    62    71   102    59 
  171   166    76    18   115   117    71   174    99   169   129    25   145    26    85    67   102   149    10     6    45    98    97   145    82   171    53    41    41   166    36   112     7   141    33    55   100   150    61   134    47   132   105    18    56   123   131    48   110     5    85    81   127     3   148   138    49     9    42    64    76   134   154   143    15   164    67   103   154   100   150   102    64   146    44    83   156    40   105     3    11   140   166    47   150   160    82   173    51   106   126   160    18   172   129     9   162    67    61    75    33    32    61     7   141   141   139   138   138    55   156    64   134    63   148    33   117   107   124   145    19    36   117   140   124    63    56   116   134   176    58   157   174    92   100    44    90    60    89   119    90   156    13   160   134    66     9    30    22   142   133     1    93    36   120    29    94   124   113   169     3   135    88    30    54    41    41    46    99    38    45    20    76   136   133   168   164   168    60   106    19    52    13    70    68    33    61    21    38   143    76   135   173   176    93   168   107    99   141    48   141    94    98   168   123    61   127   123    31    44   143    45   136    22   173   107   179    74   127    74    74    73    16    59   156    44    88   138    82    42    11    67   144   178    87    65   168    43   172   153   114    94   179   103   173    92     6   112    76   111   124   107   178   141    78     9   154   117   142   142    35    46    51    40   174   107    74   175   105    87    53    86    58   154     2   152    66   154    67    45    70   134    33    60     6   124   152    83   140   153    40    28    41   120   177   106   138    25    86   125    57    97    47     4    68    12    70   128    15    46   131   179    19    45   125   103    92   115     3    21    91   129    40   111   147    80   148    84    66   125   140   176    25   172    68    32   108   164    99   174    85   147    16    64   105   168    72    31    82    25   145    24   109    38   129   147    70     8   109   177    24   136   155   127   154   119    90    19   128    29     3    72    20   178   148    97   115   154    72   126   129    78    22    71    17     2   100   133    34   124    45    72    59    35   122    15    16   156    27    50   160    50     5     5    20   126   159   164    20   161   154   133    11   121   173    43    72    80   167    47    54   121    97   153    19    47   166    99   124    97   167   149    10    69   120   111   119   154   175    65   148     2   112    80    65   123   155    56    94    34   165     9   126   149     6    14   114   142    20    17    50    32   116    34   123   104    78   176    39   178   171    71    76    78    96   172   143    20    55   119    30    48   110   165    29   152    41   171    58    95   150   161   176   177   121   170    76   130    66    71    28     4    12   127   121    64   118     1    39   112   136   140   102   124    22    15    95    46   129    38   100   180    70   101    79   109    64   133    11   133    49   168     9    17    93    98    28   170    80   100    47    16    61   133   166   101   153   108    35   130    94   161   156    46    86   105   100    94   119    83    54   119    78   124    12    44    32   146    18   132   134    46   166   121    15    54   168    49    76   144   175    59   104   172    87    92    48   172   174    10    50   159     5   175   102   123   168    64    52   180   109   117   174   130   158   140    25    67    22    52    43   147   176   107    72   165   136    36   179   137   179   124    95    31    48     9   106    31   127   139    67    54   130     8    34    42   116    64   139   129   112   123   163    93   158    66   141    10     9   124   178   162   136   120    52    50   110    67    40    90   106   124   130    96    67   107   180   112   164   177   112   148   106   113    45   161   103    59    33    63    47   133   100   128   101    77   172   102   149   172   106    79    41    36    18   136     6    31     7   127    80    45   120   101   100   123    52    74   159    26    30   172   120    92   145    24    68    35    97   154 
  100    47   168   161   101    93    63     1    70    70   114    84    37    52   161    26    72    22    86     9   105    84    20    96    93   115   172    96   174   177    84   171   158    16    62   123   162   147   142    39   137    94   130    94    21   115   109    61     3    41   169    14   179   159   177    52    60   164    56   156    59   173    49     8   150   119   146   149   175    24   102    67    20    98   179     8    37    79    87   139   127   177     9   124    53   177    48    79   146   139   157   172    20    91    19    39   115    28    83    45   105   126    33   117    68    77   168    79    25    77    25    81   146     7    45    90    35    53   157   103    58   178    27    12    98   162    85    38    21   164   116   135   137   177   159   104    13   139   113   129   136     3   100   110    34    56   149    79    25    17    24     9    26    23    68    20    68    90   146    12   136   122    40   128   132   161    95   132    27    20    15     7   151   119    36   108   143   167    72    60   121    43    16   114     5   137    67   133   155   174   160    12     3    57   162    47   133    29   158    78   124    32     2   148    68   148   128   180   153   163   157    12   124   152    89     6   171   124    79   178   128    15   117    50   177    32     3    35   117   171    46    87   138    44   140   105    87    32   132    82   151   106   100   166   131    38    32    83   120    40   143    83   173    26    36   102    89    22    99    46   133    64    73   173   142    17    79    76    76   104   142   179   101   125     5   152   130    88   147    63    43    49    50    84   174    69   102    18    59   165    26   108   105    86   132   157   115    79    61   164   131   143    67   177   122    81    55    77    86    18    87   151   173    36   145    44    37    45    58   146   102    88    27   113    65    71     1   127   158   158    19    93   108   104    90   133    92    11   152   103     8   125    16     2    10   166    74   142    87   161    77    74   111   165   173   138    90    40   161   146    42    61    60   137   167    63    98    62   120    90    23   126    83   116    97    10    96   112   122    53   126    11    62    70    86    31    41    31     9    97    92   128    23    28    84    54    63   150   156   175   100   135   167   125   122    99    98   100   111   177    49    35   124   123   121    39    70    80    86    80   124   147   118   160    50   136    44   140    29    13    15   160   105   101   152    82    84   155   129    22    35   120   152    78   137   135   176    73   144    35   109   142    32    50    90   177    42   121    50   143    77   137   155   130    35   132   136    74    42    26   120    63    36   114    41    90   125    97    18    81   126    11   109    74    78   120   159    64   133   144    14    42    33    79   107   172   150   110    10    14   152   141    26   104    22    17    15    56    59   174    55   125    51     9   156    95   104    77   122   143   168    74    61    96   132    57    82     6    63   177   169   180     8    55   145    29   156    67    45   118     6   107     2    90   137    43   160    18    71   121   143   118   174    16    24   137   170    37   114   152   156   155     4    47   159    12    72   142     6    98   152    45   120   130    72    90     9   178   104   138     9    25   111    66   162   177   100   117    56   140    47   169    86    84    84   174   142    71    10    69   121    92    93     1   107   136     3   159    95   113    80   111    23   129     2    45    17     7    28   114    70    71    60   118   132    46   133   110    86   131   141   179   177   164    93    84     6   132    31    30   160   131    23   116   109    12    73   170    86   176   149    30   155   172    57   148   108   149    47     3   101   133   116    31    52    48    98    88    60   138   109   171    33   114    51    96    25    38   134    42    60    79    74   162   106    41    97   143   168    55    28    37   115   133   103   126   106   177    51    85   102   121   163   149   140   160   159   140    40    82   150    22    30   132    58   118   150    72   121     8 
  106    32    81    23    18   134   169    90   170    41    95    85    16   156    57   153    96    79    40   159    89   102   134   119   174     6   134     6    53   146    46   121    37   105   124    61   123   126    88    78    12    99   116    31    92   117    66   166     5   124    38    43   103   113    19    94    20    32     7   172    13    11     1    26   152   115    26   116    96    66    50    89   111    34    50    54   143    42   152   107   159    28    58   168    79   154    57    25   127    74   161   118   108   165   177   127    26   143    81    77    22    23    72   102   118    66    69    62   158    35   118    26     2    45   115   169   157    50   151    69   106   127    56   134    66    42    69     1    26   128   163   113   179    29    83     2   122   135    92    96    77     8   161    24    10   164   114   160     4     2     8     6   155   162   165    56    44    24   116     9    93   128    91   161   165     5    16    60    70   116    10   162    20   171    98    58   128    31    24    71   168    12    43   176   107   105   166    42    18   114   132   132    89    78    99   149   119   159   164   139     5   180   167   180   115   130    81    85   106    70    30   104   162   145   153   172   180   156   103    58     5   138   102     9   114    18   107    10    80   145    68    32    74    42   138     5   111   110   173   148   117    89    30    83   145     6   109    85    68   110    18    27    44    19   118    47   132   147    81    67    45   109   125   106    14     1   127   127   156    16   159    74   150    57    42   125    37   139    84    34    58   152    88    86   105    17    77   141   124    96     8   146    52    11   177    72   175    22    96   101   160     4    94   128   149   147   121    89   175    82    87   159    19   151   106    98   177    72    12   148    91   152    68    61    99   104    90    18   179    92    57   171    79    68    77    48    78    61    17    57   126     6    73   119    67    32    29    46   130   111    65    25    31   105   174   158    16   126    12   180    69   145    76    34    24    54   108    11   141   143   126    82   127   141   136   102   170    31   150    92    17    80   152   125    45    20    67   146   115   175   175    15    14    47    52    20    56    36   146    81   114   125   175   131   121    19   180    17    82   173    26   166   165   169    61    62    86   126    85   133   147   118   145   169   176   141    82   126    94   159   159   143   136    54    82    64   152   116    82    86    86   137   168    64    47    88   136   176    89    14   125    87    22    79   131    48    45   119    96    30   178    52   130    71   134    49   177    17   161   168    12   162   125     3    96   102    29   169    84    83    94   104    78   150    26   144    17    79    36   142    23    21   125   143    37    87   147    21    69   142    99    66   120    99   153   115    26    46    17   101    11    53    63    32    88    86     5    29   172    61    24    55    40   176   159   173    13    25    60   140   101    56    36    73    82   161    58   113    73   165    27     1   140   135    70    39   105     5    31   150   111    10   126   115   175    47   135    45   107    44   107    44   112   111    73   172    68   103    16   143    97   107   115   147    11   127   172    14   164   165    76   123   111    33   129   148   156   130     1    17   151   133   139    63    45    91   113   118   173    36   175   140    64    34   118   151   107    35   164   127   119    92    76   125    72    52    56    73    83    57    83    78    71    94   179   117    19   125   147     7   166    58   100    68   166   174    40   144   173    84   152    40    66    23   146    17   167    66   153    64   115   110   163    98   163    71   171    15    53    42   117   123     2    37    40    23   158    91   116    25     1   121    44   119   113    33    63   125    37   166   176    21    87    69    97   144    91    57    66    26   113   104    69   179   166    72   123   167    57    88   114    45    73   180   119    68     1   144   165   171   119   164    99   142   159    45    15    48    95   144 
 0.00  0.33  0.32  0.22  0.40  0.21 
 0.33  0.00  0.30  0.27  0.34  0.29 
 0.32  0.30  0.00  0.40  0.36  0.24 
 0.22  0.27  0.40  0.00  0.34  0.34 
 0.40  0.34  0.36  0.34  0.00  0.25 
 0.21  0.29  0.24  0.34  0.25  0.00 
