120 12
6
     31258
     31746
     31910
     32645
     32152
     32764
  4.8  31.8 452.3   1.7
  2.0  30.4 152.9   2.3
  4.2  13.9 795.1   1.6
  1.2  15.5 771.9   2.1
  4.9  16.4 621.4   2.5
  4.6  43.8 676.4   2.3
  4.1  49.9 811.0   1.6
  1.0  27.1 219.5   2.1
  2.4  12.6 297.4   2.2
  3.4  49.9  57.1   1.9
  1.3  24.6 215.4   1.6
  3.8  43.4 553.8   2.5
  2.9  16.3  84.9   2.3
  1.8  44.9 699.4   2.5
  1.9  39.3 168.9   1.9
  5.0  32.7 872.6   1.9
  3.0  44.4 252.4   2.4
  4.0  14.0 548.4   2.4
  4.9  24.4 196.1   1.5
  1.4  46.0 707.5   1.7
  2.8  31.3 830.4   2.5
  2.1  19.2 941.7   2.1
  3.3  25.5 494.9   2.4
  1.2  33.5 933.1   2.1
  2.7  42.3 845.3   1.7
  3.7  39.6 459.1   2.4
  2.1  35.1 241.2   1.7
  4.5  36.7 575.4   1.9
  2.3  36.0 844.9   1.7
  2.1  35.5 403.7   1.9
  2.7  23.8 529.6   2.3
  4.6  46.5 917.2   2.4
  4.3  36.0 235.1   2.5
  2.2  47.9 921.9   2.1
  3.3  34.5  53.3   1.7
  2.2  22.3 547.4   1.6
  2.8  46.6 505.3   2.3
  2.8  40.1 799.8   2.2
  4.9  47.5 288.7   1.8
  1.9  10.0 651.1   2.5
  2.5  47.6 496.3   1.5
  3.4  13.4 884.1   1.9
  2.1  16.3 448.7   1.6
  1.7  35.4 223.4   1.6
  4.6  36.5 388.9   2.4
  1.3  11.6 472.5   2.3
  3.2  38.8  87.3   2.2
  1.2  26.2 920.6   1.8
  4.0  30.2 777.3   1.9
  3.1  39.6 347.3   1.8
  4.7  27.6 757.1   1.6
  1.4  15.1 791.3   1.9
  1.3  21.2 796.8   2.1
  1.8  25.3 261.8   2.3
  1.1  18.3 363.0   2.0
  4.2  36.0 920.6   2.1
  3.5  17.7 626.7   2.4
  2.3  40.7 695.6   1.6
  1.1  39.1  93.1   1.6
  1.9  11.9 472.7   1.6
  1.1  47.5 561.5   1.6
  2.1  25.5 344.7   1.8
  2.7  17.8 444.6   1.8
  1.7  49.7 351.7   2.3
  1.7  30.5 552.9   1.8
  4.9  18.0 426.7   1.9
  3.0  27.0 266.6   2.1
  4.1  40.2 101.7   2.3
  1.8  11.8 453.8   1.6
  1.4  35.1 930.9   1.7
  1.4  12.6 540.7   1.6
  1.6  19.3 110.0   2.5
  3.0  19.8 528.7   1.7
  2.4  44.2 380.9   1.8
  1.7  21.1 671.6   1.5
  2.3  29.3 890.6   1.5
  2.9  42.0 416.7   1.6
  3.2  29.1 117.9   2.2
  3.7  28.4 539.4   1.9
  2.1  31.7 665.6   2.3
  2.6  14.2  86.7   1.9
  4.6  24.9 106.2   1.7
  3.6  16.3 676.4   1.9
  3.7  29.4 700.9   1.9
  3.1  11.3 621.3   2.0
  1.5  31.7 128.5   2.4
  1.0  39.3 638.0   1.6
  2.2  41.0 889.9   2.2
  1.6  37.6 726.7   1.5
  4.2  32.4 454.6   1.7
  2.8  43.5 658.1   1.6
  3.4  29.5 757.1   1.9
  1.3  31.7 851.5   2.5
  4.7  35.3 723.8   1.7
  4.4  34.7 504.2   2.2
  1.1  14.8 276.0   1.9
  2.9  44.1 598.2   2.5
  4.6  19.8 604.7   2.2
  3.0  33.0 729.9   2.1
  3.8  43.8 646.8   1.8
  4.6  48.5 928.0   1.9
  3.8  36.1 350.8   2.2
  1.4  13.3 914.1   1.7
  3.7  31.7 196.2   2.5
  3.0  11.5 443.6   2.5
  3.6  34.7 519.5   2.4
  3.4  27.8 806.6   1.6
  1.4  48.0 777.8   2.1
  4.9  12.5 662.9   2.1
  1.7  46.5 332.6   1.8
  1.6  26.7 514.7   1.9
  2.7  21.2 117.3   1.6
  3.4  28.5 394.5   2.0
  2.4  46.6 946.9   2.3
  1.1  43.1 131.2   1.7
  4.9  41.4 776.6   1.7
  4.4  20.2 291.8   2.1
  3.5  26.7 834.0   1.5
  4.4  11.5 902.5   1.5
  1.8  24.9 190.9   2.5
  2.4  20.2 134.9   1.9
  1.5  38.8 289.0   1.7
  5.0  21.0 300.8   2.1
  2.4  10.8 306.7   1.7
  2.2  17.8 596.7   1.7
  4.9  42.2 635.9   2.3
  3.9  24.4 262.6   1.8
  3.9  38.0 822.0   2.1
  3.8  50.0 356.6   2.3
  1.1  37.2 868.4   1.8
  3.0  18.7 413.1   1.7
  1.1  30.9 949.2   2.0
  1.8  31.2 125.8   1.9
  3.3  35.8 685.9   2.3
  2.3  22.0  57.6   2.2
  2.8  47.5 294.0   2.5
  3.0  40.5 352.8   1.9
  2.7  43.7 836.5   2.1
  1.2  38.4 941.6   1.6
  1.3  16.8 826.3   1.6
  4.0  14.8 253.1   2.2
  1.7  41.1 838.9   2.4
  4.8  17.6 792.1   2.4
  2.4  27.1 103.3   1.9
  1.6  43.4 571.1   2.5
  4.3  39.3 546.7   2.0
  4.7  28.8 511.7   1.7
  2.9  15.1 505.5   2.4
  2.4  46.8 520.5   2.2
  2.2  44.1 793.3   2.4
  4.8  45.4 885.1   1.5
  2.1  15.1 579.8   1.5
  3.7  36.8 153.0   1.6
  2.9  24.2 336.2   2.3
  3.6  16.4 126.9   1.6
  4.5  15.0 923.4   1.5
  1.1  20.9 358.4   1.8
  1.3  44.2 787.0   2.2
  1.6  20.3  53.4   1.9
  3.5  24.5 936.0   1.6
  3.3  11.5 330.0   1.8
  2.4  18.2 559.8   2.2
  1.8  43.6 493.8   2.5
  2.0  20.9 329.0   2.3
  2.3  10.3 281.7   1.8
  1.2  45.8 912.6   1.6
  2.1  26.5 592.1   1.7
  4.0  33.7  88.1   1.6
  1.7  23.7  60.8   2.1
  1.4  42.5 947.5   2.5
  2.4  10.1 675.5   2.5
  3.8  21.6 507.0   2.0
  4.7  29.2 732.9   1.9
  1.3  13.3 185.5   2.1
  2.2  31.1  74.3   2.1
  4.9  43.9 748.3   1.8
  1.7  25.8 570.1   2.4
  3.9  43.0 886.0   1.5
  2.9  17.5 643.5   1.7
  1.6  39.3 717.0   2.4
  1.2  25.5 399.4   2.4
  3.9  38.3 235.4   1.6
  3.5  29.6 724.2   1.6
  3.9  34.0 831.1   2.3
  1.7  41.9 573.0   1.6
  4.0  45.3 398.1   2.4
  3.3  46.1 692.0   2.1
  3.0  49.9 443.2   1.6
  3.2  48.3 310.0   2.0
  1.9  31.6 750.5   1.6
  3.8  18.0 616.5   1.7
  2.9  22.0 479.4   1.5
  4.6  38.8 610.4   2.3
  4.1  20.1 162.0   1.7
  3.9  40.6 837.6   1.6
  2.5  27.2 493.2   2.4
  5.0  32.1 406.6   2.4
  1.4  48.5 667.7   1.6
  3.1  13.9 900.9   2.1
  4.1  49.4 277.2   1.7
  4.8  41.7 233.8   2.3
  2.4  37.4 678.5   1.7
  2.3  29.4 445.9   1.6
  2.7  37.8 621.3   2.0
  1.0  35.1 790.8   1.5
  4.8  44.7 262.6   1.9
  1.9  41.8 186.1   2.3
  4.3  31.9  64.5   2.0
  3.3  30.7 448.8   1.6
  1.3  38.5 805.6   1.8
  3.8  12.0 790.7   1.8
  2.7  22.6 518.5   1.6
  3.1  15.3 790.7   1.5
  1.2  33.5 836.5   2.5
  3.1  29.8 646.7   2.1
  1.0  35.8 369.6   2.1
  4.0  10.8 817.3   1.7
  1.2  18.5 227.4   1.7
  3.1  39.9 885.2   2.1
  3.7  25.6 323.5   2.3
  1.6  47.2 144.3   1.6
  2.1  19.2 450.2   1.6
  2.5  21.6 461.6   1.7
  2.6  44.4 188.1   1.9
  1.7  26.4 757.5   2.4
  1.2  38.3 608.9   1.9
  4.6  47.4 800.4   2.2
  4.0  19.5 352.2   1.8
  4.5  30.2 269.2   2.5
  3.5  36.8 884.2   1.5
  1.9  42.6 945.3   1.9
  3.8  16.0 151.0   1.8
  3.1  14.4 342.8   1.8
  2.8  29.3 409.1   1.6
  2.9  18.9 146.6   2.4
  3.1  14.9 572.0   2.4
  1.3  24.8 528.8   2.3
  5.0  43.7 883.0   2.5
  3.2  22.4 177.3   2.1
  4.3  40.5 435.3   1.6
  1.3  45.9  65.8   2.4
  3.0  15.8 117.5   2.2
  2.2  37.2 140.6   1.8
  3.7  49.5 695.8   2.2
  4.9  43.4 840.7   2.3
  4.6  27.6 106.0   1.8
  4.1  29.8 562.0   2.5
  1.7  48.4 920.4   2.3
  2.0  24.6 871.5   2.2
  2.7  43.9 822.9   1.8
  1.3  30.0 176.4   1.7
  3.6  38.1 355.1   1.9
  1.7  24.3 281.4   2.1
  3.0  32.4 202.4   1.6
  2.1  11.3 273.6   2.2
  2.4  25.5 354.7   2.3
  2.1  10.4 597.6   1.7
  3.2  25.8 490.2   2.0
  2.7  21.4 859.9   2.1
  1.7  13.2 360.4   1.8
  1.9  31.1 502.0   1.5
  1.6  15.5 868.1   2.3
  3.5  37.8 456.2   2.2
  3.3  33.2 153.1   2.2
  4.6  13.2 380.3   2.1
  2.2  22.7 468.3   2.4
  2.4  24.8 555.8   2.4
  1.9  18.4 346.2   1.5
  3.1  10.4 512.1   2.0
  2.9  44.4 156.0   1.5
  3.0  10.5 757.2   2.2
  3.5  11.2 400.1   1.6
  3.6  30.3 730.8   2.4
  2.3  15.1 372.0   1.8
  3.2  49.2 493.8   2.2
  1.8  34.6 351.8   2.2
  4.2  37.9 421.9   2.2
  2.0  36.3  77.3   2.3
  3.7  12.2 933.0   2.3
  4.4  49.3 135.1   2.4
  2.8  44.6 856.4   1.6
  4.0  32.7 846.4   2.5
  3.8  32.5 577.0   2.4
  3.6  46.4 285.9   1.6
  4.2  33.9 541.6   2.1
  3.7  38.3 288.4   2.4
  4.2  18.0 696.4   2.0
  2.8  17.1  60.9   1.9
  3.1  38.5 488.6   2.1
  1.3  21.8 350.5   1.9
  1.1  18.4 355.7   2.1
  1.6  28.1 248.5   1.7
  1.4  33.9 618.6   1.5
  1.7  33.8 436.8   2.4
  2.8  49.5 783.9   1.7
  1.3  13.8 140.0   1.6
  2.3  46.3 936.6   2.2
  4.8  41.8 334.8   2.2
  2.9  21.5 417.7   1.6
  4.0  20.5 759.2   2.1
  2.1  15.6  79.6   1.7
  2.2  36.2 599.8   2.2
  2.4  31.8 358.9   2.5
  4.5  18.9 481.1   2.0
  3.6  12.4 771.8   2.5
  3.9  36.1 729.2   2.2
  2.0  25.6 664.2   2.1
  4.7  11.4 793.4   1.7
  3.6  38.5 352.0   1.7
  2.1  37.3  97.0   1.5
  4.0  21.0 184.1   2.4
  2.0  28.1 585.0   2.1
  1.4  33.2 894.2   2.0
  2.5  35.9 200.8   2.2
  4.5  14.4 376.5   1.8
  1.8  40.3 888.1   2.3
  4.0  19.3 122.1   1.8
  4.1  40.2  56.8   2.2
  4.4  48.5 254.1   2.1
  3.5  36.2 571.9   1.9
  4.5  47.6 777.5   2.0
  3.8  40.6  92.3   1.7
  1.6  19.8  88.6   1.5
  2.8  36.2 756.6   2.4
  4.5  38.1 657.2   2.5
  2.3  44.9 328.4   2.2
  3.0  25.6 879.6   2.3
  2.5  32.8 923.2   2.1
  1.3  20.9 123.0   1.7
  4.3  37.2 705.6   2.1
  1.9  46.3 250.7   2.0
  3.5  24.0 646.6   2.0
  1.6  26.1  86.4   1.9
  2.1  18.4 318.2   2.2
  3.0  15.8 799.3   1.8
  2.9  36.6 200.3   1.6
  1.8  24.4 815.3   2.0
  1.0  14.6  87.7   1.6
  3.3  32.6 269.0   1.9
  1.4  15.7 200.1   2.4
  2.3  32.8 870.5   2.5
  3.4  16.1 671.9   1.6
  2.6  43.8 258.2   1.5
  3.1  10.3 449.1   2.3
  2.4  45.4 214.6   2.0
  4.4  13.6 916.5   1.9
  4.8  33.2 308.8   2.0
  1.5  37.1 345.5   1.9
  4.3  46.0 813.4   2.4
  4.0  32.6 178.2   1.6
  4.7  29.2 584.5   2.2
  4.1  39.5 237.7   2.5
  1.2  37.7 246.8   2.5
  3.1  37.0 454.7   1.9
  5.0  30.6 947.5   1.8
  2.0  13.9 680.5   2.4
  3.2  28.7 211.3   1.7
  3.3  44.8 826.5   1.6
  2.2  40.6 743.3   1.6
  3.8  20.3 874.9   2.2
  1.4  22.2 570.6   1.9
  1.9  44.2 727.7   2.5
  1.2  37.1 297.8   1.9
  1.1  32.0 333.8   2.3
  3.2  36.0 838.8   1.6
  4.9  12.6 713.4   2.4
  3.5  32.8 791.9   1.6
  1.3  27.8 489.2   2.1
  4.8  24.7  99.6   2.4
  4.3  39.6 265.3   1.7
  2.3  32.5 400.4   1.9
  2.4  18.4 481.4   1.7
  1.5  18.8 117.2   1.6
  4.3  48.4 555.0   2.3
  4.9  13.7 819.7   1.8
  3.0  31.4 113.6   1.7
  2.1  22.9 203.2   2.0
  2.5  29.9 220.0   1.7
  1.8  19.8 770.1   2.4
  2.4  12.8 946.1   1.5
  3.8  45.7 720.2   2.1
  3.9  43.7 302.2   2.4
  1.4  46.2 634.8   1.6
  1.4  22.6 115.7   2.5
  2.7  35.1 114.9   2.2
  2.0  39.3 541.1   1.7
  1.0  27.8 708.1   2.3
  3.2  45.9 103.6   1.8
  4.2  26.6 806.7   1.6
  4.6  15.5 195.3   1.6
  2.2  26.7 270.0   2.5
  4.2  19.2 336.8   1.8
  1.2  39.9 900.8   1.9
  1.6  34.9 650.8   1.6
  4.3  25.4 863.1   2.4
  1.5  46.0 189.7   2.3
  1.4  27.3 249.3   2.5
  3.4  43.0 476.1   2.0
  2.3  25.5 916.8   1.8
  2.5  27.8 371.5   2.3
  1.4  20.4 591.6   2.1
  4.9  29.3 298.5   2.3
  3.1  40.9 465.9   2.5
  4.5  31.3 849.9   2.2
  5.0  46.3 152.9   1.8
  4.9  45.1 684.6   2.4
  2.0  32.2 759.2   2.0
  3.0  44.7 368.2   2.3
  1.1  21.8 624.1   1.9
  4.9  44.4 220.2   2.4
  1.4  18.3 867.9   1.9
  1.4  14.0  65.9   2.2
  2.3  50.0 822.1   2.1
  3.4  39.9 167.5   1.7
  1.6  49.0 927.3   1.6
  2.0  21.1 372.2   2.1
  2.3  47.1 356.4   1.7
  2.9  31.3 223.5   1.9
  3.9  22.6 798.6   2.3
  4.9  10.1 875.8   2.1
  3.6  38.5 774.2   1.8
  4.1  42.5 647.8   2.0
  3.3  19.7 849.6   2.2
  3.0  11.0 748.8   1.6
  4.5  21.2 808.5   2.2
  1.2  30.9 704.6   1.5
  2.5  21.1 654.1   2.5
  2.3  36.9 717.2   1.8
  3.9  23.4 138.4   1.8
  2.3  15.9 299.3   1.7
  5.0  33.8 362.9   2.3
  4.9  18.5 132.9   2.4
  2.5  48.7 500.3   1.8
  3.1  13.8 859.5   2.1
  3.4  27.7 198.4   2.1
  2.8  11.8 499.7   1.7
  1.5  16.3 778.0   2.2
  3.4  29.0 800.2   1.8
  3.5  29.0 752.9   2.1
  3.1  15.4 482.3   1.9
  3.4  49.8 314.9   1.9
  3.1  18.0 137.7   2.3
  3.5  28.0 341.5   1.9
  1.4  38.8 491.9   1.6
  4.2  46.7 543.6   2.5
  1.4  20.1 769.0   1.7
  1.6  37.9 528.6   2.0
  2.4  38.7 848.5   2.1
  4.0  27.5 590.8   1.9
  4.4  42.3 139.7   2.3
  2.7  46.0  72.5   2.2
  4.8  37.0 611.0   1.9
  1.8  42.4 947.4   1.8
  4.3  21.5 623.6   2.3
  4.9  28.9  79.5   2.0
  2.1  37.1 850.7   1.5
  1.2  30.2 444.3   1.9
  4.0  15.9 514.5   1.9
  2.9  24.9 745.1   2.4
  3.4  48.0 225.2   1.8
  4.9  28.8 898.5   1.9
  2.1  31.0  53.5   1.9
  3.9  39.5 532.8   2.4
  3.2  38.0 416.7   1.6
  3.9  44.0 546.2   1.9
  2.2  33.9 548.4   2.1
  3.6  30.3 292.1   1.9
  3.3  45.6 325.6   1.7
  2.4  21.1 434.5   1.7
  2.9  35.5 388.9   1.6
  2.9  30.2 706.1   1.7
  1.8  48.2 796.0   2.2
  4.0  46.2 301.8   2.4
  2.5  13.7 601.0   2.0
  3.7  35.6 564.3   2.0
  2.1  12.9 676.6   2.1
  4.7  49.7 179.4   2.0
  1.3  12.8 457.3   2.0
  1.7  16.8 148.0   2.0
  4.5  42.7 461.0   1.7
  3.7  35.8 605.6   1.8
  1.7  28.5  72.1   1.7
  2.4  46.7  69.5   1.7
  1.7  38.5 447.6   2.3
  3.9  29.3 568.5   2.0
  2.7  31.0 195.7   2.5
  2.1  12.1 339.9   2.3
  3.4  31.2 150.5   2.2
  5.0  20.7 103.9   2.0
  3.9  32.7 523.6   2.2
  3.2  29.6 740.9   2.1
  3.6  41.7  63.6   2.3
  3.8  33.5 455.1   1.9
  2.7  14.5 460.7   2.3
  1.4  18.4 492.3   2.3
  4.3  26.3 795.6   2.1
  4.3  43.5 656.9   1.8
  2.7  16.4 368.1   1.6
  2.3  26.6 210.2   2.1
  4.4  13.2 138.4   1.9
  4.5  17.5 134.8   2.3
  2.0  24.7 890.3   1.6
  3.0  46.8 736.8   2.2
  4.2  23.8 327.8   2.0
  1.4  10.5 513.7   1.9
  1.3  43.4 709.5   2.0
  2.9  12.1 178.0   2.3
  1.7  47.5 470.9   2.3
  1.1  34.2 135.5   2.2
  1.3  20.5 755.2   1.5
  2.4  27.7 333.5   2.1
  1.3  48.3 342.8   1.7
  3.4  28.3 751.6   1.8
  3.6  44.7 259.1   2.4
  2.1  42.0 845.9   1.8
  3.7  39.9 293.0   2.4
  3.4  47.9 622.0   2.4
  2.9  45.8 159.7   2.2
  2.1  21.4 838.8   2.3
  3.4  39.6 102.2   1.9
  2.6  22.1 473.3   2.3
  3.8  46.2 702.5   2.2
  1.6  22.9 594.5   2.3
  2.6  28.6 916.6   2.4
  2.6  23.0 216.2   1.7
  3.9  11.9 451.1   2.2
  2.2  41.4 512.1   2.0
  3.5  26.1 434.5   2.1
  3.4  21.2 795.1   1.8
  1.8  21.3 948.3   2.0
  1.5  35.9 194.4   1.8
  1.8  22.0 534.2   2.1
  2.7  38.3 800.4   1.5
  4.9  33.6 219.3   2.3
  2.9  42.6 586.0   1.6
  4.3  39.1 235.7   1.6
  1.7  34.3 868.1   1.9
  1.3  21.0 825.5   2.3
  4.8  31.3 595.1   1.8
  3.8  17.5 495.9   1.6
  1.2  40.3 221.3   2.1
  1.8  41.3 250.9   1.8
  3.3  13.8 670.0   1.9
  4.7  23.6 645.9   2.0
  4.9  10.5 608.4   2.4
  3.8  47.4 206.6   1.9
  1.5  10.0 200.4   1.8
  3.8  16.1 924.2   1.9
  4.0  13.5 709.2   2.0
  1.9  47.4 280.9   1.9
  3.2  30.3 515.4   1.6
  1.1  30.0 637.5   2.2
  4.7  31.2 457.9   2.2
  3.9  14.4 483.0   2.3
  1.5  42.6 521.9   2.1
  1.3  44.9 585.5   2.4
  2.8  11.2 884.0   2.4
  3.4  23.5 501.7   2.2
  3.0  44.5 552.8   1.7
  1.5  11.2 243.2   2.5
  1.4  45.8 150.1   2.2
  2.2  45.2 366.9   1.9
  2.7  25.3 597.0   1.7
  2.7  33.1 598.1   1.8
  3.5  48.6 475.3   1.9
  2.4  11.1 598.3   2.3
  1.6  37.0 923.1   1.6
  4.1  15.2 775.0   2.3
  3.6  41.3 168.9   1.8
  2.0  11.8 482.4   2.0
  4.4  28.7 861.6   1.8
  1.7  46.2 795.6   1.7
  3.3  25.3 254.5   2.4
  4.2  43.3  52.6   1.7
  2.3  31.6 154.6   2.2
  3.6  19.1 662.0   1.8
  4.7  44.8 546.5   2.2
  3.4  44.4 133.0   1.6
  2.9  37.3 165.3   1.6
  1.4  39.2 206.6   2.2
  4.2  31.1 186.1   1.9
  3.5  46.1 829.1   1.9
  4.4  24.2 833.0   2.3
  2.3  42.9 710.0   2.1
  3.9  27.0 819.2   2.4
  1.8  23.9 934.3   2.4
  4.6  12.6 930.8   2.0
  3.6  23.0 531.7   2.1
  3.7  16.3 193.5   1.8
  4.2  31.3 370.5   2.5
  1.8  23.8 601.6   1.8
  1.1  27.9 812.7   1.8
  2.2  27.7 607.9   2.3
  2.0  28.2 192.2   1.6
  4.9  43.2 628.0   2.3
  3.3  12.3 262.2   1.5
  3.2  49.0 293.6   2.3
  3.6  43.2 204.3   1.6
  4.1  48.8 608.8   1.9
  4.9  32.4 948.7   2.2
  2.6  30.6 628.7   2.5
  2.4  47.7 660.4   1.8
  4.6  14.0 660.9   2.3
  4.2  14.0 437.3   2.1
  4.2  32.9 322.3   2.1
  2.0  46.4 190.2   2.4
  1.4  43.4 501.6   1.7
  1.7  49.7 833.7   1.7
  3.0  48.4 425.7   1.5
  3.5  14.9 949.3   2.3
  3.0  32.3 551.5   1.6
  3.5  11.0 693.1   2.1
  3.1  36.6 600.9   1.8
  3.5  44.7 186.9   2.0
  3.8  23.5 839.0   2.0
  1.7  22.2 151.1   1.8
  1.4  46.6  67.7   2.1
  2.9  32.5 191.7   2.1
  2.1  27.1 580.0   1.7
  3.6  10.6 654.9   1.9
  1.2  26.3 845.3   2.0
  2.4  13.9  73.0   2.0
  3.2  40.6 459.6   1.8
  1.8  44.0 332.6   2.0
  5.0  32.3 800.0   2.0
  2.2  36.9 178.5   2.2
  1.3  48.0 806.5   2.5
  2.1  17.5 512.1   2.3
  3.2  30.8 654.8   2.2
  1.8  42.3 274.5   2.2
  4.9  12.8 680.4   2.3
  2.6  29.7 739.1   2.0
  4.6  24.0 120.2   2.1
  3.9  28.1 924.0   2.1
  1.8  16.5 568.7   1.8
  3.4  21.6 159.9   2.3
  5.0  42.4 632.5   1.9
  1.0  48.0 310.2   2.5
  1.3  12.4 342.2   1.9
  3.3  33.4 241.5   1.8
  4.8  47.3 640.0   2.2
  2.9  29.2 482.3   2.4
  4.4  45.8 316.4   2.4
  4.7  36.3  69.6   2.3
  2.9  37.9 269.9   1.6
  3.0  19.5 594.0   2.5
  3.5  18.6 212.6   1.7
  3.0  37.5 763.2   1.5
  3.2  28.9 196.3   1.9
  3.6  13.0 277.9   2.2
  4.8  26.1 852.5   1.6
  4.8  42.2 334.3   1.5
  4.7  44.2 226.9   2.0
  1.9  33.8 513.7   2.2
  3.5  14.4 179.5   2.5
  1.6  29.2 678.0   1.5
  5.0  13.9 831.4   2.2
  3.4  37.6 207.2   2.3
  4.4  49.3 335.7   2.3
  3.7  38.3 677.7   2.1
  2.2  25.6 357.7   1.6
  4.9  16.7 463.6   2.3
  3.7  31.4 267.8   1.9
  4.5  48.7 701.1   1.7
  1.2  25.8 567.5   1.5
  1.7  40.5 461.4   2.4
  2.2  49.0 832.3   2.0
  2.6  27.7 176.2   2.2
  2.1  40.6 884.3   1.8
  4.4  30.0 522.1   1.8
  3.8  38.0 336.6   1.7
  2.7  41.5 153.0   1.8
  1.2  45.1 743.4   1.6
  2.5  27.0 804.8   2.2
  2.3  37.1 312.3   2.4
  2.2  27.9 300.2   2.3
  1.3  10.3 751.5   2.3
  2.2  21.9 115.9   2.3
  2.8  39.0 573.4   1.7
  1.4  11.7 490.5   2.1
  3.8  11.1 781.5   1.9
  2.3  35.0 310.1   2.2
  1.3  25.9 306.7   1.6
  1.8  43.7  67.3   1.7
  4.2  48.0 890.0   2.2
  1.7  19.6 140.2   2.0
  1.5  28.4 360.4   2.2
  2.6  19.1 514.6   1.9
  2.6  10.2 736.5   2.0
  3.5  45.4 486.2   1.7
  3.2  13.5 205.5   2.5
  4.1  42.0 148.2   2.4
  3.9  48.3 202.7   2.1
  1.2  15.3 442.3   2.3
  4.0  34.7 499.9   2.1
  4.2  47.9 531.5   2.5
  2.9  10.9 149.2   2.4
  2.8  44.4 664.2   1.7
  2.3  39.5 821.4   2.1
  2.7  39.6 258.8   1.5
  4.4  18.3 409.2   1.5
  3.2  15.1 457.9   1.9
  4.9  10.5 379.6   2.4
  3.9  31.3 569.4   2.3
  1.9  41.1 534.8   1.8
  2.3  40.7 375.8   2.3
  3.0  11.5 757.9   1.7
  2.5  22.0 429.9   2.4
  1.1  40.3 387.3   2.1
  3.9  14.3 805.2   2.4
  3.9  23.3 762.7   2.2
  2.7  26.1 490.0   1.6
  1.8  42.8 644.4   1.9
  3.2  38.2 233.1   1.8
  3.3  39.2 933.1   2.0
  4.9  18.7 523.0   1.9
  2.9  20.6 252.4   1.9
  2.0  17.7 284.7   2.1
  2.2  30.6 764.7   1.7
  3.8  49.0 898.6   2.3
  0.2   0.3   0.3   0.2   0.3   0.2   0.3   0.2   0.4   0.3   0.3   0.3   0.4   0.4   0.3   0.3   0.2   0.4   0.4   0.2   0.2   0.4   0.4   0.4   0.4   0.4   0.3   0.3   0.2   0.4   0.3   0.4   0.3   0.3   0.3   0.3   0.3   0.4   0.4   0.3   0.3   0.2   0.3   0.4   0.2   0.3   0.4   0.3   0.4   0.4   0.3   0.2   0.4   0.3   0.4   0.4   0.3   0.4   0.3   0.4   0.3   0.3   0.2   0.3   0.3   0.3   0.2   0.4   0.3   0.2   0.3   0.2   0.3   0.3   0.3   0.2   0.3   0.3   0.3   0.3   0.2   0.2   0.4   0.3   0.3   0.3   0.4   0.3   0.2   0.4   0.3   0.2   0.2   0.3   0.3   0.3   0.3   0.4   0.2   0.3   0.3   0.3   0.4   0.4   0.2   0.2   0.2   0.3   0.2   0.2   0.3   0.2   0.3   0.4   0.2   0.3   0.3   0.3   0.2   0.3   0.2   0.3   0.3   0.4   0.4   0.2   0.3   0.4   0.3   0.2   0.4   0.4   0.2   0.2   0.4   0.4   0.2   0.3   0.2   0.3   0.4   0.4   0.3   0.4   0.4   0.3   0.2   0.3   0.3   0.3   0.3   0.2   0.4   0.4   0.2   0.2   0.4   0.4   0.3   0.2   0.3   0.3   0.4   0.3   0.2   0.3   0.3   0.4   0.2   0.4   0.3   0.4   0.3   0.4   0.3   0.3   0.3   0.4   0.3   0.3   0.2   0.2   0.4   0.3   0.3   0.3   0.3   0.2   0.4   0.3   0.2   0.2   0.3   0.4   0.4   0.3   0.3   0.3   0.3   0.3   0.3   0.4   0.3   0.2   0.4   0.3   0.3   0.3   0.4   0.3   0.4   0.4   0.4   0.3   0.3   0.3   0.3   0.2   0.2   0.3   0.3   0.4   0.2   0.3   0.4   0.2   0.3   0.3   0.2   0.2   0.4   0.3   0.4   0.2   0.4   0.2   0.4   0.3   0.2   0.3   0.3   0.2   0.3   0.3   0.4   0.3   0.2   0.2   0.4   0.2   0.2   0.3   0.2   0.3   0.3   0.2   0.2   0.2   0.3   0.2   0.2   0.2   0.3   0.3   0.3   0.3   0.2   0.3   0.3   0.3   0.3   0.3   0.3   0.2   0.3   0.4   0.2   0.4   0.4   0.2   0.4   0.4   0.4   0.2   0.3   0.4   0.4   0.3   0.4   0.2   0.4   0.3   0.3   0.4   0.2   0.4   0.2   0.2   0.3   0.4   0.3   0.2   0.4   0.3   0.3   0.3   0.2   0.2   0.2   0.2   0.2   0.4   0.3   0.2   0.2   0.4   0.4   0.3   0.2   0.4   0.4   0.3   0.3   0.3   0.4   0.2   0.2   0.3   0.4   0.4   0.3   0.3   0.3   0.2   0.2   0.3   0.4   0.4   0.3   0.3   0.4   0.2   0.3   0.3   0.3   0.4   0.2   0.3   0.3   0.3   0.3   0.4   0.2   0.3   0.2   0.3   0.4   0.4   0.2   0.3   0.3   0.4   0.2   0.4   0.2   0.4   0.2   0.3   0.4   0.3   0.4   0.3   0.3   0.3   0.2   0.4   0.3   0.4   0.2   0.3   0.3   0.3   0.4   0.3   0.4   0.3   0.3   0.3   0.3   0.3   0.2   0.4   0.2   0.4   0.4   0.3   0.3   0.3   0.3   0.3   0.3   0.4   0.3   0.3   0.3   0.3   0.3   0.3   0.4   0.2   0.3   0.4   0.3   0.3   0.3   0.3   0.3   0.4   0.4   0.2   0.2   0.4   0.4   0.3   0.4   0.4   0.3   0.4   0.2   0.2   0.3   0.3   0.3   0.3   0.2   0.3   0.3   0.4   0.2   0.3   0.4   0.4   0.3   0.2   0.3   0.4   0.2   0.3   0.4   0.3   0.2   0.2   0.3   0.4   0.3   0.4   0.2   0.2   0.2   0.3   0.2   0.2   0.2   0.4   0.2   0.2   0.4   0.3   0.3   0.3   0.2   0.3   0.3   0.2   0.3   0.3   0.3   0.3   0.3   0.2   0.4   0.2   0.2   0.3   0.4   0.3   0.3   0.2   0.3   0.3   0.2   0.3   0.4   0.4   0.4   0.3   0.3   0.4   0.3   0.4   0.3   0.3   0.3   0.4   0.3   0.3   0.3   0.3   0.4   0.3   0.3   0.4   0.2   0.3   0.2   0.2   0.2   0.3   0.3   0.3   0.4   0.3   0.3   0.2   0.2   0.4   0.2   0.3   0.4   0.4   0.2   0.3   0.4   0.3   0.2   0.3   0.2   0.3   0.3   0.2   0.3   0.2   0.3   0.4   0.3   0.3   0.4   0.3   0.3   0.4   0.3   0.3   0.3   0.2   0.3   0.4   0.3   0.3   0.4   0.3   0.3   0.2   0.2   0.3   0.3   0.3   0.4   0.3   0.3   0.2   0.3   0.3   0.2   0.3   0.2   0.4   0.3   0.2   0.2   0.3   0.4   0.2   0.2   0.4   0.2   0.3   0.3   0.3   0.3   0.4   0.3   0.2   0.2   0.3   0.3   0.3   0.3   0.4   0.3   0.4   0.3   0.2   0.3   0.3   0.2   0.3   0.3   0.4   0.2   0.3   0.4   0.3   0.2   0.3   0.3   0.3   0.3   0.3   0.2   0.3   0.3   0.3   0.3   0.4   0.2   0.4   0.2   0.4   0.4   0.2   0.4   0.3   0.4   0.3   0.3   0.3   0.3   0.2   0.4   0.2   0.4   0.3   0.2   0.4   0.2   0.4   0.3   0.3   0.3   0.3   0.2   0.4   0.2   0.4   0.4   0.4   0.4   0.3   0.3   0.3   0.3   0.4   0.2   0.4   0.4   0.3   0.4   0.4   0.3   0.3   0.3   0.4   0.3   0.3   0.4   0.2   0.3   0.2   0.2   0.3   0.2   0.3   0.3   0.3   0.2   0.3   0.2   0.3   0.3   0.4   0.3   0.4   0.3   0.4   0.3   0.3   0.4   0.2   0.4   0.2   0.3   0.2   0.3   0.3   0.2   0.2   0.4   0.3   0.4   0.2   0.2   0.4   0.3   0.2   0.4   0.4   0.4   0.3   0.2   0.4 
   35   179    68   158    34    33    50    45   114    98   125   105     3    65    38    31   144   113    71    59   114    32    97   177   165   135   162   179   143     5    37   136    30    49    95   172     8   115    54   167     8    64    55    63    56   124    45   148   115   156   156    37    16   156    56    64    11   158    16   120   112    82    93    81    43   150    82   101   175   157   131    45   168    51   142   124    85    93    30   172    41   148    34    74   100    48   152    62    31    98   129     5     6   109    82    49   166   162    83   168   134    12    56    31   125    37   144   175   106    75    63    19    49   143   180    41   165    70    59   120    56    86   140    74    64    29   126   146    32    50    54   103    85   124   132    34    19    14   174    53    84    93   178   178    63   159    73    19   161   158    54   172   134    78    81    74   175     7    83   158    84   158    24   175   115   112    21   164   107   135    65   154    11    89   162   161    53    61   180    51    23   150   172   132    14   161   104   178     7   139    91   134   168    18   170   119    87   121    38   128   137    19   145    83    53    52    33    82   124    31    46     8   152   172   138   154   148    47   123   147    17   147    38   107    20    90   165    43   105    53    44    82   153   140    75    30    84   155    93   118   126    77   135    79    45    84    44   110    71   111    75   158   179    88   165    73   127    71    76    40    13    55    40    83   156    99    88    50    42   141   168    59    52   177   147   167    44   168   107    67   155   177    90   169    52    19    67    11    59   161    37   113    66    41    75    77   113    49    86   124    42   179    70   121   155   125    60    92    16   104   174    63   173   176     3    82   135   176   174    87   149    74    51    40    53   127   138    22    67   102    41     7   107   118    20    34     9   171   167   166   180   133   170    29   177   133    84     5    21   161     3    69   172    76    97    98   119   123   172    83   169    80   172    38     5    35    15   168    19    56   168    81   159    27    33    89   111    12   121   164   158    49    56   144   105    30     9    97    68    35    55    47   103   146    56    59    30   109   129    33    30   107    42   161   147   173   154    53    32    76     9   105    73   103    29   144   179    27    35     4    92   115   102   107    93    94    19    50   163     6   117     1     2   113    26    71    28   160    67   121   100    67    68   165    59   160    65    64    95    28    48    38    42     3   115   153    77    37    29    43    11    28   131    80   142    78    27    38    57    46    40    42   172   102   136   160   112    56   148    65   174    68    44   134    41    36    71   154    75   143    48   137    35    33   102   160   105   134    70    61   137    42    14   158   147   121   154    85   138   169    76    88   180   150    52    49    95   126   151   156   148    88   130    47    82   139   160    48   105    47    34   137    87   153   139    31    11    56   124    15    89     6    38    96   142   160     7    85   154    57    92    71   114     3   129   114   171    20    37    11   137   171    19   132   179    83   156   150    99   145    22    50   118   165    87    18    43     2     4    88    88    25     9     4   118   117   120    69    20   169   174   100    55   125   171   129   151   118    49   157    31   164   155   146   167    94    12    69    29   155   126     3    61    31    90    31    57    79    38    26   156   125   165    35   169   138   165    68   165   135    83   116    52   171    21     8   108    30   153   171    80    47    95     7     1   104   115   118   100    86    21     8   130   109   139    95    77    95    92    67   117    60   124    90   143   120    60    43   150   132   125    23   161    78   156   156    76    22    54    61   150    63     9   108    63    12   125    36   159    15   144    50    89   105    18    59   150    71    55    17    26    42    49    42   159    63   179    95   102    79   176   117    74    81   170   180    20    40   153    58 
   15   170   167   149    30    18    34   126    94   142    72   101   169   128   126    70    91    83    67   162   106   124   164    12    89   175    55    93   137    37   104   147   141   134    12   180    65    83   109    10   129    46    68   180    27    35   145   144    70   142    55    32    32    29     2    76    39     3   121   101   159     1    22   147    20    27     9    63   168    85   128   102    89   117    21    17    89     1    46    90   102    61   167   131   167   158    79   176   119    16   131   172    47    71   171   106   177   115     2    69    29    24   128    42    17    97    54    44    78   127    10    30   171    60    28    81     2   177    87    34    50    74   122   162   168    60   118   157    31    84   137   125   163    94    90    45   108   124   139    66   110    74   147    58   135    68   170    10   120   158    77    54   179    96    98   115   163   132    23    18    66    18    53    18   106    25    87    98     1    14   148    49    33    25    62   162   136   121   135   178   150   135    24    45   171    92   140   172   145   138    18   179   147    79    96    62    18   107   110    22   178   108   127    77   156   161   125    68    10   167    12   130    68   129    29   109    49    32    57   153    14   174    69     4     2   160    47    77   150    25    43    69   149    60    35   167   107   159   123   128   140    69   158   128   100    85   109   171    52   101   147   127    17    11    19   105     7   141   101    41    51   113    24    52   123    19   180    42   126    30   153    84    97    65   134   108    93    51   136    62    89   167   106    63    18   107    22    56    45    12    66    46    23    11    13    97   146   123    99   135   119     3    31    96     3   161   123    86    24    41    74   176    22    87    51    55    92    47    77   159   106   156   175   145    52   116    62    66    51    67    67   121    69   172   145   131   157    53    63   112     2   116   163    54    88    60   127    24    69    77    10   126    46   100   179   116   169   134    83   164   162   159    12    48    45    14    72   107    41   172   175     2    61    21    32    34    93    86    47   113   170    43    83   128   164   115   112   164    38    81    34    84    18   132   145   173   125   176    57    51   105   177    98   133    49    66    50   174   144   153   162    29    72   103   178   113    84    83   107   156   124   171    12    60    48    68   100   153   108   129     2    29   104   108   126    14   141    64    86    57    63   170   131     6    59   115    39   119   150   150    58    55   133    36   143   161   111    58    32   118    47    67    60   100    58   162    33   114    29   126    90     5   126    28    61   143    34   161    65   161   158     7    60   122    93   114   129   145   100    89    52    93    28    60    48    13    62    50    23   165   130    62   179   163   121    84   157    80   169    77   180   126   131    74    35   130    20    27    62    11     3   160    13   138    60    17   144   172   144    37    43    86   171   159   135   173   110    28   103   154    72    24   145    77    78   126    36     5   149   145   158    48   154   164    30    46    96    35    26    40    34    37   140    64   123     5   128   180   118    51   169   145    59     1    46    13   109   158    22   143   166    96    78    70    11    20    25    47     2    55     4    88   137   136    62    56    30    67    64   140    72    89   164    63    96   151    60    72    74    84    25     3   163     9    41   131    41   156    13   169   166   127   141   159   116    26    68    49    85    39   111    16   163   168   120    58   131    79    15   170    98    92    79    48   133    78    44    41    63    37    34    71   124    70    61    99    77    66   165    94    41   180   102   176    53    95   128    69    73    38    31   180   177    60   120   114    65   113    15   106    11    56    60   130    54   113   109    59   168   167    37    37   153    56    60    95   109   148    62   137    54   129    67    97   165   116     4     9    58   179   151    68   132     9    95    60   125    74    65   108 
   33   138    24   125    89    12    38   177   110    13    34    92    44   146   153   110   117   106    36   141    62   130   122    19   180   165   104   136   114   138   101    19    37   108   127   177    24   110   109    58    33    61    36    31   152   159    53   160   137    86   137   133   141   112    72    50    69    31   120   155   156   144   144   145   137   101   168    23   104   165   147    40    25    17   123   174   179     4    32   113    56   143    14    63    86    99   138    25    40   149   128    50    95   116    47    51    67    54   164    88   159   172    38   175   159   180    36   176    36   114    11   176   172    84    55    56    40    39   113   103   101     9    70   122   138   139     1    88   125    87    73   129     4   119   109   160   152   159   173    75    26   169   107     6   169    69   169     4   178   102   172    91    26    17    43   153     3     3     3    14   125    60    76    91    21   156    93    56    96    22    92    10   148    67    25   135   145   157   137   131    51    30   145    11   173    69   113    88    17    51   175    21   107    64    61    18    70    82   177    10    87   111   167    42    83    80    51    38    67   146    81    92   155   155   133    96   131   162    32   102   160    73   172    78    92   103    88    86    40    76   163    20    11    66   151    33    93   135    47    53    33   180    23   146   179   150     8     2    59    16   166    48   100    28    56   151   141    49   114    71   165   175     2    28    54    46    29   139    28    31   148   134    49    91   133    72   116   170   173   139    10    92   126    47    17   153   104   167   132   128   175   163    57   163    28    92     8    23    69    13   116    37   122    12    99   157    77    71   179   164    62   151    28   129   162    35     9    25    67   177    10   105   112     8    19   172    97   103   106    61    80    70    93   129     1   116   177   127   141    83   170    59    23   117   133   151    29   156    75   122   130    52   100    50     1   158   178    59     2   180    68    37   151    85    37   153    24    81   180    86   147    13   178    98   119   129    72     8    95    42    51    73   165    48   108   172   177    23   167     5   117   146    94    46    42    33     7   165    85   176   162   108    31    64     5    86    29    34    88    66   158   160    39   162   101    95    42   106   141   160    58   178    77    20    86    49    30    31    85   100   177   155    46     2    66   173   158     3    65   135   110    60    45    66    19     5   107   113    64   110    55   146    90   111   110    56   118   180   101    53    86    31    31   178    14   154    57   139    23    10    84    23   135    49    72   112     9    70   113   147   116     2   108   162   101    16    97    61    54   140    54   128   117    31   176    23    64   129    60    17    98   170    64   126   169   108    84   115    19    73    54   125   142    39   119   131    57    15   104    30   130    90    32    53    26   100    70   146    40    35   172    10   104    58    70    14   137   105    89   100    71   144    61    46    67   102   160    83    14    92   143   151   165   134    96    92   102   173    51   125    74    54    45    32    99   159    28    97   133   149    87    92    26     8   179   135    73   164    22    74    59   159    13    81    65   122    20   119   155   152   165   116     5   179    39    35    82    96    15   159   114    41     4    27   153   177   174   123   152    33   172   169   103   142    75    27   100   109    73   166    46    60   163   101    51   139    92    43   116    32    19    15   110   117    79    43   147    16    95    27   139   167   156   127   142    10   110    79    70    25    10    21   106   149    90    95   149    60   173    23    78     2    75   141   153   167    73   120    97   116    58   130     5   111    15    99   106    44   118   108    45    17   118   129   144    24    43    22   178   171    13    83   169   171    81   114   112    92   135     1   133   101   179   152   137    96    31    12    66     9   120    46   153   149    22    25   127    86    16    70 
   86   167   157     4   172    39   114   128    96   139   157    82   101   150    45   112    37    11   124   180   117   142    45    52    57    77    88   175    85    34   108   168   105    75   146   171    64    83   173    87    89    32   156    33    10    89    37    66    20    57    70   114    54   163    10    37    58    50   110   102   111   174    32    92   122   116   112   131    87    33   162    72   108    88    97    15    73    14    80     5   133   115    45    43   176   160   158    84    89   164   125    89   157    14     8   173    80    37   108    68    24   141   158    86   138    91   120    69   151    41   162    19    32    33   129   145    89    31     6   147    44    98    82    40    75    71    87   119    91    21     2    99    98   157   180    65    68    54    67    76    15    95    36     9    57     3    83   123   132    82   114   149   177   169   108   125    47   176    95     6    69   116   134    46    73   163    91    64    24    63    43   144   109   113    66    51   129    30   128   107   130    70     1    41    36    68   158   178    36     1   127    37   168   110   177   161    53    98   130    36    43     5    72   156    42   118   163    64    67    78   159   166   117    60    46   103    90   140   169   169   131     5   166   168   148    26    73    91   132    26    83   138   154    55    65     4    25    12    27   146   109   104    48     4    98   145   115    65     5   135    43   174   146   134   146   158    48   156   115   100    12    32    59    95    22   134   157    94    13    96   109    97    22    62   146   178   141   151   174   144    83   143   109   117   138   113    37   176   124    35     8   121    61    82   145    67   112    15    98   100    85   148    98    13   156   158    94   124    45   174    67    94   147    31    89    14    96    19   147   135   174   131   106    76    71    42   148   157    45     2    12   177    81   176   105    12   137    45     4    59   152     7    10   163    15    43    88    35   115    40   135   103   127    74    81    51   127    67    14   147   141   134   105   106    88    84    28    77   152    37   179   106    73   156   107    67    11    39    83    85   126   116   151    22   141   175   107   105    16    27     3   105     6   166    98   161    34    78    36    89    48    69    38    34   104    87    15    43     5     4    48    32   141   170   116   163    64    13    40   179    21   136   109   166   120   156   155   134    83   115   123   125   137    10    65   151    28   160    36     7   118    86   175    87    80    70   171    57   122    60   176    58   139    18    79   177    54    89   153    35   163    88   111    42   105    84    88    52    79    14    36    31   159   149   115    52    19   109   109    76   170   162   123     6    62    25   131    18   132   133    86    43   125   100   168   114   148    64   168    42    11   156    59    23    41    12   171    19   111   112    96   162    31    69   102   151   157   127    20   105   110   105   141    55    55   148   131   112   175   146   105   111    95    89   128   174    27   160   128    86     9    93   106    49    85    16   141   112    73   165   140    75    42   156   140   146    57   172    51    18   127   119    98   124    25    94    68   168     8    31     9    64    53    47   155   154   130    83   110   121   134    30    68    32   143   169    68   144   121    25   153    17    95   123   148   165   102   115   169    95   157   109    38   135    41   129    23   126    44   175    28   100   115   124     9     8   144     5    89    29    14    12   169    78   173   105    60   169    23   167   137    49    40   163    38   116    10    61   168    57   177   142   134    70    15     9   162    28    69    15    34   107    75   122   104    30    25     1    98    92   167   104    64    19    90     3    15   127    81   124    46    67    46    93   166   166   111    28   164    75    99    24     3     7   155    46    25    18   120   162   160   118    51   146   146     2    79    47    24    65   117   175   145   143    92   134    98   111   176    77    30    97   109    92   167    68   117   176   112   108 
   95   100   178   128    80    51    75     9    10   119   146    53    99   105    98   123   112    71   118    65    78    63   128    74    26    69    82    31    55    88    57   149   149   109   106   118   155    25    61    72    49   165   110     7    61    84    82   118     5   141   141   100   127   139    23    99   128   125   133    53    37    52    95   122    19   169    73    23    43    64   163    83   143   152    16   155    86   106   122   175    63   171    62    70    56    76   138     4    13    99   129    47    45    93    45   141     6   132     1    41    15    21   129    60    16   178   146    87   104   134    18    29    80    64    15   157   161    36    40     5    20    59    61   156    46   176   172   138   170   125    84    40    63    26    99    81   120   167     2     6    68    42    37   135    88   128     9   157   129   143   172     5   173    29    45    43    84    15   151    55     3   143    74   154    20   105   171    11    51   101   150   112    56   115   106    38    65   110    52   132   144    37   153    98    75    32   126    58     7   156    72   148    90   175    42   159   130   175    35   149    12   165    21    99    92   109    61    37    94   113   122   141    88   103   134    82   167   130    93   153   114    85    21    16   159   161    91   105    68   146    25    77    31    47    66   129   136   160    45     4    12   130    13   123    83    61   178     8   153    18    92   123    98   149    80    85   104    73    40   133    70   154    95     8   165    79   171   160    46   108     4   117    95    47    48    73   174   149    83   132   109   147    27   163    34   170    56    44   175    99    26   162   109   179    63   128   130   160    60    52   136     7   119   130    47   177    15    46    78   127    93    49    80    67   165    51    18   111    47    50    73   121   171    41    90    97    20    16     2    49   160   163    12    66    53    23   153    52   152    75   157   172   128    59   142   168    80    41    70    55    93    84    49   144   116   170    23   180    43    93    52    71    99   133     8   131   104    15     6    81    53   166   157   166   171   101   150    88    63   176   108    71     2   132    15   107   124    52    63   109    55    45     8    74    70   123   115    68    78   118   103    32    34   108   134    72    32   179    79    24   114    97    53    42    80    26    90    56   153    16   174    33    54     6   136    92    51   148   168    98   115   126    60    43   173    95    11    83   137   127     5    47   156    76   174   131    81    43   133   164   114    23   155   153   148    34   145    50   123    96   119   143   107   164   118    22   138   106    87   157     4   164    28   140    23    95   176    80   144   120   173   144    82    45   124    50   122   167   178    28   119   106   149    83    18   133     9     8   165    48   163    55   151    61   124   122   155   150   139     1    10   148   160    99   135   152     4    56    75    15    42   131   133    25    59    29   151   177   106    25    45    47     1   158   117     6    81    63   134   152    78    40    94     7   110   120   132   152   132    53   166    10    16    91    77    38   130    83   166   152   180    12   102    93   170    10   173    42   160    50    80    96    20   156    26    63   131   118   157   140   138   168    67   102    95    11    61    64    13   177   167   110    81    20   149   141   176     4   173    26   125    84    82    55   162    17     9   123     2    54    73   113   118    20   128   102   166    57   108    51    38   165   154    82   160    50    38    70     3   155    19     4   165   133   140   127   119    56   179   105   138   170   151    86    28   136   117   123     2   134   106   145    33   135   148   133   140    74   160    42    45   118   172   142   117   167    86     8    84   135    50    85     7     2    90   139    56    91    31   160    57    14    25    29    28    69   145   109   111   126   140   146    26    39   150   106   173   162   119    55     6   177    66   150    54    76   168   175   112    88   148    11     6    70   111   157    56    88    75    65 
  144    64    38     1    34    55    60    44   137    62    64    68   144    46   116    96   106   116   134    90    58    23    48    12    33   163   160    47    19    69    45    32   108   167   175    81   101    81    62    20   163    55   116   155   138    97    48     1     9   156    30    52    81   149   112    42   139   137    90    74    90    80    67    27    22    31    52    31    78   148   151   168    34   120   166   176    27    79   154   162   133   122    74   178   113   127    23    75   142    46    89   119    18    13   153   171   111     7    94    54   157   177   117    39   163    27   155    57   107    28    56   158    52    25   178    63   137    59    95    25   111   158    66     1    26    89   133    92   179    75    28   146   167    89    39   154   167    58   180   176   125   139     7   152   109    46    85   110   155    51    63    28   157   175   111    95   101    90   147    82    11    20    49    16    62   151    81    60    74    56   108   146     6    57    14   101    96   141    69    42    70    30   105   103    62   176    20   137    65   162    53    13   106   138     6   119   170   170    78    78    21   111    34    14    10    78   150   160    30   157    43    14   112   113    72   122   164   100   157    64   155    29   167    46   145    46    83    62   153    32    63    65   143   117    41   120   179   104   175    34    83    51   136    26   152    90   168    96   179   175    49   147    55    10    45    34    64   102    78   143   148    43   151    88    61   179    53    74   156   175   155    94   118    13   100   177    94    78   157    49   144    31    75    38    16   103    81    70   122    93    45   113    88   146   110    32    93   115   117   169    80   148   121    55   171   107    22    76   173    56   151    81   139   144    31    10    92     1   135   177   155   106   142   115   141   116    58    45    36   164   165    30   147   155    49   164    35    57   139   126    88    31    91   153    20    81     1    28    30    16     7   101   154   152   118   124    91   133   111    81    53   156    96   165     3    12   141   172    59   174    15    23     9    71    63    35   136    55   157   105   180    45   120     5   171    93    33    17   129    73   106    81   114    73    10    14   135   111   166   127   169   144   138   145   118   107    49   148    49   161    25    51    26   168   156   106   145    45    38   175    16    30     7    13   179    18   174   144   134    59   147   105   154    33    48    51   157    58   133    34    32    95   158    20   155   127    42    50   120    98    98    37   177    90   116    16    62   147    94    24    42    98   124    43    23    33   175    79    31    93    32    50    59   156   105   160    55    50    40   151    89     4    21    75   127   121    24   106     2   135    98   112    55   116   143    28   160    90    80    43   170    51    95   151     2     9    78    32    60    45    80    62    90   157     4   138   134   177    84   161   142    80    44    25   130   177    23    29    69   172    17   102    80    38   162    52    46   150    64    67   131   139    77   124    43   104    68   126    86    76   136    59    29    88   104    82   161     8   160     1    38   169    62   125    26   174   134   130     4   122    97     5   147   164   153     8   145   172   153   134   173   135   148    71    59    74   102   146   143     2   143   161   169   155    96   171   137    50    52   164   165     7    45   108   101    11    40   168   100    37   132   152   167    26   138   102   173    45    32   174    72   132    46   101    62   132    52   107     3    41   112   151    26    42     2   132   179   109    48   156    53    68   152    68   146    70   126    13   121   130   178    94   180    51   110   169   105    63    34   129     6    60    13   167   107   177    58   152   158   122   127   173   157    63    40   168    54   121   153   155   124   174    61    64   117    49   138   127     5    92   153   128    16    27   124     5   116    56    60   101    27   142   156   156   137   147   178   117    43   132    14    41   104   143    86   116    18    59    91    89 
  124    75    47   128    72    37    19   136   115    55    27   147    16   128   110    79   102    42    73   174    34   113   170    10   154    98   153    18   133   179   173    95    69   149   138    23    67    24    63    41    44   117    78    48    50    55     3    30    98    89    11    56    43   114    61    22   156   151     4    24   154    42     4    99    53    57   153   129   111   103   177   116   125   151    54   180    28    15    66   168   121    97    46    84   147   133    98   150   132    98   119   145    57   107   172    15   128   161   166    33    92    52    85    73   154   155    30   165   165     8   176   140    92   162    15   169     9    65    65   123   152   180   148   162    24   148    72    16    88   156    79    28   177    35    32   179   131   165    18   119    83     9     7    30    10    49    75    47    33    22   169    18   141   179   174   101    10     5   121    95   148   159    21   143    51   165   176    97     9    62   171   171   127    92    42   173    24   117   132     5   126    44     2    82    47    46    85   132     6     1    25   176    39    78   122    18   138   134     2   153    79     7    86    59   136    63    87   170    20    89   135    59   134   159    70   129   149   154   113   163   139    34   160    98   131   145   127    57    41    93    92   123   157   129   160    67   154   104   116    91    60    36   110   157     8    75   180    67   128    88   180   144   154     1   100   138    78   111   101   131    15   118    20   169    87    23    20    15   117    30     5   176   104   105     2     9   119   144    29   117   134   160    93    33    51    99    89   105   176   113     2    59    54    73    90   173    22    57     2   141    12   168   159   128    58   115    35    47   145   139   128   179    37   147    22    81   132    15   166    61    71   164   127    75   161   174   124    18    13    24    71   155    79    89   122    21    70    28    59   177    22   117   132    60   165    71    39   179   171   140    49     9    78   142    59    93    72   180   113   145    97    61   127    26   112    80   128   141    14    26    44    87    21   164    46   126    90   123   129   169   178    25   133    90   139    93   111   149    52     9    97    83   154    83    62   104   110   171    86    38    80    48    12   112    97   140   131    66   165   136    16    26    50    91   173   120   158   170    56    11    84   107   157    54   133    80   113   137   102    45    35    58    51    61    16     5   174   116    44    18   141   116    92    75   144   141    87     5    34    60    40    73   165   169    52    11    65    31   162    35     2    77   128   169    83    28    46   135    92   105   138   163    32   101   156     3    88   111    62   140    98    52    70    71   112   115   145   107    83    82    83     6    26    66    34   173    65   131    38    58   136   145     9   125   133   171   101   127     3   118   102   101   170   144   112    44   130   136    30    64   172   173    28   174    77     9   132    63   108    95    26    69    14    74   179   123   150    33    85   166    75     7   141   114   142    81   155    56    85    76     9   113   101    35   163    77   105    23    67   176    57    69   178    45    20   173    59   169     4   152   153   117    38   177   100   113    45   169   117    30    66   115    62    74    53     2     6    87   163    13    27   106   162   136   170   115    11   115    29    30    29   149    88    44   158    96    87   126    60    16    62   149   107    67   102     6    99   178   153    26   155     7   116    84   130   131    17    67   168    99    39   178   130   102    70   103   114    20   103    48   151    27     3   180    36    22    98   176    49    76    78    38    14    48   173    62    94    24    48    34    40    12     9    31    45    29   171   130   119   142    39   147   164    86    71   116    51    91    34   151    90    20   105   180   168   100    43   179   147    77    55    75    30   109    90    79   175    55   155    33    29    16   135   179    69    75   155    13    17   169    10   132    73   155    76    98   123   161     5   122 
  151   104    69    83   177    27    12    75     8   115   134   105   131    10    62   141   144    53   104   123    82   157    32    26   108   175   150    83    16   162    51    37    68   151    46   102     9    56   125    89    84   171    57    27    50     1    55    57    27    25   171    19    11    85    37   101   140   112   175    89    43    27    40     7    46   127    82    15   147     3   139    96   117   102     7   143    20   118   162   180   154   156    38    79   125    44   149   148   111    53   140    82   152   160   154   178    84   123    76    96   152    92    58    35   164   120     5   174    19    85    96   163   101   152    53    46    79   164    64     2    96   121    71   174   106    83    94    67   109    24    43   136   112   153    82    36   138    45   123   154    47    97   151    26   161   178    71    80   153    46    11   110    92    13    17    51   143    10   162   130   122    33    73    96    41    49   105    17    55   164   120   134    46    38   127    78   105    74    16   108    84    54   172    95    44   101   122   135   129    70    83    37     5   136    89    64    54    42    92   175    99   163   178    96    30    83    70     3   129    95   175    58   105   118   148    91    76   152    62    26   146    98    60    15    58   103    78   175   151   145    31    84    96    39     4    87   105   112   109   179    49    83    56   148   122   161   102   110    22    33    90    87    11    17    54     1    25   176   110   176   108    24    71   120    30   140   178    22   156   115   130    54    57   110   123    20    65    97   117   176    98    29    59    79   166   175    27    26     6   101    63    21    34   124   163   142   128   159    38    20    38   102   113   155   177   119    77    53    12    98    31    75    32    58    45    34    70    78   158   157    46    25   113     1    80   119   143    80    56     6   125    53   162    98    71    59   150   101   106    31    99   135   164    75   101   132    57    21    50   115    55     2    10     7   170    63    21    14    56    12    47   165     1   115    47    84    73    87   109     7    84     1    51   180   177    33   120   167   179   146    93   156    76    72    42   126    48   178    45   158   148   176   146    18     6    51    25   145    77   125    47    41   161   117   134   159   142   112   142   158    32    20   165    76   116    89    86    82    57   126    72   138   111    62    66    15    95    58    20    95   112   111    66   110    98    84    80    11   129   179   119   151    18   163   105    85    87   102    62   101   125    96    64    46   117     1    63   147   166    45   168    41    58    60    73    27    72     4    58   172   121   157   155    84   171    51    70   137    68   144   123    45    68   173   120    99   104    21    48   112    60    23    21   152    79    57    80   122    77    91    36    68   131   105   104     6    17    37     4    39    20    65   103    57   133    90    63     8   162    35   123   111   168    32   106    93    78    80    88    57    24    72   135   141   167    37    70   166    39   117    72    62    27   171   156   120    67   140    61   153    66   117    81    47   176   130   144    57    87    40     5   110   130   132   161    55   159    54   178    81    63   176    24   105    13   137    94   139   113   111    16   100    37    41    38    39   146    88    96    89    31    67    33   142    23   168    86    70    84    78   161     8   119   140   160   133   116   114    38   107    14   107    94   116    14     5    25     2   162    54   170   136    30   134    21    70   112    40    18     5   142    13    24   156    57   158   115    80     7   171   143    10    86    74   154    27     6   174   132   134     7    54   101   129    60    53   162   132     8   114   158    47    71     4    40    58    31    96   154   133    52    41    11   167    59   132    90    80   141    14    38   130   170    72   121   109   117   120   158    93   176    53   100    68    30    71    63   149    22    44    74   114     5    26   121   116    77   123    56   125   161    38    43    25   166   171   174    29    58    98 
  116   105    55    18    88   102    10   120   141   114   164     9    53   170   155    18   122    27   159    65    23    56    94    66   117   174    86     3     4    93    58   176    30   108   160    66   137    24   143    54    89   174    43    93     7    58    15   122     8   175     8   163   175    25    57    30    91    71    18    31   128   177    28   168     1   173   148    48   175    55   166    26   100   113   105   148   166    69   112   112   122     4   106   118     4    37   168    82   139    86    88   139    97    13    11   178   110   127   129   139    86   138   162   159    84    48   180   145    40   120    85   120    66    79    73    27   158    17    10    23   111    38    57   154   157   115   127   162   171    50    17    93    31    77    33   103    67   105   167     6   179   157   155    33   144   141    77    89    73   152   112   157    70    43    39   100   131   122   108    20    52    48    28    54    95    93     2    55   106   156    61   100     1   169     5    45    73    90   139   177   157   128    50    30    58   172    33    21    80    76    38   140   118   139     1   118   157    28    99    38    18   153    47    87   157   174   162    79     6    82    94   155   169    29    73   140    96     6   160     3    72    80   106    47   159    58    26   139    97    39    29    18   170   142    66    12   149    15    55   103    55    51     3   180   103    76   154    23   139    45    34   116    69   153    77    12    77   135    80   132   138   150   173   169   176    12    15    94    52     9   142   143    33    52   169   111   175   153   128   142    74   167   153    59    82   153   151   127   126    99    81    26    33     3    49    66   111   101   150    59     9   103    41    99   127    23     3    92    67   164   117   116   150   144    40    90   133    39   154   125   117    47    88   178    93    21    92    84   102   133    88   174   168   155    28   106     4    94    67   179    91   110   100   106    62   157    36    69     5   119   171     3    17     6   156    15    43   105    71   173    47    15    87   139     2    45   119    37    16     5    43   177   128    92   130   120    43     5    52    76    74   119    15    81    90    52   143    62   161   122    10   142    26    13    15   148   127    84   102   101   176    73   161   103   170   123    17   106    63   105    81   178     8   125   145    91    32    43    73    69    48    51    58    48    98    62   123   113   110    24   167   154   159    62    50   125    14     6    86   153    49   104    16    17     6    16    76    93    48   175    42   133    36   112   114    18    12    90    67   173   142   143   139   154   104   100    29   180     6    91   171    83   179   134   130    59    55    70    80   124   127   113    42    19    36    75    37    86    80   178   139    29    97    91    32   143     5    18    64    26    77    85   119    86   101    26   173   109   104   123    37   128   130    93    95    16   149    70   178    12    17    48   168    47    99   148   101   104   123    57   130   138   115   114    16   112   101    46    54   108   146    89   140    96    10   140    82    77   114    93   140    43    41    95    44   145   178   132   144   107    85   109    37    23    24    22    89   147    34    93    17   153    58    55   121   143    28    37    27    76    34   166    17    72   105    66    13   167   151    51   157   151    74    97   151    16   164   147    55    56    59   164   113     6   149    80   126   144    35    72    24    36   166   161    76   103   107    96   178   152     1    32   126    99   156   135   109   117    18   138   163    12     7   113   180    28   118   113   137   153    22   169    29    66   128   103    94    43    22    69   151   133    16   138    91    69    77   111    94    61    78   180    90   171   142     9    19    97    99   140     1    47    17   123    57   108   152    97    14   157    21   177    82    67     1   154    62    39    10    77   103    16   130   139    99   165   161    54    68    68    79    53    70    92    60    31   137    20   165    22    16    54   120    59   178   175   128   146   161    38 
   19   160   132   167   163   133    14    66    64   168   173   179    24   130   119    67   131   109   176   179   153     2    40    51   120    74   132   161   139   142    41    94    16    54    92   126   159   116    15   131   123   156     9   114     4    58    54   114   137   172     6    46   150    51    12   118    70   140    57    77   171   157   111    23   124    39     8    64    17    21   107   106    44   101   137    31   137    40    40    85   177   119   147    98    56   160    86     5    97    21    65    99   153   123    62   158   129   169    71    59   134    15    18    43    13    93    34    88    12    29   177    87   101   100   140   170   100   111   122    41    19     9    29    95    57   145   158   165   137    91   174     6   152   132   162     8    40    74   159   165    18   151   106    58    67   161    50    67   159   138   126    70   117    44    78   105   151   131   131    66   175   139   111    93    80    22   146   142   161    21    29     8    96    95    43    17   135   147    16   127    75    90   156   136   145    78    57    91   145   111    63   155    36   123    76   158    97    70   180    19   123   173     6   145   165   104    48    86    42   155   106   121    43    61    12    13    98   153    99   148    26    12   131   156   161    85   155    16    73    86   123   147    28    90    16   132   168    88   178    54   173    76   108    64    97    55    56    41   113    47     4    92    11    27   155    10    40    63    54    67    66    15   165    69     3    74    89   164     1   139   169     1    39   107   139    17   102   141    18   164    69   112    61   168    71   127   167   120   119   111   161   137    51    15    84    98    66     4   168    99   143    37    97     3   124   167    46   180    15    15   130    82    35   164   102    96   120    45   134    36     4   128   107   148    74    24   133   166   125    13    79   168   134   153   114    65    19   114   128    13    53    32    26   103    43   151    81    31   145    89    94    14    85   125   164   158    69     6   170    22    36    96    90     3    47    48    62   110   155   173   165    38   125     7   154   104   122    37    68   124    81   106    93    31    83   167    53   138    57   120   172    11    13   142    74    35   121    36   133   141    57    10    34    16    86    86   100    44   108    12   150     2    16   115    25   140     3    16     1    44    88    87   124   157    29   108   102    74   129    23    47    30    70    45    79    88   139   108    63   162   163    93   172   152   161   175   138   119   138   135   116    13    25    68   148   146     5   168   125    30    43     8    13   162   158    47    53   107    45   172     7   156   175   132    51    81   117   138   153    94    60   177    40    10   153   111    56   165    48   178    50    15   143   173    42   146    44   178    61   147    66   170   148   119   164   140    59    69    13   133     9    68   121   176   105    41   141    62     8    25   164   112   150    34    80   170    85   165   177    24   154   129   165    80    79    93    20    19    78    21   168   179   145   172   104    48    80    90   121    39    45   137    51   180    28    16   174   110    53   141    17    17    53    32    76   159    60    84     9    40   165    71   142    50   108    40   106   103   138     5    81   103   174   114    77    79     1     7   140   155   172    63   116   139   139   137   113    16   125   109    26    70    70    26   162    29   135    97   162     8   135    35    41    10   130   129    17     5    29   109    30   162   148    41   115    52    11   163   171     3   106   127    41   145    93   157    29   154   161    56   116    41    84    58    80    60    51    76    51    79    63   133    39    53    35    76   122   147    63   130   133    26   143   177   113   137   161   104    26    53   163   134   119   171    81    82   107    20   118   180   149   106    99   151    12    77   140   133   134     7   138   171    83   143   115    92    92    98   172    90    13    93   143   129    76    10    31   129    16     3    60    10   148    71   161   154    69   120    33     3 
  177    34   104    88   123   169   157    72    68    96    82   167    84    37    46   115   135   113   126    41    27    28   150    39   127   160    27   121   109   148    77    95    23     6   150   174    58   153   123    14   167   177   147   178    57    37     1    28    41   100   100   173   139    10    35   178   112   150   158   143    77   143    69    73   147    75    80    73    79    51     1   153    97    17    23    47   160   159   130    49    63   157    34    57    86   179   151   117   114    87    87   154    84     6   160     6   179    52    98    10    30   100     4    84   180   178    73    64    67   179   121   160   121   128    53   119    39    50   133   158    67    99   101   106   114   104    70   114    81   144     4    54    98   115   117   114   152    88   158     3   125   167     1   147   142   125   111   154    79    23    95   131     3   120    80   111   126   147   115   152   149    29   127   156    17    91   114    20    19   101    16   136    48   166   141   143   128   115   164    52   108   152    75   155    43    94    93   158    77    42   140    39   150    55    82    64   179   157    47    84    55   113    78    30    21    23    21   147     8   176   173   156    81   163   158    16    71    64   174     7    63    20   122   119    62   134   173   155   153    94    22   161    67    77    99    21    94   157    59    16   145   126     9     1     9   106   146   125   142    97    12   150   164   104    11    70   113   164    19   134     3     6     9   120   177    68    45   119    47    91    81    34   179   147   159   111    52    62   178   149   147    52   168    69   145    35    65   133    71    31   114    38    75   174    29    25    23   160   134   106   113   142    27    99    14    47    85     2    28   171   121   116    62    15    60    47    42    91    19    84   119    32   126    52   155   159   117   164    54   165   122   154    75   151    26    71   166   157    61    65   143   151    23   180     8   151    62    21    26    16    56   144    71    12    13    17    56   141   160    99   126   170   141   129    82   144     8    37    85   175   128   121    70   113   134   176   122   149   156   103    65    42   116   137    24    57    28    19    35    99   128    96    77   148   143    54   116    28    95   142   126    87    21    54     4   177    49    38    75   114   123   171   153   176   115     7    31   128    95   177    36   165    85   110   153   167   170   167    44   141    38    88   163    75    68    12    61   163    90    38    48    36   125    12   103   117    53   105    37    32    54   108    24    97   120    81   107   142   109   157    33   158   139   122   172    28    60    69   140    20    24    72   105    76    67     5   175    24   126   161   129     7    78    37    58   102    37    98   111   113    78   172   163    35   102    20    86   162   131   103   106    17   143   128    69    26    11    50    76    31   117    33    99   164   139   150   135     1    98    76    17   165   101   125    17    74     4   158   138   163    54    64    73     6    69    14   106    59   115    52    26   159    62    23   168    90   109    69     3    73    75   155     6   142    84    94   159    46   174   147    69    33   178   139   125    61   172    96   147    88   112    58    46    77   154   143     7   140   124   127    13    20    48    45    85   129    48   179    89    63   173   167    78    94   133   101    80    85   134    21   139    16   130   112   151   141    51    29     4   154   178   156   129   136   130    40    67    96    55   158    22   118   177    36    75   161    68   118    57   149   161    32    92    56   144   165   156   130    30    55    68    28   118   149    27   155   106    24     2    98   165     1    59    93   119    40   176    20    53    40   154    57     2   141    87     4    82    51    77    60    76    45   168    72   175    44   168   142    12   147   161    25   147   167    19    58    34    88   120   138    20    18   173    83   164   154   110    49    63    96    82    96   179    79   151   158   165    23   135   108    33   158    69   154    10   107    13    94    41    44 
   90    38   124    85   179   152    22    80   139   173    51   144   161    25   176    51   141   149   173    16    95    71    62    20   133    13   129   176    12   160   104   128   162    99    14   119     6    62   158    94     6    57    72    67    34   168    25   104    80    53   124    27    15   118    85   132   164   154   169   144   178   113    58    21   160   109   129   160   174     4     8   153     2   102   104   175    24   117    19    86   116   140    50    92     1   135     1    76   133   114   180   120   134    29   141    59    54    88     4     3   151   156   151    53    28     7    16    67   137    91    86   132    38   120   167    97   133   178     5    40    25   115    41    54    18    59    32   118    98   123   157   139   161   178   121   110    99     5   160   158   102    70   121     5    71    97    38   111    86   122    85   118    57    13    45    85    46   126   166    62   112    71   173   116   114    43    86    16   131    38   133    69    96   162   117    62    77   139   112   143   114    84    96   101    93   114    77   155     9    23   147   105     4    71   126   139    21   127     8   107    34   128    49   146   180   174   126    43   104    11    14    84   122    60    16   141   163     5   113   110   169     7    50    47   153    89   100   138    89   178    84    19   135    35   115   165   109    80    27    26   144    30   170   120   179   159    33   176    60    97    68   160   144    32   100    12   149    46   116    98    20   130    30   164     8   129   124    84   148   106    53    71   119    56     3   155     1     2   171    93    64   155   144    18    57    26    58    72    13    97    28    95    60   129    51   155   134    94   100    43    34    59   134   164    53    18   167    12     4   161    35    64    74    80   112    85   132    95   113   126    67   120   132    52   126   165    62    52     4   158    25    77   160   180    22   121    12     7   122   106    35   107   123    68    83    28    33   174    29   167    85    76    15   105   160   164   139    64    45   106   102   156    66   171   126    69    53   128   151   141   148   120   112   152   120   149    63    77   136   144   134    89    47    99   155   168   140   103    55    77    37   171   150    92    69    84   152    59   166    11   170   155    52    39   163    37    26    81   146    37    10   154   134    36    68    17   102   140    56     6    72    64    64    83    89    45   157    72   124   176    88    63   100   156   113    44     6   176   162    54    42     9    68   177    65   146   124   147   141    64    69   169    44   170   101   168    93    79   138   161   102    67   173    87    79   180   161    91   156   100    38    47    20    25   142    13   150   100   100   151     5    73   104     4   120    56    22   111   170   141    41   148    20   122    30    23    18    31    37   178    16    51   128    38   153   102     5   138    65   115    72    56   171    27     2   153   148   123    31    69    31   168   101    23    60   121    40   151    99    95   128    54    53    54    43   136    52    83     8   113    23     1    42   159   148    71   107   116   115    92    65    97    14    81    42   137   176   167   155    47    10   105    63    11    81    63     2    24    71    58     4    14   112     3   170    47   167   110    29   148    43   145   131   148    66   141   140   174    38   156    15    27    33    84   125    67    26     5   160    73    83    93   110    91    53    90    91    42    40    11   121   157    62   141    73   112    17    20    91   164   125   173    39    53    45    88    52   173   171    43   105    80    62   136   100    66    82   131    36   144     1   121   149   143    35   170   123    80   106    60    23   166    70   137   179   109   140    13    26    39    87   150   123   151    85   127   145    31   123    97   126    97   159    90    85    34   151   164   131   110    73    82    53   161   127     1   108     6   165    45   131   136    24   134    81    81    76    62     8    19    36    35   175    20   129     6   160    82    27   125   106    21   151   177   155   137    52    77   113    21 
 0.00  0.32  0.37  0.28  0.20  0.24 
 0.32  0.00  0.28  0.39  0.26  0.30 
 0.37  0.28  0.00  0.38  0.33  0.36 
 0.28  0.39  0.38  0.00  0.28  0.32 
 0.20  0.26  0.33  0.28  0.00  0.27 
 0.24  0.30  0.36  0.32  0.27  0.00 
