60 12
15
     17363
     16497
     17272
     17356
     15785
     15791
     16768
     16582
     17188
     15883
     16224
     16886
     16985
     16176
     17132
  4.9  36.3   5.7   2.1
  2.3  42.4  67.0   1.6
  1.4  16.7  18.5   2.4
  3.9  14.7  41.0   2.0
  4.9  35.4  69.1   2.2
  4.2  26.4  80.4   2.2
  4.7  35.6  21.9   2.2
  2.2  46.8  60.1   2.2
  4.6  34.2  77.3   1.9
  4.4  45.8  72.7   2.3
  4.6  11.0  27.0   2.3
  2.2  37.8  28.1   1.6
  2.5  39.9  54.1   2.5
  1.7  30.0  75.2   1.6
  1.2  46.8  51.4   2.2
  4.1  28.2  39.4   1.5
  1.6  17.3  54.4   1.9
  2.1  17.2  73.7   2.5
  5.0  36.4  11.0   1.6
  1.9  46.0  59.0   2.0
  2.8  46.1  70.8   1.9
  2.5  46.5   5.6   2.0
  1.0  13.1  69.2   1.9
  4.9  38.4  31.9   1.5
  3.5  44.8  18.5   2.4
  4.8  48.5  67.0   1.6
  4.9  15.7  19.1   2.0
  2.1  32.7  77.4   1.9
  1.8  30.4  41.8   2.5
  3.4  43.8  11.4   1.5
  2.0  23.7   6.0   2.3
  3.2  39.5  23.8   2.3
  2.8  31.5  83.5   1.9
  1.6  14.3  27.4   2.2
  3.7  48.0  73.6   2.0
  1.4  25.2  73.5   2.4
  3.6  31.7  63.2   2.2
  4.7  42.3  22.2   2.5
  2.2  49.0  80.4   1.8
  3.7  28.8  13.2   1.7
  1.7  37.1  13.5   2.5
  2.9  21.2  84.7   2.3
  4.8  41.0  90.7   1.6
  1.8  46.7  34.7   1.9
  1.1  11.9  92.0   2.2
  3.0  12.3  10.0   1.6
  3.0  38.3  33.1   1.8
  4.2  15.6  23.0   1.7
  4.6  49.6  91.7   1.9
  3.7  36.4  26.2   1.9
  1.1  36.5  94.5   2.1
  1.3  43.6  46.2   1.7
  1.6  48.9  71.5   1.9
  3.7  37.0  65.9   2.0
  4.7  47.4  53.5   1.8
  1.1  20.0  89.7   1.8
  3.6  37.9  35.1   2.2
  4.4  20.3  52.0   1.7
  3.5  49.9  11.1   2.2
  1.3  20.6  31.3   2.1
  3.6  48.7  71.0   1.7
  2.0  12.6  22.1   1.6
  3.0  42.5  17.4   2.3
  1.8  12.0  72.4   1.7
  4.8  23.5  23.4   2.3
  1.5  21.2  76.7   2.1
  2.8  13.3  40.0   2.4
  4.7  11.2  22.6   2.1
  3.4  21.0  64.1   2.3
  4.4  36.0  16.8   2.3
  3.5  21.9  89.6   2.1
  4.9  27.7  20.8   1.8
  3.4  29.5  25.8   1.6
  1.8  34.5  81.6   2.2
  3.6  15.3  75.3   1.9
  3.0  22.6  59.5   2.2
  1.7  33.0  77.0   1.6
  2.6  48.9  58.8   2.2
  4.4  25.3  86.1   1.6
  3.3  46.7  25.6   2.3
  4.8  17.2  83.2   1.7
  2.2  36.4  58.9   2.0
  2.7  45.0  68.3   2.4
  4.5  27.3  64.7   2.3
  3.9  42.8   6.5   1.9
  2.7  25.4  63.2   2.1
  1.1  40.3  22.9   1.9
  2.1  35.2  88.2   2.3
  1.9  20.1  55.7   2.1
  1.7  44.1  51.3   2.1
  3.7  32.1  87.7   1.8
  1.4  10.5  35.4   2.5
  1.3  25.5  27.7   2.4
  2.8  10.1  50.2   2.4
  2.2  11.7  49.6   1.5
  2.8  24.1  31.6   1.8
  1.2  37.3  70.2   2.0
  1.6  23.2  29.6   2.0
  3.3  20.4  85.7   2.2
  2.8  29.6  32.4   1.6
  3.8  39.4  55.4   2.0
  4.0  14.0   8.8   2.3
  1.8  11.7  64.6   1.8
  3.7  48.6  75.3   2.0
  3.9  23.2  11.7   2.4
  3.9  38.2  55.9   2.0
  3.0  17.1  46.3   2.4
  3.7  22.2  51.0   2.1
  4.6  33.1  85.6   2.5
  4.0  46.7  75.8   2.3
  2.5  34.0  17.2   1.9
  1.6  33.4  88.3   2.4
  2.0  12.2  53.7   2.4
  1.4  39.8  89.7   1.8
  1.0  27.8   7.2   2.3
  3.8  30.8  92.3   1.7
  4.3  12.7   9.5   1.6
  5.0  33.8  39.7   2.1
  2.1  35.6  12.0   1.5
  2.0  30.0  20.0   1.5
  4.1  30.3  57.7   2.3
  1.0  24.7  55.1   2.4
  3.2  39.2   9.9   1.7
  1.2  13.3  14.5   2.4
  1.9  26.6  77.4   2.4
  2.7  27.2  81.2   2.2
  2.9  23.6  35.7   1.6
  1.3  43.2  80.5   2.4
  3.3  40.1  67.2   2.0
  2.8  28.9  28.3   2.0
  4.8  21.5  50.9   2.1
  3.2  19.0  19.8   2.0
  3.7  27.7  74.0   2.2
  2.5  39.0  47.6   2.4
  4.6  16.2  24.0   2.5
  2.2  15.1  66.4   1.6
  3.8  26.8  36.0   1.8
  3.5  43.8  60.0   1.7
  3.9  18.0  57.0   1.8
  2.6  23.1  23.0   2.5
  4.3  32.8  45.0   1.8
  4.3  36.6  86.3   2.4
  2.4  14.8  93.7   1.5
  3.8  47.7  22.6   2.5
  2.2  27.2  39.2   1.8
  1.7  15.2  93.4   2.1
  1.4  14.3  19.4   1.8
  4.1  46.7  27.3   1.9
  3.8  34.3  59.0   2.2
  3.6  10.6  64.8   1.8
  3.2  23.7  31.8   2.2
  4.3  20.4  25.9   2.2
  4.5  30.3  78.9   1.5
  3.0  43.0  78.2   2.0
  2.2  36.1  40.4   1.6
  4.2  42.1  46.6   2.0
  4.8  15.2  40.8   2.0
  1.7  45.1  92.3   2.4
  3.3  45.7  27.6   2.1
  2.0  12.1  85.5   1.7
  2.6  14.0  32.5   2.4
  2.0  40.9  69.3   1.6
  3.1  29.4  64.0   1.5
  4.6  45.0  68.6   2.1
  3.0  30.9  37.3   2.0
  4.0  39.5  23.5   1.8
  1.1  34.4   7.9   2.3
  4.2  21.4  13.7   2.3
  2.5  43.6  19.6   2.1
  4.7  40.8  59.2   2.0
  4.9  21.8   5.8   2.3
  2.7  39.1  43.6   1.5
  4.2  38.3  75.5   2.3
  2.8  12.3  19.7   2.0
  2.8  23.8  79.0   1.5
  2.8  14.7  19.8   2.1
  2.4  17.8  82.7   2.1
  2.6  44.5  36.2   2.4
  1.2  34.4  25.9   1.9
  4.5  13.7  50.8   2.2
  1.9  48.2  42.8   2.5
  3.7  39.2  66.2   2.4
  4.9  38.2  45.5   2.0
  4.3  13.7  37.4   2.5
  3.4  49.3  29.8   1.7
  1.3  47.9  56.2   2.2
  2.4  32.5  22.6   1.6
  1.8  34.1  59.3   1.7
  3.4  32.9  40.8   2.5
  1.1  31.7  17.3   2.2
  3.1  12.1   6.4   2.1
  3.3  11.9  35.7   2.2
  2.9  10.7  77.4   1.8
  3.8  40.4  87.9   1.5
  2.4  36.9  24.3   1.8
  3.9  17.3  81.6   2.0
  1.8  25.0  18.1   1.5
  3.3  12.7  67.2   1.5
  1.6  33.6  79.2   2.2
  1.9  40.5  29.1   1.7
  3.8  33.8  81.6   2.4
  4.4  12.1  15.4   1.7
  1.7  15.4  74.1   1.6
  2.4  48.3  13.3   1.9
  4.1  27.2  82.1   2.0
  1.9  39.3  63.1   2.3
  1.4  17.6  71.7   2.4
  4.6  48.3  29.7   1.7
  2.9  18.7  33.6   2.4
  1.6  47.9  91.3   1.9
  4.1  19.1  78.2   1.9
  3.7  19.3  75.8   2.0
  1.2  30.2  90.0   2.2
  2.0  25.2  49.8   1.5
  2.3  40.2  92.7   1.9
  3.5  47.9  33.9   2.1
  1.6  15.7  62.0   2.3
  4.3  16.0  78.6   2.2
  3.5  33.5  25.4   1.8
  4.1  45.0  33.5   1.5
  1.5  29.4  54.3   1.9
  4.9  13.8  18.4   2.0
  4.9  41.8  82.5   2.2
  1.2  26.5  10.7   2.1
  3.4  12.8   7.8   1.5
  3.7  10.8  21.5   2.0
  2.7  31.5  21.4   1.9
  3.9  32.8  33.4   2.5
  5.0  35.2  23.2   2.1
  5.0  12.5  68.0   2.2
  4.6  29.0  39.6   1.7
  3.9  11.4  30.2   2.3
  3.7  14.1  13.0   2.1
  4.9  26.7  62.0   2.4
  3.8  33.4  77.8   1.7
  3.5  39.6  77.5   1.7
  3.1  22.5  13.3   2.4
  1.3  11.4  30.9   1.6
  2.9  48.6  69.8   2.5
  2.8  14.0  54.2   2.4
  3.1  30.0  90.6   1.9
  1.8  39.8  22.8   2.1
  4.8  43.6  55.2   1.9
  2.0  43.2  56.8   1.8
  2.6  32.4  62.1   1.9
  4.6  46.0  77.6   2.3
  2.0  46.9  59.6   1.6
  1.0  42.4  79.4   2.2
  3.9  29.9  73.7   1.6
  1.8  11.1  14.0   1.6
  1.3  23.8   7.1   2.4
  1.5  38.3  90.1   2.5
  1.7  45.6  65.8   2.2
  3.9  30.7  33.6   2.0
  2.8  39.4  49.5   2.2
  2.8  14.5  80.6   2.1
  3.0  14.3  79.5   2.4
  2.4  28.1  76.9   1.7
  2.6  28.6  79.4   1.8
  3.7  49.8  80.5   2.5
  4.3  32.0  44.6   1.6
  1.8  41.6  58.7   1.8
  1.2  31.0  88.9   1.9
  4.7  49.8  89.3   1.9
  2.7  31.1   9.0   2.2
  4.1  37.1   5.1   2.4
  3.0  31.6  92.7   1.8
  3.6  35.0  70.7   2.2
  3.0  44.7  80.0   2.3
  4.3  31.6  29.7   2.4
  3.9  38.9  88.0   2.1
  3.1  22.4  85.9   1.6
  3.2  21.8  46.0   2.4
  4.6  48.2  15.6   2.3
  3.0  38.3  64.7   1.6
  2.1  30.0  56.8   1.7
  1.4  29.5   9.3   2.0
  1.2  14.0  90.8   2.1
  1.8  30.5  16.6   1.7
  4.4  48.1  60.9   1.8
  1.4  22.8  87.5   2.3
  1.2  25.7  50.0   1.6
  4.8  46.4  60.9   2.1
  1.4  12.2  68.4   2.4
  2.0  23.4  40.5   1.7
  3.5  12.2  55.0   2.0
  3.3  15.7  18.0   2.4
  4.1  38.6  86.0   1.7
  3.1  30.9  76.0   2.0
  1.0  31.0  46.8   2.2
  1.7  22.8  54.1   1.5
  2.8  44.7   9.6   2.1
  2.0  47.8  90.6   1.9
  2.6  48.7  92.7   2.5
  2.1  27.8  47.4   1.9
  3.9  42.7  91.4   1.8
  1.1  37.4  74.7   2.2
  3.8  13.8  16.3   2.3
  2.8  34.3  67.1   2.4
  1.3  37.4  63.0   2.2
  1.5  34.6  37.7   1.8
  2.3  23.5  50.4   2.1
  4.8  49.5  31.5   1.8
  4.7  41.1  83.7   1.5
  2.7  44.5  17.4   2.2
  3.5  17.0  71.8   2.1
  1.6  48.5  54.4   2.1
  3.2  43.4  67.2   2.0
  1.8  33.4  49.3   2.1
  4.1  43.1  83.9   2.1
  3.9  11.7  39.3   2.5
  1.4  17.7  41.3   2.3
  1.4  32.1  38.3   1.9
  1.3  48.6  43.3   2.5
  2.4  37.5  34.5   1.6
  1.5  18.2  60.1   2.2
  1.5  33.0  20.0   2.4
  3.0  27.1  49.0   2.3
  1.6  11.7  47.3   2.4
  1.2  24.7  75.5   1.9
  1.0  38.1  66.3   2.0
  2.1  33.6   6.4   2.2
  2.0  49.0  49.7   2.2
  2.4  35.3  53.2   1.5
  2.2  11.8   8.4   2.2
  3.2  47.7  43.9   2.5
  3.0  28.6  86.0   1.5
  1.5  49.4  47.7   1.5
  1.4  28.6  55.7   1.7
  4.8  46.2  13.4   2.0
  2.4  47.0  19.2   1.7
  2.0  14.4  46.5   2.4
  1.2  29.2  73.1   2.0
  2.1  27.3  25.6   2.4
  4.2  34.9  92.8   2.5
  4.4  44.6  18.5   2.0
  4.1  35.8  71.8   2.4
  4.2  36.6  50.5   1.5
  4.8  37.3  62.9   2.1
  4.6  26.0  51.7   2.5
  3.5  13.8  66.5   2.1
  4.2  14.2  89.2   2.0
  1.8  11.0  43.0   2.3
  4.2  29.2  13.3   2.2
  3.3  22.0  84.7   1.5
  5.0  29.0  17.3   2.1
  1.5  42.4  77.4   2.0
  4.2  31.3   8.0   2.4
  3.0  29.7  64.7   2.3
  1.5  20.4  14.0   2.4
  4.7  36.6  63.7   1.9
  3.2  37.7  37.2   1.6
  1.1  45.8  53.8   1.8
  4.8  29.1  65.4   2.3
  4.7  13.7  77.5   1.6
  2.3  17.0  21.7   1.7
  1.3  21.9  85.9   1.8
  3.3  17.5   6.7   1.7
  2.4  32.4  74.7   2.4
  2.0  26.2  58.8   1.5
  1.7  36.7  12.4   1.7
  4.4  33.2  66.8   1.9
  4.6  22.1  19.9   2.0
  2.6  43.2  18.4   1.9
  1.9  13.7  48.8   2.2
  1.1  40.4  70.5   1.6
  4.7  11.0  47.9   1.7
  3.9  31.9  95.0   2.3
  2.5  15.2  49.3   1.9
  2.5  21.9  44.2   1.7
  1.1  15.0  14.3   2.4
  2.2  42.9  89.1   2.2
  3.0  36.1  71.2   2.3
  2.3  38.5  55.5   1.9
  3.2  10.3  24.1   1.7
  1.2  33.8  16.9   2.3
  1.6  34.4  39.3   1.5
  2.8  13.3  91.9   2.5
  2.4  24.4  93.0   1.8
  4.1  42.9  30.6   1.7
  4.7  23.3  56.0   1.5
  3.8  28.7  20.2   2.2
  2.6  46.4  88.4   2.4
  1.3  47.9  82.5   2.3
  4.1  23.9  10.0   2.3
  1.5  49.5   6.2   2.2
  1.7  33.0  78.0   2.3
  2.6  43.3  11.6   2.4
  5.0  19.3  20.0   2.1
  1.3  26.2  87.0   1.8
  2.3  16.0  28.4   2.3
  4.8  36.0   6.3   2.3
  4.0  34.0  16.9   1.8
  4.3  11.5  74.3   1.6
  3.3  27.5  53.3   2.2
  4.2  17.7  19.4   1.9
  3.6  20.6  16.8   2.2
  4.8  27.0  92.8   2.1
  2.9  13.5  34.2   2.2
  4.7  23.4  11.4   1.8
  5.0  19.7  31.1   1.9
  2.1  29.0  94.1   2.1
  2.5  14.5  37.5   2.1
  1.8  33.2  18.4   1.5
  4.7  45.8  83.6   1.5
  2.6  24.6  49.5   1.7
  3.6  36.8   9.2   2.5
  4.8  39.7  85.0   1.9
  3.4  21.1  30.7   2.3
  2.1  40.4  11.6   2.1
  3.0  40.4  18.0   2.3
  3.9  20.5   8.3   2.1
  1.7  44.9  19.8   1.9
  1.8  32.1  35.1   1.9
  2.1  18.6  90.7   2.4
  1.9  24.9  92.5   1.7
  4.1  27.4  45.8   2.4
  4.5  14.6  90.9   1.9
  2.2  15.9  75.2   1.7
  3.1  17.0  60.9   1.6
  1.2  41.9  20.5   1.9
  3.1  16.7  50.4   1.7
  4.7  33.3  57.5   2.0
  2.4  16.3  22.1   2.5
  1.1  49.7  90.7   2.1
  3.6  16.9  61.9   2.2
  4.3  31.1  33.5   2.2
  3.2  27.0  17.5   2.3
  3.7  46.0  94.5   1.7
  2.8  42.8  16.0   2.2
  3.6  25.6  62.2   1.9
  4.1  12.9  53.7   2.2
  1.5  49.1  33.0   1.8
  5.0  50.0  46.1   2.0
  4.4  25.7  89.6   1.8
  4.9  48.8  10.5   1.9
  2.6  33.9  49.8   1.6
  1.5  10.1   6.8   1.6
  1.0  15.9  15.9   2.1
  2.8  13.3  92.8   2.1
  2.1  14.8  86.0   2.0
  3.5  14.1  46.8   2.4
  3.5  42.5  14.0   2.5
  4.7  29.6  68.5   2.0
  4.3  34.9  51.9   1.8
  4.5  13.7  93.4   2.0
  2.2  43.5  61.2   1.9
  2.4  13.0  60.4   2.0
  3.5  22.2  90.0   2.0
  2.8  24.7  63.4   2.3
  1.1  38.2  52.1   2.1
  1.5  35.6  69.6   2.3
  5.0  10.2  82.4   1.6
  1.8  24.6  19.3   1.6
  3.4  32.9  28.2   2.4
  4.5  43.0  62.2   1.7
  1.1  41.7  27.7   2.4
  3.7  27.2  21.4   1.8
  2.5  26.1  12.6   1.7
  4.0  32.6  70.7   1.9
  2.4  40.3  54.0   1.6
  1.6  38.2  64.6   2.4
  2.2  34.4  93.4   2.1
  2.4  15.4  12.1   1.7
  1.6  41.6  14.0   2.4
  2.6  17.3  91.0   2.1
  2.4  31.7  28.5   1.7
  3.9  19.6  79.7   1.5
  4.3  16.3  22.0   2.4
  1.2  16.1  59.1   2.2
  4.1  44.8  62.9   1.7
  1.4  33.3  58.8   2.0
  4.8  26.8  33.6   2.5
  3.8  38.8  45.5   2.0
  2.5  47.1  55.7   2.1
  4.2  25.7  54.0   2.3
  2.1  43.0  39.0   2.2
  1.6  23.4  21.3   2.4
  4.5  13.1  87.3   2.0
  3.9  18.9  43.0   1.7
  2.2  15.1  92.5   1.7
  2.5  19.8  72.9   2.4
  4.8  27.0   9.7   1.7
  2.6  17.0  25.8   2.0
  3.9  20.5  93.1   2.5
  3.4  17.6  81.3   2.2
  3.7  16.5  32.9   1.7
  3.3  28.1  18.5   1.6
  1.5  40.3  83.0   1.7
  3.3  10.9   8.9   1.7
  2.6  13.0  13.2   1.7
  4.8  20.4  62.1   1.6
  4.7  33.4  43.2   2.2
  1.4  32.5  49.4   2.3
  2.9  46.4  14.4   2.1
  1.2  36.9  68.8   1.7
  3.9  33.3  66.7   2.0
  3.1  17.5  88.6   1.8
  4.5  14.8  15.9   2.2
  2.1  21.2  15.7   2.4
  4.5  41.3  15.6   2.0
  2.9  13.5  69.5   2.4
  1.2  17.2  79.3   1.8
  4.1  39.8  45.3   1.6
  2.0  23.6  73.5   1.7
  3.3  28.4  88.6   2.3
  1.0  24.8  49.2   1.7
  4.7  13.4  62.3   2.4
  1.7  37.4  41.3   2.1
  1.9  15.9  37.0   2.3
  2.0  44.2  30.3   2.4
  2.1  30.0   9.3   1.5
  2.9  17.0  44.2   2.0
  4.9  34.0  70.7   2.2
  4.5  29.5  40.4   1.9
  4.1  24.1  86.7   2.3
  4.4  36.7   5.1   2.1
  2.5  24.9  73.9   1.7
  4.2  36.2  81.8   1.6
  3.6  11.5  38.4   2.3
  1.8  23.9  25.6   1.7
  3.7  26.4  92.8   1.9
  4.8  44.8  60.5   1.9
  1.6  34.4  76.6   1.8
  4.0  17.9  92.3   2.1
  4.2  17.6  88.1   1.9
  3.6  10.0  76.6   2.3
  2.1  48.0  57.4   2.5
  3.3  48.7  35.6   2.1
  2.1  23.4  77.2   2.1
  1.6  23.6  74.4   1.7
  3.2  47.2  59.9   2.1
  3.5  20.3  41.4   1.6
  4.4  40.2  63.9   2.4
  2.2  48.6  80.1   2.0
  4.8  32.7  78.8   2.0
  3.6  36.8  73.2   1.6
  2.2  42.3  74.0   1.8
  2.8  27.3   6.6   1.6
  1.2  15.6  36.0   2.3
  4.4  31.5  92.7   1.9
  2.3  47.9  32.5   1.9
  4.7  24.8  90.7   1.6
  1.9  27.0  78.8   1.9
  3.0  39.8  28.4   2.0
  2.3  42.0  87.3   1.9
  1.3  34.5  84.6   1.6
  1.6  19.5  21.2   2.5
  4.3  12.7  18.0   1.7
  4.8  35.2  18.4   1.9
  1.4  15.2  22.8   1.8
  4.6  43.0  58.4   1.8
  4.4  28.3  65.3   1.7
  2.5  12.6  35.1   2.3
  3.6  34.7  22.1   1.8
  2.3  32.7  45.3   1.6
  3.1  12.1  33.6   1.8
  2.1  16.7  37.3   1.8
  1.6  39.0  78.0   2.2
  4.8  42.1  57.0   1.9
  4.2  16.0  17.9   1.5
  1.5  26.8  83.7   1.9
  1.4  35.6  56.1   1.8
  1.8  11.3  17.8   2.4
  2.1  29.3  15.7   2.1
  2.9  18.7  41.6   1.5
  2.0  22.5  25.4   2.1
  4.3  29.3  16.6   1.9
  2.6  49.3  32.9   1.9
  2.4  40.6  82.5   1.7
  2.5  34.8  42.7   2.0
  2.5  17.8  46.8   2.1
  3.8  41.9   8.0   2.2
  2.7  15.1  84.5   2.1
  2.0  42.5  89.5   1.6
  4.4  42.7  74.8   1.6
  1.9  22.1  10.4   1.5
  3.1  44.2  87.8   1.8
  2.4  30.5  28.1   2.2
  2.0  47.4  94.7   2.1
  2.3  41.9  73.0   1.7
  4.6  48.5  79.8   1.9
  4.2  38.7  21.7   2.4
  1.5  43.2  61.5   2.5
  2.9  48.3  80.2   2.4
  1.2  49.6  39.2   2.4
  1.7  24.6  55.2   1.8
  4.0  16.5  69.2   1.7
  1.5  12.2  69.4   1.5
  4.9  44.8  85.5   2.4
  1.1  12.3  22.2   1.5
  2.7  11.5   5.1   1.5
  1.9  44.6  20.7   1.7
  2.3  16.2  67.2   2.1
  3.0  42.3  79.5   1.9
  3.3  48.4  85.8   1.6
  1.8  22.8  43.3   2.4
  3.9  14.6  24.6   2.5
  2.2  29.4  81.7   1.8
  2.2  30.1  64.9   1.6
  3.5  23.5  37.6   2.0
  1.9  13.7  81.6   1.8
  1.1  18.7  74.1   1.5
  1.3  32.1  40.4   2.0
  4.9  42.9  60.2   2.3
  5.0  30.3  88.3   2.2
  3.6  44.0  25.3   2.4
  1.7  11.1  11.5   1.9
  3.9  37.9  57.4   1.6
  2.3  34.8  40.4   1.8
  4.7  26.1  75.7   2.1
  2.1  19.9  42.1   1.6
  1.2  22.5  57.0   1.9
  1.9  15.6  22.5   2.5
  4.6  19.6  59.1   1.7
  2.0  12.2  18.1   1.8
  4.1  34.3  61.5   1.7
  4.3  30.2  43.1   2.2
  3.3  39.5  85.8   2.3
  1.6  45.0  55.9   2.2
  3.3  47.3  66.9   2.1
  3.1  32.5  64.7   2.0
  2.5  35.1  85.0   1.7
  1.0  17.6  70.4   2.2
  4.5  14.8  41.2   2.4
  4.9  21.5  66.0   2.3
  1.6  35.9  36.0   2.2
  4.7  38.0   5.5   1.9
  4.0  38.4  72.1   2.3
  3.8  26.5  42.8   1.6
  5.0  34.1  72.1   1.5
  1.6  48.4   7.3   2.3
  3.6  37.3  17.3   2.4
  4.1  24.3  11.6   2.3
  1.2  10.7  88.5   2.2
  2.9  28.3  46.3   1.8
  2.0  23.1  54.7   2.5
  4.2  34.4  45.6   2.0
  1.5  12.4  85.4   1.6
  2.5  39.5  64.7   1.7
  2.3  37.6  54.8   2.0
  3.7  17.8  65.4   2.1
  4.5  29.5  56.1   2.4
  2.6  38.6  45.8   1.6
  2.8  31.5  58.5   2.2
  1.3  21.5  13.5   1.9
  3.7  27.5  32.7   1.8
  1.0  24.0  44.6   1.6
  4.8  10.0  69.6   1.9
  1.5  34.6  84.3   2.1
  3.6  15.8  21.6   2.2
  2.9  10.8  24.6   1.6
  2.9  33.7  86.7   1.6
  2.0  16.7  38.4   2.1
  4.9  19.2  46.5   1.5
  1.1  12.3  57.0   2.2
  1.8  43.8  88.0   1.8
  3.5  47.9  32.7   1.9
  2.1  12.1  23.3   1.6
  1.1  40.0  72.3   2.2
  3.0  49.3  63.3   1.9
  1.9  17.4  37.1   2.5
  2.5  49.9  40.6   1.7
  1.8  32.9  29.0   2.4
  2.1  23.2  73.3   2.3
  2.2  48.9  13.0   2.2
  2.2  43.9  10.3   2.1
  3.2  40.7  51.1   1.7
  1.5  10.0  50.8   1.8
  4.0  46.3  58.2   1.8
  3.8  49.9  72.1   2.4
  3.3  38.7  55.6   2.0
  4.0  49.6  30.0   1.7
  3.9  45.8  79.5   2.1
  3.8  28.0  36.4   2.2
  4.2  19.8  32.8   2.3
  1.5  30.5  13.5   1.5
  3.6  32.7  79.1   2.1
  3.9  42.1  51.6   1.6
  4.9  41.8  86.2   2.0
  4.5  37.5  53.9   2.3
  4.5  18.7  86.7   2.3
  2.6  21.1  84.3   2.4
  1.3  49.0   6.9   1.5
  2.0  44.2  74.3   1.6
  3.1  12.6  28.7   1.6
  3.7  30.8  57.3   1.8
  4.5  48.8  85.1   2.3
  3.1  24.9  13.4   2.1
  4.1  35.6  52.3   2.3
  4.4  44.0  36.9   1.6
  2.1  24.7  48.5   2.0
  3.5  26.0  64.4   2.3
  3.7  29.3  70.9   1.8
  4.5  25.5  17.4   2.3
  2.4  35.5   7.8   1.9
  3.0  43.6  17.2   2.3
  3.0  20.2  10.0   2.0
  4.5  24.9  45.6   1.6
  1.8  28.5  76.4   1.7
  2.6  30.5  45.5   1.6
  1.7  24.2  78.0   1.5
  1.5  35.0  62.2   1.7
  3.8  40.5  11.7   1.6
  1.7  36.9  27.8   1.6
  3.1  45.8  91.5   2.1
  2.4  14.0  77.1   2.1
  1.9  23.1  80.9   1.9
  3.3  39.2  12.0   2.3
  3.6  13.9  81.7   1.7
  1.9  27.4  63.5   2.4
  3.9  42.8  94.3   2.4
  1.3  13.4  34.5   2.2
  1.3  32.8  41.7   2.2
  2.0  28.2  31.9   1.7
  2.5  24.8  40.9   2.2
  4.8  27.6  32.7   2.0
  2.6  46.0  15.0   1.7
  1.7  19.2  63.7   2.2
  4.1  32.1  71.4   1.8
  3.7  39.4  82.1   2.1
  2.8  29.0  93.9   2.4
  2.7  41.8  88.2   2.3
  2.1  34.0  25.2   1.6
  3.0  36.0  81.4   2.0
  2.6  35.8  44.9   2.4
  1.0  32.7  21.1   2.3
  1.0  31.9  61.2   2.1
  4.9  21.9  32.9   1.5
  4.8  12.1  36.1   1.9
  4.1  20.9  93.8   1.7
  3.4  20.7  20.9   2.3
  2.1  45.3  36.0   2.3
  2.5  39.9  87.0   1.9
  4.0  44.7  77.8   2.3
  4.0  48.9   5.1   2.3
  4.1  30.5  27.3   1.7
  3.3  30.7  46.6   2.2
  4.0  34.1  18.2   1.5
  5.0  42.0  93.9   2.1
  2.2  14.4  14.5   1.7
  5.0  15.7  72.0   1.9
  3.6  13.6  90.6   2.2
  1.4  13.4  41.8   1.9
  1.5  33.3  73.2   1.9
  1.5  13.6  76.7   2.1
  2.4  16.3  83.8   2.4
  2.5  40.0  29.9   1.8
  2.6  30.4  78.0   1.5
  3.8  47.5  91.0   1.7
  3.9  39.3  84.6   1.9
  1.4  14.7  67.8   2.1
  4.2  47.1  39.3   2.0
  2.2  15.3   5.4   1.7
  3.4  36.0  33.8   1.9
  2.1  12.8  70.7   2.4
  4.1  29.8  83.5   1.8
  1.5  49.6  24.0   1.5
  2.9  38.4  81.0   2.4
  1.7  44.8  70.4   1.8
  2.2  19.0  87.8   2.3
  4.7  29.2  70.5   1.9
  3.8  13.5  16.6   2.1
  4.5  43.2  63.2   2.5
  3.3  45.5  75.5   2.5
  4.6  10.6  20.3   1.5
  2.1  33.8  43.6   1.7
  4.8  22.6  14.1   1.7
  2.8  14.5  11.6   2.1
  2.3  42.7  26.0   2.3
  3.3  31.3  73.4   1.8
  1.7  27.6  75.0   2.4
  2.9  31.7  19.1   2.3
  2.6  17.3  52.8   1.5
  3.5  22.9  71.9   2.1
  3.1  16.6  23.1   1.6
  1.2  30.0  27.4   1.8
  3.9  49.8  20.0   1.9
  2.7  34.6  40.7   2.2
  2.3  20.3  92.6   1.8
  1.3  19.8  21.3   2.1
  5.0  22.1  42.4   2.1
  4.2  29.2  86.2   2.0
  2.8  29.4   8.7   1.6
  1.8  17.2  84.9   2.1
  3.8  13.8  54.7   2.0
  2.2  11.4  17.4   2.1
  4.8  45.0  40.7   1.8
  1.1  26.8  85.6   2.2
  2.6  21.6  55.0   1.7
  2.2  24.0  69.1   1.9
  2.8  40.8  25.1   1.8
  4.5  24.4  64.0   2.4
  2.9  37.3  34.5   1.8
  1.4  46.8   7.9   2.2
  3.9  33.0  19.7   2.5
  3.4  43.5  74.2   1.9
  2.5  16.8  13.3   1.8
  2.4  33.4  31.4   2.3
  4.5  46.7  87.1   1.9
  2.7  44.0  77.5   1.7
  4.4  17.1  61.4   1.6
  2.2  36.1  24.3   2.0
  3.4  13.8  36.7   1.7
  1.6  31.6  23.0   2.3
  5.0  48.5  15.9   2.2
  1.3  42.6  38.3   2.1
  2.4  31.8  78.0   1.8
  1.5  16.4  94.3   2.3
  2.0  42.8  15.6   2.4
  4.1  18.3  49.5   2.5
  1.6  29.3  38.9   2.1
  1.5  48.8  19.3   2.1
  4.9  13.2  54.4   2.5
  1.8  23.2  78.6   2.4
  1.4  37.3  93.5   1.8
  1.1  20.2  78.1   1.7
  3.6  24.9  20.4   2.3
  4.7  39.0  46.0   2.2
  4.4  42.2  86.3   2.3
  4.4  24.1  87.0   1.7
  1.5  29.7  88.4   1.8
  4.7  24.4  32.7   2.0
  2.0  23.8  37.7   1.5
  2.6  20.6  83.8   1.9
  2.8  17.7  31.9   2.2
  3.0  20.0  59.8   2.3
  4.0  24.4  41.9   2.2
  1.8  48.4   7.6   2.3
  3.3  12.4  46.6   1.9
  4.3  42.5  76.2   2.2
  3.6  31.7  14.4   2.3
  1.9  20.8  10.2   1.5
  3.6  29.1  79.1   2.4
  1.1  46.0  14.8   2.4
  4.1  46.9  89.4   1.6
  4.6  17.5  73.0   1.6
  1.2  49.4  52.4   2.0
  1.7  14.0  26.1   2.4
  2.7  25.5  53.0   1.6
  4.3  25.0  89.8   1.7
  2.5  35.8  31.1   1.8
  5.0  17.0  28.8   2.4
  2.1  38.6  54.6   2.3
  3.2  35.2  75.3   2.1
  4.9  47.9  47.2   2.3
  2.3  27.7   7.5   1.6
  3.4  38.8  85.6   1.7
  1.2  49.1  11.9   2.5
  1.3  32.3  24.0   2.2
  1.6  39.3  84.9   1.9
  1.7  36.9  43.3   1.5
  4.3  41.3  84.7   2.4
  3.5  20.1  94.7   2.2
  4.1  45.4  55.4   1.7
  2.8  17.6  39.4   2.2
  2.0  17.4  87.5   2.4
  4.7  14.3  65.3   1.9
  3.9  21.7  50.0   2.1
  3.2  47.5  93.4   1.5
  1.5  11.3  36.8   1.9
  3.6  12.4  75.6   1.5
  2.2  38.3  50.3   1.9
  2.7  41.4  35.9   1.8
  3.7  38.2  65.7   1.8
  1.5  48.2  92.4   1.6
  3.5  44.6  65.6   2.0
  2.4  34.4  70.7   2.5
  3.8  32.6  45.3   2.5
  4.6  42.6  27.3   1.8
  2.6  39.9  18.3   1.8
  3.3  16.6  78.5   2.0
  4.3  16.8  93.6   2.3
  2.7  29.3  47.0   1.9
  3.3  47.2  26.3   1.7
  3.7  17.8  87.1   2.2
  3.0  41.6  30.2   2.4
  1.6  34.9  62.0   2.2
  3.3  28.7  54.4   2.4
  2.1  39.7  81.0   2.1
  3.6  17.1  26.0   2.0
  2.7  46.7  84.2   1.8
  3.5  27.6  47.6   2.3
  2.2  33.3  57.0   1.8
  2.1  31.7  55.6   1.6
  1.9  43.3  28.5   2.2
  1.9  48.1  60.9   1.7
  1.4  12.0  73.9   1.5
  5.0  47.6  85.2   2.5
  3.7  10.5  68.8   1.9
  1.7  40.7  87.2   1.5
  2.8  41.2  18.6   2.4
  1.8  45.7  20.3   1.6
  4.7  25.1  81.2   1.7
  2.4  16.3  78.6   2.0
  1.3  39.5  15.6   2.2
  4.0  34.9  14.8   1.7
  4.7  21.1  22.3   1.6
  4.5  18.6  12.9   1.7
  2.8  46.5  91.6   1.6
  0.2   0.3   0.4   0.2   0.3   0.3   0.3   0.3   0.2   0.2   0.2   0.4   0.3   0.4   0.2   0.4   0.4   0.4   0.4   0.3   0.2   0.2   0.4   0.2   0.3   0.2   0.2   0.3   0.3   0.3   0.4   0.2   0.4   0.3   0.3   0.2   0.4   0.3   0.3   0.4   0.3   0.2   0.2   0.4   0.2   0.3   0.4   0.3   0.3   0.3   0.3   0.2   0.3   0.3   0.2   0.3   0.3   0.4   0.3   0.2   0.3   0.4   0.3   0.4   0.3   0.3   0.3   0.3   0.3   0.4   0.2   0.4   0.2   0.3   0.4   0.2   0.3   0.4   0.2   0.4   0.4   0.3   0.2   0.3   0.4   0.3   0.4   0.3   0.3   0.3   0.3   0.3   0.3   0.2   0.3   0.2   0.3   0.3   0.2   0.3   0.3   0.4   0.3   0.2   0.4   0.3   0.3   0.2   0.3   0.3   0.2   0.2   0.3   0.3   0.4   0.4   0.3   0.3   0.3   0.2   0.2   0.3   0.3   0.2   0.2   0.3   0.2   0.3   0.4   0.2   0.4   0.4   0.3   0.3   0.2   0.2   0.2   0.4   0.3   0.4   0.3   0.2   0.3   0.4   0.3   0.2   0.2   0.3   0.2   0.3   0.4   0.4   0.3   0.2   0.3   0.3   0.3   0.3   0.4   0.3   0.4   0.2   0.4   0.2   0.3   0.2   0.4   0.4   0.3   0.4   0.3   0.3   0.4   0.2   0.3   0.4   0.4   0.3   0.4   0.4   0.2   0.3   0.3   0.4   0.3   0.2   0.4   0.3   0.4   0.2   0.2   0.3   0.2   0.3   0.3   0.3   0.3   0.2   0.3   0.3   0.4   0.4   0.3   0.2   0.3   0.4   0.3   0.3   0.3   0.3   0.2   0.3   0.3   0.4   0.2   0.3   0.2   0.2   0.4   0.4   0.4   0.2   0.3   0.3   0.3   0.4   0.2   0.3   0.3   0.3   0.3   0.2   0.4   0.2   0.3   0.2   0.4   0.2   0.3   0.3   0.4   0.4   0.3   0.3   0.3   0.3   0.3   0.3   0.2   0.3   0.4   0.3   0.3   0.3   0.3   0.4   0.4   0.4   0.3   0.3   0.3   0.3   0.2   0.3   0.4   0.3   0.4   0.4   0.3   0.3   0.2   0.4   0.3   0.4   0.4   0.3   0.3   0.2   0.3   0.4   0.3   0.4   0.3   0.2   0.2   0.4   0.3   0.3   0.2   0.3   0.3   0.3   0.3   0.3   0.4   0.2   0.4   0.3   0.3   0.4   0.3   0.3   0.4   0.3   0.3   0.3   0.3   0.2   0.3   0.4   0.3   0.3   0.3   0.4   0.3   0.2   0.2   0.3   0.3   0.2   0.4   0.3   0.3   0.3   0.2   0.2   0.2   0.3   0.4   0.3   0.4   0.4   0.3   0.4   0.3   0.3   0.2   0.4   0.3   0.3   0.4   0.3   0.2   0.3   0.2   0.3   0.3   0.2   0.3   0.3   0.4   0.3   0.3   0.3   0.3   0.3   0.3   0.3   0.4   0.3   0.3   0.2   0.3   0.4   0.3   0.2   0.4   0.3   0.3   0.4   0.3   0.3   0.4   0.2   0.3   0.3   0.2   0.2   0.3   0.4   0.4   0.3   0.3   0.3   0.4   0.2   0.3   0.4   0.4   0.2   0.3   0.2   0.3   0.3   0.4   0.2   0.3   0.2   0.3   0.4   0.2   0.2   0.3   0.4   0.3   0.2   0.2   0.2   0.2   0.3   0.4   0.3   0.4   0.3   0.4   0.4   0.3   0.2   0.3   0.4   0.3   0.3   0.3   0.4   0.3   0.3   0.3   0.2   0.3   0.3   0.4   0.3   0.3   0.3   0.4   0.2   0.3   0.3   0.3   0.2   0.3   0.3   0.2   0.2   0.4   0.3   0.3   0.4   0.3   0.3   0.3   0.2   0.3   0.4   0.4   0.3   0.3   0.3   0.2   0.2   0.3   0.3   0.4   0.3   0.2   0.2   0.3   0.3   0.2   0.3   0.3   0.2   0.4   0.4   0.2   0.3   0.4   0.2   0.3   0.4   0.2   0.3   0.3   0.3   0.2   0.3   0.2   0.4   0.3   0.3   0.4   0.2   0.2   0.3   0.3   0.3   0.3   0.4   0.3   0.3   0.3   0.4   0.3   0.2   0.4   0.3   0.3   0.3   0.2   0.3   0.2   0.4   0.2   0.2   0.3   0.3   0.2   0.3   0.3   0.4   0.3   0.3   0.3   0.4   0.2   0.3   0.3   0.4   0.4   0.3   0.3   0.3   0.2   0.4   0.3   0.4   0.3   0.3   0.3   0.3   0.3   0.2   0.3   0.4   0.4   0.2   0.4   0.2   0.2   0.4   0.2   0.3   0.2   0.4   0.3   0.4   0.2   0.2   0.2   0.4   0.3   0.3   0.3   0.3   0.3   0.3   0.2   0.4   0.3   0.3   0.2   0.3   0.3   0.4   0.3   0.3   0.3   0.3   0.3   0.4   0.3   0.4   0.4   0.3   0.2   0.2   0.2   0.3   0.4   0.3   0.2   0.3   0.3   0.4   0.4   0.2   0.3   0.4   0.3   0.2   0.2   0.4   0.3   0.2   0.3   0.3   0.2   0.3   0.2   0.4   0.2   0.4   0.3   0.4   0.4   0.2   0.4   0.4   0.3   0.4   0.2   0.3   0.3   0.4   0.3   0.4   0.3   0.2   0.3   0.3   0.2   0.4   0.3   0.2   0.4   0.4   0.2   0.3   0.4   0.3   0.3   0.2   0.3   0.3   0.3   0.3   0.3   0.4   0.4   0.4   0.4   0.2   0.4   0.4   0.4   0.3   0.2   0.2   0.4   0.3   0.2   0.3   0.4   0.2   0.3   0.2   0.3   0.3   0.4   0.4   0.3   0.4   0.3   0.4   0.4   0.3   0.3   0.3   0.3   0.4   0.3   0.4   0.4   0.2   0.3   0.3   0.3   0.2   0.3   0.4   0.3   0.4   0.2   0.4   0.3   0.2   0.3   0.2   0.2   0.3   0.2   0.2   0.4   0.2   0.3   0.3   0.3   0.2   0.4   0.4   0.3   0.2   0.4   0.3   0.3   0.2   0.3   0.2   0.3   0.3   0.4   0.3   0.3   0.4   0.4   0.3   0.3   0.3   0.3   0.3   0.3   0.4   0.2   0.3   0.3   0.2   0.2   0.3   0.3   0.2   0.3   0.3   0.4   0.3   0.3   0.3   0.4   0.3   0.4   0.2   0.4   0.2   0.4   0.3   0.4   0.2   0.2   0.4   0.4   0.3   0.4   0.4   0.3   0.3   0.3   0.3   0.4   0.2   0.4   0.2   0.4   0.2   0.3   0.3   0.3   0.3   0.3   0.4   0.3   0.2   0.2   0.2   0.3   0.2   0.3   0.2   0.3   0.3   0.4   0.3   0.3   0.4   0.3   0.4   0.2   0.4   0.3   0.4   0.4   0.2   0.2   0.3   0.3   0.3   0.3   0.3   0.3   0.4   0.3   0.2   0.4   0.4   0.4   0.3   0.3   0.3   0.3   0.3   0.3   0.2   0.3   0.3   0.3   0.3   0.3   0.4   0.4   0.4   0.3   0.3   0.3   0.3   0.4   0.3   0.3   0.2   0.3   0.3   0.3   0.3   0.2   0.3   0.4   0.4   0.3   0.3   0.2   0.3   0.4   0.4   0.4   0.4   0.4   0.3   0.2   0.2   0.4   0.2   0.4   0.4   0.4   0.3   0.3   0.3   0.4   0.2   0.4   0.3   0.3   0.2   0.3   0.2   0.2   0.3   0.4   0.4   0.3   0.3   0.3   0.3   0.3   0.3   0.2   0.4   0.4   0.4   0.2   0.3   0.3   0.3   0.3   0.3   0.3   0.3   0.3   0.3   0.3   0.2   0.2   0.2 
  115    47    69   161    47   151   125   122    56    19     2    33   113    97    96    82   118   157   163    37   115    99    17    82    21    54     4    42    20   153    86   146    89   103    85    33   153     2    68    80   120    78    90    97    39    43   151    77    65    80    84    50   102    19   119   128   145   143   106   142    10    29   169    54    19    64   139    46    11    12   158    75    73    60     7   155    41   160    15   131    10   105   116   131   108   117     2   121   120   136    82    95    62    10    93    40    94   121    99    75   139   123    99   161   135   132    25    68   118   136    36   143    47    12    47   128   167    57    21   148    16     2   108   145    88   154    41    41    24   167   124    15   144    65    52    34    45   153    80     5    52   170    51   130    96   174   172    13     9   175    45    71    84   119   116   105    45    86   129    92    68     2   141     7   145     4    80    49    87   174    18   116   174    87    69    97    22    31    43    35   175   103   156   178    77   117   120    55    30   119   128   150    58    42   126    56   127    19    52   165   143    79   139    44   133    43   136    35   163    27   122    25   129   121    15   130    43   101    79   155    51   173    18    38   146   164     1   167     1    25     1   116    19    75   179   161    34     5    38   137   160     7   159    77   113    87   139    97    82    17   167    52     3    79   165    87    63    43    82    78    39    36    48    34    86   118   141   151   176   127    48    92    99    70    98   107    27    45   140    48   152   112    94    25    68    57   106     1    57    82    65   166    60    84     2    84    74    56   168   128    45    75    33   124    50    47   135   105    28   153   160   120   141   180   132   115   106   150    98    35   123   157    56    36     1    85   124    77   168    48    85    43   128    70    67    26    48    62    12   117   165   180   132   134    77    26    12    25   156   118    30   165   152    45   131    75   112    52   122   152    46    80    18   117   178    78   108    89    75    68    27   166   139    33   148    57   139    27    76    91    71    78     8   146    42   113    44   150    20    17    40     6   173     7    26   116    80    64   173   163    26   174    44   140   147    71    38   152   164     3    83    93    71    27   146   146    35    61   104    90    26   148   130    47   115   122    30   164   167    52    19   180   178    22    65   129    19    70   174    10    70    90    64    87   111   157   128    39   176   178   169   128    20   121    85   103   149   145   155    50    88    95   115    39    88    35    56    30   163    16   151    10   128   135    20   166    15    43    95   103   143    70    55    24    55    91    57   146   115    83    71   111   126    25    85   111    97   143    68    77    43    60   111   129   153    56    69   100   172    84    44    39   143    94    98   131   118   137    56   161    22    13    76   117    18    40   140   158   130   115    24   139   161   151   170    84    54   119    55    81     9    34   161    12    66     3    86    53    90   115   115   150    13     8    33   118   116   170   141   135    34    78   180   108   178    73   154   127   175   140     1   125   103   135   134   151    50    66    43    35    51    23   147    66    26   126   146   115   140    50    57    96    23   144   132   125   156   139   110    26    89   166    55     4    51    87    24    80   119   122     2   170    28    90    88   172    79     1    78    65    64   173    41    87   141    11    19   141    82    88    60     6   156     1   103    11    47    76   159    17   143    84    70    50    69    53    20   134   131    63   165   172   158   157   143    62   108   160   140     7    87   116   137    32   138   107    59   121    21   162   101   105    25    29   122    33   131    53   144   117   165    97    67   155    43   129   166    48   105    34    80   118   116   139    28    46    63   134   140    59    98   174    88   168    57     4    29    85   119    26   140    53    72    18   157    16    97   143   139    77   144   125   169    71   149   115    29   162   126    38   106   125     4    17   121    61   137     9    41   113    96   151    70    96    47   120    85   163    14   137    65    73   166   177   140   153    59    91    77    27    46   171    94   167   143    95    48    72   152   143   111    18   174    78   172   132   137    37   124    44    74   133    27    51    12    28    55    79   170    38   117     1    81    83   115    15   175    82    49   156   162    23   100    56    12   114    91    11    41    84   125    81    47     8   135    52    47   176    33    83   148   141   179   136    78    87   141     8   156   135    56    19   114    60   106    69    79    58   170   180    34    20    50   162    55   100    89    91   178   111   148    30   110   111   159   158    35    66    44   174    35    77    66    36    14   154    77    78   117   145   137    81   154   132   117    91   129    63   149   151    48   107   126   171    47   157    42   136   142   125    63    90   142    72    60    50    53   149    97    31 
   86   120    11   141    67    58    29   130   167   109   128   109    50   105    89   171   172   127   175    29   105   175   161    75   137    90   160    64   147   145    34   122    17   164   150   136     7    75   170    12     5   112    74   103    19    86    79   144    26   168    31    33    32   138   168    66   106    89   176    25    80    25   151    66   148   148   128    24   162    58    95    36   172    29    35    81     7    58   123   178   169   153    61    42   107    74   143   121   132     6    37    58   161   127   153    83    73   156   180    68   179   107    98    76   114     9    40   113     2    45    81   127     7    64    98    26   161   148   139    63   157    18   131   159   167    75   172   169   117    40    65    10    28   128   104    65    24   140   121    12    13    49    92   156     2   134   127    14   158    76    43     2    96    24    95   104    86   153    31    69   101   180   130   106   165    55   159    22    32   100   116   169    44   103   100    54     9    45    46   168    49    90    18   169   140   106    40   127    33   147   132   119    26   180    35    59   179   168   122    70    90   166   101   162   129    11    57   103    90   142   159    38   119   117   155   146    76    87    85    87     8    61   128    30   168    82   142     2   121    75    62    69   119   120    60   113   162   141    40    13    78    90    36    98    28    70    53    86    24    29    40    48    50    77    61   117   124    36   135    37   146    43   162    79   136    69    77   166    34    44    53   107   138   114   155    26    82   133     6   172   133    90    61    81     6    37   168    69     8    57    96    98    11   101    37    89    72   130   131   177    85   178   102    10    80   163    55   159    48    38   145    85    22   175     1    11    15    53    30    88   161   117    49   126    23   180   166    49   151   174   158   151    61    39    99    37    41   171    37    37   117   123    31    15   132    52   117    17   147    66   129   170    57    70   124    66    25   118   176    70   118    61    12   117   162   159   176   125   140   104   152    42     6    25    78   165   142    55    69    10    24    10    72   176   155   176    54   168    48     8   108   126    18   147   113   170    45    18   161   135   135    53   161   154   177   134    12   129    23    91    17     4   157   125    76   157    20   108   113    16   163   138     5    37   112   135   115    36   157    54    44    26   118    70    48   112   107     7    28    68    86    20    65    38   119   135   152     5    23   101   102    35   139   101    96    29   145    54    80    90   152   165    75   133    68   135     5   179    59    10    93   136    99    26   114   137    68     8   132    67    90    72    13    11   150    24    37   134   172   122   159   113   124   146    34   118    24   142    31   156   127    35    18    82   111    22    56    84    42    87    45   157    66    49    52    12   176    41    44    68   164    58   161    29    89   131   160   160   144   150   176   133    10    79   122   121    52   170   152   144   100    74   119    37    84   106    74    17   176   170    67     5   162    57    73   130    62    33     4    53    90   116    92   163   121    66   160     7     9     4   151   142   146   136   129    10   113   102   179   173    68   114   142    64    62   143    23    33    52   118   134    49   132    10   102   137   117   163   134    27   168    28    87   153    56    77    99   137    66     5     5    28    27    85   141   119   127    85   169    90    32   147    15     4    39   109    90   164     3    93    74    97   172    78    11    41   120   141   137   131    38   155   105     6    44   139    69   125    54     2    23   166   175   157   112    87    48   123    21   137   101   168   147    46   116   143    47   142    77   134   166    51   167   102    68   167    44   100     4   117    43    19   169    57   162    67   119     5    12   173    31    42   164    78   180   142   142    23   159   129   121   125    66    91    63    32     2    75    89   178   135   111   152    66   123   147    18    96    77    79   176   172   141   122    22    50    11    20   142   176   128    39    61    92   172   174   101   118   170    15   125   147   109   138    29   171   131    95    22   134   153   138   100    34   154    70   116   159    34    97    20   164   122    52    73   177   128    51   107   156   112   129   110   150   168    58   172    92    18    48    46   145    16   178    47   179   143     4    27     7    81    67    37    57    73    67    87    49   146    58    22    71    50   123    95   138   142   143    40     3    90   131    72    20    53   112   101    99    69   151   124    14    77    90   129    36     6   141   168    63    84   145    42    52   179    70   136    27   105    71   163     8    71    66    79    42     6    41    56    15   110    73    52   172    28   143    58   118    29   152   130    79   165    94    75    48   129    84    36   129    14   132     9    36    10   161   172   100    34    18    40   158   160   117    26    22    85   165   150    52     3   165    68   144    29   117   101   117   177    69 
   11    75   147   147    82   109   169   131    65    63     3    53   121   120    72     4    58   175   118    85    25   135    36    65   143    65   177   105    43    35   108   171    47    84   166    82    77    28    54    69    91   134   160    92    18    16   168    79   156    11    23    69    60    95   136   147   116    14    72    13    88    20   155    13   173   163    77    56     8    88    15    98    10    57   121   167     7   155    96   123    72    86   164   116    41   160    44    73   166    62   109    49    52   152   120   115   156    75    66     9     3    64    72   122    75    13   107   159    99    99   138    52    71   146     9   102   175   164    87   167   161    61   156    35   114   137    33    34   138    44    92    63   100    24    43    31   177    36    99    38   140   125    29   122   145   140     4    64    57   160    63   168    70    96   141   102    37   112    45     1   123   163    95   108   169   173    36   103    61    50    13    91   132    53    86   113    91    76    73    15     1     6    98    95    94   157    31    22    43    39   147    36   163    48    65    89    13    31   115   175    60     7    30   125   107    88   130     3    12    34   110    40    81   148   171    62   108   129    70   144    98    48    56     3   132    27   144   168    28   129   145   149    13    71   101    75   165   114   155    13   169   133   146   161    75    64   144   150   120   141   142    41   155    95    59    10    45   110     3    78    30    60    34    54    66   156     3    49   155   106   175   102    80   136    88    80   164    17   111    49    79   125   142    44    43   121    71    40    63    44    47   148   147   173    38   110    19   125   130    89     1   175   153    67   109    45    95    44    96     8   112   170    34   123    97    66   171   171   172   174   158   109   159   174    75    94     9    60   147    44   122   169    77   146   142    43    14   113   158   152    41    87    38   120    83   153    14    22    35    96   101    61   135   155     2   110   127    38   109   115   152   131    14   131   122   158   148    99    15   142    36     6   146   176   159    27    37   112    64   129   109   137    62    47   100   166   165   171   119    78   170    99    70    74    35     3   155    59   167   104   149    85   111   104    36   156   152   159     8    12    92   142   149   169   107   151    35    63    47   172    38   168   141     4    75   155   152   144    57   106   103   170   118    71    33   145    39    27    29   135   175    84    91    92    84    92    99    96   123    83   115   164    73   111   134    31   118    87    56   150    42    82    15   148    90   166    86   168   155   175    50     6   177    37   120    27   135    17    15   135   157   168   172    48   140   104    17   130   145    32    84    22   169    15    73    15   120   179    71    11    92   137    39    93   111    98     4   179   155    50    71    27    54    58   102   159    83   102   124   139    13    28    61     1   143    72   156   106     2   125   128    47    77    24   148    93   168    32    73    26   109   130    23    90   180   178    89   109   178    37   161     7   118   155   109    42   128    97   100    62    18   121     1    36   112   145    73   161   109    74   123    32    27   142    41    49   110   162    63   109   147   148    20   166   176   110   106    52    10   154    30    12   114   117    38   151   151    84   108   153    63   177   167   152    30     9     9     7    44    69   166   113    42    20   179   160    75   141   127    49   165     3   165    95   169   127    30    66    99   129    68    74    19   143    45   152    94   148    19    90    47   120    16    57   142   145    84    29    63    54     4    30    93    33    55    94   174   162   121   150   150   143   105    37     3    41    43    30   175   115   122    83    97   177    76   173   166    93    82   121    30    65   105   109   136    92   152    46    78   140    33   142   105   163    53    49   141   166   159    44   123   105   167    93     2    31   162   116   154    12    60   106   137   163   167   135    81    17   105    95   162   127    50    59   131   148     4   129    61   174    98   136    21    11   147   126    19     6   147    60    26    47   175    10   164    94    32    22    35    33    57   163   168   102    79    94   110   143    74    70   174   179    83    71    63    55   143    62    41    36    93    35   177    84   160   150   168   140    95    63    30    10    53   120    50   167   141   166     9    25     4   126   163    26     1    56   132    59     7    20   155    93   155   113   113    38   165    29   132   160    30    44    80    77    43     1     7   112    79    34    79    37     8     2   160    17    67   116   171    50   127    89    82   141   101    75    10     4    17    71   100    44   155    28   165   112   151    18   101    89    39    39    31    70   171   167     2   104   143    33    81   134   114    90    33   103   111    19   147   132    86   101   157    15   132   139     1   143   175    52   167    45   124   145   108    30   140    47    68    85    81    32    44   148    49    81     7    60    48    55 
   75   178    79    27    78    71    61    22   117    56    94   107   172   168   107   178    63    58   174     2    77    54   168   161   150   126    69   168   129   117    33    66   121    84   167    51    15   163    10    61    79   179    95    30    51   100    96   114    93    82   127   141   145   158   110    64   171    97   121   134   180    48    56   110    92    94   120    68   143   100    16    51    47    46   176   101   100    76   140    54    81    37   123    60   166     5   171   139    77   138   179    88    24     5    35    90    71   116   176   137    37   176   174    78   135   108    25   160    28   125     3    34    73    20   165    99   121    97    30    13    52    61    34   140   148    94   152    46   108    90    52   117    94   144   104     7    40    14   158    32    75    64    14    43     1    35   169     9   101     4    25   148    95    64   109    50     9   151    96    38   137    71    49    84    18    23    88   111    43   128   173    50    42    70   163    45    56    14   108   150   150    83    32   123   159   130   119    39   177    86    23    62   176    61   112   122    52   152   166   147    16    43    48   159    62    24   167    93    52   155    39   104   115   149    76     3   117   139   128    24    82    31    86    11   108   168    89   158   112   177    82    18   139    27   126    32    20    90   100    11   109   134   173    49   170    48    69     6    46   134   124   161   153    41   123   166    68    13     2     5   175   157    22   133   108   156   173    93    99    20    96   133    81    74   101    98    48   113    83    97   122    24    69    88   166    58   113   138     5   114    69    80    15    36   131   129   139   155   125   117   179   174    43    90    84    68    52    53   135    57   147   172    58    55    39   165   103   110    14   148   121    51   150    36    22    53   176    80    84   158     7    87   101    82   108    72    11   105    84   174   176    13   164    14   165   144    26   135    40   107   122     9    85    64   103    91    22    58    30   177   159   123    36    11   120    54   159    36    64    74    24   108    90   153    10    25    66     1     1     1    22    46    12   140    35   149    69    76    20    74   122    63    63    21   141   158   161   111   145   118   126   100    30    44    47   104    32    17   128    97   138    11   141    62   142    67    31   109   147    22    82    33   171    60   174   123   150   127   107    24    87    41    19    47    42    42    36    82   175   165    95   175    21   150    85    38   111   165    65   126     1   162   177    91    27   116    25    52    41   157    17    89   154   155   167   170    71    55   101   147    19   163    52   122   171   108    39    89    45    35   165    62    85    14   118    37   172    18   118    87    16   115   108   151   135   176    34    17    95   102    43    43   115   139    61    20     5   166    18   112   124    58   164   112   167    16    31    18   107    92   150    81   112   109    67   144    89    95    92    62   173   110   147    92   179    24    38    16    29   102   171   145   111   139    19   149    35    56   159    86    94    19    83   151   144   158   178   114   179    85    42   179   149    93   110   108   112   129    19    85   146    27    14    73   106    54    95   153    24     5    13   169    88    48    73   153   108   109    19    81   122    67   125    64    21   144    27     9    28    85    43   157    21    84    58   131     7    31    34    70   137    89    89   165    15    61    67    91   104    59   128    70    72   178   177   170    19   134    39     4   135    54    14    25   109    56   129   134   144    82    26   117     3   165   154    24    51   175    30    54    40    78   122    73    48   160    42    59   170    11    45    91    38    39   147    97   111    47   109    49    32   174   119    96   100     2   173   117   106   136   135    60   108   115    98   157   114    89    89   150   107    91    13   176   174    77    86   107    78    85    26     3   148    64   172   143   106    45    93    84   141    85    96   175   180    18    87    41    13    94    85    22     6   103    39   114   178    27    10   111    56    38   175   123    59    38   177    65   152    89   150    79    99    93    24   174   153    43    61   136    69   113    12   174   152    23   111    89    75   118   110    54    41    58    72    31    39    29   162     5   170    43   158   177   107    90   118    41   127    64   163    68   128    55    23    25    14    72   175    67   179   141    49    93    43    17    96   141    23    86     7    93   145    92   141    10   106    82    35    79    99    49   114   176    57    31   116    58    22    78   160    60   123   103   119   109    59   150   153   153    51   113   152   129   132    10    51   115    44    54   145    21   142    70    76    54   128    89    19   165    17   125    86    92   157    23    46   121    61    16   121    51    67    27   127     4   116    92    67    76   143   180    90   147   148    51    33    15    18    55   152    30   123    19    31   153   137    19     9   155   109   171     7    42    46   142   103    88   116    15 
  155    40    79    83   158    47    91    51   142   134    44    50   169    39    44   140    35   158   163    32    50    55   139   143   136    81   143    14   141    17   128   136     3   171   152    23   131   137    59   132    88   164   165    75     5    19    67    50    88    82   124   138    98    81    25   111    89     5     1    74   113   125    24     4    72   146    84   162   138   155   118   104    83   129   153    37   135   100   148   137    84    40    74   173   132     2   167    86   117   138    49    84     1   101    68    30    38   167    21   180   173    15   139   148   175   176   172    16    10   116   135    86    99    96    45   169    42   108   154   145    29    43    87    40    61    18    18     8    55    62     1   121    20   160    68    75    63   135    98    99    46    40   123    10    54    41    11   133   177   147    87    28     6    12    74   142    23    76   169    91   101   155   156    93    51   170    86    50    44   120   160    73    13    99   142    47   107   154   165    83    55   169   176   105    86    97   164    17    67    54    19    24   124    62     6   154     6   111   166    17   154    59   151   112    12    48    89    41    35   106   158    51    62   162    42   143    24   152    96   150    56   138    12    53    87   162    57     3    79   107   162   109    62    37     1   121   156    89    12   135    90   176   176   167   169   140   159   168    37   156    79    96   143    67    12   124    82   165    50     2    18    80    51     5   110    80   145    21    75   145    32    62   180   158   143   136     7   161    59   175   148    93    84   172   179    10   116    60   164     6   126    13   138    76   146    28    76    64    38   115   176    80     3    48    53   112    22    35    46    89   109    26    71    28    49    66    15   177   156    58     8    34     2    95   139   152   111   137    78    19    96    59    33    49    38    22    15    20   106   161    35    80   141    29    46    72   148   163   179    27   155    15    37    67    56   154     4   171   110   166   121    91    73   115    18   159     4   157   101    71    68   151     1   113    13     7   115   125   138   148    71     6    13    81    88    26   158   148    51    68   113   173   101    48   105   140   133   147    64    36    85    39   163    29   141    85   173   163   165    46   156   135   117    83     1    25    83    52   174    23    11   175    82    46   136   106   119   157   139    42   145   141   121   136   143   149     7   156   166   172    44    11   132    83    38    75    48   115   100   157   176    79    22   163   158    88   103    68   171    16   141    58    51    29    34   121   159    78   167    92    20    85    82    30   110    35   170   171    90    58   118   151    53    56   143   135    43   129   113     4    60    18    92   150   144    33    15   152   168   122    18   118   109   137    43    96   104   129    78   165    55    34    23    30     5     3    85    72    11   180   154    48   106    30    52   151    58    83    90   174   141   120    30    93   166   123   151   107   163    77    23   165   158   133    44    35    94   119    94    43   140    13    18    21   122   132   107   121   131    21    12    88    46   178   160    18   162   123   165   118   168    39   153   135   178   134    41   106   157   136   144    26    27    93    15    23    61    77    57   169    73   119   105   123    49    25   112    75   168   101   134    55    30   113    35   177   117   136     9    23    74    15    65    94   139    82   111   144    55   149    24    29    18   162    34    23    23     6   152    94    16   121    51   124    14   135   134   171    40    44    62   128    87    92    16    21   155   127    49    26   169   169   171   165   123   155    18    10   135   135   155   106   114   131    12   152   104   146   171    30     9   107     2     3   128   109   108   100    34    97    35    88   113    74   158    58   171    30   110   107     6    89   111   161   142    65   129    56    17    66   150   135   161   144   157    10    20   174    50    95   141   130    29   144    65   180    86   111     2     9   155   150   104   129   178    88    16    29   114   111   120    22    64   156   180    34   166   163   113     1    41   116   178    90    43    93   174    51   168    84    66    29   158   168    80    29    79   149    97   139    29   106    44    94   142   136    93    79   164   174    89    19     5    41    57   147    77    21    76   164   134    99     5    11   168   127    91   130   147    72    78   161   175    82    41    16    85   118    28    86    75   179   145    77    98    46    62   152   146   178    13   180    11   179   138     8    67   173    97   168   122    39   172   140    61   146    37   110    54    79    79   117   144   178   162     5   175   118    94    73   141    36     3   171    59    32    57    60    80   144   141    53   135   155   158    97    97     7    23   112    69    99    37     4   108   172   160     5   146     8    77    94    37     4   116    86   155   108    28    86   144    54    94   113   137    53   128    61    16    43   112   162    90   117    33   108    93   113     7    96 
   83   144    25    89   134    43     8    38    41    55   112   153   157    44   154    52    73   167    55   106   151    88   151    73   162   168   171    68    88    40    60   158    31    20    57    42    58   117   147     8    24   128    98   146    30   158   133     3     5   139    94    23    34   156   120   167    32   137   172   128    12   111   147    99   175   118   103   124   162   132   106    89    24    73    75    59   173    77   178    44   137    29   179    77    21   140   129   172   132   104    57   130    95    78    78   179    80   161    68   163    43   116   159   168   151   122   125   141   124    42   152    85   180   140    70     7    17   101     7    52    68   168   124   169    48   151   171   154   162   177    79   108    56   154    58    15   170    10   177   168    85    91   151     4     5    56    93    70   148    76   135    50     6    48   151    54    99    74   110   148   143    45    59   162    20   114    72    17   103   134    23    31   177   145   175   134   145   139    48    59    90   144    67   106    30    33   154   177    25    55   103    54   136     4     2     6   178   168    24     6    72    30   159   143   136    55     2   156    81   139    77    91    99    34   154    59    47   179    38   107    52    25   113   137    88    61   156   104   116   132   170   127    72    58   120    89   123    59   110   148    13    57     2   142    26    62   162    40    67    86    13   157    71    84    52     8    63   126    88   147   172    25   100    69    52    87    76   159    47   139     5    28    49   122   155   133   102   164   163    44    34    93    99   145    35    56    25    26   133    98    17    95    82   134    33    40    81    51   147    97     3   131    55   169    99   128   120    51    87   105   145   115   118   140    21    34   176     3   106   132    55    40   173   174   149   133    62   121    11   174    11     8   161   153    19   142   180    76   156    74   157   126   132    58   164   169   142    39    31   139    65   103   119   129    17    78   126    25    21     8    40    66     7    37   154    50    43    91    19    50   152    17    61   179    17    34    80    83   136    42    10     3    69    67    87   168    93   136    85   138   165    50    50    15   176    49    79   135   156   117   111     8   145     8    62   105    99     6   166   129   157   104    93    30   107   134   155    69   122     8   127    39    50    48    79    45     4   117   106     2   103   173     3   105    23   107    33   168   108   108    69   120   156   123   163    45    65     8   154    14    13   142   139    44   135    36    22    53    36   137    88    63   122    33    19    70   133   119   143   156   151   110   124   157   162    39    86    27   143   113    76    74   101   172   178   139   123    87    14   169    41    73    73    66   101   102    63   158   116   150    52    91   168   145    82   133     1   111   132   179    76     2    99   136   123   125   149    67   155    21    54    16    39    93    56    54    63    64   165    66   150    85    85    52    88    24   111   137    59   126    61    93    63    55    24   106   162    82    40     8   119   166   118    23   127    40   118    36   155    37    89   102    74   103    62   128   148    90    60    90    85    19    59   131   122   126   137   108    60    43   144    52    54   164   110    89   169    64   174   124   108   135    66   142   141   165   165   126    36   164    48   165    32    31    27    86     4    65   168    64    18     5    87     7    66   152   116   118   122    87   140    48    95    73   111    67    45   162   118   101    62    28    18    54    34    92   145    60    61    75    48   144   167    62   129   178   112   135    36    92    16    78    10    17    76   124   146   137    56    35   164    31    88    52    62    83    47    30   162   141   165    95   144   133    60    75   171   124   178   133   170   179    73    50   122    60   117   139    96    25    53   160   124     2   144   136   161    69    86   162    26   170    26    35    98    62   180    13    48     3    35    10   142    69    91    55    51    37    84   111   161   144   138   150    46   112   158   158    78   146   127   173   123   156    64     1    79   156    14   175   165    50    56   175    78   177    18   158   101    42    89   147    92    90    66   177    23    30   173    10   160    88   131   141    10   166    39    95    69    85    78    20   102    98     9   142   146   108   173    70   136   110   157    75   141   133   169    80    15    63     5    66   104    21    51   151    77    71   117    72   131   132   179    18    71   154    62    63   161   173    19    45    33   107   100   100   106   125     6     5   180    87    21     1     9    85   178   135   139    32    65    43    82   128   122   104   130    60    10    92    42   153    81    41   148    57    69   102   163    84   102   117    67    95    95   174    49    72    65   146    40     9    59   166    38   134    65    37    78    30   132    45    27    32   149    75   107     8    46    90    26   126   139   142    54    21   124   129    74    24    12    44   133    61    84    36     1   117    54    65 
  164   156   147    10    66    66    36   112    89    59   151   138    60   174   142    73    74    83    68   156   170   149    21    53   139    15   123    98    20    64   103   144    19   152    16   121   137     8   105    97    30   139    47    42    27    97   173   156    61    16   115    76   160    64   152   176     4   140   168   156    84    26   141    96   106   118    69   101    99    22   114    51   116    93   136   175   160   129    27   167    12    66    69   156   104   130   165   129   171    66   110    61   137     7    52    64   109    39    81   118   119    59    74   168   138   101    20     1   152   150    64   154   143    28    42   104    36   154    83    58    79    99   123   124    79     7   118    94   113   141    84    23   160   164    19    95    36    88    25    30    90   126    78   135    38    90    64    18   148    76     4    28   103     9   170    14   107    53    55   147    68    93   122    15    32    29    72   122   102    53   112    49   150   135    35    85    42     8    60    60   162   116   104   136   116   131    21   103     1   109   141   104   127    38   172    49     7   156   156    47   111    90    27   160    62   176   112    80   168   107    98   120    22   117    70    82   126    45   157   162   169    25   128    75   115    62    62   168   149   153    81   125   109    65    34   128   132   171   106    31   110   124    74   143   177   101    50    79    53    69   170   172   104    84    27    74    27    32    84   177    67   178    68    46   159   126    59    38    81    95   133   165   157    17   103   172   134    97    85   119    17   159    15   151    16    96   101     1   161    20    74   170    47   178    13     7    49   123   107   112   119   135   120    82   126   144   149   121    57    12   118     1   157    16   168     6    79    41    98    41   120    30    91    12    18    97    27    57    13    91   142    72    38    46   174   178    13   139    76    55    67   104   152    83    59    34   178   136    73   141    82   135    33    75    16     9    70    63   108   124   107    26    40    64    44   107   154   159   161   141    48     6   137    89   148   172    44    28   155    64     4   125   132    32   101   117   143    90   128   175   151   131   139   180    96   139    57   105     1    19    60    61    34    57   169   164   167    85   103   163    63   117   149   163   163    22   101    14   114    34    17    81   148   170     5    11   137    28     3   153   166     4    70    47    30     1    13   151    43   164   103   167   104    62   131    62    50    19   138   161    29    26   120    67    82    49    77    61    40     4   160    78   125    75   143    53   170   171   152    97    99    98   126    83   120   133    33   159    64    27    92    48    31   101   177    42     3    16   179   167   150   164    60   142   125    14    64    18    64    58    73    90   125   165    15    48   161    93    50   131     8    69   131     4    48   177   150   108   105   108    30   117   102    63    65    84   161    28   169    98    10   110    53   132    81    98   125    36    13    13    49    97   162    59   168    13   174   119   120    52   156   113   107    23   129    21    17   100    37    30    11   109    76    60   124   180   137   146    90    74    29     9    82   107    23   111   114    34    13   128   152   111   106    31    26   125   123   157   107    99    84    30    69   169    14    34    60   157    85   177    14     7   115   127   162    13   134   101   134   125    32   169   176    13   166    95   136    32   147    17    87   110    89   142    70    46   100    53   126   143    54     8    94   126   156   124   153   141    28   112   101   101   102     9    34   165   127   174    73   109     8    38    66   167     1    60    62   135    88    37    25    31    67   104    20    11   164    88    73    97   129   128    78    27   154   124     8    72   175    40    81   163   107   162   147    81   123   129    68    25   130   110    73   137   119   158    29    20   141   166    34    34    49   121     3    41    42   154    91   129   105    45   137    27    36   130   130   172   137    39   158   105    73    66    66   128   106   110    83    10    27   178   132   160    24   180   106   122    22     2     1    34    17   138   172     7   165    25    42   126   129    76    72    28   168    79   121   141    81    75   139    27    13    77    53    29    35   152    96   141    73    65    91    99    94    36    60   131   105    10    62    45   110   149   140    51   100   134    17   146   175   149   117   102     4    60   171   119    67   132   117    40    17   149    65   147   153    81   108    95    30   107     6   128   169    35   157   118   127    98    23    19    17    43   167    16    16   128   159   167    28    60    92    71    22   107    20   148    19    39    28    10   129    28   118   116    71   159    57   176   105   166    33   148   158    63    48   125    61   174    34     1   174   174    39    27    24    29    81   152   145   119   136   172   143   173    89   142   102    52    97    24    80    19   175   127    27   137    27    64   146     9   151    23    60   130   103    16    36    34 
   96   152   177     5   152    68   140   180   142    87    64   103   108     9   156   124    74    85    95    56    30    23   147   120   119    58   117    92    34    27   116   126   139   171    94    24   131    95   156    14    88   123   154    46   139    64    30    18    44    48    79    29   105   153     9   130    41   143    79   111   159    87    33    75    93    73    90     2    36    76    82    47   125   145   173    39   121    14    79   165    24   126    20    78   144    98   153   140   142    78   112   114    24   152   138    93   147    31   151     3    54   114    92   130     3   110    31    53    21    48    91   108   178    87    42   144   180   126    75   164    43   155    24     6   106   121    82    94    95   129    17     4    63    34    13   134    76    96   113    64   176    21    41   149   131   111   161    36   126    54    38    51    77   173    93    52    61    78    69    26    49   143   170    19    48    35   132    71    56    40     5   167    33   135   166   122   149   165   121    25    54   140   177    39   165    95    51     4    83    90   103   159    49    27   158   129   112   119   125    61    31   173   169    17    37    86   140    48   137   177   153    55    94   130   162   179    94    64   157    76   119   144   123   109   100    66    21    59   107    41   114   145    38    67    67   110   163    44    73    14     8   105   108    22   130   154   154    43   142    78   139    56    35    59   127    36    45    92    91    33    35     6    98    44   116   157    22   103    41   110   113    76    70    35   105   126    93    50    69   165    83    17    70    65    86   128   164   177    93   127   163    65    65    21   136   132    67    49   135   176   145   150   129    30   120    77   135   178   103   140   112   105    45   144    78    74     7   114    96   130   115     6    87   171    16   158   124     9    91    98   163    17     2   128   161    64   137   145     1   172   131    29   105    46   125   114    20    46   175   121     2    80   140   154   176    45    51   145   124    56    57   162   178    32    26    65    16    89   118    45    82   111    86    44    34   125    49    60   108    48    22    27   107   132   157    33    13   116    16   145     8   138    14   148   146    66    92    64   172   113   116   115    48   100   156    40   150   178   113    93    95   154    90    74   172    19     9    24   165    16    35    16    24   121    88   162    54    69    97   100   113   100    19   156    46    98   121    53    36    65   179    42    92     8    44   167    11    32   159    70   167     9     4    38    54   163    17   101   105    51   135    23   116    75    55    42   120   106   167     7   177    52    57   111   130    26    74    11    85    59     3   154    87    47    42   100   129   165    17     1    79    64   148   124   144    61    80    54    41   180   113    50    40   176    96     4    66    65     4   161     2   115    57   168    29    58   168    94   106   120   134    35   138    16    35    15    36    22   170    16     2   114    58    22    22    44    97    70   153   131    75    49    83   163    92   156   149    77   132    40    35    54    11    68     8     3    29   137    84    46    52   178    98    32    41   174    69    89    55    26    56   115    14   121   106   114    64   146   155   140   175    78   111    76    99   174    63    41    81   172   174    27   136    62   166    89   155   134   156    88    63   132   108    63   118   130   104    14   110   145     3   100    56    34    89    58   153    51    82    20   113    49   151    19    19    72    83    10    94    14    18   127   166   180   163    31    96    63   150   179   134    69   175   163    99   111   151    93   150   136   112    61   113   127    70   102    54    51    86   160    21   106    45    12   157   176    88   169   154    12    10    18    90   139   121     9    24     5   111    36     4    95    17    19    58     9   102   150   123    47   147   113     1   125   156   140    58    37   123   129    93    83   100   133   166   138   152    96     1    60   177   127    40   152    46    49    40    88    35   128    71    89    90   174    49     7    45    59   151    70   180    19   126   109   111    93   102    24   143   176    99   116   112   142    99    62   135   141   103    67    11   160     8   104   124    36    24   153   178   107   130    36     9   155    19    21   135   163   100   180    79    57   105   149   155     8    22    37   108    84   139    25    69    42   167   121    64    44     8    23   150   106     7    31   136    24   117     7    36    97   108    33   128   123    51    56    98   106    83   102    51    68   134    91    53   122    67     1   151   130    35    90   112    68    79    57    53    53     2    30   100    41   161   126   154   143    18    19    97   115     4    32   160    62   144   165   121     7   177    56   145   134   165    42    45   136    49    46   149    71    85    61    90     3    83   129   141    90    53   105   123    38    60   150    41   165     3    97    74    48   121    44    29     9    93    46   106    46   122    11   125   152   120    73    56    27    63   103    51    33 
  148   168    77   121    13   128    68     2   180    55    46    77    45   161   148    76    46    50    96   180   145    37   142    30   160    96     7   102     6   118    91   122    19    87   142   134    76    80    40    84    77   118    78    37    10    62     1   159   167   178   127   171   145     8    51    61    32   174    81   172   170   121   123    91    91     5   164    42     7   121   152   178    66   119    61    34    24    56   179    63   105   169   152   112    49    72   147   161   105   151   133    41   113    23    81    90    84    33    66    77   107    30     5   145    96     4   114   133    49    89    86   106   136    15    44    36    20   159     2   147   144   155    84    38    32   119    52   138   174    62    49    66   114    51     4    76   129   102   155    55    44   106    12    88    17    89    94   145    81    92    10    95    32   148   140    42   128    87    27    83    30   175    28   125   131    86   139    50    95    69    39    32   108    61    44    83    70    61    70    39   129    39   180   151   150   178    32   172   156   136    88    10   108    68    24    54   165   162   177   107   180    51    96   177   165   130    42   131    25    44   120    92    34     2    16    46     8    13   162   174   160   146    25   143    14    71   116   128    96    14    12   120   159    94   144   132    26    55    68     2   158     9   129     6    25    17    72   168   120    42   180   124    45    28    96   122    19   138    59    12   166   168    32    39    48    10    75    62    27   169   175   124   110     8   115   161    57   149   105    51    40    71   107    80   102   106    14    77   117    94    17    57    43    37    56    73    92   158   137    63    73    48   102    42   123   151   133    18    95     6    14   118    91    87   100    81   102    98    60   152    23   145    43    52   180    24   114    46    19   114    57   131   164   110   125   106   175   178     2    17   114   108   161   147    45    57    22    73   129   177   159    24   159    35    42    97   137    54   151   132   121   168    51   141   131    39   177    48   133    19    26    81   135   176    32    17    27    99    86   175   124   126   132   171    98    70   106   177   175   124    93   122    31    86   155    68    58   110    49   170    21     2    57    14   141   164    84    30   155    12    61   127   121    26    55   113   116    23    52   142    27    54   144   141    58   164    87    86    62   179    70     6    35    62    15   104   146   120   155    23   116    79    27   125   155   177    10    28    21   112    71   122     2    42   133   103   141     4   102    24    98    17    89   145    80    80    43   180    19   124   129   142    72   162   122    48    17     2   175    24    89    55    61   141    16   108    61    79    56    77    39   138    64   131    63    53    35    88   178   157     9   161   164   141    34    94    57   159    80   156   107    41   147   153    76    69   115   112     7   110    30   121   119   117    68    17    94    27   161   122   139    96    40   116    45   160    13   119   180    56     1   114   159   175   104   162   159    39    86    87    42   163   162   121    79     4   131    62    70   163    72   126    71   115    13    20   110    32    39   167    46    97    83   168   145    54   131   172   108    20   101    18   137   174    49   115    89    32     6    81    61   120   170    20    56    53   177    79   110    22    10     3   140     2   148   112   159   173    67   114   151    10   102    71   103   128   162    25   110    63    82    82   118    95   147     3    22    97    41    62   100    86   115    36    19   107    90   100    53    49    21    20   125    24    75   156    96    30    41    82    95    70   157    96    30    86    53    30    80     8    62   143    18    90    68    75    45    14   168    99   144   180    29   158    12    78   174    56    41   118    42   123    34    46   133   172   162    22    43    26   168   151    66    34    57   152   163    75    92   108    53     9   135    42   177   171    16    41    91    83   124   149   140    10    52     4   143    11    92    35    48   170   172   107    38    28   139    98     2   134    77    13    85    55    66   148    35   115   117   116    24    86    32   129   179   153    51    10   151   111   131   128    98    76   162   166   124    68   175    82   104    13   119   174   154   178    27   108   147    32    29   120   172    76    83    86    38    46    27    80   106   138   129   137    22    98   103   140    90    80    71    51     1    84    52    48    58   175    66    44     4   164   111    13   113     3   108   173   165    68   100    77    82    86   168   159   105   122    58   144    32   152    58    84    95   114     9    58   171    10    30   119    19     6   110    77   125    57   151   161   142    64    14   160   146   152   160    33   161   166    39   168   169    32    63     7   116    35   164   131    53   162    57   141   118   129   101    94    88    85    98    78    65   152   159    23    99   177     7   148   175    25    96   130    95    66    73   123    34    77   109   101    33    42    57    30   147    33   147    28 
  156   126    68   160   120   152   172     4    45   141   100    88    38    88    23    42   115   131    75   144    72    62    56   127    30    87   144    58    94   164   179   129   170    24   174   141   158    63   169   153   144   156   100    10     5   165   141   130    35   161   163   125   166   147   103   134   164     8    75   100    62    16   132    36    45    30    99    85   140    88    78   141   163    40    98    13    43   117    32   156   141   178   163    93    52    34   136   143    51    46    15    99   150    15   118   127   172    88   114   157    50    23   113   129    32    22    47    79   117    96   131   121   172    93    88    98    91    45    80   125   143    69   109    88    39    12   133   152   106   138   135    66   101     3    30   149   174   157   154     9    66    84   112    38    88    40    89    39    91   173    52   174   105   119    67   120   160    27    61   171   118   149    51    80    86    72   111    40    35   138   173    17    32    35   140    67   118   104    49    69   148   129   115   102    87    96    90    21    32   170    12    11   143    71    58     3   122    90    64    30    43    55    43   110   163   177    26   140    39   134    63   117   112   112   127    88    31    35   102   101   154    33   116   129    87   160   122   104    90   113   128   145   140    62    59   148    20    16    59   140    71    84   149   168    16   134   119    93   174    19   131    49    56    59   140    38    72    91    64   172    73     6    23    86    19    44    26    27     7   130    33    83    61    62   113    66    95   105    95    19    61    38   157   153    26   123   177    11   138   126   163   127    71    24    12   176    20   165    39    18    43   128   175   136    99   120   133   179   152   172   139   135   156   140   146   109    99    13   132   155    94   130    97    13    69    79   116    74   102   165    48   122   100    40    89    54   159    86   156   164    15   108    23    96   162     2    61    77     1   104    72    94   179    54    39   116   129    88   141    89     2   124   159    12    83    63   113   105   168    19    47    74   178     2    72   104   163    98    55     9   126   166   173   146    94   130    17    37   139   162    35     5   135    71   149    95   121   145   102    83    71   101    57   154    73    34    35   180   144    48     6   121   134    96    84   164   119    47   172    85   127   147   176    60   129   142    85   121    20    64    45   141   133    98    24    36   130   123   130    45    22   102    81   175   100   125   121    22   110    62    30    82    47   137    75   103    48   145   134    95   104   101    75    17    33    59   164   158    32    36    97   155    53    65    80   157    24   153    74    90    41   102   164   140   145   148    64   107    92   149   162    68    46    77    67   120   145    52    55    68   162    81    11   121    76    49     7    30   173    90   106   119   173    38    20   106   136   177    95   110    49   115   178   161    71     9    65   127   139    40   159    60    28    92   138   151   100   153    29     9   101    99    86   127    57    12    72    85   147    76   121   120   166   155   106    99    29   145     6    44    48    18     5   156    15    40    16    17    15    27    10   126   147    78   132     4    20   163    29    62   116     8   172   151    16   121   139   166    12   180     5    64    34    90     3   149    77   179   103    20   116    81    32   115    85    30   117     3   120    26    37    75    35   116    77     5    62    46    23    33    13    51    50    31    57    36   133    57   162   124    32    93    41   180     5    50   109   117   150    92    46    97    27    97   119    50   100   146   173    54    35    48    56    42    59    95    61     7    44    22    44    17    33   113    69    53   166    51    42    71   104    80   142   161    77    97     5    49    71   163    72    58    23   111    82    47   142    78    47    65   137   155   156    57   160   163   176    22    80   150   125   109   137   121   110    72    11   172    62   145     1    31    30   121   100    13   155   106   141    28    79    61    96   101     1     8    68   135    34   164   112   107   180   107    90    19    21   127    65    30   167    58   138   137    22   179    18    67    84    46    14    99   113   113   112    72    55    48   178    77    10   104   152   166   171    57   122   139   109     2    42   113    63    57   137   116     1    36   128   120    47   140    61   108   147   144    99    40   129    40   133   103    53    79    30   169    69   177    98   147    88    42   125    16   127    48    47   116    66   141   111   129   156   105    34    97    71    62    32    49   110   138    30    57   149   165    78    56   119     1   102   160   128    39    81   144    58    47   115    94   165    59    37   177    40   113    92    46    30   118    51    49   116    12   175   125    52   166    61   172    47   137   108   174    11    80   163    77   141   148    20    87    89   167   127   158    14    89   102   142    37    90   135   168   149    99   123    73   146    82   142    21   168   147    78   162   173    27    75    60 
  156    35    95    57   152    89    63    92   154    90   165   104   103   119    44    33    98   109    32   149   166   102     5    67   159    91   150    80    67   169    75   139    92   146     7    68    82    89   171    73   155    77    64   118    73    38     8    27    92    36    75    93    98    12   133    32   130   119    36    39    69    43     6   137    40    27   112   163   117    70    92   121    37    84   179   173    36   120   149    31   157    94   154   101    48   163    56    34    97   130    71    19     1    29    16    92    14   162   130    79   155   152   162    83    33    98   162    90    61    69   170   118   112    33   162   116    12    99   106     5   122   153   137   134   110   162   121   173    48   132   152   119    87    70   144   140    21   165   127   171   101    13    18    77    27    56   121    55   156    46   134   149    33   132   151    21   100    44   143     3    78    35    50    54    59     3   175    60    10   126   162    49    45   176    50   133    49     8     1    18   106   118    72   105   118   112   141    64    15    15    82    44    40    52   102    83   139   124    70   136   156    50    44    12   127    58    57    52   153   178   125    81    89   106    79   103   179    56   118   148   170    73    40   180   174     2   116    39    70    22   130    62   167    74    34   156    72   120   163   174    13    73    46    91   171   162   147   122    64   159   120   137   117    69    87   156    96    83    23   136   144    13    16    58    11   174    52    47    96    69    77    63   115   113   173   157    96   146   135   127    73   156    32    58    39   137   175   147   156    40   103   128   104    31    63   153   159   149    48    60   153   152   135   108   168   125    32   128   115   173   165   175   120   142   155   108    58   110   140     9   148   146    71   109   141     7   172    98    77   141   124    70    30   152    52    76   140   128     3    15   102     7   121    35    50   132   107   179    75   142    74   119   172    75   176   178    45    72    39   148   101   170    19   114   128   146     9   122    99    92   159    63     8   131    30     4    71     7   142   153    87    20    48   113    33    28   128    91   104   114   151    99     8    82    99   178     3     3    17   106   136   138    38   152    37   117    45    95    65   108   104   101    35    54    14   171    24    82   110    54    99   118    94   149   156   135   100    19    14   134    57    17   103    83    72   180    58    51   157    89   115    18    88   107   151    46    46   104   132   111   155    59   146   116   146    64    47    65    53    89   104    14   135   100    88   139     1    79    63    42   135    10    37    22   165    29    44    47    85   159    73    15    66    84   103    39   162   131    31   133    12   127    62    91    90   115   106    82    62    89    66    79   150    70   125   175    81    95   147   131     7    54    63   137   163    92   176   140    94    43    36   131   109   127    20    64   170    99   116    82   135    67   143     4    61    27   102    76   113    12    31   108   168    88    68    27   110    89    38   174    43   118    72     6   175   159    60   176    76   161   109   159     4   137   107     4   175    80   126    39     3    60    61    31   121    40     9    91    99   131    48    95   113   159   150    26     1    28     2   150    17   124    80    39   103   101    33    36   172   170    96    85    72   173   114   163   100   132    98   146   158   166   179   167    70    13    70    93   163    87    14   148   161    78   173   141   138   116   179    56    91     1   138   157    62    26    41    70    13     4    68    17   153    60    62    41    41   135    10    81   149    72    80    10   136   173   180    67    68    69    40    36   114   179    46    40   107   135   177   177    75    85    97    46   157    27    20   136   146   175    58   135   153    49    71    71   169    73    85    74    23    22     1   163   159   123   170    27    74    66    70    12    93    91   166   136   168    48    50    59    98    70   163   132    93   135    25   124    28    24   126   155   100    12    58    95    63    75   129    52    75   125   143    17    20   160    27   130   112    56    15    48   108     9   133   118   108   157   152   157   114   170   136    79   115   172    20    18   130   164    55   147   101   163    87    73   147    48   141    29    41    13    29    10   159   104   175    46   112    13    21    14    66    90   146    21    66    50    56   110   128    69   119   148    89     6   124    92   107   127   115   126   142    12    91    14    25    54    22    69    16   135    16   125   151    41    95   141     8   138    87    25    17     9   103    38   161   124    60   125   145   102    64   179   123    22   157    64     9    52    23     4    58   129    24   145   152   131   151    51    47    74   105   167   156     1   177    86    61   106    49    31    66    61   157   137   118    30    23   164    41    40    47    12    30    11    72   152   104   177    74   155   130   164   118   154   150   177   110   147    98     9    59    94   164    19    48   153    41   140 
   37    12    75    77   152     7    24    36   146   174    60   126   153    41   106    48     7   175   175   105   100    19   155   167    17    28   166   127    61    15   110   121    42   162   122   118   120    21   110   139    58   158   144    22   174    21    25   159   178    97    56   172   129    22   144   134    92   131    81   132   103   102     2    64    42    60    96    93   151   125    45    56   171   145    11   132   115    33    60   132   122   123    55    69    24   176    92    25    74   122    26   135    32    86    49    16    20   123    20   109    38    38   141    40    41    29   111    74   172   143    29   149    56    73    94   109   139   110    40   170    87   102    35   138    88   165    51    88   176    42    38   150    51   147    66    60    15   119   122   153    95    96    43    22    85    20    54    33   150   143   140    79   180   144   109   117    18   123    89     8    95   104    29    51     9     7    11    50    12   143    50   180    62    64    84   109    13    87    48     4   113    73   126     8    67    75   176   156   100   157    15   129   118    45   134    57   131   128    62   154    52   156    30   130    56     6    19   173   169   174   172   159   177    43   111    98   165    75    36    23   105   164    75   147     8   129   135    90   133    77    51    33    54    67    41   156   161    51    88   126    88     6    96    95    88    37    17   116   140   134   138    73    13    87    59    20    44    84    52    50    98    16   120   132    94   155     4   178   101   106   107    23    52    12    55    30   113    72    99    28   159   169   123    86   100   158    61   149   147   127   168   174   146    42   167    88    87    46   134    46    88   111    15    40    25   123   102   121    15    63   146    98    18   173    31    81    44   141    79   135    28    18    36   100   167    39   115   115    26   176   179   133    51   122   158    17     9    40    72   165   107   129   175    21    62    68    48   119    33     7    96   149    78    89    45   150   126     2    97    32    38    79   117    78    85   155    16     7    85   158   120   170   144     7    51    74   167    64    97    81    27    66    14   169   173    58    97    28    48    79   153    95    77    54     9    51   152    35   173    87   144   173   170    39   133   143   141   155     6   177   169   140     7    75    78    41    12   176   145     5    30   163    36   180   121    52    32   157    66   159    87    81    57    69    29   168    82   121   124   153    46    11    11    14    99   148   142   138    26    44     5    77   155    55    70    52    17   160   150    47     5   179   100   160    57    95    92    82   135     1   162   103   131    96    51    95   176   179     2   115    22   160    56    65    35    17   146   150    45    69   102    74   157    26    25    91   178    88   122   105   126    69    53   179    81    46   168     4   119    44    87    27    80   121   128   179     3   152    95     6     6   163   105   170    47   173   153   137    64   160    29   116   100    38    30    59    17    90   115    18    68    66    82    78    37   133    11   120   125   102   146    32   128   114   136   168   166    95   147   105    80    17    85    55    55    53   106   150    13    55   125   168   137   163    82    83    15   102    99    10     7   168   180    91   178   158   110    87    83   172    93   166    50   125   136    61    38    50    11   108   153   137   134    75   171    78   150   109   117     2   172   143   167    30   128    30    30   159    94    95   139     9   153   125   168   102    24    24    46    66   141   164    72   146    20   175   176   117    86    72    42   110    55   170   143    61   160    36   153    48   160     9    55   121   168   150   114    88   128    22   117   139    27    19     4    35   145   118   173    36    74   138    17    32   137    19    84   166   153    50    11   140   115    14   112    24    50    69     4    47    36    31   137   118    11    26    64    91   103    95   119   159   168    54     6   173   127    21    28    44    95   126   121    53   146    50   180   148   130    66   138   132    56   133   152    78    91     6    70   163   108    21    18    74   159   126   178   111   179    91   104    76    59     6    19   151    97   145    96    86   126    56   149    23   160     4    80    69     5   172   114    58   122    62   159   124   163    13    26    68    34    57   179     4   119    18     6    85     4    62    43    32   133    31   159   121   141    46   152   178    74    94   105    99   106    14     6   130   122    72   117   164   107    82   125   127   137    88    65   113   155   162    98   100    15    46   178    24     3    91   178    82    30   171    78    65   177   133    95    39   108   100   101   114    28    96    83   123     1    11   138   149    34    33   171   153    88    42   139   171   172    43    85    64    93   168   117    79    67   101   143   115   109    41   147    32    67    19    55    11   132    36   101    96   144    60    96   115    90   171    95    43     9   120    31    49   165   130    17    92    13    76   127   117    63   165    52    21   138    81 
 0.00  0.30  0.36  0.32  0.27  0.22  0.35  0.33  0.25  0.22  0.25  0.26  0.20  0.30  0.30 
 0.30  0.00  0.30  0.36  0.22  0.38  0.28  0.27  0.29  0.37  0.22  0.23  0.38  0.28  0.37 
 0.36  0.30  0.00  0.27  0.34  0.26  0.21  0.28  0.35  0.33  0.37  0.26  0.38  0.29  0.29 
 0.32  0.36  0.27  0.00  0.29  0.39  0.22  0.37  0.26  0.26  0.31  0.34  0.28  0.28  0.39 
 0.27  0.22  0.34  0.29  0.00  0.23  0.31  0.32  0.22  0.32  0.32  0.22  0.28  0.37  0.28 
 0.22  0.38  0.26  0.39  0.23  0.00  0.21  0.23  0.22  0.29  0.26  0.22  0.24  0.36  0.31 
 0.35  0.28  0.21  0.22  0.31  0.21  0.00  0.21  0.26  0.26  0.31  0.36  0.23  0.22  0.32 
 0.33  0.27  0.28  0.37  0.32  0.23  0.21  0.00  0.27  0.29  0.29  0.23  0.34  0.32  0.29 
 0.25  0.29  0.35  0.26  0.22  0.22  0.26  0.27  0.00  0.37  0.24  0.22  0.23  0.37  0.20 
 0.22  0.37  0.33  0.26  0.32  0.29  0.26  0.29  0.37  0.00  0.28  0.24  0.23  0.24  0.38 
 0.25  0.22  0.37  0.31  0.32  0.26  0.31  0.29  0.24  0.28  0.00  0.27  0.40  0.36  0.28 
 0.26  0.23  0.26  0.34  0.22  0.22  0.36  0.23  0.22  0.24  0.27  0.00  0.32  0.37  0.26 
 0.20  0.38  0.38  0.28  0.28  0.24  0.23  0.34  0.23  0.23  0.40  0.32  0.00  0.24  0.34 
 0.30  0.28  0.29  0.28  0.37  0.36  0.22  0.32  0.37  0.24  0.36  0.37  0.24  0.00  0.21 
 0.30  0.37  0.29  0.39  0.28  0.31  0.32  0.29  0.20  0.38  0.28  0.26  0.34  0.21  0.00 
