120 12
6
     40526
     38302
     39578
     37956
     36899
     36394
  4.7  65.0  34.9   2.2
  4.2  44.0  77.8   2.3
  3.8  45.2  11.4   1.8
  2.4  52.8  31.3   2.5
  3.1  47.6  79.8   1.9
  1.7  34.5  29.3   2.1
  4.3  36.2  11.9   1.8
  1.5  73.4  79.1   2.2
  2.5  69.5  47.5   2.4
  4.6  40.8  52.0   1.8
  3.5  51.8  83.5   2.4
  4.8  52.1  29.3   1.5
  4.2  61.5  60.5   1.8
  3.0  55.5  51.6   2.2
  4.1  71.2  55.7   1.9
  2.4  35.0  68.9   1.9
  4.7  52.6   7.1   1.9
  4.2  64.6  11.2   1.8
  1.9  58.4  43.9   2.1
  4.9  31.9  89.9   2.1
  4.9  17.8  18.4   2.3
  1.1  54.2  86.8   1.7
  4.6  48.7  55.3   2.3
  3.4  64.5  78.3   2.1
  4.5  69.5  14.7   1.6
  2.5  28.8  80.4   2.5
  1.9  25.9  88.6   2.1
  3.3  48.6  48.3   1.6
  3.0  19.8  76.3   1.8
  3.6  43.9  25.7   1.6
  4.6  72.6  84.7   2.3
  3.1  63.6   8.8   2.3
  2.2  52.3  20.4   2.3
  3.3  37.0  25.8   1.6
  4.2  20.2  51.0   1.7
  3.9  51.1  48.8   2.1
  2.5  65.4  79.9   2.3
  1.3  42.1  12.6   1.9
  3.5  54.9  83.1   1.7
  1.3  33.4  35.4   2.2
  4.7  59.9   8.9   2.4
  2.7  69.7  87.5   2.3
  3.0  52.5  48.8   2.3
  2.8  24.3  39.6   1.9
  3.1  57.3  31.4   1.8
  3.3  57.5  26.4   2.5
  4.5  45.1  55.4   1.6
  2.6  74.6  26.1   2.4
  1.9  33.7  32.5   2.1
  2.7  49.4  93.8   1.8
  1.1  72.0  32.5   2.0
  3.0  42.6  52.4   2.4
  2.3  28.6  74.5   2.1
  1.1  44.4  37.2   2.0
  1.8  65.4  67.9   1.8
  3.2  42.4  63.3   1.7
  3.8  26.2  60.9   1.5
  2.8  46.9  42.4   1.8
  2.2  29.3  84.6   2.0
  3.1  64.6  68.4   1.7
  4.0  55.5  66.9   2.0
  1.9  22.4  89.7   2.0
  2.8  61.4  26.0   2.1
  1.4  17.4  24.7   2.5
  3.7  65.3  39.5   1.7
  1.0  35.2  64.3   2.0
  5.0  21.7  30.5   2.1
  2.9  22.8  49.2   1.9
  4.0  32.3   9.7   2.2
  5.0  64.5  15.1   1.9
  5.0  54.3  80.1   1.8
  2.0  66.4   7.8   2.2
  4.9  31.2  21.3   2.2
  3.2  53.3  67.7   1.9
  4.4  52.4  60.5   2.3
  5.0  28.9  37.5   1.9
  2.7  59.6  48.1   1.7
  3.8  62.6  20.3   1.8
  1.6  66.5  55.3   2.2
  2.2  58.5  90.6   1.7
  4.5  55.1  24.9   1.7
  2.5  32.0  37.4   2.1
  4.7  19.9  48.4   2.5
  4.8  50.2  59.2   1.9
  3.9  26.9  81.1   2.0
  1.6  67.0   7.1   2.2
  2.8  37.9  71.8   2.2
  1.4  69.1  24.8   1.7
  4.9  41.2  43.0   1.9
  3.3  46.3  83.1   2.1
  1.1  57.5  43.3   1.7
  2.8  68.9  77.2   1.9
  1.8  25.5  15.3   1.5
  2.1  71.5  71.0   2.0
  2.3  43.4  36.7   2.3
  2.1  29.4  72.4   1.6
  1.9  19.7  70.7   2.2
  4.6  23.7  72.8   1.6
  2.9  39.6  22.1   2.4
  4.2  16.1  65.3   1.7
  3.6  26.4  94.4   1.9
  4.8  73.9  22.1   2.2
  2.4  66.3  40.9   2.4
  1.5  47.2  62.2   1.8
  2.8  72.1  23.1   1.9
  2.6  56.4  62.0   1.9
  4.5  51.2  66.5   1.8
  2.8  27.9  22.4   2.3
  2.1  21.5  42.1   2.0
  2.5  66.1   6.2   2.5
  1.9  20.8  72.7   1.9
  4.3  33.5  53.0   1.5
  4.0  50.6  67.3   2.2
  4.6  55.8  86.6   1.6
  3.6  45.0   9.0   2.5
  4.9  25.6  48.8   1.8
  4.3  47.9  42.5   2.4
  3.9  42.5  56.7   1.6
  2.6  74.7  93.0   1.6
  3.0  38.5  31.7   2.1
  1.2  32.4  87.8   2.1
  5.0  26.8  84.5   1.7
  4.4  18.8  29.0   1.5
  3.3  56.1  66.2   2.0
  1.2  24.7  71.7   2.3
  3.5  71.8  51.4   2.2
  4.1  72.1  94.2   2.4
  4.2  60.9  33.5   2.0
  1.9  58.8  83.1   2.1
  4.9  68.3  85.9   2.4
  4.6  50.6  72.7   2.5
  3.3  72.4  63.9   2.5
  1.5  23.8  37.9   1.9
  4.1  67.4  11.9   1.6
  3.9  40.4  86.9   2.3
  1.8  42.6  40.5   2.5
  2.0  34.9  36.3   2.5
  3.1  62.3  90.3   1.6
  2.2  36.2  58.9   1.8
  4.7  47.6  19.0   1.9
  1.4  43.5  16.2   1.7
  4.5  19.6  44.2   2.3
  2.8  69.1  26.8   2.1
  3.3  30.1  18.3   2.0
  2.7  65.9  83.2   2.4
  3.4  63.8  54.5   1.8
  2.8  63.9  17.5   2.4
  3.5  18.0  16.9   2.3
  3.2  31.1  36.2   2.1
  3.5  26.4  58.4   2.3
  4.9  34.3  89.0   1.8
  1.6  51.5   9.0   2.4
  1.7  64.5  71.9   1.9
  2.9  67.2  35.8   1.7
  4.7  73.3   8.1   1.7
  3.5  44.2  62.4   2.5
  4.6  36.0  69.9   1.6
  1.3  61.5   9.8   2.3
  1.4  46.5  56.1   2.4
  1.1  54.6  14.5   2.4
  3.0  57.7  34.5   2.0
  4.5  19.2  30.7   1.6
  3.8  44.7  57.3   2.0
  4.6  49.2  38.7   2.4
  2.0  31.6  46.3   1.7
  1.4  46.2  85.1   2.1
  1.5  66.0  40.2   2.1
  3.1  74.0  60.4   1.7
  3.7  58.5  80.7   2.0
  4.2  52.1  47.5   2.5
  1.2  49.4  70.5   2.1
  3.2  22.4  48.2   1.6
  4.9  38.3  20.3   2.2
  2.7  23.5  90.7   1.6
  4.8  26.2  69.1   1.6
  1.9  25.9  13.6   2.1
  5.0  53.8  76.8   2.0
  1.5  22.2  93.9   1.8
  1.8  38.0  61.7   2.0
  4.4  56.2  24.5   1.8
  2.2  30.5  22.5   2.1
  3.6  23.1  51.7   1.8
  1.6  35.0  11.2   1.8
  4.1  69.1  79.6   1.7
  3.7  28.2  29.7   1.7
  4.0  68.6  45.0   2.1
  3.1  32.6  56.1   1.9
  3.3  54.6  20.7   2.1
  4.6  66.2  94.3   1.8
  3.9  54.3  53.0   2.3
  3.7  35.7  59.6   1.6
  1.9  30.2  24.5   1.8
  1.2  52.0  81.0   2.1
  3.0  19.4  40.3   2.4
  1.9  62.1  55.5   2.4
  3.8  34.4  63.9   2.1
  2.4  33.2  29.6   1.8
  3.2  54.3  93.7   1.7
  1.3  51.9  13.8   2.5
  1.6  34.3  35.1   1.9
  1.1  47.9   7.5   2.3
  2.4  52.4  76.3   2.0
  4.8  29.3  29.2   2.0
  3.8  34.6  58.4   2.5
  3.2  63.9  22.6   2.0
  4.1  33.3  68.5   1.5
  4.2  31.6  19.9   2.4
  1.9  65.7   9.8   1.6
  3.6  69.7  12.2   2.2
  3.5  15.6   9.7   1.6
  3.3  39.0  77.4   2.2
  1.8  44.7  79.0   2.2
  1.9  67.0  94.2   2.4
  1.2  41.6  61.3   1.8
  3.1  38.3  55.5   1.6
  4.1  19.1  35.1   2.2
  2.1  74.0  81.1   2.2
  3.9  62.8   5.5   1.9
  3.2  30.7  45.0   2.1
  2.4  66.2  48.9   2.3
  1.5  53.2  87.3   2.1
  3.0  26.7  10.3   1.9
  4.4  48.1  27.6   1.8
  1.7  16.3  15.0   2.1
  1.9  28.8  61.6   2.5
  3.3  26.9  29.5   1.9
  1.5  42.1  18.5   1.5
  4.4  46.2  79.9   2.2
  3.1  45.4  44.9   1.9
  3.5  50.6  17.4   2.0
  1.2  27.5  12.2   2.0
  2.5  68.6  17.3   2.2
  1.6  72.9  53.3   1.6
  2.3  26.9  37.2   2.3
  1.7  23.0  27.5   1.9
  3.9  70.4  12.8   1.9
  3.2  59.0  14.6   2.0
  3.5  28.3  87.1   1.9
  2.8  67.6  91.5   2.5
  4.8  25.0  89.5   2.3
  3.9  71.5  44.3   2.5
  2.9  53.0  37.5   1.6
  4.6  68.1  78.5   2.5
  3.5  74.2  90.0   1.7
  3.6  56.9  68.9   1.5
  2.0  24.2  60.2   1.7
  4.8  30.6  49.7   2.3
  4.4  68.5  59.2   2.0
  3.4  50.8  32.2   2.5
  3.9  59.3  88.0   1.9
  3.4  72.0  63.1   2.2
  1.6  72.8  14.2   1.7
  3.3  55.3  44.4   2.2
  3.1  61.2  74.2   1.9
  4.2  67.5  68.3   2.2
  1.8  20.1  52.5   2.1
  1.9  33.5  83.9   1.6
  1.2  21.2  60.3   2.1
  2.2  32.4  27.7   2.1
  2.0  36.0  36.9   2.4
  1.2  48.0  52.2   1.8
  1.5  16.5  16.4   2.3
  1.8  16.1  40.1   2.2
  3.6  64.5  30.0   2.4
  3.3  58.4  63.9   1.6
  2.8  74.6  41.7   1.9
  1.7  24.5  54.8   2.4
  2.6  45.9  80.0   2.4
  4.3  61.1  28.0   2.2
  4.9  54.6  74.6   2.4
  3.9  19.9  28.8   2.1
  3.0  23.1  68.4   2.4
  2.4  65.7  47.8   2.0
  4.8  43.3  14.0   1.5
  2.9  27.6  91.0   1.9
  1.1  45.1  33.4   2.2
  4.2  39.1  17.3   1.8
  3.3  44.4  79.4   2.3
  3.0  16.0  13.0   1.8
  3.4  45.0  22.5   1.9
  4.4  43.1  19.1   1.9
  2.9  61.5  22.7   2.4
  3.1  53.2  84.0   1.7
  4.7  62.9  90.0   1.7
  4.3  51.9   5.3   2.2
  4.8  16.2  49.5   1.6
  4.3  50.9  54.5   1.9
  2.4  36.1  82.7   2.1
  2.3  38.5  22.8   2.0
  2.0  19.4  76.5   2.2
  4.2  35.3  84.7   1.6
  4.7  16.2  49.1   2.0
  3.2  42.8  43.0   2.3
  3.3  53.7  14.9   2.1
  3.4  17.5  59.7   1.9
  1.4  56.7  28.2   1.6
  5.0  26.2  68.9   2.2
  4.9  64.5  59.3   1.7
  1.2  34.8  92.7   2.3
  1.7  54.6  31.7   1.9
  2.5  62.4  46.1   1.8
  4.9  55.3  19.0   1.7
  1.8  42.8   6.9   2.0
  2.7  46.2  45.6   2.4
  1.6  29.1  22.9   1.9
  2.7  24.7  83.0   1.9
  2.1  60.1  57.3   1.6
  1.7  44.1  32.1   2.1
  3.6  29.8  39.9   2.1
  2.3  32.9  42.5   1.8
  2.1  32.4  51.2   2.0
  1.2  45.3  70.0   2.1
  1.4  27.6  17.3   1.9
  4.6  72.7  78.3   2.0
  2.4  70.0  34.3   1.9
  4.5  57.9  24.6   2.0
  2.9  69.9  72.3   2.0
  4.9  35.9   8.3   1.9
  2.5  36.3   7.0   2.0
  3.6  38.7  60.1   2.3
  4.5  74.9  14.3   1.7
  3.7  57.2  53.7   1.7
  4.5  47.0  57.1   1.6
  1.5  16.3  29.7   2.3
  1.4  26.2  32.8   2.5
  2.1  49.2  39.8   1.6
  3.3  64.7  62.2   1.6
  4.7  50.6  65.4   2.4
  2.2  39.2  16.2   1.6
  4.2  65.3  46.4   2.2
  4.6  15.3  60.1   1.6
  3.8  64.0   5.4   2.2
  2.3  64.0  79.0   2.4
  3.4  21.4  28.1   1.6
  3.2  35.6  11.0   1.7
  4.1  54.4  31.1   1.8
  3.4  60.7  85.0   1.9
  1.6  60.3  67.9   2.1
  2.8  65.6   5.2   2.0
  3.9  37.8  77.4   2.0
  1.6  68.7  34.4   1.7
  3.6  44.6   9.4   1.9
  4.4  38.3  92.7   2.0
  4.6  73.3  24.0   1.6
  3.2  27.6  76.2   1.8
  3.5  16.3  35.0   2.2
  2.3  27.3  23.6   2.4
  3.5  53.1  72.1   1.9
  3.4  26.6  67.4   2.2
  2.6  40.7  74.6   1.9
  1.0  34.4   9.8   1.7
  3.7  48.0  10.9   2.3
  4.7  67.9  73.4   1.6
  1.2  49.9  33.4   2.1
  2.1  28.2  70.4   2.2
  4.8  34.4  58.2   1.6
  1.3  31.1  29.7   1.9
  3.2  57.3  91.6   1.8
  1.7  44.5  25.8   1.9
  4.4  72.9  46.5   2.4
  1.3  30.1  40.0   2.1
  3.2  63.0  38.6   1.7
  1.6  18.1  63.1   1.9
  2.6  26.4   7.3   1.5
  1.9  52.9  57.6   2.2
  3.7  36.6  75.9   1.7
  1.1  18.2  43.5   2.2
  2.9  26.9  35.3   1.9
  4.9  72.6  18.6   2.0
  3.5  43.0  35.1   2.0
  2.8  38.5  81.7   2.0
  4.5  74.5   9.1   2.3
  4.3  24.7  45.9   1.9
  2.0  47.3  25.2   2.2
  2.0  35.4  80.8   1.6
  4.5  56.8  16.0   2.1
  3.9  57.5  75.2   1.8
  4.4  45.2  57.4   2.4
  1.6  46.6  39.7   2.5
  3.9  74.3  53.7   2.2
  4.2  40.7  64.6   2.5
  4.0  33.7  21.8   2.1
  2.1  30.6  47.2   1.7
  1.1  15.1  56.7   2.4
  1.1  24.8  81.4   2.4
  2.2  41.2  88.5   2.3
  4.4  67.8   8.8   1.9
  1.8  25.5  62.4   2.3
  3.9  21.0  19.5   2.3
  4.8  18.1  65.2   2.0
  4.5  49.1  42.7   1.7
  3.4  22.4  76.6   1.8
  3.5  70.0  27.1   1.8
  4.0  32.6  53.7   2.4
  3.9  38.8  53.2   2.2
  3.4  34.9  59.1   2.0
  3.1  37.7  18.1   2.0
  2.7  39.7  87.0   1.7
  1.8  37.6  83.3   1.5
  3.5  30.4  56.5   2.2
  2.4  45.6  56.8   1.6
  2.0  41.7  72.2   2.5
  3.0  52.1  73.3   1.6
  2.7  41.4   5.3   1.9
  4.9  60.5  76.8   1.7
  2.6  31.1  88.6   1.6
  2.7  26.2  43.8   2.3
  4.4  73.4  14.1   2.0
  4.4  74.8  19.9   1.7
  2.7  69.7   6.6   2.2
  4.3  22.7  35.0   2.0
  1.2  53.6  50.3   2.3
  4.2  40.4  29.7   1.6
  1.6  51.0  20.6   1.9
  2.7  60.8  81.5   1.7
  1.3  21.0  20.3   1.5
  3.9  44.7  11.7   2.0
  4.8  35.7  86.4   2.3
  1.3  70.5  47.6   1.9
  3.6  53.3  46.7   2.0
  4.5  66.8  61.9   1.9
  1.3  40.3  31.1   1.9
  3.2  53.1  94.2   1.9
  4.5  32.5  12.1   1.7
  1.4  16.7  78.5   1.8
  2.4  18.2  58.1   2.3
  3.6  44.5  62.0   1.9
  3.4  51.8  56.0   1.7
  1.6  62.6  19.2   2.3
  4.2  52.4  40.6   1.7
  1.5  37.2  57.4   2.1
  4.2  16.5  86.2   1.8
  1.5  70.6  38.2   1.9
  2.2  35.8  65.6   2.2
  1.4  17.0  79.4   2.1
  4.4  43.4  40.2   2.3
  4.2  26.7   6.3   2.0
  3.8  24.7  35.5   1.8
  4.9  55.8  47.7   1.7
  3.5  36.4  46.5   2.3
  3.4  19.1  71.9   2.3
  1.1  25.2  90.6   1.8
  3.0  26.6  11.9   1.8
  4.8  29.3  11.4   1.8
  2.1  15.6  83.3   2.3
  4.9  51.8  70.8   2.2
  2.4  17.4  69.8   2.0
  2.8  16.4   7.1   1.8
  2.7  71.1  68.3   2.3
  4.9  17.5  64.7   2.0
  1.6  58.5  22.4   1.8
  4.4  55.0  40.9   1.7
  1.6  67.4  41.0   2.2
  1.2  72.3  92.9   1.6
  2.8  57.3  15.3   1.6
  3.5  25.5  23.2   1.8
  2.7  55.8  48.2   2.2
  3.1  70.9  42.3   1.8
  4.9  71.4  24.3   2.2
  4.0  72.3  24.9   2.5
  1.6  24.1   9.8   2.4
  3.8  51.7  30.1   1.6
  3.1  32.5  51.8   1.7
  1.0  37.2  18.5   1.5
  4.8  44.5   7.1   1.9
  3.6  22.8  82.2   2.3
  1.6  61.5  37.3   2.2
  2.8  35.5  89.1   2.4
  1.4  52.7  49.5   2.2
  2.3  26.5  18.1   1.7
  1.5  33.7  49.3   2.1
  3.2  20.5  71.2   1.6
  3.1  68.0  75.5   1.6
  1.8  59.7  75.6   1.5
  1.8  64.0  45.9   1.7
  3.4  51.2  15.5   1.6
  1.7  48.1  90.2   1.8
  2.6  71.1  12.0   1.9
  4.6  22.4  26.6   2.3
  2.1  22.1  74.0   2.3
  1.7  69.2  85.4   2.2
  1.8  48.7  93.4   2.4
  4.0  35.8  77.4   2.1
  2.5  19.7  32.1   2.0
  4.0  69.5  30.6   1.6
  2.3  61.0  23.4   2.2
  4.1  34.2  81.1   1.8
  3.9  35.3  14.3   2.1
  4.5  59.8  37.5   1.8
  1.6  46.3  87.5   2.3
  2.1  23.0  46.2   2.0
  4.0  69.4   8.3   1.8
  4.4  27.0  51.8   2.0
  1.5  15.6  22.6   2.3
  3.6  37.3  51.2   1.9
  4.2  66.6  64.6   1.8
  2.3  64.2  23.0   2.1
  2.4  59.3  16.5   2.1
  2.2  25.6  80.0   1.8
  2.2  58.3  10.5   2.0
  2.1  64.9  93.7   1.9
  4.2  47.0  13.6   1.6
  2.5  15.9  83.5   2.2
  1.9  70.7  19.3   2.1
  2.5  39.3  19.9   1.6
  1.7  68.3  14.8   2.1
  1.7  64.0  64.0   2.2
  3.8  16.2  29.2   1.8
  2.8  63.8  12.6   2.5
  4.4  16.7  26.7   2.1
  1.7  70.8  51.6   2.2
  1.9  59.9  84.1   2.1
  3.0  51.0  58.6   2.0
  3.2  38.4  65.1   1.9
  3.5  24.6  78.0   2.2
  1.9  57.0  38.1   2.2
  4.3  27.8  28.1   2.0
  1.4  35.7  54.2   2.1
  4.2  60.1  46.5   2.1
  2.0  69.7  61.9   2.1
  1.5  64.3  46.2   1.5
  4.9  19.5  13.1   2.1
  1.7  40.5  25.7   2.2
  2.8  63.1  41.0   1.8
  1.4  22.8  33.1   2.4
  3.4  43.9  68.8   2.4
  1.3  18.2   6.3   2.5
  4.7  23.1  74.0   1.8
  3.3  59.4  30.1   2.0
  1.3  31.1  25.1   1.9
  4.7  26.2  24.4   2.4
  3.2  29.8  36.5   2.2
  3.8  74.9  19.4   1.8
  4.5  31.4  52.7   2.0
  3.0  23.5  25.5   1.7
  3.2  33.2  53.4   2.2
  1.3  24.7  15.2   2.4
  1.3  34.6  48.9   2.4
  3.8  20.9  65.3   2.2
  3.0  54.4  67.5   1.5
  1.8  32.2  59.3   1.6
  1.6  65.0  16.2   1.7
  3.2  28.1  34.2   1.7
  1.8  73.8  45.3   2.5
  3.9  54.9  70.0   2.3
  2.1  65.5  86.8   2.3
  3.8  48.7  78.9   2.5
  2.6  50.1  68.3   2.0
  1.0  21.5  94.8   2.3
  4.9  40.0  29.4   1.7
  1.9  56.7  86.7   2.1
  4.3  46.3  72.3   2.4
  1.9  38.2  62.8   2.0
  1.8  60.6  53.8   2.4
  1.5  33.0  24.7   2.0
  2.1  46.2  18.2   2.4
  1.4  19.3  30.6   1.8
  3.2  16.8  34.9   1.8
  3.4  32.6  84.3   1.8
  1.1  57.2  79.5   2.1
  3.0  54.7  58.5   1.7
  3.5  54.0  43.6   1.8
  2.1  58.5  66.3   2.4
  2.3  20.4  10.0   1.6
  2.6  27.6  61.0   2.3
  4.4  54.4  37.6   2.3
  4.8  74.1  52.0   2.3
  3.7  46.2  36.3   2.5
  3.5  25.9  50.7   1.7
  1.2  59.3  46.7   2.3
  2.1  60.1   9.0   2.4
  4.9  68.3  76.1   1.7
  3.0  55.4  29.1   2.1
  2.1  46.2  12.0   1.8
  2.5  33.3  43.2   2.3
  4.9  69.3  87.9   1.6
  3.3  46.5  31.8   2.3
  3.5  48.1  12.7   2.2
  1.9  71.2   9.7   2.4
  4.1  30.7  63.5   1.6
  2.5  71.5  35.2   2.3
  4.2  40.7  74.5   2.0
  2.6  23.3  11.8   2.3
  3.8  46.2  84.7   1.6
  2.6  60.1  48.2   2.5
  1.7  19.0  38.9   2.1
  2.6  26.2  58.4   1.8
  1.5  43.4  26.8   2.1
  3.0  74.2  72.9   2.2
  4.0  72.4  16.8   1.9
  3.3  26.7  51.8   1.6
  2.7  68.3  79.5   1.8
  3.4  31.0  45.1   1.9
  1.0  50.3  15.8   2.2
  2.2  46.8  84.6   2.3
  4.2  58.7  33.4   1.9
  3.4  34.7  25.3   1.6
  4.1  70.2  56.6   2.4
  2.5  22.6  77.7   2.5
  4.4  24.5  66.0   1.6
  3.7  38.8  21.7   1.7
  2.1  57.7  19.2   1.8
  5.0  15.4  56.1   2.0
  2.0  20.5  24.6   1.5
  4.5  18.5  83.8   2.3
  2.9  42.0  44.3   1.9
  3.0  24.0  69.8   2.3
  1.8  64.3  68.3   1.7
  2.0  34.4  36.0   2.0
  1.7  66.8  24.5   1.7
  2.6  56.3  88.0   2.3
  3.2  72.5   5.8   2.0
  2.3  33.4  67.2   1.6
  3.2  15.6  25.5   1.9
  2.4  39.9  73.2   2.1
  1.4  32.1  58.0   2.1
  4.9  55.8  90.5   1.6
  2.4  74.6  58.7   1.8
  2.6  61.3  36.6   1.9
  2.8  70.8  81.8   1.8
  4.0  36.4  26.0   1.6
  3.2  29.9  43.3   2.5
  1.7  62.3  14.2   2.4
  4.7  50.3  42.4   2.2
  2.2  26.5  46.3   1.9
  1.6  39.2  18.8   1.8
  2.3  37.2  58.3   1.5
  1.2  37.0  41.8   2.0
  3.7  33.9  60.6   2.1
  2.0  63.4  74.1   1.7
  2.3  19.9  77.1   1.7
  4.6  15.1  67.9   2.3
  3.6  54.5  10.1   2.1
  2.7  70.2   6.9   1.9
  2.2  47.3  81.5   1.8
  1.1  45.8   8.4   1.8
  2.1  30.9  41.9   1.8
  4.1  42.1  92.2   1.9
  5.0  41.1  60.4   2.0
  2.3  53.0  74.3   2.2
  3.3  30.5  62.4   1.9
  1.8  43.6  69.3   1.9
  4.6  56.9  93.3   1.9
  2.7  48.6  58.9   2.4
  2.2  36.4  29.9   1.7
  2.3  47.2  93.7   2.1
  1.1  37.3  34.6   1.6
  1.2  58.3  46.8   2.3
  2.1  46.0  26.6   2.5
  3.7  26.6  32.1   2.2
  2.5  59.6  41.9   2.2
  1.1  68.8  39.2   2.2
  4.2  57.3  93.7   1.8
  2.2  27.2  16.7   2.0
  3.2  35.4  25.0   1.9
  3.0  55.7  38.3   1.6
  2.0  62.3  70.9   1.7
  3.7  15.6  10.0   1.6
  1.5  31.1   8.3   1.9
  2.7  43.7  72.6   1.7
  2.6  32.0  91.9   1.9
  2.0  67.5  14.7   1.6
  4.6  52.8  41.5   2.0
  1.4  70.0  62.9   2.5
  3.3  60.4  44.6   1.6
  2.5  32.4  72.3   2.4
  3.7  22.9  19.0   1.9
  5.0  26.3  53.8   1.5
  2.8  74.8  26.6   1.8
  4.2  16.4  58.7   1.9
  3.5  69.1  35.8   1.7
  1.6  59.2  16.1   1.5
  3.8  17.3  18.1   2.4
  1.2  21.7  63.4   2.3
  2.0  40.6  65.0   2.1
  3.1  52.0  69.6   1.8
  2.2  62.5  34.1   2.1
  2.4  37.9  37.1   1.8
  1.2  42.3  71.8   1.7
  3.3  20.6   6.0   1.8
  3.8  49.4  37.1   2.2
  3.2  30.3  90.2   1.9
  4.0  72.0  56.2   1.9
  4.0  40.6  85.3   1.5
  3.2  29.0  11.8   1.9
  2.0  41.9  40.9   2.4
  4.6  34.2  48.9   2.3
  1.4  59.6  30.9   1.7
  2.4  45.0   5.7   2.3
  4.4  69.1  64.6   2.4
  3.8  25.7  37.6   2.2
  3.5  50.9  79.2   1.9
  3.2  67.8  51.6   2.1
  2.3  30.1  65.0   1.5
  3.0  47.5  24.7   2.2
  2.4  39.8  92.1   1.7
  3.2  71.8  62.6   2.0
  3.5  67.8  35.9   1.6
  1.4  15.2  54.9   1.9
  4.7  68.4  61.9   2.3
  3.5  40.0  66.6   1.8
  1.6  66.1  38.2   1.9
  4.8  23.4  16.5   2.2
  2.2  37.0  30.6   2.0
  2.7  21.5  90.7   2.3
  1.5  37.3  60.3   2.1
  4.9  24.5  35.0   2.1
  1.9  38.9  17.6   2.3
  1.4  31.6  60.4   2.2
  4.3  23.2   5.5   2.4
  1.8  55.1  13.4   2.1
  1.3  58.3  39.5   1.6
  4.8  28.7   9.0   1.5
  3.9  23.0  54.5   1.7
  1.8  36.5  94.8   2.1
  4.1  34.3  48.0   1.8
  1.2  74.7  14.2   2.4
  3.5  54.3  59.4   2.0
  4.7  41.2  52.7   1.7
  3.5  73.5  57.3   1.6
  0.2   0.2   0.3   0.4   0.2   0.3   0.4   0.4   0.2   0.2   0.3   0.2   0.3   0.2   0.4   0.3   0.3   0.3   0.3   0.2   0.3   0.4   0.3   0.3   0.3   0.4   0.2   0.3   0.2   0.2   0.3   0.4   0.3   0.2   0.3   0.4   0.3   0.4   0.2   0.2   0.4   0.3   0.4   0.3   0.4   0.3   0.3   0.2   0.2   0.4   0.4   0.2   0.4   0.3   0.2   0.3   0.3   0.2   0.2   0.3   0.3   0.3   0.3   0.2   0.4   0.2   0.4   0.3   0.3   0.3   0.4   0.3   0.3   0.2   0.4   0.2   0.3   0.3   0.2   0.2   0.3   0.2   0.2   0.3   0.2   0.3   0.3   0.3   0.3   0.4   0.2   0.4   0.2   0.4   0.3   0.2   0.2   0.4   0.4   0.3   0.4   0.3   0.3   0.3   0.4   0.3   0.4   0.2   0.4   0.4   0.3   0.2   0.4   0.4   0.3   0.2   0.4   0.3   0.4   0.2   0.3   0.3   0.3   0.3   0.4   0.2   0.2   0.4   0.3   0.2   0.3   0.3   0.3   0.4   0.2   0.3   0.3   0.3   0.3   0.2   0.4   0.4   0.3   0.3   0.3   0.2   0.4   0.3   0.4   0.2   0.4   0.3   0.4   0.2   0.4   0.4   0.4   0.2   0.3   0.4   0.4   0.3   0.4   0.4   0.4   0.3   0.3   0.3   0.4   0.3   0.2   0.3   0.3   0.3   0.4   0.2   0.3   0.2   0.3   0.3   0.2   0.2   0.2   0.4   0.2   0.3   0.4   0.3   0.3   0.3   0.4   0.3   0.3   0.2   0.3   0.4   0.3   0.3   0.2   0.4   0.2   0.4   0.2   0.2   0.4   0.3   0.2   0.2   0.4   0.3   0.3   0.3   0.2   0.3   0.2   0.3   0.2   0.4   0.4   0.2   0.3   0.3   0.4   0.3   0.2   0.2   0.4   0.4   0.3   0.4   0.3   0.4   0.3   0.3   0.4   0.3   0.2   0.3   0.4   0.4   0.2   0.2   0.3   0.3   0.3   0.4   0.3   0.3   0.3   0.4   0.3   0.3   0.2   0.4   0.3   0.4   0.2   0.3   0.3   0.3   0.3   0.2   0.2   0.3   0.4   0.3   0.3   0.3   0.3   0.3   0.4   0.4   0.3   0.3   0.4   0.4   0.4   0.3   0.2   0.3   0.2   0.3   0.2   0.3   0.3   0.2   0.4   0.3   0.2   0.3   0.2   0.2   0.3   0.4   0.3   0.4   0.4   0.2   0.3   0.3   0.3   0.2   0.4   0.3   0.2   0.3   0.4   0.3   0.3   0.4   0.4   0.3   0.2   0.4   0.4   0.2   0.2   0.2   0.2   0.4   0.2   0.2   0.3   0.4   0.4   0.3   0.2   0.3   0.3   0.3   0.3   0.3   0.2   0.2   0.4   0.3   0.3   0.4   0.3   0.4   0.2   0.3   0.4   0.3   0.3   0.2   0.3   0.3   0.2   0.4   0.3   0.2   0.3   0.2   0.3   0.3   0.3   0.2   0.2   0.3   0.3   0.3   0.3   0.2   0.3   0.3   0.3   0.3   0.4   0.3   0.2   0.4   0.4   0.3   0.3   0.2   0.3   0.3   0.3   0.4   0.3   0.4   0.2   0.4   0.3   0.4   0.2   0.3   0.2   0.4   0.4   0.4   0.2   0.3   0.2   0.3   0.2   0.3   0.2   0.4   0.4   0.2   0.4   0.3   0.3   0.3   0.3   0.3   0.2   0.3   0.2   0.4   0.3   0.2   0.3   0.4   0.3   0.2   0.4   0.4   0.4   0.2   0.3   0.3   0.2   0.3   0.2   0.4   0.3   0.3   0.3   0.4   0.2   0.3   0.2   0.3   0.3   0.3   0.2   0.2   0.2   0.3   0.3   0.4   0.2   0.2   0.4   0.2   0.2   0.3   0.3   0.3   0.2   0.2   0.3   0.3   0.3   0.2   0.3   0.3   0.3   0.4   0.4   0.3   0.3   0.4   0.4   0.4   0.3   0.3   0.3   0.4   0.4   0.4   0.3   0.3   0.3   0.4   0.4   0.4   0.2   0.4   0.3   0.3   0.4   0.2   0.3   0.3   0.3   0.2   0.4   0.4   0.3   0.4   0.4   0.2   0.4   0.2   0.3   0.4   0.3   0.2   0.4   0.3   0.4   0.4   0.3   0.4   0.3   0.4   0.4   0.3   0.4   0.4   0.3   0.4   0.3   0.3   0.3   0.3   0.3   0.3   0.2   0.4   0.3   0.3   0.2   0.2   0.3   0.3   0.3   0.2   0.2   0.2   0.2   0.4   0.4   0.4   0.3   0.3   0.3   0.4   0.4   0.2   0.2   0.2   0.3   0.3   0.3   0.4   0.2   0.2   0.2   0.3   0.4   0.2   0.4   0.4   0.3   0.3   0.3   0.3   0.2   0.3   0.2   0.3   0.4   0.3   0.4   0.3   0.3   0.4   0.2   0.4   0.3   0.4   0.3   0.3   0.4   0.4   0.4   0.3   0.3   0.2   0.3   0.2   0.3   0.4   0.3   0.2   0.3   0.3   0.2   0.4   0.2   0.4   0.3   0.2   0.2   0.4   0.2   0.3   0.4   0.3   0.4   0.3   0.4   0.4   0.3   0.4   0.4   0.4   0.2   0.4   0.2   0.3   0.3   0.3   0.2   0.2   0.3   0.3   0.3   0.3   0.2   0.2   0.4   0.4   0.4   0.3   0.2   0.3   0.4   0.3   0.3   0.4   0.4   0.2   0.3   0.2   0.3   0.3   0.2   0.3   0.2   0.2   0.3   0.3   0.3   0.3   0.3   0.3   0.3   0.3   0.3   0.4   0.3   0.3   0.2   0.3   0.2   0.4   0.3   0.3   0.3   0.3   0.2   0.4   0.3   0.3   0.3   0.2   0.2   0.3   0.4   0.3   0.2   0.3   0.4   0.3   0.2   0.3   0.3   0.3   0.3   0.2   0.2   0.4   0.2   0.4   0.3   0.3   0.3   0.2   0.3   0.3   0.4   0.2   0.3   0.3   0.3   0.3   0.3   0.3   0.3   0.3   0.4   0.3   0.2   0.2   0.3   0.3   0.3   0.3   0.3   0.3   0.2   0.3   0.3   0.3 
   82   146    37   105    36    52   175    92    46    13   180   178   160     8   138    70    25    64     1   120    11    89    33   142   142   125    77    72   136   145   124   149   119    56    84   130   145   166   162    51    79   137   154    61    94   152   108   121   157    96   167    99    49    82   128   105    42   136    39    86    31   180   174    83    65   154    94    41    43    86   151   130   172   126    30    37     6   161    91    93   174   133   100    84    80    12   141    72     8    21   166   150    70    56   174    10    90     8    89   120    66   149   180   159    75   174    60    15    68    16    23   167    94   171   155    25    44   148    70    99    94   142   108   142    24    60     9    84    13    21   140   173    23   135    46   118   145    11    89    33   145   105   167    37    53   133    90    85    61   170   145   119    43   129   149    49    41    93   139    93   122    19   110   113    16   107    19    54     5     9   122     8    51    77   116    24   138   104    47    82   176   125    35   169     2   173    98   137   111     2   179   137    54   171   179     8   178   153    24    99    57    58   131    98   138    66    83    39   136   170   152    77   170   150    82    74   126    77   100   173    35    31   159    74    64    62     5    19   116   147    62   124   132    87   132   176    81    14    26   111    29     2   109   116    24   119    70    17    75    34   140     7    48   161   161   163   174    93    65    62   164   158   105    59    69    51   105   155    91    20     6    33    42   126   179    73   136    83    58    69     2    85    55    62   123   166   175    74    97   145    89   117    22    57   111    56   134   180    93   134   152   118    90   156   109    64    63   151    83    22    33     2    40   159    43   180   125   136    34    27    13    94    30    77   170    20   109    84   160    99    31    84   176    44    55    40   146    97   109   161    82    30    78    46     3    15    38    75    50   180    92   110    39   137    91   176   108   180   167   133   121   145     2   146    28   154   156    38    16   179    67     9    60   122   116   120    76    86   109   150    42   135    47    48   113   143    13   129    17   142   173    65    64    52     3    91     6   107   179    83    51    10   176    40   126    91    12    88     3   128   123   153   135   153   134    46   135   124   174   149    28    95   147   170   161    51    80   177   114   112    79   128   155    95   159    34   123   142   180    35    33     5    15     8    57    48    64   119   139    95   177   102    86    33    82   121    23     7   177   148    99   149    50    72   104    88    33    52   174    46    98    37   159   108    82   120   139   179    21    92    69    26   133    67   114   145   134    85   107   131    61    97    54   122     4    36   140    69   161   146    59   166   177    41    47    70    45   112    40    50   109   105    30    28    82    99    39    28    66    40    93   102    60   130    45   138    92   111    99    73   107   180     8     8     4   126    66   174    68    32   141   176    56   114    50    56   179   143    72    19   102    20    31   157   113    97    63    42    26    37    39    33   176   158    23    89   149   113    52   112   101    75   129    66   130   168    92    53   167    55    31    87    51    70    83    24   165   116   152    24    85   111   134   172    21   106    72   126   168   106   123   158    42    34   140    83    68   100     1   167     8   105    67   149    79    73    47    75    49   172    56   129    60    36   113   134   155   161    78   107    60    55   139    67    25   159    42    76   118   171   133   161    96   121   149   147   120   126   163     3    24    62     3    80    59   152    38   153   159   170    68    33    81    50   176     4   165   136   150   171     8     8   149   108   116    18     3    20    70    69   122    47   163   145    31    30    25   131   114    48    11   145    87    59     9   149    66   121    65   157    42    17     9    56    88     9   141    87   117    21    54    68   169   105     8    33    63     3    24    16 
   56    97    89     4   114   115   122    40    83    91     2    87    76    90    93    39   133     3    67    84   119     4   102    51    13   113    94   111   180    87    85    71    85     2   155   123   147   124    25   136   139    64   179   120   132    35    25    76    29    47    83    91    17   166    74    39    23   113    19   141   139    66    79   115   147    10   159   175   167    89    57    37   123     6    22   177     1    52     9    22   117    23    46    19    82    83   138   167    81   140   125    56   140   160    15    28    11   172    45    54   150    86   132   140    33   157   109   145    78    56    15   107    77   119    81   133    51    93    11     3    55   124   104    60    29    37   124    25    75   147    50    95   107     7    68   154    91   144    63    14    15   110   113    23   167   110   142   148   155   101     3   171    95    33    73    26   109    45    92   104     4   171    77    22    64    62   167   149   131    70   179    60   101   113   128   167   168    91   141   112   139   109    16    59   115   167   174    25   158   140    51   126   125    54   155    62    73   119   168   117    36    43    69    63   133   177   135    83    76    92    61     8    26    52   114   133   165   147   180   114   101    11   157   142   120    84    22    96    51   174    83    58   152    94    93   162    67    67   151   149   159    51    40   101   146   138   105     3    41    73   114    90   177    80   118   140   128    99    71    84    41   114   138    75   168    48   176   153   123   126   109    54   125   175    36   138   118    80   138   114    11    40   180    52    24   109    25   157    99     3    20    33    14    11    23   133   144   118   109    62    21   147    21     4   176    20     1   109   108   109    20    14     1   105    21   141    20    54   108   145    75   105   165   180    11    97   167     1    94     1   106    99    39    36   160     8    78   152    94   119   155   143   166    44   162    32    24     4   104    37   127    22   161   143    43   165    49    42    76    23   132    16   122    54    34    63    72   130   128    51     2    68    52   156    53   114   153    96    12    48   179   140    42    90   180    53   142    38   134    92    82    29    63   168    10   160   112   143    67    89   119   151    52    62   131   140     3    38   150   166    70   172   164   126     4    28    84    84   157    11    44    30   157    81    12    21    97    93    55    93    11    56    71    94   123   172    16   177   107   173    57   167    67   113     4    83   154   175    66     4    41   137    94   156    11   111    87   115   147   139    37   105    18    90    60   179   140    11     3   100    19    23   147   137   163   112    96   115   162   111    85    14    82   155    39   137    70   165    31   179    57   130   156    62    35   109    28    28    17    74   122    76   102   105    26    51   106    76    19    31   180   123   111   144   111    82   138    31    93    64     7   171    80   124    87    10    42    97   111   111    87   172   106   137   178    19    89   119    20   168    97    32   126   132    85   157   171   137   151   152   170   118   171    78    93    89   155    10    46     7    26   155    85    33    39   124    16   139    99    86    71   155   176   112   128   141    56   140    51   104   113    50   112   125    21     8    41    77   121    87   160    55    37   128   127    55   151   123   150   129    44    92    59    13    71    75    59    28   170   105    52    44     1    29   158   135   123   143   143    78    18   129   107    73    93    90    72   170   120   167    51    92   145     9     2   126    16    81    30    62    49   105   109    79    51   132    86   103   135    14   161    41    75    91   170   128    35   112   121   105   154   147   128    54    75    56    33    41    92   153   120    29   147   167   165   135    68   129    30   176   127    96    86    26    90    20   106    30    41    38    34    14    96    44     1    41    75   129   148   119    36   117    88   139    31    35    46   173   126    13    68   118   163   167   130    19   176    92    39    13 
   96    54   155    35    29    91    54     2    85    25   172   148   129   108   133   162    97    51    53     6   167    25    75   110    18    34   101   109    92   149    57   142    64    49    44   170    99    71   136    45    72    91    59   121   144   113   133    68    23    53    64   173    86   175    35     9   110    73    46   131    17    51   177   100    20    20    30    95   128   152    88   164   176   177   166    80   108   112   169    86   153   119   158   174   113   144   102    71    74   143   145    92    51   174    57   151    66    41    33    55   120    59   110   101     7    22   144   173    35   117   175   169   137    11    47    98   132    95    38    51    65    46   131    55   113    45   100    38    34    84    75   160    56    63    98   102    57   165   129   144    56    37   169    94    64    18    55    71   124     1   104    43   112   159    49    31    99   148   171   162   142   177   136   176   144    13   100   128    26    79    37    92   180    77   117    46    48    89    30   180   153   180    49    82   105    76    67   171   101    21    34   151   158    30   149   111   112   179    27    72   133    47    12   132   154   101    94    39   162    33    48    38   141   136   134    92   150   122    33    27     1   169    93    69    35   124   170   137    16   108   133   109   170     7     6    34    23    91   152   154    49    75    50   133   122    65    44    12    39    66    91    77     2   141    89    99    55   113   163    94   164    13    69    11    90    98    79   122    51   117   143    94   167   133   139    31   161   139   113    70   153   175   142    11    91    30   135    58    66    10    18    13    15    85    12    91    92   127   176   102   156    35   106   104     2   142   107    31   138    19    98   135   170   157    70   153    17   159    75   180   163    34   141   139    63   110    81    94    15    95   173    38    25    40   132    19   119    26    91    24    91    44    54   166   114    73   171   105   128   159    14   153   148    97   149   148   102     5   135    82    34   132   160   143   131   105    31    60     2    87     7    46    88   100   116    41    65    64   162    44   155   166   141    41   179   134   109    17    88    86   129   126   137   113   133    32    93    25    99    57    32    33   107    61    66   172    15   126    33   125   118    30   115    77   133    63    89    22    15   130     2   145    43    51    28   138     4     5    60   112    68   172     3   153   107    97     9    61    33   118    17    39   158    17    93   104    27    25    77   147   107    84    89    54    48   105   149    43   121    65   122   104    16   119   135   177   131   129    68    61   168   162   121    93    75   145   175   107   108   156    80   164   114   157    38    85    61   137    28    79   131    83    85    81    18   143   154    44    58   149    25   131   157   164    79     1    27    88    84    86    13   156   157    73    98    21   149    51    53    69   127   123    60    90   102    79    25   100   172   102   119    45    49   146    12    36   143   124    69    96    58    48   164   179    77   135   169   109    59     2   151    96   170    88   166    86   153    31    27   166    66    72     6    49    24   117    19    89    53    66   177    29   101    50    92   134    94   119    20   176   135   152    89    64   148     1    16   165    63   150    31    95    95    30   107   124    86   157    94   123   149    58    17    29    45    79     7   151    98   162   165   159   180   110    75   144    75     8   107   114    75    87   155    79    59   101    18    99   118    41    75   119     4    45   151    38   160    81    27   129     6   151   134    66     7   159    70   127    92    62   127   112   168    27    96   111   109   169    64    98   137   131    73   178   103    72    54   162    23   141    56   175   125   165    12   144    26    53   128    33     6    89    37    15    32   138   106    88   128    66    37   122    22    10    31     3   152    23    29    33    99    87    41   175   153     1   139   117   108    22   112     7    99    81   118   114    45   113    79    26 
   57   157     4    38   114    36   157   111   121   176    14   135    54   148   135   169    55     9   151    48    86   126   178    70   167    24    68    61    74     5    76   127    72   172   167   172    65    76    72    38    73   169    70    40    83   141   152    54   140    83    83     8    52   146    98    41   118    26    63    90     7   104    70   139   116    40    47   100   135   167    38   167   119   176    85    53   102    57    96    84    34   164    67   134   145     4   129    29    93    10    14    96     7    26     6    20    39    14   123   102   164   179    38    42   175    16   133   175    49   175    52   175    69    41     4    56    67   165    73   176    68   167    32    96    89   178    57     1   120   160    92    38   174    15    35    45   128   174   171     9    58   162   113    99   127    65    56    12    15   124     4    64   117    85   126   134    28    79    57    67    62    82   173    24     2    61    56    59    25   144    61    86    80   159   123   114   117    90     6   120   140    95    24    92   152   102    67   125   134   144   155    49   102    35   106    80   125   131   103   162    99   159    88    25    32    31    30   145    93   159    89    86    69    83   147   137   151   175   175    12   124   104    12    87    33    60    45   114     1    88   104    18    13   161   148   110   147   133   118   125   131     2   133   176   148   166   111   104    29   147    30    48   147   170   107   107   171   135    12   132    27    64    68   127    55     2    52    12    62   179    29   122    60   149    34   133    50    41   164    63    36     9    87   151   163   138    99    62   178    19    24   180   149   176    14   140    90   139    75   117   106    33    45   131   179    37   115    23    34    94   119   138   170    47    65   163   110    30   153   101   174   134   158   125   163    63    93   169   172   106   173   101   103   162    21    93    29   143    65   111   173     2   124   154     3   175    69   119    61   127   108    67    55   113    29    92   143    78   152   103    19   125    44   126    84   131     1    55    84    31   120   106   117    84   151    95   112   161    94    25    64    92     6   110   102    99   130    91    93    55    17   133   163   146   106     8   148    98     1   155   125    92   102     3    53   101   145     8    90   129    39   144   109    38    85    60     9    17    44   168    45     6    31   152     2    96    10    83   150   135   162   120    32    99    35   159   126    60   114    58   126   155   125   116   171   104    88    81   158    64   100    41    67     5    14     9   157   165   102    26    15   163   103   103   136    35   120   171   159   164    15   161   135    35   119   113    46    93    91   160   102   167    36   118   126    72    97    26   168   171    17   158    66    87    93    64    32   133   122    10   137    51    25   179   134    21   159    11    68    50   118   122    85   163   107   125     8   115    31   108    75    50   139   168   102   116   178    14   180    99    79   147    52   150   123    28    44   174   154   159   113   161   147   123    94     1    81    92    38   170   170   131    38   174    84    64   122    32    40   112     4    68   112    29   159   158   154   157    18    22   172   176    42   118   173    25   155    73   139    46   121    94    79     8    76    52   180   117   156    50     1   113   110    84   167   107   102   150   141   141    80   132   148    32   107    58   117   119    28   176    45   148    10   154    77   161    74     1   176    27    74    89   125    24    80    35   176   112   158   125    88   152    85    44    79    59   104   141    74    73    41    18    17   175    95   138    82   112    76   137   180   122   125    96   153    81    25    41   170   130   108    98   125    18    67    84     6   103    29   118   108   119    84   137     8    73    74    74   139   161    23   167    64    49   158   137    30   176   168    32   171    24    91    55    29     1   179    56   131   127    29    53    42   143    34     2    21    27    48   126   113   101    86   144    12   106   113   133     7    81 
   72    50    59   178   167    48   110    71   162    55   128    66    88   121   132    41     5   143   113    43   113   106    80    58   149   164   109   130   141    45   146   136    78    80    20   133    37   140    25   108    24    66    48     2   118   123    97    96   126     9     9    75    52     8   144   104    49    58    33    35   159    66   135    58    42    66    17   179     9    25   115   110    26   148    27    31    64   132    43   117   176   120    12    49   128   151   180    71   128   164   155   110    69    17   111   158    74   111   146    60     4   105   177   135   169    99    51   101   176    43   163   177   155   176    67   169    76     4   138   179    20   115   177    38    58    43   132    15   131    95   175    96   150     3    91    39    61    50   103   137    20    35   136    95    60   148    81    83   115    84    21    92   138   109    50    77   126   112   130    93   162   130   113   165    41   159    91   157    34   132    51   112   167    14    61   176    93    48    90    69    27    65    23   133    46    12   154    82   147    51    73    12   118    78   125   147    42   154   131   133   150   173   177     3    67     2   178   108   127    68   114    86    35    42   114   105    45   167   147   113   105    34   121    44   101    68   145   103   159    61    95    34    27     1    74   151    68    48   170    11    60   160    94   168   172   139    32   109    12    44    24    30    27    65   146    32   167   154   100    84   142    14    67   129    39   156   180    62    31    81   114   158   174    33    46     6    98   135   174    23     5    10   167    74   162   142   159    32    25   173    42    23   132    87    48    62   127   150    67   127     6   125   107   120     8   107   125   102    15   137    52    53   170    88    59    70     5   158   164   171   154    56    25   145   116    33   161    89    72    97    83   135    67    28   127    32    79     8    92   139    59    45   143    13    23    29   154    82    97   104   172   159    94    25   167    25   118    35   152    20    35   132   173    48    75   172   157    39    11    44    32     7   122   174   123    95   133   165    93    86    24     8    98    49    47    38   153    32    79    65   142   112   153   175    17    85   116    26   121    90   133   127    48   112    90    80    60    24    97   130    37   120    47   130    16   135    24    73   147    45   133   163    80   111   111    51    15   149    72    40    30   179     6   130    83     6    26    17   135    82     6     8   123    68   173    31   159    93   124    24   148    77   102    10     1    47   143    28     1    82   150    59   147   143    21    22   123   132    33    82    33    76   153    63   104    34    93   113   153    42    43    32     7   114    52   141   115   130    85    36   131   137    72    77   126    63    11    95    39     5     4   121    89    12   112   127   136    53    24   164     9   118   139    18   125    93   179    19   105   177    13    57    55    23   120    79    92    14    95   152    42   141    39    11    92     1     1    72    43    69    66    27   113   160   161   114    81   136    53   176   156   112   120   114    67   123    63     2   135    16     2   106   147    56   151    36   105    64    55    85    21   152    96   127    58   106   117    12   164   176    41    66   123    69   150    66   110    86    41   131    62   164    55   170   144    17    74   161    13    28   153    48    58    43   175    39   124   102    74   148    70   179    50    87    33   111    22    67   152   103   171   106   102    30    53   135   100   126    19   171   148   107    69    20    56    13   128    64    47   152     2     5   155    22   175    85   136   180   133   127    94    89    12   177   114    67   148    52   161    33   109   120   119   100   113   149    12   139    62   132    65    62   133    59   124   123    96    32    62    85    18   177   114   130    49   124    48    58    49   166   159    75     2   176    33    72    17    80    64    91   137   160   140   163   173   121    39    38     5    23   118   124   100   103    96   134   151   146   142   143 
   39   176   111   174   127   150    85   162    74    25   151   166    23   115   142    41   116    86   137   140    76   143    31   121   142    17   153    67    53   156   165    43   121    27   152    24    20    58    78    16    67    45    12   103   179   179     9    20    23    64   127    69   141   144    56    21   114     2   134   171   117   123   134   140    87   179     4   167     4    10   143    92   135    84   178   100    82   141   140    64   166   135   136    27    99   117   160   129   138   152   102    46   180    66    57   149   110    54   180   100   117    15    87   150   151   147    72    94    59     8   109   127   142    92   154    40    30   155    46   107   119    29    56   158   148    98    69    15    27    62    62    44    45    63   137   162   153    91   123    93     9   113   164   126     9   100   104    11   167   149   145    16    71    43   142    52    94    61    69    97    53   146    44     3     3    19    62    80   143   178    33   140    47    94   122    23   113   174   121   122   128   150    34   125   168    95   173    85   151    99     4    66    30   130   126    76    89    72    25   125    51   171    67    22   144    10    44    58    25    37   102     5   140    60     9    39    92   116   110   167   116   141   173    26   142   166    37    39    60    82   133    28   150    37   156    18    15   180   164    81    90    34    30   142    62   169    55    32   152   114    72    65    54    68    79    69    66    90   121   101   151    54   134     5   169    56    83   133    36   117    85   104   169    67   127    46    26    16    43    26     9   161    58    70   149   101   108   110   119   133   140    21   125    65    40    53    95   143   103   172    10   123   172   131    41     8   180    32    87   154   161   157   132    16   155    42   111   101   146   127    70    11   170   168    73    46   144     8   159   103    66    95    16   133   157   133   177     7     9    29   142   150    96   104   153    83   108   170    51    94    81    50   137   162    29    26   127   162   127    17    36    64    67    87    12   105    63   163    91    96     7    44    62    58    32    14     8   134    45   137    64    98   122   133    78    26    87    36    40    18     2   160   159   123   165   143   103   163    48   107    38    26    99   119   109     2    25    28    84    28   177   136   115    87    36   175   127    11    49   100    88   126   129    94    45   159   154   104   146   120    24    90    72    69   133   130   107    14    52   160   150    68   105    89    12   166    61   107     4    96    90   117   112    18   172     5   142    47   175   158   157    98    62    67   158    92   118    50   157    51   139   100    62    19   163   111   145   178    75    69    14    86   166   138   145    73    63   142   164   124   133   149    19   121   123   112   117     3    71    45     5   122    26    92   166    35    74    87    98   146    98   128    78    95    56     7   114    69    42   105     1    73   171   123   111   151    75    87    19   152   153   130   178   148    92    59   163    45   166   106    90    81   135   173    45    61    99   136   107   141   155   123   135    16    92    55   166   175    27    15   128    14   136    81    34   152   118    18    50   132    93   160    10   101   172    76    23     5    41   111    37    34    22   149   143    78    52   142   131   162   163   169    34    46   163   149    50    57    75   123   154    22   137   118    24    52    24    41    49   148   136   125   134   102    24   104   166    32   132    53    65   175   174   178   114   101   131    62    59    46   112   131   131    48   134    26    65    10    59   157    90    50     7   106    25    99   105   120   178    17   163    23   146    76   153    98   156    46   153    77    42    63    84    95    42   125    92     3    32    98   127   161   160    67   133     4    60    65   145   102   146   134   106   136   122   168    96   125   147    68    62   176   170    42     5   106    83   117    54   122   117    90    57    97   120     3    52    22   137    40   168    65    67     1   162   166   131    93   150     1 
   69   128    57    79    70   141    39    31    52   118    38    63    81    98     5   162   168    13   126    21     3    19   145    89   152    38   178    23     1    79   118   149    49    39   179   137   152   118    84    93    74    70    64   153    63    34    23   122    90    65     5    18    39    62    89   170   128   157    46    89    86    88   136    25    61    88   125    19    17   157   154   154    94    48    74    52   163   109   174   120   102   105   115   168    82   152    91    64   132   143    53    80    49    49    23    11    78   106   160   122   168    46    98   130    84   143    39   108    42   112    49   148    68   150   157    82   150    73    71    70   162   142   160     1   128    62   124     1   137   131    45   130    35    79    40    21   139   109   119    47    63   108   135   173    43   174    95    31    70    38   113    53    26   112    97    35   129   106   107    91   106    21    94   172    53    83   107    60    75    55    60    64   152    92    36   154    66     5    65   151     5   156   168   171   104    31    74    59    81   105   153   165    24    77   174   125    41    50    28    38   114   120    14    44    38   116   139    29    54    53    98   110    33    51    37   126   132    23    66   148    57    58    20   101     6    77    21    62   124    77   100   169    22    24    48   163   113    62    81    29   173   163   111   155    34   179   167    98   166   115    32   176     2   163   100    41    22   152     3   100    94    95   152   137   146   116    77    77    84    96    65    68    43    35    47     7   151   156   142   150    72    36   137   159   114   152     3    97    76   136    71    69    96   122   108   179    99    73    25   158    44    13   159    26    93   168    47   107    84    66    54    99    26    52    75   159    49   133    63    96    25    27   151   132    34    96    18    16    75    69    90   173    34   164     4   175   167    17    46    11   103   167    41   145    87    10    24   101    84   170    98    78   143    97   150   122   137    39    65   123    14   127   164   121   158    31   149    19    13     8    71   156    83   158    67     3    89    87    66   139   163   119    31   164   143   149    56   118   142    92    67    26   148   139   143   141    39    53     4   146    95    79    52     7   180    22   151   102    40   109    97   176    35    77    93   138   162    74   161   178   126    94   162   163   174     1   150   112    52   110     7    23    43    91    85    17   178   145    47   117   146    20     9   136    61   141     5   117    89    74    16   132   118   149   120   108   124    32   119    13   149    26    60     8   136    86    17    59   136   126    29    73    69    39   103    94   167    64    75    67   167    23   124     5    32    29   168    79   177    43   158    38    19   148   158   156   104   142    44   163   162   160    56   117    73    49   139   103    71    25     9   129   142   124   180    48   142    86    95    97    74   106    48   129    46   167    48   156    20   135   167   144   166   136   115    61    53    53   163    92    84   101    49    96     4    69    34    71   100    88    69   107     6    24    90   131    70    57    14    96    26   138   155    50    26    33    30    87    81    22   180   161    62    66    60   136    10    91   139     5   142    11   113    32    47   128   166    52    81   100    78    41    11   101    92   106   142    95    24    66    52    22   116   147    23   114     4   100   151   165    32    27    87    33    59   112    81    81    24    72    97   133   131    47   152    30    27   132   119   159    12    68    10    87    21   161    34    47    21    39    47   135   119   107    67    61   149   173   146    35   172   174    22   118     1    16   153   167   101   106   150    33   144   101   177   104   103    88   102    67   154    99    93    82   127   116    13    67    90   115    20   148   147    83   157    97   102    44    86    27   114   129   159    53   152   127   148    33    84   109    66    35   138   126    45    36   151    49    79   165    19   142   163    37   143   119     2   128    82     8 
   85    92    34    28   122    59   172   169    82   168    60    78   142    84    54    64    21    87    80   120    20   174    17    88   157   115   144   103    33    98    98   172    29   152    34    35   147    79   176    60   112    33    47    11   169   172   119    74    61    42    95   168    80    57   110   141   152    19   119    36    86   144   145    35   151    22    46    44    18    22   173   115    73    81   149   150   104   160    20    95    44    67    29    47    77    88    61   143    55    94   156    67   127   162   113   180    41    55   175   167   109   149    75    69   118   117   111   131    44   129    25    51   100     1   129   123    94    25   172    84    22   123    81    52   147    33   166    87    52    80    31    41    99   175    47    55    91   120   104   150   130    87    40    63    17   135   122    46   174   149    65   146    89    35    38    26    99   123    64    94    87   163   111   114    79    67    16    28    23    46    38    21    16    81   155   157    86    19    93   173    39   124    29    10    14    37    90   134     4    33    30    51    21   114   159    17    76   102    70   174   177   101    32   156    72    60    68    91   119   101   155   126   169   122    91   129   102   125     4    65   100     9    42    32    36   137   103    33    15    37   114    22    47    73    36   113   146   142    35   146    50    98    17   115   180   124   179    85     3    55    18    65   163   144    70   153    96    10   170   136   119    58    61   162   136    26   173   155    17   105   106   121   111   126   118   178    37    35    84   159    66    81   143   166    40    15   142   142    12   115   135    67    33    59   138    35   169     6   103   178   139   155    23     1    27    62    49    68    30   128    17   114    55   136   163    68    49    53   115   114   113    69   172    30   108   107    76   104    17    76   144   160    62   109    20    71    56    33    29   152    28   153   108    44   153    14   142    10   118   142   173    22   147    67   116   151    30     4     7    71   123   122   112    10    92   167   173    34   113    58    50    29   131    99    15    49   111   114    34    43    28    27   115   164    57    23   122   124   111    31   171   160    55   172    41   105   137   168   175   158    65    96    45    73   157    59   108    50    35    46   139    81    66   110   118    18   133    89   102    48    92    99    41    18    52    23   167   114    52   156   111   140   101   175   161    81    78     5   171   142    58    42    11   113     1    37    98   139    51   129   159    99    32    36   177    58   171   103   120   122   167    70    99    57   103   175    40     8    82     2   144    57     6    32   178    30   176   133   123   130    11    98   136   122    84   138    51    19   115    53   168    75    78    27   115    17    55   146    62    99   125   167    12     1    30    43    62   123   177    16    57    24     8   132   150    50   135   103    12   156    41    88    77   177    40   165    12   154   101   102     2    22   161    79   168    75    16    42   119   144    69   132    50    66   162   103   111    84   123     4    93    21    34    40   151    75   157    41   168    77   119    51     8   144    36    63   137   130   171   141    99   140    28   123   126    47    37   160   180     3    64     1    80   178   178     4    21   150    79   145   171   146   125   144    85   171    71    53    91    91    28   173   125    41    12   168    13    15    41   160   180    96   174   130   148    92   178   136    63   150    91    80    58   146    47   160   155    66    59   174    20   110    76    30   120    80   119   132    96    60    49   155     1     9    55    13   118    25   154   177    18   151    76    68   170     2   157   152   161    81    60    18    71   105    74    79     7    52   168    64   143   145   102   165   138   124    41    81    56    13    27    34   110   160   138    63    59    28     6     6    80   166    71    44   136   176    18    68    91    21    46   157   168   147   134    47    59    61    95    53    50    41   126     6    74   171    97    29   158   134 
  132     9    44   160    34   143   167   105   148   120    23    97    87    10   106    84    41    27   114   169   130   128   159   120    64   139   169   161   131    97    65   140    92    88   110     1     2    54   106    28    35   135    51    11    13    58   169   163    41   135     6   165     2   146    30    58    90   147    98    42   110   137   168   167   151    10   109   141    17    39   133   137   177    52   173   137   151   174    71   113   159    15    28    39    86   144     2    22    41   171    43    98   113    28    24   104   100   135    97    50    79   121    66   176   100    88    86    71    71   153   110    10    78   168   104   103    19    84    35    22    91    76   177    51    86   149     7     4    97    26     2    99    18    63   177    24    55     2   145     4    98   101    44    62   119     6   171    46    95   179   136    11    13   168   122   135    56    55   128    41   117    64   108    94   161   161   179   104    94    21   129     8    17    99    58   118   178     9    26    62   132    99    62    69   101   158    18   158    69    90    77    70    44    47    89    23   117   165   174   177   112    31   157    80   121   169   120     2    47   170    80   117   113   154   123    17    28   139    78    69   104   174   146    44   127   107     2   144    35    50     6    79   102   112    17   102    59    81    43     7    10   117   167    99   140    33    39    21    15    94   161    11    73    39    84   173    72    99     5   137    43    80    64    16    83    38   122    65    23     5    29    59    74   127   160    43    15    40   136   125   174   158    16     2    75    55    65   128    77   153    78   154   164   144    75    81   109    68    77    11    75    18    63    59    94    82   117   131    20    54    26    99    78   145    82    33    74     3    38     1   117    55    81    62    37     8    97    51    96    98   127   112    91   129    16   150    31    56   106    93    49    87    10   144    88   115   155    72   143   146   167   151   112    29   154    99   101    12    93    24    76   124   165    25    32   136   119   179   129    23    80    23     1    12   156    68   155   164    13    45    28    71   169   176    37    78   123   120   116   170   149    96    38    25    79   127    81    52   173   120    73   140   113     7   159    49   140    43    19    83   167    48    35   172    59   100   123   125    84   128   166    32    74    58   128    19    28    63   146    95   137   160    18    58     8   156   177   177    90    19    84    38   110    40   101    64   165   101   102   179    30   180   173   101   140    58    17    34   165    40     6   177    37     4    32   173   174     1    37   152   177   158    40   115   141   118   139     8   154    28    22   107   110    62    21   179    48     5    60   158    20   134    93   141    52    39   158     3   173   125    30    70   148   153    60   127   129    60    37   155    38   147    35   144    26    64   160    16   173    54    10   106    13    13    66   118   146    97   167    45    47   106     8    91    59    78    19    25   132    59    22    41    98    65    31   142    72    41   175    74    36   113    45   147   117    42    95   116    33   125   150    17    39     1    83    17    32   137   167    88   142   126     4    21   179    99     6    34   138    23    51    55   101    85   128    24    69   136   115    68    71    75    60   125    12   148    33    37   108    71    55    70   144   145     4   122    63   178    74    96    16   116    74    37    85    12     4    71   124   178    40     7    54    74    97   104   153    66    90   146   146   180    52   154    90    95    90    70   159   171    21   145     5   146    54   100    59    45   166   170    22   164   124    21    83    39   178    66   145     5   176   180    11    58   165    56    92   103    32    75    28    33    19   122   165   126   156     4    41   141   155   130   165    84   122   126    18   133   126    56   104    16   101   152     5    70    14    16     6   163   180    45   131   118   168    46    14   102    12   121     9    10    44   174   110   149    47     9    38    92 
    1    15   129    87   132   144    35   172   175    76    72   131    99   133   115    38    16   171    67    52    28    59   177    25     2   158    79   119    19   156    81    52    67   172   125    91   168   155    16    89   119   104   121    43    17    95    32    37    24   113   164    31    65   113    16    33    60    13     7   122    68    45    47   175   100     4    38    53   130    94     1    39    77   167   162   175   111    83    73   113     3   119    45    79   173   152    33   157   138   180    98    33    86    10   143    78    27     7    46   123    37   124    60    63     1    10    95    55    24   144    80   174    71    32    34    47    51   151   144    56   141   174    87   180   109    40    74   120   176     8   134    76    31    20    19   115   131   128    46   111   144   163    53    20     1    23    87    33    97   171   140   102    69    60    77   137   150     4   168   151    82    64   151     3    41    36   124    78    96   145   138     6    29    92   113   167    47   141   111     4    18    17    98    33   149   103   112     7    62    27     7    90    16   113   166   106    93    48    37    11   107    67    90    53    42   135    57    34     4   172    18   173     7   153   117   147    90   113   166    34   113   146   176   123    67    66    14    50   147    16   147    55   164   151   109    17    70   104   130   115   125    36   108   168    51   148   167   133     6    43   122    81     1    24    92    52   117   125    87   174    85     3    24   171   110   172   122    45   162    92   101    42    38    90    60    61    58    86   178   130   152    93   165     5    57   105    84    65    18   129    34   144   119    12   119   158    94   123    21     5     1   110   150   173    66   148    37    13    52     3    14    37    49    50    76    71   121    44   162   113    45   133   118   118    18     8   174    58     5    31   159    82   167    50   135   138   122    74    22   110    45   141    62    47   108    58   137    12    63   176    47    21    36   107   143   177    77    94    23    74    42    26   127    12   148   173    69   141    40   111    65   167   116   163   134   173   109    33    63    73   125   149   110   162    46   148    45    61   140    88   164   124   157   136    66   117     6   133    33    58   138   176   160   138    41    11   133   175    51    83   152   140    37    74    90   118    14    87    26    27   106    22   110   102   123   137   143   166    17   150    69    65    98   159   104   148   164    16    90    30    38    64    62    43    52   165    17    71    84    48    84     8   103   149    83    94    11   174   173    37     5   164    24   114   107   116    48   125    63   177   167    30   151   175   158   156    35   120    96    11   174    68   111    23   137   180   164    62   134   129   102   153     7    35    31    39    60   104    14    65    83    54    65    87    26   126   105   111    76   114    83   102    65   101    92   136    47   175     7    49    35   123   169    50   139    92    15    34    85    65     8   128   135   155   150   121    53   122   121   154    62    31    20   101   142   120   102   175   168    43    45   157   106   113    73   127   137    98    97    73    32   106    17    52   145   115    14    74    52   111   163   117    81     4    61    23    36    35   178   159     2   167   169    54    79   112     6   124   101    40    17   172    68   120    96    60   172   179    91    40    10    65   128    78    30   141    80   116    35   153    74    50   166   103   137   154    96    64   130    35   134    96    38   149   142    60    75   149   113   140    24   142    56    95    34   152   129   103   179    25    31   129   138    57    83   128   165    14    52    57    20    22   170     3   161   141   143   142   139    70    66   123   162    30   104    15    52    48    20   127    58   161   168    90   160   122    79     9    21   111     5   135    23    80    72     8    81   131    83   124    53   124    94   151   174   180    83    13   141    56   109   111   157   156   155    12   165   152    14   103    17   168    77    25    34     3    60     5   167   100 
  146   172    44    97   138    25   168   115    24    33    12   180    40    21    43   146    57   150   175    43   149   171    14    48   145   123   116   175   105   166   140   171   144   145   118    51   107    27    38    86   167    50    66    75    91   127    84   161    65    62    55    41    59    40    22    60   112   100   105   173    83    78    21   139    11   167   106   140   156    78    39    69    64   165    11    47    65   146    48   174   118     9    17    74    70   136    10    42   110    29   174    81    72   168   155    45   105   145    51   129    52   134    60    78    70    52   150    77   153    56   171   101   137    98   125    31    10   172    16   164   113   129    25    73    55    18   165   111    91     8   142   138   132   171   167    11    10   157    80    82   149   114   107   138    39    31   158   129   131    77   100    56    63    50    21    11    30    48   123   104     7     6    53   164   120   135    73    55    65   116     8   172    82   163    16     4    66   165   124   132   105    65    84   174   121    58    55   170    70   162   151    21   118    19    44    58    69   176    52    66    57    37   156   134    12   152    71    35    76   173    73   174    70    21    60    82    66    97   168     5    40   109    56    44   105    41    65    36    77    93   144    31    81    44    22   108   175   155     7    32   112    89    41   159    98   155    72    38   152   149    75    47   122    50    21   136   139   171   175    70   127    55    59   161    25    37   103    46   116    10    55    55    46    76   143   166    87    27   155   137   105   157    48     5   110    63   131   166   149    23    28    60   109   104   151   139    31    41    82    91   141     1    47   119   137   176   179     3    16    25   171     3   161    98    47    49    48    46    69   118   144   159    38    24    79     4    41   123   109   131   124    87    48   138   158   148   174    59   140   136    81    72    48    99    94    63    35   105     4   148    39    79    99    26    61   169   127    35     3    97    86   134    31    45    64    97    54   114    20   172    98    33    69   129   133   159   127    74    63    66    99     6   127   164    56    49    53   175    30     1    64   168    49   132    31   178    19    71   102    81    14   169   178    58    97   105   152    10   161    18    34    23    17    55    93    90   108   170   143    82   158    19    66    99   111   123    84   154    46   158    86   116    92    59   140   159    62   179   160   119   123   178    26   142   168    11    56    59    90    28    53    29   159    58    96   166   138   123   123    27   136    71   126    74   115    99   157    64    51   159    47    22     2    96   171   158   137   133   100    98   135    33   159    87   101   138   137   121    65    89    94   156     2    46   134   124    50   151   114    20    75    58    36   156    27    24    52    79    35    17    16   150     6    43    80    68   134    73    45   110   176    78    68    22   159   124    32    83    10   109    15   149    12    64   170    24    81    20   156   128   171    81   143   176   154    43    38   127   131    13    31    88    88     5    78   154    51   176   108    26    80    57    23    53    40    48    54    38    25    94    17    64    43    25    31   140    66    89    60   107    48    97   143    40    18    44   106   144   140   114   172   164   139    36    13    14   135   166   133    66    79     7   153    63    98    17   175   168    73     5   122    87   178    76    81   169    50    22   149    29    20    39    93    13    50   130   113   168    42   128    19   108    87    12    78    62    39   148    36   122   125   168    68    85    52    35    64   130    34   131   172    69    92    41    50    16     4   127    76   101   173   113    81   132   161   125   107    98   128   177    54    93   156    34    85   180   106    14    35    38    84   173    65   123   136    67   150   132   119   131   180    44    49    78   141   103   137    26     5    19    79   110    19    88   159   111    23    26   126    49    72   115    86    81    82    35    54    84    26   161 
   31   172    22    67    73    58    63   149   156   111   108    54    80   155   129   142    35     6    17   106    64    47   101   119   136    96   167   153   106    39   135    35    48    39    26   108   165    63   137    67   131   119   120   154    55    64     1    33    90   148    84     4    88    41   167    97   120    19   146    59    23   152     1    54   113    71    54    14   114    84    57    69     3    48    80    98    75    98   101     2    89   163   125   119   108   148   120    35    79    13   113    65    12   128   135    25   137    40    17   149    48    71    35   126    57   141    41    39    61   146   171   102    69     6   176    68     7   158   161    53    98   139    17   114   172   164   107     5   103    76    19   128   103   120    55    50    36   152     3    13    34   177   175    25    14   123    52    11   154    77   108    78    69   137    10   119    80    77    85   136    48    67    63    83   145   117    49   115    59   138    45   155    77   132     2     2   146    34   126   109    88   110    51   152    55    57   111    95   152    39    86    59    73    40    69    80    50    14    16   153    41    27   100    87    66    56    93    81   132    72    91    19    58    21    14   112    39    19    57    77   156   172   118    79   104    34    46   102   143   104    78    67   109    50   108    46    21   108    73    51   139    47   130   122     7   136    18   168    57   151    83   104    27    75    44   120   152    81     5   179   138   136    63   175    72   102   109   136   168   164     9    83   107    32    38    18    38   144    88   131   126    31    27   112   131    24    38    37    70   140    16   150    47    63   162    62    46    40    44    85   116    32    54    63   162    45   136   109    11   116   158   141    23    29    97   147   158    44   149   179   106     4   158   179   105    11   158    12    42   173    72    18    94   175     8    11   114    64    89    76    73    96   138    58    64    71   141   131    39   114    79    79    71   122   145    22    23   160    87   127    14   117   102     5    99   112    69   161    37    40    98   160   113   121    87   149    52    61     6    38   103   158   128    97    50   133   147     4   131   129   151    87   160    79   156     6     5    68    93    83    82    59   164    58    92   171    35    32    76    25    32    51    14    33    72    96   157    91    89    21   155    39    52     1   148     2   107   156    15   107    27   162   135    18   125    24    39     1    98   130    95   176   167    29    97    15    91    60    11    94   129    49   118   125   119    81    38   125    21    28    94    16    48   126    45    25   140   143    47   163   114    36    98   175   148   179   124   178   123     3   128   129    14   120   129     2    20    67    46    43    98   157   133   119    17   131    98    11    62   100    44   172   179   180   173    49   106   161   117   143    94   110     5    24   164   166   178    23    81    95    73   127    30     8    76   122   101    44    94   102    94   180    11   160   151    66    99   168    81    26    30    40    76    25    98     6   108    19   105     5   131    45    50    61     5   123    73     2   173   106    37    71    45     7   173    32    96     9   115    31   176    20   136    54   116   101   155     2    48    71    20   117   170   134     7    94    71    73    31   111    20    47    61    36    19   107   165   180    68   130   133   110    90   145   140   161    11    89   122   148   116    95    46    14    80     8    40   107    86    98    26    13    39    67   112    95   111   120   137     2   129   170    45    16   142   172    48   173   121    40    31   170   116   177    49   177   126    67    23   108    27    19    64   112   133    87    75    39   158   160   178    90    29    47    39    19    22    50    23    14    45   100   124   112   142   178   141   163    74    29   104    74    61   154   149   124     1    98    27   120    76   156    44   144    68    54     2   127   168   121    20     2    90    52    49   162    36    10    97     4   150   131    56    25    27   178   144    51   108   129 
 0.00  0.25  0.38  0.26  0.38  0.35 
 0.25  0.00  0.32  0.23  0.38  0.28 
 0.38  0.32  0.00  0.29  0.26  0.34 
 0.26  0.23  0.29  0.00  0.33  0.34 
 0.38  0.38  0.26  0.33  0.00  0.24 
 0.35  0.28  0.34  0.34  0.24  0.00 
