60 12
2
     18218
     18459
  3.4  52.3  45.8   1.8
  2.8  32.3  17.4   2.3
  4.6  52.6   7.7   2.1
  4.2  43.9  83.1   2.0
  3.4  51.1  70.9   1.8
  2.7  61.2  82.2   2.4
  3.2  65.6   5.6   2.0
  1.1  62.4   7.2   2.4
  1.0  54.3  16.2   2.4
  1.4  48.6  13.1   2.3
  4.9  25.9  39.8   2.5
  3.5  34.5  28.3   2.5
  1.4  45.6  33.0   2.3
  2.4  18.1  55.5   2.1
  3.6  27.2  18.0   2.0
  4.5  27.4  23.3   1.6
  1.1  43.0  27.6   1.7
  3.6  46.7  62.0   1.8
  1.0  43.9  13.2   2.0
  3.6  58.5  54.0   2.1
  1.3  30.7  89.9   1.6
  1.3  18.6  46.1   2.4
  1.3  58.5  64.0   2.5
  1.7  15.9  60.6   1.6
  2.3  20.7  94.5   1.7
  3.1  62.6  55.8   2.2
  2.9  72.2  24.6   1.7
  3.1  40.3  86.8   2.1
  4.7  69.7  51.7   1.9
  3.8  60.7  70.6   1.5
  1.8  62.7  22.6   1.6
  4.9  21.8  83.2   2.1
  2.1  27.8  87.7   1.8
  3.3  60.5  86.1   1.5
  4.6  22.3  66.6   1.6
  3.6  24.6  16.1   2.1
  4.9  71.5  70.5   2.5
  3.5  74.4  48.6   2.2
  4.8  74.5  49.4   1.9
  2.7  56.4  30.3   2.3
  3.0  38.0  50.4   1.5
  3.9  43.2  15.6   1.9
  2.9  31.5  44.1   1.7
  1.4  26.7  91.2   1.9
  4.3  62.7   9.8   2.3
  2.2  65.1  21.7   1.8
  1.4  15.1  44.2   1.6
  2.3  72.4  90.0   1.8
  1.6  57.8  91.5   1.6
  4.9  70.3  17.5   1.7
  2.2  55.5  25.8   1.6
  1.9  40.1  48.1   2.3
  5.0  37.9  48.2   1.8
  1.2  61.5  11.7   1.7
  2.2  30.7  84.6   2.1
  4.5  44.6  62.9   1.7
  2.3  24.9  22.3   2.1
  3.0  21.5  81.4   1.7
  1.9  68.3  14.1   2.2
  2.7  23.7  21.9   2.1
  2.6  18.2  40.3   1.9
  2.0  58.3  87.1   1.6
  1.6  63.7  34.8   1.9
  3.1  23.9  43.5   1.6
  2.8  60.7  12.4   2.2
  1.6  60.2  45.9   1.8
  1.0  44.3  66.0   2.3
  4.4  60.3  67.0   2.4
  1.2  41.6  84.7   2.3
  1.0  66.6  73.0   2.1
  4.2  59.8  81.4   2.4
  3.2  38.8  39.8   1.9
  1.1  73.3  63.1   1.7
  2.5  68.8  14.3   2.3
  4.8  69.6  56.8   1.8
  4.0  53.9  75.3   1.6
  1.3  73.3  44.5   2.5
  2.4  74.5  57.3   2.5
  1.1  51.9  85.1   1.8
  1.4  26.4  91.2   1.6
  2.0  73.0  13.2   1.7
  4.3  24.6  21.7   1.7
  3.4  50.8  37.3   2.1
  3.7  31.5  36.3   1.5
  2.0  36.1  18.8   2.4
  4.7  48.5  50.0   2.4
  4.7  60.7  79.2   2.3
  2.9  61.7  78.1   2.1
  3.5  41.0  39.7   2.3
  4.5  74.9  78.1   2.5
  3.0  57.2  69.2   2.1
  2.4  40.9  62.1   2.0
  4.5  70.0  45.2   2.2
  4.4  29.8  89.9   2.1
  2.1  69.0  58.4   1.9
  4.4  50.8  55.2   1.7
  3.3  60.9  51.3   1.9
  4.4  42.2  91.9   2.3
  3.6  72.5  72.8   2.5
  2.9  44.1  52.0   1.6
  1.4  72.1  34.6   1.5
  1.8  20.5  43.9   2.4
  3.7  22.2  16.1   1.6
  1.6  63.1  91.3   1.8
  2.3  55.3  62.5   2.2
  4.8  19.6  47.2   2.4
  3.1  59.6  48.0   2.5
  1.4  28.1  70.4   2.5
  5.0  17.4  16.0   2.3
  2.2  38.2  83.2   1.6
  1.4  57.6  73.8   1.9
  4.3  38.4  34.1   1.6
  3.4  74.7  68.9   2.1
  3.1  73.8  70.0   2.4
  4.6  74.3  87.8   1.9
  3.9  22.2  45.1   2.3
  3.6  62.3  42.3   2.1
  3.5  40.0  24.2   2.2
  1.5  62.9  67.7   1.9
  1.0  64.7  49.7   1.6
  0.2   0.2   0.3   0.4   0.2   0.3   0.4   0.4   0.2   0.2   0.3   0.2   0.3   0.2   0.4   0.3   0.3   0.3   0.3   0.2   0.3   0.4   0.3   0.3   0.3   0.4   0.2   0.3   0.2   0.2   0.3   0.4   0.3   0.2   0.3   0.4   0.3   0.4   0.2   0.2   0.4   0.3   0.4   0.3   0.4   0.3   0.3   0.2   0.2   0.4   0.4   0.2   0.4   0.3   0.2   0.3   0.3   0.2   0.2   0.3   0.3   0.3   0.3   0.2   0.4   0.2   0.4   0.3   0.3   0.3   0.4   0.3   0.3   0.2   0.4   0.2   0.3   0.3   0.2   0.2   0.3   0.2   0.2   0.3   0.2   0.3   0.3   0.3   0.3   0.4   0.2   0.4   0.2   0.4   0.3   0.2   0.2   0.4   0.4   0.3   0.4   0.3   0.3   0.3   0.4   0.3   0.4   0.2   0.4   0.4   0.3   0.2   0.4   0.4   0.3   0.2   0.4   0.3   0.4   0.2 
   42    57   150    92   155   134   136   165    91   137   170   142    10   143     3    67   107   105    17    16    99   114    98    60    33    15   151   177   168    99    19   126   152   103   129   158   158    29    92    22    57    78    22    82    20    17   114   125    47   104   107   122    64   112    53   138    48    68    31    98    13   158    54    93    86    87     8   164   100   133    71    17    44    85   144    60    18    66   168    49     6   109    51    66   112    39    28   173    29   150    79    71    92     4   132    89   142    12    46   123    53   111    78    52    84   111   178    60    22    24   127    77   121   110    86    71    34    53    94    60 
  134    60   109   166   173    79   106    71   129   161    38    34   148   146    33   159    18    66    31    68   159   177    49    29    58    13     4    49   173   147    74   117   105   145    97   103   178    53    85   123    35   171     6     5    87    55     5    40    74   150   146   134     7   128   126   106    14    52   149   158   104    49   127    93    35   111    43   142   126    37    70    79    61    14   156   179   146    90   123    78    54   153   136   130   121   149    82    58    84   109    70    61   112    19    42   127   156    85   106   157   173    55    93    28    55    65    83    63    56    95   160   162    75   167    91    61   142   166    39    40 
  167   157   172   136   128   117    82   154    88    83   144   166     9    49   177   118    34    19   153     9    50     7    98     2    53   111    68    66   133    79    71    82    86    94    20   125   128    94    24    14    67   139   118    41   149    36    76    42    71   102   140   164   135   127    25   152    72    93   105   137    67   128   172    72   110    96   100    22    53   120   101   107    66     5   174    63    26   158    55   141   104    36    11   172    55    13    19   171   106   111   166   105   112    24    46   108   105    78    58   108   112    46   174    70    55   150    81    64   102   170    74    28   159    64   128    98    84    12    54   154 
  139    27    40    23    54    95   177   120    69   178    26    43    31   164   151    79   141    23   103    34    17    18   178    77   148   101   112    44   123    71    30    85   126   158   161    19   110   147    89    27   169    50   158   104   116    29   122    75    18    20   159   157    17   118   162   153    21    30    81    83   177   151    50    99    74    74   141   168   108    20    48    28   104   168   162    26   159   100    72     8   126   119     9   107    20    87   141    24   159   151   147   115    58    49    92    74    54   143   106    63   121    46   137    29   179    16   117   112    20    42   144   107   166   140    93   121   109    44    34   139 
  144   160    60   169   103    48    29    76   120    94    33   145   139     8   156     9   171   127    50   144   116   159   145   126   148    31    64   134    87    86    48    45    90   108   104    11    16    42    41    62     5    19   171    98    69   121    75     4    28    93    32     7    81   172   122    97   124   147    63   153   105    88   173   115   126    57    93   109   135    67    50     7   142   150    18   130    62    25    98    27    87    47    61    74    68    16   152    10   148   149    38   164   107    99    80   175    39   157   164   103    50    16     5   157   116    84    95   111   121    61   161    20    75    35   133   103   109   114   132   139 
  171     8    82    60    75    29    18   104     7    83    73   115   146   165    11    52   159    36   173   135   100    17    69   129   142    88    96   105    33   158    26   137   134    42    69   177    71    70   167    68    43   170    69     1    57    73   157   108    63    53    29    83   118     1    37   144   171    57    31    50   179    43   107   161    14    90    14   168   169   128   107   178    14   101   108    71    74    99   141    78   175     3    27    60   166    43    45   111   116   156    96    19    53   138   141    84   117    55    84   152    84    36    39    30    87    51   172    44    56   178   180    86   119   144   125     4    81    41   129    55 
   97    55   108   131    26   160    91    60   166    39   127    74   158    95    21    87    93    89   144    91   127    63   129    69   112   139   131    31   139    77    13    50    51    29    46   178    96    65    26   172   100    20    71    32    88    96    90    24    52   126    21   129    65   110    41   153    35    42    65    40    33   117   108    18    26    47     2    31   123    97    12    67     1   112    89   144   132   128    99    14   169    21    37   132    61    75    60   178    34   109   145   163   161    88    25    11    92   160    88   114   151   176    69    86   122   121    65     7    32   127    54    40    73    54    86    84     4   126    45   136 
   93   124   101    36    60    83    78   114    19   109    75   174    82   170    62    94    45    29    65    53    29    23    17    20   110    42    55    13    93     4    71   179    38    59    95    73   172    40    29   150   157    82    32    15   172    81   172   116    44    69    44    50    68    36    62   147   149   131    24    80    87   119   106    81    77   156   137   107   150   164   167   135   104    52    79   103    13   105    75   115   178   148    65    28    66    89   109    32   110    55    41   103    85   127     6    98   134    10    60   179   105    70   146    29   146   180    58    44    74    21   147    97    49    75    45    72    40    49    64   108 
   63   151    24   110    96    93   114   105   107   164    40    62   134     6    60    39   100   131    62   163   157   135     2    23   129    33   107   152    79    25    81    67    89   116   162    27    68   126   160    71    99   147   120   122   167    98   148   117   147   112   155   102    75    59   111   149    95    40   108   120    81    65   117   118    92    40   142    71   167    27    50   130    41    87    59    50    92   135    83     3    53    52   117    59    59    31    43   178    66     7    59    62    62    60    55    65   134   101   174    18    99     5    38    86    53   159    36   134    33   172    70    61   145   111   149    84   106   149    60     2 
   40    40   137     5    37    19   136   134    42   108   133    65   107    65    99   143    40    98    58   172    55    78    81   171   179    87    91    49    24   105    59    14   159   123    75   103    68   109   180   107   145    50    53    13    19    11     9   161    90   153    89    36   174    56   151   157   143   112    65    14   128     5     7   128    11    70   135   132   149    66   166    72   129   134   156    30    25   115    83   130   153    95   136    88    40    40    19    10   166   121    50     5   178    63    38    52    65    77   118    15    20    23   137   127    31    92   147     2   111   157    20    10   124    83    82   120   147    84   155   120 
   42    77   124   145    23   111    54    35   157     8   120    66    66   145   132   149   126     1    38    72    31   143    71   149     7    21   167   179   160   148   130    73   107    49   106    94    93   133    56   113    25    47    13   176    58    15     3   120   141    64    19   101    34    12    13    21   149    77   126    40    15   135   120    61    61    53    48    37    19   166    35   175   127   132   119   153    71   161   128    87   136    54    96   116    17   136    67     2   117   126    52    75   132    16    13    62   156    35   105    80    94     1   118    39   168    10    73   100    32   121   152    88    94   145   172    40    26   118   150   114 
   64   179   103   165    36    59   164    10   139    61    51   124   135    35    72    11    80     9    26    51    87   139    75    67   164    72    60    46    88   176    38    94   142    14   132    23    50   115   103    20    18    39     4    28    22   160    98    52    77    37   180   114    52   143    77     5   180    87   144   172    71   114    68    49   130    60   137   155   111    68   104   111    62   123     9    27   157    38   133    65    63   107   103    61   143    35   134   150    79   135   164   169   103    44   149    26    99    75    71    80   128   125   133    90   134   136   126   111   180     3    92    25    81   140    44    27    73    24   157     2 
 0.00  0.28 
 0.28  0.00 
